4.3056
4.0047
3.6896
3.3797
3.0885
2.8251
2.5982
2.4168
2.2847
2.197
2.1423
2.1088
2.0875
2.073
2.0623
2.0537
2.0464
2.0396
2.0333
2.0272
2.0213
2.0154
2.0095
2.0037
1.9978
1.9919
1.986
1.98
1.974
1.968
1.9619
1.9558
1.9497
1.9435
1.9373
1.9311
1.9249
1.9186
1.9123
1.906
1.8997
1.8934
1.887
1.8807
1.8743
1.868
1.8617
1.8553
1.849
1.8427
1.8364
1.8301
1.8238
1.8175
1.8113
1.8051
1.7989
1.7927
1.7865
1.7804
1.7743
1.7683
1.7623
1.7563
1.7503
1.7444
1.7385
1.7326
1.7268
1.721
1.7153
1.7096
1.7039
1.6983
1.6927
1.6871
1.6816
1.6761
1.6706
1.6652
1.6598
1.6544
1.6491
1.6438
1.6386
1.6334
1.6282
1.623
1.6178
1.6127
1.6076
1.6026
1.5975
1.5925
1.5875
1.5825
1.5775
1.5725
1.5675
1.5625
1.5576
1.5526
1.5476
1.5426
1.5376
1.5325
1.5274
1.5223
1.5171
1.5118
1.5065
1.5011
1.4956
1.4899
1.4841
1.4782
1.472
1.4656
1.459
1.4521
1.4448
1.4371
1.429
1.4204
1.4112
1.4014
1.3908
1.3794
1.367
1.3536
1.3391
1.3232
1.306
1.2873
1.2671
1.2452
1.2215
1.1962
1.1692
1.1407
1.1107
1.0795
1.0473
1.0144
.9812
.948
.9151
.8828
.8513
.8209
.7917
.7637
.7372
.7119
.6881
.6655
.6442
.6241
.6051
.5872
.5702
.5542
.539
.5246
.5109
.4979
.4855
.4737
.4624
.4516
.4413
.4314
.4219
.4127
.4039
.3954
.3873
.3794
.3718
.3644
.3573
.3504
.3437
.3372
.3309
.3248
.3189
.3132
.3076
.3022
.2969
.2917
.2868
.2819
.2772
.2726
.2681
.2637
.2594
.2553
.2512
.2473
.2435
.2397
.236
.2325
.229
.2256
.2223
.219
.2159
.2128
.2098
.2068
.204
.2012
.1984
.1957
.1931
.1905
.188
.1856
.1832
.1809
.1786
.1763
.1741
.172
.1699
.1678
.1658
.1639
.1619
.16
.1582
.1564
.1546
.1529
.1512
.1495
.1478
.1462
.1447
.1431
.1416
.1401
.1387
.1372
.1358
.1344
.1331
.1318
.1304
.1292
.1279
.1267
.1255
.1243
.1231
.1219
.1208
.1197
.1186
.1175
.1165
.1154
.1144
.1134
.1124
.1114
.1105
.1095
.1086
.1077
.1068
.1059
.105
.1041
.1033
.1025
.1016
.1008
.1
.0992
.0985
.0977
.097
.0962
.0955
.0948
.0941
.0934
.0927
.092
.0913
.0906
.09
.0894
.0887
.0881
.0875
.0869
.0863
.0857
.0851
.0845
.0839
.0834
.0828
.0822
.0817
.0812
.0806
.0801
.0796
.0791
.0786
.0781
.0776
.0771
.0766
.0761
.0757
.0752
.0747
.0743
.0738
.0734
.0729
.0725
.0721
.0717
.0712
.0708
.0704
.07
.0696
.0692
.0688
.0684
.068
.0677
.0673
.0669
.0666
.0662
.0658
.0655
.0651
.0648
.0644
.0641
.0637
.0634
.0631
.0627
.0624
.0621
.0618
.0615
.0611
.0608
.0605
.0602
.0599
.0596
.0593
.059
.0587
.0585
.0582
.0579
.0576
.0573
.0571
.0568
.0565
.0563
.056
.0557
.0555
.0552
.055
.0547
.0545
.0542
.054
.0537
.0535
.0532
.053
.0528
.0525
.0523
.0521
.0518
.0516
.0514
.0512
.0509
.0507
.0505
.0503
.0501
.0499
