4.6371
4.39
4.1293
3.8776
3.6499
3.4504
3.2758
3.1216
2.9848
2.8642
2.7604
2.6744
2.6066
2.5561
2.5202
2.4956
2.479
2.4675
2.4591
2.4523
2.4464
2.4408
2.4351
2.4291
2.4229
2.4163
2.4092
2.4018
2.3939
2.3856
2.3769
2.3677
2.3582
2.3483
2.3381
2.3275
2.3167
2.3056
2.2943
2.2828
2.2711
2.2595
2.2478
2.2362
2.2247
2.2134
2.2023
2.1915
2.181
2.1709
2.1612
2.1518
2.1429
2.1344
2.1263
2.1186
2.1113
2.1044
2.0979
2.0917
2.0858
2.0802
2.0749
2.0699
2.0652
2.0606
2.0563
2.0522
2.0483
2.0446
2.041
2.0376
2.0343
2.0312
2.0281
2.0252
2.0224
2.0197
2.0171
2.0145
2.0121
2.0097
2.0074
2.0051
2.003
2.0008
1.9987
1.9967
1.9947
1.9928
1.9909
1.989
1.9871
1.9853
1.9836
1.9818
1.9801
1.9784
1.9768
1.9751
1.9735
1.9719
1.9704
1.9688
1.9673
1.9658
1.9643
1.9628
1.9614
1.9599
1.9585
1.9571
1.9557
1.9543
1.9529
1.9516
1.9502
1.9489
1.9476
1.9463
1.945
1.9437
1.9424
1.9412
1.9399
1.9387
1.9375
1.9363
1.9351
1.9339
1.9327
1.9315
1.9304
1.9292
1.9281
1.927
1.9258
1.9247
1.9236
1.9225
1.9214
1.9203
1.9193
1.9182
1.9172
1.9161
1.9151
1.9141
1.913
1.912
1.911
1.91
1.909
1.9081
1.9071
1.9061
1.9052
1.9042
1.9033
1.9023
1.9014
1.9005
1.8995
1.8986
1.8977
1.8968
1.8959
1.895
1.8942
1.8933
1.8924
1.8915
1.8907
1.8898
1.889
1.8882
1.8873
1.8865
1.8857
1.8848
1.884
1.8832
1.8824
1.8816
1.8808
1.88
1.8792
1.8784
1.8776
1.8769
1.8761
1.8753
1.8746
1.8738
1.873
1.8723
1.8715
1.8708
1.87
1.8693
1.8685
1.8678
1.867
1.8663
1.8655
1.8648
1.8641
1.8633
1.8626
1.8619
1.8611
1.8604
1.8596
1.8589
1.8582
1.8574
1.8567
1.8559
1.8552
1.8544
1.8537
1.8529
1.8522
1.8514
1.8506
1.8499
1.8491
1.8483
1.8475
1.8467
1.8459
1.845
1.8442
1.8434
1.8425
1.8416
1.8408
1.8399
1.839
1.838
1.8371
1.8361
1.8351
1.8341
1.833
1.832
1.8308
1.8297
1.8285
1.8273
1.826
1.8247
1.8234
1.8219
1.8205
1.8189
1.8173
1.8156
1.8138
1.8119
1.8099
1.8078
1.8055
1.8031
1.8006
1.7979
1.7949
1.7918
1.7884
1.7847
1.7808
1.7764
1.7717
1.7666
1.7609
1.7548
1.7479
1.7404
1.732
1.7227
1.7124
1.7009
1.6881
1.6737
1.6576
1.6396
1.6195
1.597
1.5721
1.5444
1.514
1.4807
1.4447
1.4062
1.3654
1.3229
1.2791
1.2347
1.1902
1.1461
1.103
1.0612
1.0211
.9828
.9464
.9121
.8798
.8494
.821
.7944
.7694
.7461
.7243
.7038
.6847
.6667
.6498
.6339
.6189
.6048
.5914
.5788
.5669
.5555
.5448
.5345
.5248
.5154
.5066
.4981
.4899
.4821
.4746
.4674
.4604
.4537
.4472
.441
.4349
.4291
.4234
.4179
.4125
.4073
.4022
.3972
.3924
.3877
.3831
.3785
.3741
.3698
.3655
.3613
.3572
.3531
.3491
.3452
.3413
.3375
.3337
.33
.3263
.3227
.3191
.3155
.312
.3085
.3051
.3017
.2983
.2949
.2916
.2883
.285
.2818
.2786
.2754
.2723
.2691
.266
.263
.26
.257
.254
.2511
.2482
.2453
.2425
.2397
.2369
.2342
.2315
.2289
.2263
.2237
.2212
.2187
.2162
.2138
.2115
.2091
.2068
.2046
.2024
.2002
.198
.1959
.1939
.1919
.1899
.1879
.186
.1841
.1823
.1805
.1787
.177
.1753
.1736
.172
.1704
.1688
.1673
.1657
.1643
.1628
.1614
.16
.1586
.1572
.1559
.1546
.1533
.1521
.1508
.1496
.1485
.1473
.1461
.145
.1439
.1428
.1418
.1407
.1397
.1387
.1377
.1367
.1358
.1348
.1339
.133
.1321
.1312
.1303
.1294
.1286
.1278
.127
.1262
.1254
.1246
.1238
.1231
.1223
.1216
.1208
.1201
.1194
.1187
.1181
.1174
.1167
.1161
.1154
.1148
.1141
.1135
.1129
.1123
.1117
.1111
.1105
.11
.1094
.1088
.1083
.1077
.1072
.1067
.1061
.1056
.1051
.1046
.1041
.1036
.1031
.1026
.1022
.1017
.1012
.1008
.1003
.0999
.0994
.099
.0985
.0981
.0977
.0973
.0968
.0964
.096
.0956
.0952
.0948
.0944
.094
.0936
.0933
.0929
.0925
.0922
.0918
.0914
.0911
.0907
.0904
.09
.0897
.0893
.089
.0887
.0883
.088
.0877
.0873
.087
.0867
.0864
.0861
.0858
.0855
.0852
.0849
.0846
.0843
.084
.0837
.0834
.0831
.0828
.0826
.0823
.082
.0817
.0815
.0812
.0809
.0807
.0804
.0802
.0799
.0796
.0794
.0791
.0789
.0786
.0784
.0781
.0779
.0777
.0774
.0772
.077
.0767
.0765
.0763
.076
.0758
.0756
.0754
.0751
.0749
.0747
.0745
.0743
.0741
.0738
.0736
.0734
.0732
.073
.0728
.0726
.0724
.0722
.072
.0718
.0716
.0714
.0712
.071
.0708
.0706
.0705
.0703
.0701
.0699
.0697
.0695
.0694
.0692
.069
.0688
.0686
.0685
.0683
.0681
.0679
.0678
.0676
.0674
.0673
.0671
.0669
.0668
.0666
.0664
.0663
.0661
.066
.0658
.0656
.0655
.0653
.0652
.065
.0649
.0647
.0646
.0644
.0643
.0641
.064
.0638
.0637
.0635
.0634
.0632
.0631
.0629
.0628
.0627
.0625
.0624
.0622
.0621
.062
.0618
.0617
.0615
.0614
.0613
.0611
.061
.0609
.0608
.0606
.0605
.0604
.0602
.0601
.06
.0599
.0597
.0596
.0595
.0593
.0592
.0591
.059
.0589
.0587
.0586
.0585
.0584
.0583
.0581
.058
.0579
.0578
.0577
.0576
.0574
.0573
.0572
.0571
.057
.0569
.0568
.0567
.0565
.0564
.0563
.0562
.0561
.056
.0559
.0558
.0557
.0556
.0555
.0554
.0553
.0551
.055
.0549
.0548
.0547
.0546
.0545
.0544
.0543
.0542
.0541
.054
.0539
.0538
.0537
.0536
.0535
.0534
.0533
.0532
.0532
.0531
.053
.0529
.0528
.0527
.0526
.0525
.0524
.0523
.0522
.0521
.052
.0519
.0519
.0518
.0517
.0516
.0515
.0514
.0513
.0512
.0511
.0511
.051
.0509
.0508
.0507
.0506
.0505
.0505
.0504
.0503
.0502
.0501
.05
.0499
