3.9953
3.859
3.7362
3.6196
3.5032
3.3821
3.2525
3.1117
2.9585
2.7949
2.6281
2.4714
2.3399
2.2424
2.1768
2.1343
2.1058
2.0854
2.0695
2.0563
2.0448
2.0344
2.0249
2.016
2.0076
1.9996
1.992
1.9846
1.9775
1.9706
1.9638
1.9572
1.9507
1.9443
1.938
1.9318
1.9257
1.9196
1.9137
1.9078
1.902
1.8962
1.8906
1.885
1.8795
1.8741
1.8687
1.8635
1.8584
1.8533
1.8484
1.8435
1.8387
1.8341
1.8295
1.825
1.8207
1.8164
1.8122
1.8081
1.8042
1.8003
1.7964
1.7927
1.7891
1.7855
1.7821
1.7787
1.7753
1.7721
1.7689
1.7658
1.7628
1.7598
1.7569
1.7541
1.7513
1.7486
1.7459
1.7433
1.7407
1.7382
1.7358
1.7334
1.731
1.7287
1.7264
1.7242
1.722
1.7198
1.7177
1.7156
1.7136
1.7115
1.7096
1.7076
1.7057
1.7038
1.702
1.7001
1.6984
1.6966
1.6948
1.6931
1.6914
1.6898
1.6881
1.6865
1.6849
1.6834
1.6818
1.6803
1.6788
1.6773
1.6758
1.6744
1.673
1.6716
1.6702
1.6688
1.6674
1.6661
1.6648
1.6635
1.6622
1.6609
1.6597
1.6584
1.6572
1.656
1.6548
1.6536
1.6524
1.6513
1.6501
1.649
1.6479
1.6468
1.6457
1.6446
1.6435
1.6425
1.6414
1.6404
1.6394
1.6384
1.6374
1.6364
1.6354
1.6344
1.6335
1.6325
1.6316
1.6306
1.6297
1.6288
1.6279
1.627
1.6261
1.6252
1.6244
1.6235
1.6227
1.6218
1.621
1.6201
1.6193
1.6185
1.6177
1.6169
1.6161
1.6153
1.6146
1.6138
1.613
1.6123
1.6115
1.6108
1.61
1.6093
1.6086
1.6079
1.6071
1.6064
1.6057
1.605
1.6044
1.6037
1.603
1.6023
1.6017
1.601
1.6003
1.5997
1.599
1.5984
1.5978
1.5971
1.5965
1.5959
1.5953
1.5947
1.5941
1.5935
1.5929
1.5923
1.5917
1.5911
1.5905
1.5899
1.5894
1.5888
1.5882
1.5877
1.5871
1.5866
1.586
1.5855
1.5849
1.5844
1.5838
1.5833
1.5828
1.5823
1.5817
1.5812
1.5807
1.5802
1.5797
1.5792
1.5787
1.5782
1.5777
1.5772
1.5767
1.5762
1.5757
1.5752
1.5748
1.5743
1.5738
1.5733
1.5729
1.5724
1.5719
1.5715
1.571
1.5705
1.5701
1.5696
1.5692
1.5687
1.5683
1.5678
1.5674
1.5669
1.5665
1.5661
1.5656
1.5652
1.5648
1.5643
1.5639
1.5635
1.563
1.5626
1.5622
1.5618
1.5613
1.5609
1.5605
1.5601
1.5596
1.5592
1.5588
1.5584
1.558
1.5576
1.5572
1.5567
1.5563
1.5559
1.5555
1.5551
1.5547
1.5543
1.5539
1.5535
1.553
1.5526
1.5522
1.5518
1.5514
1.551
1.5506
1.5502
1.5498
1.5494
1.5489
1.5485
1.5481
1.5477
1.5473
1.5469
1.5465
1.546
1.5456
1.5452
1.5448
1.5443
1.5439
1.5435
1.5431
1.5426
1.5422
1.5418
1.5413
1.5409
1.5404
1.54
1.5395
1.5391
1.5386
1.5382
1.5377
1.5372
1.5368
1.5363
1.5358
1.5353
1.5348
1.5343
1.5338
1.5333
1.5328
1.5323
1.5317
1.5312
1.5306
1.5301
1.5295
1.529
1.5284
1.5278
1.5272
1.5266
1.5259
1.5253
1.5247
1.524
1.5233
1.5226
1.5219
1.5212
1.5204
1.5197
1.5189
1.5181
1.5173
1.5164
1.5156
1.5147
1.5137
1.5128
1.5118
1.5108
1.5097
1.5086
1.5075
1.5063
1.5051
1.5038
1.5025
1.5011
1.4997
1.4981
1.4966
1.4949
1.4932
1.4913
1.4894
1.4874
1.4852
1.483
1.4806
1.478
1.4753
1.4724
1.4694
1.4661
1.4625
1.4587
1.4547
1.4502
1.4455
1.4403
1.4347
1.4286
1.4219
1.4145
1.4065
1.3976
1.3877
1.3768
1.3647
1.3512
1.3361
1.3191
1.3002
1.2789
1.2551
1.2284
1.1987
1.1657
1.1295
1.09
1.0475
1.0025
.9558
.908
.8602
.8131
.7674
.7238
.6825
.6437
.6076
.5739
.5427
.5138
.487
.4621
.439
.4176
.3976
.3791
.3618
.3456
.3306
.3165
.3034
.2911
.2795
.2687
.2586
.2491
.2401
.2317
.2238
.2163
.2093
.2026
.1963
.1904
.1848
.1794
.1744
.1696
.165
.1607
.1565
.1526
.1488
.1453
.1418
.1386
.1354
.1324
.1296
.1268
.1242
.1217
.1192
.1169
.1146
.1125
.1104
.1084
.1064
.1046
.1028
.101
.0993
.0977
.0961
.0946
.0931
.0917
.0903
.089
.0877
.0864
.0852
.084
.0828
.0817
.0806
.0795
.0785
.0775
.0765
.0755
.0746
.0737
.0728
.072
.0711
.0703
.0695
.0687
.068
.0672
.0665
.0658
.0651
.0644
.0637
.0631
.0624
.0618
.0612
.0606
.06
.0594
.0589
.0583
.0578
.0573
.0567
.0562
.0557
.0553
.0548
.0543
.0538
.0534
.0529
.0525
.0521
.0517
.0512
.0508
.0504
.05
.0496
