4.2383
4.1013
4.007
3.94
3.8894
3.8487
3.8139
3.7824
3.7528
3.7236
3.6941
3.6635
3.6311
3.5961
3.558
3.5159
3.469
3.4166
3.3576
3.2915
3.2175
3.1359
3.0476
2.9551
2.8621
2.7738
2.6947
2.6278
2.5731
2.529
2.4929
2.4623
2.4354
2.4111
2.3886
2.3675
2.3476
2.3289
2.3111
2.2944
2.2787
2.2641
2.2504
2.2377
2.226
2.2151
2.2051
2.1959
2.1873
2.1794
2.1721
2.1652
2.1587
2.1525
2.1466
2.1409
2.1353
2.1298
2.1243
2.1189
2.1134
2.1078
2.1022
2.0964
2.0905
2.0845
2.0783
2.0719
2.0654
2.0587
2.0517
2.0446
2.0372
2.0295
2.0216
2.0134
2.0049
1.9961
1.9869
1.9773
1.9673
1.9567
1.9457
1.934
1.9216
1.9084
1.8942
1.8791
1.8627
1.8449
1.8255
1.8042
1.7807
1.7547
1.7259
1.6938
1.6582
1.6186
1.5749
1.5271
1.4753
1.42
1.3619
1.3021
1.2417
1.1818
1.1234
1.0673
1.0141
.9641
.9174
.8741
.8339
.7969
.7626
.731
.7019
.6749
.65
.6269
.6055
.5856
.567
.5498
.5336
.5185
.5043
.491
.4785
.4667
.4556
.4451
.4352
.4258
.4169
.4084
.4003
.3926
.3853
.3783
.3716
.3652
.3591
.3532
.3476
.3422
.337
.332
.3272
.3225
.3181
.3138
.3096
.3055
.3016
.2979
.2942
.2907
.2872
.2839
.2806
.2775
.2744
.2714
.2685
.2657
.2629
.2602
.2576
.255
.2525
.2501
.2477
.2454
.2431
.2408
.2386
.2365
.2344
.2323
.2303
.2283
.2263
.2244
.2225
.2207
.2189
.2171
.2153
.2136
.2119
.2102
.2085
.2069
.2053
.2037
.2021
.2006
.1991
.1976
.1961
.1946
.1932
.1918
.1903
.189
.1876
.1862
.1849
.1835
.1822
.1809
.1796
.1783
.1771
.1758
.1746
.1734
.1721
.1709
.1697
.1686
.1674
.1662
.1651
.1639
.1628
.1617
.1606
.1595
.1584
.1573
.1562
.1552
.1541
.1531
.152
.151
.15
.149
.148
.147
.146
.145
.144
.143
.1421
.1411
.1402
.1393
.1383
.1374
.1365
.1356
.1347
.1338
.1329
.132
.1311
.1303
.1294
.1286
.1277
.1269
.126
.1252
.1244
.1236
.1228
.122
.1212
.1204
.1196
.1188
.1181
.1173
.1166
.1158
.1151
.1143
.1136
.1129
.1121
.1114
.1107
.11
.1093
.1086
.1079
.1072
.1066
.1059
.1052
.1046
.1039
.1033
.1026
.102
.1014
.1007
.1001
.0995
.0989
.0983
.0977
.0971
.0965
.0959
.0953
.0947
.0942
.0936
.093
.0925
.0919
.0914
.0909
.0903
.0898
.0893
.0887
.0882
.0877
.0872
.0867
.0862
.0857
.0852
.0847
.0842
.0837
.0833
.0828
.0823
.0819
.0814
.0809
.0805
.08
.0796
.0792
.0787
.0783
.0779
.0774
.077
.0766
.0762
.0758
.0754
.075
.0746
.0742
.0738
.0734
.073
.0726
.0722
.0719
.0715
.0711
.0708
.0704
.07
.0697
.0693
.069
.0686
.0683
.0679
.0676
.0673
.0669
.0666
.0663
.0659
.0656
.0653
.065
.0647
.0644
.0641
.0638
.0634
.0631
.0628
.0626
.0623
.062
.0617
.0614
.0611
.0608
.0605
.0603
.06
.0597
.0595
.0592
.0589
.0587
.0584
.0581
.0579
.0576
.0574
.0571
.0569
.0566
.0564
.0561
.0559
.0557
.0554
.0552
.0549
.0547
.0545
.0543
.054
.0538
.0536
.0534
.0531
.0529
.0527
.0525
.0523
.0521
.0519
.0516
.0514
.0512
.051
.0508
.0506
.0504
.0502
.05
.0498
