4.2406
4.0212
3.8349
3.6763
3.5366
3.4088
3.2887
3.1742
3.0647
2.9606
2.8624
2.7706
2.6856
2.6078
2.5373
2.474
2.4177
2.3682
2.325
2.2877
2.2556
2.2281
2.2047
2.1847
2.1677
2.1531
2.1404
2.1295
2.1198
2.1113
2.1036
2.0967
2.0903
2.0844
2.0789
2.0738
2.0689
2.0643
2.0598
2.0555
2.0514
2.0473
2.0433
2.0394
2.0356
2.0318
2.028
2.0242
2.0204
2.0166
2.0128
2.009
2.0052
2.0013
1.9973
1.9933
1.9892
1.9851
1.9809
1.9766
1.9723
1.9678
1.9633
1.9588
1.9542
1.9495
1.9447
1.94
1.9352
1.9303
1.9255
1.9207
1.9159
1.9111
1.9063
1.9016
1.8969
1.8923
1.8878
1.8833
1.879
1.8747
1.8704
1.8663
1.8622
1.8582
1.8542
1.8503
1.8464
1.8425
1.8386
1.8348
1.8309
1.827
1.823
1.819
1.815
1.8108
1.8066
1.8022
1.7977
1.793
1.7881
1.783
1.7777
1.7721
1.7661
1.7598
1.7531
1.746
1.7383
1.7299
1.7209
1.7111
1.7003
1.6884
1.6752
1.6605
1.6441
1.6257
1.605
1.5816
1.555
1.5249
1.4909
1.4525
1.4096
1.3619
1.3098
1.2538
1.1946
1.1335
1.0717
1.0105
.9511
.8943
.8408
.7909
.7446
.702
.6628
.6269
.594
.564
.5364
.5111
.4879
.4666
.447
.4288
.4121
.3965
.3821
.3687
.3562
.3445
.3335
.3233
.3137
.3047
.2961
.2881
.2805
.2734
.2666
.2601
.254
.2482
.2426
.2373
.2323
.2275
.2229
.2184
.2142
.2102
.2063
.2026
.199
.1955
.1922
.189
.1859
.1829
.1801
.1773
.1746
.172
.1695
.167
.1647
.1624
.1602
.158
.156
.1539
.152
.15
.1482
.1464
.1446
.1429
.1412
.1396
.138
.1365
.1349
.1335
.132
.1306
.1293
.1279
.1266
.1253
.1241
.1228
.1216
.1205
.1193
.1182
.1171
.116
.115
.1139
.1129
.1119
.1109
.11
.109
.1081
.1072
.1063
.1054
.1046
.1037
.1029
.1021
.1013
.1005
.0998
.099
.0982
.0975
.0968
.0961
.0954
.0947
.094
.0933
.0927
.092
.0914
.0908
.0902
.0895
.0889
.0883
.0878
.0872
.0866
.0861
.0855
.085
.0844
.0839
.0834
.0829
.0824
.0819
.0814
.0809
.0804
.0799
.0794
.079
.0785
.0781
.0776
.0772
.0767
.0763
.0759
.0755
.075
.0746
.0742
.0738
.0734
.073
.0727
.0723
.0719
.0715
.0711
.0708
.0704
.0701
.0697
.0693
.069
.0687
.0683
.068
.0676
.0673
.067
.0667
.0664
.066
.0657
.0654
.0651
.0648
.0645
.0642
.0639
.0636
.0633
.063
.0628
.0625
.0622
.0619
.0616
.0614
.0611
.0608
.0606
.0603
.0601
.0598
.0595
.0593
.059
.0588
.0586
.0583
.0581
.0578
.0576
.0574
.0571
.0569
.0567
.0564
.0562
.056
.0558
.0555
.0553
.0551
.0549
.0547
.0545
.0543
.0541
.0539
.0537
.0534
.0532
.053
.0529
.0527
.0525
.0523
.0521
.0519
.0517
.0515
.0513
.0511
.051
.0508
.0506
.0504
.0502
.0501
.0499
