4.7823
4.5053
4.1876
3.8587
3.5504
3.28
3.049
2.8523
2.6845
2.5419
2.4223
2.324
2.2455
2.1845
2.1377
2.1019
2.074
2.0515
2.0327
2.0163
2.0015
1.988
1.9753
1.9633
1.9519
1.941
1.9306
1.9207
1.9112
1.9021
1.8934
1.885
1.877
1.8694
1.862
1.855
1.8482
1.8417
1.8354
1.8294
1.8236
1.818
1.8126
1.8073
1.8023
1.7974
1.7926
1.788
1.7835
1.7792
1.7749
1.7708
1.7668
1.7629
1.759
1.7553
1.7516
1.748
1.7444
1.741
1.7376
1.7342
1.7309
1.7277
1.7245
1.7214
1.7183
1.7152
1.7122
1.7092
1.7062
1.7033
1.7004
1.6975
1.6946
1.6918
1.689
1.6861
1.6833
1.6805
1.6777
1.675
1.6722
1.6694
1.6666
1.6637
1.6609
1.6581
1.6552
1.6523
1.6493
1.6464
1.6433
1.6403
1.6372
1.634
1.6307
1.6274
1.6239
1.6204
1.6168
1.613
1.6091
1.6051
1.6009
1.5965
1.5919
1.587
1.5819
1.5765
1.5708
1.5647
1.5583
1.5514
1.5439
1.5359
1.5273
1.518
1.5078
1.4968
1.4847
1.4715
1.457
1.4411
1.4236
1.4045
1.3834
1.3604
1.3352
1.3079
1.2784
1.2468
1.2132
1.1779
1.1413
1.1036
1.0653
1.0269
.9888
.9513
.9147
.8793
.8453
.8126
.7815
.752
.7239
.6973
.6721
.6483
.6257
.6044
.5842
.5651
.547
.5299
.5136
.4981
.4835
.4695
.4562
.4436
.4316
.4201
.4092
.3987
.3887
.3791
.37
.3612
.3528
.3448
.3371
.3296
.3225
.3156
.309
.3027
.2965
.2906
.285
.2795
.2742
.269
.2641
.2593
.2547
.2502
.2458
.2416
.2376
.2336
.2298
.2261
.2225
.2189
.2155
.2122
.209
.2059
.2029
.1999
.197
.1942
.1915
.1888
.1862
.1837
.1812
.1788
.1765
.1742
.172
.1698
.1676
.1656
.1635
.1615
.1596
.1577
.1558
.154
.1522
.1505
.1488
.1471
.1455
.1439
.1423
.1408
.1393
.1378
.1364
.1349
.1336
.1322
.1309
.1295
.1283
.127
.1258
.1245
.1233
.1222
.121
.1199
.1188
.1177
.1166
.1155
.1145
.1135
.1125
.1115
.1105
.1096
.1086
.1077
.1068
.1059
.105
.1041
.1033
.1024
.1016
.1008
.1
.0992
.0984
.0977
.0969
.0962
.0954
.0947
.094
.0933
.0926
.0919
.0912
.0906
.0899
.0893
.0886
.088
.0874
.0868
.0862
.0856
.085
.0844
.0838
.0832
.0827
.0821
.0816
.0811
.0805
.08
.0795
.079
.0785
.078
.0775
.077
.0765
.076
.0756
.0751
.0746
.0742
.0737
.0733
.0728
.0724
.072
.0716
.0711
.0707
.0703
.0699
.0695
.0691
.0687
.0683
.0679
.0676
.0672
.0668
.0665
.0661
.0657
.0654
.065
.0647
.0643
.064
.0636
.0633
.063
.0627
.0623
.062
.0617
.0614
.0611
.0607
.0604
.0601
.0598
.0595
.0592
.059
.0587
.0584
.0581
.0578
.0575
.0573
.057
.0567
.0564
.0562
.0559
.0557
.0554
.0551
.0549
.0546
.0544
.0541
.0539
.0536
.0534
.0532
.0529
.0527
.0525
.0522
.052
.0518
.0515
.0513
.0511
.0509
.0507
.0504
.0502
.05
.0498
