4.7522
4.4909
4.1908
3.8747
3.5663
3.2786
3.0143
2.7766
2.5731
2.4129
2.2987
2.2234
2.1758
2.1455
2.1256
2.1118
2.1017
2.094
2.0879
2.0828
2.0785
2.0748
2.0715
2.0685
2.0657
2.0632
2.0608
2.0585
2.0564
2.0543
2.0523
2.0503
2.0484
2.0465
2.0446
2.0428
2.0409
2.0391
2.0372
2.0353
2.0334
2.0315
2.0295
2.0275
2.0254
2.0234
2.0212
2.019
2.0168
2.0144
2.012
2.0096
2.007
2.0043
2.0016
1.9988
1.9958
1.9928
1.9896
1.9863
1.9829
1.9793
1.9757
1.9719
1.9679
1.9638
1.9596
1.9552
1.9507
1.9461
1.9413
1.9364
1.9314
1.9263
1.9211
1.9158
1.9104
1.9049
1.8994
1.8938
1.8882
1.8825
1.8768
1.8711
1.8653
1.8596
1.8539
1.8481
1.8424
1.8367
1.831
1.8253
1.8196
1.8139
1.8082
1.8025
1.7967
1.791
1.7851
1.7793
1.7734
1.7673
1.7612
1.755
1.7486
1.742
1.7353
1.7282
1.721
1.7134
1.7054
1.697
1.6882
1.6787
1.6687
1.658
1.6465
1.6341
1.6207
1.6062
1.5905
1.5734
1.5548
1.5346
1.5128
1.4892
1.4638
1.4366
1.4076
1.377
1.345
1.3117
1.2774
1.2425
1.2071
1.1716
1.1362
1.1012
1.0667
1.033
1.0002
.9682
.9373
.9075
.8787
.851
.8244
.7988
.7742
.7506
.728
.7064
.6856
.6657
.6466
.6283
.6108
.594
.5779
.5625
.5477
.5335
.5198
.5067
.4942
.4821
.4705
.4594
.4486
.4383
.4284
.4189
.4097
.4008
.3922
.384
.376
.3684
.361
.3538
.3469
.3402
.3338
.3275
.3215
.3156
.3099
.3044
.2991
.2939
.2889
.2841
.2794
.2748
.2703
.266
.2618
.2577
.2538
.2499
.2461
.2425
.2389
.2354
.2321
.2288
.2256
.2224
.2194
.2164
.2135
.2107
.2079
.2052
.2026
.2
.1975
.195
.1926
.1903
.188
.1857
.1835
.1814
.1793
.1772
.1752
.1732
.1713
.1694
.1675
.1657
.1639
.1621
.1604
.1587
.1571
.1555
.1539
.1523
.1508
.1493
.1478
.1464
.1449
.1435
.1422
.1408
.1395
.1382
.1369
.1357
.1344
.1332
.132
.1308
.1297
.1286
.1274
.1263
.1253
.1242
.1231
.1221
.1211
.1201
.1191
.1181
.1172
.1162
.1153
.1144
.1135
.1126
.1117
.1109
.11
.1092
.1084
.1076
.1068
.106
.1052
.1044
.1037
.1029
.1022
.1014
.1007
.1
.0993
.0986
.0979
.0973
.0966
.096
.0953
.0947
.094
.0934
.0928
.0922
.0916
.091
.0904
.0898
.0893
.0887
.0881
.0876
.087
.0865
.086
.0854
.0849
.0844
.0839
.0834
.0829
.0824
.0819
.0814
.081
.0805
.08
.0796
.0791
.0787
.0782
.0778
.0773
.0769
.0765
.0761
.0756
.0752
.0748
.0744
.074
.0736
.0732
.0728
.0725
.0721
.0717
.0713
.071
.0706
.0702
.0699
.0695
.0692
.0688
.0685
.0681
.0678
.0675
.0671
.0668
.0665
.0661
.0658
.0655
.0652
.0649
.0646
.0643
.064
.0637
.0634
.0631
.0628
.0625
.0622
.0619
.0616
.0614
.0611
.0608
.0605
.0603
.06
.0597
.0595
.0592
.0589
.0587
.0584
.0582
.0579
.0577
.0574
.0572
.0569
.0567
.0565
.0562
.056
.0558
.0555
.0553
.0551
.0548
.0546
.0544
.0542
.054
.0537
.0535
.0533
.0531
.0529
.0527
.0525
.0523
.0521
.0519
.0517
.0515
.0513
.0511
.0509
.0507
.0505
.0503
.0501
.0499
