4.1253
4.0216
3.9385
3.8688
3.807
3.7491
3.6921
3.6335
3.5708
3.5018
3.424
3.3351
3.2324
3.1139
2.9793
2.8314
2.6781
2.5327
2.4092
2.3156
2.2506
2.207
2.177
2.1551
2.1378
2.1231
2.1101
2.098
2.0865
2.0753
2.0643
2.0533
2.0421
2.0308
2.0191
2.007
1.9943
1.9809
1.9667
1.9515
1.9351
1.9174
1.8981
1.8769
1.8535
1.8277
1.7989
1.7667
1.7306
1.6901
1.6447
1.5939
1.5373
1.475
1.4072
1.335
1.2597
1.183
1.1069
1.0332
.9632
.8977
.8373
.782
.7316
.6859
.6445
.607
.573
.5421
.514
.4884
.465
.4435
.4237
.4056
.3888
.3732
.3588
.3453
.3328
.3211
.3101
.2998
.2901
.281
.2724
.2642
.2565
.2492
.2423
.2357
.2294
.2234
.2177
.2123
.2071
.2021
.1974
.1928
.1884
.1842
.1802
.1763
.1726
.169
.1655
.1621
.1589
.1558
.1528
.1499
.1471
.1444
.1417
.1392
.1367
.1344
.132
.1298
.1276
.1255
.1234
.1214
.1195
.1176
.1158
.114
.1123
.1106
.109
.1074
.1058
.1043
.1028
.1013
.0999
.0986
.0972
.0959
.0946
.0934
.0922
.091
.0898
.0887
.0876
.0865
.0854
.0844
.0834
.0824
.0814
.0805
.0795
.0786
.0777
.0768
.076
.0751
.0743
.0735
.0727
.0719
.0712
.0704
.0697
.069
.0683
.0676
.0669
.0662
.0655
.0649
.0643
.0636
.063
.0624
.0618
.0613
.0607
.0601
.0596
.059
.0585
.058
.0575
.0569
.0564
.056
.0555
.055
.0545
.0541
.0536
.0532
.0527
.0523
.0519
.0514
.051
.0506
.0502
.0498
