4.1849
3.9001
3.6221
3.3578
3.1078
2.8728
2.6582
2.475
2.334
2.2375
2.1771
2.1402
2.1166
2.0999
2.0866
2.0751
2.0645
2.0545
2.0447
2.0352
2.0258
2.0167
2.0077
1.9989
1.9903
1.9819
1.9738
1.9658
1.9579
1.9503
1.9429
1.9356
1.9285
1.9216
1.9148
1.9081
1.9016
1.8952
1.8889
1.8827
1.8766
1.8706
1.8648
1.859
1.8532
1.8476
1.842
1.8365
1.8311
1.8258
1.8205
1.8152
1.81
1.8049
1.7998
1.7948
1.7898
1.7849
1.78
1.7752
1.7704
1.7656
1.7609
1.7562
1.7516
1.747
1.7424
1.7379
1.7334
1.7289
1.7244
1.72
1.7156
1.7112
1.7069
1.7025
1.6982
1.6939
1.6896
1.6853
1.681
1.6768
1.6725
1.6682
1.664
1.6597
1.6555
1.6512
1.647
1.6427
1.6385
1.6342
1.6299
1.6256
1.6212
1.6169
1.6125
1.6081
1.6037
1.5992
1.5948
1.5902
1.5857
1.5811
1.5764
1.5717
1.5669
1.5621
1.5572
1.5523
1.5472
1.5421
1.5369
1.5316
1.5262
1.5207
1.515
1.5092
1.5032
1.4971
1.4908
1.4842
1.4774
1.4704
1.463
1.4554
1.4473
1.4388
1.4299
1.4204
1.4103
1.3996
1.3881
1.3757
1.3624
1.3481
1.3326
1.3158
1.2977
1.278
1.2568
1.234
1.2096
1.1836
1.156
1.127
1.0968
1.0657
1.0338
1.0015
.9691
.9368
.905
.8738
.8435
.8142
.7859
.7588
.7328
.708
.6843
.6617
.6402
.6198
.6003
.5817
.564
.5471
.5309
.5155
.5007
.4866
.473
.4601
.4476
.4357
.4242
.4132
.4026
.3925
.3827
.3733
.3643
.3556
.3472
.3392
.3314
.324
.3168
.3098
.3032
.2967
.2905
.2846
.2788
.2732
.2679
.2627
.2577
.2529
.2482
.2437
.2393
.2351
.231
.2271
.2233
.2196
.216
.2125
.2091
.2058
.2027
.1996
.1966
.1937
.1909
.1881
.1854
.1829
.1803
.1779
.1755
.1731
.1709
.1687
.1665
.1644
.1623
.1603
.1584
.1565
.1546
.1528
.151
.1493
.1476
.1459
.1443
.1427
.1411
.1396
.1381
.1367
.1352
.1338
.1325
.1311
.1298
.1285
.1272
.126
.1248
.1236
.1224
.1213
.1201
.119
.1179
.1169
.1158
.1148
.1138
.1128
.1118
.1108
.1099
.109
.108
.1071
.1063
.1054
.1045
.1037
.1028
.102
.1012
.1004
.0997
.0989
.0981
.0974
.0967
.0959
.0952
.0945
.0938
.0931
.0925
.0918
.0911
.0905
.0899
.0892
.0886
.088
.0874
.0868
.0862
.0857
.0851
.0845
.084
.0834
.0829
.0823
.0818
.0813
.0808
.0803
.0798
.0793
.0788
.0783
.0778
.0773
.0769
.0764
.076
.0755
.0751
.0746
.0742
.0738
.0733
.0729
.0725
.0721
.0717
.0713
.0709
.0705
.0701
.0697
.0693
.069
.0686
.0682
.0678
.0675
.0671
.0668
.0664
.0661
.0657
.0654
.0651
.0647
.0644
.0641
.0638
.0634
.0631
.0628
.0625
.0622
.0619
.0616
.0613
.061
.0607
.0604
.0601
.0598
.0595
.0593
.059
.0587
.0584
.0582
.0579
.0576
.0574
.0571
.0569
.0566
.0564
.0561
.0559
.0556
.0554
.0551
.0549
.0546
.0544
.0542
.0539
.0537
.0535
.0533
.053
.0528
.0526
.0524
.0522
.0519
.0517
.0515
.0513
.0511
.0509
.0507
.0505
.0503
.0501
.0499
