4.7937
4.5333
4.2366
3.9241
3.6152
3.3198
3.0417
2.7879
2.5718
2.4079
2.2993
2.235
2.1987
2.1776
2.1643
2.1547
2.1472
2.1407
2.1347
2.1291
2.1238
2.1185
2.1133
2.1082
2.1031
2.0981
2.0931
2.0881
2.0832
2.0783
2.0734
2.0686
2.0637
2.0589
2.0541
2.0493
2.0445
2.0398
2.035
2.0303
2.0256
2.0209
2.0161
2.0114
2.0067
2.002
1.9972
1.9925
1.9878
1.983
1.9782
1.9734
1.9686
1.9637
1.9588
1.9538
1.9489
1.9438
1.9387
1.9336
1.9283
1.923
1.9176
1.9122
1.9066
1.9009
1.8952
1.8893
1.8833
1.8772
1.8709
1.8646
1.8581
1.8515
1.8447
1.8379
1.8309
1.8238
1.8166
1.8094
1.802
1.7945
1.787
1.7794
1.7718
1.7641
1.7563
1.7485
1.7407
1.7328
1.7248
1.7168
1.7087
1.7005
1.6921
1.6836
1.6749
1.666
1.6568
1.6473
1.6374
1.6271
1.6162
1.6048
1.5927
1.5798
1.5661
1.5513
1.5353
1.5181
1.4994
1.4792
1.4572
1.4335
1.4078
1.3802
1.3507
1.3194
1.2864
1.252
1.2165
1.1803
1.1437
1.107
1.0707
1.035
1.0002
.9664
.9338
.9025
.8725
.8438
.8163
.7902
.7653
.7415
.7188
.6971
.6765
.6568
.6379
.6199
.6026
.5861
.5702
.555
.5405
.5265
.5131
.5002
.4878
.4758
.4644
.4533
.4427
.4325
.4226
.4131
.4039
.3951
.3866
.3783
.3704
.3627
.3553
.3482
.3413
.3346
.3281
.3218
.3158
.3099
.3042
.2987
.2934
.2882
.2832
.2783
.2736
.269
.2646
.2603
.2561
.252
.248
.2442
.2404
.2368
.2332
.2298
.2264
.2231
.22
.2168
.2138
.2109
.208
.2052
.2024
.1997
.1971
.1946
.1921
.1896
.1873
.1849
.1827
.1804
.1783
.1761
.174
.172
.17
.1681
.1662
.1643
.1625
.1607
.1589
.1572
.1555
.1538
.1522
.1506
.149
.1475
.146
.1445
.1431
.1417
.1403
.1389
.1376
.1362
.1349
.1337
.1324
.1312
.13
.1288
.1276
.1265
.1253
.1242
.1231
.122
.121
.1199
.1189
.1179
.1169
.1159
.115
.114
.1131
.1122
.1113
.1104
.1095
.1086
.1078
.1069
.1061
.1053
.1045
.1037
.1029
.1022
.1014
.1006
.0999
.0992
.0985
.0978
.0971
.0964
.0957
.095
.0943
.0937
.093
.0924
.0918
.0912
.0905
.0899
.0893
.0888
.0882
.0876
.087
.0865
.0859
.0854
.0848
.0843
.0838
.0832
.0827
.0822
.0817
.0812
.0807
.0802
.0797
.0793
.0788
.0783
.0779
.0774
.077
.0765
.0761
.0756
.0752
.0748
.0744
.0739
.0735
.0731
.0727
.0723
.0719
.0715
.0711
.0708
.0704
.07
.0696
.0693
.0689
.0685
.0682
.0678
.0675
.0671
.0668
.0664
.0661
.0658
.0654
.0651
.0648
.0645
.0641
.0638
.0635
.0632
.0629
.0626
.0623
.062
.0617
.0614
.0611
.0608
.0605
.0603
.06
.0597
.0594
.0592
.0589
.0586
.0584
.0581
.0578
.0576
.0573
.0571
.0568
.0566
.0563
.0561
.0558
.0556
.0553
.0551
.0549
.0546
.0544
.0542
.0539
.0537
.0535
.0533
.053
.0528
.0526
.0524
.0522
.052
.0518
.0515
.0513
.0511
.0509
.0507
.0505
.0503
.0501
.0499
