4.274
4.0349
3.8301
3.6589
3.5113
3.3773
3.2493
3.1226
2.9957
2.8697
2.7484
2.6366
2.5393
2.4592
2.3965
2.3487
2.3123
2.2837
2.2603
2.2402
2.2221
2.2053
2.1894
2.1743
2.1598
2.1459
2.1324
2.1195
2.1069
2.0946
2.0824
2.0704
2.0584
2.0462
2.0338
2.0212
2.0082
1.9948
1.9809
1.9665
1.9516
1.9361
1.92
1.9033
1.886
1.8681
1.8495
1.8302
1.8102
1.7895
1.768
1.7459
1.7229
1.6992
1.6748
1.6495
1.6235
1.5967
1.5692
1.541
1.5123
1.483
1.4532
1.4231
1.3927
1.3621
1.3315
1.3009
1.2704
1.2402
1.2102
1.1807
1.1517
1.1231
1.0951
1.0678
1.0411
1.015
.9897
.965
.941
.9177
.8952
.8733
.852
.8315
.8116
.7923
.7737
.7556
.7381
.7212
.7049
.689
.6737
.6589
.6446
.6307
.6172
.6042
.5916
.5794
.5676
.5561
.545
.5343
.5239
.5138
.504
.4945
.4852
.4763
.4676
.4592
.451
.443
.4353
.4278
.4205
.4134
.4065
.3998
.3932
.3869
.3807
.3747
.3688
.3631
.3575
.3521
.3468
.3417
.3366
.3317
.327
.3223
.3178
.3133
.309
.3047
.3006
.2966
.2926
.2888
.285
.2813
.2777
.2742
.2707
.2674
.2641
.2608
.2577
.2546
.2515
.2486
.2457
.2428
.24
.2373
.2346
.232
.2294
.2269
.2244
.222
.2196
.2172
.2149
.2127
.2105
.2083
.2062
.2041
.202
.2
.198
.1961
.1941
.1923
.1904
.1886
.1868
.185
.1833
.1816
.1799
.1783
.1767
.1751
.1735
.172
.1705
.169
.1675
.1661
.1646
.1632
.1618
.1605
.1591
.1578
.1565
.1552
.154
.1527
.1515
.1503
.1491
.1479
.1468
.1456
.1445
.1434
.1423
.1412
.1402
.1391
.1381
.1371
.136
.1351
.1341
.1331
.1321
.1312
.1303
.1294
.1284
.1275
.1267
.1258
.1249
.1241
.1232
.1224
.1216
.1208
.12
.1192
.1184
.1176
.1169
.1161
.1154
.1146
.1139
.1132
.1125
.1118
.1111
.1104
.1097
.109
.1083
.1077
.107
.1064
.1058
.1051
.1045
.1039
.1033
.1027
.1021
.1015
.1009
.1003
.0998
.0992
.0986
.0981
.0975
.097
.0965
.0959
.0954
.0949
.0944
.0939
.0934
.0929
.0924
.0919
.0914
.0909
.0904
.09
.0895
.089
.0886
.0881
.0877
.0872
.0868
.0863
.0859
.0855
.085
.0846
.0842
.0838
.0834
.083
.0826
.0822
.0818
.0814
.081
.0806
.0802
.0799
.0795
.0791
.0787
.0784
.078
.0777
.0773
.0769
.0766
.0762
.0759
.0756
.0752
.0749
.0746
.0742
.0739
.0736
.0733
.0729
.0726
.0723
.072
.0717
.0714
.0711
.0708
.0705
.0702
.0699
.0696
.0693
.069
.0687
.0684
.0682
.0679
.0676
.0673
.067
.0668
.0665
.0662
.066
.0657
.0655
.0652
.0649
.0647
.0644
.0642
.0639
.0637
.0634
.0632
.0629
.0627
.0625
.0622
.062
.0618
.0615
.0613
.0611
.0608
.0606
.0604
.0602
.0599
.0597
.0595
.0593
.0591
.0589
.0586
.0584
.0582
.058
.0578
.0576
.0574
.0572
.057
.0568
.0566
.0564
.0562
.056
.0558
.0556
.0554
.0552
.0551
.0549
.0547
.0545
.0543
.0541
.0539
.0538
.0536
.0534
.0532
.0531
.0529
.0527
.0525
.0524
.0522
.052
.0519
.0517
.0515
.0514
.0512
.051
.0509
.0507
.0505
.0504
.0502
.0501
.0499
