4.267
4.0988
3.9604
3.8434
3.7395
3.6421
3.5465
3.4491
3.3477
3.2405
3.127
3.0074
2.884
2.7607
2.6441
2.5415
2.4591
2.3986
2.3572
2.3298
2.3113
2.2981
2.288
2.2795
2.272
2.2648
2.2578
2.2507
2.2433
2.2356
2.2275
2.219
2.2098
2.2002
2.1898
2.1789
2.1673
2.1551
2.1423
2.129
2.1151
2.1007
2.086
2.071
2.0558
2.0405
2.0253
2.0101
1.9952
1.9806
1.9663
1.9524
1.939
1.9261
1.9137
1.9018
1.8905
1.8797
1.8694
1.8597
1.8504
1.8416
1.8333
1.8254
1.8179
1.8108
1.804
1.7976
1.7914
1.7855
1.7799
1.7745
1.7693
1.7644
1.7596
1.7549
1.7505
1.7461
1.7419
1.7378
1.7338
1.7299
1.7261
1.7224
1.7187
1.7152
1.7116
1.7081
1.7047
1.7013
1.698
1.6946
1.6913
1.6881
1.6848
1.6815
1.6783
1.6751
1.6718
1.6686
1.6653
1.6621
1.6588
1.6555
1.6522
1.6488
1.6454
1.642
1.6385
1.6349
1.6313
1.6276
1.6239
1.62
1.6161
1.6121
1.6079
1.6036
1.5992
1.5946
1.5898
1.5849
1.5797
1.5744
1.5687
1.5628
1.5565
1.5499
1.5429
1.5355
1.5275
1.5191
1.5099
1.5001
1.4895
1.4779
1.4654
1.4516
1.4366
1.42
1.4017
1.3815
1.3591
1.3344
1.307
1.2768
1.2436
1.2074
1.1683
1.1264
1.0821
1.0359
.9886
.9409
.8935
.8471
.8023
.7593
.7186
.6803
.6445
.611
.5799
.551
.5242
.4994
.4763
.455
.4352
.4168
.3997
.3838
.369
.3552
.3423
.3302
.3188
.3082
.2982
.2889
.28
.2717
.2638
.2564
.2493
.2426
.2363
.2303
.2246
.2191
.2139
.209
.2043
.1997
.1954
.1913
.1873
.1835
.1799
.1764
.173
.1698
.1667
.1637
.1608
.158
.1553
.1527
.1502
.1478
.1454
.1432
.141
.1389
.1368
.1348
.1329
.131
.1292
.1274
.1257
.124
.1223
.1208
.1192
.1177
.1163
.1148
.1134
.1121
.1108
.1095
.1082
.107
.1058
.1046
.1035
.1024
.1013
.1002
.0992
.0981
.0971
.0961
.0952
.0943
.0933
.0924
.0915
.0907
.0898
.089
.0882
.0874
.0866
.0858
.0851
.0843
.0836
.0829
.0822
.0815
.0808
.0802
.0795
.0789
.0782
.0776
.077
.0764
.0758
.0752
.0746
.0741
.0735
.073
.0724
.0719
.0714
.0709
.0704
.0699
.0694
.0689
.0684
.0679
.0675
.067
.0666
.0661
.0657
.0653
.0648
.0644
.064
.0636
.0632
.0628
.0624
.062
.0616
.0612
.0609
.0605
.0601
.0598
.0594
.0591
.0587
.0584
.058
.0577
.0574
.0571
.0567
.0564
.0561
.0558
.0555
.0552
.0549
.0546
.0543
.054
.0537
.0534
.0531
.0529
.0526
.0523
.052
.0518
.0515
.0513
.051
.0507
.0505
.0502
.05
