4.082
3.8123
3.5571
3.3137
3.0769
2.8468
2.6317
2.4468
2.3054
2.2096
2.1504
2.1153
2.0943
2.0812
2.0725
2.0664
2.0618
2.0582
2.0553
2.0528
2.0507
2.0488
2.0471
2.0456
2.0442
2.0428
2.0416
2.0404
2.0393
2.0382
2.0372
2.0362
2.0352
2.0342
2.0333
2.0323
2.0314
2.0304
2.0295
2.0285
2.0275
2.0266
2.0256
2.0246
2.0236
2.0226
2.0216
2.0205
2.0195
2.0184
2.0173
2.0162
2.0151
2.0139
2.0128
2.0116
2.0104
2.0091
2.0079
2.0066
2.0053
2.004
2.0027
2.0013
1.9999
1.9985
1.997
1.9956
1.9941
1.9925
1.991
1.9894
1.9877
1.9861
1.9844
1.9827
1.9809
1.9791
1.9773
1.9754
1.9734
1.9715
1.9694
1.9673
1.9652
1.963
1.9607
1.9583
1.9559
1.9534
1.9507
1.948
1.9452
1.9423
1.9392
1.936
1.9327
1.9292
1.9256
1.9218
1.9178
1.9136
1.9092
1.9046
1.8997
1.8946
1.8892
1.8835
1.8775
1.8712
1.8645
1.8574
1.8498
1.8418
1.8333
1.8243
1.8146
1.8043
1.7932
1.7813
1.7685
1.7547
1.7397
1.7236
1.706
1.6871
1.6665
1.6442
1.6201
1.5941
1.5662
1.5364
1.5047
1.4713
1.4363
1.4
1.3627
1.3245
1.2859
1.2471
1.2084
1.17
1.1323
1.0953
1.0592
1.0241
.9901
.9573
.9256
.8951
.8657
.8376
.8105
.7846
.7598
.736
.7132
.6914
.6705
.6505
.6313
.613
.5955
.5787
.5626
.5472
.5324
.5183
.5047
.4917
.4792
.4672
.4557
.4447
.4341
.4239
.414
.4046
.3955
.3867
.3783
.3701
.3623
.3547
.3474
.3404
.3336
.327
.3206
.3145
.3085
.3028
.2972
.2918
.2866
.2815
.2766
.2719
.2672
.2627
.2584
.2542
.2501
.2461
.2422
.2384
.2347
.2312
.2277
.2243
.221
.2178
.2147
.2116
.2087
.2058
.2029
.2002
.1975
.1949
.1923
.1898
.1874
.185
.1826
.1804
.1781
.1759
.1738
.1717
.1697
.1677
.1657
.1638
.162
.1601
.1583
.1566
.1548
.1531
.1515
.1499
.1483
.1467
.1452
.1437
.1422
.1408
.1393
.1379
.1366
.1352
.1339
.1326
.1313
.1301
.1289
.1277
.1265
.1253
.1242
.123
.1219
.1208
.1198
.1187
.1177
.1166
.1156
.1147
.1137
.1127
.1118
.1108
.1099
.109
.1081
.1073
.1064
.1056
.1047
.1039
.1031
.1023
.1015
.1007
.1
.0992
.0985
.0977
.097
.0963
.0956
.0949
.0942
.0936
.0929
.0922
.0916
.0909
.0903
.0897
.0891
.0885
.0879
.0873
.0867
.0861
.0855
.085
.0844
.0839
.0833
.0828
.0823
.0817
.0812
.0807
.0802
.0797
.0792
.0787
.0782
.0778
.0773
.0768
.0764
.0759
.0755
.075
.0746
.0741
.0737
.0733
.0729
.0724
.072
.0716
.0712
.0708
.0704
.07
.0696
.0693
.0689
.0685
.0681
.0678
.0674
.0671
.0667
.0663
.066
.0656
.0653
.065
.0646
.0643
.064
.0636
.0633
.063
.0627
.0624
.0621
.0618
.0615
.0612
.0609
.0606
.0603
.06
.0597
.0594
.0591
.0588
.0586
.0583
.058
.0577
.0575
.0572
.0569
.0567
.0564
.0562
.0559
.0557
.0554
.0552
.0549
.0547
.0544
.0542
.054
.0537
.0535
.0533
.053
.0528
.0526
.0523
.0521
.0519
.0517
.0515
.0512
.051
.0508
.0506
.0504
.0502
.05
