4.4257
4.1588
3.8926
3.6433
3.4175
3.2148
3.0327
2.8699
2.7259
2.6004
2.4929
2.4023
2.3269
2.2648
2.2138
2.1716
2.1365
2.1068
2.0811
2.0583
2.0376
2.0185
2.0005
1.9834
1.9672
1.9516
1.9368
1.9227
1.9095
1.8971
1.8855
1.8747
1.8647
1.8554
1.8467
1.8385
1.8308
1.8233
1.816
1.809
1.802
1.7951
1.7881
1.7812
1.7743
1.7673
1.7602
1.753
1.7458
1.7384
1.7308
1.7232
1.7153
1.7072
1.6988
1.6902
1.6812
1.6718
1.662
1.6517
1.6408
1.6293
1.617
1.6039
1.5898
1.5746
1.5582
1.5404
1.521
1.5
1.4772
1.4524
1.4254
1.3962
1.3649
1.3313
1.2958
1.2584
1.2196
1.1797
1.1393
1.0989
1.0588
1.0196
.9815
.9449
.91
.8768
.8455
.8159
.7881
.7621
.7376
.7147
.6932
.6731
.6542
.6364
.6197
.6039
.5891
.5751
.5618
.5492
.5373
.526
.5152
.5049
.4951
.4857
.4768
.4681
.4599
.452
.4443
.437
.4299
.423
.4164
.41
.4038
.3978
.3919
.3863
.3808
.3754
.3702
.3651
.3602
.3554
.3507
.3461
.3416
.3373
.333
.3288
.3247
.3207
.3168
.313
.3092
.3056
.302
.2985
.295
.2916
.2883
.285
.2818
.2787
.2756
.2726
.2697
.2668
.2639
.2611
.2584
.2557
.253
.2504
.2479
.2454
.2429
.2405
.2381
.2358
.2335
.2312
.229
.2268
.2247
.2226
.2205
.2185
.2165
.2145
.2126
.2107
.2088
.207
.2052
.2034
.2016
.1999
.1982
.1965
.1949
.1933
.1917
.1901
.1886
.1871
.1856
.1841
.1827
.1813
.1798
.1785
.1771
.1758
.1744
.1731
.1719
.1706
.1693
.1681
.1669
.1657
.1645
.1634
.1622
.1611
.16
.1589
.1578
.1568
.1557
.1547
.1536
.1526
.1516
.1507
.1497
.1487
.1478
.1469
.1459
.145
.1441
.1432
.1424
.1415
.1406
.1398
.139
.1381
.1373
.1365
.1357
.135
.1342
.1334
.1327
.1319
.1312
.1304
.1297
.129
.1283
.1276
.1269
.1262
.1255
.1249
.1242
.1236
.1229
.1223
.1217
.121
.1204
.1198
.1192
.1186
.118
.1174
.1168
.1163
.1157
.1151
.1146
.114
.1135
.1129
.1124
.1119
.1113
.1108
.1103
.1098
.1093
.1088
.1083
.1078
.1073
.1068
.1063
.1059
.1054
.1049
.1045
.104
.1036
.1031
.1027
.1022
.1018
.1014
.1009
.1005
.1001
.0997
.0993
.0989
.0984
.098
.0976
.0972
.0969
.0965
.0961
.0957
.0953
.0949
.0946
.0942
.0938
.0935
.0931
.0927
.0924
.092
.0917
.0913
.091
.0906
.0903
.09
.0896
.0893
.089
.0886
.0883
.088
.0877
.0873
.087
.0867
.0864
.0861
.0858
.0855
.0852
.0849
.0846
.0843
.084
.0837
.0834
.0831
.0828
.0826
.0823
.082
.0817
.0815
.0812
.0809
.0806
.0804
.0801
.0798
.0796
.0793
.0791
.0788
.0785
.0783
.078
.0778
.0775
.0773
.077
.0768
.0766
.0763
.0761
.0758
.0756
.0754
.0751
.0749
.0747
.0744
.0742
.074
.0738
.0735
.0733
.0731
.0729
.0727
.0724
.0722
.072
.0718
.0716
.0714
.0712
.071
.0708
.0705
.0703
.0701
.0699
.0697
.0695
.0693
.0691
.0689
.0687
.0686
.0684
.0682
.068
.0678
.0676
.0674
.0672
.067
.0669
.0667
.0665
.0663
.0661
.0659
.0658
.0656
.0654
.0652
.0651
.0649
.0647
.0645
.0644
.0642
.064
.0639
.0637
.0635
.0634
.0632
.063
.0629
.0627
.0626
.0624
.0622
.0621
.0619
.0618
.0616
.0614
.0613
.0611
.061
.0608
.0607
.0605
.0604
.0602
.0601
.0599
.0598
.0596
.0595
.0593
.0592
.0591
.0589
.0588
.0586
.0585
.0584
.0582
.0581
.0579
.0578
.0577
.0575
.0574
.0573
.0571
.057
.0568
.0567
.0566
.0565
.0563
.0562
.0561
.0559
.0558
.0557
.0555
.0554
.0553
.0552
.055
.0549
.0548
.0547
.0546
.0544
.0543
.0542
.0541
.0539
.0538
.0537
.0536
.0535
.0534
.0532
.0531
.053
.0529
.0528
.0527
.0525
.0524
.0523
.0522
.0521
.052
.0519
.0518
.0516
.0515
.0514
.0513
.0512
.0511
.051
.0509
.0508
.0507
.0506
.0505
.0504
.0503
.0502
.0501
.0499
