4.1782
3.909
3.6583
3.4306
3.2228
3.0304
2.8516
2.6885
2.546
2.4295
2.3414
2.2791
2.2368
2.2081
2.1878
2.1722
2.1594
2.1479
2.1371
2.1266
2.1161
2.1056
2.095
2.0844
2.0737
2.063
2.0523
2.0417
2.0311
2.0206
2.0103
2.0
1.9899
1.9798
1.9699
1.9601
1.9503
1.9407
1.931
1.9215
1.9119
1.9024
1.8929
1.8834
1.8738
1.8642
1.8546
1.8448
1.835
1.8251
1.8151
1.8049
1.7946
1.7841
1.7733
1.7624
1.7511
1.7395
1.7275
1.7152
1.7023
1.6889
1.675
1.6603
1.645
1.6288
1.6117
1.5937
1.5746
1.5544
1.533
1.5103
1.4864
1.4612
1.4348
1.4071
1.3783
1.3486
1.318
1.2867
1.255
1.2229
1.1908
1.1588
1.1271
1.0959
1.0652
1.0352
1.0059
.9776
.95
.9234
.8978
.873
.8492
.8262
.8042
.783
.7626
.7431
.7243
.7062
.6889
.6722
.6561
.6407
.6259
.6116
.5978
.5845
.5717
.5594
.5475
.5361
.525
.5143
.5039
.4939
.4843
.4749
.4658
.4571
.4486
.4403
.4324
.4246
.4171
.4098
.4028
.3959
.3892
.3827
.3764
.3703
.3644
.3586
.3529
.3475
.3421
.3369
.3319
.3269
.3221
.3174
.3129
.3084
.304
.2998
.2957
.2916
.2877
.2838
.2801
.2764
.2728
.2693
.2659
.2625
.2592
.256
.2529
.2498
.2468
.2439
.241
.2382
.2354
.2327
.2301
.2275
.225
.2225
.22
.2176
.2153
.213
.2107
.2085
.2063
.2042
.2021
.2001
.198
.1961
.1941
.1922
.1903
.1885
.1867
.1849
.1831
.1814
.1797
.1781
.1764
.1748
.1733
.1717
.1702
.1687
.1672
.1657
.1643
.1629
.1615
.1601
.1588
.1575
.1562
.1549
.1536
.1524
.1512
.1499
.1488
.1476
.1464
.1453
.1442
.143
.142
.1409
.1398
.1388
.1377
.1367
.1357
.1347
.1337
.1328
.1318
.1309
.13
.129
.1281
.1273
.1264
.1255
.1246
.1238
.123
.1221
.1213
.1205
.1197
.1189
.1182
.1174
.1166
.1159
.1152
.1144
.1137
.113
.1123
.1116
.1109
.1102
.1095
.1089
.1082
.1076
.1069
.1063
.1057
.105
.1044
.1038
.1032
.1026
.102
.1015
.1009
.1003
.0997
.0992
.0986
.0981
.0975
.097
.0965
.096
.0954
.0949
.0944
.0939
.0934
.0929
.0924
.092
.0915
.091
.0905
.0901
.0896
.0891
.0887
.0882
.0878
.0874
.0869
.0865
.0861
.0857
.0852
.0848
.0844
.084
.0836
.0832
.0828
.0824
.082
.0816
.0812
.0809
.0805
.0801
.0798
.0794
.079
.0787
.0783
.078
.0776
.0773
.0769
.0766
.0762
.0759
.0756
.0752
.0749
.0746
.0743
.0739
.0736
.0733
.073
.0727
.0724
.0721
.0718
.0715
.0712
.0709
.0706
.0703
.07
.0697
.0694
.0692
.0689
.0686
.0683
.0681
.0678
.0675
.0673
.067
.0667
.0665
.0662
.0659
.0657
.0654
.0652
.0649
.0647
.0644
.0642
.064
.0637
.0635
.0632
.063
.0628
.0625
.0623
.0621
.0619
.0616
.0614
.0612
.061
.0607
.0605
.0603
.0601
.0599
.0597
.0595
.0593
.059
.0588
.0586
.0584
.0582
.058
.0578
.0576
.0574
.0572
.057
.0568
.0567
.0565
.0563
.0561
.0559
.0557
.0555
.0553
.0552
.055
.0548
.0546
.0544
.0543
.0541
.0539
.0537
.0536
.0534
.0532
.0531
.0529
.0527
.0526
.0524
.0522
.0521
.0519
.0517
.0516
.0514
.0513
.0511
.051
.0508
.0506
.0505
.0503
.0502
.05
.0499
