4.4454
4.1536
3.8575
3.5797
3.3333
3.1202
2.9361
2.7751
2.6319
2.5028
2.3855
2.2794
2.1847
2.1023
2.0329
1.9766
1.9323
1.8982
1.8723
1.8524
1.8369
1.8245
1.8142
1.8055
1.7979
1.791
1.7847
1.7789
1.7733
1.768
1.7629
1.758
1.7532
1.7485
1.7439
1.7394
1.735
1.7307
1.7265
1.7223
1.7183
1.7143
1.7104
1.7065
1.7027
1.699
1.6954
1.6918
1.6883
1.6849
1.6815
1.6782
1.6749
1.6717
1.6686
1.6655
1.6624
1.6594
1.6565
1.6535
1.6507
1.6479
1.6451
1.6424
1.6397
1.637
1.6344
1.6318
1.6292
1.6267
1.6242
1.6218
1.6193
1.6169
1.6145
1.6122
1.6099
1.6075
1.6053
1.603
1.6007
1.5985
1.5963
1.5941
1.5919
1.5898
1.5876
1.5855
1.5834
1.5813
1.5792
1.5771
1.575
1.5729
1.5708
1.5688
1.5667
1.5646
1.5626
1.5605
1.5585
1.5564
1.5544
1.5523
1.5503
1.5482
1.5462
1.5441
1.542
1.54
1.5379
1.5358
1.5337
1.5316
1.5294
1.5273
1.5251
1.5229
1.5208
1.5185
1.5163
1.5141
1.5118
1.5095
1.5071
1.5048
1.5024
1.5
1.4975
1.495
1.4925
1.4899
1.4873
1.4846
1.4819
1.4792
1.4763
1.4735
1.4705
1.4675
1.4644
1.4613
1.458
1.4547
1.4513
1.4478
1.4441
1.4404
1.4366
1.4326
1.4284
1.4242
1.4197
1.4151
1.4103
1.4052
1.4
1.3945
1.3887
1.3826
1.3762
1.3695
1.3623
1.3547
1.3466
1.338
1.3288
1.319
1.3084
1.2969
1.2846
1.2713
1.2569
1.2413
1.2244
1.2062
1.1864
1.165
1.1421
1.1176
1.0916
1.0641
1.0355
1.0058
.9755
.9448
.914
.8835
.8535
.8243
.7961
.7689
.7429
.718
.6944
.6719
.6505
.6302
.6109
.5925
.5751
.5585
.5427
.5276
.5132
.4994
.4863
.4737
.4616
.45
.4389
.4283
.418
.4081
.3987
.3895
.3807
.3722
.364
.3561
.3485
.3411
.3339
.327
.3203
.3139
.3076
.3016
.2957
.29
.2845
.2791
.2739
.2688
.2639
.2592
.2545
.25
.2457
.2414
.2373
.2333
.2294
.2255
.2218
.2182
.2147
.2113
.2079
.2047
.2015
.1984
.1954
.1924
.1896
.1868
.184
.1814
.1788
.1762
.1737
.1713
.1689
.1666
.1643
.1621
.1599
.1578
.1557
.1537
.1517
.1498
.1479
.146
.1442
.1424
.1407
.139
.1373
.1357
.134
.1325
.1309
.1294
.1279
.1265
.125
.1236
.1223
.1209
.1196
.1183
.117
.1158
.1146
.1133
.1122
.111
.1099
.1087
.1076
.1066
.1055
.1045
.1034
.1024
.1014
.1005
.0995
.0986
.0976
.0967
.0958
.095
.0941
.0932
.0924
.0916
.0908
.09
.0892
.0884
.0876
.0869
.0862
.0854
.0847
.084
.0833
.0826
.0819
.0813
.0806
.08
.0793
.0787
.0781
.0775
.0769
.0763
.0757
.0751
.0746
.074
.0735
.0729
.0724
.0718
.0713
.0708
.0703
.0698
.0693
.0688
.0683
.0678
.0674
.0669
.0664
.066
.0655
.0651
.0647
.0642
.0638
.0634
.063
.0626
.0621
.0617
.0614
.061
.0606
.0602
.0598
.0594
.0591
.0587
.0583
.058
.0576
.0573
.0569
.0566
.0563
.0559
.0556
.0553
.055
.0546
.0543
.054
.0537
.0534
.0531
.0528
.0525
.0522
.0519
.0516
.0513
.0511
.0508
.0505
.0502
.05
