4.2827
3.9829
3.6894
3.4153
3.1641
2.9361
2.7344
2.565
2.4341
2.3418
2.2813
2.242
2.215
2.1942
2.1764
2.1599
2.1437
2.1275
2.1112
2.0946
2.0777
2.0606
2.0434
2.0259
2.0083
1.9905
1.9726
1.9546
1.9364
1.9182
1.8998
1.8812
1.8625
1.8434
1.824
1.8042
1.7839
1.763
1.7414
1.719
1.6956
1.6712
1.6456
1.6187
1.5906
1.561
1.53
1.4977
1.464
1.4291
1.3931
1.3563
1.3188
1.2809
1.2427
1.2046
1.1667
1.1293
1.0926
1.0566
1.0216
.9876
.9547
.9229
.8923
.863
.8348
.8078
.7819
.7572
.7336
.7111
.6895
.669
.6494
.6306
.6127
.5956
.5793
.5637
.5488
.5345
.5209
.5078
.4953
.4833
.4718
.4607
.4501
.4399
.4302
.4208
.4117
.403
.3946
.3866
.3788
.3713
.364
.357
.3503
.3437
.3374
.3313
.3254
.3197
.3141
.3088
.3036
.2985
.2936
.2888
.2842
.2797
.2754
.2711
.267
.263
.2591
.2553
.2516
.248
.2445
.2411
.2378
.2345
.2314
.2283
.2252
.2223
.2194
.2166
.2139
.2112
.2086
.206
.2035
.2011
.1987
.1963
.194
.1918
.1896
.1874
.1853
.1833
.1813
.1793
.1773
.1754
.1736
.1717
.17
.1682
.1665
.1648
.1631
.1615
.1599
.1583
.1568
.1553
.1538
.1523
.1509
.1495
.1481
.1467
.1454
.144
.1427
.1415
.1402
.139
.1378
.1366
.1354
.1343
.1331
.132
.1309
.1298
.1287
.1277
.1267
.1256
.1246
.1236
.1227
.1217
.1208
.1198
.1189
.118
.1171
.1162
.1154
.1145
.1137
.1128
.112
.1112
.1104
.1096
.1088
.1081
.1073
.1066
.1058
.1051
.1044
.1037
.103
.1023
.1016
.1009
.1003
.0996
.099
.0983
.0977
.0971
.0964
.0958
.0952
.0946
.094
.0935
.0929
.0923
.0917
.0912
.0906
.0901
.0896
.089
.0885
.088
.0875
.087
.0865
.086
.0855
.085
.0845
.084
.0836
.0831
.0826
.0822
.0817
.0813
.0808
.0804
.08
.0795
.0791
.0787
.0783
.0779
.0775
.0771
.0767
.0763
.0759
.0755
.0751
.0747
.0743
.074
.0736
.0732
.0729
.0725
.0722
.0718
.0715
.0711
.0708
.0704
.0701
.0698
.0694
.0691
.0688
.0685
.0681
.0678
.0675
.0672
.0669
.0666
.0663
.066
.0657
.0654
.0651
.0648
.0645
.0642
.064
.0637
.0634
.0631
.0629
.0626
.0623
.0621
.0618
.0615
.0613
.061
.0608
.0605
.0602
.06
.0597
.0595
.0593
.059
.0588
.0585
.0583
.0581
.0578
.0576
.0574
.0571
.0569
.0567
.0565
.0563
.056
.0558
.0556
.0554
.0552
.055
.0548
.0546
.0543
.0541
.0539
.0537
.0535
.0533
.0531
.0529
.0527
.0526
.0524
.0522
.052
.0518
.0516
.0514
.0512
.0511
.0509
.0507
.0505
.0503
.0502
.05
