4.5236
4.2454
3.956
3.6701
3.3945
3.1317
2.8873
2.673
2.5038
2.3868
2.3151
2.2736
2.2489
2.2326
2.2203
2.2101
2.2008
2.1921
2.1838
2.1757
2.1678
2.1602
2.1526
2.1453
2.1381
2.131
2.124
2.117
2.1102
2.1034
2.0966
2.0898
2.083
2.0762
2.0693
2.0624
2.0553
2.0481
2.0408
2.0333
2.0256
2.0177
2.0095
2.0011
1.9923
1.9832
1.9738
1.9639
1.9537
1.943
1.9319
1.9203
1.9083
1.8957
1.8826
1.8689
1.8547
1.8399
1.8244
1.8083
1.7915
1.7739
1.7554
1.7361
1.7158
1.6945
1.6719
1.6481
1.6229
1.5963
1.5682
1.5385
1.5073
1.4745
1.4403
1.4047
1.368
1.3303
1.2919
1.2531
1.214
1.1751
1.1365
1.0984
1.0611
1.0247
.9893
.955
.9218
.8899
.8593
.8299
.8017
.7747
.7489
.7243
.7007
.6782
.6567
.6362
.6166
.5979
.58
.5629
.5466
.531
.516
.5018
.4881
.475
.4624
.4504
.4388
.4277
.4171
.4069
.3971
.3877
.3786
.3699
.3615
.3534
.3456
.3381
.3309
.3239
.3172
.3107
.3045
.2984
.2926
.2869
.2814
.2761
.271
.2661
.2613
.2566
.2521
.2477
.2435
.2394
.2354
.2315
.2277
.2241
.2205
.2171
.2137
.2105
.2073
.2042
.2012
.1982
.1954
.1926
.1899
.1872
.1847
.1822
.1797
.1773
.175
.1727
.1705
.1683
.1662
.1641
.1621
.1601
.1581
.1562
.1544
.1526
.1508
.1491
.1474
.1457
.1441
.1425
.1409
.1394
.1379
.1364
.1349
.1335
.1321
.1308
.1294
.1281
.1268
.1256
.1243
.1231
.1219
.1207
.1196
.1185
.1173
.1163
.1152
.1141
.1131
.1121
.1111
.1101
.1091
.1081
.1072
.1063
.1054
.1045
.1036
.1027
.1019
.101
.1002
.0994
.0986
.0978
.097
.0963
.0955
.0948
.094
.0933
.0926
.0919
.0912
.0905
.0898
.0892
.0885
.0879
.0872
.0866
.086
.0854
.0848
.0842
.0836
.083
.0824
.0819
.0813
.0808
.0802
.0797
.0792
.0786
.0781
.0776
.0771
.0766
.0761
.0756
.0752
.0747
.0742
.0738
.0733
.0729
.0724
.072
.0715
.0711
.0707
.0702
.0698
.0694
.069
.0686
.0682
.0678
.0674
.067
.0667
.0663
.0659
.0655
.0652
.0648
.0645
.0641
.0638
.0634
.0631
.0627
.0624
.0621
.0617
.0614
.0611
.0608
.0604
.0601
.0598
.0595
.0592
.0589
.0586
.0583
.058
.0577
.0574
.0572
.0569
.0566
.0563
.0561
.0558
.0555
.0552
.055
.0547
.0545
.0542
.054
.0537
.0535
.0532
.053
.0527
.0525
.0522
.052
.0518
.0515
.0513
.0511
.0508
.0506
.0504
.0502
.05
