4.5045
4.2493
4.0065
3.7864
3.5861
3.3972
3.2112
3.0232
2.8338
2.6507
2.4878
2.3581
2.2663
2.2067
2.1692
2.1452
2.1291
2.1177
2.109
2.1021
2.0964
2.0917
2.0875
2.0839
2.0806
2.0777
2.075
2.0726
2.0703
2.0681
2.0661
2.0642
2.0624
2.0607
2.059
2.0574
2.0558
2.0542
2.0527
2.0512
2.0497
2.0483
2.0468
2.0454
2.044
2.0425
2.0411
2.0397
2.0382
2.0367
2.0353
2.0338
2.0322
2.0307
2.0291
2.0275
2.0258
2.0241
2.0223
2.0205
2.0186
2.0166
2.0146
2.0124
2.0102
2.0079
2.0054
2.0028
2.0001
1.9973
1.9942
1.991
1.9877
1.9841
1.9803
1.9763
1.972
1.9675
1.9627
1.9575
1.9521
1.9464
1.9403
1.9339
1.9271
1.92
1.9125
1.9046
1.8963
1.8877
1.8787
1.8693
1.8596
1.8495
1.839
1.8281
1.8168
1.8051
1.793
1.7804
1.7673
1.7537
1.7394
1.7244
1.7086
1.6918
1.674
1.655
1.6345
1.6125
1.5887
1.5628
1.5347
1.5041
1.4709
1.435
1.3963
1.3549
1.3111
1.2652
1.2178
1.1696
1.121
1.0729
1.0259
.9803
.9365
.8949
.8554
.8182
.7832
.7504
.7196
.6908
.6638
.6384
.6147
.5923
.5713
.5516
.533
.5154
.4989
.4832
.4684
.4544
.4412
.4286
.4166
.4053
.3945
.3842
.3745
.3652
.3563
.3478
.3397
.332
.3246
.3175
.3108
.3043
.298
.2921
.2863
.2808
.2755
.2704
.2655
.2608
.2562
.2518
.2476
.2435
.2395
.2357
.232
.2284
.2249
.2216
.2183
.2152
.2121
.2091
.2062
.2034
.2007
.1981
.1955
.193
.1905
.1882
.1859
.1836
.1814
.1793
.1772
.1751
.1732
.1712
.1693
.1675
.1657
.1639
.1622
.1605
.1588
.1572
.1556
.154
.1525
.151
.1496
.1481
.1467
.1454
.144
.1427
.1414
.1401
.1389
.1376
.1364
.1352
.1341
.1329
.1318
.1307
.1296
.1286
.1275
.1265
.1255
.1245
.1235
.1225
.1216
.1207
.1197
.1188
.1179
.1171
.1162
.1153
.1145
.1137
.1129
.1121
.1113
.1105
.1097
.109
.1082
.1075
.1067
.106
.1053
.1046
.1039
.1032
.1026
.1019
.1013
.1006
.1
.0993
.0987
.0981
.0975
.0969
.0963
.0957
.0952
.0946
.094
.0935
.0929
.0924
.0918
.0913
.0908
.0903
.0897
.0892
.0887
.0882
.0877
.0873
.0868
.0863
.0858
.0854
.0849
.0845
.084
.0836
.0831
.0827
.0823
.0818
.0814
.081
.0806
.0802
.0798
.0794
.079
.0786
.0782
.0778
.0774
.077
.0767
.0763
.0759
.0756
.0752
.0748
.0745
.0741
.0738
.0734
.0731
.0728
.0724
.0721
.0718
.0714
.0711
.0708
.0705
.0702
.0698
.0695
.0692
.0689
.0686
.0683
.068
.0677
.0674
.0672
.0669
.0666
.0663
.066
.0657
.0655
.0652
.0649
.0647
.0644
.0641
.0639
.0636
.0633
.0631
.0628
.0626
.0623
.0621
.0618
.0616
.0614
.0611
.0609
.0606
.0604
.0602
.0599
.0597
.0595
.0593
.059
.0588
.0586
.0584
.0582
.0579
.0577
.0575
.0573
.0571
.0569
.0567
.0565
.0563
.0561
.0559
.0557
.0555
.0553
.0551
.0549
.0547
.0545
.0543
.0541
.0539
.0537
.0535
.0534
.0532
.053
.0528
.0526
.0525
.0523
.0521
.0519
.0518
.0516
.0514
.0512
.0511
.0509
.0507
.0506
.0504
.0502
.0501
.0499
