4.0689
3.8818
3.718
3.5668
3.4189
3.267
3.1073
2.9397
2.7703
2.6113
2.4776
2.3783
2.3112
2.2671
2.2367
2.2138
2.1949
2.1784
2.1631
2.1487
2.135
2.1217
2.1089
2.0964
2.0842
2.0723
2.0607
2.0492
2.038
2.0269
2.016
2.0053
1.9947
1.9842
1.9738
1.9636
1.9534
1.9434
1.9334
1.9236
1.9139
1.9042
1.8947
1.8853
1.876
1.8668
1.8578
1.8488
1.84
1.8314
1.8228
1.8144
1.8061
1.798
1.79
1.7821
1.7743
1.7667
1.7592
1.7518
1.7445
1.7374
1.7303
1.7234
1.7166
1.7098
1.7032
1.6966
1.6902
1.6838
1.6775
1.6713
1.6652
1.6591
1.6531
1.6472
1.6413
1.6355
1.6297
1.624
1.6183
1.6127
1.6071
1.6016
1.5961
1.5907
1.5852
1.5798
1.5745
1.5691
1.5638
1.5585
1.5532
1.548
1.5428
1.5375
1.5323
1.5271
1.5219
1.5168
1.5116
1.5064
1.5013
1.4961
1.491
1.4858
1.4807
1.4755
1.4704
1.4653
1.4601
1.455
1.4498
1.4447
1.4395
1.4344
1.4292
1.4241
1.4189
1.4138
1.4086
1.4034
1.3982
1.3931
1.3879
1.3827
1.3775
1.3723
1.3672
1.362
1.3568
1.3516
1.3464
1.3412
1.336
1.3308
1.3256
1.3204
1.3152
1.31
1.3048
1.2996
1.2944
1.2892
1.284
1.2789
1.2737
1.2685
1.2633
1.2582
1.253
1.2479
1.2427
1.2376
1.2325
1.2273
1.2222
1.2171
1.212
1.2069
1.2019
1.1968
1.1917
1.1867
1.1816
1.1766
1.1716
1.1666
1.1616
1.1566
1.1517
1.1467
1.1418
1.1369
1.132
1.1271
1.1222
1.1173
1.1125
1.1076
1.1028
1.098
1.0932
1.0884
1.0836
1.0789
1.0742
1.0694
1.0647
1.0601
1.0554
1.0507
1.0461
1.0415
1.0368
1.0323
1.0277
1.0231
1.0186
1.014
1.0095
1.005
1.0005
.9961
.9916
.9872
.9828
.9784
.974
.9696
.9652
.9609
.9566
.9523
.948
.9437
.9394
.9352
.9309
.9267
.9225
.9183
.9141
.91
.9058
.9017
.8976
.8935
.8894
.8853
.8813
.8772
.8732
.8692
.8652
.8612
.8572
.8533
.8493
.8454
.8415
.8376
.8337
.8299
.826
.8222
.8184
.8146
.8108
.807
.8032
.7995
.7957
.792
.7883
.7846
.7809
.7773
.7736
.77
.7664
.7628
.7592
.7556
.7521
.7485
.745
.7415
.738
.7345
.731
.7276
.7242
.7207
.7173
.7139
.7106
.7072
.7039
.7005
.6972
.6939
.6907
.6874
.6841
.6809
.6777
.6745
.6713
.6681
.665
.6618
.6587
.6556
.6525
.6495
.6464
.6434
.6404
.6374
.6344
.6314
.6284
.6255
.6226
.6197
.6168
.6139
.6111
.6082
.6054
.6026
.5998
.5971
.5943
.5916
.5889
.5862
.5835
.5808
.5782
.5756
.573
.5704
.5678
.5652
.5627
.5602
.5577
.5552
.5527
.5502
.5478
.5454
.543
.5406
.5382
.5358
.5335
.5312
.5289
.5266
.5243
.5221
.5198
.5176
.5154
.5132
.511
.5089
.5067
.5046
.5025
.5004
.4983
.4963
.4942
.4922
.4902
.4882
.4862
.4842
.4823
.4803
.4784
.4765
.4746
.4727
.4709
.469
.4672
.4654
.4635
.4618
.46
.4582
.4564
.4547
.453
.4513
.4496
.4479
.4462
.4445
.4429
.4412
.4396
.438
.4364
.4348
.4332
.4317
.4301
.4286
.4271
.4255
.424
.4225
.4211
.4196
.4181
.4167
.4152
.4138
.4124
.411
.4096
.4082
.4068
.4054
.4041
.4027
.4014
.4
.3987
.3974
.3961
.3948
.3935
.3922
.391
.3897
.3885
.3872
.386
.3848
.3836
.3823
.3811
.38
.3788
.3776
.3764
.3753
.3741
.373
.3718
.3707
.3696
.3685
.3673
.3662
.3651
.3641
.363
.3619
.3608
.3598
.3587
.3577
.3566
.3556
.3546
.3536
.3525
.3515
.3505
.3495
.3485
.3476
.3466
.3456
.3446
.3437
.3427
.3418
.3408
.3399
.339
.338
.3371
.3362
.3353
.3344
.3335
.3326
.3317
.3308
.3299
.3291
.3282
.3273
.3265
.3256
.3248
.3239
.3231
.3222
.3214
.3206
.3198
.3189
.3181
.3173
.3165
.3157
.3149
.3141
.3133
.3126
.3118
.311
.3102
.3095
.3087
.3079
.3072
.3064
.3057
.3049
.3042
.3034
.3027
.302
.3012
.3005
.2998
.299
.2983
.2976
.2969
.2962
.2955
.2948
.2941
.2934
.2927
.292
.2913
.2906
.2899
.2892
.2885
.2878
.2872
.2865
.2858
.2851
.2844
.2838
.2831
.2824
.2818
.2811
.2804
.2798
.2791
.2785
.2778
.2772
.2765
.2759
.2752
.2746
.2739
.2733
.2726
.272
.2713
.2707
.2701
.2694
.2688
.2682
.2675
.2669
.2663
.2657
.265
.2644
.2638
.2632
.2626
.2619
.2613
.2607
.2601
.2595
.2589
.2583
.2577
.2571
.2565
.2559
.2553
.2547
.2541
.2535
.2529
.2523
.2517
.2511
.2505
.2499
.2494
.2488
.2482
.2476
.2471
.2465
.2459
.2453
.2448
.2442
.2436
.2431
.2425
.242
.2414
.2408
.2403
.2397
.2392
.2386
.2381
.2375
.237
.2364
.2359
.2354
.2348
.2343
.2338
.2332
.2327
.2322
.2316
.2311
.2306
.2301
.2296
.229
.2285
.228
.2275
.227
.2265
.226
.2255
.2249
.2244
.2239
.2234
.2229
.2225
.222
.2215
.221
.2205
.22
.2195
.219
.2185
.2181
.2176
.2171
.2166
.2162
.2157
.2152
.2147
.2143
.2138
.2133
.2129
.2124
.212
.2115
.211
.2106
.2101
.2097
.2092
.2088
.2083
.2079
.2074
.207
.2065
.2061
.2057
.2052
.2048
.2044
.2039
.2035
.2031
.2026
.2022
.2018
.2014
.2009
.2005
.2001
.1997
.1993
.1989
.1984
.198
.1976
.1972
.1968
.1964
.196
.1956
.1952
.1948
.1944
.194
.1936
.1932
.1928
.1924
.192
.1916
.1912
.1908
.1904
.1901
.1897
.1893
.1889
.1885
.1882
.1878
.1874
.187
.1866
.1863
.1859
.1855
.1852
.1848
.1844
.1841
.1837
.1833
.183
.1826
.1823
.1819
.1815
.1812
.1808
.1805
.1801
.1798
.1794
.1791
.1787
.1784
.178
.1777
.1773
.177
.1767
.1763
.176
.1756
.1753
.175
.1746
.1743
.174
.1736
.1733
.173
.1727
.1723
.172
.1717
.1714
.171
.1707
.1704
.1701
.1698
.1694
.1691
.1688
.1685
.1682
.1679
.1676
.1672
.1669
.1666
.1663
.166
.1657
.1654
.1651
.1648
.1645
.1642
.1639
.1636
.1633
.163
.1627
.1624
.1621
.1618
.1615
.1612
.1609
.1607
.1604
.1601
.1598
.1595
.1592
.1589
.1587
.1584
.1581
.1578
.1575
.1572
.157
.1567
.1564
.1561
.1559
.1556
.1553
.155
.1548
.1545
.1542
.154
.1537
.1534
.1532
.1529
.1526
.1524
.1521
.1518
.1516
.1513
.1511
.1508
.1505
.1503
.15
.1498
.1495
.1493
.149
.1488
.1485
.1482
.148
.1477
.1475
.1472
.147
.1468
.1465
.1463
.146
.1458
.1455
.1453
.145
.1448
.1446
.1443
.1441
.1438
.1436
.1434
.1431
.1429
.1427
.1424
.1422
.142
.1417
.1415
.1413
.141
.1408
.1406
.1403
.1401
.1399
.1397
.1394
.1392
.139
.1388
.1385
.1383
.1381
.1379
.1377
.1374
.1372
.137
.1368
.1366
.1363
.1361
.1359
.1357
.1355
.1353
.1351
.1348
.1346
.1344
.1342
.134
.1338
.1336
.1334
.1332
.133
.1327
.1325
.1323
.1321
.1319
.1317
.1315
.1313
.1311
.1309
.1307
.1305
.1303
.1301
.1299
.1297
.1295
.1293
.1291
.1289
.1287
.1285
.1283
.1281
.1279
.1278
.1276
.1274
.1272
.127
.1268
.1266
.1264
.1262
.126
.1258
.1257
.1255
.1253
.1251
.1249
.1247
.1245
.1244
.1242
.124
.1238
.1236
.1234
.1233
.1231
.1229
.1227
.1225
.1224
.1222
.122
.1218
.1217
.1215
.1213
.1211
.121
.1208
.1206
.1204
.1203
.1201
.1199
.1197
.1196
.1194
.1192
.1191
.1189
.1187
.1186
.1184
.1182
.118
.1179
.1177
.1175
.1174
.1172
.1171
.1169
.1167
.1166
.1164
.1162
.1161
.1159
.1157
.1156
.1154
.1153
.1151
.1149
.1148
.1146
.1145
.1143
.1142
.114
.1138
.1137
.1135
.1134
.1132
.1131
.1129
.1128
.1126
.1124
.1123
.1121
.112
.1118
.1117
.1115
.1114
.1112
.1111
.1109
.1108
.1106
.1105
.1103
.1102
.11
.1099
.1098
.1096
.1095
.1093
.1092
.109
.1089
.1087
.1086
.1084
.1083
.1082
.108
.1079
.1077
.1076
.1075
.1073
.1072
.107
.1069
.1068
.1066
.1065
.1063
.1062
.1061
.1059
.1058
.1057
.1055
.1054
.1052
.1051
.105
.1048
.1047
.1046
.1044
.1043
.1042
.104
.1039
.1038
.1036
.1035
.1034
.1032
.1031
.103
.1029
.1027
.1026
.1025
.1023
.1022
.1021
.1019
.1018
.1017
.1016
.1014
.1013
.1012
.1011
.1009
.1008
.1007
.1006
.1004
.1003
.1002
.1001
.0999
.0998
.0997
.0996
.0994
.0993
.0992
.0991
.099
.0988
.0987
.0986
.0985
.0984
.0982
.0981
.098
.0979
.0978
.0976
.0975
.0974
.0973
.0972
.0971
.0969
.0968
.0967
.0966
.0965
.0964
.0962
.0961
.096
.0959
.0958
.0957
.0956
.0954
.0953
.0952
.0951
.095
.0949
.0948
.0947
.0946
.0944
.0943
.0942
.0941
.094
.0939
.0938
.0937
.0936
.0934
.0933
.0932
.0931
.093
.0929
.0928
.0927
.0926
.0925
.0924
.0923
.0922
.0921
.0919
.0918
.0917
.0916
.0915
.0914
.0913
.0912
.0911
.091
.0909
.0908
.0907
.0906
.0905
.0904
.0903
.0902
.0901
.09
.0899
.0898
.0897
.0896
.0895
.0894
.0893
.0892
.0891
.089
.0889
.0888
.0887
.0886
.0885
.0884
.0883
.0882
.0881
.088
.0879
.0878
.0877
.0876
.0875
.0874
.0873
.0872
.0871
.087
.0869
.0868
.0867
.0866
.0866
.0865
.0864
.0863
.0862
.0861
.086
.0859
.0858
.0857
.0856
.0855
.0854
.0853
.0853
.0852
.0851
.085
.0849
.0848
.0847
.0846
.0845
.0844
.0843
.0843
.0842
.0841
.084
.0839
.0838
.0837
.0836
.0835
.0835
.0834
.0833
.0832
.0831
.083
.0829
.0828
.0828
.0827
.0826
.0825
.0824
.0823
.0822
.0822
.0821
.082
.0819
.0818
.0817
.0816
.0816
.0815
.0814
.0813
.0812
.0811
.0811
.081
.0809
.0808
.0807
.0806
.0806
.0805
.0804
.0803
.0802
.0801
.0801
.08
.0799
.0798
.0797
.0797
.0796
.0795
.0794
.0793
.0793
.0792
.0791
.079
.0789
.0789
.0788
.0787
.0786
.0785
.0785
.0784
.0783
.0782
.0781
.0781
.078
.0779
.0778
.0778
.0777
.0776
.0775
.0775
.0774
.0773
.0772
.0771
.0771
.077
.0769
.0768
.0768
.0767
.0766
.0765
.0765
.0764
.0763
.0762
.0762
.0761
.076
.0759
.0759
.0758
.0757
.0757
.0756
.0755
.0754
.0754
.0753
.0752
.0751
.0751
.075
.0749
.0749
.0748
.0747
.0746
.0746
.0745
.0744
.0744
.0743
.0742
.0741
.0741
.074
.0739
.0739
.0738
.0737
.0737
.0736
.0735
.0734
.0734
.0733
.0732
.0732
.0731
.073
.073
.0729
.0728
.0728
.0727
.0726
.0726
.0725
.0724
.0724
.0723
.0722
.0722
.0721
.072
.0719
.0719
.0718
.0718
.0717
.0716
.0716
.0715
.0714
.0714
.0713
.0712
.0712
.0711
.071
.071
.0709
.0708
.0708
.0707
.0706
.0706
.0705
.0704
.0704
.0703
.0703
.0702
.0701
.0701
.07
.0699
.0699
.0698
.0697
.0697
.0696
.0696
.0695
.0694
.0694
.0693
.0692
.0692
.0691
.0691
.069
.0689
.0689
.0688
.0688
.0687
.0686
.0686
.0685
.0685
.0684
.0683
.0683
.0682
.0682
.0681
.068
.068
.0679
.0679
.0678
.0677
.0677
.0676
.0676
.0675
.0674
.0674
.0673
.0673
.0672
.0671
.0671
.067
.067
.0669
.0669
.0668
.0667
.0667
.0666
.0666
.0665
.0664
.0664
.0663
.0663
.0662
.0662
.0661
.066
.066
.0659
.0659
.0658
.0658
.0657
.0657
.0656
.0655
.0655
.0654
.0654
.0653
.0653
.0652
.0652
.0651
.065
.065
.0649
.0649
.0648
.0648
.0647
.0647
.0646
.0646
.0645
.0644
.0644
.0643
.0643
.0642
.0642
.0641
.0641
.064
.064
.0639
.0639
.0638
.0637
.0637
.0636
.0636
.0635
.0635
.0634
.0634
.0633
.0633
.0632
.0632
.0631
.0631
.063
.063
.0629
.0629
.0628
.0628
.0627
.0627
.0626
.0626
.0625
.0625
.0624
.0623
.0623
.0622
.0622
.0621
.0621
.062
.062
.0619
.0619
.0618
.0618
.0617
.0617
.0616
.0616
.0615
.0615
.0614
.0614
.0613
.0613
.0613
.0612
.0612
.0611
.0611
.061
.061
.0609
.0609
.0608
.0608
.0607
.0607
.0606
.0606
.0605
.0605
.0604
.0604
.0603
.0603
.0602
.0602
.0601
.0601
.06
.06
.06
.0599
.0599
.0598
.0598
.0597
.0597
.0596
.0596
.0595
.0595
.0594
.0594
.0593
.0593
.0593
.0592
.0592
.0591
.0591
.059
.059
.0589
.0589
.0588
.0588
.0588
.0587
.0587
.0586
.0586
.0585
.0585
.0584
.0584
.0583
.0583
.0583
.0582
.0582
.0581
.0581
.058
.058
.0579
.0579
.0579
.0578
.0578
.0577
.0577
.0576
.0576
.0576
.0575
.0575
.0574
.0574
.0573
.0573
.0572
.0572
.0572
.0571
.0571
.057
.057
.0569
.0569
.0569
.0568
.0568
.0567
.0567
.0567
.0566
.0566
.0565
.0565
.0564
.0564
.0564
.0563
.0563
.0562
.0562
.0561
.0561
.0561
.056
.056
.0559
.0559
.0559
.0558
.0558
.0557
.0557
.0557
.0556
.0556
.0555
.0555
.0555
.0554
.0554
.0553
.0553
.0552
.0552
.0552
.0551
.0551
.055
.055
.055
.0549
.0549
.0548
.0548
.0548
.0547
.0547
.0547
.0546
.0546
.0545
.0545
.0545
.0544
.0544
.0543
.0543
.0543
.0542
.0542
.0541
.0541
.0541
.054
.054
.054
.0539
.0539
.0538
.0538
.0538
.0537
.0537
.0536
.0536
.0536
.0535
.0535
.0535
.0534
.0534
.0533
.0533
.0533
.0532
.0532
.0532
.0531
.0531
.053
.053
.053
.0529
.0529
.0529
.0528
.0528
.0527
.0527
.0527
.0526
.0526
.0526
.0525
.0525
.0525
.0524
.0524
.0523
.0523
.0523
.0522
.0522
.0522
.0521
.0521
.0521
.052
.052
.0519
.0519
.0519
.0518
.0518
.0518
.0517
.0517
.0517
.0516
.0516
.0516
.0515
.0515
.0515
.0514
.0514
.0513
.0513
.0513
.0512
.0512
.0512
.0511
.0511
.0511
.051
.051
.051
.0509
.0509
.0509
.0508
.0508
.0508
.0507
.0507
.0507
.0506
.0506
.0506
.0505
.0505
.0505
.0504
.0504
.0504
.0503
.0503
.0503
.0502
.0502
.0502
.0501
.0501
.0501
.05
.05
