4.151
3.9233
3.7232
3.5494
3.3956
3.2559
3.126
3.0036
2.8888
2.7832
2.6897
2.6109
2.5486
2.5023
2.4697
2.4476
2.4331
2.4235
2.417
2.4124
2.4089
2.4061
2.4035
2.4011
2.3988
2.3964
2.3939
2.3913
2.3886
2.3857
2.3827
2.3795
2.3761
2.3726
2.3688
2.3648
2.3606
2.3562
2.3514
2.3464
2.341
2.3353
2.3292
2.3227
2.3158
2.3083
2.3004
2.2918
2.2827
2.2728
2.2621
2.2506
2.2382
2.2247
2.2101
2.1942
2.1768
2.1578
2.1369
2.114
2.0888
2.0611
2.0305
1.9969
1.9599
1.9195
1.8757
1.8285
1.7783
1.7254
1.6705
1.6142
1.5571
1.5
1.4435
1.3881
1.3342
1.2821
1.232
1.1842
1.1387
1.0955
1.0546
1.0159
.9795
.9452
.9129
.8825
.8539
.8271
.8018
.7779
.7555
.7344
.7144
.6956
.6778
.661
.6451
.63
.6156
.6021
.5891
.5768
.5651
.5539
.5433
.5331
.5233
.514
.5051
.4965
.4883
.4804
.4728
.4654
.4584
.4516
.445
.4387
.4326
.4267
.4209
.4154
.41
.4048
.3997
.3948
.39
.3854
.3808
.3764
.3721
.368
.3639
.3599
.356
.3522
.3485
.3449
.3414
.3379
.3345
.3312
.328
.3248
.3217
.3186
.3156
.3127
.3098
.307
.3042
.3015
.2988
.2962
.2936
.291
.2885
.2861
.2836
.2813
.2789
.2766
.2744
.2721
.2699
.2678
.2657
.2636
.2615
.2595
.2575
.2555
.2536
.2517
.2498
.2479
.2461
.2443
.2425
.2408
.239
.2373
.2357
.234
.2324
.2308
.2292
.2276
.2261
.2245
.223
.2216
.2201
.2187
.2172
.2158
.2145
.2131
.2118
.2104
.2091
.2078
.2065
.2053
.204
.2028
.2016
.2004
.1992
.198
.1969
.1957
.1946
.1935
.1924
.1913
.1902
.1892
.1881
.1871
.1861
.1851
.1841
.1831
.1821
.1812
.1802
.1793
.1783
.1774
.1765
.1756
.1747
.1738
.173
.1721
.1712
.1704
.1696
.1687
.1679
.1671
.1663
.1655
.1647
.164
.1632
.1624
.1617
.1609
.1602
.1595
.1588
.158
.1573
.1566
.1559
.1552
.1546
.1539
.1532
.1526
.1519
.1513
.1506
.15
.1493
.1487
.1481
.1475
.1469
.1463
.1457
.1451
.1445
.1439
.1433
.1428
.1422
.1416
.1411
.1405
.14
.1394
.1389
.1383
.1378
.1373
.1368
.1362
.1357
.1352
.1347
.1342
.1337
.1332
.1327
.1322
.1318
.1313
.1308
.1303
.1299
.1294
.1289
.1285
.128
.1276
.1271
.1267
.1262
.1258
.1254
.1249
.1245
.1241
.1237
.1232
.1228
.1224
.122
.1216
.1212
.1208
.1204
.12
.1196
.1192
.1188
.1184
.118
.1177
.1173
.1169
.1165
.1162
.1158
.1154
.1151
.1147
.1143
.114
.1136
.1133
.1129
.1126
.1122
.1119
.1116
.1112
.1109
.1105
.1102
.1099
.1096
.1092
.1089
.1086
.1083
.1079
.1076
.1073
.107
.1067
.1064
.1061
.1058
.1055
.1052
.1049
.1046
.1043
.104
.1037
.1034
.1031
.1028
.1025
.1022
.1019
.1017
.1014
.1011
.1008
.1006
.1003
.1
.0997
.0995
.0992
.0989
.0987
.0984
.0981
.0979
.0976
.0974
.0971
.0968
.0966
.0963
.0961
.0958
.0956
.0953
.0951
.0948
.0946
.0944
.0941
.0939
.0936
.0934
.0932
.0929
.0927
.0925
.0922
.092
.0918
.0915
.0913
.0911
.0909
.0906
.0904
.0902
.09
.0898
.0895
.0893
.0891
.0889
.0887
.0885
.0883
.088
.0878
.0876
.0874
.0872
.087
.0868
.0866
.0864
.0862
.086
.0858
.0856
.0854
.0852
.085
.0848
.0846
.0844
.0842
.084
.0838
.0836
.0835
.0833
.0831
.0829
.0827
.0825
.0823
.0821
.082
.0818
.0816
.0814
.0812
.0811
.0809
.0807
.0805
.0804
.0802
.08
.0798
.0797
.0795
.0793
.0791
.079
.0788
.0786
.0785
.0783
.0781
.078
.0778
.0776
.0775
.0773
.0772
.077
.0768
.0767
.0765
.0763
.0762
.076
.0759
.0757
.0756
.0754
.0753
.0751
.0749
.0748
.0746
.0745
.0743
.0742
.074
.0739
.0737
.0736
.0734
.0733
.0732
.073
.0729
.0727
.0726
.0724
.0723
.0721
.072
.0719
.0717
.0716
.0714
.0713
.0712
.071
.0709
.0708
.0706
.0705
.0703
.0702
.0701
.0699
.0698
.0697
.0695
.0694
.0693
.0692
.069
.0689
.0688
.0686
.0685
.0684
.0683
.0681
.068
.0679
.0677
.0676
.0675
.0674
.0673
.0671
.067
.0669
.0668
.0666
.0665
.0664
.0663
.0662
.066
.0659
.0658
.0657
.0656
.0654
.0653
.0652
.0651
.065
.0649
.0648
.0646
.0645
.0644
.0643
.0642
.0641
.064
.0638
.0637
.0636
.0635
.0634
.0633
.0632
.0631
.063
.0629
.0627
.0626
.0625
.0624
.0623
.0622
.0621
.062
.0619
.0618
.0617
.0616
.0615
.0614
.0613
.0612
.0611
.061
.0609
.0608
.0607
.0606
.0605
.0604
.0603
.0602
.0601
.06
.0599
.0598
.0597
.0596
.0595
.0594
.0593
.0592
.0591
.059
.0589
.0588
.0587
.0586
.0585
.0584
.0583
.0582
.0581
.0581
.058
.0579
.0578
.0577
.0576
.0575
.0574
.0573
.0572
.0571
.0571
.057
.0569
.0568
.0567
.0566
.0565
.0564
.0563
.0563
.0562
.0561
.056
.0559
.0558
.0557
.0557
.0556
.0555
.0554
.0553
.0552
.0551
.0551
.055
.0549
.0548
.0547
.0547
.0546
.0545
.0544
.0543
.0542
.0542
.0541
.054
.0539
.0538
.0538
.0537
.0536
.0535
.0534
.0534
.0533
.0532
.0531
.0531
.053
.0529
.0528
.0527
.0527
.0526
.0525
.0524
.0524
.0523
.0522
.0521
.0521
.052
.0519
.0518
.0518
.0517
.0516
.0515
.0515
.0514
.0513
.0513
.0512
.0511
.051
.051
.0509
.0508
.0508
.0507
.0506
.0505
.0505
.0504
.0503
.0503
.0502
.0501
.05
.05
