4.1947
3.9444
3.7186
3.5107
3.3089
3.1032
2.8909
2.6796
2.4874
2.3343
2.2277
2.1597
2.1168
2.0884
2.0681
2.0526
2.0401
2.0295
2.0203
2.0122
2.0048
1.9981
1.992
1.9862
1.9809
1.9758
1.971
1.9664
1.9621
1.9578
1.9537
1.9497
1.9458
1.942
1.9383
1.9346
1.9309
1.9273
1.9238
1.9203
1.9168
1.9133
1.9099
1.9064
1.903
1.8996
1.8962
1.8928
1.8894
1.886
1.8826
1.8791
1.8757
1.8723
1.8689
1.8654
1.862
1.8585
1.855
1.8515
1.8479
1.8443
1.8408
1.8371
1.8335
1.8298
1.8261
1.8224
1.8186
1.8148
1.8109
1.8071
1.8031
1.7992
1.7952
1.7912
1.7872
1.7831
1.7791
1.775
1.7709
1.7667
1.7626
1.7585
1.7544
1.7503
1.7462
1.7422
1.7382
1.7342
1.7302
1.7263
1.7225
1.7187
1.715
1.7113
1.7077
1.7042
1.7007
1.6973
1.694
1.6907
1.6875
1.6844
1.6814
1.6784
1.6756
1.6727
1.67
1.6673
1.6647
1.6622
1.6597
1.6573
1.6549
1.6526
1.6503
1.6482
1.646
1.6439
1.6419
1.6399
1.638
1.6361
1.6343
1.6325
1.6307
1.629
1.6273
1.6257
1.6241
1.6225
1.6209
1.6194
1.618
1.6165
1.6151
1.6137
1.6123
1.611
1.6097
1.6084
1.6071
1.6059
1.6047
1.6035
1.6023
1.6011
1.6
1.5989
1.5978
1.5967
1.5956
1.5945
1.5935
1.5925
1.5915
1.5905
1.5895
1.5885
1.5876
1.5866
1.5857
1.5848
1.5839
1.583
1.5821
1.5812
1.5804
1.5795
1.5787
1.5778
1.577
1.5762
1.5754
1.5746
1.5738
1.573
1.5722
1.5714
1.5707
1.5699
1.5692
1.5684
1.5677
1.5669
1.5662
1.5655
1.5648
1.5641
1.5633
1.5626
1.5619
1.5613
1.5606
1.5599
1.5592
1.5585
1.5579
1.5572
1.5565
1.5559
1.5552
1.5546
1.5539
1.5533
1.5526
1.552
1.5513
1.5507
1.5501
1.5494
1.5488
1.5482
1.5476
1.5469
1.5463
1.5457
1.5451
1.5445
1.5438
1.5432
1.5426
1.542
1.5414
1.5408
1.5402
1.5396
1.539
1.5384
1.5378
1.5372
1.5366
1.536
1.5354
1.5348
1.5342
1.5335
1.5329
1.5323
1.5317
1.5311
1.5305
1.5299
1.5293
1.5287
1.5281
1.5275
1.5269
1.5263
1.5257
1.5251
1.5245
1.5239
1.5232
1.5226
1.522
1.5214
1.5208
1.5201
1.5195
1.5189
1.5183
1.5176
1.517
1.5164
1.5157
1.5151
1.5144
1.5138
1.5132
1.5125
1.5118
1.5112
1.5105
1.5099
1.5092
1.5085
1.5079
1.5072
1.5065
1.5058
1.5051
1.5044
1.5037
1.503
1.5023
1.5016
1.5009
1.5001
1.4994
1.4987
1.4979
1.4972
1.4964
1.4957
1.4949
1.4941
1.4933
1.4925
1.4917
1.4909
1.4901
1.4893
1.4885
1.4876
1.4868
1.4859
1.485
1.4842
1.4833
1.4823
1.4814
1.4805
1.4795
1.4786
1.4776
1.4766
1.4756
1.4745
1.4735
1.4724
1.4713
1.4702
1.4691
1.4679
1.4667
1.4655
1.4642
1.4629
1.4616
1.4602
1.4588
1.4574
1.4559
1.4543
1.4527
1.451
1.4492
1.4474
1.4455
1.4435
1.4414
1.4392
1.4368
1.4344
1.4317
1.429
1.426
1.4228
1.4194
1.4157
1.4117
1.4074
1.4027
1.3976
1.392
1.3858
1.3789
1.3713
1.3629
1.3535
1.3429
1.331
1.3176
1.3025
1.2854
1.2659
1.2439
1.2191
1.1911
1.1597
1.1249
1.0866
1.045
1.0008
.9544
.9068
.8588
.8115
.7657
.7218
.6805
.6419
.606
.5728
.5422
.5139
.4878
.4638
.4415
.4209
.4019
.3841
.3677
.3523
.3381
.3247
.3123
.3007
.2898
.2795
.2699
.2609
.2525
.2445
.237
.2299
.2232
.2168
.2108
.2052
.1998
.1946
.1898
.1851
.1807
.1765
.1725
.1686
.165
.1614
.1581
.1548
.1518
.1488
.1459
.1432
.1405
.138
.1355
.1332
.1309
.1287
.1266
.1245
.1225
.1206
.1187
.1169
.1152
.1135
.1119
.1103
.1087
.1072
.1057
.1043
.1029
.1016
.1003
.099
.0978
.0966
.0954
.0942
.0931
.092
.091
.0899
.0889
.0879
.0869
.086
.085
.0841
.0833
.0824
.0815
.0807
.0799
.0791
.0783
.0775
.0768
.0761
.0753
.0746
.0739
.0732
.0726
.0719
.0713
.0706
.07
.0694
.0688
.0682
.0677
.0671
.0665
.066
.0654
.0649
.0644
.0639
.0634
.0629
.0624
.0619
.0614
.061
.0605
.0601
.0596
.0592
.0587
.0583
.0579
.0575
.0571
.0567
.0563
.0559
.0555
.0551
.0547
.0544
.054
.0537
.0533
.0529
.0526
.0523
.0519
.0516
.0513
.0509
.0506
.0503
.05
.0497
