4.0245
3.8875
3.7773
3.6816
3.5912
3.4999
3.4036
3.2992
3.1855
3.0625
2.9321
2.7977
2.6636
2.535
2.4163
2.3114
2.2225
2.1501
2.0933
2.0498
2.0171
1.9924
1.9735
1.9588
1.9468
1.9369
1.9282
1.9205
1.9134
1.9069
1.9007
1.8949
1.8893
1.8839
1.8787
1.8736
1.8687
1.8639
1.8593
1.8547
1.8502
1.8458
1.8415
1.8373
1.8331
1.829
1.825
1.821
1.8172
1.8133
1.8096
1.8059
1.8023
1.7987
1.7952
1.7918
1.7884
1.7851
1.7819
1.7787
1.7756
1.7726
1.7696
1.7667
1.7638
1.761
1.7582
1.7555
1.7529
1.7503
1.7478
1.7452
1.7428
1.7404
1.738
1.7357
1.7334
1.7311
1.7289
1.7267
1.7246
1.7224
1.7204
1.7183
1.7162
1.7142
1.7122
1.7103
1.7083
1.7064
1.7044
1.7025
1.7006
1.6987
1.6969
1.695
1.6931
1.6913
1.6894
1.6875
1.6856
1.6837
1.6818
1.6799
1.6779
1.676
1.674
1.6719
1.6698
1.6677
1.6655
1.6633
1.661
1.6586
1.6561
1.6535
1.6507
1.6479
1.6449
1.6417
1.6383
1.6347
1.6308
1.6266
1.622
1.6171
1.6116
1.6056
1.599
1.5916
1.5834
1.574
1.5635
1.5514
1.5376
1.5217
1.5033
1.4818
1.4569
1.4277
1.3936
1.3541
1.3085
1.2567
1.1988
1.1357
1.0687
.9998
.9312
.8648
.8021
.744
.6908
.6426
.5991
.5601
.525
.4935
.4652
.4397
.4166
.3958
.3768
.3596
.3438
.3294
.3161
.3039
.2927
.2822
.2725
.2635
.2551
.2472
.2399
.233
.2265
.2204
.2146
.2091
.204
.1991
.1944
.19
.1858
.1818
.1779
.1743
.1708
.1674
.1642
.1611
.1582
.1553
.1526
.1499
.1474
.145
.1426
.1403
.1381
.136
.1339
.1319
.13
.1281
.1263
.1245
.1228
.1212
.1196
.118
.1165
.115
.1135
.1121
.1108
.1094
.1081
.1069
.1056
.1044
.1032
.1021
.101
.0999
.0988
.0977
.0967
.0957
.0947
.0937
.0928
.0919
.091
.0901
.0892
.0884
.0875
.0867
.0859
.0851
.0844
.0836
.0829
.0821
.0814
.0807
.08
.0793
.0787
.078
.0774
.0767
.0761
.0755
.0749
.0743
.0737
.0731
.0726
.072
.0715
.0709
.0704
.0699
.0694
.0689
.0684
.0679
.0674
.0669
.0664
.066
.0655
.065
.0646
.0642
.0637
.0633
.0629
.0625
.0621
.0616
.0612
.0609
.0605
.0601
.0597
.0593
.059
.0586
.0582
.0579
.0575
.0572
.0568
.0565
.0562
.0558
.0555
.0552
.0549
.0545
.0542
.0539
.0536
.0533
.053
.0527
.0524
.0521
.0518
.0516
.0513
.051
.0507
.0505
.0502
.0499
