4.8946
4.6581
4.3808
4.0824
3.7907
3.5268
3.2977
3.1008
2.9306
2.7822
2.6525
2.5391
2.4406
2.3555
2.2828
2.2212
2.1694
2.1264
2.0908
2.0616
2.0377
2.0181
2.002
1.9887
1.9774
1.9677
1.9591
1.9514
1.9443
1.9377
1.9313
1.9251
1.9191
1.9131
1.9072
1.9013
1.8955
1.8897
1.884
1.8783
1.8727
1.8672
1.8618
1.8564
1.8511
1.8459
1.8408
1.8358
1.8309
1.8261
1.8213
1.8166
1.812
1.8075
1.8029
1.7985
1.7941
1.7897
1.7854
1.7811
1.7769
1.7727
1.7685
1.7644
1.7603
1.7562
1.7522
1.7482
1.7443
1.7404
1.7366
1.7328
1.729
1.7253
1.7217
1.7181
1.7145
1.711
1.7075
1.704
1.7006
1.6973
1.6939
1.6907
1.6874
1.6842
1.6811
1.6779
1.6749
1.6718
1.6688
1.6658
1.6628
1.6599
1.657
1.6541
1.6512
1.6483
1.6455
1.6427
1.6399
1.6371
1.6343
1.6315
1.6288
1.626
1.6232
1.6205
1.6177
1.6149
1.6121
1.6092
1.6064
1.6035
1.6006
1.5977
1.5947
1.5917
1.5886
1.5855
1.5823
1.5791
1.5757
1.5723
1.5688
1.5652
1.5615
1.5576
1.5536
1.5495
1.5452
1.5407
1.536
1.531
1.5259
1.5204
1.5147
1.5086
1.5021
1.4952
1.4879
1.48
1.4716
1.4625
1.4527
1.4421
1.4306
1.418
1.4044
1.3894
1.3731
1.3552
1.3356
1.3141
1.2905
1.2648
1.2368
1.2065
1.1739
1.1392
1.1026
1.0645
1.0253
.9856
.946
.9068
.8687
.8318
.7966
.7632
.7315
.7017
.6737
.6474
.6227
.5995
.5777
.5573
.538
.5198
.5027
.4865
.4712
.4567
.443
.43
.4176
.4058
.3946
.3839
.3737
.364
.3547
.3459
.3374
.3293
.3215
.314
.3069
.3
.2934
.2871
.281
.2751
.2694
.264
.2588
.2537
.2488
.2441
.2396
.2352
.2309
.2268
.2229
.219
.2153
.2117
.2082
.2048
.2015
.1983
.1952
.1922
.1893
.1864
.1837
.181
.1784
.1758
.1733
.1709
.1686
.1663
.1641
.1619
.1598
.1577
.1557
.1537
.1518
.1499
.148
.1462
.1445
.1428
.1411
.1394
.1378
.1363
.1347
.1332
.1318
.1303
.1289
.1275
.1262
.1248
.1235
.1222
.121
.1198
.1186
.1174
.1162
.1151
.1139
.1128
.1118
.1107
.1097
.1086
.1076
.1067
.1057
.1047
.1038
.1029
.102
.1011
.1002
.0993
.0985
.0977
.0968
.096
.0952
.0945
.0937
.0929
.0922
.0914
.0907
.09
.0893
.0886
.0879
.0873
.0866
.0859
.0853
.0847
.084
.0834
.0828
.0822
.0816
.081
.0804
.0799
.0793
.0788
.0782
.0777
.0771
.0766
.0761
.0756
.0751
.0746
.0741
.0736
.0731
.0727
.0722
.0717
.0713
.0708
.0704
.0699
.0695
.0691
.0686
.0682
.0678
.0674
.067
.0666
.0662
.0658
.0654
.065
.0646
.0643
.0639
.0635
.0632
.0628
.0624
.0621
.0617
.0614
.0611
.0607
.0604
.0601
.0597
.0594
.0591
.0588
.0585
.0582
.0578
.0575
.0572
.0569
.0567
.0564
.0561
.0558
.0555
.0552
.0549
.0547
.0544
.0541
.0539
.0536
.0533
.0531
.0528
.0526
.0523
.0521
.0518
.0516
.0513
.0511
.0508
.0506
.0504
.0501
.0499
