4.5173
4.2503
3.9811
3.7195
3.465
3.213
2.9614
2.7173
2.4976
2.3228
2.2024
2.1288
2.086
2.0606
2.0441
2.0322
2.0228
2.0147
2.0074
2.0005
1.994
1.9876
1.9813
1.9752
1.9691
1.963
1.957
1.951
1.945
1.9391
1.9331
1.9271
1.921
1.915
1.909
1.9029
1.8968
1.8907
1.8846
1.8785
1.8723
1.8662
1.86
1.8538
1.8476
1.8414
1.8352
1.829
1.8228
1.8165
1.8103
1.8041
1.7979
1.7916
1.7854
1.7792
1.773
1.7668
1.7606
1.7545
1.7483
1.7421
1.736
1.7298
1.7237
1.7176
1.7115
1.7054
1.6993
1.6932
1.6871
1.6811
1.675
1.669
1.663
1.657
1.651
1.645
1.639
1.633
1.6271
1.6211
1.6152
1.6093
1.6034
1.5975
1.5916
1.5858
1.5799
1.5741
1.5683
1.5625
1.5567
1.5509
1.5451
1.5394
1.5337
1.5279
1.5223
1.5166
1.5109
1.5053
1.4997
1.4941
1.4885
1.483
1.4774
1.4719
1.4664
1.4609
1.4555
1.4501
1.4447
1.4393
1.4339
1.4286
1.4233
1.418
1.4127
1.4075
1.4023
1.3971
1.3919
1.3868
1.3816
1.3765
1.3715
1.3664
1.3614
1.3564
1.3514
1.3464
1.3415
1.3366
1.3317
1.3268
1.322
1.3171
1.3123
1.3075
1.3028
1.298
1.2933
1.2886
1.2839
1.2793
1.2746
1.27
1.2654
1.2608
1.2563
1.2517
1.2472
1.2427
1.2382
1.2337
1.2293
1.2248
1.2204
1.216
1.2116
1.2073
1.2029
1.1986
1.1943
1.19
1.1857
1.1814
1.1772
1.173
1.1687
1.1645
1.1604
1.1562
1.152
1.1479
1.1438
1.1397
1.1356
1.1315
1.1274
1.1234
1.1193
1.1153
1.1113
1.1073
1.1033
1.0994
1.0954
1.0915
1.0876
1.0836
1.0797
1.0759
1.072
1.0681
1.0643
1.0605
1.0567
1.0529
1.0491
1.0453
1.0415
1.0378
1.0341
1.0303
1.0266
1.0229
1.0192
1.0156
1.0119
1.0083
1.0046
1.001
.9974
.9938
.9902
.9867
.9831
.9796
.976
.9725
.969
.9655
.962
.9586
.9551
.9517
.9482
.9448
.9414
.938
.9346
.9312
.9279
.9245
.9212
.9179
.9146
.9113
.908
.9047
.9014
.8982
.8949
.8917
.8885
.8853
.8821
.8789
.8758
.8726
.8695
.8663
.8632
.8601
.857
.8539
.8508
.8478
.8447
.8417
.8387
.8357
.8327
.8297
.8267
.8237
.8208
.8178
.8149
.812
.8091
.8062
.8033
.8005
.7976
.7948
.7919
.7891
.7863
.7835
.7807
.778
.7752
.7725
.7697
.767
.7643
.7616
.7589
.7562
.7536
.7509
.7483
.7457
.7431
.7405
.7379
.7353
.7328
.7302
.7277
.7251
.7226
.7201
.7176
.7152
.7127
.7103
.7078
.7054
.703
.7006
.6982
.6958
.6935
.6911
.6888
.6864
.6841
.6818
.6795
.6772
.675
.6727
.6705
.6683
.666
.6638
.6616
.6595
.6573
.6551
.653
.6509
.6487
.6466
.6445
.6424
.6404
.6383
.6363
.6342
.6322
.6302
.6282
.6262
.6242
.6222
.6203
.6183
.6164
.6144
.6125
.6106
.6087
.6068
.605
.6031
.6012
.5994
.5976
.5958
.5939
.5921
.5903
.5886
.5868
.585
.5833
.5815
.5798
.5781
.5764
.5747
.573
.5713
.5696
.5679
.5662
.5646
.5629
.5613
.5597
.558
.5564
.5548
.5532
.5516
.55
.5484
.5469
.5453
.5437
.5422
.5406
.5391
.5376
.536
.5345
.533
.5315
.53
.5285
.527
.5255
.524
.5225
.5211
.5196
.5181
.5167
.5152
.5138
.5123
.5109
.5095
.5081
.5066
.5052
.5038
.5024
.501
.4996
.4982
.4968
.4954
.494
.4926
.4913
.4899
.4885
.4872
.4858
.4845
.4831
.4818
.4804
.4791
.4777
.4764
.4751
.4738
.4724
.4711
.4698
.4685
.4672
.4659
.4646
.4633
.462
.4608
.4595
.4582
.4569
.4557
.4544
.4532
.4519
.4507
.4494
.4482
.4469
.4457
.4445
.4432
.442
.4408
.4396
.4384
.4372
.436
.4348
.4336
.4324
.4312
.43
.4288
.4277
.4265
.4253
.4242
.423
.4218
.4207
.4195
.4184
.4173
.4161
.415
.4139
.4127
.4116
.4105
.4094
.4083
.4072
.4061
.405
.4039
.4028
.4017
.4006
.3995
.3985
.3974
.3963
.3953
.3942
.3931
.3921
.391
.39
.3889
.3879
.3869
.3858
.3848
.3838
.3828
.3817
.3807
.3797
.3787
.3777
.3767
.3757
.3747
.3737
.3727
.3718
.3708
.3698
.3688
.3679
.3669
.3659
.365
.364
.3631
.3621
.3612
.3602
.3593
.3584
.3574
.3565
.3556
.3547
.3537
.3528
.3519
.351
.3501
.3492
.3483
.3474
.3465
.3456
.3447
.3439
.343
.3421
.3412
.3404
.3395
.3386
.3378
.3369
.336
.3352
.3343
.3335
.3327
.3318
.331
.3301
.3293
.3285
.3277
.3268
.326
.3252
.3244
.3236
.3228
.322
.3211
.3203
.3196
.3188
.318
.3172
.3164
.3156
.3148
.3141
.3133
.3125
.3117
.311
.3102
.3094
.3087
.3079
.3072
.3064
.3057
.3049
.3042
.3035
.3027
.302
.3012
.3005
.2998
.2991
.2983
.2976
.2969
.2962
.2955
.2948
.2941
.2934
.2927
.292
.2913
.2906
.2899
.2892
.2885
.2878
.2871
.2865
.2858
.2851
.2844
.2838
.2831
.2824
.2818
.2811
.2804
.2798
.2791
.2785
.2778
.2772
.2765
.2759
.2753
.2746
.274
.2733
.2727
.2721
.2715
.2708
.2702
.2696
.269
.2683
.2677
.2671
.2665
.2659
.2653
.2647
.2641
.2635
.2629
.2623
.2617
.2611
.2605
.2599
.2594
.2588
.2582
.2576
.257
.2565
.2559
.2553
.2547
.2542
.2536
.253
.2525
.2519
.2514
.2508
.2503
.2497
.2491
.2486
.2481
.2475
.247
.2464
.2459
.2453
.2448
.2443
.2437
.2432
.2427
.2422
.2416
.2411
.2406
.2401
.2396
.239
.2385
.238
.2375
.237
.2365
.236
.2355
.235
.2345
.234
.2335
.233
.2325
.232
.2315
.231
.2305
.23
.2296
.2291
.2286
.2281
.2276
.2272
.2267
.2262
.2257
.2253
.2248
.2243
.2239
.2234
.2229
.2225
.222
.2216
.2211
.2207
.2202
.2198
.2193
.2189
.2184
.218
.2175
.2171
.2166
.2162
.2158
.2153
.2149
.2144
.214
.2136
.2131
.2127
.2123
.2119
.2114
.211
.2106
.2102
.2098
.2093
.2089
.2085
.2081
.2077
.2073
.2069
.2065
.206
.2056
.2052
.2048
.2044
.204
.2036
.2032
.2028
.2024
.202
.2017
.2013
.2009
.2005
.2001
.1997
.1993
.1989
.1986
.1982
.1978
.1974
.197
.1967
.1963
.1959
.1955
.1952
.1948
.1944
.194
.1937
.1933
.1929
.1926
.1922
.1919
.1915
.1911
.1908
.1904
.1901
.1897
.1894
.189
.1886
.1883
.1879
.1876
.1873
.1869
.1866
.1862
.1859
.1855
.1852
.1848
.1845
.1842
.1838
.1835
.1832
.1828
.1825
.1822
.1818
.1815
.1812
.1808
.1805
.1802
.1799
.1795
.1792
.1789
.1786
.1782
.1779
.1776
.1773
.177
.1767
.1763
.176
.1757
.1754
.1751
.1748
.1745
.1742
.1739
.1736
.1733
.1729
.1726
.1723
.172
.1717
.1714
.1711
.1708
.1705
.1702
.17
.1697
.1694
.1691
.1688
.1685
.1682
.1679
.1676
.1673
.167
.1668
.1665
.1662
.1659
.1656
.1653
.1651
.1648
.1645
.1642
.1639
.1637
.1634
.1631
.1628
.1626
.1623
.162
.1617
.1615
.1612
.1609
.1607
.1604
.1601
.1599
.1596
.1593
.1591
.1588
.1585
.1583
.158
.1578
.1575
.1572
.157
.1567
.1565
.1562
.156
.1557
.1554
.1552
.1549
.1547
.1544
.1542
.1539
.1537
.1534
.1532
.153
.1527
.1525
.1522
.152
.1517
.1515
.1512
.151
.1508
.1505
.1503
.15
.1498
.1496
.1493
.1491
.1489
.1486
.1484
.1482
.1479
.1477
.1475
.1472
.147
.1468
.1465
.1463
.1461
.1459
.1456
.1454
.1452
.145
.1447
.1445
.1443
.1441
.1438
.1436
.1434
.1432
.143
.1427
.1425
.1423
.1421
.1419
.1417
.1414
.1412
.141
.1408
.1406
.1404
.1402
.1399
.1397
.1395
.1393
.1391
.1389
.1387
.1385
.1383
.1381
.1379
.1377
.1375
.1372
.137
.1368
.1366
.1364
.1362
.136
.1358
.1356
.1354
.1352
.135
.1348
.1346
.1344
.1342
.134
.1339
.1337
.1335
.1333
.1331
.1329
.1327
.1325
.1323
.1321
.1319
.1317
.1315
.1314
.1312
.131
.1308
.1306
.1304
.1302
.13
.1299
.1297
.1295
.1293
.1291
.1289
.1288
.1286
.1284
.1282
.128
.1279
.1277
.1275
.1273
.1271
.127
.1268
.1266
.1264
.1263
.1261
.1259
.1257
.1256
.1254
.1252
.125
.1249
.1247
.1245
.1243
.1242
.124
.1238
.1237
.1235
.1233
.1232
.123
.1228
.1227
.1225
.1223
.1222
.122
.1218
.1217
.1215
.1213
.1212
.121
.1208
.1207
.1205
.1204
.1202
.12
.1199
.1197
.1195
.1194
.1192
.1191
.1189
.1188
.1186
.1184
.1183
.1181
.118
.1178
.1177
.1175
.1174
.1172
.117
.1169
.1167
.1166
.1164
.1163
.1161
.116
.1158
.1157
.1155
.1154
.1152
.1151
.1149
.1148
.1146
.1145
.1143
.1142
.114
.1139
.1137
.1136
.1135
.1133
.1132
.113
.1129
.1127
.1126
.1124
.1123
.1122
.112
.1119
.1117
.1116
.1115
.1113
.1112
.111
.1109
.1108
.1106
.1105
.1103
.1102
.1101
.1099
.1098
.1097
.1095
.1094
.1092
.1091
.109
.1088
.1087
.1086
.1084
.1083
.1082
.108
.1079
.1078
.1076
.1075
.1074
.1072
.1071
.107
.1069
.1067
.1066
.1065
.1063
.1062
.1061
.1059
.1058
.1057
.1056
.1054
.1053
.1052
.1051
.1049
.1048
.1047
.1046
.1044
.1043
.1042
.1041
.1039
.1038
.1037
.1036
.1034
.1033
.1032
.1031
.1029
.1028
.1027
.1026
.1025
.1023
.1022
.1021
.102
.1019
.1017
.1016
.1015
.1014
.1013
.1011
.101
.1009
.1008
.1007
.1006
.1004
.1003
.1002
.1001
.1
.0999
.0998
.0996
.0995
.0994
.0993
.0992
.0991
.099
.0988
.0987
.0986
.0985
.0984
.0983
.0982
.0981
.0979
.0978
.0977
.0976
.0975
.0974
.0973
.0972
.0971
.097
.0968
.0967
.0966
.0965
.0964
.0963
.0962
.0961
.096
.0959
.0958
.0957
.0956
.0954
.0953
.0952
.0951
.095
.0949
.0948
.0947
.0946
.0945
.0944
.0943
.0942
.0941
.094
.0939
.0938
.0937
.0936
.0935
.0934
.0933
.0932
.0931
.093
.0929
.0928
.0927
.0926
.0925
.0924
.0923
.0922
.0921
.092
.0919
.0918
.0917
.0916
.0915
.0914
.0913
.0912
.0911
.091
.0909
.0908
.0907
.0906
.0905
.0904
.0903
.0902
.0901
.09
.0899
.0898
.0897
.0896
.0896
.0895
.0894
.0893
.0892
.0891
.089
.0889
.0888
.0887
.0886
.0885
.0884
.0883
.0883
.0882
.0881
.088
.0879
.0878
.0877
.0876
.0875
.0874
.0873
.0873
.0872
.0871
.087
.0869
.0868
.0867
.0866
.0865
.0865
.0864
.0863
.0862
.0861
.086
.0859
.0858
.0858
.0857
.0856
.0855
.0854
.0853
.0852
.0852
.0851
.085
.0849
.0848
.0847
.0846
.0846
.0845
.0844
.0843
.0842
.0841
.084
.084
.0839
.0838
.0837
.0836
.0836
.0835
.0834
.0833
.0832
.0831
.0831
.083
.0829
.0828
.0827
.0826
.0826
.0825
.0824
.0823
.0822
.0822
.0821
.082
.0819
.0818
.0818
.0817
.0816
.0815
.0814
.0814
.0813
.0812
.0811
.0811
.081
.0809
.0808
.0807
.0807
.0806
.0805
.0804
.0804
.0803
.0802
.0801
.0801
.08
.0799
.0798
.0797
.0797
.0796
.0795
.0794
.0794
.0793
.0792
.0791
.0791
.079
.0789
.0788
.0788
.0787
.0786
.0786
.0785
.0784
.0783
.0783
.0782
.0781
.078
.078
.0779
.0778
.0777
.0777
.0776
.0775
.0775
.0774
.0773
.0772
.0772
.0771
.077
.077
.0769
.0768
.0767
.0767
.0766
.0765
.0765
.0764
.0763
.0763
.0762
.0761
.076
.076
.0759
.0758
.0758
.0757
.0756
.0756
.0755
.0754
.0754
.0753
.0752
.0752
.0751
.075
.075
.0749
.0748
.0747
.0747
.0746
.0745
.0745
.0744
.0743
.0743
.0742
.0741
.0741
.074
.074
.0739
.0738
.0738
.0737
.0736
.0736
.0735
.0734
.0734
.0733
.0732
.0732
.0731
.073
.073
.0729
.0728
.0728
.0727
.0727
.0726
.0725
.0725
.0724
.0723
.0723
.0722
.0722
.0721
.072
.072
.0719
.0718
.0718
.0717
.0717
.0716
.0715
.0715
.0714
.0713
.0713
.0712
.0712
.0711
.071
.071
.0709
.0709
.0708
.0707
.0707
.0706
.0706
.0705
.0704
.0704
.0703
.0703
.0702
.0701
.0701
.07
.07
.0699
.0698
.0698
.0697
.0697
.0696
.0695
.0695
.0694
.0694
.0693
.0693
.0692
.0691
.0691
.069
.069
.0689
.0688
.0688
.0687
.0687
.0686
.0686
.0685
.0684
.0684
.0683
.0683
.0682
.0682
.0681
.068
.068
.0679
.0679
.0678
.0678
.0677
.0677
.0676
.0675
.0675
.0674
.0674
.0673
.0673
.0672
.0672
.0671
.0671
.067
.0669
.0669
.0668
.0668
.0667
.0667
.0666
.0666
.0665
.0665
.0664
.0663
.0663
.0662
.0662
.0661
.0661
.066
.066
.0659
.0659
.0658
.0658
.0657
.0657
.0656
.0656
.0655
.0654
.0654
.0653
.0653
.0652
.0652
.0651
.0651
.065
.065
.0649
.0649
.0648
.0648
.0647
.0647
.0646
.0646
.0645
.0645
.0644
.0644
.0643
.0643
.0642
.0642
.0641
.0641
.064
.064
.0639
.0639
.0638
.0638
.0637
.0637
.0636
.0636
.0635
.0635
.0634
.0634
.0633
.0633
.0632
.0632
.0631
.0631
.063
.063
.0629
.0629
.0628
.0628
.0627
.0627
.0626
.0626
.0625
.0625
.0625
.0624
.0624
.0623
.0623
.0622
.0622
.0621
.0621
.062
.062
.0619
.0619
.0618
.0618
.0617
.0617
.0616
.0616
.0616
.0615
.0615
.0614
.0614
.0613
.0613
.0612
.0612
.0611
.0611
.061
.061
.061
.0609
.0609
.0608
.0608
.0607
.0607
.0606
.0606
.0605
.0605
.0605
.0604
.0604
.0603
.0603
.0602
.0602
.0601
.0601
.0601
.06
.06
.0599
.0599
.0598
.0598
.0597
.0597
.0597
.0596
.0596
.0595
.0595
.0594
.0594
.0594
.0593
.0593
.0592
.0592
.0591
.0591
.0591
.059
.059
.0589
.0589
.0588
.0588
.0588
.0587
.0587
.0586
.0586
.0585
.0585
.0585
.0584
.0584
.0583
.0583
.0583
.0582
.0582
.0581
.0581
.058
.058
.058
.0579
.0579
.0578
.0578
.0578
.0577
.0577
.0576
.0576
.0575
.0575
.0575
.0574
.0574
.0573
.0573
.0573
.0572
.0572
.0571
.0571
.0571
.057
.057
.0569
.0569
.0569
.0568
.0568
.0567
.0567
.0567
.0566
.0566
.0565
.0565
.0565
.0564
.0564
.0563
.0563
.0563
.0562
.0562
.0562
.0561
.0561
.056
.056
.056
.0559
.0559
.0558
.0558
.0558
.0557
.0557
.0556
.0556
.0556
.0555
.0555
.0555
.0554
.0554
.0553
.0553
.0553
.0552
.0552
.0552
.0551
.0551
.055
.055
.055
.0549
.0549
.0549
.0548
.0548
.0547
.0547
.0547
.0546
.0546
.0546
.0545
.0545
.0544
.0544
.0544
.0543
.0543
.0543
.0542
.0542
.0542
.0541
.0541
.054
.054
.054
.0539
.0539
.0539
.0538
.0538
.0538
.0537
.0537
.0537
.0536
.0536
.0535
.0535
.0535
.0534
.0534
.0534
.0533
.0533
.0533
.0532
.0532
.0532
.0531
.0531
.0531
.053
.053
.0529
.0529
.0529
.0528
.0528
.0528
.0527
.0527
.0527
.0526
.0526
.0526
.0525
.0525
.0525
.0524
.0524
.0524
.0523
.0523
.0523
.0522
.0522
.0522
.0521
.0521
.0521
.052
.052
.052
.0519
.0519
.0519
.0518
.0518
.0518
.0517
.0517
.0517
.0516
.0516
.0516
.0515
.0515
.0515
.0514
.0514
.0514
.0513
.0513
.0513
.0512
.0512
.0512
.0511
.0511
.0511
.051
.051
.051
.0509
.0509
.0509
.0508
.0508
.0508
.0507
.0507
.0507
.0506
.0506
.0506
.0506
.0505
.0505
.0505
.0504
.0504
.0504
.0503
.0503
.0503
.0502
.0502
.0502
.0501
.0501
.0501
.05
.05
.05
