4.6402
4.4109
4.205
4.0355
3.8999
3.7894
3.6948
3.6093
3.5278
3.4465
3.3626
3.274
3.179
3.0768
2.9681
2.855
2.7421
2.6353
2.5413
2.4645
2.406
2.3635
2.3334
2.3118
2.2959
2.2835
2.2734
2.2647
2.257
2.2499
2.2434
2.2372
2.2314
2.2258
2.2204
2.2152
2.2103
2.2054
2.2008
2.1962
2.1917
2.1874
2.1831
2.1788
2.1747
2.1705
2.1663
2.1622
2.158
2.1538
2.1495
2.1451
2.1406
2.136
2.1312
2.1263
2.1211
2.1156
2.1098
2.1037
2.0971
2.0901
2.0824
2.0741
2.0649
2.0548
2.0437
2.0313
2.0174
2.0017
1.9841
1.9642
1.9416
1.9161
1.8873
1.8549
1.8189
1.7791
1.7357
1.6893
1.6403
1.5896
1.538
1.4862
1.4351
1.385
1.3364
1.2896
1.2446
1.2016
1.1604
1.1212
1.0838
1.0481
1.0142
.9818
.951
.9216
.8936
.8669
.8414
.8171
.7939
.7717
.7505
.7303
.7108
.6923
.6745
.6574
.641
.6253
.6102
.5957
.5818
.5683
.5554
.543
.5311
.5195
.5084
.4977
.4873
.4773
.4677
.4583
.4493
.4406
.4321
.424
.416
.4084
.4009
.3937
.3868
.38
.3734
.367
.3608
.3548
.349
.3433
.3378
.3324
.3271
.3221
.3171
.3123
.3076
.303
.2986
.2942
.29
.2858
.2818
.2779
.2741
.2703
.2666
.2631
.2596
.2562
.2528
.2496
.2464
.2433
.2403
.2373
.2344
.2315
.2287
.226
.2233
.2207
.2181
.2156
.2131
.2107
.2083
.206
.2037
.2015
.1993
.1972
.1951
.193
.191
.189
.187
.1851
.1832
.1813
.1795
.1777
.176
.1742
.1725
.1708
.1692
.1676
.166
.1644
.1629
.1614
.1599
.1584
.157
.1556
.1542
.1528
.1514
.1501
.1488
.1475
.1462
.145
.1437
.1425
.1413
.1401
.139
.1378
.1367
.1356
.1345
.1334
.1323
.1313
.1302
.1292
.1282
.1272
.1262
.1252
.1243
.1233
.1224
.1215
.1206
.1197
.1188
.1179
.117
.1162
.1153
.1145
.1137
.1129
.1121
.1113
.1105
.1097
.109
.1082
.1075
.1067
.106
.1053
.1046
.1039
.1032
.1025
.1018
.1011
.1005
.0998
.0992
.0985
.0979
.0973
.0967
.0961
.0954
.0948
.0943
.0937
.0931
.0925
.0919
.0914
.0908
.0903
.0897
.0892
.0887
.0881
.0876
.0871
.0866
.0861
.0856
.0851
.0846
.0841
.0836
.0832
.0827
.0822
.0818
.0813
.0809
.0804
.08
.0795
.0791
.0787
.0782
.0778
.0774
.077
.0766
.0762
.0758
.0754
.075
.0746
.0742
.0738
.0734
.073
.0727
.0723
.0719
.0716
.0712
.0708
.0705
.0701
.0698
.0694
.0691
.0688
.0684
.0681
.0678
.0674
.0671
.0668
.0665
.0661
.0658
.0655
.0652
.0649
.0646
.0643
.064
.0637
.0634
.0631
.0628
.0625
.0623
.062
.0617
.0614
.0611
.0609
.0606
.0603
.0601
.0598
.0595
.0593
.059
.0588
.0585
.0583
.058
.0578
.0575
.0573
.057
.0568
.0566
.0563
.0561
.0558
.0556
.0554
.0552
.0549
.0547
.0545
.0543
.054
.0538
.0536
.0534
.0532
.053
.0528
.0525
.0523
.0521
.0519
.0517
.0515
.0513
.0511
.0509
.0507
.0505
.0503
.0502
.05
