4.2215
3.9556
3.7095
3.4871
3.2851
3.0988
2.925
2.7636
2.617
2.4897
2.3859
2.3065
2.249
2.2082
2.1785
2.1558
2.1372
2.1211
2.1065
2.0928
2.0798
2.0673
2.0553
2.0437
2.0325
2.0218
2.0114
2.0015
1.9921
1.983
1.9744
1.9662
1.9583
1.9508
1.9437
1.9369
1.9305
1.9243
1.9184
1.9128
1.9075
1.9023
1.8974
1.8927
1.8881
1.8838
1.8796
1.8755
1.8716
1.8678
1.8641
1.8605
1.857
1.8537
1.8504
1.8472
1.844
1.841
1.838
1.835
1.8322
1.8293
1.8266
1.8238
1.8212
1.8186
1.816
1.8134
1.8109
1.8085
1.8061
1.8037
1.8013
1.799
1.7967
1.7944
1.7922
1.79
1.7879
1.7857
1.7836
1.7815
1.7795
1.7774
1.7754
1.7734
1.7715
1.7695
1.7676
1.7657
1.7638
1.762
1.7602
1.7583
1.7566
1.7548
1.753
1.7513
1.7496
1.7479
1.7462
1.7446
1.7429
1.7413
1.7397
1.7381
1.7365
1.735
1.7334
1.7319
1.7304
1.7289
1.7274
1.7259
1.7244
1.723
1.7215
1.7201
1.7187
1.7173
1.7159
1.7145
1.7132
1.7118
1.7105
1.7091
1.7078
1.7065
1.7052
1.7039
1.7026
1.7013
1.7
1.6987
1.6975
1.6962
1.695
1.6937
1.6925
1.6912
1.69
1.6888
1.6875
1.6863
1.6851
1.6839
1.6827
1.6815
1.6802
1.679
1.6778
1.6766
1.6754
1.6742
1.673
1.6718
1.6705
1.6693
1.6681
1.6669
1.6656
1.6644
1.6631
1.6619
1.6606
1.6593
1.658
1.6567
1.6554
1.6541
1.6527
1.6513
1.65
1.6486
1.6471
1.6457
1.6442
1.6427
1.6412
1.6396
1.638
1.6364
1.6347
1.633
1.6313
1.6295
1.6276
1.6257
1.6237
1.6217
1.6195
1.6173
1.615
1.6126
1.6102
1.6076
1.6048
1.602
1.599
1.5958
1.5925
1.5889
1.5852
1.5812
1.577
1.5724
1.5676
1.5624
1.5568
1.5508
1.5443
1.5372
1.5296
1.5212
1.5121
1.5021
1.4911
1.4791
1.4658
1.4512
1.435
1.4171
1.3974
1.3755
1.3515
1.3251
1.2962
1.2649
1.2312
1.1953
1.1576
1.1184
1.0782
1.0377
.9974
.9578
.9193
.8822
.8468
.8132
.7815
.7516
.7235
.6972
.6724
.6492
.6274
.6069
.5876
.5694
.5522
.5359
.5204
.5057
.4917
.4783
.4655
.4533
.4416
.4303
.4195
.4091
.399
.3893
.3799
.3709
.3621
.3536
.3454
.3375
.3297
.3223
.315
.308
.3012
.2946
.2882
.282
.276
.2702
.2645
.2591
.2538
.2487
.2437
.2389
.2342
.2297
.2254
.2212
.2171
.2131
.2093
.2056
.202
.1985
.1951
.1919
.1887
.1856
.1827
.1798
.177
.1743
.1717
.1691
.1666
.1642
.1619
.1596
.1574
.1553
.1532
.1512
.1492
.1473
.1454
.1436
.1418
.1401
.1384
.1368
.1352
.1336
.1321
.1306
.1292
.1278
.1264
.125
.1237
.1224
.1212
.1199
.1187
.1176
.1164
.1153
.1142
.1131
.1121
.111
.11
.109
.1081
.1071
.1062
.1052
.1044
.1035
.1026
.1018
.1009
.1001
.0993
.0985
.0977
.097
.0962
.0955
.0948
.0941
.0934
.0927
.092
.0914
.0907
.0901
.0895
.0888
.0882
.0876
.087
.0865
.0859
.0853
.0848
.0842
.0837
.0831
.0826
.0821
.0816
.0811
.0806
.0801
.0796
.0792
.0787
.0782
.0778
.0773
.0769
.0765
.076
.0756
.0752
.0748
.0744
.074
.0736
.0732
.0728
.0724
.072
.0717
.0713
.0709
.0706
.0702
.0699
.0695
.0692
.0688
.0685
.0682
.0678
.0675
.0672
.0669
.0666
.0663
.066
.0657
.0654
.0651
.0648
.0645
.0642
.0639
.0636
.0633
.0631
.0628
.0625
.0623
.062
.0617
.0615
.0612
.061
.0607
.0605
.0602
.06
.0597
.0595
.0593
.059
.0588
.0586
.0583
.0581
.0579
.0577
.0574
.0572
.057
.0568
.0566
.0564
.0562
.056
.0557
.0555
.0553
.0551
.0549
.0547
.0546
.0544
.0542
.054
.0538
.0536
.0534
.0532
.0531
.0529
.0527
.0525
.0523
.0522
.052
.0518
.0516
.0515
.0513
.0511
.051
.0508
.0506
.0505
.0503
.0502
.05
.0498
