4.3429
4.162
4.019
3.905
3.81
3.7258
3.6464
3.5676
3.4856
3.3976
3.3009
3.1933
3.0741
2.9446
2.8101
2.6802
2.5669
2.4787
2.4166
2.3751
2.3472
2.3272
2.3116
2.2986
2.2869
2.2762
2.266
2.2563
2.2469
2.2378
2.229
2.2204
2.212
2.2038
2.1958
2.188
2.1802
2.1727
2.1652
2.1577
2.1504
2.143
2.1357
2.1283
2.1209
2.1135
2.1059
2.0981
2.0902
2.082
2.0736
2.0649
2.0557
2.0461
2.036
2.0252
2.0136
2.0012
1.9878
1.9732
1.9571
1.9394
1.9196
1.8976
1.8727
1.8445
1.8125
1.7758
1.7339
1.6859
1.6314
1.5702
1.5023
1.4287
1.351
1.2713
1.192
1.1152
1.0425
.9749
.9129
.8564
.8053
.759
.7172
.6794
.6451
.614
.5857
.5599
.5362
.5145
.4944
.4759
.4588
.4428
.428
.4141
.4011
.3889
.3774
.3666
.3564
.3467
.3375
.3288
.3206
.3127
.3052
.298
.2912
.2846
.2784
.2724
.2666
.2611
.2558
.2506
.2457
.241
.2364
.232
.2278
.2237
.2197
.2159
.2122
.2086
.2052
.2018
.1986
.1954
.1924
.1894
.1865
.1838
.181
.1784
.1759
.1734
.171
.1686
.1663
.1641
.1619
.1598
.1578
.1558
.1538
.1519
.15
.1482
.1465
.1447
.143
.1414
.1398
.1382
.1367
.1352
.1337
.1323
.1308
.1295
.1281
.1268
.1255
.1242
.123
.1218
.1206
.1194
.1183
.1171
.116
.115
.1139
.1129
.1118
.1108
.1099
.1089
.1079
.107
.1061
.1052
.1043
.1034
.1026
.1017
.1009
.1001
.0993
.0985
.0977
.097
.0962
.0955
.0948
.094
.0933
.0926
.092
.0913
.0906
.09
.0893
.0887
.0881
.0874
.0868
.0862
.0856
.0851
.0845
.0839
.0834
.0828
.0823
.0817
.0812
.0807
.0802
.0796
.0791
.0786
.0782
.0777
.0772
.0767
.0763
.0758
.0753
.0749
.0744
.074
.0736
.0731
.0727
.0723
.0719
.0715
.0711
.0707
.0703
.0699
.0695
.0691
.0687
.0684
.068
.0676
.0673
.0669
.0666
.0662
.0659
.0655
.0652
.0648
.0645
.0642
.0639
.0635
.0632
.0629
.0626
.0623
.062
.0617
.0614
.0611
.0608
.0605
.0602
.0599
.0596
.0593
.0591
.0588
.0585
.0582
.058
.0577
.0574
.0572
.0569
.0567
.0564
.0562
.0559
.0557
.0554
.0552
.0549
.0547
.0545
.0542
.054
.0538
.0535
.0533
.0531
.0529
.0526
.0524
.0522
.052
.0518
.0516
.0514
.0511
.0509
.0507
.0505
.0503
.0501
.0499
