4.1059
3.7784
3.4442
3.1296
2.8553
2.6344
2.4725
2.3655
2.301
2.2635
2.2407
2.2251
2.2123
2.2005
2.1886
2.1762
2.1632
2.1496
2.1355
2.121
2.1062
2.0912
2.076
2.0609
2.0457
2.0307
2.0158
2.001
1.9864
1.9719
1.9576
1.9435
1.9295
1.9156
1.9019
1.8882
1.8747
1.8612
1.8479
1.8346
1.8214
1.8084
1.7954
1.7825
1.7696
1.7569
1.7443
1.7317
1.7192
1.7067
1.6943
1.682
1.6696
1.6573
1.645
1.6326
1.6201
1.6076
1.595
1.5822
1.5693
1.5562
1.5428
1.5292
1.5153
1.5011
1.4864
1.4714
1.4559
1.4399
1.4234
1.4063
1.3886
1.3702
1.3512
1.3316
1.3112
1.2902
1.2685
1.2461
1.2231
1.1995
1.1755
1.1509
1.1261
1.1009
1.0756
1.0502
1.0248
.9996
.9746
.9499
.9255
.9016
.8782
.8554
.8332
.8115
.7905
.7702
.7505
.7315
.7131
.6953
.6782
.6617
.6457
.6304
.6156
.6013
.5875
.5743
.5615
.5491
.5372
.5257
.5146
.5039
.4936
.4836
.4739
.4645
.4555
.4467
.4382
.43
.422
.4142
.4067
.3994
.3923
.3855
.3788
.3723
.3659
.3598
.3538
.348
.3423
.3368
.3314
.3261
.321
.316
.3112
.3064
.3018
.2973
.2928
.2885
.2843
.2802
.2762
.2722
.2684
.2646
.2609
.2573
.2538
.2504
.247
.2437
.2405
.2373
.2343
.2312
.2283
.2254
.2225
.2197
.217
.2143
.2117
.2092
.2066
.2042
.2018
.1994
.1971
.1948
.1925
.1903
.1882
.1861
.184
.182
.18
.178
.1761
.1742
.1723
.1705
.1687
.167
.1652
.1635
.1619
.1602
.1586
.157
.1555
.154
.1525
.151
.1495
.1481
.1467
.1453
.144
.1426
.1413
.14
.1387
.1375
.1363
.135
.1339
.1327
.1315
.1304
.1293
.1282
.1271
.126
.1249
.1239
.1229
.1219
.1209
.1199
.1189
.118
.117
.1161
.1152
.1143
.1134
.1125
.1117
.1108
.11
.1092
.1083
.1075
.1068
.106
.1052
.1044
.1037
.1029
.1022
.1015
.1008
.1001
.0994
.0987
.098
.0973
.0967
.096
.0954
.0947
.0941
.0935
.0929
.0923
.0917
.0911
.0905
.0899
.0893
.0888
.0882
.0877
.0871
.0866
.086
.0855
.085
.0845
.084
.0835
.083
.0825
.082
.0815
.081
.0806
.0801
.0796
.0792
.0787
.0783
.0778
.0774
.077
.0766
.0761
.0757
.0753
.0749
.0745
.0741
.0737
.0733
.0729
.0725
.0721
.0717
.0714
.071
.0706
.0703
.0699
.0696
.0692
.0688
.0685
.0682
.0678
.0675
.0671
.0668
.0665
.0662
.0658
.0655
.0652
.0649
.0646
.0643
.064
.0637
.0634
.0631
.0628
.0625
.0622
.0619
.0616
.0613
.0611
.0608
.0605
.0602
.06
.0597
.0594
.0592
.0589
.0587
.0584
.0582
.0579
.0577
.0574
.0572
.0569
.0567
.0564
.0562
.056
.0557
.0555
.0553
.055
.0548
.0546
.0544
.0541
.0539
.0537
.0535
.0533
.0531
.0528
.0526
.0524
.0522
.052
.0518
.0516
.0514
.0512
.051
.0508
.0506
.0504
.0502
.05
.0499
