4.1441
3.7961
3.4447
3.1188
2.8353
2.6026
2.4245
2.299
2.2176
2.1677
2.1379
2.12
2.1088
2.1014
2.0961
2.0921
2.0888
2.086
2.0835
2.0812
2.079
2.0768
2.0748
2.0728
2.0708
2.0689
2.0669
2.065
2.0631
2.0612
2.0593
2.0574
2.0555
2.0536
2.0516
2.0497
2.0478
2.0458
2.0438
2.0418
2.0398
2.0378
2.0357
2.0336
2.0315
2.0294
2.0273
2.0251
2.023
2.0208
2.0185
2.0163
2.014
2.0118
2.0095
2.0072
2.0049
2.0025
2.0002
1.9978
1.9955
1.9931
1.9907
1.9884
1.986
1.9836
1.9813
1.9789
1.9766
1.9742
1.9719
1.9695
1.9672
1.9649
1.9625
1.9602
1.9579
1.9557
1.9534
1.9511
1.9489
1.9466
1.9444
1.9422
1.94
1.9378
1.9356
1.9334
1.9312
1.929
1.9268
1.9247
1.9225
1.9204
1.9183
1.9161
1.914
1.9119
1.9098
1.9077
1.9056
1.9035
1.9014
1.8994
1.8973
1.8952
1.8932
1.8911
1.8891
1.887
1.885
1.883
1.881
1.879
1.877
1.875
1.873
1.871
1.869
1.8671
1.8651
1.8631
1.8612
1.8593
1.8573
1.8554
1.8535
1.8516
1.8497
1.8478
1.8459
1.844
1.8421
1.8403
1.8384
1.8366
1.8347
1.8329
1.831
1.8292
1.8274
1.8256
1.8238
1.822
1.8202
1.8185
1.8167
1.8149
1.8132
1.8114
1.8097
1.808
1.8062
1.8045
1.8028
1.8011
1.7994
1.7977
1.796
1.7943
1.7927
1.791
1.7894
1.7877
1.7861
1.7844
1.7828
1.7812
1.7796
1.7779
1.7763
1.7747
1.7731
1.7715
1.77
1.7684
1.7668
1.7652
1.7637
1.7621
1.7606
1.759
1.7575
1.756
1.7544
1.7529
1.7514
1.7499
1.7483
1.7468
1.7453
1.7438
1.7423
1.7408
1.7393
1.7379
1.7364
1.7349
1.7334
1.732
1.7305
1.729
1.7276
1.7261
1.7246
1.7232
1.7217
1.7203
1.7188
1.7174
1.7159
1.7145
1.713
1.7116
1.7102
1.7087
1.7073
1.7058
1.7044
1.703
1.7015
1.7001
1.6987
1.6972
1.6958
1.6943
1.6929
1.6915
1.69
1.6886
1.6871
1.6857
1.6842
1.6828
1.6813
1.6798
1.6784
1.6769
1.6754
1.6739
1.6724
1.6709
1.6694
1.6679
1.6664
1.6648
1.6633
1.6617
1.6601
1.6585
1.6569
1.6553
1.6536
1.6519
1.6502
1.6485
1.6467
1.6449
1.6431
1.6412
1.6393
1.6373
1.6353
1.6332
1.631
1.6288
1.6265
1.6241
1.6215
1.6189
1.6162
1.6133
1.6102
1.607
1.6036
1.5999
1.5961
1.5919
1.5874
1.5825
1.5772
1.5715
1.5653
1.5584
1.5509
1.5426
1.5334
1.5233
1.512
1.4996
1.4857
1.4704
1.4534
1.4346
1.4139
1.3912
1.3665
1.3398
1.3112
1.2808
1.249
1.2159
1.182
1.1476
1.1132
1.0789
1.0453
1.0124
.9805
.9497
.9201
.8917
.8645
.8385
.8135
.7897
.7668
.7448
.7237
.7034
.6837
.6648
.6465
.6287
.6115
.5949
.5787
.563
.5478
.5331
.5188
.505
.4916
.4787
.4662
.4541
.4425
.4313
.4205
.4101
.4001
.3905
.3813
.3724
.3639
.3557
.3479
.3403
.3331
.3261
.3194
.313
.3068
.3008
.2951
.2896
.2843
.2792
.2742
.2695
.2648
.2604
.2561
.252
.2479
.2441
.2403
.2366
.2331
.2297
.2263
.2231
.22
.2169
.214
.2111
.2083
.2056
.2029
.2003
.1978
.1954
.193
.1906
.1884
.1861
.184
.1818
.1798
.1778
.1758
.1739
.172
.1701
.1683
.1665
.1648
.1631
.1615
.1598
.1582
.1567
.1551
.1536
.1522
.1507
.1493
.1479
.1466
.1452
.1439
.1426
.1413
.1401
.1389
.1377
.1365
.1353
.1342
.1331
.132
.1309
.1298
.1287
.1277
.1267
.1257
.1247
.1237
.1228
.1218
.1209
.12
.1191
.1182
.1173
.1165
.1156
.1148
.114
.1132
.1124
.1116
.1108
.11
.1093
.1085
.1078
.1071
.1063
.1056
.1049
.1042
.1036
.1029
.1022
.1016
.1009
.1003
.0996
.099
.0984
.0978
.0972
.0966
.096
.0954
.0949
.0943
.0937
.0932
.0926
.0921
.0916
.091
.0905
.09
.0895
.089
.0885
.088
.0875
.087
.0866
.0861
.0856
.0851
.0847
.0842
.0838
.0833
.0829
.0825
.082
.0816
.0812
.0808
.0804
.08
.0796
.0792
.0788
.0784
.078
.0776
.0772
.0768
.0765
.0761
.0757
.0754
.075
.0746
.0743
.0739
.0736
.0732
.0729
.0726
.0722
.0719
.0716
.0712
.0709
.0706
.0703
.07
.0697
.0693
.069
.0687
.0684
.0681
.0678
.0675
.0673
.067
.0667
.0664
.0661
.0658
.0656
.0653
.065
.0647
.0645
.0642
.0639
.0637
.0634
.0632
.0629
.0627
.0624
.0622
.0619
.0617
.0614
.0612
.0609
.0607
.0605
.0602
.06
.0598
.0595
.0593
.0591
.0589
.0586
.0584
.0582
.058
.0578
.0575
.0573
.0571
.0569
.0567
.0565
.0563
.0561
.0559
.0557
.0555
.0553
.0551
.0549
.0547
.0545
.0543
.0541
.0539
.0538
.0536
.0534
.0532
.053
.0528
.0527
.0525
.0523
.0521
.0519
.0518
.0516
.0514
.0513
.0511
.0509
.0507
.0506
.0504
.0502
.0501
.0499
