4.1442
3.9867
3.8648
3.7661
3.6808
3.6019
3.5248
3.4464
3.3645
3.2774
3.1841
3.0839
2.9766
2.8629
2.7442
2.6238
2.5068
2.3993
2.307
2.2327
2.1758
2.133
2.1008
2.0759
2.056
2.0395
2.0255
2.0133
2.0025
1.9928
1.9839
1.9757
1.968
1.9609
1.954
1.9475
1.9413
1.9353
1.9295
1.9239
1.9184
1.9131
1.908
1.903
1.8981
1.8933
1.8887
1.8842
1.8798
1.8755
1.8713
1.8672
1.8633
1.8594
1.8556
1.8519
1.8484
1.8448
1.8414
1.8381
1.8348
1.8316
1.8285
1.8254
1.8224
1.8195
1.8166
1.8138
1.8111
1.8084
1.8057
1.8031
1.8005
1.798
1.7955
1.7931
1.7907
1.7883
1.786
1.7837
1.7814
1.7792
1.777
1.7749
1.7727
1.7706
1.7685
1.7664
1.7644
1.7624
1.7604
1.7584
1.7565
1.7545
1.7526
1.7507
1.7489
1.747
1.7452
1.7433
1.7415
1.7397
1.738
1.7362
1.7345
1.7327
1.731
1.7293
1.7276
1.726
1.7243
1.7227
1.721
1.7194
1.7178
1.7162
1.7146
1.713
1.7115
1.7099
1.7084
1.7069
1.7054
1.7039
1.7024
1.7009
1.6994
1.698
1.6965
1.6951
1.6937
1.6923
1.6909
1.6895
1.6881
1.6867
1.6854
1.684
1.6827
1.6814
1.68
1.6787
1.6774
1.6762
1.6749
1.6736
1.6724
1.6711
1.6699
1.6687
1.6675
1.6663
1.6651
1.6639
1.6627
1.6615
1.6604
1.6592
1.6581
1.657
1.6559
1.6548
1.6537
1.6526
1.6515
1.6504
1.6494
1.6483
1.6473
1.6462
1.6452
1.6442
1.6432
1.6422
1.6412
1.6402
1.6392
1.6382
1.6373
1.6363
1.6354
1.6344
1.6335
1.6326
1.6317
1.6307
1.6298
1.6289
1.628
1.6272
1.6263
1.6254
1.6245
1.6237
1.6228
1.622
1.6211
1.6203
1.6195
1.6186
1.6178
1.617
1.6162
1.6154
1.6146
1.6138
1.613
1.6122
1.6114
1.6107
1.6099
1.6091
1.6084
1.6076
1.6068
1.6061
1.6053
1.6046
1.6038
1.6031
1.6024
1.6016
1.6009
1.6002
1.5994
1.5987
1.598
1.5973
1.5965
1.5958
1.5951
1.5944
1.5937
1.593
1.5922
1.5915
1.5908
1.5901
1.5894
1.5887
1.588
1.5872
1.5865
1.5858
1.5851
1.5844
1.5836
1.5829
1.5822
1.5814
1.5807
1.58
1.5792
1.5785
1.5777
1.577
1.5762
1.5755
1.5747
1.5739
1.5731
1.5723
1.5715
1.5707
1.5699
1.5691
1.5682
1.5674
1.5665
1.5656
1.5648
1.5639
1.5629
1.562
1.5611
1.5601
1.5591
1.5581
1.5571
1.5561
1.555
1.5539
1.5528
1.5516
1.5504
1.5492
1.548
1.5467
1.5453
1.5439
1.5425
1.5411
1.5395
1.5379
1.5363
1.5346
1.5328
1.5309
1.5289
1.5269
1.5247
1.5225
1.5201
1.5175
1.5149
1.512
1.509
1.5058
1.5024
1.4987
1.4948
1.4906
1.486
1.4811
1.4758
1.47
1.4636
1.4567
1.449
1.4406
1.4313
1.421
1.4095
1.3967
1.3823
1.3661
1.3479
1.3274
1.3043
1.2783
1.2491
1.2164
1.1802
1.1405
1.0974
1.0515
1.0036
.9545
.9052
.8568
.8101
.7657
.7241
.6853
.6495
.6165
.5861
.5582
.5324
.5087
.4867
.4663
.4473
.4296
.4131
.3977
.3832
.3695
.3567
.3446
.3332
.3224
.3122
.3026
.2934
.2847
.2765
.2686
.2612
.2541
.2473
.2409
.2347
.2289
.2233
.2179
.2128
.2079
.2032
.1987
.1944
.1903
.1863
.1825
.1789
.1754
.172
.1687
.1656
.1626
.1597
.1568
.1541
.1515
.149
.1465
.1441
.1419
.1396
.1375
.1354
.1334
.1314
.1295
.1277
.1259
.1241
.1224
.1208
.1192
.1176
.1161
.1146
.1132
.1118
.1104
.109
.1077
.1065
.1052
.104
.1028
.1017
.1005
.0994
.0984
.0973
.0963
.0953
.0943
.0933
.0924
.0914
.0905
.0896
.0888
.0879
.0871
.0862
.0854
.0846
.0839
.0831
.0823
.0816
.0809
.0802
.0795
.0788
.0781
.0775
.0768
.0762
.0756
.0749
.0743
.0737
.0731
.0726
.072
.0714
.0709
.0703
.0698
.0693
.0688
.0683
.0678
.0673
.0668
.0663
.0658
.0654
.0649
.0644
.064
.0636
.0631
.0627
.0623
.0619
.0614
.061
.0606
.0602
.0598
.0595
.0591
.0587
.0583
.058
.0576
.0573
.0569
.0566
.0562
.0559
.0555
.0552
.0549
.0546
.0542
.0539
.0536
.0533
.053
.0527
.0524
.0521
.0518
.0515
.0512
.051
.0507
.0504
.0501
.0499
