4.871
4.6457
4.4012
4.1614
3.9456
3.7598
3.5996
3.4576
3.3272
3.2034
3.0828
2.9637
2.8458
2.7305
2.6209
2.5212
2.4356
2.3661
2.3126
2.2725
2.2425
2.2195
2.2009
2.185
2.1709
2.1579
2.1455
2.1335
2.1219
2.1106
2.0996
2.0888
2.0782
2.0678
2.0577
2.0478
2.0382
2.0287
2.0194
2.0104
2.0015
1.9929
1.9844
1.9761
1.9679
1.96
1.9522
1.9446
1.9372
1.9299
1.9228
1.9158
1.909
1.9023
1.8957
1.8893
1.883
1.8768
1.8707
1.8646
1.8587
1.8528
1.847
1.8413
1.8356
1.8299
1.8243
1.8187
1.8131
1.8076
1.802
1.7964
1.7907
1.785
1.7793
1.7734
1.7675
1.7615
1.7553
1.7489
1.7424
1.7356
1.7287
1.7214
1.7138
1.7058
1.6973
1.6884
1.6789
1.6688
1.6579
1.6461
1.6334
1.6196
1.6045
1.588
1.5699
1.5499
1.528
1.5037
1.4771
1.4478
1.4159
1.3813
1.344
1.3044
1.2629
1.2198
1.1758
1.1315
1.0875
1.0444
1.0026
.9624
.9241
.8878
.8536
.8213
.791
.7627
.7361
.7111
.6878
.6659
.6453
.6259
.6077
.5906
.5744
.559
.5445
.5308
.5177
.5053
.4934
.4821
.4713
.461
.4511
.4417
.4326
.4239
.4155
.4074
.3996
.3921
.3849
.3779
.3711
.3646
.3583
.3521
.3462
.3405
.3349
.3295
.3243
.3192
.3143
.3095
.3048
.3003
.2959
.2916
.2874
.2834
.2794
.2756
.2718
.2682
.2646
.2612
.2578
.2545
.2513
.2481
.2451
.2421
.2392
.2363
.2335
.2308
.2282
.2256
.223
.2205
.2181
.2157
.2134
.2111
.2089
.2067
.2046
.2025
.2004
.1984
.1965
.1945
.1926
.1908
.189
.1872
.1854
.1837
.182
.1804
.1787
.1771
.1756
.174
.1725
.171
.1695
.1681
.1667
.1653
.1639
.1626
.1613
.16
.1587
.1574
.1562
.1549
.1537
.1525
.1514
.1502
.1491
.148
.1469
.1458
.1447
.1437
.1426
.1416
.1406
.1396
.1386
.1376
.1367
.1357
.1348
.1339
.133
.1321
.1312
.1303
.1295
.1286
.1278
.1269
.1261
.1253
.1245
.1237
.1229
.1222
.1214
.1207
.1199
.1192
.1184
.1177
.117
.1163
.1156
.1149
.1143
.1136
.1129
.1123
.1116
.111
.1103
.1097
.1091
.1085
.1079
.1073
.1067
.1061
.1055
.1049
.1044
.1038
.1032
.1027
.1021
.1016
.1011
.1005
.1
.0995
.099
.0984
.0979
.0974
.0969
.0965
.096
.0955
.095
.0945
.0941
.0936
.0931
.0927
.0922
.0918
.0913
.0909
.0905
.09
.0896
.0892
.0888
.0884
.0879
.0875
.0871
.0867
.0863
.0859
.0855
.0852
.0848
.0844
.084
.0836
.0833
.0829
.0825
.0822
.0818
.0815
.0811
.0808
.0804
.0801
.0797
.0794
.0791
.0787
.0784
.0781
.0777
.0774
.0771
.0768
.0765
.0762
.0758
.0755
.0752
.0749
.0746
.0743
.074
.0737
.0735
.0732
.0729
.0726
.0723
.072
.0718
.0715
.0712
.0709
.0707
.0704
.0701
.0699
.0696
.0693
.0691
.0688
.0686
.0683
.0681
.0678
.0676
.0673
.0671
.0668
.0666
.0664
.0661
.0659
.0657
.0654
.0652
.065
.0647
.0645
.0643
.0641
.0638
.0636
.0634
.0632
.063
.0628
.0625
.0623
.0621
.0619
.0617
.0615
.0613
.0611
.0609
.0607
.0605
.0603
.0601
.0599
.0597
.0595
.0593
.0591
.059
.0588
.0586
.0584
.0582
.058
.0578
.0577
.0575
.0573
.0571
.0569
.0568
.0566
.0564
.0563
.0561
.0559
.0557
.0556
.0554
.0552
.0551
.0549
.0547
.0546
.0544
.0543
.0541
.0539
.0538
.0536
.0535
.0533
.0532
.053
.0529
.0527
.0526
.0524
.0523
.0521
.052
.0518
.0517
.0515
.0514
.0512
.0511
.0509
.0508
.0507
.0505
.0504
.0502
.0501
.05
