4.0397
3.8754
3.7386
3.6204
3.5137
3.4136
3.3173
3.2229
3.1293
3.036
2.9428
2.8503
2.7594
2.6717
2.5889
2.5127
2.4444
2.3847
2.3333
2.2896
2.2529
2.222
2.1961
2.1743
2.1558
2.1401
2.1267
2.1152
2.1052
2.0965
2.0889
2.0822
2.0763
2.071
2.0663
2.0621
2.0583
2.0549
2.0518
2.049
2.0464
2.044
2.0419
2.0399
2.038
2.0363
2.0348
2.0333
2.0319
2.0306
2.0295
2.0283
2.0273
2.0263
2.0254
2.0245
2.0237
2.0229
2.0222
2.0215
2.0208
2.0202
2.0196
2.019
2.0185
2.018
2.0175
2.017
2.0166
2.0161
2.0157
2.0153
2.0149
2.0146
2.0142
2.0139
2.0136
2.0133
2.013
2.0127
2.0124
2.0121
2.0119
2.0116
2.0114
2.0112
2.0109
2.0107
2.0105
2.0103
2.0101
2.0099
2.0097
2.0096
2.0094
2.0092
2.0091
2.0089
2.0088
2.0086
2.0085
2.0083
2.0082
2.008
2.0079
2.0078
2.0077
2.0075
2.0074
2.0073
2.0072
2.0071
2.007
2.0069
2.0068
2.0067
2.0066
2.0065
2.0064
2.0063
2.0062
2.0061
2.0061
2.006
2.0059
2.0058
2.0057
2.0057
2.0056
2.0055
2.0054
2.0054
2.0053
2.0052
2.0052
2.0051
2.005
2.005
2.0049
2.0049
2.0048
2.0047
2.0047
2.0046
2.0046
2.0045
2.0045
2.0044
2.0044
2.0043
2.0043
2.0042
2.0042
2.0041
2.0041
2.0041
2.004
2.004
2.0039
2.0039
2.0038
2.0038
2.0038
2.0037
2.0037
2.0036
2.0036
2.0036
2.0035
2.0035
2.0035
2.0034
2.0034
2.0034
2.0033
2.0033
2.0033
2.0032
2.0032
2.0032
2.0031
2.0031
2.0031
2.0031
2.003
2.003
2.003
2.003
2.0029
2.0029
2.0029
2.0028
2.0028
2.0028
2.0028
2.0027
2.0027
2.0027
2.0027
2.0027
2.0026
2.0026
2.0026
2.0026
2.0025
2.0025
2.0025
2.0025
2.0025
2.0024
2.0024
2.0024
2.0024
2.0024
2.0023
2.0023
2.0023
2.0023
2.0023
2.0022
2.0022
2.0022
2.0022
2.0022
2.0022
2.0021
2.0021
2.0021
2.0021
2.0021
2.0021
2.002
2.002
2.002
2.002
2.002
2.002
2.002
2.0019
2.0019
2.0019
2.0019
2.0019
2.0019
2.0019
2.0018
2.0018
2.0018
2.0018
2.0018
2.0018
2.0018
2.0018
2.0017
2.0017
2.0017
2.0017
2.0017
2.0017
2.0017
2.0017
2.0016
2.0016
2.0016
2.0016
2.0016
2.0016
2.0016
2.0016
2.0016
2.0015
2.0015
2.0015
2.0015
2.0015
2.0015
2.0015
2.0015
2.0015
2.0015
2.0014
2.0014
2.0014
2.0014
2.0014
2.0014
2.0014
2.0014
2.0014
2.0014
2.0014
2.0013
2.0013
2.0013
2.0013
2.0013
2.0013
2.0013
2.0013
2.0013
2.0013
2.0013
2.0013
2.0012
2.0012
2.0012
2.0012
2.0012
2.0012
2.0012
2.0012
2.0012
2.0012
2.0012
2.0012
2.0012
2.0012
2.0011
2.0011
2.0011
2.0011
2.0011
2.0011
2.0011
2.0011
2.0011
2.0011
2.0011
2.0011
2.0011
2.0011
2.0011
2.001
2.001
2.001
2.001
2.001
2.001
2.001
2.001
2.001
2.001
2.001
2.001
2.001
2.001
2.001
2.001
2.001
2.0009
2.0009
2.0009
2.0009
2.0009
2.0009
2.0009
2.0009
2.0009
2.0009
2.0009
2.0009
2.0009
2.0009
2.0009
2.0009
2.0009
2.0009
2.0009
2.0008
2.0008
2.0008
2.0008
2.0008
2.0008
2.0008
2.0008
2.0008
2.0008
2.0008
2.0008
2.0008
2.0008
2.0008
2.0008
2.0008
2.0008
2.0008
2.0008
2.0008
2.0008
2.0007
2.0007
2.0007
2.0007
2.0007
2.0007
2.0007
2.0007
2.0007
2.0007
2.0007
2.0007
2.0007
2.0007
2.0007
2.0007
2.0007
2.0007
2.0007
2.0007
2.0007
2.0007
2.0007
2.0007
2.0007
2.0007
2.0006
2.0006
2.0006
2.0006
2.0006
2.0006
2.0006
2.0006
2.0006
2.0006
2.0006
2.0006
2.0006
2.0006
2.0006
2.0006
2.0006
2.0006
2.0006
2.0006
2.0006
2.0006
2.0006
2.0006
2.0006
2.0006
2.0006
2.0006
2.0006
2.0006
2.0006
2.0005
2.0005
2.0005
2.0005
2.0005
2.0005
2.0005
2.0005
2.0005
2.0005
2.0005
2.0005
2.0005
2.0005
2.0005
2.0005
2.0005
2.0005
2.0005
2.0005
2.0005
2.0005
2.0005
2.0005
2.0005
2.0005
2.0005
2.0005
2.0005
2.0005
2.0005
2.0005
2.0005
2.0005
2.0005
2.0005
2.0005
2.0004
2.0004
2.0004
2.0004
2.0004
2.0004
2.0004
2.0004
2.0004
2.0004
2.0004
2.0004
2.0004
2.0004
2.0004
2.0004
2.0004
2.0004
2.0004
2.0004
2.0004
2.0004
2.0004
2.0004
2.0004
2.0004
2.0004
2.0004
2.0004
2.0004
2.0004
2.0004
2.0004
2.0004
2.0004
2.0004
2.0004
2.0004
2.0004
2.0004
2.0004
2.0004
2.0004
2.0004
2.0004
2.0004
2.0003
2.0003
2.0003
2.0003
2.0003
2.0003
2.0003
2.0003
2.0003
2.0003
2.0003
2.0003
2.0003
2.0003
2.0003
2.0003
2.0003
2.0003
2.0003
2.0003
2.0003
2.0003
2.0003
2.0003
2.0003
2.0003
2.0003
2.0003
2.0003
2.0003
2.0003
2.0003
2.0003
2.0003
2.0003
2.0003
2.0003
2.0003
2.0003
2.0003
2.0003
2.0003
2.0003
2.0003
2.0003
2.0003
2.0003
2.0003
2.0003
2.0003
2.0003
2.0003
2.0003
2.0003
2.0003
2.0003
2.0003
2.0003
2.0003
2.0002
2.0002
2.0002
2.0002
2.0002
2.0002
2.0002
2.0002
2.0002
2.0002
2.0002
2.0002
2.0002
2.0002
2.0002
2.0002
2.0002
2.0002
2.0002
2.0002
2.0002
2.0002
2.0002
2.0002
2.0002
2.0002
2.0002
2.0002
2.0002
2.0002
2.0002
2.0002
2.0002
2.0002
2.0002
2.0002
2.0002
2.0002
2.0002
2.0002
2.0002
2.0002
2.0002
2.0002
2.0002
2.0002
2.0002
2.0002
2.0002
2.0002
2.0002
2.0002
2.0002
2.0002
2.0002
2.0002
2.0002
2.0002
2.0002
2.0002
2.0002
2.0002
2.0002
2.0002
2.0002
2.0002
2.0002
2.0002
2.0002
2.0002
2.0002
2.0002
2.0002
2.0002
2.0002
2.0002
2.0001
2.0001
2.0001
2.0001
2.0001
2.0001
2.0001
2.0001
2.0001
2.0001
2.0001
2.0001
2.0001
2.0001
2.0001
2.0001
2.0001
2.0001
2.0001
2.0001
2.0001
2.0001
2.0001
2.0001
2.0001
2.0001
2.0001
2.0001
2.0001
2.0001
2.0001
2.0001
2.0001
2.0001
2.0001
2.0001
2.0001
2.0001
2.0001
2.0001
2.0001
2.0001
2.0001
2.0001
2.0001
2.0001
2.0001
2.0001
2.0001
2.0001
2.0001
2.0001
2.0001
2.0001
2.0001
2.0001
2.0001
2.0001
2.0001
2.0001
2.0001
2.0001
2.0001
2.0001
2.0001
2.0001
2.0001
2.0001
2.0001
2.0001
2.0001
2.0001
2.0001
2.0001
2.0001
2.0001
2.0001
2.0001
2.0001
2.0001
2.0001
2.0001
2.0001
2.0001
2.0001
2.0001
2.0001
2.0001
2.0001
2.0001
2.0001
2.0001
2.0001
2.0001
2.0001
2.0001
2.0001
2.0001
2.0001
2.0001
2.0001
2.0001
2.0001
2.0001
2.0001
2.0
2.0
2.0
2.0
2.0
2.0
2.0
2.0
2.0
2.0
2.0
2.0
2.0
2.0
2.0
2.0
2.0
2.0
2.0
2.0
2.0
2.0
2.0
2.0
2.0
2.0
2.0
2.0
2.0
2.0
2.0
2.0
2.0
2.0
2.0
2.0
2.0
2.0
2.0
2.0
2.0
2.0
2.0
2.0
2.0
2.0
2.0
2.0
2.0
2.0
2.0
2.0
2.0
2.0
2.0
2.0
2.0
2.0
2.0
2.0
2.0
2.0
2.0
2.0
2.0
2.0
2.0
2.0
2.0
2.0
2.0
2.0
2.0
2.0
2.0
2.0
2.0
2.0
2.0
2.0
2.0
2.0
2.0
2.0
2.0
2.0
2.0
2.0
2.0
2.0
2.0
2.0
2.0
2.0
2.0
2.0
2.0
2.0
2.0
2.0
2.0
2.0
2.0
2.0
2.0
2.0
2.0
2.0
2.0
2.0
2.0
2.0
2.0
2.0
2.0
2.0
2.0
2.0
2.0
2.0
2.0
2.0
2.0
2.0
2.0
2.0
2.0
2.0
2.0
2.0
2.0
2.0
2.0
2.0
2.0
2.0
2.0
2.0
2.0
2.0
2.0
2.0
2.0
2.0
2.0
2.0
2.0
2.0
2.0
2.0
1.9999
1.9999
1.9999
1.9999
1.9999
1.9999
1.9999
1.9999
1.9999
1.9999
1.9999
1.9999
1.9999
1.9999
1.9999
1.9999
1.9999
1.9999
1.9999
1.9999
1.9999
1.9999
1.9999
1.9999
1.9999
1.9999
1.9999
1.9999
1.9999
1.9999
1.9999
1.9999
1.9999
1.9999
1.9999
1.9999
1.9999
1.9999
1.9999
1.9999
1.9999
1.9999
1.9999
1.9999
1.9999
1.9999
1.9999
1.9999
1.9999
1.9999
1.9999
1.9999
1.9999
1.9999
1.9999
1.9999
1.9999
1.9999
1.9999
1.9999
1.9999
1.9999
1.9999
1.9999
1.9999
1.9999
1.9999
1.9999
1.9999
1.9999
1.9999
1.9999
1.9999
1.9999
1.9999
1.9999
1.9999
1.9999
1.9999
1.9999
1.9999
1.9999
1.9999
1.9999
1.9999
1.9999
1.9999
1.9999
1.9999
1.9999
1.9999
1.9999
1.9999
1.9999
1.9999
1.9999
1.9999
1.9999
1.9999
1.9999
1.9999
1.9999
1.9999
1.9999
1.9999
1.9999
1.9999
1.9999
1.9999
1.9999
1.9999
1.9999
1.9999
1.9999
1.9999
1.9999
1.9999
1.9999
1.9999
1.9999
1.9999
1.9999
1.9999
1.9999
1.9999
1.9999
1.9999
1.9999
1.9999
1.9999
1.9999
1.9999
1.9999
1.9999
1.9999
1.9999
1.9999
1.9999
1.9999
1.9999
1.9999
1.9999
1.9999
1.9999
1.9999
1.9999
1.9999
1.9999
1.9999
1.9999
1.9999
1.9999
1.9999
1.9999
1.9999
1.9999
1.9999
1.9999
1.9999
1.9999
1.9999
1.9999
1.9999
1.9999
1.9999
1.9999
1.9999
1.9999
1.9999
1.9999
1.9999
1.9999
1.9999
1.9999
1.9999
1.9999
1.9999
1.9999
1.9999
1.9999
1.9999
1.9999
1.9999
1.9999
1.9999
1.9999
1.9999
1.9999
1.9999
1.9999
1.9999
1.9999
1.9999
1.9999
1.9999
1.9999
1.9999
1.9999
1.9999
1.9999
1.9999
1.9999
1.9999
1.9999
1.9999
1.9999
1.9999
1.9999
1.9999
1.9999
1.9999
1.9999
1.9999
1.9999
1.9999
1.9999
1.9999
1.9999
1.9999
1.9999
1.9999
1.9999
1.9999
1.9999
1.9999
1.9999
1.9998
1.9998
1.9998
1.9998
1.9998
1.9998
1.9998
1.9998
1.9998
1.9998
1.9998
1.9998
1.9998
1.9998
1.9998
1.9998
1.9998
1.9998
1.9998
1.9998
1.9998
1.9998
1.9998
1.9998
1.9998
1.9998
1.9998
1.9998
1.9998
1.9998
1.9998
1.9998
1.9998
1.9998
1.9998
1.9998
1.9998
1.9998
1.9998
1.9998
1.9998
1.9998
1.9998
1.9998
1.9998
1.9998
1.9998
1.9998
1.9998
1.9998
1.9998
1.9998
1.9998
1.9998
1.9998
1.9998
1.9998
1.9998
1.9998
1.9998
1.9998
1.9998
1.9998
1.9998
1.9998
1.9998
1.9998
1.9998
1.9998
1.9998
1.9998
1.9998
1.9998
1.9998
1.9998
1.9998
1.9998
1.9998
1.9998
1.9998
1.9998
1.9998
1.9998
1.9998
1.9998
1.9998
1.9998
1.9998
1.9998
1.9998
1.9998
1.9998
1.9998
1.9998
1.9998
1.9998
1.9998
1.9998
1.9998
1.9998
1.9998
1.9998
1.9998
1.9998
1.9998
1.9998
1.9998
1.9998
1.9998
1.9998
1.9998
1.9998
1.9998
1.9998
1.9998
1.9998
1.9998
1.9998
1.9998
1.9998
1.9998
1.9998
1.9998
1.9998
1.9998
1.9998
1.9998
1.9998
1.9998
1.9998
1.9998
1.9998
1.9998
1.9998
1.9998
1.9998
1.9998
1.9998
1.9998
1.9998
1.9998
1.9998
1.9998
1.9998
1.9998
1.9998
1.9998
1.9998
1.9998
1.9998
1.9998
1.9998
1.9998
1.9998
1.9998
1.9998
1.9998
1.9998
1.9998
1.9998
1.9998
1.9998
1.9998
1.9998
1.9998
1.9998
1.9998
1.9998
1.9998
1.9998
1.9998
1.9998
1.9998
1.9998
1.9998
1.9998
1.9998
1.9998
1.9998
1.9998
1.9998
1.9998
1.9998
1.9998
1.9998
1.9998
1.9998
1.9998
1.9998
1.9998
1.9998
1.9998
1.9998
1.9998
1.9998
1.9998
1.9998
1.9998
1.9998
1.9998
1.9998
1.9998
1.9998
1.9998
1.9998
1.9998
1.9998
1.9998
1.9998
1.9998
1.9998
1.9998
1.9998
1.9998
1.9998
1.9998
1.9998
1.9998
1.9998
1.9998
1.9998
1.9998
1.9998
1.9998
1.9998
1.9998
1.9998
1.9998
1.9998
1.9998
1.9998
1.9998
1.9998
1.9998
1.9998
1.9998
1.9998
1.9998
1.9998
1.9998
1.9998
1.9998
1.9998
1.9998
1.9998
1.9998
1.9998
1.9998
1.9998
1.9998
1.9998
1.9998
1.9998
1.9998
1.9998
1.9998
1.9998
1.9998
1.9998
1.9998
1.9998
1.9998
1.9998
1.9998
1.9998
1.9998
1.9998
1.9998
1.9998
1.9998
1.9998
1.9998
1.9998
1.9998
1.9998
1.9998
1.9998
1.9998
1.9998
1.9998
1.9998
1.9998
1.9998
1.9998
1.9998
1.9998
1.9998
1.9998
1.9998
1.9998
1.9998
1.9998
1.9998
1.9998
1.9998
1.9998
1.9998
1.9998
1.9998
1.9998
1.9998
1.9998
1.9998
1.9998
1.9998
1.9998
1.9998
1.9998
1.9998
1.9998
1.9998
1.9998
1.9998
1.9998
1.9998
1.9998
1.9998
1.9998
1.9998
1.9998
1.9998
1.9998
1.9998
1.9998
1.9998
1.9998
1.9998
1.9998
1.9998
1.9998
1.9998
1.9998
1.9998
1.9998
1.9998
1.9998
1.9998
1.9998
1.9998
1.9998
1.9998
1.9998
1.9997
1.9997
1.9997
1.9997
1.9997
1.9997
1.9997
1.9997
1.9997
1.9997
1.9997
1.9997
1.9997
1.9997
1.9997
1.9997
1.9997
1.9997
1.9997
1.9997
1.9997
1.9997
1.9997
1.9997
1.9997
1.9997
1.9997
1.9997
1.9997
1.9997
1.9997
1.9997
1.9997
1.9997
1.9997
1.9997
1.9997
1.9997
1.9997
1.9997
1.9997
1.9997
1.9997
1.9997
1.9997
1.9997
1.9997
1.9997
1.9997
1.9997
1.9997
1.9997
1.9997
1.9997
1.9997
1.9997
1.9997
1.9997
1.9997
1.9997
1.9997
1.9997
1.9997
1.9997
1.9997
1.9997
1.9997
1.9997
1.9997
1.9997
1.9997
1.9997
1.9997
1.9997
1.9997
1.9997
1.9997
1.9997
1.9997
1.9997
1.9997
1.9997
1.9997
1.9997
1.9997
1.9997
1.9997
1.9997
1.9997
1.9997
1.9997
1.9997
1.9997
1.9997
1.9997
1.9997
1.9997
1.9997
1.9997
1.9997
1.9997
1.9997
1.9997
1.9997
1.9997
1.9997
1.9997
1.9997
1.9997
1.9997
1.9997
1.9997
1.9997
1.9997
1.9997
1.9997
1.9997
1.9997
1.9997
1.9997
1.9997
1.9997
1.9997
1.9997
1.9997
1.9997
1.9997
1.9997
1.9997
1.9997
1.9997
1.9997
1.9997
1.9997
1.9997
1.9997
1.9997
1.9997
1.9997
1.9997
1.9997
1.9997
1.9997
1.9997
1.9997
1.9997
1.9997
1.9997
1.9997
1.9997
1.9997
1.9997
1.9997
1.9997
1.9997
1.9997
1.9997
1.9997
1.9997
1.9997
1.9997
1.9997
1.9997
1.9997
1.9997
1.9997
1.9997
1.9997
1.9997
1.9997
1.9997
1.9997
1.9997
1.9997
1.9997
1.9997
1.9997
1.9997
1.9997
1.9997
1.9997
1.9997
1.9997
1.9997
1.9997
1.9997
1.9997
1.9997
1.9997
1.9997
1.9997
1.9997
1.9997
1.9997
1.9997
1.9997
1.9997
1.9997
1.9997
1.9997
1.9997
1.9997
1.9997
1.9997
1.9997
1.9997
1.9997
1.9997
1.9997
1.9997
1.9997
1.9997
1.9997
1.9997
1.9997
1.9997
1.9997
1.9997
1.9997
1.9997
1.9997
1.9997
1.9997
1.9997
1.9997
1.9997
1.9997
1.9997
1.9997
1.9997
1.9997
1.9997
1.9997
1.9997
1.9997
1.9997
1.9997
1.9997
1.9997
1.9997
1.9997
1.9997
1.9997
1.9997
1.9997
1.9997
1.9997
1.9997
1.9997
1.9997
1.9997
1.9997
1.9997
1.9997
1.9997
1.9997
1.9997
1.9997
1.9997
1.9997
1.9997
1.9997
1.9997
1.9997
1.9997
1.9997
1.9997
1.9997
1.9997
1.9997
1.9997
1.9997
1.9997
1.9997
1.9997
1.9997
1.9997
1.9997
1.9997
1.9997
1.9997
1.9997
1.9997
1.9997
1.9997
1.9997
1.9997
1.9997
1.9997
1.9997
1.9997
1.9997
1.9997
1.9997
1.9997
1.9997
1.9997
1.9997
1.9997
1.9997
1.9997
1.9997
1.9997
1.9997
1.9997
1.9997
1.9997
1.9997
1.9997
1.9997
1.9997
1.9997
1.9997
1.9997
1.9997
1.9997
1.9997
1.9997
1.9997
1.9997
1.9997
1.9997
1.9997
1.9997
1.9997
1.9997
1.9997
1.9997
1.9997
1.9997
1.9997
1.9997
1.9997
1.9997
1.9997
1.9997
1.9997
1.9997
1.9997
1.9997
1.9997
1.9997
1.9997
1.9997
1.9997
1.9997
1.9997
1.9997
1.9997
1.9997
1.9997
1.9997
1.9997
1.9997
1.9997
1.9997
1.9997
1.9997
1.9997
1.9997
1.9997
1.9997
1.9997
1.9997
1.9997
1.9997
1.9997
1.9997
1.9997
1.9997
1.9997
1.9997
1.9997
1.9997
1.9997
1.9997
1.9997
1.9997
1.9997
1.9997
1.9997
1.9997
1.9997
1.9997
1.9997
1.9997
1.9997
1.9997
1.9997
1.9997
1.9997
1.9997
1.9997
1.9997
1.9997
1.9997
1.9997
1.9997
1.9997
1.9997
1.9997
1.9997
1.9997
1.9997
1.9997
1.9997
1.9997
1.9997
1.9997
1.9997
1.9997
1.9997
1.9997
1.9997
1.9997
1.9997
1.9997
1.9997
1.9997
1.9997
1.9997
1.9997
1.9997
1.9997
1.9997
1.9997
1.9997
1.9997
1.9997
1.9997
1.9997
1.9997
1.9997
1.9997
1.9997
1.9997
1.9997
1.9997
1.9997
1.9997
1.9997
1.9997
1.9997
1.9997
1.9997
1.9997
1.9997
1.9997
1.9997
1.9997
1.9997
1.9997
1.9997
1.9997
1.9997
1.9997
1.9997
1.9997
1.9997
1.9997
1.9997
1.9997
1.9997
1.9997
1.9997
1.9997
1.9997
1.9997
1.9997
1.9997
1.9997
1.9997
1.9997
1.9997
1.9997
1.9997
1.9997
1.9997
1.9997
1.9996
1.9996
1.9996
1.9996
1.9996
1.9996
1.9996
1.9996
1.9996
1.9996
1.9996
1.9996
1.9996
1.9996
1.9996
1.9996
1.9996
1.9996
1.9996
1.9996
1.9996
1.9996
1.9996
1.9996
1.9996
1.9996
1.9996
1.9996
1.9996
1.9996
1.9996
1.9996
1.9996
1.9996
1.9996
1.9996
1.9996
1.9996
1.9996
1.9996
1.9996
1.9996
1.9996
1.9996
1.9996
1.9996
1.9996
1.9996
1.9996
1.9996
1.9996
1.9996
1.9996
1.9996
1.9996
1.9996
1.9996
1.9996
1.9996
1.9996
1.9996
1.9996
1.9996
1.9996
1.9996
1.9996
1.9996
1.9996
1.9996
1.9996
1.9996
1.9996
1.9996
1.9996
1.9996
1.9996
1.9996
1.9996
1.9996
1.9996
1.9996
1.9996
1.9996
1.9996
1.9996
1.9996
1.9996
1.9996
1.9996
1.9996
1.9996
1.9996
1.9996
1.9996
1.9996
1.9996
1.9996
1.9996
1.9996
1.9996
1.9996
1.9996
1.9996
1.9996
1.9996
1.9996
1.9996
1.9996
1.9996
1.9996
1.9996
1.9996
1.9996
1.9996
1.9996
1.9996
1.9996
1.9996
1.9996
1.9996
1.9996
1.9996
1.9996
1.9996
1.9996
1.9996
1.9996
1.9996
1.9996
1.9996
1.9996
1.9996
1.9996
1.9996
1.9996
1.9996
1.9996
1.9996
1.9996
1.9996
1.9996
1.9996
1.9996
1.9996
1.9996
1.9996
1.9996
1.9996
1.9996
1.9996
1.9996
1.9996
1.9996
1.9996
1.9996
1.9996
1.9996
1.9996
1.9996
1.9996
1.9996
1.9996
1.9996
1.9996
1.9996
1.9996
1.9996
1.9996
1.9996
1.9996
1.9996
1.9996
1.9996
1.9996
1.9996
1.9996
1.9996
1.9996
1.9996
1.9996
1.9996
1.9996
1.9996
1.9996
1.9996
1.9996
1.9996
1.9996
1.9996
1.9996
1.9996
1.9996
1.9996
1.9996
1.9996
1.9996
1.9996
1.9996
1.9996
1.9996
1.9996
1.9996
1.9996
1.9996
1.9996
1.9996
1.9996
1.9996
1.9996
1.9996
1.9996
1.9996
1.9996
1.9996
1.9996
1.9996
1.9996
1.9996
1.9996
1.9996
1.9996
1.9996
1.9996
1.9996
1.9996
1.9996
1.9996
1.9996
1.9996
1.9996
1.9996
1.9996
1.9996
1.9996
1.9996
1.9996
1.9996
1.9996
1.9996
1.9996
1.9996
1.9996
1.9996
1.9996
1.9996
1.9996
1.9996
1.9996
1.9996
1.9996
1.9996
1.9996
1.9996
1.9996
1.9996
1.9996
1.9996
1.9996
1.9996
1.9996
1.9996
1.9996
1.9996
1.9996
1.9996
1.9996
1.9996
1.9996
1.9996
1.9996
1.9996
1.9996
1.9996
1.9996
1.9996
1.9996
1.9996
1.9996
1.9996
1.9996
1.9996
1.9996
1.9996
1.9996
1.9996
1.9996
1.9996
1.9996
1.9996
1.9996
1.9996
1.9996
1.9996
1.9996
1.9996
1.9996
1.9996
1.9996
1.9996
1.9996
1.9996
1.9996
1.9996
1.9996
1.9996
1.9996
1.9996
1.9996
1.9996
1.9996
1.9996
1.9996
1.9996
1.9996
1.9996
1.9996
1.9996
1.9996
1.9996
1.9996
1.9996
1.9996
1.9996
1.9996
1.9996
1.9996
1.9996
1.9996
1.9996
1.9996
1.9996
1.9996
1.9996
1.9996
1.9996
1.9996
1.9996
1.9996
1.9996
1.9996
1.9996
1.9996
1.9996
1.9996
1.9996
1.9996
1.9996
1.9996
1.9996
1.9996
1.9996
1.9996
1.9996
1.9996
1.9996
1.9996
1.9996
1.9996
1.9996
1.9996
1.9996
1.9996
1.9996
1.9996
1.9996
1.9996
1.9996
1.9996
1.9996
1.9996
1.9996
1.9996
1.9996
1.9996
1.9996
1.9996
1.9996
1.9996
1.9996
1.9996
1.9996
1.9996
1.9996
1.9996
1.9996
1.9996
1.9996
1.9996
1.9996
1.9996
1.9996
1.9996
1.9996
1.9996
1.9996
1.9996
1.9996
1.9996
1.9996
1.9996
1.9996
1.9996
1.9996
1.9996
1.9996
1.9996
1.9996
1.9996
1.9996
1.9996
1.9996
1.9996
1.9996
1.9996
1.9996
1.9996
1.9996
1.9996
1.9996
1.9996
1.9996
1.9996
1.9996
1.9996
1.9996
1.9996
1.9996
1.9996
1.9996
1.9996
1.9996
1.9996
1.9996
1.9996
1.9996
1.9996
1.9996
1.9996
1.9996
1.9996
1.9996
1.9996
1.9996
1.9996
1.9996
1.9996
1.9996
1.9996
1.9996
1.9996
1.9996
1.9996
1.9996
1.9996
1.9996
1.9996
1.9996
1.9996
1.9996
1.9996
1.9996
1.9996
1.9996
1.9996
1.9996
1.9996
1.9996
1.9996
1.9996
1.9996
1.9996
1.9996
1.9996
1.9996
1.9996
1.9996
1.9996
1.9996
1.9996
1.9996
1.9996
1.9996
1.9996
1.9996
1.9996
1.9996
1.9996
1.9996
1.9996
1.9996
1.9996
1.9996
1.9996
1.9996
1.9996
1.9996
1.9996
1.9996
1.9996
1.9996
1.9996
1.9996
1.9996
1.9996
1.9996
1.9996
1.9996
1.9996
1.9996
1.9996
1.9996
1.9996
1.9996
1.9996
1.9996
1.9996
1.9996
1.9996
1.9996
1.9996
1.9996
1.9996
1.9996
1.9996
1.9996
1.9996
1.9996
1.9996
1.9996
1.9996
1.9996
1.9996
1.9996
1.9996
1.9996
1.9996
1.9996
1.9996
1.9996
1.9996
1.9996
1.9996
1.9996
1.9996
1.9996
1.9996
1.9996
1.9996
1.9996
1.9996
1.9996
1.9996
1.9996
1.9995
1.9995
1.9995
1.9995
1.9995
1.9995
1.9995
1.9995
1.9995
1.9995
1.9995
1.9995
1.9995
1.9995
1.9995
1.9995
1.9995
1.9995
1.9995
1.9995
1.9995
1.9995
1.9995
1.9995
1.9995
1.9995
1.9995
1.9995
1.9995
1.9995
1.9995
1.9995
1.9995
1.9995
1.9995
1.9995
1.9995
1.9995
1.9995
1.9995
1.9995
1.9995
1.9995
1.9995
1.9995
1.9995
1.9995
1.9995
1.9995
1.9995
1.9995
1.9995
1.9995
1.9995
1.9995
1.9995
1.9995
1.9995
1.9995
1.9995
1.9995
1.9995
1.9995
1.9995
1.9995
1.9995
1.9995
1.9995
1.9995
1.9995
1.9995
1.9995
1.9995
1.9995
1.9995
1.9995
1.9995
1.9995
1.9995
1.9995
1.9995
1.9995
1.9995
1.9995
1.9995
1.9995
1.9995
1.9995
1.9995
1.9995
1.9995
1.9995
1.9995
1.9995
1.9995
1.9995
1.9995
1.9995
1.9995
1.9995
1.9995
1.9995
1.9995
1.9995
1.9995
1.9995
1.9995
1.9995
1.9995
1.9995
1.9995
1.9995
1.9995
1.9995
1.9995
1.9995
1.9995
1.9995
1.9995
1.9995
1.9995
1.9995
1.9995
1.9995
1.9995
1.9995
1.9995
1.9995
1.9995
1.9995
1.9995
1.9995
1.9995
1.9995
1.9995
1.9995
1.9995
1.9995
1.9995
1.9995
1.9995
1.9995
1.9995
1.9995
1.9995
1.9995
1.9995
1.9995
1.9995
1.9995
1.9995
1.9995
1.9995
1.9995
1.9995
1.9995
1.9995
1.9995
1.9995
1.9995
1.9995
1.9995
1.9995
1.9995
1.9995
1.9995
1.9995
1.9995
1.9995
1.9995
1.9995
1.9995
1.9995
1.9995
1.9995
1.9995
1.9995
1.9995
1.9995
1.9995
1.9995
1.9995
1.9995
1.9995
1.9995
1.9995
1.9995
1.9995
1.9995
1.9995
1.9995
1.9995
1.9995
1.9995
1.9995
1.9995
1.9995
1.9995
1.9995
1.9995
1.9995
1.9995
1.9995
1.9995
1.9995
1.9995
1.9995
1.9995
1.9995
1.9995
1.9995
1.9995
1.9995
1.9995
1.9995
1.9995
1.9995
1.9995
1.9995
1.9995
1.9995
1.9995
1.9995
1.9995
1.9995
1.9995
1.9995
1.9995
1.9995
1.9995
1.9995
1.9995
1.9995
1.9995
1.9995
1.9995
1.9995
1.9995
1.9995
1.9995
1.9995
1.9995
1.9995
1.9995
1.9995
1.9995
1.9995
1.9995
1.9995
1.9995
1.9995
1.9995
1.9995
1.9995
1.9995
1.9995
1.9995
1.9995
1.9995
1.9995
1.9995
1.9995
1.9995
1.9995
1.9995
1.9995
1.9995
1.9995
1.9995
1.9995
1.9995
1.9995
1.9995
1.9995
1.9995
1.9995
1.9995
1.9995
1.9995
1.9995
1.9995
1.9995
1.9995
1.9995
1.9995
1.9995
1.9995
1.9995
1.9995
1.9995
1.9995
1.9995
1.9995
1.9995
1.9995
1.9995
1.9995
1.9995
1.9995
1.9995
1.9995
1.9995
1.9995
1.9995
1.9995
1.9995
1.9995
1.9995
1.9995
1.9995
1.9995
1.9995
1.9995
1.9995
1.9995
1.9995
1.9995
1.9995
1.9995
1.9995
1.9995
1.9995
1.9995
1.9995
1.9995
1.9995
1.9995
1.9995
1.9995
1.9995
1.9995
1.9995
1.9995
1.9995
1.9995
1.9995
1.9995
1.9995
1.9995
1.9995
1.9995
1.9995
1.9995
1.9995
1.9995
1.9995
1.9995
1.9995
1.9995
1.9995
1.9995
1.9995
1.9995
1.9995
1.9995
1.9995
1.9995
1.9995
1.9995
1.9995
1.9995
1.9995
1.9995
1.9995
1.9995
1.9995
1.9995
1.9995
1.9995
1.9995
1.9995
1.9995
1.9995
1.9995
1.9995
1.9995
1.9995
1.9995
1.9995
1.9995
1.9995
1.9995
1.9995
1.9995
1.9995
1.9995
1.9995
1.9995
1.9995
1.9995
1.9995
1.9995
1.9995
1.9995
1.9995
1.9995
1.9995
1.9995
1.9995
1.9995
1.9995
1.9995
1.9995
1.9995
1.9995
1.9995
1.9995
1.9995
1.9995
1.9995
1.9995
1.9995
1.9995
1.9995
1.9995
1.9995
1.9995
1.9995
1.9995
1.9995
1.9995
1.9995
1.9995
1.9995
1.9995
1.9995
1.9995
1.9995
1.9995
1.9995
1.9995
1.9995
1.9995
1.9995
1.9995
1.9995
1.9995
1.9995
1.9995
1.9995
1.9995
1.9995
1.9995
1.9995
1.9995
1.9995
1.9995
1.9995
1.9995
1.9995
1.9995
1.9995
1.9995
1.9995
1.9995
1.9995
1.9995
1.9995
1.9995
1.9995
1.9995
1.9995
1.9995
1.9995
1.9995
1.9995
1.9995
1.9995
1.9995
1.9995
1.9995
1.9995
1.9995
1.9995
1.9995
1.9995
1.9995
1.9995
1.9995
1.9995
1.9995
1.9995
1.9995
1.9995
1.9995
1.9995
1.9995
1.9995
1.9995
1.9995
1.9995
1.9995
1.9995
1.9995
1.9995
1.9995
1.9995
1.9995
1.9995
1.9995
1.9995
1.9995
1.9995
1.9995
1.9995
1.9995
1.9995
1.9995
1.9995
1.9995
1.9995
1.9995
1.9995
1.9995
1.9995
1.9995
1.9995
1.9995
1.9995
1.9995
1.9995
1.9995
1.9994
1.9994
1.9994
1.9994
1.9994
1.9994
1.9994
1.9994
1.9994
1.9994
1.9994
1.9994
1.9994
1.9994
1.9994
1.9994
1.9994
1.9994
1.9994
1.9994
1.9994
1.9994
1.9994
1.9994
1.9994
1.9994
1.9994
1.9994
1.9994
1.9994
1.9994
1.9994
1.9994
1.9994
1.9994
1.9994
1.9994
1.9994
1.9994
1.9994
1.9994
1.9994
1.9994
1.9994
1.9994
1.9994
1.9994
1.9994
1.9994
1.9994
1.9994
1.9994
1.9994
1.9994
1.9994
1.9994
1.9994
1.9994
1.9994
1.9994
1.9994
1.9994
1.9994
1.9994
1.9994
1.9994
1.9994
1.9994
1.9994
1.9994
1.9994
1.9994
1.9994
1.9994
1.9994
1.9994
1.9994
1.9994
1.9994
1.9994
1.9994
1.9994
1.9994
1.9994
1.9994
1.9994
1.9994
1.9994
1.9994
1.9994
1.9994
1.9994
1.9994
1.9994
1.9994
1.9994
1.9994
1.9994
1.9994
1.9994
1.9994
1.9994
1.9994
1.9994
1.9994
1.9994
1.9994
1.9994
1.9994
1.9994
1.9994
1.9994
1.9994
1.9994
1.9994
1.9994
1.9994
1.9994
1.9994
1.9994
1.9994
1.9994
1.9994
1.9994
1.9994
1.9994
1.9994
1.9994
1.9994
1.9994
1.9994
1.9994
1.9994
1.9994
1.9994
1.9994
1.9994
1.9994
1.9994
1.9994
1.9994
1.9994
1.9994
1.9994
1.9994
1.9994
1.9994
1.9994
1.9994
1.9994
1.9994
1.9994
1.9994
1.9994
1.9994
1.9994
1.9994
1.9994
1.9994
1.9994
1.9994
1.9994
1.9994
1.9994
1.9994
1.9994
1.9994
1.9994
1.9994
1.9994
1.9994
1.9994
1.9994
1.9994
1.9994
1.9994
1.9994
1.9994
1.9994
1.9994
1.9994
1.9994
1.9994
1.9994
1.9994
1.9994
1.9994
1.9994
1.9994
1.9994
1.9994
1.9994
1.9994
1.9994
1.9994
1.9994
1.9994
1.9994
1.9994
1.9994
1.9994
1.9994
1.9994
1.9994
1.9994
1.9994
1.9994
1.9994
1.9994
1.9994
1.9994
1.9994
1.9994
1.9994
1.9994
1.9994
1.9994
1.9994
1.9994
1.9994
1.9994
1.9994
1.9994
1.9994
1.9994
1.9994
1.9994
1.9994
1.9994
1.9994
1.9994
1.9994
1.9994
1.9994
1.9994
1.9994
1.9994
1.9994
1.9994
1.9994
1.9994
1.9994
1.9994
1.9994
1.9994
1.9994
1.9994
1.9994
1.9994
1.9994
1.9994
1.9994
1.9994
1.9994
1.9994
1.9994
1.9994
1.9994
1.9994
1.9994
1.9994
1.9994
1.9994
1.9994
1.9994
1.9994
1.9994
1.9994
1.9994
1.9994
1.9994
1.9994
1.9994
1.9994
1.9994
1.9994
1.9994
1.9994
1.9994
1.9994
1.9994
1.9994
1.9994
1.9994
1.9994
1.9994
1.9994
1.9994
1.9994
1.9994
1.9994
1.9994
1.9994
1.9994
1.9994
1.9994
1.9994
1.9994
1.9994
1.9994
1.9994
1.9994
1.9994
1.9994
1.9994
1.9994
1.9994
1.9994
1.9994
1.9994
1.9994
1.9994
1.9994
1.9994
1.9994
1.9994
1.9994
1.9994
1.9994
1.9994
1.9994
1.9994
1.9994
1.9994
1.9994
1.9994
1.9994
1.9994
1.9994
1.9994
1.9994
1.9994
1.9994
1.9994
1.9994
1.9994
1.9994
1.9994
1.9994
1.9994
1.9994
1.9994
1.9994
1.9994
1.9994
1.9994
1.9994
1.9994
1.9994
1.9994
1.9994
1.9994
1.9994
1.9994
1.9994
1.9994
1.9994
1.9994
1.9994
1.9994
1.9994
1.9994
1.9994
1.9994
1.9994
1.9994
1.9994
1.9994
1.9994
1.9994
1.9994
1.9994
1.9994
1.9994
1.9994
1.9994
1.9994
1.9994
1.9994
1.9994
1.9994
1.9994
1.9994
1.9994
1.9994
1.9994
1.9994
1.9994
1.9994
1.9994
1.9994
1.9994
1.9994
1.9994
1.9994
1.9994
1.9994
1.9994
1.9994
1.9994
1.9994
1.9994
1.9994
1.9994
1.9994
1.9994
1.9994
1.9994
1.9994
1.9994
1.9994
1.9994
1.9994
1.9994
1.9994
1.9994
1.9994
1.9994
1.9994
1.9994
1.9994
1.9994
1.9994
1.9994
1.9994
1.9994
1.9994
1.9994
1.9994
1.9994
1.9994
1.9994
1.9994
1.9994
1.9994
1.9994
1.9994
1.9994
1.9994
1.9994
1.9994
1.9994
1.9994
1.9994
1.9993
1.9993
1.9993
1.9993
1.9993
1.9993
1.9993
1.9993
1.9993
1.9993
1.9993
1.9993
1.9993
1.9993
1.9993
1.9993
1.9993
1.9993
1.9993
1.9993
1.9993
1.9993
1.9993
1.9993
1.9993
1.9993
1.9993
1.9993
1.9993
1.9993
1.9993
1.9993
1.9993
1.9993
1.9993
1.9993
1.9993
1.9993
1.9993
1.9993
1.9993
1.9993
1.9993
1.9993
1.9993
1.9993
1.9993
1.9993
1.9993
1.9993
1.9993
1.9993
1.9993
1.9993
1.9993
1.9993
1.9993
1.9993
1.9993
1.9993
1.9993
1.9993
1.9993
1.9993
1.9993
1.9993
1.9993
1.9993
1.9993
1.9993
1.9993
1.9993
1.9993
1.9993
1.9993
1.9993
1.9993
1.9993
1.9993
1.9993
1.9993
1.9993
1.9993
1.9993
1.9993
1.9993
1.9993
1.9993
1.9993
1.9993
1.9993
1.9993
1.9993
1.9993
1.9993
1.9993
1.9993
1.9993
1.9993
1.9993
1.9993
1.9993
1.9993
1.9993
1.9993
1.9993
1.9993
1.9993
1.9993
1.9993
1.9993
1.9993
1.9993
1.9993
1.9993
1.9993
1.9993
1.9993
1.9993
1.9993
1.9993
1.9993
1.9993
1.9993
1.9993
1.9993
1.9993
1.9993
1.9993
1.9993
1.9993
1.9993
1.9993
1.9993
1.9993
1.9993
1.9993
1.9993
1.9993
1.9993
1.9993
1.9993
1.9993
1.9993
1.9993
1.9993
1.9993
1.9993
1.9993
1.9993
1.9993
1.9993
1.9993
1.9993
1.9993
1.9993
1.9993
1.9993
1.9993
1.9993
1.9993
1.9993
1.9993
1.9993
1.9993
1.9993
1.9993
1.9993
1.9993
1.9993
1.9993
1.9993
1.9993
1.9993
1.9993
1.9993
1.9993
1.9993
1.9993
1.9993
1.9993
1.9993
1.9993
1.9993
1.9993
1.9993
1.9993
1.9993
1.9993
1.9993
1.9993
1.9993
1.9993
1.9993
1.9993
1.9993
1.9993
1.9993
1.9993
1.9993
1.9993
1.9993
1.9993
1.9993
1.9993
1.9993
1.9993
1.9993
1.9993
1.9993
1.9993
1.9993
1.9993
1.9993
1.9993
1.9993
1.9993
1.9993
1.9993
1.9993
1.9993
1.9993
1.9993
1.9993
1.9993
1.9993
1.9993
1.9993
1.9993
1.9993
1.9993
1.9993
1.9993
1.9993
1.9993
1.9993
1.9993
1.9993
1.9993
1.9993
1.9993
1.9993
1.9993
1.9993
1.9993
1.9993
1.9993
1.9993
1.9993
1.9993
1.9993
1.9993
1.9993
1.9993
1.9993
1.9993
1.9993
1.9993
1.9993
1.9993
1.9993
1.9993
1.9993
1.9993
1.9993
1.9993
1.9993
1.9993
1.9993
1.9993
1.9993
1.9993
1.9993
1.9993
1.9993
1.9993
1.9993
1.9993
1.9993
1.9993
1.9993
1.9993
1.9993
1.9993
1.9993
1.9993
1.9993
1.9993
1.9993
1.9993
1.9993
1.9993
1.9993
1.9993
1.9993
1.9993
1.9993
1.9993
1.9993
1.9993
1.9993
1.9993
1.9993
1.9993
1.9993
1.9993
1.9993
1.9993
1.9993
1.9993
1.9993
1.9993
1.9993
1.9993
1.9993
1.9993
1.9993
1.9993
1.9993
1.9993
1.9993
1.9993
1.9993
1.9993
1.9993
1.9993
1.9993
1.9993
1.9993
1.9993
1.9993
1.9993
1.9993
1.9993
1.9993
1.9993
1.9993
1.9993
1.9993
1.9993
1.9993
1.9993
1.9993
1.9993
1.9993
1.9993
1.9993
1.9993
1.9993
1.9993
1.9993
1.9993
1.9993
1.9993
1.9993
1.9993
1.9993
1.9993
1.9993
1.9993
1.9993
1.9993
1.9993
1.9993
1.9993
1.9992
1.9992
1.9992
1.9992
1.9992
1.9992
1.9992
1.9992
1.9992
1.9992
1.9992
1.9992
1.9992
1.9992
1.9992
1.9992
1.9992
1.9992
1.9992
1.9992
1.9992
1.9992
1.9992
1.9992
1.9992
1.9992
1.9992
1.9992
1.9992
1.9992
1.9992
1.9992
1.9992
1.9992
1.9992
1.9992
1.9992
1.9992
1.9992
1.9992
1.9992
1.9992
1.9992
1.9992
1.9992
1.9992
1.9992
1.9992
1.9992
1.9992
1.9992
1.9992
1.9992
1.9992
1.9992
1.9992
1.9992
1.9992
1.9992
1.9992
1.9992
1.9992
1.9992
1.9992
1.9992
1.9992
1.9992
1.9992
1.9992
1.9992
1.9992
1.9992
1.9992
1.9992
1.9992
1.9992
1.9992
1.9992
1.9992
1.9992
1.9992
1.9992
1.9992
1.9992
1.9992
1.9992
1.9992
1.9992
1.9992
1.9992
1.9992
1.9992
1.9992
1.9992
1.9992
1.9992
1.9992
1.9992
1.9992
1.9992
1.9992
1.9992
1.9992
1.9992
1.9992
1.9992
1.9992
1.9992
1.9992
1.9992
1.9992
1.9992
1.9992
1.9992
1.9992
1.9992
1.9992
1.9992
1.9992
1.9992
1.9992
1.9992
1.9992
1.9992
1.9992
1.9992
1.9992
1.9992
1.9992
1.9992
1.9992
1.9992
1.9992
1.9992
1.9992
1.9992
1.9992
1.9992
1.9992
1.9992
1.9992
1.9992
1.9992
1.9992
1.9992
1.9992
1.9992
1.9992
1.9992
1.9992
1.9992
1.9992
1.9992
1.9992
1.9992
1.9992
1.9992
1.9992
1.9992
1.9992
1.9992
1.9992
1.9992
1.9992
1.9992
1.9992
1.9992
1.9992
1.9992
1.9992
1.9992
1.9992
1.9992
1.9992
1.9992
1.9992
1.9992
1.9992
1.9992
1.9992
1.9992
1.9992
1.9992
1.9992
1.9992
1.9992
1.9992
1.9992
1.9992
1.9992
1.9992
1.9992
1.9992
1.9992
1.9992
1.9992
1.9992
1.9992
1.9992
1.9992
1.9992
1.9992
1.9992
1.9992
1.9992
1.9992
1.9992
1.9992
1.9992
1.9992
1.9992
1.9992
1.9992
1.9992
1.9992
1.9992
1.9992
1.9992
1.9992
1.9992
1.9992
1.9992
1.9992
1.9992
1.9992
1.9992
1.9992
1.9992
1.9992
1.9992
1.9992
1.9992
1.9992
1.9992
1.9992
1.9992
1.9992
1.9992
1.9992
1.9992
1.9992
1.9992
1.9992
1.9992
1.9992
1.9992
1.9992
1.9992
1.9992
1.9992
1.9992
1.9992
1.9992
1.9992
1.9992
1.9992
1.9992
1.9992
1.9992
1.9992
1.9992
1.9992
1.9992
1.9992
1.9992
1.9992
1.9992
1.9992
1.9992
1.9992
1.9992
1.9992
1.9992
1.9992
1.9992
1.9992
1.9992
1.9992
1.9992
1.9992
1.9992
1.9992
1.9992
1.9992
1.9992
1.9992
1.9992
1.9992
1.9992
1.9992
1.9992
1.9992
1.9992
1.9992
1.9992
1.9992
1.9992
1.9992
1.9992
1.9991
1.9991
1.9991
1.9991
1.9991
1.9991
1.9991
1.9991
1.9991
1.9991
1.9991
1.9991
1.9991
1.9991
1.9991
1.9991
1.9991
1.9991
1.9991
1.9991
1.9991
1.9991
1.9991
1.9991
1.9991
1.9991
1.9991
1.9991
1.9991
1.9991
1.9991
1.9991
1.9991
1.9991
1.9991
1.9991
1.9991
1.9991
1.9991
1.9991
1.9991
1.9991
1.9991
1.9991
1.9991
1.9991
1.9991
1.9991
1.9991
1.9991
1.9991
1.9991
1.9991
1.9991
1.9991
1.9991
1.9991
1.9991
1.9991
1.9991
1.9991
1.9991
1.9991
1.9991
1.9991
1.9991
1.9991
1.9991
1.9991
1.9991
1.9991
1.9991
1.9991
1.9991
1.9991
1.9991
1.9991
1.9991
1.9991
1.9991
1.9991
1.9991
1.9991
1.9991
1.9991
1.9991
1.9991
1.9991
1.9991
1.9991
1.9991
1.9991
1.9991
1.9991
1.9991
1.9991
1.9991
1.9991
1.9991
1.9991
1.9991
1.9991
1.9991
1.9991
1.9991
1.9991
1.9991
1.9991
1.9991
1.9991
1.9991
1.9991
1.9991
1.9991
1.9991
1.9991
1.9991
1.9991
1.9991
1.9991
1.9991
1.9991
1.9991
1.9991
1.9991
1.9991
1.9991
1.9991
1.9991
1.9991
1.9991
1.9991
1.9991
1.9991
1.9991
1.9991
1.9991
1.9991
1.9991
1.9991
1.9991
1.9991
1.9991
1.9991
1.9991
1.9991
1.9991
1.9991
1.9991
1.9991
1.9991
1.9991
1.9991
1.9991
1.9991
1.9991
1.9991
1.9991
1.9991
1.9991
1.9991
1.9991
1.9991
1.9991
1.9991
1.9991
1.9991
1.9991
1.9991
1.9991
1.9991
1.9991
1.9991
1.9991
1.9991
1.9991
1.9991
1.9991
1.9991
1.9991
1.9991
1.9991
1.9991
1.9991
1.9991
1.9991
1.9991
1.9991
1.9991
1.9991
1.9991
1.9991
1.9991
1.9991
1.9991
1.9991
1.9991
1.9991
1.9991
1.9991
1.9991
1.9991
1.9991
1.9991
1.9991
1.9991
1.9991
1.9991
1.9991
1.9991
1.9991
1.9991
1.9991
1.9991
1.9991
1.9991
1.9991
1.9991
1.9991
1.9991
1.9991
1.9991
1.9991
1.9991
1.9991
1.9991
1.9991
1.9991
1.9991
1.9991
1.9991
1.9991
1.9991
1.9991
1.9991
1.9991
1.9991
1.9991
1.9991
1.9991
1.9991
1.9991
1.9991
1.9991
1.9991
1.9991
1.9991
1.999
1.999
1.999
1.999
1.999
1.999
1.999
1.999
1.999
1.999
1.999
1.999
1.999
1.999
1.999
1.999
1.999
1.999
1.999
1.999
1.999
1.999
1.999
1.999
1.999
1.999
1.999
1.999
1.999
1.999
1.999
1.999
1.999
1.999
1.999
1.999
1.999
1.999
1.999
1.999
1.999
1.999
1.999
1.999
1.999
1.999
1.999
1.999
1.999
1.999
1.999
1.999
1.999
1.999
1.999
1.999
1.999
1.999
1.999
1.999
1.999
1.999
1.999
1.999
1.999
1.999
1.999
1.999
1.999
1.999
1.999
1.999
1.999
1.999
1.999
1.999
1.999
1.999
1.999
1.999
1.999
1.999
1.999
1.999
1.999
1.999
1.999
1.999
1.999
1.999
1.999
1.999
1.999
1.999
1.999
1.999
1.999
1.999
1.999
1.999
1.999
1.999
1.999
1.999
1.999
1.999
1.999
1.999
1.999
1.999
1.999
1.999
1.999
1.999
1.999
1.999
1.999
1.999
1.999
1.999
1.999
1.999
1.999
1.999
1.999
1.999
1.999
1.999
1.999
1.999
1.999
1.999
1.999
1.999
1.999
1.999
1.999
1.999
1.999
1.999
1.999
1.999
1.999
1.999
1.999
1.999
1.999
1.999
1.999
1.999
1.999
1.999
1.999
1.999
1.999
1.999
1.999
1.999
1.999
1.999
1.999
1.999
1.999
1.999
1.999
1.999
1.999
1.999
1.999
1.999
1.999
1.999
1.999
1.999
1.999
1.999
1.999
1.999
1.999
1.999
1.999
1.999
1.999
1.999
1.999
1.999
1.999
1.999
1.999
1.999
1.999
1.999
1.999
1.999
1.999
1.999
1.999
1.999
1.999
1.999
1.999
1.999
1.999
1.999
1.999
1.999
1.999
1.9989
1.9989
1.9989
1.9989
1.9989
1.9989
1.9989
1.9989
1.9989
1.9989
1.9989
1.9989
1.9989
1.9989
1.9989
1.9989
1.9989
1.9989
1.9989
1.9989
1.9989
1.9989
1.9989
1.9989
1.9989
1.9989
1.9989
1.9989
1.9989
1.9989
1.9989
1.9989
1.9989
1.9989
1.9989
1.9989
1.9989
1.9989
1.9989
1.9989
1.9989
1.9989
1.9989
1.9989
1.9989
1.9989
1.9989
1.9989
1.9989
1.9989
1.9989
1.9989
1.9989
1.9989
1.9989
1.9989
1.9989
1.9989
1.9989
1.9989
1.9989
1.9989
1.9989
1.9989
1.9989
1.9989
1.9989
1.9989
1.9989
1.9989
1.9989
1.9989
1.9989
1.9989
1.9989
1.9989
1.9989
1.9989
1.9989
1.9989
1.9989
1.9989
1.9989
1.9989
1.9989
1.9989
1.9989
1.9989
1.9989
1.9989
1.9989
1.9989
1.9989
1.9989
1.9989
1.9989
1.9989
1.9989
1.9989
1.9989
1.9989
1.9989
1.9989
1.9989
1.9989
1.9989
1.9989
1.9989
1.9989
1.9989
1.9989
1.9989
1.9989
1.9989
1.9989
1.9989
1.9989
1.9989
1.9989
1.9989
1.9989
1.9989
1.9989
1.9989
1.9989
1.9989
1.9989
1.9989
1.9989
1.9989
1.9989
1.9989
1.9989
1.9989
1.9989
1.9989
1.9989
1.9989
1.9989
1.9989
1.9989
1.9989
1.9989
1.9989
1.9989
1.9989
1.9989
1.9989
1.9989
1.9989
1.9989
1.9989
1.9989
1.9989
1.9989
1.9989
1.9989
1.9989
1.9989
1.9989
1.9989
1.9989
1.9989
1.9989
1.9989
1.9989
1.9989
1.9989
1.9989
1.9989
1.9989
1.9989
1.9989
1.9989
1.9989
1.9988
1.9988
1.9988
1.9988
1.9988
1.9988
1.9988
1.9988
1.9988
1.9988
1.9988
1.9988
1.9988
1.9988
1.9988
1.9988
1.9988
1.9988
1.9988
1.9988
1.9988
1.9988
1.9988
1.9988
1.9988
1.9988
1.9988
1.9988
1.9988
1.9988
1.9988
1.9988
1.9988
1.9988
1.9988
1.9988
1.9988
1.9988
1.9988
1.9988
1.9988
1.9988
1.9988
1.9988
1.9988
1.9988
1.9988
1.9988
1.9988
1.9988
1.9988
1.9988
1.9988
1.9988
1.9988
1.9988
1.9988
1.9988
1.9988
1.9988
1.9988
1.9988
1.9988
1.9988
1.9988
1.9988
1.9988
1.9988
1.9988
1.9988
1.9988
1.9988
1.9988
1.9988
1.9988
1.9988
1.9988
1.9988
1.9988
1.9988
1.9988
1.9988
1.9988
1.9988
1.9988
1.9988
1.9988
1.9988
1.9988
1.9988
1.9988
1.9988
1.9988
1.9988
1.9988
1.9988
1.9988
1.9988
1.9988
1.9988
1.9988
1.9988
1.9988
1.9988
1.9988
1.9988
1.9988
1.9988
1.9988
1.9988
1.9988
1.9988
1.9988
1.9988
1.9988
1.9988
1.9988
1.9988
1.9988
1.9988
1.9988
1.9988
1.9988
1.9988
1.9988
1.9988
1.9988
1.9988
1.9988
1.9988
1.9988
1.9988
1.9988
1.9988
1.9988
1.9988
1.9988
1.9988
1.9988
1.9988
1.9988
1.9988
1.9988
1.9988
1.9988
1.9988
1.9988
1.9988
1.9988
1.9988
1.9988
1.9987
1.9987
1.9987
1.9987
1.9987
1.9987
1.9987
1.9987
1.9987
1.9987
1.9987
1.9987
1.9987
1.9987
1.9987
1.9987
1.9987
1.9987
1.9987
1.9987
1.9987
1.9987
1.9987
1.9987
1.9987
1.9987
1.9987
1.9987
1.9987
1.9987
1.9987
1.9987
1.9987
1.9987
1.9987
1.9987
1.9987
1.9987
1.9987
1.9987
1.9987
1.9987
1.9987
1.9987
1.9987
1.9987
1.9987
1.9987
1.9987
1.9987
1.9987
1.9987
1.9987
1.9987
1.9987
1.9987
1.9987
1.9987
1.9987
1.9987
1.9987
1.9987
1.9987
1.9987
1.9987
1.9987
1.9987
1.9987
1.9987
1.9987
1.9987
1.9987
1.9987
1.9987
1.9987
1.9987
1.9987
1.9987
1.9987
1.9987
1.9987
1.9987
1.9987
1.9987
1.9987
1.9987
1.9987
1.9987
1.9987
1.9987
1.9987
1.9987
1.9987
1.9987
1.9987
1.9987
1.9987
1.9987
1.9987
1.9987
1.9987
1.9987
1.9987
1.9987
1.9987
1.9987
1.9987
1.9987
1.9987
1.9987
1.9987
1.9987
1.9987
1.9987
1.9987
1.9987
1.9987
1.9987
1.9987
1.9987
1.9987
1.9987
1.9987
1.9987
1.9987
1.9987
1.9987
1.9987
1.9987
1.9987
1.9986
1.9986
1.9986
1.9986
1.9986
1.9986
1.9986
1.9986
1.9986
1.9986
1.9986
1.9986
1.9986
1.9986
1.9986
1.9986
1.9986
1.9986
1.9986
1.9986
1.9986
1.9986
1.9986
1.9986
1.9986
1.9986
1.9986
1.9986
1.9986
1.9986
1.9986
1.9986
1.9986
1.9986
1.9986
1.9986
1.9986
1.9986
1.9986
1.9986
1.9986
1.9986
1.9986
1.9986
1.9986
1.9986
1.9986
1.9986
1.9986
1.9986
1.9986
1.9986
1.9986
1.9986
1.9986
1.9986
1.9986
1.9986
1.9986
1.9986
1.9986
1.9986
1.9986
1.9986
1.9986
1.9986
1.9986
1.9986
1.9986
1.9986
1.9986
1.9986
1.9986
1.9986
1.9986
1.9986
1.9986
1.9986
1.9986
1.9986
1.9986
1.9986
1.9986
1.9986
1.9986
1.9986
1.9986
1.9986
1.9986
1.9986
1.9986
1.9986
1.9986
1.9986
1.9986
1.9986
1.9986
1.9986
1.9986
1.9986
1.9986
1.9986
1.9986
1.9986
1.9986
1.9986
1.9986
1.9986
1.9986
1.9986
1.9986
1.9986
1.9986
1.9986
1.9985
1.9985
1.9985
1.9985
1.9985
1.9985
1.9985
1.9985
1.9985
1.9985
1.9985
1.9985
1.9985
1.9985
1.9985
1.9985
1.9985
1.9985
1.9985
1.9985
1.9985
1.9985
1.9985
1.9985
1.9985
1.9985
1.9985
1.9985
1.9985
1.9985
1.9985
1.9985
1.9985
1.9985
1.9985
1.9985
1.9985
1.9985
1.9985
1.9985
1.9985
1.9985
1.9985
1.9985
1.9985
1.9985
1.9985
1.9985
1.9985
1.9985
1.9985
1.9985
1.9985
1.9985
1.9985
1.9985
1.9985
1.9985
1.9985
1.9985
1.9985
1.9985
1.9985
1.9985
1.9985
1.9985
1.9985
1.9985
1.9985
1.9985
1.9985
1.9985
1.9985
1.9985
1.9985
1.9985
1.9985
1.9985
1.9985
1.9985
1.9985
1.9985
1.9985
1.9985
1.9985
1.9985
1.9985
1.9985
1.9985
1.9985
1.9985
1.9985
1.9985
1.9985
1.9985
1.9985
1.9985
1.9985
1.9985
1.9985
1.9985
1.9984
1.9984
1.9984
1.9984
1.9984
1.9984
1.9984
1.9984
1.9984
1.9984
1.9984
1.9984
1.9984
1.9984
1.9984
1.9984
1.9984
1.9984
1.9984
1.9984
1.9984
1.9984
1.9984
1.9984
1.9984
1.9984
1.9984
1.9984
1.9984
1.9984
1.9984
1.9984
1.9984
1.9984
1.9984
1.9984
1.9984
1.9984
1.9984
1.9984
1.9984
1.9984
1.9984
1.9984
1.9984
1.9984
1.9984
1.9984
1.9984
1.9984
1.9984
1.9984
1.9984
1.9984
1.9984
1.9984
1.9984
1.9984
1.9984
1.9984
1.9984
1.9984
1.9984
1.9984
1.9984
1.9984
1.9984
1.9984
1.9984
1.9984
1.9984
1.9984
1.9984
1.9984
1.9984
1.9984
1.9984
1.9984
1.9984
1.9984
1.9984
1.9984
1.9984
1.9984
1.9984
1.9984
1.9984
1.9984
1.9984
1.9983
1.9983
1.9983
1.9983
1.9983
1.9983
1.9983
1.9983
1.9983
1.9983
1.9983
1.9983
1.9983
1.9983
1.9983
1.9983
1.9983
1.9983
1.9983
1.9983
1.9983
1.9983
1.9983
1.9983
1.9983
1.9983
1.9983
1.9983
1.9983
1.9983
1.9983
1.9983
1.9983
1.9983
1.9983
1.9983
1.9983
1.9983
1.9983
1.9983
1.9983
1.9983
1.9983
1.9983
1.9983
1.9983
1.9983
1.9983
1.9983
1.9983
1.9983
1.9983
1.9983
1.9983
1.9983
1.9983
1.9983
1.9983
1.9983
1.9983
1.9983
1.9983
1.9983
1.9983
1.9983
1.9983
1.9983
1.9983
1.9983
1.9983
1.9983
1.9983
1.9983
1.9983
1.9983
1.9983
1.9983
1.9983
1.9983
1.9983
1.9982
1.9982
1.9982
1.9982
1.9982
1.9982
1.9982
1.9982
1.9982
1.9982
1.9982
1.9982
1.9982
1.9982
1.9982
1.9982
1.9982
1.9982
1.9982
1.9982
1.9982
1.9982
1.9982
1.9982
1.9982
1.9982
1.9982
1.9982
1.9982
1.9982
1.9982
1.9982
1.9982
1.9982
1.9982
1.9982
1.9982
1.9982
1.9982
1.9982
1.9982
1.9982
1.9982
1.9982
1.9982
1.9982
1.9982
1.9982
1.9982
1.9982
1.9982
1.9982
1.9982
1.9982
1.9982
1.9982
1.9982
1.9982
1.9982
1.9982
1.9982
1.9982
1.9982
1.9982
1.9982
1.9982
1.9982
1.9982
1.9982
1.9982
1.9982
1.9981
1.9981
1.9981
1.9981
1.9981
1.9981
1.9981
1.9981
1.9981
1.9981
1.9981
1.9981
1.9981
1.9981
1.9981
1.9981
1.9981
1.9981
1.9981
1.9981
1.9981
1.9981
1.9981
1.9981
1.9981
1.9981
1.9981
1.9981
1.9981
1.9981
1.9981
1.9981
1.9981
1.9981
1.9981
1.9981
1.9981
1.9981
1.9981
1.9981
1.9981
1.9981
1.9981
1.9981
1.9981
1.9981
1.9981
1.9981
1.9981
1.9981
1.9981
1.9981
1.9981
1.9981
1.9981
1.9981
1.9981
1.9981
1.9981
1.9981
1.9981
1.9981
1.9981
1.9981
1.9981
1.998
1.998
1.998
1.998
1.998
1.998
1.998
1.998
1.998
1.998
1.998
1.998
1.998
1.998
1.998
1.998
1.998
1.998
1.998
1.998
1.998
1.998
1.998
1.998
1.998
1.998
1.998
1.998
1.998
1.998
1.998
1.998
1.998
1.998
1.998
1.998
1.998
1.998
1.998
1.998
1.998
1.998
1.998
1.998
1.998
1.998
1.998
1.998
1.998
1.998
1.998
1.998
1.998
1.998
1.998
1.998
1.998
1.998
1.998
1.9979
1.9979
1.9979
1.9979
1.9979
1.9979
1.9979
1.9979
1.9979
1.9979
1.9979
1.9979
1.9979
1.9979
1.9979
1.9979
1.9979
1.9979
1.9979
1.9979
1.9979
1.9979
1.9979
1.9979
1.9979
1.9979
1.9979
1.9979
1.9979
1.9979
1.9979
1.9979
1.9979
1.9979
1.9979
1.9979
1.9979
1.9979
1.9979
1.9979
1.9979
1.9979
1.9979
1.9979
1.9979
1.9979
1.9979
1.9979
1.9979
1.9979
1.9979
1.9979
1.9979
1.9979
1.9978
1.9978
1.9978
1.9978
1.9978
1.9978
1.9978
1.9978
1.9978
1.9978
1.9978
1.9978
1.9978
1.9978
1.9978
1.9978
1.9978
1.9978
1.9978
1.9978
1.9978
1.9978
1.9978
1.9978
1.9978
1.9978
1.9978
1.9978
1.9978
1.9978
1.9978
1.9978
1.9978
1.9978
1.9978
1.9978
1.9978
1.9978
1.9978
1.9978
1.9978
1.9978
1.9978
1.9978
1.9978
1.9978
1.9978
1.9978
1.9978
1.9977
1.9977
1.9977
1.9977
1.9977
1.9977
1.9977
1.9977
1.9977
1.9977
1.9977
1.9977
1.9977
1.9977
1.9977
1.9977
1.9977
1.9977
1.9977
1.9977
1.9977
1.9977
1.9977
1.9977
1.9977
1.9977
1.9977
1.9977
1.9977
1.9977
1.9977
1.9977
1.9977
1.9977
1.9977
1.9977
1.9977
1.9977
1.9977
1.9977
1.9977
1.9977
1.9977
1.9977
1.9977
1.9976
1.9976
1.9976
1.9976
1.9976
1.9976
1.9976
1.9976
1.9976
1.9976
1.9976
1.9976
1.9976
1.9976
1.9976
1.9976
1.9976
1.9976
1.9976
1.9976
1.9976
1.9976
1.9976
1.9976
1.9976
1.9976
1.9976
1.9976
1.9976
1.9976
1.9976
1.9976
1.9976
1.9976
1.9976
1.9976
1.9976
1.9976
1.9976
1.9976
1.9976
1.9976
1.9975
1.9975
1.9975
1.9975
1.9975
1.9975
1.9975
1.9975
1.9975
1.9975
1.9975
1.9975
1.9975
1.9975
1.9975
1.9975
1.9975
1.9975
1.9975
1.9975
1.9975
1.9975
1.9975
1.9975
1.9975
1.9975
1.9975
1.9975
1.9975
1.9975
1.9975
1.9975
1.9975
1.9975
1.9975
1.9975
1.9975
1.9975
1.9974
1.9974
1.9974
1.9974
1.9974
1.9974
1.9974
1.9974
1.9974
1.9974
1.9974
1.9974
1.9974
1.9974
1.9974
1.9974
1.9974
1.9974
1.9974
1.9974
1.9974
1.9974
1.9974
1.9974
1.9974
1.9974
1.9974
1.9974
1.9974
1.9974
1.9974
1.9974
1.9974
1.9974
1.9974
1.9974
1.9973
1.9973
1.9973
1.9973
1.9973
1.9973
1.9973
1.9973
1.9973
1.9973
1.9973
1.9973
1.9973
1.9973
1.9973
1.9973
1.9973
1.9973
1.9973
1.9973
1.9973
1.9973
1.9973
1.9973
1.9973
1.9973
1.9973
1.9973
1.9973
1.9973
1.9973
1.9973
1.9973
1.9972
1.9972
1.9972
1.9972
1.9972
1.9972
1.9972
1.9972
1.9972
1.9972
1.9972
1.9972
1.9972
1.9972
1.9972
1.9972
1.9972
1.9972
1.9972
1.9972
1.9972
1.9972
1.9972
1.9972
1.9972
1.9972
1.9972
1.9972
1.9972
1.9972
1.9972
1.9972
1.9971
1.9971
1.9971
1.9971
1.9971
1.9971
1.9971
1.9971
1.9971
1.9971
1.9971
1.9971
1.9971
1.9971
1.9971
1.9971
1.9971
1.9971
1.9971
1.9971
1.9971
1.9971
1.9971
1.9971
1.9971
1.9971
1.9971
1.9971
1.9971
1.997
1.997
1.997
1.997
1.997
1.997
1.997
1.997
1.997
1.997
1.997
1.997
1.997
1.997
1.997
1.997
1.997
1.997
1.997
1.997
1.997
1.997
1.997
1.997
1.997
1.997
1.997
1.9969
1.9969
1.9969
1.9969
1.9969
1.9969
1.9969
1.9969
1.9969
1.9969
1.9969
1.9969
1.9969
1.9969
1.9969
1.9969
1.9969
1.9969
1.9969
1.9969
1.9969
1.9969
1.9969
1.9969
1.9969
1.9968
1.9968
1.9968
1.9968
1.9968
1.9968
1.9968
1.9968
1.9968
1.9968
1.9968
1.9968
1.9968
1.9968
1.9968
1.9968
1.9968
1.9968
1.9968
1.9968
1.9968
1.9968
1.9968
1.9968
1.9967
1.9967
1.9967
1.9967
1.9967
1.9967
1.9967
1.9967
1.9967
1.9967
1.9967
1.9967
1.9967
1.9967
1.9967
1.9967
1.9967
1.9967
1.9967
1.9967
1.9967
1.9967
1.9967
1.9966
1.9966
1.9966
1.9966
1.9966
1.9966
1.9966
1.9966
1.9966
1.9966
1.9966
1.9966
1.9966
1.9966
1.9966
1.9966
1.9966
1.9966
1.9966
1.9966
1.9966
1.9965
1.9965
1.9965
1.9965
1.9965
1.9965
1.9965
1.9965
1.9965
1.9965
1.9965
1.9965
1.9965
1.9965
1.9965
1.9965
1.9965
1.9965
1.9965
1.9965
1.9965
1.9964
1.9964
1.9964
1.9964
1.9964
1.9964
1.9964
1.9964
1.9964
1.9964
1.9964
1.9964
1.9964
1.9964
1.9964
1.9964
1.9964
1.9964
1.9964
1.9963
1.9963
1.9963
1.9963
1.9963
1.9963
1.9963
1.9963
1.9963
1.9963
1.9963
1.9963
1.9963
1.9963
1.9963
1.9963
1.9963
1.9963
1.9962
1.9962
1.9962
1.9962
1.9962
1.9962
1.9962
1.9962
1.9962
1.9962
1.9962
1.9962
1.9962
1.9962
1.9962
1.9962
1.9962
1.9961
1.9961
1.9961
1.9961
1.9961
1.9961
1.9961
1.9961
1.9961
1.9961
1.9961
1.9961
1.9961
1.9961
1.9961
1.9961
1.9961
1.996
1.996
1.996
1.996
1.996
1.996
1.996
1.996
1.996
1.996
1.996
1.996
1.996
1.996
1.996
1.9959
1.9959
1.9959
1.9959
1.9959
1.9959
1.9959
1.9959
1.9959
1.9959
1.9959
1.9959
1.9959
1.9959
1.9959
1.9958
1.9958
1.9958
1.9958
1.9958
1.9958
1.9958
1.9958
1.9958
1.9958
1.9958
1.9958
1.9958
1.9958
1.9957
1.9957
1.9957
1.9957
1.9957
1.9957
1.9957
1.9957
1.9957
1.9957
1.9957
1.9957
1.9957
1.9957
1.9956
1.9956
1.9956
1.9956
1.9956
1.9956
1.9956
1.9956
1.9956
1.9956
1.9956
1.9956
1.9956
1.9955
1.9955
1.9955
1.9955
1.9955
1.9955
1.9955
1.9955
1.9955
1.9955
1.9955
1.9955
1.9954
1.9954
1.9954
1.9954
1.9954
1.9954
1.9954
1.9954
1.9954
1.9954
1.9954
1.9954
1.9953
1.9953
1.9953
1.9953
1.9953
1.9953
1.9953
1.9953
1.9953
1.9953
1.9953
1.9952
1.9952
1.9952
1.9952
1.9952
1.9952
1.9952
1.9952
1.9952
1.9952
1.9952
1.9951
1.9951
1.9951
1.9951
1.9951
1.9951
1.9951
1.9951
1.9951
1.9951
1.9951
1.995
1.995
1.995
1.995
1.995
1.995
1.995
1.995
1.995
1.995
1.9949
1.9949
1.9949
1.9949
1.9949
1.9949
1.9949
1.9949
1.9949
1.9949
1.9948
1.9948
1.9948
1.9948
1.9948
1.9948
1.9948
1.9948
1.9948
1.9947
1.9947
1.9947
1.9947
1.9947
1.9947
1.9947
1.9947
1.9947
1.9946
1.9946
1.9946
1.9946
1.9946
1.9946
1.9946
1.9946
1.9946
1.9945
1.9945
1.9945
1.9945
1.9945
1.9945
1.9945
1.9945
1.9944
1.9944
1.9944
1.9944
1.9944
1.9944
1.9944
1.9944
1.9944
1.9943
1.9943
1.9943
1.9943
1.9943
1.9943
1.9943
1.9942
1.9942
1.9942
1.9942
1.9942
1.9942
1.9942
1.9942
1.9941
1.9941
1.9941
1.9941
1.9941
1.9941
1.9941
1.994
1.994
1.994
1.994
1.994
1.994
1.994
1.9939
1.9939
1.9939
1.9939
1.9939
1.9939
1.9939
1.9938
1.9938
1.9938
1.9938
1.9938
1.9938
1.9938
1.9937
1.9937
1.9937
1.9937
1.9937
1.9937
1.9936
1.9936
1.9936
1.9936
1.9936
1.9936
1.9936
1.9935
1.9935
1.9935
1.9935
1.9935
1.9935
1.9934
1.9934
1.9934
1.9934
1.9934
1.9934
1.9933
1.9933
1.9933
1.9933
1.9933
1.9932
1.9932
1.9932
1.9932
1.9932
1.9932
1.9931
1.9931
1.9931
1.9931
1.9931
1.993
1.993
1.993
1.993
1.993
1.993
1.9929
1.9929
1.9929
1.9929
1.9929
1.9928
1.9928
1.9928
1.9928
1.9928
1.9927
1.9927
1.9927
1.9927
1.9927
1.9926
1.9926
1.9926
1.9926
1.9926
1.9925
1.9925
1.9925
1.9925
1.9924
1.9924
1.9924
1.9924
1.9924
1.9923
1.9923
1.9923
1.9923
1.9922
1.9922
1.9922
1.9922
1.9921
1.9921
1.9921
1.9921
1.9921
1.992
1.992
1.992
1.992
1.9919
1.9919
1.9919
1.9919
1.9918
1.9918
1.9918
1.9917
1.9917
1.9917
1.9917
1.9916
1.9916
1.9916
1.9916
1.9915
1.9915
1.9915
1.9915
1.9914
1.9914
1.9914
1.9913
1.9913
1.9913
1.9913
1.9912
1.9912
1.9912
1.9911
1.9911
1.9911
1.991
1.991
1.991
1.991
1.9909
1.9909
1.9909
1.9908
1.9908
1.9908
1.9907
1.9907
1.9907
1.9906
1.9906
1.9906
1.9905
1.9905
1.9905
1.9904
1.9904
1.9904
1.9903
1.9903
1.9903
1.9902
1.9902
1.9901
1.9901
1.9901
1.99
1.99
1.99
1.9899
1.9899
1.9898
1.9898
1.9898
1.9897
1.9897
1.9897
1.9896
1.9896
1.9895
1.9895
1.9894
1.9894
1.9894
1.9893
1.9893
1.9892
1.9892
1.9891
1.9891
1.9891
1.989
1.989
1.9889
1.9889
1.9888
1.9888
1.9887
1.9887
1.9886
1.9886
1.9885
1.9885
1.9884
1.9884
1.9883
1.9883
1.9882
1.9882
1.9881
1.9881
1.988
1.988
1.9879
1.9879
1.9878
1.9878
1.9877
1.9877
1.9876
1.9875
1.9875
1.9874
1.9874
1.9873
1.9873
1.9872
1.9871
1.9871
1.987
1.987
1.9869
1.9868
1.9868
1.9867
1.9866
1.9866
1.9865
1.9864
1.9864
1.9863
1.9862
1.9862
1.9861
1.986
1.986
1.9859
1.9858
1.9857
1.9857
1.9856
1.9855
1.9854
1.9854
1.9853
1.9852
1.9851
1.9851
1.985
1.9849
1.9848
1.9847
1.9846
1.9846
1.9845
1.9844
1.9843
1.9842
1.9841
1.984
1.9839
1.9838
1.9838
1.9837
1.9836
1.9835
1.9834
1.9833
1.9832
1.9831
1.983
1.9829
1.9828
1.9827
1.9826
1.9824
1.9823
1.9822
1.9821
1.982
1.9819
1.9818
1.9817
1.9815
1.9814
1.9813
1.9812
1.9811
1.9809
1.9808
1.9807
1.9806
1.9804
1.9803
1.9802
1.98
1.9799
1.9797
1.9796
1.9795
1.9793
1.9792
1.979
1.9789
1.9787
1.9786
1.9784
1.9782
1.9781
1.9779
1.9778
1.9776
1.9774
1.9773
1.9771
1.9769
1.9767
1.9765
1.9764
1.9762
1.976
1.9758
1.9756
1.9754
1.9752
1.975
1.9748
1.9746
1.9744
1.9742
1.9739
1.9737
1.9735
1.9733
1.973
1.9728
1.9726
1.9723
1.9721
1.9718
1.9716
1.9713
1.971
1.9708
1.9705
1.9702
1.97
1.9697
1.9694
1.9691
1.9688
1.9685
1.9682
1.9679
1.9676
1.9672
1.9669
1.9666
1.9662
1.9659
1.9655
1.9652
1.9648
1.9644
1.9641
1.9637
1.9633
1.9629
1.9625
1.9621
1.9617
1.9612
1.9608
1.9604
1.9599
1.9595
1.959
1.9585
1.9581
1.9576
1.9571
1.9566
1.956
1.9555
1.955
1.9544
1.9539
1.9533
1.9527
1.9522
1.9516
1.951
1.9503
1.9497
1.9491
1.9484
1.9478
1.9471
1.9464
1.9457
1.945
1.9443
1.9436
1.9428
1.9421
1.9413
1.9406
1.9398
1.939
1.9382
1.9374
1.9365
1.9357
1.9348
1.934
1.9331
1.9322
1.9314
1.9305
1.9296
1.9287
1.9277
1.9268
1.9259
1.925
1.924
1.9231
1.9222
1.9212
1.9203
1.9193
1.9184
1.9175
1.9166
1.9156
1.9147
1.9138
1.9129
1.9121
1.9112
1.9103
1.9095
1.9087
1.9079
1.9071
1.9063
1.9056
1.9048
1.9041
1.9035
1.9028
1.9021
1.9015
1.9009
1.9004
1.8998
1.8993
1.8987
1.8983
1.8978
1.8973
1.8969
1.8965
1.896
1.8956
1.8953
1.8949
1.8945
1.8941
1.8938
1.8934
1.8931
1.8927
1.8924
1.892
1.8917
1.8913
1.891
1.8906
1.8902
1.8899
1.8895
1.8891
1.8886
1.8882
1.8878
1.8873
1.8869
1.8864
1.8859
1.8854
1.8849
1.8844
1.8839
1.8833
1.8827
1.8821
1.8816
1.8809
1.8803
1.8797
1.879
1.8784
1.8777
1.877
1.8763
1.8756
1.8749
1.8741
1.8734
1.8726
1.8718
1.871
1.8702
1.8694
1.8686
1.8677
1.8669
1.866
1.8651
1.8642
1.8633
1.8624
1.8614
1.8605
1.8595
1.8585
1.8574
1.8564
1.8553
1.8542
1.8531
1.8519
1.8508
1.8495
1.8483
1.847
1.8457
1.8443
1.8429
1.8414
1.8399
1.8383
1.8366
1.8349
1.8331
1.8312
1.8292
1.8271
1.8248
1.8225
1.82
1.8173
1.8145
1.8115
1.8083
1.8049
1.8012
1.7973
1.7931
1.7885
1.7836
1.7784
1.7727
1.7666
1.76
1.753
1.7453
1.7371
1.7283
1.7188
1.7086
1.6976
1.6859
1.6733
1.6599
1.6455
1.6302
1.6138
1.5964
1.5778
1.558
1.5368
1.5142
1.49
1.4641
1.4362
1.4062
1.3738
1.3389
1.3012
1.2604
1.2164
1.169
1.1183
1.0645
1.008
.9494
.8897
.8303
.7723
.7171
.6656
.6184
.5758
.5377
.5036
.4731
.446
.4216
.3997
.3799
.362
.3457
.3307
.3171
.3044
.2928
.282
.272
.2627
.254
.2458
.2382
.231
.2242
.2178
.2118
.2061
.2007
.1955
.1906
.186
.1815
.1773
.1733
.1694
.1657
.1622
.1588
.1555
.1524
.1494
.1465
.1437
.141
.1384
.1359
.1335
.1312
.1289
.1268
.1247
.1226
.1207
.1187
.1169
.1151
.1134
.1117
.11
.1084
.1069
.1054
.1039
.1025
.1011
.0997
.0984
.0971
.0959
.0947
.0935
.0923
.0912
.0901
.089
.0879
.0869
.0859
.0849
.084
.083
.0821
.0812
.0803
.0794
.0786
.0778
.077
.0762
.0754
.0746
.0739
.0732
.0724
.0717
.0711
.0704
.0697
.0691
.0684
.0678
.0672
.0666
.066
.0654
.0648
.0643
.0637
.0632
.0626
.0621
.0616
.0611
.0606
.0601
.0596
.0591
.0587
.0582
.0577
.0573
.0569
.0564
.056
.0556
.0552
.0547
.0543
.054
.0536
.0532
.0528
.0524
.0521
.0517
.0513
.051
.0506
.0503
.0499
