4.4042
4.1106
3.8132
3.5381
3.3001
3.1014
2.9374
2.8013
2.6875
2.5915
2.5099
2.4404
2.3811
2.3306
2.2876
2.2511
2.2202
2.194
2.1719
2.153
2.137
2.1232
2.1113
2.1009
2.0918
2.0837
2.0765
2.0699
2.0639
2.0584
2.0533
2.0486
2.0441
2.0399
2.0359
2.0321
2.0284
2.0249
2.0216
2.0183
2.0152
2.0122
2.0092
2.0064
2.0036
2.0009
1.9983
1.9958
1.9933
1.9908
1.9885
1.9861
1.9839
1.9817
1.9795
1.9774
1.9754
1.9734
1.9714
1.9695
1.9676
1.9658
1.964
1.9622
1.9605
1.9589
1.9572
1.9556
1.9541
1.9525
1.951
1.9496
1.9481
1.9467
1.9453
1.9439
1.9426
1.9413
1.94
1.9387
1.9374
1.9362
1.935
1.9337
1.9325
1.9314
1.9302
1.9291
1.9279
1.9268
1.9257
1.9246
1.9235
1.9224
1.9214
1.9203
1.9193
1.9182
1.9172
1.9162
1.9152
1.9142
1.9133
1.9123
1.9114
1.9104
1.9095
1.9086
1.9076
1.9067
1.9058
1.9049
1.9041
1.9032
1.9023
1.9015
1.9006
1.8998
1.899
1.8981
1.8973
1.8965
1.8957
1.8949
1.8941
1.8933
1.8926
1.8918
1.891
1.8903
1.8895
1.8888
1.8881
1.8873
1.8866
1.8859
1.8852
1.8844
1.8837
1.883
1.8823
1.8817
1.881
1.8803
1.8796
1.8789
1.8783
1.8776
1.8769
1.8763
1.8756
1.8749
1.8743
1.8736
1.873
1.8724
1.8717
1.8711
1.8704
1.8698
1.8692
1.8685
1.8679
1.8673
1.8666
1.866
1.8654
1.8647
1.8641
1.8634
1.8628
1.8622
1.8615
1.8609
1.8602
1.8596
1.8589
1.8583
1.8576
1.857
1.8563
1.8556
1.8549
1.8542
1.8535
1.8528
1.8521
1.8514
1.8506
1.8498
1.8491
1.8483
1.8475
1.8466
1.8458
1.8449
1.844
1.8431
1.8422
1.8412
1.8402
1.8391
1.838
1.8369
1.8357
1.8345
1.8332
1.8318
1.8304
1.8289
1.8273
1.8256
1.8239
1.822
1.8199
1.8178
1.8154
1.813
1.8103
1.8074
1.8042
1.8008
1.797
1.793
1.7885
1.7835
1.7781
1.7721
1.7653
1.7579
1.7495
1.7402
1.7296
1.7178
1.7044
1.6893
1.6723
1.653
1.6312
1.6066
1.5791
1.5484
1.5144
1.4772
1.4367
1.3935
1.3478
1.3002
1.2513
1.2018
1.1524
1.1035
1.0556
1.0092
.9645
.9218
.8811
.8425
.8061
.7718
.7396
.7093
.6809
.6542
.6292
.6058
.5839
.5633
.544
.5258
.5087
.4926
.4775
.4632
.4497
.437
.4249
.4135
.4027
.3924
.3826
.3733
.3645
.356
.348
.3403
.333
.3259
.3192
.3128
.3066
.3006
.2949
.2895
.2842
.2791
.2742
.2695
.2649
.2605
.2563
.2522
.2482
.2444
.2406
.237
.2335
.2301
.2269
.2237
.2206
.2176
.2146
.2118
.209
.2063
.2037
.2011
.1986
.1962
.1938
.1915
.1893
.1871
.1849
.1828
.1808
.1788
.1768
.1749
.173
.1712
.1694
.1676
.1659
.1642
.1626
.161
.1594
.1578
.1563
.1548
.1534
.1519
.1505
.1491
.1478
.1464
.1451
.1438
.1426
.1413
.1401
.1389
.1377
.1366
.1354
.1343
.1332
.1321
.1311
.13
.129
.128
.127
.126
.125
.1241
.1231
.1222
.1213
.1204
.1195
.1186
.1177
.1169
.1161
.1152
.1144
.1136
.1128
.112
.1113
.1105
.1098
.109
.1083
.1076
.1069
.1062
.1055
.1048
.1041
.1034
.1028
.1021
.1015
.1009
.1002
.0996
.099
.0984
.0978
.0972
.0966
.096
.0955
.0949
.0944
.0938
.0933
.0927
.0922
.0917
.0911
.0906
.0901
.0896
.0891
.0886
.0881
.0877
.0872
.0867
.0863
.0858
.0853
.0849
.0844
.084
.0836
.0831
.0827
.0823
.0818
.0814
.081
.0806
.0802
.0798
.0794
.079
.0786
.0782
.0779
.0775
.0771
.0767
.0764
.076
.0757
.0753
.0749
.0746
.0742
.0739
.0736
.0732
.0729
.0726
.0722
.0719
.0716
.0713
.0709
.0706
.0703
.07
.0697
.0694
.0691
.0688
.0685
.0682
.0679
.0676
.0673
.0671
.0668
.0665
.0662
.066
.0657
.0654
.0651
.0649
.0646
.0644
.0641
.0638
.0636
.0633
.0631
.0628
.0626
.0623
.0621
.0619
.0616
.0614
.0611
.0609
.0607
.0604
.0602
.06
.0598
.0595
.0593
.0591
.0589
.0587
.0584
.0582
.058
.0578
.0576
.0574
.0572
.057
.0568
.0566
.0564
.0562
.056
.0558
.0556
.0554
.0552
.055
.0548
.0546
.0544
.0543
.0541
.0539
.0537
.0535
.0533
.0532
.053
.0528
.0526
.0525
.0523
.0521
.0519
.0518
.0516
.0514
.0513
.0511
.0509
.0508
.0506
.0505
.0503
.0501
.05
