4.3843
4.1586
3.9597
3.7878
3.6363
3.4974
3.3647
3.2334
3.1003
2.9642
2.8262
2.6911
2.5665
2.4613
2.3808
2.3238
2.2847
2.2568
2.2352
2.2167
2.1996
2.1829
2.1663
2.1495
2.1327
2.1157
2.0988
2.0821
2.0656
2.0496
2.034
2.019
2.0047
1.991
1.978
1.9657
1.9541
1.9432
1.933
1.9234
1.9144
1.9059
1.8979
1.8905
1.8835
1.8769
1.8707
1.8648
1.8592
1.854
1.8489
1.8442
1.8396
1.8352
1.831
1.827
1.823
1.8193
1.8156
1.812
1.8086
1.8052
1.8019
1.7987
1.7955
1.7924
1.7893
1.7863
1.7834
1.7805
1.7776
1.7748
1.772
1.7693
1.7665
1.7638
1.7612
1.7585
1.7559
1.7534
1.7508
1.7482
1.7457
1.7432
1.7408
1.7383
1.7358
1.7334
1.731
1.7286
1.7262
1.7239
1.7215
1.7192
1.7168
1.7145
1.7122
1.7099
1.7076
1.7053
1.7031
1.7008
1.6985
1.6963
1.694
1.6918
1.6895
1.6873
1.685
1.6828
1.6806
1.6783
1.6761
1.6738
1.6716
1.6693
1.6671
1.6648
1.6626
1.6603
1.658
1.6557
1.6535
1.6512
1.6488
1.6465
1.6442
1.6419
1.6395
1.6371
1.6347
1.6323
1.6299
1.6275
1.6251
1.6226
1.6201
1.6176
1.6151
1.6125
1.61
1.6074
1.6048
1.6021
1.5995
1.5968
1.5941
1.5914
1.5886
1.5858
1.583
1.5802
1.5773
1.5744
1.5715
1.5686
1.5656
1.5626
1.5596
1.5565
1.5534
1.5503
1.5472
1.544
1.5409
1.5376
1.5344
1.5311
1.5279
1.5245
1.5212
1.5179
1.5145
1.5111
1.5077
1.5042
1.5007
1.4973
1.4938
1.4903
1.4867
1.4832
1.4797
1.4761
1.4725
1.4689
1.4653
1.4617
1.4581
1.4545
1.4509
1.4473
1.4436
1.44
1.4364
1.4327
1.4291
1.4255
1.4219
1.4182
1.4146
1.411
1.4074
1.4038
1.4002
1.3966
1.3931
1.3895
1.3859
1.3824
1.3789
1.3753
1.3718
1.3683
1.3648
1.3614
1.3579
1.3544
1.351
1.3476
1.3442
1.3408
1.3374
1.334
1.3307
1.3273
1.324
1.3207
1.3174
1.3141
1.3108
1.3075
1.3043
1.301
1.2978
1.2946
1.2914
1.2882
1.285
1.2819
1.2787
1.2756
1.2724
1.2693
1.2662
1.2631
1.26
1.2569
1.2539
1.2508
1.2478
1.2447
1.2417
1.2387
1.2357
1.2327
1.2297
1.2267
1.2237
1.2207
1.2178
1.2148
1.2119
1.2089
1.206
1.2031
1.2002
1.1973
1.1944
1.1915
1.1886
1.1857
1.1828
1.18
1.1771
1.1743
1.1714
1.1686
1.1657
1.1629
1.1601
1.1572
1.1544
1.1516
1.1488
1.146
1.1432
1.1404
1.1377
1.1349
1.1321
1.1293
1.1266
1.1238
1.1211
1.1183
1.1156
1.1128
1.1101
1.1073
1.1046
1.1019
1.0992
1.0964
1.0937
1.091
1.0883
1.0856
1.0829
1.0802
1.0775
1.0748
1.0721
1.0694
1.0667
1.064
1.0613
1.0587
1.056
1.0533
1.0506
1.0479
1.0453
1.0426
1.0399
1.0372
1.0346
1.0319
1.0292
1.0265
1.0238
1.0212
1.0185
1.0158
1.0131
1.0105
1.0078
1.0051
1.0024
.9997
.997
.9943
.9916
.9889
.9862
.9835
.9808
.9781
.9754
.9726
.9699
.9672
.9644
.9617
.9589
.9562
.9534
.9506
.9479
.9451
.9423
.9395
.9367
.9338
.931
.9282
.9253
.9225
.9196
.9167
.9138
.9109
.908
.905
.9021
.8991
.8962
.8932
.8902
.8871
.8841
.881
.878
.8749
.8718
.8686
.8655
.8623
.8591
.8559
.8527
.8495
.8462
.8429
.8396
.8362
.8328
.8294
.826
.8226
.8191
.8156
.8121
.8085
.8049
.8013
.7976
.7939
.7902
.7865
.7827
.7789
.775
.7712
.7672
.7633
.7593
.7553
.7513
.7472
.7431
.7389
.7347
.7305
.7263
.722
.7177
.7133
.709
.7046
.7002
.6957
.6913
.6868
.6823
.6777
.6732
.6687
.6641
.6595
.6549
.6504
.6458
.6412
.6366
.632
.6275
.6229
.6184
.6139
.6094
.6049
.6005
.596
.5916
.5873
.5829
.5786
.5744
.5702
.566
.5618
.5578
.5537
.5497
.5457
.5418
.5379
.5341
.5304
.5266
.523
.5193
.5158
.5122
.5088
.5053
.5019
.4986
.4953
.4921
.4889
.4858
.4827
.4796
.4766
.4737
.4708
.4679
.4651
.4623
.4596
.4569
.4542
.4516
.449
.4465
.444
.4415
.4391
.4367
.4344
.4321
.4298
.4275
.4253
.4231
.421
.4189
.4168
.4147
.4127
.4107
.4087
.4068
.4049
.403
.4011
.3993
.3975
.3957
.3939
.3922
.3905
.3888
.3871
.3855
.3839
.3823
.3807
.3791
.3776
.3761
.3746
.3731
.3716
.3702
.3687
.3673
.3659
.3646
.3632
.3619
.3605
.3592
.3579
.3567
.3554
.3541
.3529
.3517
.3505
.3493
.3481
.347
.3458
.3447
.3435
.3424
.3413
.3402
.3392
.3381
.337
.336
.335
.3339
.3329
.3319
.3309
.33
.329
.328
.3271
.3261
.3252
.3243
.3234
.3225
.3216
.3207
.3198
.3189
.3181
.3172
.3164
.3155
.3147
.3139
.3131
.3122
.3114
.3106
.3099
.3091
.3083
.3075
.3068
.306
.3053
.3045
.3038
.3031
.3024
.3016
.3009
.3002
.2995
.2988
.2981
.2975
.2968
.2961
.2954
.2948
.2941
.2935
.2928
.2922
.2915
.2909
.2903
.2897
.289
.2884
.2878
.2872
.2866
.286
.2854
.2848
.2842
.2837
.2831
.2825
.2819
.2814
.2808
.2802
.2797
.2791
.2786
.278
.2775
.277
.2764
.2759
.2754
.2748
.2743
.2738
.2733
.2728
.2722
.2717
.2712
.2707
.2702
.2697
.2692
.2687
.2682
.2678
.2673
.2668
.2663
.2658
.2654
.2649
.2644
.2639
.2635
.263
.2626
.2621
.2616
.2612
.2607
.2603
.2598
.2594
.2589
.2585
.258
.2576
.2571
.2567
.2563
.2558
.2554
.255
.2545
.2541
.2537
.2533
.2528
.2524
.252
.2516
.2511
.2507
.2503
.2499
.2495
.2491
.2487
.2482
.2478
.2474
.247
.2466
.2462
.2458
.2454
.245
.2446
.2442
.2438
.2434
.243
.2426
.2422
.2418
.2414
.241
.2406
.2402
.2398
.2394
.2391
.2387
.2383
.2379
.2375
.2371
.2367
.2363
.236
.2356
.2352
.2348
.2344
.234
.2337
.2333
.2329
.2325
.2321
.2318
.2314
.231
.2306
.2302
.2299
.2295
.2291
.2287
.2284
.228
.2276
.2272
.2269
.2265
.2261
.2258
.2254
.225
.2247
.2243
.2239
.2236
.2232
.2228
.2225
.2221
.2217
.2214
.221
.2207
.2203
.22
.2196
.2192
.2189
.2185
.2182
.2178
.2175
.2171
.2168
.2165
.2161
.2158
.2154
.2151
.2148
.2144
.2141
.2138
.2134
.2131
.2128
.2125
.2121
.2118
.2115
.2112
.2109
.2106
.2103
.21
.2097
.2094
.2091
.2088
.2085
.2082
.2079
.2076
.2073
.2071
.2068
.2065
.2063
.206
.2057
.2055
.2052
.205
.2047
.2045
.2042
.204
.2037
.2035
.2033
.203
.2028
.2026
.2024
.2022
.2019
.2017
.2015
.2013
.2011
.2009
.2007
.2005
.2003
.2001
.1999
.1997
.1995
.1993
.1991
.199
.1988
.1986
.1984
.1982
.198
.1978
.1977
.1975
.1973
.1971
.1969
.1967
.1965
.1964
.1962
.196
.1958
.1956
.1954
.1952
.195
.1948
.1946
.1944
.1942
.194
.1938
.1936
.1934
.1932
.193
.1928
.1926
.1923
.1921
.1919
.1917
.1914
.1912
.191
.1907
.1905
.1903
.19
.1898
.1895
.1893
.189
.1888
.1885
.1883
.188
.1877
.1875
.1872
.187
.1867
.1864
.1862
.1859
.1856
.1853
.1851
.1848
.1845
.1842
.184
.1837
.1834
.1831
.1828
.1826
.1823
.182
.1817
.1814
.1811
.1809
.1806
.1803
.18
.1797
.1794
.1791
.1789
.1786
.1783
.178
.1777
.1774
.1771
.1768
.1766
.1763
.176
.1757
.1754
.1751
.1748
.1746
.1743
.174
.1737
.1734
.1731
.1728
.1726
.1723
.172
.1717
.1714
.1711
.1709
.1706
.1703
.17
.1698
.1695
.1692
.1689
.1686
.1684
.1681
.1678
.1675
.1673
.167
.1667
.1664
.1662
.1659
.1656
.1654
.1651
.1648
.1646
.1643
.164
.1638
.1635
.1632
.163
.1627
.1624
.1622
.1619
.1616
.1614
.1611
.1609
.1606
.1603
.1601
.1598
.1596
.1593
.1591
.1588
.1586
.1583
.1581
.1578
.1575
.1573
.157
.1568
.1565
.1563
.1561
.1558
.1556
.1553
.1551
.1548
.1546
.1543
.1541
.1539
.1536
.1534
.1531
.1529
.1526
.1524
.1522
.1519
.1517
.1515
.1512
.151
.1508
.1505
.1503
.1501
.1498
.1496
.1494
.1491
.1489
.1487
.1484
.1482
.148
.1478
.1475
.1473
.1471
.1469
.1466
.1464
.1462
.146
.1458
.1455
.1453
.1451
.1449
.1447
.1444
.1442
.144
.1438
.1436
.1434
.1431
.1429
.1427
.1425
.1423
.1421
.1419
.1416
.1414
.1412
.141
.1408
.1406
.1404
.1402
.14
.1398
.1396
.1394
.1392
.139
.1387
.1385
.1383
.1381
.1379
.1377
.1375
.1373
.1371
.1369
.1367
.1365
.1363
.1361
.1359
.1358
.1356
.1354
.1352
.135
.1348
.1346
.1344
.1342
.134
.1338
.1336
.1334
.1332
.1331
.1329
.1327
.1325
.1323
.1321
.1319
.1317
.1316
.1314
.1312
.131
.1308
.1306
.1305
.1303
.1301
.1299
.1297
.1295
.1294
.1292
.129
.1288
.1286
.1285
.1283
.1281
.1279
.1278
.1276
.1274
.1272
.1271
.1269
.1267
.1265
.1264
.1262
.126
.1258
.1257
.1255
.1253
.1252
.125
.1248
.1247
.1245
.1243
.1242
.124
.1238
.1237
.1235
.1233
.1232
.123
.1228
.1227
.1225
.1223
.1222
.122
.1218
.1217
.1215
.1214
.1212
.121
.1209
.1207
.1206
.1204
.1202
.1201
.1199
.1198
.1196
.1195
.1193
.1191
.119
.1188
.1187
.1185
.1184
.1182
.1181
.1179
.1178
.1176
.1175
.1173
.1172
.117
.1169
.1167
.1166
.1164
.1163
.1161
.116
.1158
.1157
.1155
.1154
.1152
.1151
.1149
.1148
.1146
.1145
.1143
.1142
.1141
.1139
.1138
.1136
.1135
.1133
.1132
.1131
.1129
.1128
.1126
.1125
.1124
.1122
.1121
.1119
.1118
.1117
.1115
.1114
.1112
.1111
.111
.1108
.1107
.1106
.1104
.1103
.1102
.11
.1099
.1098
.1096
.1095
.1094
.1092
.1091
.109
.1088
.1087
.1086
.1084
.1083
.1082
.108
.1079
.1078
.1076
.1075
.1074
.1073
.1071
.107
.1069
.1067
.1066
.1065
.1064
.1062
.1061
.106
.1059
.1057
.1056
.1055
.1054
.1052
.1051
.105
.1049
.1047
.1046
.1045
.1044
.1043
.1041
.104
.1039
.1038
.1036
.1035
.1034
.1033
.1032
.103
.1029
.1028
.1027
.1026
.1025
.1023
.1022
.1021
.102
.1019
.1017
.1016
.1015
.1014
.1013
.1012
.1011
.1009
.1008
.1007
.1006
.1005
.1004
.1003
.1001
.1
.0999
.0998
.0997
.0996
.0995
.0994
.0992
.0991
.099
.0989
.0988
.0987
.0986
.0985
.0984
.0982
.0981
.098
.0979
.0978
.0977
.0976
.0975
.0974
.0973
.0972
.0971
.097
.0968
.0967
.0966
.0965
.0964
.0963
.0962
.0961
.096
.0959
.0958
.0957
.0956
.0955
.0954
.0953
.0952
.0951
.095
.0949
.0948
.0947
.0946
.0945
.0944
.0942
.0941
.094
.0939
.0938
.0937
.0936
.0935
.0934
.0933
.0932
.0931
.093
.093
.0929
.0928
.0927
.0926
.0925
.0924
.0923
.0922
.0921
.092
.0919
.0918
.0917
.0916
.0915
.0914
.0913
.0912
.0911
.091
.0909
.0908
.0907
.0906
.0905
.0905
.0904
.0903
.0902
.0901
.09
.0899
.0898
.0897
.0896
.0895
.0894
.0893
.0892
.0892
.0891
.089
.0889
.0888
.0887
.0886
.0885
.0884
.0883
.0883
.0882
.0881
.088
.0879
.0878
.0877
.0876
.0875
.0875
.0874
.0873
.0872
.0871
.087
.0869
.0868
.0868
.0867
.0866
.0865
.0864
.0863
.0862
.0862
.0861
.086
.0859
.0858
.0857
.0856
.0856
.0855
.0854
.0853
.0852
.0851
.0851
.085
.0849
.0848
.0847
.0846
.0846
.0845
.0844
.0843
.0842
.0841
.0841
.084
.0839
.0838
.0837
.0837
.0836
.0835
.0834
.0833
.0833
.0832
.0831
.083
.0829
.0829
.0828
.0827
.0826
.0825
.0825
.0824
.0823
.0822
.0821
.0821
.082
.0819
.0818
.0818
.0817
.0816
.0815
.0815
.0814
.0813
.0812
.0811
.0811
.081
.0809
.0808
.0808
.0807
.0806
.0805
.0805
.0804
.0803
.0802
.0802
.0801
.08
.0799
.0799
.0798
.0797
.0796
.0796
.0795
.0794
.0793
.0793
.0792
.0791
.0791
.079
.0789
.0788
.0788
.0787
.0786
.0786
.0785
.0784
.0783
.0783
.0782
.0781
.0781
.078
.0779
.0778
.0778
.0777
.0776
.0776
.0775
.0774
.0773
.0773
.0772
.0771
.0771
.077
.0769
.0769
.0768
.0767
.0767
.0766
.0765
.0765
.0764
.0763
.0762
.0762
.0761
.076
.076
.0759
.0758
.0758
.0757
.0756
.0756
.0755
.0754
.0754
.0753
.0752
.0752
.0751
.075
.075
.0749
.0748
.0748
.0747
.0747
.0746
.0745
.0745
.0744
.0743
.0743
.0742
.0741
.0741
.074
.0739
.0739
.0738
.0737
.0737
.0736
.0736
.0735
.0734
.0734
.0733
.0732
.0732
.0731
.0731
.073
.0729
.0729
.0728
.0727
.0727
.0726
.0726
.0725
.0724
.0724
.0723
.0723
.0722
.0721
.0721
.072
.0719
.0719
.0718
.0718
.0717
.0716
.0716
.0715
.0715
.0714
.0713
.0713
.0712
.0712
.0711
.071
.071
.0709
.0709
.0708
.0708
.0707
.0706
.0706
.0705
.0705
.0704
.0703
.0703
.0702
.0702
.0701
.0701
.07
.0699
.0699
.0698
.0698
.0697
.0696
.0696
.0695
.0695
.0694
.0694
.0693
.0693
.0692
.0691
.0691
.069
.069
.0689
.0689
.0688
.0687
.0687
.0686
.0686
.0685
.0685
.0684
.0684
.0683
.0682
.0682
.0681
.0681
.068
.068
.0679
.0679
.0678
.0678
.0677
.0677
.0676
.0675
.0675
.0674
.0674
.0673
.0673
.0672
.0672
.0671
.0671
.067
.067
.0669
.0669
.0668
.0667
.0667
.0666
.0666
.0665
.0665
.0664
.0664
.0663
.0663
.0662
.0662
.0661
.0661
.066
.066
.0659
.0659
.0658
.0658
.0657
.0657
.0656
.0656
.0655
.0655
.0654
.0654
.0653
.0653
.0652
.0652
.0651
.0651
.065
.065
.0649
.0649
.0648
.0648
.0647
.0647
.0646
.0646
.0645
.0645
.0644
.0644
.0643
.0643
.0642
.0642
.0641
.0641
.064
.064
.0639
.0639
.0638
.0638
.0637
.0637
.0636
.0636
.0635
.0635
.0634
.0634
.0633
.0633
.0632
.0632
.0632
.0631
.0631
.063
.063
.0629
.0629
.0628
.0628
.0627
.0627
.0626
.0626
.0625
.0625
.0625
.0624
.0624
.0623
.0623
.0622
.0622
.0621
.0621
.062
.062
.0619
.0619
.0619
.0618
.0618
.0617
.0617
.0616
.0616
.0615
.0615
.0614
.0614
.0614
.0613
.0613
.0612
.0612
.0611
.0611
.061
.061
.061
.0609
.0609
.0608
.0608
.0607
.0607
.0607
.0606
.0606
.0605
.0605
.0604
.0604
.0603
.0603
.0603
.0602
.0602
.0601
.0601
.06
.06
.06
.0599
.0599
.0598
.0598
.0597
.0597
.0597
.0596
.0596
.0595
.0595
.0594
.0594
.0594
.0593
.0593
.0592
.0592
.0592
.0591
.0591
.059
.059
.0589
.0589
.0589
.0588
.0588
.0587
.0587
.0587
.0586
.0586
.0585
.0585
.0585
.0584
.0584
.0583
.0583
.0583
.0582
.0582
.0581
.0581
.0581
.058
.058
.0579
.0579
.0578
.0578
.0578
.0577
.0577
.0577
.0576
.0576
.0575
.0575
.0575
.0574
.0574
.0573
.0573
.0573
.0572
.0572
.0571
.0571
.0571
.057
.057
.0569
.0569
.0569
.0568
.0568
.0568
.0567
.0567
.0566
.0566
.0566
.0565
.0565
.0564
.0564
.0564
.0563
.0563
.0563
.0562
.0562
.0561
.0561
.0561
.056
.056
.056
.0559
.0559
.0558
.0558
.0558
.0557
.0557
.0557
.0556
.0556
.0555
.0555
.0555
.0554
.0554
.0554
.0553
.0553
.0553
.0552
.0552
.0551
.0551
.0551
.055
.055
.055
.0549
.0549
.0549
.0548
.0548
.0547
.0547
.0547
.0546
.0546
.0546
.0545
.0545
.0545
.0544
.0544
.0544
.0543
.0543
.0542
.0542
.0542
.0541
.0541
.0541
.054
.054
.054
.0539
.0539
.0539
.0538
.0538
.0538
.0537
.0537
.0537
.0536
.0536
.0536
.0535
.0535
.0534
.0534
.0534
.0533
.0533
.0533
.0532
.0532
.0532
.0531
.0531
.0531
.053
.053
.053
.0529
.0529
.0529
.0528
.0528
.0528
.0527
.0527
.0527
.0526
.0526
.0526
.0525
.0525
.0525
.0524
.0524
.0524
.0523
.0523
.0523
.0522
.0522
.0522
.0521
.0521
.0521
.052
.052
.052
.0519
.0519
.0519
.0519
.0518
.0518
.0518
.0517
.0517
.0517
.0516
.0516
.0516
.0515
.0515
.0515
.0514
.0514
.0514
.0513
.0513
.0513
.0512
.0512
.0512
.0512
.0511
.0511
.0511
.051
.051
.051
.0509
.0509
.0509
.0508
.0508
.0508
.0507
.0507
.0507
.0507
.0506
.0506
.0506
.0505
.0505
.0505
.0504
.0504
.0504
.0503
.0503
.0503
.0503
.0502
.0502
.0502
.0501
.0501
.0501
.05
.05
.05
