3.7452
3.5207
3.3108
3.1101
2.9167
2.7342
2.5722
2.4421
2.3499
2.2914
2.2562
2.2348
2.2206
2.21
2.2011
2.1931
2.1855
2.1781
2.1707
2.1634
2.1561
2.1489
2.1417
2.1345
2.1273
2.1201
2.113
2.1059
2.0987
2.0916
2.0845
2.0774
2.0703
2.0632
2.056
2.0489
2.0417
2.0346
2.0274
2.0203
2.0132
2.0061
1.999
1.9919
1.9849
1.9779
1.9709
1.9641
1.9572
1.9504
1.9437
1.9371
1.9305
1.924
1.9175
1.9112
1.9048
1.8986
1.8924
1.8862
1.8801
1.8741
1.868
1.8621
1.8561
1.8502
1.8443
1.8385
1.8326
1.8268
1.8209
1.8151
1.8093
1.8035
1.7977
1.7919
1.7861
1.7803
1.7744
1.7686
1.7628
1.757
1.7511
1.7453
1.7394
1.7336
1.7278
1.7219
1.7161
1.7102
1.7044
1.6986
1.6928
1.687
1.6812
1.6754
1.6697
1.6639
1.6582
1.6525
1.6468
1.6411
1.6355
1.6299
1.6243
1.6188
1.6132
1.6077
1.6022
1.5968
1.5914
1.586
1.5807
1.5753
1.57
1.5648
1.5596
1.5544
1.5492
1.544
1.5389
1.5339
1.5288
1.5238
1.5188
1.5138
1.5089
1.504
1.4991
1.4943
1.4894
1.4846
1.4799
1.4751
1.4704
1.4657
1.461
1.4564
1.4517
1.4471
1.4426
1.438
1.4335
1.429
1.4245
1.42
1.4155
1.4111
1.4067
1.4023
1.3979
1.3936
1.3893
1.3849
1.3806
1.3764
1.3721
1.3679
1.3637
1.3595
1.3553
1.3511
1.347
1.3428
1.3387
1.3346
1.3306
1.3265
1.3225
1.3184
1.3144
1.3104
1.3064
1.3025
1.2985
1.2946
1.2907
1.2868
1.2829
1.2791
1.2752
1.2714
1.2676
1.2637
1.26
1.2562
1.2524
1.2487
1.245
1.2412
1.2375
1.2339
1.2302
1.2265
1.2229
1.2193
1.2156
1.212
1.2085
1.2049
1.2013
1.1978
1.1942
1.1907
1.1872
1.1837
1.1802
1.1768
1.1733
1.1699
1.1664
1.163
1.1596
1.1562
1.1528
1.1495
1.1461
1.1428
1.1394
1.1361
1.1328
1.1295
1.1262
1.1229
1.1196
1.1164
1.1131
1.1099
1.1067
1.1034
1.1002
1.097
1.0938
1.0907
1.0875
1.0843
1.0812
1.078
1.0749
1.0718
1.0687
1.0655
1.0624
1.0594
1.0563
1.0532
1.0501
1.0471
1.044
1.041
1.0379
1.0349
1.0319
1.0289
1.0258
1.0228
1.0198
1.0168
1.0139
1.0109
1.0079
1.0049
1.002
.999
.996
.9931
.9901
.9872
.9842
.9813
.9784
.9754
.9725
.9696
.9667
.9637
.9608
.9579
.955
.9521
.9491
.9462
.9433
.9404
.9375
.9345
.9316
.9287
.9258
.9228
.9199
.917
.914
.9111
.9081
.9051
.9022
.8992
.8962
.8932
.8902
.8872
.8841
.8811
.878
.8749
.8719
.8687
.8656
.8624
.8593
.8561
.8528
.8496
.8463
.8429
.8396
.8362
.8327
.8292
.8257
.8221
.8184
.8147
.811
.8071
.8032
.7992
.7952
.791
.7868
.7824
.778
.7734
.7687
.7639
.759
.7539
.7487
.7433
.7377
.732
.7261
.72
.7137
.7072
.7005
.6936
.6865
.6792
.6717
.664
.656
.6479
.6395
.631
.6223
.6134
.6044
.5953
.586
.5767
.5673
.5579
.5484
.5389
.5295
.5201
.5107
.5014
.4922
.4831
.4741
.4652
.4565
.4479
.4395
.4312
.4231
.4151
.4073
.3996
.3921
.3848
.3776
.3705
.3636
.3568
.3502
.3437
.3374
.3311
.325
.3191
.3132
.3075
.3018
.2963
.2909
.2856
.2804
.2753
.2703
.2654
.2606
.2559
.2513
.2468
.2424
.2381
.2338
.2296
.2256
.2216
.2177
.2139
.2101
.2065
.2029
.1994
.196
.1927
.1894
.1862
.1831
.1801
.1771
.1742
.1714
.1686
.1659
.1632
.1607
.1581
.1557
.1533
.1509
.1487
.1464
.1442
.1421
.14
.138
.136
.1341
.1322
.1303
.1285
.1267
.125
.1233
.1217
.1201
.1185
.1169
.1154
.114
.1125
.1111
.1097
.1084
.107
.1057
.1045
.1032
.102
.1008
.0996
.0985
.0974
.0963
.0952
.0941
.0931
.0921
.0911
.0901
.0891
.0882
.0873
.0864
.0855
.0846
.0837
.0829
.0821
.0813
.0805
.0797
.0789
.0781
.0774
.0767
.0759
.0752
.0745
.0739
.0732
.0725
.0719
.0712
.0706
.07
.0694
.0688
.0682
.0676
.067
.0664
.0659
.0653
.0648
.0643
.0637
.0632
.0627
.0622
.0617
.0612
.0608
.0603
.0598
.0594
.0589
.0585
.058
.0576
.0572
.0567
.0563
.0559
.0555
.0551
.0547
.0543
.0539
.0535
.0532
.0528
.0524
.0521
.0517
.0514
.051
.0507
.0503
.05
