3.8171
3.6785
3.5493
3.4202
3.284
3.1353
2.9715
2.7951
2.6152
2.4477
2.3087
2.2064
2.1379
2.0943
2.0666
2.0485
2.0361
2.0271
2.0201
2.0143
2.0094
2.005
2.0011
1.9974
1.9939
1.9906
1.9875
1.9845
1.9816
1.9789
1.9762
1.9736
1.9711
1.9687
1.9664
1.9641
1.9619
1.9597
1.9576
1.9555
1.9535
1.9515
1.9495
1.9475
1.9456
1.9437
1.9418
1.9399
1.938
1.9361
1.9342
1.9323
1.9304
1.9284
1.9265
1.9245
1.9225
1.9205
1.9184
1.9163
1.9142
1.912
1.9098
1.9075
1.9052
1.9029
1.9004
1.898
1.8954
1.8928
1.8901
1.8874
1.8846
1.8816
1.8787
1.8756
1.8724
1.8691
1.8658
1.8623
1.8588
1.8551
1.8513
1.8475
1.8435
1.8394
1.8352
1.8309
1.8266
1.8221
1.8176
1.8129
1.8083
1.8035
1.7987
1.7939
1.789
1.7841
1.7791
1.7742
1.7692
1.7643
1.7594
1.7544
1.7495
1.7447
1.7398
1.735
1.7302
1.7254
1.7207
1.716
1.7113
1.7066
1.7019
1.6973
1.6926
1.688
1.6833
1.6786
1.6738
1.6691
1.6642
1.6593
1.6543
1.6491
1.6438
1.6384
1.6328
1.6269
1.6208
1.6144
1.6077
1.6005
1.5929
1.5848
1.5761
1.5667
1.5566
1.5455
1.5334
1.5201
1.5055
1.4894
1.4716
1.4518
1.4299
1.4057
1.379
1.3497
1.3176
1.2829
1.2456
1.2061
1.1646
1.1216
1.0779
1.0338
.99
.947
.9052
.8649
.8263
.7896
.7549
.7221
.6912
.6621
.6348
.6092
.5851
.5625
.5412
.5212
.5024
.4846
.4679
.4521
.4373
.4232
.4099
.3973
.3854
.374
.3633
.3531
.3434
.3341
.3253
.3169
.3089
.3012
.2939
.2869
.2802
.2738
.2676
.2617
.2561
.2506
.2454
.2403
.2355
.2308
.2263
.222
.2178
.2137
.2098
.206
.2024
.1989
.1954
.1921
.1889
.1858
.1828
.1799
.177
.1743
.1716
.169
.1665
.164
.1617
.1593
.1571
.1549
.1527
.1506
.1486
.1466
.1447
.1428
.141
.1392
.1374
.1357
.134
.1324
.1308
.1292
.1277
.1262
.1248
.1233
.1219
.1206
.1192
.1179
.1166
.1154
.1141
.1129
.1118
.1106
.1095
.1083
.1072
.1062
.1051
.1041
.1031
.1021
.1011
.1001
.0992
.0983
.0974
.0965
.0956
.0947
.0939
.093
.0922
.0914
.0906
.0898
.0891
.0883
.0876
.0868
.0861
.0854
.0847
.084
.0834
.0827
.082
.0814
.0808
.0801
.0795
.0789
.0783
.0777
.0771
.0766
.076
.0754
.0749
.0743
.0738
.0733
.0728
.0722
.0717
.0712
.0707
.0703
.0698
.0693
.0688
.0684
.0679
.0675
.067
.0666
.0662
.0657
.0653
.0649
.0645
.0641
.0637
.0633
.0629
.0625
.0621
.0617
.0613
.061
.0606
.0602
.0599
.0595
.0592
.0588
.0585
.0582
.0578
.0575
.0572
.0568
.0565
.0562
.0559
.0556
.0553
.055
.0547
.0544
.0541
.0538
.0535
.0532
.0529
.0526
.0524
.0521
.0518
.0516
.0513
.051
.0508
.0505
.0503
.05
.0498
