3.9348
3.7671
3.6179
3.4796
3.3464
3.2144
3.0812
2.9457
2.8089
2.6741
2.5467
2.4338
2.3411
2.2709
2.221
2.1864
2.1624
2.145
2.1315
2.1205
2.1108
2.102
2.0936
2.0856
2.0779
2.0702
2.0627
2.0553
2.048
2.0408
2.0336
2.0266
2.0196
2.0127
2.0059
1.9992
1.9925
1.986
1.9795
1.9732
1.967
1.9608
1.9548
1.9489
1.9431
1.9373
1.9317
1.9262
1.9208
1.9155
1.9103
1.9053
1.9003
1.8953
1.8905
1.8858
1.8812
1.8766
1.8721
1.8677
1.8633
1.859
1.8548
1.8506
1.8465
1.8424
1.8383
1.8343
1.8303
1.8264
1.8224
1.8184
1.8145
1.8105
1.8066
1.8026
1.7986
1.7945
1.7904
1.7862
1.782
1.7777
1.7732
1.7687
1.764
1.7591
1.754
1.7487
1.7432
1.7374
1.7313
1.7248
1.7178
1.7104
1.7024
1.6937
1.6843
1.674
1.6628
1.6503
1.6366
1.6213
1.6043
1.5852
1.5639
1.5399
1.513
1.4829
1.4494
1.4122
1.3714
1.327
1.2794
1.2292
1.1771
1.1241
1.071
1.0187
.968
.9193
.8731
.8295
.7887
.7505
.7151
.6821
.6514
.623
.5966
.5721
.5492
.528
.5082
.4897
.4724
.4563
.4411
.4269
.4136
.401
.3892
.378
.3675
.3575
.3481
.3392
.3307
.3226
.3149
.3076
.3007
.294
.2877
.2816
.2758
.2702
.2649
.2598
.2549
.2502
.2456
.2413
.2371
.233
.2291
.2254
.2217
.2182
.2148
.2115
.2083
.2053
.2023
.1994
.1966
.1939
.1912
.1887
.1862
.1838
.1814
.1791
.1769
.1747
.1726
.1705
.1685
.1666
.1647
.1628
.161
.1592
.1575
.1558
.1541
.1525
.1509
.1494
.1479
.1464
.1449
.1435
.1421
.1408
.1394
.1381
.1368
.1356
.1343
.1331
.1319
.1308
.1296
.1285
.1274
.1263
.1253
.1242
.1232
.1222
.1212
.1202
.1193
.1183
.1174
.1165
.1156
.1147
.1139
.113
.1122
.1113
.1105
.1097
.1089
.1081
.1074
.1066
.1059
.1051
.1044
.1037
.103
.1023
.1016
.1009
.1003
.0996
.099
.0983
.0977
.0971
.0965
.0959
.0953
.0947
.0941
.0935
.0929
.0924
.0918
.0913
.0907
.0902
.0897
.0892
.0886
.0881
.0876
.0871
.0866
.0862
.0857
.0852
.0847
.0843
.0838
.0833
.0829
.0825
.082
.0816
.0811
.0807
.0803
.0799
.0795
.0791
.0787
.0783
.0779
.0775
.0771
.0767
.0763
.0759
.0756
.0752
.0748
.0745
.0741
.0738
.0734
.0731
.0727
.0724
.072
.0717
.0714
.0711
.0707
.0704
.0701
.0698
.0695
.0691
.0688
.0685
.0682
.0679
.0676
.0673
.067
.0668
.0665
.0662
.0659
.0656
.0653
.0651
.0648
.0645
.0643
.064
.0637
.0635
.0632
.063
.0627
.0624
.0622
.0619
.0617
.0615
.0612
.061
.0607
.0605
.0603
.06
.0598
.0596
.0593
.0591
.0589
.0587
.0584
.0582
.058
.0578
.0576
.0574
.0571
.0569
.0567
.0565
.0563
.0561
.0559
.0557
.0555
.0553
.0551
.0549
.0547
.0545
.0543
.0541
.054
.0538
.0536
.0534
.0532
.053
.0528
.0527
.0525
.0523
.0521
.052
.0518
.0516
.0514
.0513
.0511
.0509
.0508
.0506
.0504
.0503
.0501
.0499
