4.7529
4.4905
4.1814
3.8471
3.5163
3.2101
2.9386
2.7072
2.5203
2.3799
2.2827
2.2198
2.1805
2.1558
2.1394
2.1275
2.118
2.1096
2.1019
2.0943
2.0868
2.0793
2.0718
2.0641
2.0563
2.0485
2.0406
2.0325
2.0244
2.0163
2.0081
1.9999
1.9916
1.9834
1.9752
1.9671
1.959
1.9511
1.9432
1.9354
1.9278
1.9203
1.913
1.9058
1.8988
1.8919
1.8852
1.8787
1.8724
1.8662
1.8601
1.8542
1.8485
1.8429
1.8374
1.8321
1.8269
1.8218
1.8168
1.8119
1.8071
1.8024
1.7978
1.7932
1.7887
1.7842
1.7798
1.7754
1.771
1.7667
1.7623
1.758
1.7536
1.7493
1.7448
1.7404
1.7359
1.7313
1.7266
1.7219
1.717
1.712
1.7069
1.7016
1.6961
1.6904
1.6844
1.6782
1.6717
1.6648
1.6575
1.6498
1.6417
1.6329
1.6236
1.6136
1.6029
1.5913
1.5788
1.5653
1.5507
1.5349
1.5177
1.4991
1.4791
1.4575
1.4344
1.4096
1.3834
1.3557
1.3267
1.2966
1.2655
1.2336
1.2013
1.1688
1.1362
1.1039
1.0719
1.0404
1.0097
.9797
.9505
.9223
.8949
.8686
.8432
.8187
.7952
.7726
.7509
.7301
.7101
.6909
.6724
.6547
.6378
.6214
.6058
.5907
.5763
.5624
.549
.5361
.5238
.5119
.5004
.4893
.4787
.4684
.4585
.4489
.4397
.4308
.4222
.4138
.4058
.398
.3905
.3832
.3761
.3693
.3627
.3563
.35
.344
.3381
.3324
.3269
.3215
.3163
.3113
.3063
.3015
.2969
.2924
.2879
.2836
.2795
.2754
.2714
.2675
.2638
.2601
.2565
.253
.2496
.2463
.243
.2398
.2367
.2337
.2307
.2278
.225
.2222
.2195
.2169
.2143
.2117
.2092
.2068
.2044
.2021
.1998
.1976
.1954
.1932
.1911
.1891
.1871
.1851
.1831
.1812
.1793
.1775
.1757
.1739
.1722
.1705
.1688
.1672
.1656
.164
.1624
.1609
.1594
.1579
.1564
.155
.1536
.1522
.1509
.1495
.1482
.1469
.1456
.1444
.1431
.1419
.1407
.1395
.1384
.1372
.1361
.135
.1339
.1329
.1318
.1308
.1297
.1287
.1277
.1267
.1258
.1248
.1239
.1229
.122
.1211
.1202
.1193
.1185
.1176
.1168
.1159
.1151
.1143
.1135
.1127
.1119
.1112
.1104
.1097
.1089
.1082
.1075
.1068
.106
.1054
.1047
.104
.1033
.1027
.102
.1014
.1007
.1001
.0995
.0988
.0982
.0976
.097
.0964
.0959
.0953
.0947
.0942
.0936
.093
.0925
.092
.0914
.0909
.0904
.0899
.0894
.0889
.0884
.0879
.0874
.0869
.0864
.0859
.0855
.085
.0846
.0841
.0836
.0832
.0828
.0823
.0819
.0815
.081
.0806
.0802
.0798
.0794
.079
.0786
.0782
.0778
.0774
.077
.0766
.0763
.0759
.0755
.0752
.0748
.0744
.0741
.0737
.0734
.073
.0727
.0723
.072
.0717
.0713
.071
.0707
.0704
.07
.0697
.0694
.0691
.0688
.0685
.0682
.0679
.0676
.0673
.067
.0667
.0664
.0661
.0658
.0655
.0653
.065
.0647
.0644
.0642
.0639
.0636
.0634
.0631
.0628
.0626
.0623
.0621
.0618
.0616
.0613
.0611
.0608
.0606
.0603
.0601
.0599
.0596
.0594
.0592
.0589
.0587
.0585
.0582
.058
.0578
.0576
.0574
.0571
.0569
.0567
.0565
.0563
.0561
.0559
.0557
.0555
.0553
.055
.0548
.0546
.0545
.0543
.0541
.0539
.0537
.0535
.0533
.0531
.0529
.0527
.0525
.0524
.0522
.052
.0518
.0516
.0515
.0513
.0511
.0509
.0508
.0506
.0504
.0502
.0501
.0499
