3.9096
3.6985
3.5159
3.3531
3.2019
3.0574
2.9173
2.7822
2.6555
2.5417
2.4454
2.3689
2.3115
2.2701
2.2405
2.2192
2.2032
2.1907
2.1803
2.1712
2.163
2.1551
2.1476
2.1401
2.1327
2.1253
2.1178
2.1102
2.1025
2.0948
2.0869
2.0789
2.0708
2.0627
2.0544
2.0461
2.0377
2.0292
2.0206
2.012
2.0033
1.9945
1.9857
1.9767
1.9677
1.9585
1.9492
1.9397
1.9301
1.9202
1.9101
1.8997
1.8889
1.8777
1.8661
1.854
1.8414
1.828
1.814
1.7993
1.7836
1.7671
1.7497
1.7312
1.7117
1.691
1.6693
1.6466
1.6227
1.5979
1.5721
1.5454
1.5179
1.4898
1.4611
1.4319
1.4024
1.3727
1.3428
1.3129
1.2831
1.2534
1.2239
1.1947
1.1659
1.1374
1.1094
1.0819
1.0549
1.0285
1.0026
.9773
.9526
.9285
.905
.8822
.86
.8384
.8175
.7971
.7774
.7583
.7398
.7218
.7044
.6876
.6713
.6556
.6403
.6256
.6113
.5975
.5842
.5712
.5588
.5467
.535
.5237
.5128
.5022
.4919
.482
.4724
.4631
.4541
.4454
.4369
.4287
.4208
.4131
.4056
.3983
.3913
.3845
.3778
.3714
.3651
.3591
.3532
.3474
.3418
.3364
.3311
.326
.321
.3161
.3114
.3067
.3022
.2979
.2936
.2894
.2854
.2814
.2775
.2737
.2701
.2665
.263
.2595
.2562
.2529
.2497
.2466
.2435
.2405
.2376
.2347
.2319
.2292
.2265
.2239
.2213
.2188
.2163
.2139
.2116
.2092
.207
.2047
.2026
.2004
.1983
.1962
.1942
.1922
.1903
.1884
.1865
.1847
.1828
.1811
.1793
.1776
.1759
.1743
.1726
.171
.1695
.1679
.1664
.1649
.1634
.162
.1606
.1592
.1578
.1564
.1551
.1538
.1525
.1512
.15
.1488
.1475
.1463
.1452
.144
.1429
.1417
.1406
.1395
.1385
.1374
.1363
.1353
.1343
.1333
.1323
.1313
.1304
.1294
.1285
.1276
.1266
.1257
.1249
.124
.1231
.1223
.1214
.1206
.1198
.119
.1182
.1174
.1166
.1158
.1151
.1143
.1136
.1128
.1121
.1114
.1107
.11
.1093
.1086
.108
.1073
.1066
.106
.1053
.1047
.1041
.1034
.1028
.1022
.1016
.101
.1004
.0999
.0993
.0987
.0982
.0976
.097
.0965
.096
.0954
.0949
.0944
.0939
.0934
.0928
.0923
.0918
.0914
.0909
.0904
.0899
.0894
.089
.0885
.0881
.0876
.0872
.0867
.0863
.0858
.0854
.085
.0846
.0841
.0837
.0833
.0829
.0825
.0821
.0817
.0813
.0809
.0805
.0802
.0798
.0794
.079
.0787
.0783
.0779
.0776
.0772
.0769
.0765
.0762
.0758
.0755
.0751
.0748
.0745
.0741
.0738
.0735
.0732
.0729
.0725
.0722
.0719
.0716
.0713
.071
.0707
.0704
.0701
.0698
.0695
.0692
.0689
.0687
.0684
.0681
.0678
.0675
.0673
.067
.0667
.0665
.0662
.0659
.0657
.0654
.0652
.0649
.0647
.0644
.0642
.0639
.0637
.0634
.0632
.0629
.0627
.0625
.0622
.062
.0618
.0615
.0613
.0611
.0609
.0606
.0604
.0602
.06
.0597
.0595
.0593
.0591
.0589
.0587
.0585
.0583
.0581
.0579
.0577
.0575
.0573
.0571
.0569
.0567
.0565
.0563
.0561
.0559
.0557
.0555
.0553
.0551
.055
.0548
.0546
.0544
.0542
.054
.0539
.0537
.0535
.0533
.0532
.053
.0528
.0527
.0525
.0523
.0521
.052
.0518
.0517
.0515
.0513
.0512
.051
.0508
.0507
.0505
.0504
.0502
.0501
.0499
