3.7884
3.6464
3.5172
3.394
3.2719
3.1481
3.0214
2.893
2.7664
2.6472
2.5419
2.4558
2.3907
2.3448
2.3138
2.2935
2.2801
2.2711
2.2648
2.2601
2.2564
2.2534
2.2506
2.2481
2.2457
2.2434
2.241
2.2387
2.2363
2.234
2.2316
2.2292
2.2268
2.2244
2.222
2.2196
2.2171
2.2147
2.2122
2.2097
2.2072
2.2047
2.2022
2.1996
2.1971
2.1944
2.1918
2.1891
2.1864
2.1836
2.1807
2.1778
2.1748
2.1717
2.1685
2.1652
2.1618
2.1582
2.1546
2.1508
2.1468
2.1426
2.1383
2.1337
2.1289
2.1239
2.1185
2.1129
2.107
2.1008
2.0941
2.0871
2.0797
2.0718
2.0633
2.0544
2.0448
2.0346
2.0238
2.0121
1.9996
1.9861
1.9716
1.9559
1.939
1.9206
1.9006
1.8788
1.8551
1.8293
1.8012
1.7706
1.7375
1.7017
1.6634
1.6226
1.5795
1.5343
1.4876
1.4395
1.3907
1.3416
1.2925
1.244
1.1963
1.1497
1.1045
1.0609
1.0189
.9787
.9402
.9036
.8687
.8356
.8042
.7745
.7463
.7197
.6944
.6706
.648
.6266
.6064
.5872
.569
.5518
.5354
.5199
.5051
.4911
.4778
.4651
.453
.4414
.4304
.4199
.4098
.4002
.391
.3822
.3737
.3656
.3578
.3504
.3432
.3363
.3297
.3233
.3171
.3112
.3055
.3
.2947
.2895
.2845
.2797
.2751
.2706
.2662
.262
.2579
.254
.2501
.2464
.2428
.2392
.2358
.2325
.2293
.2261
.2231
.2201
.2172
.2144
.2116
.209
.2064
.2038
.2013
.1989
.1965
.1942
.192
.1898
.1876
.1855
.1834
.1814
.1795
.1775
.1757
.1738
.172
.1702
.1685
.1668
.1651
.1635
.1619
.1603
.1588
.1573
.1558
.1544
.153
.1516
.1502
.1488
.1475
.1462
.1449
.1437
.1425
.1412
.1401
.1389
.1377
.1366
.1355
.1344
.1333
.1323
.1312
.1302
.1292
.1282
.1272
.1262
.1253
.1244
.1234
.1225
.1216
.1207
.1199
.119
.1182
.1173
.1165
.1157
.1149
.1141
.1134
.1126
.1118
.1111
.1104
.1096
.1089
.1082
.1075
.1068
.1061
.1055
.1048
.1042
.1035
.1029
.1022
.1016
.101
.1004
.0998
.0992
.0986
.098
.0975
.0969
.0963
.0958
.0952
.0947
.0942
.0936
.0931
.0926
.0921
.0916
.0911
.0906
.0901
.0896
.0891
.0887
.0882
.0877
.0873
.0868
.0864
.0859
.0855
.0851
.0846
.0842
.0838
.0834
.083
.0825
.0821
.0817
.0813
.0809
.0806
.0802
.0798
.0794
.079
.0787
.0783
.0779
.0776
.0772
.0768
.0765
.0761
.0758
.0755
.0751
.0748
.0744
.0741
.0738
.0735
.0731
.0728
.0725
.0722
.0719
.0716
.0713
.071
.0707
.0704
.0701
.0698
.0695
.0692
.0689
.0686
.0684
.0681
.0678
.0675
.0672
.067
.0667
.0664
.0662
.0659
.0657
.0654
.0651
.0649
.0646
.0644
.0641
.0639
.0637
.0634
.0632
.0629
.0627
.0625
.0622
.062
.0618
.0615
.0613
.0611
.0609
.0606
.0604
.0602
.06
.0598
.0596
.0594
.0591
.0589
.0587
.0585
.0583
.0581
.0579
.0577
.0575
.0573
.0571
.0569
.0567
.0565
.0563
.0561
.056
.0558
.0556
.0554
.0552
.055
.0549
.0547
.0545
.0543
.0541
.054
.0538
.0536
.0534
.0533
.0531
.0529
.0528
.0526
.0524
.0523
.0521
.0519
.0518
.0516
.0515
.0513
.0511
.051
.0508
.0507
.0505
.0504
.0502
.0501
.0499
