4.2453
3.9246
3.6157
3.3324
3.0765
2.8479
2.6498
2.4872
2.3632
2.2761
2.2188
2.1824
2.1591
2.1433
2.1316
2.1219
2.1132
2.1049
2.0967
2.0884
2.08
2.0714
2.0627
2.0539
2.0449
2.0359
2.0269
2.0178
2.0087
1.9997
1.9908
1.982
1.9733
1.9648
1.9564
1.9482
1.9403
1.9325
1.9249
1.9176
1.9104
1.9035
1.8968
1.8903
1.884
1.8779
1.872
1.8662
1.8606
1.8552
1.8499
1.8448
1.8397
1.8348
1.83
1.8253
1.8207
1.8162
1.8118
1.8075
1.8032
1.799
1.7948
1.7908
1.7867
1.7828
1.7788
1.775
1.7712
1.7674
1.7637
1.76
1.7563
1.7528
1.7492
1.7457
1.7422
1.7388
1.7354
1.732
1.7287
1.7254
1.7222
1.719
1.7158
1.7127
1.7096
1.7066
1.7035
1.7006
1.6976
1.6947
1.6918
1.689
1.6862
1.6834
1.6807
1.6779
1.6753
1.6726
1.67
1.6674
1.6649
1.6623
1.6598
1.6574
1.6549
1.6525
1.6501
1.6477
1.6454
1.6431
1.6408
1.6385
1.6362
1.634
1.6318
1.6295
1.6274
1.6252
1.623
1.6209
1.6187
1.6166
1.6145
1.6124
1.6103
1.6082
1.6061
1.6041
1.602
1.5999
1.5978
1.5957
1.5936
1.5915
1.5894
1.5873
1.5851
1.583
1.5808
1.5786
1.5764
1.5741
1.5719
1.5695
1.5672
1.5648
1.5623
1.5598
1.5572
1.5545
1.5518
1.549
1.5461
1.5431
1.5399
1.5366
1.5332
1.5297
1.5259
1.522
1.5178
1.5134
1.5088
1.5038
1.4985
1.4928
1.4866
1.48
1.4728
1.4651
1.4566
1.4473
1.4372
1.426
1.4137
1.4
1.385
1.3682
1.3497
1.3291
1.3063
1.2811
1.2534
1.2232
1.1904
1.1552
1.1179
1.0789
1.0386
.9977
.9567
.9163
.8768
.8388
.8024
.7679
.7352
.7045
.6757
.6487
.6233
.5995
.5771
.5561
.5364
.5177
.5002
.4836
.4679
.453
.4389
.4255
.4129
.4008
.3893
.3784
.368
.3581
.3486
.3396
.3309
.3227
.3148
.3072
.3
.2931
.2864
.28
.2739
.268
.2624
.257
.2517
.2467
.2419
.2372
.2327
.2283
.2241
.2201
.2162
.2124
.2087
.2052
.2017
.1984
.1952
.1921
.1891
.1861
.1833
.1805
.1778
.1752
.1726
.1702
.1678
.1654
.1631
.1609
.1588
.1566
.1546
.1526
.1506
.1487
.1469
.145
.1433
.1415
.1398
.1382
.1366
.135
.1334
.1319
.1304
.129
.1275
.1262
.1248
.1235
.1221
.1209
.1196
.1184
.1172
.116
.1148
.1137
.1126
.1115
.1104
.1093
.1083
.1073
.1063
.1053
.1043
.1034
.1024
.1015
.1006
.0997
.0988
.098
.0971
.0963
.0955
.0947
.0939
.0931
.0923
.0916
.0909
.0901
.0894
.0887
.088
.0873
.0866
.086
.0853
.0846
.084
.0834
.0828
.0821
.0815
.0809
.0803
.0798
.0792
.0786
.0781
.0775
.077
.0764
.0759
.0754
.0749
.0744
.0739
.0734
.0729
.0724
.0719
.0715
.071
.0705
.0701
.0696
.0692
.0688
.0683
.0679
.0675
.0671
.0666
.0662
.0658
.0654
.065
.0647
.0643
.0639
.0635
.0631
.0628
.0624
.0621
.0617
.0613
.061
.0607
.0603
.06
.0596
.0593
.059
.0587
.0583
.058
.0577
.0574
.0571
.0568
.0565
.0562
.0559
.0556
.0553
.055
.0548
.0545
.0542
.0539
.0536
.0534
.0531
.0528
.0526
.0523
.0521
.0518
.0516
.0513
.0511
.0508
.0506
.0503
.0501
.0499
