4.1792
3.8541
3.5212
3.2016
2.9111
2.6627
2.467
2.3281
2.2396
2.1877
2.1584
2.1417
2.1315
2.1247
2.1196
2.1153
2.1114
2.1076
2.1038
2.1001
2.0963
2.0925
2.0886
2.0848
2.0809
2.0769
2.073
2.069
2.065
2.0609
2.0568
2.0527
2.0485
2.0442
2.0399
2.0356
2.0312
2.0267
2.0221
2.0175
2.0128
2.008
2.0031
1.9981
1.9931
1.988
1.9828
1.9775
1.9722
1.9668
1.9613
1.9557
1.9502
1.9445
1.9388
1.9331
1.9273
1.9215
1.9156
1.9097
1.9038
1.8979
1.8919
1.8859
1.8799
1.8738
1.8677
1.8616
1.8554
1.8492
1.8429
1.8366
1.8302
1.8237
1.8171
1.8104
1.8036
1.7966
1.7895
1.7822
1.7747
1.767
1.759
1.7507
1.7421
1.7331
1.7238
1.714
1.7038
1.693
1.6817
1.6698
1.6572
1.6439
1.6298
1.6148
1.599
1.5823
1.5646
1.5458
1.5261
1.5053
1.4835
1.4606
1.4368
1.412
1.3864
1.36
1.3329
1.3053
1.2772
1.2488
1.2202
1.1915
1.1629
1.1344
1.1061
1.0781
1.0506
1.0235
.9969
.9709
.9455
.9207
.8965
.873
.8502
.828
.8064
.7855
.7653
.7457
.7267
.7083
.6905
.6733
.6567
.6406
.625
.61
.5955
.5814
.5678
.5547
.542
.5297
.5178
.5063
.4952
.4845
.4741
.464
.4543
.4449
.4357
.4269
.4183
.4101
.402
.3942
.3867
.3794
.3723
.3654
.3587
.3522
.3459
.3398
.3339
.3281
.3225
.3171
.3118
.3066
.3016
.2968
.292
.2874
.2829
.2785
.2743
.2701
.2661
.2622
.2583
.2546
.2509
.2474
.2439
.2405
.2372
.234
.2308
.2277
.2247
.2218
.2189
.2161
.2134
.2107
.2081
.2055
.203
.2005
.1981
.1958
.1934
.1912
.189
.1868
.1847
.1826
.1806
.1786
.1766
.1747
.1728
.171
.1692
.1674
.1656
.1639
.1623
.1606
.159
.1574
.1558
.1543
.1528
.1513
.1499
.1485
.1471
.1457
.1443
.143
.1417
.1404
.1391
.1379
.1367
.1354
.1343
.1331
.1319
.1308
.1297
.1286
.1275
.1265
.1254
.1244
.1234
.1224
.1214
.1204
.1195
.1185
.1176
.1167
.1158
.1149
.114
.1132
.1123
.1115
.1106
.1098
.109
.1082
.1074
.1067
.1059
.1051
.1044
.1037
.1029
.1022
.1015
.1008
.1001
.0995
.0988
.0981
.0975
.0968
.0962
.0956
.0949
.0943
.0937
.0931
.0925
.0919
.0914
.0908
.0902
.0897
.0891
.0886
.088
.0875
.087
.0864
.0859
.0854
.0849
.0844
.0839
.0834
.083
.0825
.082
.0815
.0811
.0806
.0802
.0797
.0793
.0788
.0784
.078
.0776
.0771
.0767
.0763
.0759
.0755
.0751
.0747
.0743
.0739
.0735
.0732
.0728
.0724
.072
.0717
.0713
.0709
.0706
.0702
.0699
.0695
.0692
.0689
.0685
.0682
.0679
.0675
.0672
.0669
.0666
.0663
.066
.0656
.0653
.065
.0647
.0644
.0641
.0638
.0636
.0633
.063
.0627
.0624
.0621
.0619
.0616
.0613
.061
.0608
.0605
.0603
.06
.0597
.0595
.0592
.059
.0587
.0585
.0582
.058
.0577
.0575
.0573
.057
.0568
.0566
.0563
.0561
.0559
.0556
.0554
.0552
.055
.0548
.0545
.0543
.0541
.0539
.0537
.0535
.0533
.0531
.0529
.0527
.0525
.0523
.0521
.0519
.0517
.0515
.0513
.0511
.0509
.0507
.0505
.0503
.0502
.05
