4.1908
4.0238
3.8904
3.7807
3.6848
3.5955
3.5069
3.4149
3.3159
3.207
3.0866
2.9547
2.8143
2.6723
2.5388
2.4242
2.3346
2.2701
2.2257
2.1956
2.1747
2.1594
2.1476
2.1379
2.1295
2.122
2.115
2.1085
2.1022
2.0962
2.0903
2.0845
2.0789
2.0732
2.0677
2.0621
2.0565
2.051
2.0454
2.0397
2.034
2.0282
2.0223
2.0164
2.0103
2.0041
1.9978
1.9914
1.9848
1.978
1.9711
1.964
1.9568
1.9493
1.9416
1.9337
1.9255
1.9171
1.9084
1.8993
1.89
1.8802
1.8701
1.8595
1.8484
1.8368
1.8247
1.8118
1.7983
1.784
1.7688
1.7526
1.7354
1.717
1.6973
1.6762
1.6537
1.6296
1.6039
1.5764
1.5472
1.5163
1.4837
1.4496
1.4141
1.3773
1.3396
1.3011
1.2622
1.2231
1.184
1.1452
1.107
1.0694
1.0327
.9969
.9622
.9287
.8963
.8651
.8352
.8064
.7789
.7525
.7273
.7031
.6801
.658
.637
.6169
.5977
.5794
.5619
.5452
.5292
.5139
.4993
.4854
.472
.4592
.447
.4352
.424
.4132
.4029
.393
.3834
.3743
.3655
.3571
.3489
.3411
.3336
.3263
.3194
.3126
.3061
.2999
.2938
.288
.2823
.2769
.2716
.2665
.2616
.2568
.2522
.2477
.2434
.2392
.2351
.2311
.2273
.2236
.2199
.2164
.213
.2097
.2065
.2033
.2003
.1973
.1944
.1916
.1888
.1861
.1835
.181
.1785
.1761
.1737
.1714
.1692
.167
.1649
.1628
.1607
.1587
.1568
.1549
.153
.1512
.1494
.1476
.1459
.1442
.1426
.141
.1394
.1379
.1364
.1349
.1335
.132
.1306
.1293
.1279
.1266
.1253
.1241
.1228
.1216
.1204
.1192
.1181
.117
.1158
.1148
.1137
.1126
.1116
.1106
.1096
.1086
.1076
.1067
.1057
.1048
.1039
.103
.1021
.1013
.1004
.0996
.0988
.0979
.0971
.0964
.0956
.0948
.0941
.0933
.0926
.0919
.0912
.0905
.0898
.0891
.0884
.0878
.0871
.0865
.0859
.0852
.0846
.084
.0834
.0828
.0822
.0817
.0811
.0805
.08
.0794
.0789
.0784
.0779
.0773
.0768
.0763
.0758
.0753
.0748
.0744
.0739
.0734
.073
.0725
.072
.0716
.0712
.0707
.0703
.0699
.0694
.069
.0686
.0682
.0678
.0674
.067
.0666
.0662
.0658
.0655
.0651
.0647
.0644
.064
.0636
.0633
.0629
.0626
.0623
.0619
.0616
.0612
.0609
.0606
.0603
.06
.0596
.0593
.059
.0587
.0584
.0581
.0578
.0575
.0572
.0569
.0567
.0564
.0561
.0558
.0555
.0553
.055
.0547
.0545
.0542
.0539
.0537
.0534
.0532
.0529
.0527
.0524
.0522
.0519
.0517
.0515
.0512
.051
.0508
.0505
.0503
.0501
.0499
