5.1342
4.9581
4.7396
4.4854
4.2165
3.9607
3.7359
3.5447
3.3805
3.2354
3.1031
2.9798
2.8636
2.7546
2.6545
2.5661
2.492
2.433
2.3881
2.3545
2.329
2.3088
2.2918
2.2765
2.2621
2.2481
2.2342
2.2203
2.2063
2.1922
2.1781
2.1641
2.1501
2.1363
2.1228
2.1095
2.0965
2.0838
2.0715
2.0595
2.0478
2.0363
2.0251
2.0141
2.0032
1.9925
1.9818
1.9711
1.9605
1.9498
1.9391
1.9283
1.9174
1.9065
1.8954
1.8842
1.8728
1.8613
1.8496
1.8377
1.8255
1.8132
1.8005
1.7876
1.7743
1.7606
1.7466
1.732
1.717
1.7013
1.6851
1.6681
1.6504
1.6319
1.6125
1.5922
1.5708
1.5485
1.5251
1.5006
1.4751
1.4486
1.4211
1.3927
1.3636
1.3338
1.3035
1.2728
1.2419
1.2109
1.18
1.1493
1.119
1.089
1.0596
1.0307
1.0026
.9751
.9483
.9223
.897
.8726
.8489
.8259
.8038
.7824
.7617
.7417
.7225
.7039
.686
.6688
.6521
.6361
.6206
.6057
.5913
.5774
.564
.5511
.5386
.5266
.515
.5038
.493
.4825
.4724
.4626
.4532
.444
.4352
.4266
.4184
.4103
.4026
.395
.3877
.3806
.3738
.3671
.3607
.3544
.3483
.3424
.3366
.331
.3256
.3203
.3152
.3102
.3053
.3006
.296
.2915
.2871
.2828
.2787
.2746
.2707
.2668
.263
.2594
.2558
.2523
.2489
.2455
.2423
.2391
.236
.2329
.2299
.227
.2242
.2214
.2186
.216
.2133
.2108
.2083
.2058
.2034
.201
.1987
.1965
.1942
.192
.1899
.1878
.1858
.1837
.1817
.1798
.1779
.176
.1742
.1724
.1706
.1688
.1671
.1654
.1638
.1622
.1606
.159
.1574
.1559
.1544
.1529
.1515
.1501
.1487
.1473
.1459
.1446
.1433
.142
.1407
.1394
.1382
.137
.1358
.1346
.1334
.1322
.1311
.13
.1289
.1278
.1267
.1257
.1246
.1236
.1226
.1216
.1206
.1196
.1187
.1177
.1168
.1158
.1149
.114
.1131
.1123
.1114
.1105
.1097
.1089
.108
.1072
.1064
.1056
.1048
.1041
.1033
.1025
.1018
.101
.1003
.0996
.0989
.0982
.0975
.0968
.0961
.0954
.0947
.0941
.0934
.0928
.0921
.0915
.0909
.0903
.0896
.089
.0884
.0878
.0873
.0867
.0861
.0855
.085
.0844
.0838
.0833
.0828
.0822
.0817
.0812
.0806
.0801
.0796
.0791
.0786
.0781
.0776
.0771
.0766
.0762
.0757
.0752
.0748
.0743
.0738
.0734
.0729
.0725
.072
.0716
.0712
.0708
.0703
.0699
.0695
.0691
.0687
.0683
.0678
.0674
.0671
.0667
.0663
.0659
.0655
.0651
.0647
.0644
.064
.0636
.0633
.0629
.0625
.0622
.0618
.0615
.0611
.0608
.0605
.0601
.0598
.0594
.0591
.0588
.0585
.0581
.0578
.0575
.0572
.0569
.0566
.0563
.0559
.0556
.0553
.055
.0547
.0545
.0542
.0539
.0536
.0533
.053
.0527
.0525
.0522
.0519
.0516
.0514
.0511
.0508
.0506
.0503
.05
.0498
