4.7258
4.449
4.1368
3.8166
3.514
3.2419
3.0032
2.7994
2.6334
2.5076
2.4207
2.3658
2.3335
2.3151
2.3045
2.298
2.2934
2.2897
2.2862
2.2827
2.2791
2.2752
2.271
2.2665
2.2617
2.2565
2.251
2.2451
2.2388
2.2322
2.2251
2.2176
2.2096
2.2013
2.1925
2.1833
2.1737
2.1638
2.1535
2.143
2.1323
2.1214
2.1103
2.0993
2.0882
2.0772
2.0663
2.0556
2.045
2.0348
2.0248
2.0151
2.0057
1.9966
1.9878
1.9793
1.9712
1.9633
1.9557
1.9484
1.9414
1.9345
1.9279
1.9215
1.9152
1.9091
1.9032
1.8973
1.8915
1.8858
1.8802
1.8746
1.869
1.8634
1.8578
1.8521
1.8463
1.8404
1.8344
1.8283
1.8219
1.8153
1.8084
1.8011
1.7935
1.7855
1.777
1.7679
1.7581
1.7476
1.7363
1.7241
1.7108
1.6964
1.6807
1.6636
1.645
1.6248
1.603
1.5794
1.554
1.5269
1.4981
1.4678
1.4361
1.4033
1.3695
1.3351
1.3003
1.2653
1.2305
1.196
1.1619
1.1285
1.0958
1.0639
1.0329
1.0028
.9737
.9455
.9183
.892
.8667
.8422
.8187
.796
.7741
.7531
.7328
.7133
.6945
.6764
.659
.6422
.6261
.6105
.5955
.5811
.5672
.5538
.5408
.5284
.5163
.5047
.4935
.4827
.4722
.4621
.4524
.443
.4339
.425
.4165
.4083
.4003
.3926
.3851
.3778
.3708
.364
.3574
.351
.3448
.3387
.3329
.3272
.3217
.3163
.3111
.306
.3011
.2963
.2916
.2871
.2827
.2784
.2742
.2701
.2661
.2623
.2585
.2548
.2512
.2477
.2443
.241
.2377
.2345
.2314
.2284
.2254
.2225
.2197
.2169
.2142
.2116
.209
.2065
.204
.2016
.1992
.1969
.1946
.1924
.1902
.1881
.186
.1839
.1819
.1799
.178
.1761
.1742
.1724
.1706
.1689
.1671
.1654
.1638
.1621
.1605
.159
.1574
.1559
.1544
.1529
.1515
.1501
.1487
.1473
.146
.1447
.1434
.1421
.1408
.1396
.1384
.1372
.136
.1348
.1337
.1326
.1314
.1304
.1293
.1282
.1272
.1262
.1251
.1241
.1232
.1222
.1212
.1203
.1194
.1185
.1176
.1167
.1158
.1149
.1141
.1132
.1124
.1116
.1108
.11
.1092
.1084
.1077
.1069
.1062
.1054
.1047
.104
.1033
.1026
.1019
.1012
.1006
.0999
.0992
.0986
.0979
.0973
.0967
.0961
.0955
.0949
.0943
.0937
.0931
.0925
.092
.0914
.0908
.0903
.0897
.0892
.0887
.0882
.0876
.0871
.0866
.0861
.0856
.0851
.0846
.0842
.0837
.0832
.0827
.0823
.0818
.0814
.0809
.0805
.0801
.0796
.0792
.0788
.0784
.0779
.0775
.0771
.0767
.0763
.0759
.0755
.0751
.0748
.0744
.074
.0736
.0733
.0729
.0725
.0722
.0718
.0715
.0711
.0708
.0704
.0701
.0697
.0694
.0691
.0688
.0684
.0681
.0678
.0675
.0672
.0669
.0665
.0662
.0659
.0656
.0653
.065
.0648
.0645
.0642
.0639
.0636
.0633
.0631
.0628
.0625
.0622
.062
.0617
.0614
.0612
.0609
.0607
.0604
.0601
.0599
.0596
.0594
.0591
.0589
.0587
.0584
.0582
.0579
.0577
.0575
.0573
.057
.0568
.0566
.0563
.0561
.0559
.0557
.0555
.0553
.055
.0548
.0546
.0544
.0542
.054
.0538
.0536
.0534
.0532
.053
.0528
.0526
.0524
.0522
.052
.0518
.0516
.0514
.0512
.0511
.0509
.0507
.0505
.0503
.0502
.05
