4.1675
3.9732
3.8007
3.6425
3.4902
3.3365
3.1764
3.0081
2.8343
2.6643
2.5126
2.3928
2.3094
2.2567
2.2245
2.2044
2.1908
2.1809
2.1729
2.1661
2.1599
2.1541
2.1486
2.1433
2.1381
2.133
2.128
2.1231
2.1183
2.1135
2.1088
2.1042
2.0996
2.0951
2.0906
2.0862
2.0819
2.0777
2.0735
2.0694
2.0654
2.0614
2.0575
2.0537
2.05
2.0463
2.0426
2.039
2.0355
2.0321
2.0286
2.0253
2.0219
2.0186
2.0153
2.0121
2.0088
2.0056
2.0024
1.9991
1.9959
1.9926
1.9893
1.986
1.9826
1.9792
1.9757
1.9722
1.9686
1.9649
1.9611
1.9572
1.9532
1.9491
1.9449
1.9405
1.936
1.9313
1.9264
1.9213
1.9161
1.9107
1.905
1.8992
1.8931
1.8867
1.8801
1.8733
1.8661
1.8586
1.8509
1.8427
1.8342
1.8253
1.816
1.8062
1.7958
1.7848
1.7731
1.7607
1.7474
1.7331
1.7176
1.7007
1.6824
1.6623
1.6401
1.6156
1.5884
1.5583
1.5249
1.4879
1.4472
1.4028
1.3547
1.3035
1.2498
1.1944
1.1385
1.083
1.029
.977
.9278
.8816
.8385
.7985
.7615
.7274
.6958
.6667
.6398
.6149
.5918
.5703
.5502
.5315
.5141
.4977
.4823
.4678
.4541
.4412
.429
.4174
.4064
.396
.386
.3766
.3675
.3589
.3507
.3428
.3352
.328
.3211
.3144
.3081
.3019
.296
.2904
.2849
.2797
.2746
.2697
.265
.2605
.2561
.2519
.2478
.2439
.24
.2364
.2328
.2293
.226
.2227
.2196
.2166
.2136
.2107
.208
.2053
.2026
.2001
.1976
.1952
.1929
.1906
.1884
.1862
.1841
.182
.18
.1781
.1762
.1743
.1725
.1708
.169
.1673
.1657
.1641
.1625
.161
.1595
.158
.1566
.1552
.1538
.1524
.1511
.1498
.1485
.1473
.1461
.1449
.1437
.1425
.1414
.1403
.1392
.1381
.1371
.1361
.135
.134
.1331
.1321
.1312
.1302
.1293
.1284
.1275
.1266
.1258
.1249
.1241
.1233
.1225
.1217
.1209
.1201
.1194
.1186
.1179
.1172
.1165
.1157
.1151
.1144
.1137
.113
.1124
.1117
.1111
.1104
.1098
.1092
.1086
.108
.1074
.1068
.1062
.1056
.1051
.1045
.104
.1034
.1029
.1024
.1018
.1013
.1008
.1003
.0998
.0993
.0988
.0983
.0978
.0973
.0969
.0964
.096
.0955
.095
.0946
.0942
.0937
.0933
.0929
.0924
.092
.0916
.0912
.0908
.0904
.09
.0896
.0892
.0888
.0884
.088
.0877
.0873
.0869
.0866
.0862
.0858
.0855
.0851
.0848
.0844
.0841
.0837
.0834
.0831
.0827
.0824
.0821
.0818
.0814
.0811
.0808
.0805
.0802
.0799
.0796
.0793
.079
.0787
.0784
.0781
.0778
.0775
.0772
.0769
.0766
.0764
.0761
.0758
.0755
.0753
.075
.0747
.0745
.0742
.0739
.0737
.0734
.0732
.0729
.0727
.0724
.0722
.0719
.0717
.0714
.0712
.0709
.0707
.0705
.0702
.07
.0698
.0695
.0693
.0691
.0689
.0686
.0684
.0682
.068
.0678
.0675
.0673
.0671
.0669
.0667
.0665
.0663
.0661
.0659
.0657
.0655
.0653
.0651
.0649
.0647
.0645
.0643
.0641
.0639
.0637
.0635
.0633
.0631
.0629
.0628
.0626
.0624
.0622
.062
.0618
.0617
.0615
.0613
.0611
.061
.0608
.0606
.0604
.0603
.0601
.0599
.0598
.0596
.0594
.0593
.0591
.0589
.0588
.0586
.0585
.0583
.0581
.058
.0578
.0577
.0575
.0574
.0572
.057
.0569
.0567
.0566
.0564
.0563
.0561
.056
.0559
.0557
.0556
.0554
.0553
.0551
.055
.0549
.0547
.0546
.0544
.0543
.0542
.054
.0539
.0538
.0536
.0535
.0534
.0532
.0531
.053
.0528
.0527
.0526
.0524
.0523
.0522
.0521
.0519
.0518
.0517
.0516
.0514
.0513
.0512
.0511
.0509
.0508
.0507
.0506
.0505
.0503
.0502
.0501
.05
