4.0314
3.8947
3.7701
3.65
3.5277
3.3972
3.2537
3.0945
2.9207
2.7403
2.569
2.4255
2.3208
2.2523
2.2094
2.1817
2.1625
2.148
2.1362
2.126
2.117
2.1087
2.1011
2.094
2.0873
2.081
2.0751
2.0695
2.0641
2.0591
2.0542
2.0496
2.0451
2.0408
2.0366
2.0326
2.0286
2.0247
2.0209
2.0171
2.0134
2.0096
2.0058
2.0021
1.9982
1.9944
1.9905
1.9865
1.9824
1.9782
1.9739
1.9694
1.9648
1.9601
1.9552
1.9502
1.945
1.9395
1.9339
1.9281
1.9221
1.9159
1.9094
1.9028
1.896
1.8889
1.8817
1.8743
1.8667
1.8589
1.8509
1.8428
1.8345
1.8261
1.8175
1.8088
1.8
1.791
1.7818
1.7725
1.763
1.7533
1.7434
1.7331
1.7226
1.7117
1.7004
1.6886
1.6762
1.6631
1.6492
1.6344
1.6185
1.6014
1.5828
1.5625
1.5402
1.5158
1.4889
1.4593
1.4267
1.391
1.3521
1.3101
1.2651
1.2176
1.1683
1.1179
1.0672
1.017
.968
.9208
.8758
.8332
.7932
.7557
.7207
.6881
.6578
.6296
.6033
.5788
.556
.5347
.5148
.4962
.4788
.4625
.4471
.4327
.4192
.4064
.3943
.3829
.3722
.362
.3523
.3432
.3345
.3262
.3183
.3108
.3037
.2968
.2903
.2841
.2781
.2724
.267
.2617
.2567
.2518
.2472
.2427
.2384
.2342
.2302
.2264
.2227
.2191
.2156
.2122
.209
.2058
.2028
.1999
.197
.1942
.1915
.1889
.1864
.1839
.1815
.1792
.1769
.1747
.1726
.1705
.1684
.1665
.1645
.1626
.1608
.159
.1572
.1555
.1538
.1522
.1506
.1491
.1475
.146
.1446
.1431
.1417
.1404
.139
.1377
.1364
.1351
.1339
.1327
.1315
.1303
.1292
.128
.1269
.1258
.1248
.1237
.1227
.1217
.1207
.1197
.1187
.1178
.1169
.116
.1151
.1142
.1133
.1124
.1116
.1108
.11
.1091
.1084
.1076
.1068
.106
.1053
.1046
.1038
.1031
.1024
.1017
.101
.1004
.0997
.099
.0984
.0978
.0971
.0965
.0959
.0953
.0947
.0941
.0935
.0929
.0924
.0918
.0913
.0907
.0902
.0896
.0891
.0886
.0881
.0876
.0871
.0866
.0861
.0856
.0851
.0846
.0842
.0837
.0832
.0828
.0823
.0819
.0815
.081
.0806
.0802
.0797
.0793
.0789
.0785
.0781
.0777
.0773
.0769
.0765
.0762
.0758
.0754
.075
.0747
.0743
.0739
.0736
.0732
.0729
.0725
.0722
.0719
.0715
.0712
.0709
.0705
.0702
.0699
.0696
.0692
.0689
.0686
.0683
.068
.0677
.0674
.0671
.0668
.0665
.0662
.066
.0657
.0654
.0651
.0648
.0646
.0643
.064
.0638
.0635
.0632
.063
.0627
.0624
.0622
.0619
.0617
.0614
.0612
.061
.0607
.0605
.0602
.06
.0598
.0595
.0593
.0591
.0588
.0586
.0584
.0582
.0579
.0577
.0575
.0573
.0571
.0569
.0567
.0564
.0562
.056
.0558
.0556
.0554
.0552
.055
.0548
.0546
.0544
.0542
.054
.0539
.0537
.0535
.0533
.0531
.0529
.0527
.0526
.0524
.0522
.052
.0518
.0517
.0515
.0513
.0511
.051
.0508
.0506
.0505
.0503
.0501
.05
