4.0492
3.8746
3.7249
3.5915
3.4671
3.3467
3.2274
3.1083
2.99
2.8746
2.7649
2.664
2.5748
2.4987
2.436
2.3854
2.3449
2.3123
2.2854
2.2627
2.243
2.2254
2.2094
2.1947
2.1811
2.1683
2.1564
2.1452
2.1347
2.1249
2.1156
2.1069
2.0986
2.0908
2.0834
2.0763
2.0696
2.0632
2.057
2.0511
2.0454
2.0399
2.0345
2.0293
2.0242
2.0193
2.0145
2.0098
2.0052
2.0006
1.9962
1.9919
1.9876
1.9835
1.9794
1.9754
1.9715
1.9677
1.964
1.9604
1.9569
1.9535
1.9501
1.9469
1.9438
1.9407
1.9378
1.9349
1.9322
1.9295
1.927
1.9245
1.9221
1.9198
1.9176
1.9155
1.9134
1.9114
1.9095
1.9077
1.9059
1.9042
1.9025
1.9009
1.8994
1.8979
1.8965
1.8951
1.8938
1.8925
1.8913
1.89
1.8889
1.8877
1.8866
1.8856
1.8845
1.8835
1.8825
1.8816
1.8806
1.8797
1.8788
1.8779
1.8771
1.8762
1.8754
1.8746
1.8738
1.873
1.8722
1.8714
1.8707
1.8699
1.8691
1.8684
1.8676
1.8669
1.8662
1.8655
1.8647
1.864
1.8633
1.8626
1.8619
1.8611
1.8604
1.8597
1.859
1.8583
1.8576
1.8569
1.8562
1.8555
1.8547
1.854
1.8533
1.8526
1.8518
1.8511
1.8504
1.8496
1.8488
1.8481
1.8473
1.8465
1.8457
1.8449
1.844
1.8432
1.8423
1.8414
1.8405
1.8395
1.8385
1.8375
1.8364
1.8353
1.8341
1.8328
1.8315
1.8301
1.8287
1.8271
1.8254
1.8236
1.8216
1.8195
1.8171
1.8146
1.8118
1.8087
1.8052
1.8013
1.797
1.7921
1.7866
1.7803
1.773
1.7647
1.755
1.7438
1.7306
1.7152
1.6969
1.6752
1.6495
1.6189
1.5827
1.5399
1.4899
1.4324
1.3675
1.2962
1.2203
1.1421
1.0641
.9887
.9174
.8512
.7906
.7356
.686
.6415
.6014
.5654
.5331
.5039
.4776
.4537
.432
.4123
.3943
.3777
.3625
.3485
.3355
.3235
.3123
.3019
.2922
.2832
.2746
.2667
.2591
.2521
.2454
.239
.2331
.2274
.222
.2169
.212
.2073
.2029
.1987
.1946
.1908
.1871
.1835
.1801
.1768
.1737
.1707
.1677
.1649
.1622
.1596
.1571
.1547
.1523
.1501
.1479
.1458
.1437
.1417
.1398
.1379
.1361
.1344
.1326
.131
.1294
.1278
.1263
.1248
.1233
.1219
.1206
.1192
.1179
.1167
.1154
.1142
.113
.1119
.1108
.1097
.1086
.1076
.1065
.1055
.1045
.1036
.1026
.1017
.1008
.1
.0991
.0982
.0974
.0966
.0958
.095
.0943
.0935
.0928
.0921
.0913
.0906
.09
.0893
.0886
.088
.0873
.0867
.0861
.0855
.0849
.0843
.0837
.0832
.0826
.0821
.0815
.081
.0805
.08
.0795
.079
.0785
.078
.0775
.077
.0766
.0761
.0757
.0752
.0748
.0744
.0739
.0735
.0731
.0727
.0723
.0719
.0715
.0711
.0707
.0704
.07
.0696
.0693
.0689
.0685
.0682
.0678
.0675
.0672
.0668
.0665
.0662
.0659
.0655
.0652
.0649
.0646
.0643
.064
.0637
.0634
.0631
.0629
.0626
.0623
.062
.0617
.0615
.0612
.0609
.0607
.0604
.0602
.0599
.0596
.0594
.0591
.0589
.0587
.0584
.0582
.0579
.0577
.0575
.0573
.057
.0568
.0566
.0564
.0561
.0559
.0557
.0555
.0553
.0551
.0549
.0547
.0545
.0543
.0541
.0539
.0537
.0535
.0533
.0531
.0529
.0527
.0525
.0524
.0522
.052
.0518
.0516
.0515
.0513
.0511
.0509
.0508
.0506
.0504
.0503
.0501
.0499
