4.3235
4.1
3.8978
3.7164
3.5506
3.3946
3.2437
3.0953
2.9493
2.8076
2.6747
2.5566
2.4588
2.3835
2.3288
2.2901
2.2622
2.2409
2.2235
2.2082
2.1941
2.1805
2.1672
2.1541
2.141
2.1279
2.1148
2.1018
2.0889
2.076
2.0634
2.0509
2.0386
2.0266
2.0148
2.0034
1.9922
1.9814
1.9709
1.9607
1.9508
1.9412
1.9318
1.9228
1.914
1.9055
1.8972
1.8891
1.8812
1.8735
1.8659
1.8585
1.8511
1.8439
1.8368
1.8297
1.8227
1.8156
1.8086
1.8015
1.7944
1.7872
1.7799
1.7724
1.7648
1.7569
1.7488
1.7404
1.7316
1.7224
1.7127
1.7024
1.6914
1.6796
1.667
1.6533
1.6385
1.6222
1.6045
1.585
1.5635
1.5399
1.5139
1.4853
1.4541
1.4203
1.3838
1.345
1.3041
1.2616
1.218
1.1739
1.1298
1.0861
1.0434
1.002
.9621
.9238
.8872
.8525
.8195
.7882
.7586
.7306
.7041
.679
.6553
.6329
.6116
.5915
.5724
.5543
.5371
.5208
.5053
.4906
.4765
.4631
.4504
.4382
.4266
.4155
.4049
.3947
.385
.3757
.3667
.3582
.3499
.342
.3344
.3271
.3201
.3133
.3068
.3006
.2945
.2887
.283
.2776
.2723
.2672
.2623
.2576
.253
.2485
.2442
.24
.2359
.232
.2282
.2245
.2209
.2174
.214
.2107
.2075
.2044
.2013
.1984
.1955
.1927
.19
.1873
.1847
.1822
.1798
.1774
.175
.1727
.1705
.1683
.1662
.1641
.1621
.1601
.1582
.1563
.1544
.1526
.1508
.1491
.1474
.1457
.1441
.1425
.1409
.1394
.1379
.1364
.135
.1335
.1322
.1308
.1295
.1282
.1269
.1256
.1244
.1232
.122
.1208
.1196
.1185
.1174
.1163
.1152
.1142
.1131
.1121
.1111
.1101
.1092
.1082
.1073
.1064
.1055
.1046
.1037
.1028
.102
.1011
.1003
.0995
.0987
.0979
.0971
.0964
.0956
.0949
.0941
.0934
.0927
.092
.0913
.0906
.09
.0893
.0887
.088
.0874
.0867
.0861
.0855
.0849
.0843
.0837
.0832
.0826
.082
.0815
.0809
.0804
.0798
.0793
.0788
.0783
.0778
.0773
.0768
.0763
.0758
.0753
.0749
.0744
.0739
.0735
.073
.0726
.0721
.0717
.0713
.0708
.0704
.07
.0696
.0692
.0688
.0684
.068
.0676
.0672
.0668
.0665
.0661
.0657
.0654
.065
.0646
.0643
.0639
.0636
.0633
.0629
.0626
.0622
.0619
.0616
.0613
.061
.0606
.0603
.06
.0597
.0594
.0591
.0588
.0585
.0582
.0579
.0576
.0574
.0571
.0568
.0565
.0563
.056
.0557
.0554
.0552
.0549
.0547
.0544
.0542
.0539
.0537
.0534
.0532
.0529
.0527
.0524
.0522
.052
.0517
.0515
.0513
.051
.0508
.0506
.0504
.0502
.0499
