4.6704
4.4481
4.255
4.1024
3.9856
3.8943
3.8193
3.7535
3.6924
3.6324
3.571
3.5058
3.4351
3.3569
3.2696
3.1721
3.0641
2.9464
2.8226
2.6985
2.5823
2.4821
2.4032
2.3458
2.3065
2.2803
2.2626
2.2504
2.2414
2.2343
2.2285
2.2233
2.2186
2.2141
2.2097
2.2053
2.2009
2.1965
2.1919
2.1872
2.1823
2.1773
2.1719
2.1664
2.1605
2.1543
2.1477
2.1408
2.1334
2.1256
2.1174
2.1088
2.0997
2.0901
2.0801
2.0697
2.059
2.0479
2.0364
2.0248
2.0129
2.0009
1.9888
1.9766
1.9645
1.9525
1.9406
1.9288
1.9173
1.9059
1.8949
1.884
1.8735
1.8632
1.8531
1.8433
1.8338
1.8244
1.8153
1.8064
1.7976
1.7889
1.7804
1.7719
1.7635
1.755
1.7465
1.7379
1.7292
1.7203
1.7111
1.7015
1.6915
1.681
1.6698
1.6577
1.6447
1.6305
1.6148
1.5973
1.5778
1.5557
1.5306
1.502
1.4694
1.4323
1.3903
1.3433
1.2915
1.2353
1.1757
1.1141
1.0518
.9902
.9305
.8735
.8199
.7698
.7234
.6806
.6412
.6052
.5721
.5418
.514
.4885
.4651
.4436
.4238
.4055
.3885
.3729
.3583
.3448
.3321
.3204
.3094
.299
.2894
.2803
.2717
.2636
.256
.2488
.242
.2355
.2293
.2235
.2179
.2126
.2076
.2027
.1981
.1937
.1895
.1854
.1815
.1778
.1742
.1708
.1675
.1643
.1612
.1582
.1554
.1526
.1499
.1473
.1448
.1424
.1401
.1378
.1356
.1335
.1314
.1294
.1275
.1256
.1238
.122
.1203
.1186
.1169
.1153
.1138
.1123
.1108
.1093
.1079
.1066
.1052
.1039
.1026
.1014
.1002
.099
.0978
.0967
.0956
.0945
.0934
.0924
.0914
.0904
.0894
.0885
.0875
.0866
.0857
.0848
.084
.0831
.0823
.0815
.0807
.0799
.0792
.0784
.0777
.0769
.0762
.0755
.0748
.0742
.0735
.0728
.0722
.0716
.0709
.0703
.0697
.0691
.0686
.068
.0674
.0669
.0663
.0658
.0653
.0648
.0642
.0637
.0632
.0628
.0623
.0618
.0613
.0609
.0604
.06
.0595
.0591
.0587
.0582
.0578
.0574
.057
.0566
.0562
.0558
.0554
.0551
.0547
.0543
.054
.0536
.0532
.0529
.0526
.0522
.0519
.0515
.0512
.0509
.0506
.0503
.0499
