3.9979
3.7012
3.4333
3.2065
3.0205
2.8696
2.7483
2.6526
2.5798
2.5269
2.4905
2.4668
2.452
2.4431
2.4377
2.4344
2.432
2.4301
2.4282
2.4262
2.4239
2.4212
2.4181
2.4146
2.4107
2.4063
2.4013
2.3959
2.3899
2.3833
2.3761
2.3682
2.3596
2.3502
2.3402
2.3294
2.3179
2.3057
2.2929
2.2796
2.2659
2.252
2.238
2.2241
2.2104
2.1971
2.1844
2.1722
2.1606
2.1498
2.1397
2.1304
2.1217
2.1136
2.1062
2.0993
2.0929
2.087
2.0815
2.0764
2.0716
2.0671
2.0629
2.0589
2.0551
2.0516
2.0482
2.045
2.0419
2.0389
2.0361
2.0334
2.0308
2.0283
2.0259
2.0236
2.0213
2.0191
2.017
2.015
2.013
2.0111
2.0092
2.0074
2.0056
2.0039
2.0022
2.0006
1.999
1.9974
1.9959
1.9945
1.993
1.9916
1.9902
1.9889
1.9876
1.9863
1.985
1.9838
1.9826
1.9814
1.9803
1.9791
1.978
1.9769
1.9759
1.9748
1.9738
1.9728
1.9718
1.9708
1.9698
1.9689
1.968
1.9671
1.9662
1.9653
1.9644
1.9636
1.9627
1.9619
1.9611
1.9603
1.9595
1.9587
1.958
1.9572
1.9565
1.9558
1.955
1.9543
1.9536
1.9529
1.9523
1.9516
1.9509
1.9503
1.9497
1.949
1.9484
1.9478
1.9472
1.9466
1.946
1.9454
1.9448
1.9443
1.9437
1.9431
1.9426
1.9421
1.9415
1.941
1.9405
1.94
1.9394
1.9389
1.9384
1.938
1.9375
1.937
1.9365
1.936
1.9356
1.9351
1.9347
1.9342
1.9338
1.9333
1.9329
1.9325
1.9321
1.9316
1.9312
1.9308
1.9304
1.93
1.9296
1.9292
1.9288
1.9284
1.928
1.9277
1.9273
1.9269
1.9265
1.9262
1.9258
1.9254
1.9251
1.9247
1.9244
1.924
1.9237
1.9234
1.923
1.9227
1.9224
1.922
1.9217
1.9214
1.9211
1.9207
1.9204
1.9201
1.9198
1.9195
1.9192
1.9189
1.9186
1.9183
1.918
1.9177
1.9174
1.9171
1.9168
1.9165
1.9163
1.916
1.9157
1.9154
1.9151
1.9149
1.9146
1.9143
1.9141
1.9138
1.9135
1.9133
1.913
1.9127
1.9125
1.9122
1.912
1.9117
1.9114
1.9112
1.9109
1.9107
1.9104
1.9102
1.9099
1.9097
1.9094
1.9092
1.9089
1.9087
1.9085
1.9082
1.908
1.9077
1.9075
1.9072
1.907
1.9068
1.9065
1.9063
1.906
1.9058
1.9056
1.9053
1.9051
1.9049
1.9046
1.9044
1.9041
1.9039
1.9037
1.9034
1.9032
1.9029
1.9027
1.9024
1.9022
1.9019
1.9017
1.9014
1.9012
1.9009
1.9007
1.9004
1.9002
1.8999
1.8996
1.8994
1.8991
1.8988
1.8986
1.8983
1.898
1.8977
1.8974
1.8971
1.8968
1.8965
1.8962
1.8959
1.8956
1.8952
1.8949
1.8946
1.8942
1.8938
1.8935
1.8931
1.8927
1.8923
1.8919
1.8914
1.891
1.8905
1.89
1.8895
1.889
1.8885
1.8879
1.8873
1.8867
1.886
1.8853
1.8846
1.8839
1.8831
1.8822
1.8813
1.8803
1.8793
1.8782
1.877
1.8758
1.8744
1.873
1.8714
1.8697
1.8678
1.8658
1.8636
1.8612
1.8586
1.8557
1.8525
1.8489
1.845
1.8406
1.8356
1.8301
1.8239
1.8169
1.809
1.8
1.7897
1.778
1.7646
1.7493
1.7318
1.7117
1.6889
1.6628
1.6334
1.6003
1.5636
1.5233
1.4796
1.4331
1.3842
1.3337
1.2822
1.2305
1.1792
1.1287
1.0797
1.0322
.9867
.9433
.9019
.8628
.8258
.7909
.758
.7272
.6982
.671
.6455
.6216
.5991
.5781
.5583
.5397
.5223
.5059
.4904
.4759
.4622
.4492
.4369
.4253
.4144
.4039
.3941
.3847
.3757
.3672
.3591
.3514
.344
.3369
.3302
.3237
.3175
.3116
.3059
.3004
.2951
.29
.2851
.2804
.2759
.2715
.2673
.2632
.2593
.2554
.2517
.2482
.2447
.2413
.2381
.2349
.2318
.2289
.226
.2232
.2204
.2177
.2152
.2126
.2102
.2078
.2054
.2031
.2009
.1988
.1966
.1946
.1925
.1906
.1886
.1868
.1849
.1831
.1813
.1796
.1779
.1763
.1746
.173
.1715
.17
.1685
.167
.1656
.1641
.1628
.1614
.1601
.1587
.1575
.1562
.1549
.1537
.1525
.1513
.1502
.149
.1479
.1468
.1457
.1447
.1436
.1426
.1416
.1406
.1396
.1386
.1376
.1367
.1358
.1349
.1339
.1331
.1322
.1313
.1305
.1296
.1288
.128
.1272
.1264
.1256
.1248
.1241
.1233
.1226
.1218
.1211
.1204
.1197
.119
.1183
.1176
.1169
.1163
.1156
.115
.1143
.1137
.1131
.1125
.1118
.1112
.1106
.1101
.1095
.1089
.1083
.1078
.1072
.1066
.1061
.1056
.105
.1045
.104
.1035
.1029
.1024
.1019
.1014
.101
.1005
.1
.0995
.099
.0986
.0981
.0976
.0972
.0967
.0963
.0959
.0954
.095
.0946
.0941
.0937
.0933
.0929
.0925
.0921
.0917
.0913
.0909
.0905
.0901
.0897
.0893
.089
.0886
.0882
.0879
.0875
.0871
.0868
.0864
.0861
.0857
.0854
.085
.0847
.0843
.084
.0837
.0833
.083
.0827
.0824
.0821
.0817
.0814
.0811
.0808
.0805
.0802
.0799
.0796
.0793
.079
.0787
.0784
.0781
.0778
.0776
.0773
.077
.0767
.0764
.0762
.0759
.0756
.0754
.0751
.0748
.0746
.0743
.074
.0738
.0735
.0733
.073
.0728
.0725
.0723
.072
.0718
.0716
.0713
.0711
.0708
.0706
.0704
.0702
.0699
.0697
.0695
.0692
.069
.0688
.0686
.0684
.0681
.0679
.0677
.0675
.0673
.0671
.0669
.0666
.0664
.0662
.066
.0658
.0656
.0654
.0652
.065
.0648
.0646
.0644
.0642
.064
.0639
.0637
.0635
.0633
.0631
.0629
.0627
.0625
.0624
.0622
.062
.0618
.0616
.0615
.0613
.0611
.0609
.0608
.0606
.0604
.0603
.0601
.0599
.0597
.0596
.0594
.0593
.0591
.0589
.0588
.0586
.0584
.0583
.0581
.058
.0578
.0577
.0575
.0573
.0572
.057
.0569
.0567
.0566
.0564
.0563
.0561
.056
.0558
.0557
.0556
.0554
.0553
.0551
.055
.0548
.0547
.0546
.0544
.0543
.0541
.054
.0539
.0537
.0536
.0535
.0533
.0532
.0531
.0529
.0528
.0527
.0525
.0524
.0523
.0522
.052
.0519
.0518
.0517
.0515
.0514
.0513
.0512
.051
.0509
.0508
.0507
.0506
.0504
.0503
.0502
.0501
.05
