4.0348
3.8499
3.6997
3.5744
3.4646
3.3634
3.2661
3.1698
3.0733
2.9765
2.8805
2.7877
2.7011
2.6238
2.5581
2.5049
2.4635
2.4322
2.4088
2.3911
2.3775
2.3668
2.3578
2.3502
2.3434
2.3372
2.3313
2.3258
2.3204
2.3151
2.31
2.3048
2.2998
2.2948
2.2897
2.2847
2.2798
2.2748
2.2698
2.2649
2.2599
2.255
2.2501
2.2452
2.2403
2.2355
2.2306
2.2258
2.221
2.2162
2.2115
2.2067
2.202
2.1973
2.1926
2.1879
2.1832
2.1785
2.1737
2.1689
2.164
2.159
2.1539
2.1486
2.1431
2.1374
2.1314
2.1251
2.1185
2.1114
2.1038
2.0957
2.087
2.0776
2.0674
2.0565
2.0446
2.0318
2.018
2.0031
1.987
1.9698
1.9515
1.932
1.9113
1.8896
1.8668
1.8431
1.8185
1.7932
1.7673
1.7409
1.714
1.6868
1.6593
1.6317
1.604
1.5763
1.5486
1.521
1.4936
1.4663
1.4393
1.4125
1.386
1.3598
1.3339
1.3084
1.2833
1.2586
1.2344
1.2105
1.1872
1.1643
1.1419
1.1201
1.0987
1.0779
1.0576
1.0378
1.0185
.9998
.9816
.9639
.9467
.9301
.9139
.8983
.8831
.8684
.8542
.8404
.8271
.8142
.8017
.7896
.7779
.7666
.7557
.7451
.7349
.725
.7154
.7062
.6972
.6885
.6801
.672
.6641
.6565
.6491
.642
.6351
.6283
.6218
.6155
.6094
.6034
.5977
.5921
.5867
.5814
.5763
.5713
.5664
.5617
.5572
.5527
.5484
.5442
.5401
.5361
.5322
.5284
.5248
.5212
.5177
.5143
.5109
.5077
.5045
.5014
.4984
.4955
.4926
.4898
.4871
.4844
.4818
.4792
.4767
.4743
.4719
.4695
.4672
.465
.4628
.4606
.4585
.4565
.4545
.4525
.4506
.4487
.4468
.445
.4432
.4414
.4397
.438
.4364
.4347
.4331
.4316
.43
.4285
.427
.4256
.4241
.4227
.4214
.42
.4187
.4173
.4161
.4148
.4135
.4123
.4111
.4099
.4088
.4076
.4065
.4054
.4043
.4032
.4021
.4011
.4
.399
.398
.397
.3961
.3951
.3942
.3932
.3923
.3914
.3905
.3897
.3888
.3879
.3871
.3863
.3855
.3847
.3839
.3831
.3823
.3815
.3808
.38
.3793
.3786
.3779
.3772
.3765
.3758
.3751
.3744
.3738
.3731
.3725
.3718
.3712
.3706
.3699
.3693
.3687
.3681
.3675
.367
.3664
.3658
.3653
.3647
.3642
.3636
.3631
.3626
.362
.3615
.361
.3605
.36
.3595
.359
.3585
.358
.3576
.3571
.3566
.3562
.3557
.3553
.3548
.3544
.3539
.3535
.3531
.3526
.3522
.3518
.3514
.351
.3506
.3502
.3498
.3494
.349
.3486
.3482
.3479
.3475
.3471
.3467
.3464
.346
.3457
.3453
.345
.3446
.3443
.3439
.3436
.3433
.3429
.3426
.3423
.3419
.3416
.3413
.341
.3407
.3404
.3401
.3398
.3395
.3392
.3389
.3386
.3383
.338
.3377
.3374
.3371
.3369
.3366
.3363
.336
.3358
.3355
.3352
.335
.3347
.3344
.3342
.3339
.3337
.3334
.3332
.3329
.3327
.3324
.3322
.3319
.3317
.3315
.3312
.331
.3308
.3305
.3303
.3301
