4.6316
4.3835
4.1494
3.9487
3.7836
3.6458
3.5253
3.4141
3.3066
3.199
3.0894
2.9773
2.8641
2.7533
2.6496
2.5579
2.4816
2.4213
2.3751
2.3399
2.3124
2.2901
2.2712
2.2545
2.2392
2.225
2.2114
2.1984
2.1858
2.1735
2.1616
2.1499
2.1384
2.1272
2.1161
2.1052
2.0945
2.0839
2.0734
2.063
2.0527
2.0424
2.0321
2.0217
2.0113
2.0007
1.9899
1.9789
1.9674
1.9555
1.9429
1.9297
1.9155
1.9002
1.8837
1.8656
1.8456
1.8234
1.7986
1.7708
1.7396
1.7045
1.6651
1.6213
1.5728
1.52
1.4634
1.4037
1.3423
1.2803
1.2189
1.1593
1.1022
1.0481
.9974
.9502
.9064
.8659
.8285
.794
.7622
.7328
.7057
.6806
.6574
.6358
.6158
.5971
.5796
.5633
.5479
.5336
.52
.5072
.4952
.4837
.4729
.4626
.4528
.4434
.4345
.426
.4179
.4101
.4026
.3954
.3885
.3818
.3754
.3693
.3633
.3575
.352
.3466
.3414
.3364
.3315
.3267
.3221
.3177
.3133
.3091
.305
.3011
.2972
.2934
.2897
.2862
.2827
.2793
.276
.2727
.2696
.2665
.2635
.2606
.2577
.2549
.2522
.2495
.2469
.2443
.2418
.2393
.2369
.2346
.2323
.23
.2278
.2256
.2235
.2214
.2194
.2174
.2154
.2135
.2116
.2097
.2079
.2061
.2044
.2026
.2009
.1993
.1976
.196
.1944
.1929
.1913
.1898
.1883
.1869
.1855
.184
.1827
.1813
.1799
.1786
.1773
.176
.1748
.1735
.1723
.1711
.1699
.1687
.1675
.1664
.1652
.1641
.163
.162
.1609
.1598
.1588
.1578
.1567
.1557
.1548
.1538
.1528
.1519
.1509
.15
.1491
.1482
.1473
.1464
.1455
.1447
.1438
.143
.1422
.1413
.1405
.1397
.1389
.1381
.1374
.1366
.1358
.1351
.1343
.1336
.1329
.1322
.1314
.1307
.13
.1294
.1287
.128
.1273
.1267
.126
.1254
.1247
.1241
.1235
.1228
.1222
.1216
.121
.1204
.1198
.1192
.1186
.1181
.1175
.1169
.1164
.1158
.1153
.1147
.1142
.1136
.1131
.1126
.1121
.1115
.111
.1105
.11
.1095
.109
.1085
.108
.1076
.1071
.1066
.1061
.1057
.1052
.1048
.1043
.1038
.1034
.103
.1025
.1021
.1016
.1012
.1008
.1004
.0999
.0995
.0991
.0987
.0983
.0979
.0975
.0971
.0967
.0963
.0959
.0955
.0952
.0948
.0944
.094
.0937
.0933
.0929
.0926
.0922
.0918
.0915
.0911
.0908
.0904
.0901
.0897
.0894
.0891
.0887
.0884
.0881
.0877
.0874
.0871
.0867
.0864
.0861
.0858
.0855
.0852
.0849
.0845
.0842
.0839
.0836
.0833
.083
.0827
.0825
.0822
.0819
.0816
.0813
.081
.0807
.0804
.0802
.0799
.0796
.0793
.0791
.0788
.0785
.0783
.078
.0777
.0775
.0772
.0769
.0767
.0764
.0762
.0759
.0757
.0754
.0752
.0749
.0747
.0744
.0742
.0739
.0737
.0735
.0732
.073
.0728
.0725
.0723
.0721
.0718
.0716
.0714
.0712
.0709
.0707
.0705
.0703
.07
.0698
.0696
.0694
.0692
.069
.0688
.0685
.0683
.0681
.0679
.0677
.0675
.0673
.0671
.0669
.0667
.0665
.0663
.0661
.0659
.0657
.0655
.0653
.0651
.0649
.0647
.0646
.0644
.0642
.064
.0638
.0636
.0634
.0633
.0631
.0629
.0627
.0625
.0624
.0622
.062
.0618
.0616
.0615
.0613
.0611
.061
.0608
.0606
.0604
.0603
.0601
.0599
.0598
.0596
.0595
.0593
.0591
.059
.0588
.0586
.0585
.0583
.0582
.058
.0579
.0577
.0575
.0574
.0572
.0571
.0569
.0568
.0566
.0565
.0563
.0562
.056
.0559
.0557
.0556
.0554
.0553
.0552
.055
.0549
.0547
.0546
.0545
.0543
.0542
.054
.0539
.0538
.0536
.0535
.0533
.0532
.0531
.0529
.0528
.0527
.0525
.0524
.0523
.0522
.052
.0519
.0518
.0516
.0515
.0514
.0513
.0511
.051
.0509
.0508
.0506
.0505
.0504
.0503
.0501
.05
.0499
