4.1939
4.0233
3.8759
3.7445
3.6218
3.5018
3.3798
3.2521
3.1165
2.9729
2.8252
2.6828
2.5586
2.4636
2.3996
2.3599
2.3354
2.3192
2.3073
2.2975
2.2888
2.2807
2.2729
2.2655
2.2582
2.2512
2.2444
2.2378
2.2315
2.2254
2.2196
2.214
2.2085
2.2033
2.1983
2.1934
2.1886
2.184
2.1795
2.175
2.1706
2.1663
2.162
2.1578
2.1535
2.1493
2.1451
2.1409
2.1366
2.1324
2.1281
2.1237
2.1194
2.1149
2.1104
2.1059
2.1012
2.0965
2.0916
2.0867
2.0816
2.0764
2.0711
2.0657
2.0601
2.0544
2.0485
2.0424
2.0363
2.0299
2.0235
2.0169
2.0101
2.0033
1.9963
1.9892
1.9821
1.9749
1.9676
1.9603
1.953
1.9457
1.9384
1.9311
1.9238
1.9167
1.9096
1.9025
1.8956
1.8887
1.882
1.8754
1.8689
1.8625
1.8563
1.8502
1.8442
1.8383
1.8326
1.827
1.8215
1.8161
1.8109
1.8058
1.8008
1.7959
1.7911
1.7864
1.7818
1.7773
1.7729
1.7685
1.7643
1.7601
1.756
1.7519
1.7479
1.7439
1.74
1.7361
1.7323
1.7285
1.7247
1.721
1.7172
1.7135
1.7098
1.706
1.7023
1.6985
1.6947
1.6909
1.687
1.6831
1.6791
1.675
1.6709
1.6666
1.6623
1.6578
1.6532
1.6484
1.6434
1.6382
1.6327
1.627
1.621
1.6146
1.6078
1.6006
1.5928
1.5844
1.5754
1.5656
1.5549
1.5432
1.5303
1.5162
1.5006
1.4833
1.464
1.4427
1.419
1.3928
1.3638
1.332
1.2972
1.2597
1.2195
1.177
1.1327
1.0872
1.0411
.9951
.9497
.9056
.863
.8222
.7835
.7469
.7125
.6802
.6499
.6216
.5951
.5703
.5471
.5254
.5051
.4861
.4683
.4515
.4358
.421
.4071
.3939
.3815
.3698
.3587
.3482
.3383
.3288
.3198
.3113
.3032
.2954
.288
.281
.2742
.2678
.2616
.2557
.25
.2446
.2394
.2344
.2295
.2249
.2204
.2161
.212
.208
.2041
.2004
.1968
.1933
.1899
.1867
.1835
.1805
.1775
.1747
.1719
.1692
.1665
.164
.1615
.1591
.1568
.1545
.1523
.1502
.1481
.146
.144
.1421
.1402
.1384
.1366
.1348
.1331
.1314
.1298
.1282
.1267
.1251
.1237
.1222
.1208
.1194
.118
.1167
.1154
.1141
.1129
.1117
.1105
.1093
.1082
.107
.1059
.1048
.1038
.1027
.1017
.1007
.0997
.0988
.0978
.0969
.096
.0951
.0942
.0933
.0925
.0916
.0908
.09
.0892
.0884
.0877
.0869
.0862
.0854
.0847
.084
.0833
.0826
.0819
.0813
.0806
.08
.0793
.0787
.0781
.0775
.0769
.0763
.0757
.0752
.0746
.074
.0735
.073
.0724
.0719
.0714
.0709
.0704
.0699
.0694
.0689
.0684
.0679
.0675
.067
.0666
.0661
.0657
.0652
.0648
.0644
.064
.0636
.0631
.0627
.0623
.0619
.0616
.0612
.0608
.0604
.06
.0597
.0593
.059
.0586
.0583
.0579
.0576
.0572
.0569
.0566
.0562
.0559
.0556
.0553
.055
.0547
.0543
.054
.0537
.0534
.0532
.0529
.0526
.0523
.052
.0517
.0515
.0512
.0509
.0506
.0504
.0501
.0499
