4.2253
3.9095
3.5958
3.3056
3.049
2.827
2.6378
2.4806
2.3566
2.2656
2.2036
2.1637
2.1385
2.1221
2.1105
2.1014
2.0935
2.0861
2.0789
2.0716
2.0642
2.0566
2.0489
2.0411
2.0332
2.0252
2.0172
2.0092
2.0012
1.9933
1.9855
1.9778
1.9703
1.9629
1.9556
1.9486
1.9417
1.935
1.9285
1.9222
1.9162
1.9103
1.9046
1.8991
1.8938
1.8887
1.8838
1.879
1.8744
1.87
1.8657
1.8615
1.8575
1.8537
1.8499
1.8463
1.8428
1.8394
1.8361
1.833
1.8299
1.8269
1.824
1.8212
1.8184
1.8158
1.8132
1.8106
1.8082
1.8058
1.8035
1.8012
1.799
1.7968
1.7947
1.7927
1.7907
1.7887
1.7868
1.7849
1.7831
1.7813
1.7795
1.7778
1.7761
1.7745
1.7729
1.7713
1.7697
1.7682
1.7667
1.7653
1.7638
1.7624
1.761
1.7597
1.7583
1.757
1.7557
1.7545
1.7532
1.752
1.7508
1.7496
1.7485
1.7473
1.7462
1.7451
1.744
1.7429
1.7418
1.7408
1.7398
1.7388
1.7378
1.7368
1.7358
1.7348
1.7339
1.733
1.732
1.7311
1.7302
1.7294
1.7285
1.7276
1.7268
1.7259
1.7251
1.7243
1.7235
1.7227
1.7219
1.7211
1.7203
1.7196
1.7188
1.7181
1.7173
1.7166
1.7159
1.7152
1.7145
1.7138
1.7131
1.7124
1.7117
1.711
1.7103
1.7097
1.709
1.7084
1.7077
1.7071
1.7065
1.7058
1.7052
1.7046
1.704
1.7034
1.7028
1.7022
1.7016
1.701
1.7004
1.6998
1.6992
1.6986
1.6981
1.6975
1.6969
1.6964
1.6958
1.6953
1.6947
1.6941
1.6936
1.693
1.6925
1.692
1.6914
1.6909
1.6903
1.6898
1.6893
1.6887
1.6882
1.6877
1.6871
1.6866
1.6861
1.6856
1.685
1.6845
1.684
1.6835
1.6829
1.6824
1.6819
1.6813
1.6808
1.6803
1.6797
1.6792
1.6787
1.6781
1.6776
1.6771
1.6765
1.676
1.6754
1.6749
1.6743
1.6737
1.6732
1.6726
1.672
1.6714
1.6709
1.6703
1.6697
1.6691
1.6685
1.6678
1.6672
1.6666
1.6659
1.6653
1.6646
1.664
1.6633
1.6626
1.6619
1.6612
1.6604
1.6597
1.6589
1.6581
1.6573
1.6565
1.6557
1.6548
1.654
1.6531
1.6521
1.6512
1.6502
1.6492
1.6481
1.6471
1.6459
1.6448
1.6436
1.6423
1.6411
1.6397
1.6383
1.6369
1.6353
1.6337
1.6321
1.6303
1.6285
1.6266
1.6246
1.6224
1.6202
1.6178
1.6152
1.6125
1.6097
1.6066
1.6033
1.5999
1.5961
1.5921
1.5878
1.5831
1.578
1.5725
1.5666
1.5601
1.553
1.5452
1.5367
1.5273
1.5169
1.5055
1.4928
1.4787
1.463
1.4455
1.426
1.4043
1.3801
1.3531
1.3233
1.2903
1.2543
1.2152
1.1732
1.1288
1.0825
1.0349
.9869
.9391
.8923
.847
.8036
.7624
.7236
.6872
.6533
.6217
.5923
.5651
.5398
.5164
.4946
.4744
.4555
.438
.4217
.4064
.3921
.3787
.3662
.3544
.3433
.3328
.3229
.3136
.3048
.2965
.2885
.281
.2739
.2671
.2606
.2544
.2485
.2429
.2375
.2323
.2274
.2227
.2181
.2138
.2096
.2055
.2017
.1979
.1943
.1909
.1875
.1843
.1812
.1782
.1752
.1724
.1697
.167
.1645
.162
.1596
.1573
.155
.1528
.1507
.1486
.1466
.1446
.1427
.1408
.139
.1372
.1355
.1338
.1322
.1306
.1291
.1275
.1261
.1246
.1232
.1218
.1205
.1192
.1179
.1166
.1154
.1142
.113
.1118
.1107
.1096
.1085
.1075
.1064
.1054
.1044
.1034
.1024
.1015
.1006
.0997
.0988
.0979
.097
.0962
.0954
.0945
.0937
.093
.0922
.0914
.0907
.0899
.0892
.0885
.0878
.0871
.0864
.0858
.0851
.0845
.0838
.0832
.0826
.082
.0814
.0808
.0802
.0796
.0791
.0785
.078
.0774
.0769
.0764
.0759
.0754
.0748
.0744
.0739
.0734
.0729
.0724
.072
.0715
.0711
.0706
.0702
.0697
.0693
.0689
.0685
.068
.0676
.0672
.0668
.0664
.0661
.0657
.0653
.0649
.0645
.0642
.0638
.0635
.0631
.0627
.0624
.0621
.0617
.0614
.0611
.0607
.0604
.0601
.0598
.0594
.0591
.0588
.0585
.0582
.0579
.0576
.0573
.057
.0568
.0565
.0562
.0559
.0556
.0554
.0551
.0548
.0546
.0543
.0541
.0538
.0535
.0533
.053
.0528
.0526
.0523
.0521
.0518
.0516
.0514
.0511
.0509
.0507
.0505
.0502
.05
.0498
