4.4114
4.1337
3.8525
3.5722
3.2907
3.0075
2.7332
2.4917
2.3096
2.1948
2.1312
2.0967
2.0765
2.0628
2.0522
2.0432
2.035
2.0273
2.0199
2.0126
2.0054
1.9983
1.9912
1.9841
1.977
1.9698
1.9626
1.9554
1.9481
1.9407
1.9333
1.9259
1.9185
1.911
1.9036
1.8962
1.8888
1.8815
1.8742
1.8671
1.8601
1.8531
1.8464
1.8397
1.8332
1.8269
1.8208
1.8148
1.809
1.8033
1.7979
1.7926
1.7874
1.7825
1.7777
1.773
1.7686
1.7642
1.76
1.7559
1.752
1.7482
1.7445
1.741
1.7375
1.7342
1.7309
1.7277
1.7247
1.7217
1.7188
1.716
1.7133
1.7106
1.708
1.7055
1.7031
1.7007
1.6983
1.6961
1.6938
1.6917
1.6895
1.6875
1.6854
1.6834
1.6815
1.6796
1.6777
1.6759
1.6741
1.6724
1.6707
1.669
1.6673
1.6657
1.6641
1.6626
1.661
1.6595
1.6581
1.6566
1.6552
1.6538
1.6524
1.651
1.6497
1.6484
1.6471
1.6458
1.6446
1.6433
1.6421
1.6409
1.6398
1.6386
1.6374
1.6363
1.6352
1.6341
1.633
1.632
1.6309
1.6299
1.6289
1.6279
1.6269
1.6259
1.6249
1.624
1.623
1.6221
1.6212
1.6202
1.6193
1.6185
1.6176
1.6167
1.6159
1.615
1.6142
1.6134
1.6125
1.6117
1.6109
1.6101
1.6094
1.6086
1.6078
1.6071
1.6063
1.6056
1.6049
1.6041
1.6034
1.6027
1.602
1.6013
1.6006
1.5999
1.5993
1.5986
1.5979
1.5973
1.5966
1.596
1.5954
1.5947
1.5941
1.5935
1.5929
1.5923
1.5917
1.5911
1.5905
1.5899
1.5893
1.5888
1.5882
1.5876
1.5871
1.5865
1.586
1.5854
1.5849
1.5843
1.5838
1.5833
1.5828
1.5822
1.5817
1.5812
1.5807
1.5802
1.5797
1.5792
1.5787
1.5782
1.5778
1.5773
1.5768
1.5763
1.5759
1.5754
1.5749
1.5745
1.574
1.5736
1.5731
1.5727
1.5722
1.5718
1.5714
1.5709
1.5705
1.5701
1.5697
1.5692
1.5688
1.5684
1.568
1.5676
1.5672
1.5668
1.5664
1.566
1.5656
1.5652
1.5648
1.5644
1.564
1.5636
1.5632
1.5629
1.5625
1.5621
1.5617
1.5614
1.561
1.5606
1.5603
1.5599
1.5595
1.5592
1.5588
1.5585
1.5581
1.5578
1.5574
1.5571
1.5567
1.5564
1.556
1.5557
1.5554
1.555
1.5547
1.5544
1.554
1.5537
1.5534
1.553
1.5527
1.5524
1.5521
1.5518
1.5514
1.5511
1.5508
1.5505
1.5502
1.5499
1.5495
1.5492
1.5489
1.5486
1.5483
1.548
1.5477
1.5474
1.5471
1.5468
1.5465
1.5462
1.5459
1.5456
1.5453
1.545
1.5447
1.5444
1.5441
1.5438
1.5436
1.5433
1.543
1.5427
1.5424
1.5421
1.5418
1.5415
1.5413
1.541
1.5407
1.5404
1.5401
1.5399
1.5396
1.5393
1.539
1.5387
1.5385
1.5382
1.5379
1.5376
1.5374
1.5371
1.5368
1.5365
1.5363
1.536
1.5357
1.5354
1.5352
1.5349
1.5346
1.5344
1.5341
1.5338
1.5335
1.5333
1.533
1.5327
1.5325
1.5322
1.5319
1.5316
1.5314
1.5311
1.5308
1.5306
1.5303
1.53
1.5297
1.5295
1.5292
1.5289
1.5287
1.5284
1.5281
1.5278
1.5276
1.5273
1.527
1.5267
1.5264
1.5262
1.5259
1.5256
1.5253
1.525
1.5248
1.5245
1.5242
1.5239
1.5236
1.5233
1.523
1.5227
1.5225
1.5222
1.5219
1.5216
1.5213
1.521
1.5207
1.5204
1.5201
1.5197
1.5194
1.5191
1.5188
1.5185
1.5182
1.5178
1.5175
1.5172
1.5169
1.5165
1.5162
1.5158
1.5155
1.5152
1.5148
1.5145
1.5141
1.5137
1.5134
1.513
1.5126
1.5122
1.5118
1.5115
1.5111
1.5107
1.5102
1.5098
1.5094
1.509
1.5086
1.5081
1.5077
1.5072
1.5067
1.5063
1.5058
1.5053
1.5048
1.5043
1.5037
1.5032
1.5027
1.5021
1.5015
1.5009
1.5003
1.4997
1.4991
1.4984
1.4978
1.4971
1.4964
1.4957
1.4949
1.4941
1.4934
1.4925
1.4917
1.4908
1.4899
1.489
1.488
1.487
1.4859
1.4848
1.4837
1.4825
1.4813
1.48
1.4786
1.4772
1.4757
1.4742
1.4725
1.4708
1.469
1.4671
1.4651
1.4629
1.4607
1.4583
1.4557
1.453
1.4501
1.447
1.4437
1.4401
1.4363
1.4322
1.4277
1.4229
1.4177
1.412
1.4059
1.3991
1.3917
1.3837
1.3748
1.365
1.3542
1.3423
1.3292
1.3146
1.2985
1.2807
1.2611
1.2395
1.2158
1.1899
1.162
1.132
1.1002
1.0669
1.0325
.9974
.9621
.9273
.8932
.8602
.8287
.7988
.7706
.7441
.7192
.696
.6743
.654
.6351
.6173
.6005
.5848
.5699
.5558
.5424
.5297
.5174
.5057
.4945
.4836
.4731
.4628
.4529
.4432
.4337
.4243
.4152
.4061
.3972
.3884
.3797
.3711
.3625
.3541
.3457
.3374
.3291
.321
.3129
.305
.2971
.2894
.2818
.2743
.267
.2598
.2528
.246
.2393
.2329
.2267
.2206
.2148
.2091
.2037
.1984
.1934
.1885
.1838
.1794
.175
.1709
.1669
.1631
.1595
.1559
.1526
.1493
.1462
.1432
.1403
.1376
.1349
.1323
.1299
.1275
.1252
.123
.1208
.1188
.1168
.1149
.113
.1112
.1095
.1078
.1061
.1046
.103
.1015
.1001
.0987
.0973
.096
.0947
.0935
.0923
.0911
.0899
.0888
.0877
.0867
.0856
.0846
.0836
.0827
.0818
.0808
.08
.0791
.0782
.0774
.0766
.0758
.075
.0743
.0735
.0728
.0721
.0714
.0707
.07
.0694
.0687
.0681
.0675
.0669
.0663
.0657
.0652
.0646
.0641
.0635
.063
.0625
.062
.0615
.061
.0605
.06
.0596
.0591
.0586
.0582
.0578
.0573
.0569
.0565
.0561
.0557
.0553
.0549
.0545
.0542
.0538
.0534
.0531
.0527
.0524
.052
.0517
.0514
.051
.0507
.0504
.0501
.0498
