3.8514
3.5319
3.2375
2.9783
2.7593
2.585
2.4573
2.3723
2.3201
2.2898
2.2724
2.2618
2.2548
2.2496
2.2451
2.241
2.2369
2.2327
2.2284
2.224
2.2195
2.215
2.2104
2.2057
2.2011
2.1964
2.1918
2.1872
2.1827
2.1782
2.1739
2.1695
2.1653
2.1611
2.157
2.153
2.149
2.1451
2.1413
2.1375
2.1338
2.1302
2.1266
2.123
2.1195
2.116
2.1126
2.1092
2.1058
2.1024
2.0991
2.0958
2.0925
2.0892
2.0859
2.0827
2.0794
2.0761
2.0728
2.0696
2.0663
2.063
2.0596
2.0563
2.0529
2.0495
2.046
2.0425
2.039
2.0354
2.0317
2.0279
2.0241
2.0202
2.0162
2.012
2.0078
2.0034
1.9989
1.9943
1.9895
1.9846
1.9795
1.9743
1.9689
1.9634
1.9577
1.9519
1.9459
1.9398
1.9336
1.9273
1.9209
1.9145
1.9079
1.9014
1.8948
1.8881
1.8815
1.8749
1.8683
1.8617
1.8552
1.8487
1.8422
1.8358
1.8294
1.823
1.8166
1.8103
1.804
1.7976
1.7913
1.7849
1.7784
1.7718
1.7652
1.7584
1.7515
1.7443
1.737
1.7293
1.7214
1.713
1.7043
1.6951
1.6853
1.6748
1.6637
1.6517
1.6389
1.625
1.6101
1.5939
1.5764
1.5576
1.5373
1.5154
1.492
1.4671
1.4407
1.413
1.384
1.3539
1.323
1.2915
1.2596
1.2275
1.1955
1.1639
1.1327
1.1021
1.0722
1.0432
1.015
.9878
.9615
.9361
.9117
.8882
.8655
.8438
.8228
.8027
.7833
.7646
.7466
.7293
.7126
.6965
.681
.6661
.6516
.6376
.6242
.6111
.5985
.5863
.5745
.5631
.552
.5413
.5309
.5208
.5111
.5016
.4924
.4835
.4748
.4664
.4583
.4503
.4426
.4351
.4278
.4207
.4138
.4071
.4006
.3942
.3881
.382
.3762
.3704
.3649
.3594
.3541
.349
.3439
.339
.3342
.3295
.325
.3205
.3161
.3119
.3077
.3037
.2997
.2958
.292
.2883
.2847
.2811
.2777
.2743
.2709
.2677
.2645
.2614
.2583
.2553
.2524
.2495
.2467
.244
.2412
.2386
.236
.2334
.2309
.2285
.2261
.2237
.2214
.2191
.2169
.2147
.2125
.2104
.2083
.2063
.2043
.2023
.2003
.1984
.1966
.1947
.1929
.1911
.1894
.1876
.1859
.1843
.1826
.181
.1794
.1779
.1763
.1748
.1733
.1719
.1704
.169
.1676
.1662
.1648
.1635
.1622
.1609
.1596
.1583
.1571
.1558
.1546
.1534
.1522
.1511
.1499
.1488
.1477
.1466
.1455
.1444
.1434
.1423
.1413
.1403
.1393
.1383
.1373
.1364
.1354
.1345
.1335
.1326
.1317
.1308
.1299
.1291
.1282
.1274
.1265
.1257
.1249
.1241
.1233
.1225
.1217
.1209
.1202
.1194
.1187
.1179
.1172
.1165
.1158
.1151
.1144
.1137
.113
.1123
.1117
.111
.1103
.1097
.1091
.1084
.1078
.1072
.1066
.106
.1054
.1048
.1042
.1036
.103
.1025
.1019
.1014
.1008
.1003
.0997
.0992
.0986
.0981
.0976
.0971
.0966
.0961
.0956
.0951
.0946
.0941
.0936
.0932
.0927
.0922
.0918
.0913
.0908
.0904
.0899
.0895
.0891
.0886
.0882
.0878
.0874
.0869
.0865
.0861
.0857
.0853
.0849
.0845
.0841
.0837
.0833
.083
.0826
.0822
.0818
.0815
.0811
.0807
.0804
.08
.0797
.0793
.079
.0786
.0783
.0779
.0776
.0773
.0769
.0766
.0763
.0759
.0756
.0753
.075
.0747
.0744
.0741
.0737
.0734
.0731
.0728
.0725
.0722
.072
.0717
.0714
.0711
.0708
.0705
.0702
.07
.0697
.0694
.0691
.0689
.0686
.0683
.0681
.0678
.0676
.0673
.067
.0668
.0665
.0663
.066
.0658
.0655
.0653
.0651
.0648
.0646
.0643
.0641
.0639
.0636
.0634
.0632
.063
.0627
.0625
.0623
.0621
.0618
.0616
.0614
.0612
.061
.0608
.0606
.0603
.0601
.0599
.0597
.0595
.0593
.0591
.0589
.0587
.0585
.0583
.0581
.0579
.0577
.0576
.0574
.0572
.057
.0568
.0566
.0564
.0562
.0561
.0559
.0557
.0555
.0553
.0552
.055
.0548
.0546
.0545
.0543
.0541
.054
.0538
.0536
.0535
.0533
.0531
.053
.0528
.0526
.0525
.0523
.0522
.052
.0519
.0517
.0515
.0514
.0512
.0511
.0509
.0508
.0506
.0505
.0503
.0502
.05
.0499
