4.4009
4.1225
3.8726
3.6628
3.4859
3.3299
3.1861
3.05
2.9208
2.7996
2.6882
2.5887
2.5021
2.4284
2.367
2.3167
2.2757
2.2424
2.2154
2.1932
2.1748
2.1593
2.1459
2.1343
2.1238
2.1143
2.1056
2.0974
2.0898
2.0825
2.0755
2.0689
2.0625
2.0564
2.0504
2.0447
2.0392
2.0339
2.0288
2.0239
2.0192
2.0147
2.0103
2.0061
2.0021
1.9982
1.9945
1.9909
1.9875
1.9842
1.981
1.9779
1.975
1.9721
1.9693
1.9666
1.964
1.9615
1.959
1.9566
1.9542
1.9519
1.9496
1.9473
1.9451
1.9429
1.9407
1.9386
1.9365
1.9343
1.9322
1.9301
1.928
1.9259
1.9238
1.9217
1.9196
1.9174
1.9153
1.9131
1.9109
1.9086
1.9063
1.904
1.9016
1.8991
1.8966
1.894
1.8913
1.8886
1.8857
1.8827
1.8795
1.8762
1.8728
1.8691
1.8652
1.8611
1.8568
1.8521
1.8472
1.8418
1.8361
1.8298
1.8231
1.8158
1.8079
1.7993
1.7899
1.7797
1.7684
1.7562
1.7428
1.7282
1.7123
1.6949
1.6761
1.6557
1.6338
1.6102
1.5851
1.5585
1.5304
1.5009
1.4703
1.4386
1.4061
1.3728
1.3391
1.3051
1.271
1.2369
1.203
1.1695
1.1364
1.1039
1.072
1.0408
1.0103
.9806
.9518
.9238
.8966
.8703
.8449
.8203
.7965
.7735
.7514
.73
.7094
.6896
.6705
.6521
.6343
.6173
.6008
.585
.5698
.5551
.541
.5274
.5143
.5017
.4896
.4779
.4666
.4558
.4453
.4352
.4255
.4161
.4071
.3983
.3899
.3817
.3739
.3663
.3589
.3518
.3449
.3383
.3318
.3256
.3196
.3137
.3081
.3026
.2973
.2921
.2871
.2822
.2775
.2729
.2685
.2642
.26
.2559
.2519
.248
.2443
.2406
.2371
.2336
.2302
.2269
.2237
.2206
.2175
.2145
.2116
.2088
.2061
.2034
.2007
.1981
.1956
.1932
.1908
.1884
.1861
.1839
.1817
.1795
.1774
.1754
.1734
.1714
.1695
.1676
.1657
.1639
.1622
.1604
.1587
.157
.1554
.1538
.1522
.1506
.1491
.1476
.1462
.1447
.1433
.1419
.1406
.1392
.1379
.1366
.1354
.1341
.1329
.1317
.1305
.1293
.1282
.1271
.126
.1249
.1238
.1228
.1217
.1207
.1197
.1187
.1177
.1168
.1158
.1149
.114
.1131
.1122
.1113
.1104
.1096
.1088
.1079
.1071
.1063
.1055
.1047
.104
.1032
.1025
.1017
.101
.1003
.0996
.0989
.0982
.0975
.0968
.0962
.0955
.0949
.0942
.0936
.093
.0924
.0918
.0912
.0906
.09
.0894
.0888
.0883
.0877
.0872
.0866
.0861
.0856
.085
.0845
.084
.0835
.083
.0825
.082
.0815
.081
.0806
.0801
.0796
.0792
.0787
.0783
.0778
.0774
.077
.0765
.0761
.0757
.0753
.0749
.0745
.0741
.0737
.0733
.0729
.0725
.0721
.0717
.0714
.071
.0706
.0703
.0699
.0695
.0692
.0688
.0685
.0682
.0678
.0675
.0671
.0668
.0665
.0662
.0658
.0655
.0652
.0649
.0646
.0643
.064
.0637
.0634
.0631
.0628
.0625
.0622
.0619
.0617
.0614
.0611
.0608
.0605
.0603
.06
.0597
.0595
.0592
.059
.0587
.0584
.0582
.0579
.0577
.0574
.0572
.057
.0567
.0565
.0562
.056
.0558
.0555
.0553
.0551
.0549
.0546
.0544
.0542
.054
.0538
.0536
.0533
.0531
.0529
.0527
.0525
.0523
.0521
.0519
.0517
.0515
.0513
.0511
.0509
.0507
.0505
.0503
.0501
.0499
