4.7367
4.4565
4.146
3.8328
3.5369
3.2618
3.003
2.7586
2.5342
2.3418
2.193
2.0903
2.0254
1.9861
1.9622
1.947
1.9366
1.9291
1.9231
1.9179
1.9134
1.909
1.9048
1.9007
1.8965
1.8923
1.8879
1.8834
1.8788
1.8741
1.8692
1.8641
1.8588
1.8533
1.8476
1.8417
1.8357
1.8294
1.8229
1.8161
1.8092
1.8021
1.7947
1.7872
1.7794
1.7714
1.7632
1.7547
1.746
1.7371
1.7278
1.7183
1.7085
1.6983
1.6877
1.6767
1.6652
1.6531
1.6404
1.627
1.6128
1.5978
1.5817
1.5646
1.5463
1.5267
1.5057
1.4832
1.4591
1.4335
1.4063
1.3775
1.3473
1.3157
1.283
1.2493
1.215
1.1803
1.1454
1.1105
1.076
1.042
1.0086
.9761
.9445
.9138
.8842
.8557
.8282
.8018
.7765
.7522
.7289
.7066
.6853
.6648
.6452
.6265
.6085
.5913
.5749
.5591
.544
.5295
.5156
.5023
.4895
.4772
.4654
.4541
.4432
.4328
.4227
.413
.4037
.3947
.3861
.3778
.3697
.362
.3545
.3473
.3403
.3336
.3271
.3208
.3147
.3088
.3031
.2976
.2922
.287
.282
.2771
.2724
.2678
.2633
.259
.2548
.2507
.2467
.2428
.2391
.2354
.2319
.2284
.225
.2217
.2185
.2154
.2124
.2094
.2065
.2037
.2009
.1982
.1956
.193
.1905
.1881
.1857
.1833
.1811
.1788
.1766
.1745
.1724
.1704
.1684
.1664
.1645
.1626
.1608
.159
.1572
.1555
.1538
.1521
.1505
.1489
.1473
.1458
.1442
.1428
.1413
.1399
.1385
.1371
.1358
.1344
.1331
.1318
.1306
.1293
.1281
.1269
.1258
.1246
.1235
.1224
.1213
.1202
.1191
.1181
.117
.116
.115
.114
.1131
.1121
.1112
.1103
.1094
.1085
.1076
.1067
.1059
.105
.1042
.1034
.1026
.1018
.101
.1002
.0995
.0987
.098
.0972
.0965
.0958
.0951
.0944
.0937
.0931
.0924
.0917
.0911
.0904
.0898
.0892
.0886
.088
.0874
.0868
.0862
.0856
.0851
.0845
.0839
.0834
.0828
.0823
.0818
.0813
.0807
.0802
.0797
.0792
.0787
.0782
.0778
.0773
.0768
.0764
.0759
.0754
.075
.0745
.0741
.0737
.0732
.0728
.0724
.072
.0716
.0712
.0707
.0703
.07
.0696
.0692
.0688
.0684
.068
.0677
.0673
.0669
.0666
.0662
.0659
.0655
.0652
.0648
.0645
.0642
.0638
.0635
.0632
.0628
.0625
.0622
.0619
.0616
.0613
.061
.0607
.0604
.0601
.0598
.0595
.0592
.0589
.0586
.0583
.0581
.0578
.0575
.0572
.057
.0567
.0564
.0562
.0559
.0557
.0554
.0552
.0549
.0547
.0544
.0542
.0539
.0537
.0535
.0532
.053
.0527
.0525
.0523
.0521
.0518
.0516
.0514
.0512
.051
.0507
.0505
.0503
.0501
.0499
