4.5158
4.243
3.9694
3.7162
3.4936
3.3014
3.1348
2.9885
2.8581
2.7407
2.6349
2.5402
2.4572
2.3862
2.3274
2.2799
2.2421
2.2119
2.1875
2.167
2.1493
2.1334
2.1188
2.105
2.0919
2.0793
2.0672
2.0555
2.0442
2.0334
2.0229
2.0129
2.0032
1.994
1.9852
1.9768
1.9688
1.9612
1.9539
1.947
1.9404
1.9341
1.9281
1.9224
1.9169
1.9117
1.9067
1.9019
1.8972
1.8928
1.8885
1.8843
1.8803
1.8764
1.8727
1.869
1.8654
1.8619
1.8585
1.8552
1.8519
1.8487
1.8455
1.8424
1.8393
1.8362
1.8331
1.8301
1.8271
1.824
1.821
1.8179
1.8149
1.8118
1.8087
1.8055
1.8023
1.799
1.7957
1.7923
1.7888
1.7853
1.7816
1.7778
1.7738
1.7697
1.7655
1.761
1.7564
1.7515
1.7464
1.7411
1.7354
1.7294
1.723
1.7162
1.7089
1.7012
1.6929
1.6839
1.6744
1.664
1.6528
1.6407
1.6276
1.6133
1.5978
1.5809
1.5625
1.5424
1.5205
1.4966
1.4707
1.4425
1.4121
1.3793
1.3444
1.3072
1.2682
1.2276
1.1857
1.1431
1.1001
1.0572
1.0148
.9734
.9331
.8943
.857
.8215
.7877
.7557
.7254
.6968
.6699
.6445
.6206
.5981
.577
.557
.5383
.5206
.5039
.4882
.4733
.4592
.4459
.4333
.4214
.41
.3993
.389
.3793
.37
.3612
.3527
.3447
.337
.3296
.3225
.3158
.3093
.3031
.2971
.2913
.2858
.2805
.2754
.2704
.2657
.2611
.2566
.2523
.2482
.2442
.2403
.2365
.2329
.2293
.2259
.2226
.2193
.2162
.2132
.2102
.2073
.2045
.2018
.1991
.1965
.194
.1916
.1892
.1868
.1846
.1823
.1802
.178
.176
.174
.172
.17
.1682
.1663
.1645
.1627
.161
.1593
.1576
.156
.1544
.1528
.1513
.1498
.1483
.1469
.1455
.1441
.1427
.1414
.1401
.1388
.1375
.1363
.135
.1338
.1327
.1315
.1304
.1292
.1281
.127
.126
.1249
.1239
.1229
.1219
.1209
.1199
.119
.118
.1171
.1162
.1153
.1144
.1135
.1127
.1118
.111
.1102
.1094
.1086
.1078
.107
.1063
.1055
.1048
.104
.1033
.1026
.1019
.1012
.1005
.0998
.0992
.0985
.0978
.0972
.0966
.0959
.0953
.0947
.0941
.0935
.0929
.0923
.0918
.0912
.0906
.0901
.0895
.089
.0885
.0879
.0874
.0869
.0864
.0859
.0854
.0849
.0844
.0839
.0834
.083
.0825
.082
.0816
.0811
.0807
.0802
.0798
.0794
.0789
.0785
.0781
.0777
.0773
.0769
.0765
.0761
.0757
.0753
.0749
.0745
.0741
.0738
.0734
.073
.0726
.0723
.0719
.0716
.0712
.0709
.0705
.0702
.0699
.0695
.0692
.0689
.0685
.0682
.0679
.0676
.0673
.067
.0666
.0663
.066
.0657
.0654
.0651
.0649
.0646
.0643
.064
.0637
.0634
.0632
.0629
.0626
.0623
.0621
.0618
.0615
.0613
.061
.0608
.0605
.0603
.06
.0598
.0595
.0593
.059
.0588
.0585
.0583
.0581
.0578
.0576
.0574
.0572
.0569
.0567
.0565
.0563
.056
.0558
.0556
.0554
.0552
.055
.0548
.0546
.0543
.0541
.0539
.0537
.0535
.0533
.0531
.0529
.0527
.0526
.0524
.0522
.052
.0518
.0516
.0514
.0512
.0511
.0509
.0507
.0505
.0503
.0502
.05
