4.6906
4.4424
4.1994
3.9848
3.8066
3.6599
3.536
3.4274
3.3287
3.2361
3.1473
3.0607
2.9755
2.8917
2.81
2.7322
2.6606
2.5974
2.5442
2.5009
2.4665
2.439
2.4163
2.3969
2.3796
2.3635
2.3481
2.3333
2.3189
2.3047
2.2908
2.2771
2.2636
2.2503
2.2371
2.2241
2.2112
2.1984
2.1857
2.173
2.1604
2.1478
2.1353
2.1228
2.1103
2.0979
2.0856
2.0734
2.0613
2.0493
2.0375
2.0258
2.0142
2.0029
1.9917
1.9807
1.9699
1.9592
1.9488
1.9385
1.9284
1.9184
1.9086
1.899
1.8894
1.88
1.8707
1.8615
1.8523
1.8431
1.834
1.8249
1.8157
1.8065
1.7971
1.7876
1.778
1.7681
1.7579
1.7474
1.7365
1.7251
1.7132
1.7006
1.6873
1.6731
1.6579
1.6415
1.6239
1.6048
1.584
1.5614
1.5369
1.5103
1.4815
1.4505
1.4173
1.3821
1.3452
1.3068
1.2673
1.2272
1.1868
1.1465
1.1068
1.0678
1.0298
.993
.9575
.9234
.8907
.8593
.8294
.8008
.7735
.7475
.7228
.6992
.6767
.6552
.6348
.6153
.5968
.5791
.5621
.546
.5306
.5158
.5017
.4883
.4754
.463
.4512
.4398
.429
.4185
.4085
.3989
.3897
.3808
.3722
.364
.3561
.3485
.3411
.334
.3272
.3206
.3142
.3081
.3022
.2964
.2909
.2855
.2803
.2753
.2704
.2657
.2611
.2566
.2523
.2482
.2441
.2402
.2363
.2326
.229
.2255
.2221
.2187
.2155
.2124
.2093
.2063
.2034
.2006
.1978
.1951
.1925
.1899
.1874
.185
.1826
.1802
.178
.1757
.1736
.1715
.1694
.1673
.1654
.1634
.1615
.1597
.1578
.1561
.1543
.1526
.1509
.1493
.1477
.1461
.1446
.143
.1416
.1401
.1387
.1373
.1359
.1345
.1332
.1319
.1306
.1294
.1282
.1269
.1258
.1246
.1234
.1223
.1212
.1201
.119
.118
.117
.1159
.1149
.1139
.113
.112
.1111
.1102
.1092
.1083
.1075
.1066
.1057
.1049
.1041
.1032
.1024
.1016
.1009
.1001
.0993
.0986
.0978
.0971
.0964
.0957
.095
.0943
.0936
.093
.0923
.0916
.091
.0904
.0897
.0891
.0885
.0879
.0873
.0867
.0861
.0856
.085
.0845
.0839
.0834
.0828
.0823
.0818
.0812
.0807
.0802
.0797
.0792
.0787
.0783
.0778
.0773
.0769
.0764
.0759
.0755
.075
.0746
.0742
.0737
.0733
.0729
.0725
.0721
.0717
.0713
.0709
.0705
.0701
.0697
.0693
.0689
.0686
.0682
.0678
.0675
.0671
.0667
.0664
.066
.0657
.0654
.065
.0647
.0644
.064
.0637
.0634
.0631
.0627
.0624
.0621
.0618
.0615
.0612
.0609
.0606
.0603
.06
.0598
.0595
.0592
.0589
.0586
.0584
.0581
.0578
.0575
.0573
.057
.0568
.0565
.0562
.056
.0557
.0555
.0553
.055
.0548
.0545
.0543
.054
.0538
.0536
.0534
.0531
.0529
.0527
.0524
.0522
.052
.0518
.0516
.0514
.0511
.0509
.0507
.0505
.0503
.0501
.0499
