4.2562
4.0011
3.7617
3.5363
3.3171
3.097
2.8754
2.6607
2.4703
2.3212
2.2186
2.154
2.1138
2.0874
2.0684
2.0532
2.0402
2.0285
2.0176
2.0073
1.9974
1.9878
1.9785
1.9695
1.9607
1.952
1.9436
1.9353
1.9272
1.9193
1.9114
1.9037
1.8962
1.8887
1.8813
1.8741
1.8669
1.8598
1.8528
1.8459
1.8391
1.8324
1.8258
1.8193
1.8129
1.8066
1.8004
1.7943
1.7882
1.7823
1.7765
1.7708
1.7652
1.7597
1.7543
1.749
1.7438
1.7387
1.7337
1.7288
1.724
1.7193
1.7147
1.7101
1.7057
1.7013
1.697
1.6928
1.6887
1.6846
1.6806
1.6767
1.6728
1.669
1.6653
1.6616
1.658
1.6544
1.6509
1.6474
1.644
1.6406
1.6373
1.634
1.6307
1.6275
1.6243
1.6211
1.618
1.6148
1.6117
1.6087
1.6056
1.6026
1.5995
1.5965
1.5935
1.5905
1.5876
1.5846
1.5816
1.5786
1.5757
1.5727
1.5697
1.5667
1.5637
1.5607
1.5577
1.5546
1.5515
1.5484
1.5453
1.5421
1.5389
1.5357
1.5324
1.5291
1.5257
1.5223
1.5187
1.5152
1.5115
1.5077
1.5039
1.4999
1.4958
1.4916
1.4872
1.4827
1.478
1.4731
1.4679
1.4625
1.4569
1.4509
1.4445
1.4377
1.4305
1.4228
1.4144
1.4055
1.3957
1.3851
1.3735
1.3608
1.3469
1.3315
1.3145
1.2958
1.275
1.2522
1.227
1.1995
1.1695
1.1371
1.1024
1.0657
1.0274
.988
.9479
.9077
.868
.8292
.7917
.7558
.7215
.6892
.6586
.6299
.603
.5777
.554
.5318
.511
.4915
.4732
.4559
.4397
.4245
.4101
.3965
.3836
.3715
.36
.3492
.3389
.3291
.3198
.311
.3026
.2946
.287
.2797
.2728
.2662
.2599
.2538
.2481
.2425
.2372
.2321
.2272
.2225
.218
.2137
.2095
.2055
.2016
.1978
.1942
.1908
.1874
.1841
.181
.178
.175
.1722
.1694
.1667
.1642
.1616
.1592
.1568
.1545
.1523
.1501
.148
.146
.144
.142
.1401
.1383
.1365
.1347
.133
.1313
.1297
.1281
.1266
.125
.1236
.1221
.1207
.1193
.118
.1166
.1154
.1141
.1128
.1116
.1105
.1093
.1082
.107
.1059
.1049
.1038
.1028
.1018
.1008
.0998
.0989
.0979
.097
.0961
.0952
.0944
.0935
.0927
.0918
.091
.0902
.0894
.0887
.0879
.0872
.0864
.0857
.085
.0843
.0836
.083
.0823
.0816
.081
.0804
.0797
.0791
.0785
.0779
.0773
.0767
.0762
.0756
.0751
.0745
.074
.0734
.0729
.0724
.0719
.0714
.0709
.0704
.0699
.0694
.069
.0685
.0681
.0676
.0672
.0667
.0663
.0658
.0654
.065
.0646
.0642
.0638
.0634
.063
.0626
.0622
.0618
.0615
.0611
.0607
.0604
.06
.0597
.0593
.059
.0586
.0583
.0579
.0576
.0573
.057
.0566
.0563
.056
.0557
.0554
.0551
.0548
.0545
.0542
.0539
.0536
.0533
.0531
.0528
.0525
.0522
.052
.0517
.0514
.0512
.0509
.0507
.0504
.0502
.0499
