4.5443
4.2844
4.0254
3.7797
3.5487
3.3272
3.1106
2.8994
2.703
2.5372
2.415
2.3364
2.2904
2.2636
2.247
2.2356
2.2267
2.2192
2.2124
2.2061
2.2002
2.1944
2.1889
2.1836
2.1784
2.1734
2.1686
2.1639
2.1594
2.155
2.1508
2.1468
2.1428
2.1391
2.1354
2.1319
2.1285
2.1253
2.1221
2.119
2.1161
2.1132
2.1104
2.1077
2.1051
2.1025
2.1
2.0976
2.0952
2.0929
2.0907
2.0884
2.0862
2.0841
2.082
2.0799
2.0778
2.0757
2.0737
2.0717
2.0697
2.0677
2.0657
2.0638
2.0618
2.0598
2.0579
2.0559
2.054
2.052
2.05
2.0481
2.0461
2.0441
2.0421
2.0401
2.0381
2.0361
2.0341
2.0321
2.03
2.028
2.0259
2.0238
2.0217
2.0196
2.0175
2.0153
2.0132
2.011
2.0088
2.0065
2.0043
2.002
1.9997
1.9973
1.9949
1.9925
1.9901
1.9875
1.985
1.9824
1.9797
1.9769
1.9741
1.9711
1.9681
1.965
1.9618
1.9584
1.9549
1.9512
1.9473
1.9432
1.9389
1.9344
1.9295
1.9244
1.9189
1.9129
1.9066
1.8997
1.8924
1.8843
1.8757
1.8662
1.856
1.8448
1.8325
1.8192
1.8046
1.7886
1.7712
1.7521
1.7313
1.7087
1.684
1.6573
1.6284
1.5974
1.5642
1.529
1.4919
1.4531
1.4128
1.3713
1.3291
1.2864
1.2435
1.2009
1.1587
1.1173
1.0769
1.0376
.9995
.9627
.9274
.8934
.8609
.8297
.8
.7716
.7445
.7186
.694
.6705
.6482
.6268
.6065
.5872
.5687
.5511
.5343
.5183
.503
.4884
.4745
.4612
.4485
.4363
.4246
.4135
.4028
.3926
.3828
.3734
.3643
.3557
.3473
.3393
.3316
.3242
.3171
.3103
.3037
.2973
.2912
.2853
.2795
.274
.2687
.2636
.2586
.2538
.2491
.2446
.2403
.236
.2319
.228
.2241
.2204
.2168
.2133
.2098
.2065
.2033
.2002
.1971
.1941
.1913
.1885
.1857
.1831
.1805
.1779
.1755
.1731
.1707
.1685
.1662
.1641
.1619
.1599
.1578
.1559
.1539
.152
.1502
.1484
.1466
.1449
.1432
.1415
.1399
.1383
.1368
.1353
.1338
.1323
.1309
.1295
.1281
.1268
.1255
.1242
.1229
.1216
.1204
.1192
.118
.1169
.1158
.1146
.1135
.1125
.1114
.1104
.1094
.1084
.1074
.1064
.1054
.1045
.1036
.1027
.1018
.1009
.1001
.0992
.0984
.0975
.0967
.0959
.0952
.0944
.0936
.0929
.0921
.0914
.0907
.09
.0893
.0886
.0879
.0873
.0866
.086
.0853
.0847
.0841
.0835
.0829
.0823
.0817
.0811
.0805
.08
.0794
.0789
.0783
.0778
.0773
.0767
.0762
.0757
.0752
.0747
.0742
.0737
.0733
.0728
.0723
.0719
.0714
.071
.0705
.0701
.0696
.0692
.0688
.0684
.068
.0676
.0672
.0668
.0664
.066
.0656
.0652
.0648
.0644
.0641
.0637
.0634
.063
.0626
.0623
.0619
.0616
.0613
.0609
.0606
.0603
.0599
.0596
.0593
.059
.0587
.0584
.0581
.0578
.0575
.0572
.0569
.0566
.0563
.056
.0557
.0554
.0552
.0549
.0546
.0543
.0541
.0538
.0536
.0533
.053
.0528
.0525
.0523
.052
.0518
.0515
.0513
.0511
.0508
.0506
.0504
.0501
.0499
