4.9691
4.7545
4.4956
4.2046
3.9043
3.6168
3.3535
3.1164
2.9043
2.7173
2.5579
2.4293
2.333
2.2664
2.2232
2.1961
2.1792
2.1682
2.1605
2.1548
2.1499
2.1455
2.1412
2.1368
2.1323
2.1275
2.1224
2.117
2.1113
2.1051
2.0987
2.0919
2.0847
2.0773
2.0695
2.0615
2.0533
2.0449
2.0363
2.0277
2.0189
2.0101
2.0014
1.9927
1.984
1.9755
1.9671
1.9588
1.9507
1.9427
1.9349
1.9274
1.92
1.9127
1.9057
1.8988
1.8921
1.8856
1.8793
1.8731
1.8671
1.8612
1.8555
1.8499
1.8445
1.8392
1.834
1.8289
1.824
1.8191
1.8144
1.8098
1.8053
1.8008
1.7965
1.7923
1.7881
1.7841
1.7801
1.7762
1.7724
1.7687
1.765
1.7614
1.7579
1.7545
1.7511
1.7477
1.7445
1.7413
1.7382
1.7351
1.732
1.7291
1.7262
1.7233
1.7205
1.7177
1.715
1.7124
1.7097
1.7072
1.7046
1.7021
1.6997
1.6973
1.6949
1.6926
1.6903
1.6881
1.6859
1.6837
1.6816
1.6795
1.6774
1.6754
1.6733
1.6714
1.6694
1.6675
1.6656
1.6638
1.6619
1.6601
1.6584
1.6566
1.6549
1.6532
1.6515
1.6498
1.6482
1.6466
1.645
1.6435
1.6419
1.6404
1.6389
1.6374
1.6359
1.6345
1.6331
1.6317
1.6303
1.6289
1.6275
1.6262
1.6249
1.6235
1.6222
1.621
1.6197
1.6184
1.6172
1.616
1.6147
1.6135
1.6123
1.6112
1.61
1.6088
1.6077
1.6065
1.6054
1.6043
1.6032
1.6021
1.601
1.5999
1.5988
1.5977
1.5967
1.5956
1.5946
1.5935
1.5925
1.5914
1.5904
1.5894
1.5884
1.5874
1.5863
1.5853
1.5843
1.5833
1.5823
1.5813
1.5803
1.5793
1.5783
1.5773
1.5763
1.5753
1.5744
1.5734
1.5724
1.5714
1.5703
1.5693
1.5683
1.5673
1.5663
1.5653
1.5642
1.5632
1.5622
1.5611
1.56
1.559
1.5579
1.5568
1.5557
1.5546
1.5534
1.5523
1.5511
1.55
1.5488
1.5475
1.5463
1.545
1.5438
1.5425
1.5411
1.5398
1.5384
1.5369
1.5355
1.534
1.5324
1.5308
1.5292
1.5275
1.5258
1.524
1.5221
1.5202
1.5182
1.5161
1.5139
1.5117
1.5093
1.5068
1.5043
1.5015
1.4987
1.4957
1.4925
1.4891
1.4856
1.4818
1.4778
1.4735
1.4688
1.4639
1.4586
1.4529
1.4466
1.4399
1.4326
1.4246
1.4159
1.4064
1.3959
1.3843
1.3715
1.3574
1.3417
1.3244
1.3051
1.2839
1.2603
1.2345
1.2062
1.1755
1.1424
1.1073
1.0704
1.0322
.9934
.9543
.9156
.8778
.8413
.8063
.7729
.7414
.7116
.6835
.6571
.6321
.6087
.5865
.5656
.5458
.5271
.5093
.4925
.4765
.4613
.4468
.4331
.42
.4076
.3957
.3845
.3737
.3635
.3537
.3444
.3355
.327
.3189
.3111
.3037
.2966
.2899
.2834
.2771
.2712
.2655
.26
.2547
.2496
.2447
.24
.2355
.2311
.2269
.2229
.219
.2152
.2115
.208
.2046
.2013
.1981
.195
.192
.1891
.1862
.1835
.1808
.1782
.1757
.1733
.1709
.1686
.1663
.1641
.162
.1599
.1579
.1559
.1539
.1521
.1502
.1484
.1467
.145
.1433
.1416
.14
.1385
.1369
.1354
.134
.1325
.1311
.1297
.1284
.1271
.1258
.1245
.1233
.122
.1208
.1197
.1185
.1174
.1163
.1152
.1141
.113
.112
.111
.11
.109
.1081
.1071
.1062
.1053
.1044
.1035
.1026
.1017
.1009
.1001
.0992
.0984
.0977
.0969
.0961
.0953
.0946
.0939
.0931
.0924
.0917
.091
.0904
.0897
.089
.0884
.0877
.0871
.0865
.0859
.0852
.0846
.084
.0835
.0829
.0823
.0818
.0812
.0807
.0801
.0796
.0791
.0785
.078
.0775
.077
.0765
.076
.0755
.0751
.0746
.0741
.0737
.0732
.0728
.0723
.0719
.0714
.071
.0706
.0702
.0698
.0694
.0689
.0685
.0681
.0678
.0674
.067
.0666
.0662
.0659
.0655
.0651
.0648
.0644
.0641
.0637
.0634
.063
.0627
.0624
.062
.0617
.0614
.0611
.0607
.0604
.0601
.0598
.0595
.0592
.0589
.0586
.0583
.058
.0577
.0574
.0572
.0569
.0566
.0563
.056
.0558
.0555
.0552
.055
.0547
.0545
.0542
.054
.0537
.0535
.0532
.053
.0527
.0525
.0522
.052
.0518
.0515
.0513
.0511
.0509
.0506
.0504
.0502
.05
