4.2638
4.0556
3.8743
3.7187
3.5826
3.4597
3.3448
3.2348
3.1279
3.0243
2.9251
2.8328
2.7502
2.6799
2.6232
2.5799
2.5483
2.5258
2.5097
2.498
2.489
2.4815
2.475
2.4689
2.463
2.4571
2.4511
2.4451
2.4389
2.4327
2.4264
2.42
2.4135
2.4069
2.4002
2.3935
2.3868
2.3799
2.373
2.366
2.3589
2.3517
2.3444
2.337
2.3293
2.3216
2.3135
2.3053
2.2967
2.2877
2.2784
2.2685
2.258
2.2469
2.2349
2.2219
2.2078
2.1923
2.1752
2.1563
2.1351
2.1114
2.0847
2.0546
2.0207
1.9827
1.9401
1.8928
1.8408
1.7844
1.7241
1.6606
1.5948
1.5279
1.4606
1.3941
1.329
1.266
1.2055
1.1477
1.093
1.0412
.9925
.9468
.9039
.8638
.8263
.7913
.7586
.7281
.6996
.673
.6481
.6248
.603
.5826
.5634
.5454
.5284
.5124
.4974
.4832
.4697
.457
.4449
.4335
.4226
.4122
.4024
.393
.384
.3754
.3672
.3594
.3519
.3447
.3377
.3311
.3247
.3185
.3126
.3069
.3013
.296
.2909
.2859
.2811
.2765
.272
.2676
.2634
.2593
.2553
.2514
.2477
.2441
.2405
.2371
.2338
.2305
.2274
.2243
.2213
.2184
.2155
.2127
.21
.2074
.2048
.2023
.1999
.1975
.1951
.1928
.1906
.1884
.1863
.1842
.1822
.1802
.1782
.1763
.1744
.1726
.1708
.169
.1673
.1656
.164
.1624
.1608
.1592
.1577
.1562
.1547
.1533
.1518
.1504
.1491
.1477
.1464
.1451
.1438
.1426
.1414
.1402
.139
.1378
.1367
.1355
.1344
.1333
.1323
.1312
.1302
.1291
.1281
.1271
.1261
.1252
.1242
.1233
.1224
.1215
.1206
.1197
.1188
.118
.1171
.1163
.1155
.1147
.1139
.1131
.1123
.1116
.1108
.1101
.1094
.1086
.1079
.1072
.1065
.1058
.1052
.1045
.1038
.1032
.1025
.1019
.1013
.1006
.1
.0994
.0988
.0982
.0977
.0971
.0965
.096
.0954
.0948
.0943
.0938
.0932
.0927
.0922
.0917
.0912
.0907
.0902
.0897
.0892
.0887
.0882
.0878
.0873
.0868
.0864
.0859
.0855
.085
.0846
.0842
.0837
.0833
.0829
.0825
.0821
.0817
.0813
.0809
.0805
.0801
.0797
.0793
.0789
.0786
.0782
.0778
.0774
.0771
.0767
.0764
.076
.0757
.0753
.075
.0746
.0743
.074
.0736
.0733
.073
.0727
.0723
.072
.0717
.0714
.0711
.0708
.0705
.0702
.0699
.0696
.0693
.069
.0687
.0684
.0681
.0679
.0676
.0673
.067
.0668
.0665
.0662
.066
.0657
.0654
.0652
.0649
.0647
.0644
.0642
.0639
.0637
.0634
.0632
.0629
.0627
.0624
.0622
.062
.0617
.0615
.0613
.0611
.0608
.0606
.0604
.0602
.0599
.0597
.0595
.0593
.0591
.0589
.0587
.0584
.0582
.058
.0578
.0576
.0574
.0572
.057
.0568
.0566
.0564
.0562
.0561
.0559
.0557
.0555
.0553
.0551
.0549
.0547
.0546
.0544
.0542
.054
.0538
.0537
.0535
.0533
.0531
.053
.0528
.0526
.0525
.0523
.0521
.052
.0518
.0516
.0515
.0513
.0512
.051
.0508
.0507
.0505
.0504
.0502
.0501
.0499
