4.4849
4.1782
3.824
3.448
3.086
2.7703
2.5214
2.3458
2.2356
2.1728
2.1389
2.1204
2.1098
2.103
2.0979
2.0936
2.0896
2.0856
2.0815
2.0774
2.0731
2.0686
2.064
2.0593
2.0545
2.0495
2.0445
2.0394
2.0343
2.029
2.0237
2.0184
2.0131
2.0076
2.0022
1.9968
1.9913
1.9858
1.9803
1.9748
1.9693
1.9638
1.9583
1.9528
1.9474
1.9419
1.9365
1.9311
1.9257
1.9204
1.9151
1.9098
1.9046
1.8994
1.8942
1.8891
1.884
1.8789
1.8739
1.869
1.864
1.8591
1.8543
1.8494
1.8446
1.8398
1.8351
1.8303
1.8256
1.8208
1.8161
1.8113
1.8065
1.8017
1.7969
1.792
1.787
1.782
1.7769
1.7717
1.7664
1.761
1.7554
1.7497
1.7437
1.7376
1.7312
1.7245
1.7175
1.7101
1.7024
1.6942
1.6856
1.6764
1.6666
1.6562
1.645
1.633
1.6202
1.6065
1.5917
1.5759
1.5591
1.541
1.5219
1.5016
1.4802
1.4577
1.4342
1.4099
1.3848
1.359
1.3329
1.3064
1.2797
1.2529
1.2263
1.1998
1.1737
1.1478
1.1224
1.0974
1.0729
1.0489
1.0254
1.0024
.9799
.958
.9366
.9157
.8953
.8754
.856
.8372
.8187
.8008
.7834
.7664
.7498
.7337
.7181
.7029
.6881
.6737
.6597
.6461
.6329
.6201
.6076
.5955
.5837
.5722
.5611
.5503
.5398
.5296
.5197
.5101
.5007
.4916
.4828
.4742
.4658
.4577
.4497
.442
.4345
.4272
.4201
.4132
.4065
.3999
.3935
.3873
.3812
.3753
.3695
.3639
.3584
.3531
.3478
.3427
.3378
.3329
.3282
.3236
.319
.3146
.3103
.3061
.302
.298
.294
.2902
.2864
.2828
.2792
.2756
.2722
.2688
.2655
.2623
.2591
.256
.253
.25
.2471
.2443
.2415
.2387
.236
.2334
.2308
.2283
.2258
.2233
.221
.2186
.2163
.214
.2118
.2096
.2075
.2054
.2033
.2013
.1993
.1974
.1954
.1936
.1917
.1899
.1881
.1863
.1846
.1829
.1812
.1795
.1779
.1763
.1748
.1732
.1717
.1702
.1687
.1673
.1658
.1644
.163
.1617
.1603
.159
.1577
.1564
.1552
.1539
.1527
.1515
.1503
.1491
.1479
.1468
.1457
.1445
.1435
.1424
.1413
.1403
.1392
.1382
.1372
.1362
.1352
.1342
.1333
.1323
.1314
.1305
.1296
.1287
.1278
.1269
.126
.1252
.1243
.1235
.1227
.1219
.1211
.1203
.1195
.1187
.118
.1172
.1165
.1157
.115
.1143
.1136
.1129
.1122
.1115
.1108
.1101
.1095
.1088
.1082
.1075
.1069
.1062
.1056
.105
.1044
.1038
.1032
.1026
.102
.1015
.1009
.1003
.0998
.0992
.0987
.0981
.0976
.097
.0965
.096
.0955
.095
.0945
.094
.0935
.093
.0925
.092
.0915
.0911
.0906
.0901
.0897
.0892
.0888
.0883
.0879
.0875
.087
.0866
.0862
.0858
.0853
.0849
.0845
.0841
.0837
.0833
.0829
.0825
.0821
.0817
.0814
.081
.0806
.0802
.0799
.0795
.0791
.0788
.0784
.0781
.0777
.0774
.077
.0767
.0764
.076
.0757
.0754
.075
.0747
.0744
.0741
.0738
.0734
.0731
.0728
.0725
.0722
.0719
.0716
.0713
.071
.0707
.0704
.0701
.0699
.0696
.0693
.069
.0687
.0685
.0682
.0679
.0676
.0674
.0671
.0669
.0666
.0663
.0661
.0658
.0656
.0653
.0651
.0648
.0646
.0643
.0641
.0638
.0636
.0634
.0631
.0629
.0627
.0624
.0622
.062
.0617
.0615
.0613
.0611
.0609
.0606
.0604
.0602
.06
.0598
.0596
.0594
.0592
.0589
.0587
.0585
.0583
.0581
.0579
.0577
.0575
.0573
.0571
.0569
.0568
.0566
.0564
.0562
.056
.0558
.0556
.0554
.0553
.0551
.0549
.0547
.0545
.0544
.0542
.054
.0538
.0537
.0535
.0533
.0531
.053
.0528
.0526
.0525
.0523
.0522
.052
.0518
.0517
.0515
.0513
.0512
.051
.0509
.0507
.0506
.0504
.0503
.0501
.05
