4.1496
3.8517
3.5692
3.3096
3.0709
2.8499
2.6467
2.466
2.315
2.198
2.114
2.0566
2.0179
1.9913
1.9721
1.9574
1.9455
1.9353
1.9263
1.918
1.9102
1.9027
1.8955
1.8884
1.8815
1.8748
1.8681
1.8615
1.8549
1.8485
1.8421
1.8358
1.8295
1.8233
1.8172
1.8112
1.8053
1.7994
1.7937
1.788
1.7824
1.777
1.7716
1.7663
1.7612
1.7561
1.7512
1.7464
1.7416
1.737
1.7325
1.728
1.7237
1.7194
1.7153
1.7112
1.7073
1.7034
1.6996
1.6958
1.6922
1.6886
1.6851
1.6817
1.6783
1.675
1.6717
1.6686
1.6654
1.6623
1.6593
1.6563
1.6534
1.6505
1.6476
1.6448
1.642
1.6392
1.6365
1.6338
1.6312
1.6285
1.6259
1.6233
1.6207
1.6181
1.6156
1.613
1.6105
1.6079
1.6054
1.6029
1.6003
1.5978
1.5952
1.5926
1.5901
1.5875
1.5848
1.5822
1.5795
1.5767
1.574
1.5712
1.5683
1.5653
1.5623
1.5592
1.5561
1.5528
1.5494
1.5459
1.5423
1.5385
1.5346
1.5304
1.5261
1.5215
1.5167
1.5116
1.5061
1.5003
1.494
1.4873
1.4801
1.4722
1.4637
1.4544
1.4443
1.4332
1.421
1.4076
1.3929
1.3766
1.3587
1.339
1.3173
1.2937
1.2679
1.2401
1.2103
1.1786
1.1453
1.1107
1.0751
1.039
1.0028
.9669
.9316
.8973
.8642
.8324
.802
.7731
.7457
.7198
.6953
.6721
.6502
.6295
.6099
.5913
.5737
.557
.5412
.5261
.5117
.4981
.485
.4726
.4607
.4494
.4385
.4281
.4181
.4085
.3994
.3905
.3821
.3739
.3661
.3585
.3513
.3443
.3375
.331
.3247
.3186
.3128
.3071
.3016
.2963
.2912
.2862
.2814
.2767
.2721
.2677
.2635
.2593
.2553
.2514
.2476
.2439
.2403
.2368
.2334
.2301
.2268
.2237
.2206
.2176
.2147
.2119
.2091
.2064
.2037
.2012
.1986
.1962
.1938
.1914
.1891
.1869
.1846
.1825
.1804
.1783
.1763
.1743
.1724
.1705
.1686
.1668
.165
.1632
.1615
.1598
.1582
.1566
.155
.1534
.1519
.1504
.1489
.1474
.146
.1446
.1432
.1419
.1405
.1392
.138
.1367
.1354
.1342
.133
.1318
.1307
.1295
.1284
.1273
.1262
.1251
.1241
.123
.122
.121
.12
.119
.1181
.1171
.1162
.1153
.1143
.1134
.1126
.1117
.1108
.11
.1092
.1083
.1075
.1067
.1059
.1051
.1044
.1036
.1029
.1021
.1014
.1007
.1
.0993
.0986
.0979
.0972
.0965
.0959
.0952
.0946
.094
.0933
.0927
.0921
.0915
.0909
.0903
.0897
.0892
.0886
.088
.0875
.0869
.0864
.0858
.0853
.0848
.0843
.0837
.0832
.0827
.0822
.0817
.0813
.0808
.0803
.0798
.0794
.0789
.0785
.078
.0776
.0771
.0767
.0762
.0758
.0754
.075
.0746
.0741
.0737
.0733
.0729
.0725
.0722
.0718
.0714
.071
.0706
.0703
.0699
.0695
.0692
.0688
.0684
.0681
.0677
.0674
.0671
.0667
.0664
.0661
.0657
.0654
.0651
.0648
.0644
.0641
.0638
.0635
.0632
.0629
.0626
.0623
.062
.0617
.0614
.0611
.0608
.0605
.0603
.06
.0597
.0594
.0592
.0589
.0586
.0584
.0581
.0578
.0576
.0573
.0571
.0568
.0566
.0563
.0561
.0558
.0556
.0553
.0551
.0549
.0546
.0544
.0542
.0539
.0537
.0535
.0533
.053
.0528
.0526
.0524
.0522
.052
.0517
.0515
.0513
.0511
.0509
.0507
.0505
.0503
.0501
.0499
