4.3817
4.0741
3.7545
3.4477
3.1683
2.9216
2.7099
2.5361
2.4026
2.3078
2.2453
2.2057
2.1806
2.1639
2.1516
2.1416
2.1325
2.1238
2.1151
2.1063
2.0972
2.0879
2.0784
2.0686
2.0587
2.0487
2.0386
2.0284
2.0182
2.0079
1.9977
1.9875
1.9774
1.9673
1.9572
1.9473
1.9374
1.9276
1.9178
1.9082
1.8987
1.8892
1.8798
1.8705
1.8613
1.8522
1.8432
1.8342
1.8254
1.8166
1.8079
1.7992
1.7906
1.782
1.7735
1.765
1.7565
1.748
1.7396
1.731
1.7225
1.7139
1.7052
1.6964
1.6875
1.6784
1.6691
1.6596
1.6499
1.6399
1.6295
1.6187
1.6076
1.5959
1.5837
1.5708
1.5573
1.5431
1.528
1.5121
1.4951
1.4772
1.4582
1.438
1.4168
1.3944
1.3709
1.3463
1.3208
1.2944
1.2674
1.2398
1.2118
1.1837
1.1556
1.1276
1.0999
1.0727
1.046
1.0199
.9945
.9697
.9458
.9225
.9
.8782
.8572
.8368
.8172
.7982
.7798
.762
.7448
.7282
.7121
.6965
.6813
.6667
.6525
.6387
.6254
.6124
.5998
.5876
.5758
.5643
.5531
.5422
.5316
.5214
.5114
.5017
.4923
.4831
.4742
.4655
.4571
.4489
.4409
.4331
.4255
.4182
.411
.4041
.3973
.3907
.3843
.378
.3719
.366
.3602
.3545
.349
.3437
.3385
.3334
.3284
.3236
.3189
.3142
.3098
.3054
.3011
.2969
.2928
.2888
.2849
.2811
.2774
.2738
.2702
.2667
.2633
.26
.2568
.2536
.2505
.2474
.2445
.2415
.2387
.2359
.2331
.2304
.2278
.2252
.2227
.2202
.2178
.2154
.2131
.2108
.2086
.2063
.2042
.2021
.2
.1979
.1959
.194
.192
.1901
.1882
.1864
.1846
.1828
.1811
.1794
.1777
.176
.1744
.1728
.1712
.1697
.1682
.1667
.1652
.1638
.1623
.1609
.1595
.1582
.1568
.1555
.1542
.153
.1517
.1505
.1492
.148
.1468
.1457
.1445
.1434
.1423
.1412
.1401
.139
.1379
.1369
.1359
.1349
.1339
.1329
.1319
.1309
.13
.1291
.1281
.1272
.1263
.1255
.1246
.1237
.1229
.122
.1212
.1204
.1196
.1188
.118
.1172
.1164
.1157
.1149
.1142
.1134
.1127
.112
.1113
.1106
.1099
.1092
.1085
.1079
.1072
.1065
.1059
.1053
.1046
.104
.1034
.1028
.1022
.1016
.101
.1004
.0998
.0992
.0987
.0981
.0976
.097
.0965
.0959
.0954
.0949
.0944
.0939
.0933
.0928
.0923
.0918
.0914
.0909
.0904
.0899
.0895
.089
.0885
.0881
.0876
.0872
.0867
.0863
.0859
.0854
.085
.0846
.0842
.0837
.0833
.0829
.0825
.0821
.0817
.0813
.0809
.0806
.0802
.0798
.0794
.079
.0787
.0783
.078
.0776
.0772
.0769
.0765
.0762
.0758
.0755
.0752
.0748
.0745
.0742
.0738
.0735
.0732
.0729
.0726
.0723
.0719
.0716
.0713
.071
.0707
.0704
.0701
.0698
.0695
.0693
.069
.0687
.0684
.0681
.0678
.0676
.0673
.067
.0667
.0665
.0662
.066
.0657
.0654
.0652
.0649
.0647
.0644
.0642
.0639
.0637
.0634
.0632
.0629
.0627
.0625
.0622
.062
.0618
.0615
.0613
.0611
.0608
.0606
.0604
.0602
.06
.0597
.0595
.0593
.0591
.0589
.0587
.0585
.0583
.0581
.0578
.0576
.0574
.0572
.057
.0568
.0566
.0564
.0563
.0561
.0559
.0557
.0555
.0553
.0551
.0549
.0547
.0546
.0544
.0542
.054
.0538
.0537
.0535
.0533
.0531
.053
.0528
.0526
.0524
.0523
.0521
.0519
.0518
.0516
.0515
.0513
.0511
.051
.0508
.0506
.0505
.0503
.0502
.05
.0499
