4.133
3.9691
3.8336
3.7168
3.6098
3.5061
3.4005
3.2896
3.1711
3.0444
2.9116
2.7784
2.6535
2.5468
2.4643
2.4058
2.3663
2.3397
2.3207
2.3064
2.2947
2.2845
2.2753
2.2667
2.2586
2.2508
2.2432
2.2359
2.2287
2.2217
2.2148
2.208
2.2014
2.1949
2.1886
2.1824
2.1763
2.1704
2.1646
2.159
2.1535
2.1482
2.143
2.138
2.1331
2.1283
2.1237
2.1192
2.1147
2.1104
2.1062
2.102
2.0979
2.0939
2.0899
2.0859
2.0819
2.0779
2.0739
2.0699
2.0658
2.0617
2.0575
2.0532
2.0488
2.0444
2.0398
2.0351
2.0302
2.0252
2.0199
2.0145
2.0088
2.0029
1.9967
1.9902
1.9832
1.9759
1.9681
1.9598
1.9508
1.9412
1.9307
1.9194
1.907
1.8933
1.8782
1.8614
1.8426
1.8214
1.7976
1.7706
1.7399
1.7049
1.6651
1.6201
1.5694
1.5131
1.4516
1.3857
1.3168
1.2467
1.1771
1.1098
1.0459
.9862
.9312
.8809
.8352
.7936
.756
.722
.691
.663
.6374
.614
.5926
.5729
.5548
.5381
.5226
.5082
.4948
.4822
.4705
.4595
.4491
.4392
.43
.4212
.4128
.4049
.3973
.39
.3831
.3764
.37
.3638
.3579
.3522
.3466
.3413
.3361
.3311
.3262
.3215
.3169
.3124
.308
.3038
.2996
.2955
.2916
.2877
.2839
.2802
.2766
.273
.2696
.2661
.2628
.2595
.2563
.2532
.2501
.247
.2441
.2411
.2383
.2355
.2327
.23
.2273
.2247
.2222
.2196
.2172
.2147
.2124
.21
.2077
.2055
.2032
.2011
.1989
.1968
.1948
.1927
.1908
.1888
.1869
.185
.1832
.1813
.1796
.1778
.1761
.1744
.1727
.1711
.1695
.1679
.1664
.1648
.1633
.1619
.1604
.159
.1576
.1562
.1549
.1535
.1522
.151
.1497
.1484
.1472
.146
.1448
.1437
.1425
.1414
.1403
.1392
.1381
.137
.136
.1349
.1339
.1329
.1319
.1309
.13
.129
.1281
.1272
.1263
.1254
.1245
.1236
.1228
.1219
.1211
.1202
.1194
.1186
.1178
.1171
.1163
.1155
.1148
.114
.1133
.1126
.1118
.1111
.1104
.1097
.109
.1084
.1077
.107
.1064
.1057
.1051
.1045
.1039
.1032
.1026
.102
.1014
.1008
.1003
.0997
.0991
.0985
.098
.0974
.0969
.0963
.0958
.0953
.0947
.0942
.0937
.0932
.0927
.0922
.0917
.0912
.0907
.0902
.0898
.0893
.0888
.0884
.0879
.0875
.087
.0866
.0861
.0857
.0852
.0848
.0844
.084
.0835
.0831
.0827
.0823
.0819
.0815
.0811
.0807
.0803
.0799
.0796
.0792
.0788
.0784
.0781
.0777
.0773
.077
.0766
.0762
.0759
.0755
.0752
.0748
.0745
.0742
.0738
.0735
.0732
.0728
.0725
.0722
.0719
.0715
.0712
.0709
.0706
.0703
.07
.0697
.0694
.0691
.0688
.0685
.0682
.0679
.0676
.0673
.067
.0667
.0665
.0662
.0659
.0656
.0653
.0651
.0648
.0645
.0643
.064
.0637
.0635
.0632
.063
.0627
.0625
.0622
.0619
.0617
.0615
.0612
.061
.0607
.0605
.0602
.06
.0598
.0595
.0593
.0591
.0588
.0586
.0584
.0582
.0579
.0577
.0575
.0573
.057
.0568
.0566
.0564
.0562
.056
.0558
.0556
.0553
.0551
.0549
.0547
.0545
.0543
.0541
.0539
.0537
.0535
.0533
.0531
.0529
.0528
.0526
.0524
.0522
.052
.0518
.0516
.0514
.0513
.0511
.0509
.0507
.0505
.0504
.0502
.05
.0498
