4.4976
4.2001
3.8712
3.5376
3.2262
2.9527
2.7229
2.5382
2.3989
2.3016
2.2387
2.2002
2.1769
2.1625
2.1527
2.1455
2.1396
2.1342
2.1291
2.1241
2.1191
2.114
2.1087
2.1034
2.0979
2.0923
2.0866
2.0808
2.0748
2.0686
2.0624
2.056
2.0494
2.0427
2.0359
2.029
2.0219
2.0148
2.0075
2.0001
1.9927
1.9851
1.9776
1.97
1.9624
1.9548
1.9473
1.9398
1.9324
1.925
1.9178
1.9107
1.9036
1.8968
1.8901
1.8835
1.8771
1.8708
1.8648
1.8589
1.8531
1.8475
1.8421
1.8369
1.8318
1.8269
1.8221
1.8175
1.813
1.8087
1.8045
1.8004
1.7965
1.7926
1.7889
1.7853
1.7818
1.7784
1.7752
1.772
1.7689
1.7659
1.7629
1.7601
1.7573
1.7546
1.752
1.7494
1.7469
1.7445
1.7421
1.7398
1.7376
1.7354
1.7332
1.7311
1.729
1.727
1.7251
1.7231
1.7212
1.7194
1.7176
1.7158
1.7141
1.7124
1.7107
1.709
1.7074
1.7058
1.7042
1.7027
1.7012
1.6997
1.6982
1.6968
1.6954
1.694
1.6926
1.6912
1.6899
1.6885
1.6872
1.6859
1.6846
1.6833
1.6821
1.6808
1.6796
1.6784
1.6771
1.6759
1.6747
1.6736
1.6724
1.6712
1.67
1.6689
1.6677
1.6666
1.6654
1.6643
1.6631
1.662
1.6608
1.6597
1.6585
1.6574
1.6563
1.6551
1.654
1.6528
1.6516
1.6505
1.6493
1.6481
1.6469
1.6457
1.6445
1.6432
1.642
1.6407
1.6395
1.6382
1.6368
1.6355
1.6341
1.6328
1.6313
1.6299
1.6284
1.6269
1.6253
1.6237
1.6221
1.6204
1.6186
1.6168
1.6149
1.613
1.611
1.6089
1.6067
1.6044
1.602
1.5995
1.5969
1.5941
1.5911
1.588
1.5847
1.5812
1.5774
1.5734
1.5691
1.5645
1.5595
1.5541
1.5483
1.5419
1.535
1.5274
1.5191
1.51
1.4999
1.4888
1.4766
1.463
1.448
1.4314
1.4131
1.3929
1.3707
1.3464
1.32
1.2916
1.2612
1.2289
1.1952
1.1604
1.1247
1.0886
1.0526
1.0169
.9819
.9478
.9148
.8831
.8527
.8237
.796
.7697
.7447
.721
.6985
.6772
.657
.6378
.6195
.6022
.5857
.57
.5551
.5409
.5273
.5143
.5019
.4901
.4788
.4679
.4575
.4475
.4379
.4287
.4198
.4113
.4031
.3951
.3875
.3801
.373
.3662
.3595
.3531
.3469
.3409
.335
.3294
.3239
.3186
.3134
.3084
.3036
.2989
.2943
.2898
.2855
.2812
.2771
.2731
.2692
.2654
.2617
.2581
.2546
.2511
.2478
.2445
.2413
.2382
.2352
.2322
.2293
.2264
.2236
.2209
.2183
.2157
.2131
.2106
.2082
.2058
.2035
.2012
.1989
.1967
.1946
.1925
.1904
.1884
.1864
.1844
.1825
.1806
.1788
.177
.1752
.1734
.1717
.17
.1684
.1668
.1652
.1636
.1621
.1605
.159
.1576
.1561
.1547
.1533
.152
.1506
.1493
.148
.1467
.1455
.1442
.143
.1418
.1406
.1394
.1383
.1371
.136
.1349
.1339
.1328
.1317
.1307
.1297
.1287
.1277
.1267
.1257
.1248
.1239
.1229
.122
.1211
.1202
.1194
.1185
.1176
.1168
.116
.1152
.1144
.1136
.1128
.112
.1112
.1105
.1097
.109
.1083
.1075
.1068
.1061
.1054
.1048
.1041
.1034
.1028
.1021
.1015
.1008
.1002
.0996
.099
.0983
.0977
.0971
.0966
.096
.0954
.0948
.0943
.0937
.0932
.0926
.0921
.0916
.091
.0905
.09
.0895
.089
.0885
.088
.0875
.087
.0866
.0861
.0856
.0852
.0847
.0842
.0838
.0833
.0829
.0825
.082
.0816
.0812
.0808
.0804
.0799
.0795
.0791
.0787
.0783
.078
.0776
.0772
.0768
.0764
.076
.0757
.0753
.0749
.0746
.0742
.0739
.0735
.0732
.0728
.0725
.0722
.0718
.0715
.0712
.0708
.0705
.0702
.0699
.0696
.0692
.0689
.0686
.0683
.068
.0677
.0674
.0671
.0668
.0666
.0663
.066
.0657
.0654
.0651
.0649
.0646
.0643
.0641
.0638
.0635
.0633
.063
.0627
.0625
.0622
.062
.0617
.0615
.0612
.061
.0607
.0605
.0603
.06
.0598
.0596
.0593
.0591
.0589
.0586
.0584
.0582
.058
.0577
.0575
.0573
.0571
.0569
.0567
.0565
.0562
.056
.0558
.0556
.0554
.0552
.055
.0548
.0546
.0544
.0542
.054
.0538
.0537
.0535
.0533
.0531
.0529
.0527
.0525
.0523
.0522
.052
.0518
.0516
.0515
.0513
.0511
.0509
.0508
.0506
.0504
.0502
.0501
.0499
