4.7672
4.5148
4.2469
3.9873
3.751
3.5402
3.3502
3.1751
3.011
2.8561
2.7102
2.5749
2.4523
2.3454
2.256
2.1845
2.1292
2.087
2.0546
2.029
2.0078
1.9895
1.973
1.9577
1.9432
1.9293
1.9158
1.9027
1.89
1.8775
1.8654
1.8537
1.8422
1.8312
1.8204
1.81
1.7999
1.7902
1.7808
1.7717
1.7629
1.7544
1.7461
1.7381
1.7304
1.7229
1.7155
1.7084
1.7015
1.6947
1.688
1.6815
1.6751
1.6687
1.6625
1.6563
1.6501
1.644
1.6378
1.6317
1.6255
1.6193
1.613
1.6067
1.6002
1.5935
1.5867
1.5797
1.5725
1.565
1.5572
1.549
1.5405
1.5314
1.5219
1.5117
1.5009
1.4892
1.4767
1.4632
1.4486
1.4327
1.4154
1.3965
1.3758
1.3532
1.3286
1.3017
1.2726
1.2412
1.2076
1.1718
1.1343
1.0954
1.0554
1.015
.9745
.9345
.8954
.8575
.821
.7862
.7531
.7218
.6923
.6645
.6383
.6136
.5904
.5686
.5481
.5288
.5106
.4934
.4772
.4619
.4474
.4336
.4206
.4082
.3965
.3853
.3747
.3646
.3549
.3457
.3369
.3285
.3204
.3127
.3054
.2983
.2915
.285
.2787
.2727
.2669
.2613
.2559
.2507
.2458
.2409
.2363
.2318
.2275
.2233
.2192
.2153
.2115
.2078
.2042
.2008
.1974
.1942
.191
.188
.185
.1821
.1793
.1766
.1739
.1713
.1688
.1664
.164
.1617
.1594
.1572
.1551
.153
.1509
.1489
.147
.1451
.1432
.1414
.1397
.1379
.1362
.1346
.133
.1314
.1299
.1283
.1269
.1254
.124
.1226
.1213
.1199
.1186
.1173
.1161
.1149
.1137
.1125
.1113
.1102
.1091
.108
.1069
.1059
.1048
.1038
.1028
.1018
.1009
.0999
.099
.0981
.0972
.0963
.0954
.0946
.0937
.0929
.0921
.0913
.0905
.0898
.089
.0882
.0875
.0868
.0861
.0854
.0847
.084
.0833
.0827
.082
.0814
.0807
.0801
.0795
.0789
.0783
.0777
.0771
.0766
.076
.0754
.0749
.0743
.0738
.0733
.0728
.0723
.0718
.0713
.0708
.0703
.0698
.0693
.0689
.0684
.0679
.0675
.067
.0666
.0662
.0657
.0653
.0649
.0645
.0641
.0637
.0633
.0629
.0625
.0621
.0617
.0614
.061
.0606
.0603
.0599
.0595
.0592
.0589
.0585
.0582
.0578
.0575
.0572
.0569
.0565
.0562
.0559
.0556
.0553
.055
.0547
.0544
.0541
.0538
.0535
.0532
.0529
.0527
.0524
.0521
.0518
.0516
.0513
.051
.0508
.0505
.0503
.05
