4.4072
4.1395
3.8834
3.6471
3.4278
3.2186
3.0137
2.812
2.6179
2.4421
2.2966
2.1879
2.1128
2.0625
2.028
2.0028
1.983
1.9664
1.952
1.9389
1.9269
1.9158
1.9053
1.8955
1.8863
1.8775
1.8692
1.8613
1.8538
1.8466
1.8397
1.8331
1.8268
1.8207
1.8147
1.809
1.8035
1.7981
1.7929
1.7878
1.7829
1.7781
1.7734
1.7688
1.7643
1.7599
1.7556
1.7514
1.7473
1.7433
1.7394
1.7355
1.7317
1.728
1.7244
1.7208
1.7172
1.7138
1.7103
1.707
1.7036
1.7003
1.6971
1.6939
1.6907
1.6876
1.6844
1.6813
1.6783
1.6752
1.6722
1.6691
1.6661
1.663
1.66
1.6569
1.6539
1.6508
1.6477
1.6445
1.6414
1.6381
1.6348
1.6315
1.6281
1.6246
1.621
1.6172
1.6134
1.6094
1.6053
1.6009
1.5964
1.5916
1.5866
1.5813
1.5756
1.5696
1.5631
1.5562
1.5486
1.5405
1.5316
1.522
1.5113
1.4997
1.4868
1.4726
1.4569
1.4394
1.4201
1.3987
1.375
1.3489
1.3202
1.2889
1.2551
1.2189
1.1806
1.1406
1.0993
1.0572
1.015
.9732
.9321
.8923
.8539
.8173
.7825
.7495
.7183
.689
.6614
.6355
.6111
.5881
.5666
.5463
.5271
.5091
.4921
.476
.4608
.4464
.4327
.4198
.4076
.3959
.3848
.3743
.3642
.3547
.3455
.3368
.3284
.3205
.3128
.3055
.2985
.2918
.2853
.2791
.2732
.2674
.2619
.2566
.2515
.2466
.2418
.2372
.2328
.2285
.2244
.2203
.2165
.2127
.2091
.2056
.2022
.1988
.1956
.1925
.1895
.1866
.1837
.1809
.1782
.1756
.1731
.1706
.1682
.1658
.1635
.1613
.1591
.157
.1549
.1529
.1509
.149
.1471
.1453
.1435
.1417
.14
.1383
.1367
.1351
.1335
.132
.1305
.129
.1276
.1262
.1248
.1235
.1221
.1208
.1196
.1183
.1171
.1159
.1147
.1136
.1124
.1113
.1102
.1092
.1081
.1071
.1061
.1051
.1041
.1031
.1022
.1013
.1003
.0994
.0986
.0977
.0968
.096
.0952
.0944
.0936
.0928
.092
.0912
.0905
.0898
.089
.0883
.0876
.0869
.0862
.0856
.0849
.0842
.0836
.083
.0823
.0817
.0811
.0805
.0799
.0793
.0788
.0782
.0776
.0771
.0765
.076
.0755
.0749
.0744
.0739
.0734
.0729
.0724
.0719
.0715
.071
.0705
.0701
.0696
.0692
.0687
.0683
.0678
.0674
.067
.0666
.0662
.0658
.0654
.065
.0646
.0642
.0638
.0634
.063
.0627
.0623
.0619
.0616
.0612
.0609
.0605
.0602
.0598
.0595
.0592
.0588
.0585
.0582
.0579
.0575
.0572
.0569
.0566
.0563
.056
.0557
.0554
.0551
.0548
.0546
.0543
.054
.0537
.0534
.0532
.0529
.0526
.0524
.0521
.0519
.0516
.0513
.0511
.0508
.0506
.0504
.0501
.0499
