4.7057
4.4633
4.2174
3.994
3.8062
3.6522
3.5237
3.4127
3.3131
3.221
3.1339
3.0509
2.972
2.898
2.8301
2.7699
2.7183
2.676
2.6424
2.6164
2.5968
2.5818
2.5702
2.5609
2.5531
2.5462
2.5398
2.5336
2.5275
2.5213
2.515
2.5085
2.5018
2.4947
2.4874
2.4798
2.4718
2.4634
2.4547
2.4454
2.4357
2.4254
2.4146
2.403
2.3907
2.3776
2.3636
2.3485
2.3323
2.3147
2.2957
2.2751
2.2526
2.228
2.2012
2.1718
2.1396
2.1046
2.0664
2.0251
1.9808
1.9336
1.8838
1.8318
1.7783
1.7236
1.6683
1.6129
1.5579
1.5036
1.4504
1.3986
1.3483
1.2998
1.2532
1.2085
1.1658
1.1252
1.0865
1.0498
1.0151
.9822
.951
.9216
.8938
.8675
.8427
.8193
.7971
.7762
.7564
.7376
.7199
.7031
.6872
.6721
.6577
.6441
.6312
.6189
.6072
.596
.5854
.5752
.5655
.5562
.5474
.5389
.5308
.523
.5155
.5084
.5015
.4949
.4885
.4824
.4765
.4708
.4654
.4601
.455
.4501
.4453
.4407
.4363
.432
.4278
.4238
.4199
.4161
.4125
.4089
.4055
.4021
.3988
.3957
.3926
.3896
.3867
.3839
.3811
.3784
.3758
.3733
.3708
.3683
.366
.3637
.3614
.3592
.3571
.355
.3529
.3509
.349
.3471
.3452
.3434
.3416
.3398
.3381
.3364
.3348
.3332
.3316
.3301
.3285
.3271
.3256
.3242
.3228
.3214
.32
.3187
.3174
.3161
.3149
.3137
.3125
.3113
.3101
.309
.3078
.3067
.3056
.3046
.3035
.3025
.3015
.3005
.2995
.2985
.2976
.2966
.2957
.2948
.2939
.293
.2921
.2913
.2904
.2896
.2888
.288
.2872
.2864
.2856
.2849
.2841
.2834
.2827
.2819
.2812
.2805
.2798
.2792
.2785
.2778
.2772
.2765
.2759
.2753
.2746
.274
.2734
.2728
.2722
.2716
.2711
.2705
.2699
.2694
.2688
.2683
.2678
.2672
.2667
.2662
.2657
.2652
.2647
.2642
.2637
.2632
.2627
.2623
.2618
.2613
.2609
.2604
.26
.2595
.2591
.2587
.2582
.2578
.2574
.257
.2566
.2562
.2558
.2554
.255
.2546
.2542
.2538
.2534
.2531
.2527
.2523
.252
.2516
.2513
.2509
.2506
.2502
.2499
.2495
.2492
.2489
.2485
.2482
.2479
.2476
.2472
.2469
.2466
.2463
.246
.2457
.2454
.2451
.2448
.2445
.2442
.2439
.2436
.2434
.2431
.2428
.2425
.2423
.242
.2417
.2414
.2412
.2409
.2407
.2404
.2401
.2399
.2396
.2394
.2391
.2389
.2387
.2384
.2382
.2379
.2377
.2375
.2372
.237
.2368
.2365
.2363
.2361
.2359
.2357
.2354
.2352
.235
.2348
.2346
.2344
.2342
.234
.2338
.2335
.2333
.2331
.2329
.2327
.2326
.2324
.2322
.232
.2318
.2316
.2314
.2312
.231
.2308
.2307
.2305
.2303
.2301
.2299
.2298
.2296
.2294
.2292
.2291
.2289
.2287
.2286
.2284
.2282
.2281
.2279
.2277
.2276
.2274
.2272
.2271
.2269
.2268
.2266
.2265
.2263
.2262
.226
.2258
.2257
.2255
.2254
.2253
.2251
.225
.2248
.2247
.2245
.2244
.2242
.2241
.224
.2238
.2237
.2236
.2234
.2233
.2231
.223
.2229
.2227
.2226
.2225
.2224
.2222
.2221
.222
.2218
.2217
.2216
.2215
.2213
.2212
.2211
.221
.2209
.2207
.2206
.2205
.2204
.2203
.2201
.22
.2199
.2198
.2197
.2196
.2194
.2193
.2192
.2191
.219
.2189
.2188
.2187
.2186
.2185
.2183
.2182
.2181
.218
.2179
.2178
.2177
.2176
.2175
.2174
.2173
.2172
.2171
.217
.2169
.2168
.2167
.2166
.2165
.2164
.2163
.2162
.2161
.216
.2159
.2158
.2157
.2156
.2156
.2155
.2154
.2153
.2152
.2151
.215
.2149
.2148
.2147
.2146
.2146
.2145
.2144
.2143
.2142
.2141
.214
.214
.2139
.2138
.2137
.2136
.2135
.2134
.2134
.2133
.2132
.2131
.213
.213
.2129
.2128
.2127
.2126
.2126
.2125
.2124
.2123
.2123
.2122
.2121
.212
.2119
.2119
.2118
.2117
.2116
.2116
.2115
.2114
.2113
.2113
.2112
.2111
.2111
.211
.2109
.2108
.2108
.2107
.2106
.2106
.2105
.2104
.2104
.2103
.2102
.2101
.2101
.21
.2099
.2099
.2098
.2097
.2097
.2096
.2095
.2095
.2094
.2093
.2093
.2092
.2092
.2091
.209
.209
.2089
.2088
.2088
.2087
.2087
.2086
.2085
.2085
.2084
.2083
.2083
.2082
.2082
.2081
.208
.208
.2079
.2079
.2078
.2078
.2077
.2076
.2076
.2075
.2075
.2074
.2073
.2073
.2072
.2072
.2071
.2071
.207
.207
.2069
.2068
.2068
.2067
.2067
.2066
.2066
.2065
.2065
.2064
.2064
.2063
.2063
.2062
.2062
.2061
.206
.206
.2059
.2059
.2058
.2058
.2057
.2057
.2056
.2056
.2055
.2055
.2054
.2054
.2053
.2053
.2052
.2052
.2051
.2051
.205
.205
.2049
.2049
.2049
.2048
.2048
.2047
.2047
.2046
.2046
.2045
.2045
.2044
.2044
.2043
.2043
.2042
.2042
.2042
.2041
.2041
.204
.204
.2039
.2039
.2038
.2038
.2038
.2037
.2037
.2036
.2036
.2035
.2035
.2035
.2034
.2034
.2033
.2033
.2032
.2032
.2032
.2031
.2031
.203
.203
.203
.2029
.2029
.2028
.2028
.2027
.2027
.2027
.2026
.2026
.2025
.2025
.2025
.2024
.2024
.2023
.2023
.2023
.2022
.2022
.2022
.2021
.2021
.202
.202
.202
.2019
.2019
.2019
.2018
.2018
.2017
.2017
.2017
.2016
.2016
.2016
.2015
.2015
.2014
.2014
.2014
.2013
.2013
.2013
.2012
.2012
.2012
.2011
.2011
.2011
.201
.201
.2009
.2009
.2009
.2008
.2008
.2008
.2007
.2007
.2007
.2006
.2006
.2006
.2005
.2005
.2005
.2004
.2004
.2004
.2003
.2003
.2003
.2002
.2002
.2002
.2001
.2001
.2001
.2
.2
.2
.1999
.1999
.1999
.1999
.1998
.1998
.1998
.1997
.1997
.1997
.1996
.1996
.1996
.1995
.1995
.1995
.1994
.1994
.1994
.1994
.1993
.1993
.1993
.1992
.1992
.1992
.1991
.1991
.1991
.1991
.199
.199
.199
.1989
.1989
.1989
.1989
.1988
.1988
.1988
.1987
.1987
.1987
.1987
.1986
.1986
.1986
.1985
.1985
.1985
.1985
.1984
.1984
.1984
.1983
.1983
.1983
.1983
.1982
.1982
.1982
.1982
.1981
.1981
.1981
.1981
.198
.198
.198
.1979
.1979
.1979
.1979
.1978
.1978
.1978
.1978
.1977
.1977
.1977
.1977
.1976
.1976
.1976
.1976
.1975
.1975
.1975
.1975
.1974
.1974
.1974
.1974
.1973
.1973
.1973
.1973
.1972
.1972
.1972
.1972
.1971
.1971
.1971
.1971
.197
.197
.197
.197
.1969
.1969
.1969
.1969
.1968
.1968
.1968
.1968
.1968
.1967
.1967
.1967
.1967
.1966
.1966
.1966
.1966
.1965
.1965
.1965
.1965
.1965
.1964
.1964
.1964
.1964
.1963
.1963
.1963
.1963
.1963
.1962
.1962
.1962
.1962
.1961
.1961
.1961
.1961
.1961
.196
.196
.196
.196
.196
.1959
.1959
.1959
.1959
.1958
.1958
.1958
.1958
.1958
.1957
.1957
.1957
.1957
.1957
.1956
.1956
.1956
.1956
.1956
.1955
.1955
.1955
.1955
.1955
.1954
.1954
.1954
.1954
.1953
.1953
.1953
.1953
.1953
.1953
.1952
.1952
.1952
.1952
.1952
.1951
.1951
.1951
.1951
.1951
.195
.195
.195
.195
.195
.1949
.1949
.1949
.1949
.1949
.1948
.1948
.1948
.1948
.1948
.1948
.1947
.1947
.1947
.1947
.1947
.1946
.1946
.1946
.1946
.1946
.1945
.1945
.1945
.1945
.1945
.1945
.1944
.1944
.1944
.1944
.1944
.1943
.1943
.1943
.1943
.1943
.1943
.1942
.1942
.1942
.1942
.1942
.1942
.1941
.1941
.1941
.1941
.1941
.1941
.194
.194
.194
.194
.194
.1939
.1939
.1939
.1939
.1939
.1939
.1938
.1938
.1938
.1938
.1938
.1938
.1937
.1937
.1937
.1937
.1937
.1937
.1936
.1936
.1936
.1936
.1936
.1936
.1936
.1935
.1935
.1935
.1935
.1935
.1935
.1934
.1934
.1934
.1934
.1934
.1934
.1933
.1933
.1933
.1933
.1933
.1933
.1933
.1932
.1932
.1932
.1932
.1932
.1932
.1931
.1931
.1931
.1931
.1931
.1931
.1931
.193
.193
.193
.193
.193
.193
.1929
.1929
.1929
.1929
.1929
.1929
.1929
.1928
.1928
.1928
.1928
.1928
.1928
.1928
.1927
.1927
.1927
.1927
.1927
.1927
.1927
.1926
.1926
.1926
.1926
.1926
.1926
.1926
.1925
.1925
.1925
.1925
.1925
.1925
.1925
.1924
.1924
.1924
.1924
.1924
.1924
.1924
.1923
.1923
.1923
.1923
.1923
.1923
.1923
.1922
.1922
.1922
.1922
.1922
.1922
.1922
.1922
.1921
.1921
.1921
.1921
.1921
.1921
.1921
.192
.192
.192
.192
.192
.192
.192
.192
.1919
.1919
.1919
.1919
.1919
.1919
.1919
.1919
.1918
.1918
.1918
.1918
.1918
.1918
.1918
.1918
.1917
.1917
.1917
.1917
.1917
.1917
.1917
.1917
.1916
.1916
.1916
.1916
.1916
.1916
.1916
.1916
.1915
.1915
.1915
.1915
.1915
.1915
.1915
.1915
.1914
.1914
.1914
.1914
.1914
.1914
.1914
.1914
.1913
.1913
.1913
.1913
.1913
.1913
.1913
.1913
.1912
.1912
.1912
.1912
.1912
.1912
.1912
.1912
.1912
.1911
.1911
.1911
.1911
.1911
.1911
.1911
.1911
.1911
.191
.191
.191
.191
.191
.191
.191
.191
.191
.1909
.1909
.1909
.1909
.1909
.1909
.1909
.1909
.1908
.1908
.1908
.1908
.1908
.1908
.1908
.1908
.1908
.1908
.1907
.1907
.1907
.1907
.1907
.1907
.1907
.1907
.1907
.1906
.1906
.1906
.1906
.1906
.1906
.1906
.1906
.1906
.1905
.1905
.1905
.1905
.1905
.1905
.1905
.1905
.1905
.1905
.1904
.1904
.1904
.1904
.1904
.1904
.1904
.1904
.1904
.1903
.1903
.1903
.1903
.1903
.1903
.1903
.1903
.1903
.1903
.1902
.1902
.1902
.1902
.1902
.1902
.1902
.1902
.1902
.1902
.1901
.1901
.1901
.1901
.1901
.1901
.1901
.1901
.1901
.1901
.19
.19
.19
.19
.19
.19
.19
.19
.19
.19
.19
.1899
.1899
.1899
.1899
.1899
.1899
.1899
.1899
.1899
.1899
.1898
.1898
.1898
.1898
.1898
.1898
.1898
.1898
.1898
.1898
.1898
.1897
.1897
.1897
.1897
.1897
.1897
.1897
.1897
.1897
.1897
.1897
.1896
.1896
.1896
.1896
.1896
.1896
.1896
.1896
.1896
.1896
.1896
.1895
.1895
.1895
.1895
.1895
.1895
.1895
.1895
.1895
.1895
.1895
.1894
.1894
.1894
.1894
.1894
.1894
.1894
.1894
.1894
.1894
.1894
.1893
.1893
.1893
.1893
.1893
.1893
.1893
.1893
.1893
.1893
.1893
.1893
.1892
.1892
.1892
.1892
.1892
.1892
.1892
.1892
.1892
.1892
.1892
.1891
.1891
.1891
.1891
.1891
.1891
.1891
.1891
.1891
.1891
.1891
.1891
.189
.189
.189
.189
.189
.189
.189
.189
.189
.189
.189
.189
.189
.1889
.1889
.1889
.1889
.1889
.1889
.1889
.1889
.1889
.1889
.1889
.1889
.1888
.1888
.1888
.1888
.1888
.1888
.1888
.1888
.1888
.1888
.1888
.1888
.1888
.1887
.1887
.1887
.1887
.1887
.1887
.1887
.1887
.1887
.1887
.1887
.1887
.1887
.1886
.1886
.1886
.1886
.1886
.1886
.1886
.1886
.1886
.1886
.1886
.1886
.1886
.1885
.1885
.1885
.1885
.1885
.1885
.1885
.1885
.1885
.1885
.1885
.1885
.1885
.1884
.1884
.1884
.1884
.1884
.1884
.1884
.1884
.1884
.1884
.1884
.1884
.1884
.1884
.1883
.1883
.1883
.1883
.1883
.1883
.1883
.1883
.1883
.1883
.1883
.1883
.1883
.1883
.1882
.1882
.1882
.1882
.1882
.1882
.1882
.1882
.1882
.1882
.1882
.1882
.1882
.1882
.1881
.1881
.1881
.1881
.1881
.1881
.1881
.1881
.1881
.1881
.1881
.1881
.1881
.1881
.188
.188
.188
.188
.188
.188
.188
.188
.188
.188
.188
.188
.188
.188
.188
.1879
.1879
.1879
.1879
.1879
.1879
.1879
.1879
.1879
.1879
.1879
.1879
.1879
.1879
.1879
.1878
.1878
.1878
.1878
.1878
.1878
.1878
.1878
.1878
.1878
.1878
.1878
.1878
.1878
.1878
.1877
.1877
.1877
.1877
.1877
.1877
.1877
.1877
.1877
.1877
.1877
.1877
.1877
.1877
.1877
.1877
.1876
.1876
.1876
.1876
.1876
.1876
.1876
.1876
.1876
.1876
.1876
.1876
.1876
.1876
.1876
.1876
.1875
.1875
.1875
.1875
.1875
.1875
.1875
.1875
.1875
.1875
.1875
.1875
.1875
.1875
.1875
.1875
.1874
.1874
.1874
.1874
.1874
.1874
.1874
.1874
.1874
.1874
.1874
.1874
.1874
.1874
.1874
.1874
.1873
.1873
.1873
.1873
.1873
.1873
.1873
.1873
.1873
.1873
.1873
.1873
.1873
.1873
.1873
.1873
.1873
.1872
.1872
.1872
.1872
.1872
.1872
.1872
.1872
.1872
.1872
.1872
.1872
.1872
.1872
.1872
.1872
.1872
.1872
.1871
.1871
.1871
.1871
.1871
.1871
.1871
.1871
.1871
.1871
.1871
.1871
.1871
.1871
.1871
.1871
.1871
.187
.187
.187
.187
.187
.187
.187
.187
.187
.187
.187
.187
.187
.187
.187
.187
.187
.187
.1869
.1869
.1869
.1869
.1869
.1869
.1869
.1869
.1869
.1869
.1869
.1869
.1869
.1869
.1869
.1869
.1869
.1869
.1869
.1868
.1868
.1868
.1868
.1868
.1868
.1868
.1868
.1868
.1868
.1868
.1868
.1868
.1868
.1868
.1868
.1868
.1868
.1867
.1867
.1867
.1867
.1867
.1867
.1867
.1867
.1867
.1867
.1867
.1867
.1867
.1867
.1867
.1867
.1867
.1867
.1867
.1867
.1866
.1866
.1866
.1866
.1866
.1866
.1866
.1866
.1866
.1866
.1866
.1866
.1866
.1866
.1866
.1866
.1866
.1866
.1866
.1865
.1865
.1865
.1865
.1865
.1865
.1865
.1865
.1865
.1865
.1865
.1865
.1865
.1865
.1865
.1865
.1865
.1865
.1865
.1865
.1864
.1864
.1864
.1864
.1864
.1864
.1864
.1864
.1864
.1864
.1864
.1864
.1864
.1864
.1864
.1864
.1864
.1864
.1864
.1864
.1864
.1863
.1863
.1863
.1863
.1863
.1863
.1863
.1863
.1863
.1863
.1863
.1863
.1863
.1863
.1863
.1863
.1863
.1863
.1863
.1863
.1863
.1862
.1862
.1862
.1862
.1862
.1862
.1862
.1862
.1862
.1862
.1862
.1862
.1862
.1862
.1862
.1862
.1862
.1862
.1862
.1862
.1862
.1861
.1861
.1861
.1861
.1861
.1861
.1861
.1861
.1861
.1861
.1861
.1861
.1861
.1861
.1861
.1861
.1861
.1861
.1861
.1861
.1861
.1861
.1861
.186
.186
.186
.186
.186
.186
.186
.186
.186
.186
.186
.186
.186
.186
.186
.186
.186
.186
.186
.186
.186
.186
.1859
.1859
.1859
.1859
.1859
.1859
.1859
.1859
.1859
.1859
.1859
.1859
.1859
.1859
.1859
.1859
.1859
.1859
.1859
.1859
.1859
.1859
.1859
.1858
.1858
.1858
.1858
.1858
.1858
.1858
.1858
.1858
.1858
.1858
.1858
.1858
.1858
.1858
.1858
.1858
.1858
.1858
.1858
.1858
.1858
.1858
.1858
.1857
.1857
.1857
.1857
.1857
.1857
.1857
.1857
.1857
.1857
.1857
.1857
.1857
.1857
.1857
.1857
.1857
.1857
.1857
.1857
.1857
.1857
.1857
.1857
.1856
.1856
.1856
.1856
.1856
.1856
.1856
.1856
.1856
.1856
.1856
.1856
.1856
.1856
.1856
.1856
.1856
.1856
.1856
.1856
.1856
.1856
.1856
.1856
.1856
.1855
.1855
.1855
.1855
.1855
.1855
.1855
.1855
.1855
.1855
.1855
.1855
.1855
.1855
.1855
.1855
.1855
.1855
.1855
.1855
.1855
.1855
.1855
.1855
.1855
.1855
.1854
.1854
.1854
.1854
.1854
.1854
.1854
.1854
.1854
.1854
.1854
.1854
.1854
.1854
.1854
.1854
.1854
.1854
.1854
.1854
.1854
.1854
.1854
.1854
.1854
.1854
.1853
.1853
.1853
.1853
.1853
.1853
.1853
.1853
.1853
.1853
.1853
.1853
.1853
.1853
.1853
.1853
.1853
.1853
.1853
.1853
.1853
.1853
.1853
.1853
.1853
.1853
.1853
.1852
.1852
.1852
.1852
.1852
.1852
.1852
.1852
.1852
.1852
.1852
.1852
.1852
.1852
.1852
.1852
.1852
.1852
.1852
.1852
.1852
.1852
.1852
.1852
.1852
.1852
.1852
.1851
.1851
.1851
.1851
.1851
.1851
.1851
.1851
.1851
.1851
.1851
.1851
.1851
.1851
.1851
.1851
.1851
.1851
.1851
.1851
.1851
.1851
.1851
.1851
.1851
.1851
.1851
.1851
.1851
.185
.185
.185
.185
.185
.185
.185
.185
.185
.185
.185
.185
.185
.185
.185
.185
.185
.185
.185
.185
.185
.185
.185
.185
.185
.185
.185
.185
.185
.1849
.1849
.1849
.1849
.1849
.1849
.1849
.1849
.1849
.1849
.1849
.1849
.1849
.1849
.1849
.1849
.1849
.1849
.1849
.1849
.1849
.1849
.1849
.1849
.1849
.1849
.1849
.1849
.1849
.1848
.1848
.1848
.1848
.1848
.1848
.1848
.1848
.1848
.1848
.1848
.1848
.1848
.1848
.1848
.1848
.1848
.1848
.1848
.1848
.1848
.1848
.1848
.1848
.1848
.1848
.1848
.1848
.1848
.1848
.1848
.1847
.1847
.1847
.1847
.1847
.1847
.1847
.1847
.1847
.1847
.1847
.1847
.1847
.1847
.1847
.1847
.1847
.1847
.1847
.1847
.1847
.1847
.1847
.1847
.1847
.1847
.1847
.1847
.1847
.1847
.1847
.1847
.1846
.1846
.1846
.1846
.1846
.1846
.1846
.1846
.1846
.1846
.1846
.1846
.1846
.1846
.1846
.1846
.1846
.1846
.1846
.1846
.1846
.1846
.1846
.1846
.1846
.1846
.1846
.1846
.1846
.1846
.1846
.1846
.1845
.1845
.1845
.1845
.1845
.1845
.1845
.1845
.1845
.1845
.1845
.1845
.1845
.1845
.1845
.1845
.1845
.1845
.1845
.1845
.1845
.1845
.1845
.1845
.1845
.1845
.1845
.1845
.1845
.1845
.1845
.1845
.1845
.1845
.1844
.1844
.1844
.1844
.1844
.1844
.1844
.1844
.1844
.1844
.1844
.1844
.1844
.1844
.1844
.1844
.1844
.1844
.1844
.1844
.1844
.1844
.1844
.1844
.1844
.1844
.1844
.1844
.1844
.1844
.1844
.1844
.1844
.1844
.1843
.1843
.1843
.1843
.1843
.1843
.1843
.1843
.1843
.1843
.1843
.1843
.1843
.1843
.1843
.1843
.1843
.1843
.1843
.1843
.1843
.1843
.1843
.1843
.1843
.1843
.1843
.1843
.1843
.1843
.1843
.1843
.1843
.1843
.1843
.1842
.1842
.1842
.1842
.1842
.1842
.1842
.1842
.1842
.1842
.1842
.1842
.1842
.1842
.1842
.1842
.1842
.1842
.1842
.1842
.1842
.1842
.1842
.1842
.1842
.1842
.1842
.1842
.1842
.1842
.1842
.1842
.1842
.1842
.1842
.1842
.1842
.1841
.1841
.1841
.1841
.1841
.1841
.1841
.1841
.1841
.1841
.1841
.1841
.1841
.1841
.1841
.1841
.1841
.1841
.1841
.1841
.1841
.1841
.1841
.1841
.1841
.1841
.1841
.1841
.1841
.1841
.1841
.1841
.1841
.1841
.1841
.1841
.1841
.1841
.184
.184
.184
.184
.184
.184
.184
.184
.184
.184
.184
.184
.184
.184
.184
.184
.184
.184
.184
.184
.184
.184
.184
.184
.184
.184
.184
.184
.184
.184
.184
.184
.184
.184
.184
.184
.184
.184
.1839
.1839
.1839
.1839
.1839
.1839
.1839
.1839
.1839
.1839
.1839
.1839
.1839
.1839
.1839
.1839
.1839
.1839
.1839
.1839
.1839
.1839
.1839
.1839
.1839
.1839
.1839
.1839
.1839
.1839
.1839
.1839
.1839
.1839
.1839
.1839
.1839
.1839
.1839
.1839
.1838
.1838
.1838
.1838
.1838
.1838
.1838
.1838
.1838
.1838
.1838
.1838
.1838
.1838
.1838
.1838
.1838
.1838
.1838
.1838
.1838
.1838
.1838
.1838
.1838
.1838
.1838
.1838
.1838
.1838
.1838
.1838
.1838
.1838
.1838
.1838
.1838
.1838
.1838
.1838
.1838
.1838
.1837
.1837
.1837
.1837
.1837
.1837
.1837
.1837
.1837
.1837
.1837
.1837
.1837
.1837
.1837
.1837
.1837
.1837
.1837
.1837
.1837
.1837
.1837
.1837
.1837
.1837
.1837
.1837
.1837
.1837
.1837
.1837
.1837
.1837
.1837
.1837
.1837
.1837
.1837
.1837
.1837
.1837
.1836
.1836
.1836
.1836
.1836
.1836
.1836
.1836
.1836
.1836
.1836
.1836
.1836
.1836
.1836
.1836
.1836
.1836
.1836
.1836
.1836
.1836
.1836
.1836
.1836
.1836
.1836
.1836
.1836
.1836
.1836
.1836
.1836
.1836
.1836
.1836
.1836
.1836
.1836
.1836
.1836
.1836
.1836
.1836
.1835
.1835
.1835
.1835
.1835
.1835
.1835
.1835
.1835
.1835
.1835
.1835
.1835
.1835
.1835
.1835
.1835
.1835
.1835
.1835
.1835
.1835
.1835
.1835
.1835
.1835
.1835
.1835
.1835
.1835
.1835
.1835
.1835
.1835
.1835
.1835
.1835
.1835
.1835
.1835
.1835
.1835
.1835
.1835
.1835
.1835
.1834
.1834
.1834
.1834
.1834
.1834
.1834
.1834
.1834
.1834
.1834
.1834
.1834
.1834
.1834
.1834
.1834
.1834
.1834
.1834
.1834
.1834
.1834
.1834
.1834
.1834
.1834
.1834
.1834
.1834
.1834
.1834
.1834
.1834
.1834
.1834
.1834
.1834
.1834
.1834
.1834
.1834
.1834
.1834
.1834
.1834
.1834
.1833
.1833
.1833
.1833
.1833
.1833
.1833
.1833
.1833
.1833
.1833
.1833
.1833
.1833
.1833
.1833
.1833
.1833
.1833
.1833
.1833
.1833
.1833
.1833
.1833
.1833
.1833
.1833
.1833
.1833
.1833
.1833
.1833
.1833
.1833
.1833
.1833
.1833
.1833
.1833
.1833
.1833
.1833
.1833
.1833
.1833
.1833
.1833
.1832
.1832
.1832
.1832
.1832
.1832
.1832
.1832
.1832
.1832
.1832
.1832
.1832
.1832
.1832
.1832
.1832
.1832
.1832
.1832
.1832
.1832
.1832
.1832
.1832
.1832
.1832
.1832
.1832
.1832
.1832
.1832
.1832
.1832
.1832
.1832
.1832
.1832
.1832
.1832
.1832
.1832
.1832
.1832
.1832
.1832
.1832
.1832
.1832
.1832
.1832
.1831
.1831
.1831
.1831
.1831
.1831
.1831
.1831
.1831
.1831
.1831
.1831
.1831
.1831
.1831
.1831
.1831
.1831
.1831
.1831
.1831
.1831
.1831
.1831
.1831
.1831
.1831
.1831
.1831
.1831
.1831
.1831
.1831
.1831
.1831
.1831
.1831
.1831
.1831
.1831
.1831
.1831
.1831
.1831
.1831
.1831
.1831
.1831
.1831
.1831
.1831
.1831
.183
.183
.183
.183
.183
.183
.183
.183
.183
.183
.183
.183
.183
.183
.183
.183
.183
.183
.183
.183
.183
.183
.183
.183
.183
.183
.183
.183
.183
.183
.183
.183
.183
.183
.183
.183
.183
.183
.183
.183
.183
.183
.183
.183
.183
.183
.183
.183
.183
.183
.183
.183
.183
.183
.1829
.1829
.1829
.1829
.1829
.1829
.1829
.1829
.1829
.1829
.1829
.1829
.1829
.1829
.1829
.1829
.1829
.1829
.1829
.1829
.1829
.1829
.1829
.1829
.1829
.1829
.1829
.1829
.1829
.1829
.1829
.1829
.1829
.1829
.1829
.1829
.1829
.1829
.1829
.1829
.1829
.1829
.1829
.1829
.1829
.1829
.1829
.1829
.1829
.1829
.1829
.1829
.1829
.1829
.1829
.1829
.1828
.1828
.1828
.1828
.1828
.1828
.1828
.1828
.1828
.1828
.1828
.1828
.1828
.1828
.1828
.1828
.1828
.1828
.1828
.1828
.1828
.1828
.1828
.1828
.1828
.1828
.1828
.1828
.1828
.1828
.1828
.1828
.1828
.1828
.1828
.1828
.1828
.1828
.1828
.1828
.1828
.1828
.1828
.1828
.1828
.1828
.1828
.1828
.1828
.1828
.1828
.1828
.1828
.1828
.1828
.1828
.1828
.1828
.1827
.1827
.1827
.1827
.1827
.1827
.1827
.1827
.1827
.1827
.1827
.1827
.1827
.1827
.1827
.1827
.1827
.1827
.1827
.1827
.1827
.1827
.1827
.1827
.1827
.1827
.1827
.1827
.1827
.1827
.1827
.1827
.1827
.1827
.1827
.1827
.1827
.1827
.1827
.1827
.1827
.1827
.1827
.1827
.1827
.1827
.1827
.1827
.1827
.1827
.1827
.1827
.1827
.1827
.1827
.1827
.1827
.1827
.1827
.1827
.1826
.1826
.1826
.1826
.1826
.1826
.1826
.1826
.1826
.1826
.1826
.1826
.1826
.1826
.1826
.1826
.1826
.1826
.1826
.1826
.1826
.1826
.1826
.1826
.1826
.1826
.1826
.1826
.1826
.1826
.1826
.1826
.1826
.1826
.1826
.1826
.1826
.1826
.1826
.1826
.1826
.1826
.1826
.1826
.1826
.1826
.1826
.1826
.1826
.1826
.1826
.1826
.1826
.1826
.1826
.1826
.1826
.1826
.1826
.1826
.1826
.1826
.1825
.1825
.1825
.1825
.1825
.1825
.1825
.1825
.1825
.1825
.1825
.1825
.1825
.1825
.1825
.1825
.1825
.1825
.1825
.1825
.1825
.1825
.1825
.1825
.1825
.1825
.1825
.1825
.1825
.1825
.1825
.1825
.1825
.1825
.1825
.1825
.1825
.1825
.1825
.1825
.1825
.1825
.1825
.1825
.1825
.1825
.1825
.1825
.1825
.1825
.1825
.1825
.1825
.1825
.1825
.1825
.1825
.1825
.1825
.1825
.1825
.1825
.1825
.1825
.1825
.1824
.1824
.1824
.1824
.1824
.1824
.1824
.1824
.1824
.1824
.1824
.1824
.1824
.1824
.1824
.1824
.1824
.1824
.1824
.1824
.1824
.1824
.1824
.1824
.1824
.1824
.1824
.1824
.1824
.1824
.1824
.1824
.1824
.1824
.1824
.1824
.1824
.1824
.1824
.1824
.1824
.1824
.1824
.1824
.1824
.1824
.1824
.1824
.1824
.1824
.1824
.1824
.1824
.1824
.1824
.1824
.1824
.1824
.1824
.1824
.1824
.1824
.1824
.1824
.1824
.1824
.1824
.1823
.1823
.1823
.1823
.1823
.1823
.1823
.1823
.1823
.1823
.1823
.1823
.1823
.1823
.1823
.1823
.1823
.1823
.1823
.1823
.1823
.1823
.1823
.1823
.1823
.1823
.1823
.1823
.1823
.1823
.1823
.1823
.1823
.1823
.1823
.1823
.1823
.1823
.1823
.1823
.1823
.1823
.1823
.1823
.1823
.1823
.1823
.1823
.1823
.1823
.1823
.1823
.1823
.1823
.1823
.1823
.1823
.1823
.1823
.1823
.1823
.1823
.1823
.1823
.1823
.1823
.1823
.1823
.1823
.1823
.1823
.1822
.1822
.1822
.1822
.1822
.1822
.1822
.1822
.1822
.1822
.1822
.1822
.1822
.1822
.1822
.1822
.1822
.1822
.1822
.1822
.1822
.1822
.1822
.1822
.1822
.1822
.1822
.1822
.1822
.1822
.1822
.1822
.1822
.1822
.1822
.1822
.1822
.1822
.1822
.1822
.1822
.1822
.1822
.1822
.1822
.1822
.1822
.1822
.1822
.1822
.1822
.1822
.1822
.1822
.1822
.1822
.1822
.1822
.1822
.1822
.1822
.1822
.1822
.1822
.1822
.1822
.1822
.1822
.1822
.1822
.1822
.1822
.1821
.1821
.1821
.1821
.1821
.1821
.1821
.1821
.1821
.1821
.1821
.1821
.1821
.1821
.1821
.1821
.1821
.1821
.1821
.1821
.1821
.1821
.1821
.1821
.1821
.1821
.1821
.1821
.1821
.1821
.1821
.1821
.1821
.1821
.1821
.1821
.1821
.1821
.1821
.1821
.1821
.1821
.1821
.1821
.1821
.1821
.1821
.1821
.1821
.1821
.1821
.1821
.1821
.1821
.1821
.1821
.1821
.1821
.1821
.1821
.1821
.1821
.1821
.1821
.1821
.1821
.1821
.1821
.1821
.1821
.1821
.1821
.1821
.1821
.1821
.1821
.182
.182
.182
.182
.182
.182
.182
.182
.182
.182
.182
.182
.182
.182
.182
.182
.182
.182
.182
.182
.182
.182
.182
.182
.182
.182
.182
.182
.182
.182
.182
.182
.182
.182
.182
.182
.182
.182
.182
.182
.182
.182
.182
.182
.182
.182
.182
.182
.182
.182
.182
.182
.182
.182
.182
.182
.182
.182
.182
.182
.182
.182
.182
.182
.182
.182
.182
.182
.182
.182
.182
.182
.182
.182
.182
.182
.182
.182
.182
.1819
.1819
.1819
.1819
.1819
.1819
.1819
.1819
.1819
.1819
.1819
.1819
.1819
.1819
.1819
.1819
.1819
.1819
.1819
.1819
.1819
.1819
.1819
.1819
.1819
.1819
.1819
.1819
.1819
.1819
.1819
.1819
.1819
.1819
.1819
.1819
.1819
.1819
.1819
.1819
.1819
.1819
.1819
.1819
.1819
.1819
.1819
.1819
.1819
.1819
.1819
.1819
.1819
.1819
.1819
.1819
.1819
.1819
.1819
.1819
.1819
.1819
.1819
.1819
.1819
.1819
.1819
.1819
.1819
.1819
.1819
.1819
.1819
.1819
.1819
.1819
.1819
.1819
.1819
.1819
.1819
.1819
.1818
.1818
.1818
.1818
.1818
.1818
.1818
.1818
.1818
.1818
.1818
.1818
.1818
.1818
.1818
.1818
.1818
.1818
.1818
.1818
.1818
.1818
.1818
.1818
.1818
.1818
.1818
.1818
.1818
.1818
.1818
.1818
.1818
.1818
.1818
.1818
.1818
.1818
.1818
.1818
.1818
.1818
.1818
.1818
.1818
.1818
.1818
.1818
.1818
.1818
.1818
.1818
.1818
.1818
.1818
.1818
.1818
.1818
.1818
.1818
.1818
.1818
.1818
.1818
.1818
.1818
.1818
.1818
.1818
.1818
.1818
.1818
.1818
.1818
.1818
.1818
.1818
.1818
.1818
.1818
.1818
.1818
.1818
.1818
.1818
.1818
.1817
.1817
.1817
.1817
.1817
.1817
.1817
.1817
.1817
.1817
.1817
.1817
.1817
.1817
.1817
.1817
.1817
.1817
.1817
.1817
.1817
.1817
.1817
.1817
.1817
.1817
.1817
.1817
.1817
.1817
.1817
.1817
.1817
.1817
.1817
.1817
.1817
.1817
.1817
.1817
.1817
.1817
.1817
.1817
.1817
.1817
.1817
.1817
.1817
.1817
.1817
.1817
.1817
.1817
.1817
.1817
.1817
.1817
.1817
.1817
.1817
.1817
.1817
.1817
.1817
.1817
.1817
.1817
.1817
.1817
.1817
.1817
.1817
.1817
.1817
.1817
.1817
.1817
.1817
.1817
.1817
.1817
.1817
.1817
.1817
.1817
.1817
.1817
.1817
.1817
.1816
.1816
.1816
.1816
.1816
.1816
.1816
.1816
.1816
.1816
.1816
.1816
.1816
.1816
.1816
.1816
.1816
.1816
.1816
.1816
.1816
.1816
.1816
.1816
.1816
.1816
.1816
.1816
.1816
.1816
.1816
.1816
.1816
.1816
.1816
.1816
.1816
.1816
.1816
.1816
.1816
.1816
.1816
.1816
.1816
.1816
.1816
.1816
.1816
.1816
.1816
.1816
.1816
.1816
.1816
.1816
.1816
.1816
.1816
.1816
.1816
.1816
.1816
.1816
.1816
.1816
.1816
.1816
.1816
.1816
.1816
.1816
.1816
.1816
.1816
.1816
.1816
.1816
.1816
.1816
.1816
.1816
.1816
.1816
.1816
.1816
.1816
.1816
.1816
.1816
.1816
.1816
.1816
.1815
.1815
.1815
.1815
.1815
.1815
.1815
.1815
.1815
.1815
.1815
.1815
.1815
.1815
.1815
.1815
.1815
.1815
.1815
.1815
.1815
.1815
.1815
.1815
.1815
.1815
.1815
.1815
.1815
.1815
.1815
.1815
.1815
.1815
.1815
.1815
.1815
.1815
.1815
.1815
.1815
.1815
.1815
.1815
.1815
.1815
.1815
.1815
.1815
.1815
.1815
.1815
.1815
.1815
.1815
.1815
.1815
.1815
.1815
.1815
.1815
.1815
.1815
.1815
.1815
.1815
.1815
.1815
.1815
.1815
.1815
.1815
.1815
.1815
.1815
.1815
.1815
.1815
.1815
.1815
.1815
.1815
.1815
.1815
.1815
.1815
.1815
.1815
.1815
.1815
.1815
.1815
.1815
.1815
.1815
.1815
.1815
.1814
.1814
.1814
.1814
.1814
.1814
.1814
.1814
.1814
.1814
.1814
.1814
.1814
.1814
.1814
.1814
.1814
.1814
.1814
.1814
.1814
.1814
.1814
.1814
.1814
.1814
.1814
.1814
.1814
.1814
.1814
.1814
.1814
.1814
.1814
.1814
.1814
.1814
.1814
.1814
.1814
.1814
.1814
.1814
.1814
.1814
.1814
.1814
.1814
.1814
.1814
.1814
.1814
.1814
.1814
.1814
.1814
.1814
.1814
.1814
.1814
.1814
.1814
.1814
.1814
.1814
.1814
.1814
.1814
.1814
.1814
.1814
.1814
.1814
.1814
.1814
.1814
.1814
.1814
.1814
.1814
.1814
.1814
.1814
.1814
.1814
.1814
.1814
.1814
.1814
.1814
.1814
.1814
.1814
.1814
.1814
.1814
.1814
.1814
.1814
.1814
.1813
.1813
.1813
.1813
.1813
.1813
.1813
.1813
.1813
.1813
.1813
.1813
.1813
.1813
.1813
.1813
.1813
.1813
.1813
.1813
.1813
.1813
.1813
.1813
.1813
.1813
.1813
.1813
.1813
.1813
.1813
.1813
.1813
.1813
.1813
.1813
.1813
.1813
.1813
.1813
.1813
.1813
.1813
.1813
.1813
.1813
.1813
.1813
.1813
.1813
.1813
.1813
.1813
.1813
.1813
.1813
.1813
.1813
.1813
.1813
.1813
.1813
.1813
.1813
.1813
.1813
.1813
.1813
.1813
.1813
.1813
.1813
.1813
.1813
.1813
.1813
.1813
.1813
.1813
.1813
.1813
.1813
.1813
.1813
.1813
.1813
.1813
.1813
.1813
.1813
.1813
.1813
.1813
.1813
.1813
.1813
.1813
.1813
.1813
.1813
.1813
.1813
.1813
.1813
.1813
.1813
.1812
.1812
.1812
.1812
.1812
.1812
.1812
.1812
.1812
.1812
.1812
.1812
.1812
.1812
.1812
.1812
.1812
.1812
.1812
.1812
.1812
.1812
.1812
.1812
.1812
.1812
.1812
.1812
.1812
.1812
.1812
.1812
.1812
.1812
.1812
.1812
.1812
.1812
.1812
.1812
.1812
.1812
.1812
.1812
.1812
.1812
.1812
.1812
.1812
.1812
.1812
.1812
.1812
.1812
.1812
.1812
.1812
.1812
.1812
.1812
.1812
.1812
.1812
.1812
.1812
.1812
.1812
.1812
.1812
.1812
.1812
.1812
.1812
.1812
.1812
.1812
.1812
.1812
.1812
.1812
.1812
.1812
.1812
.1812
.1812
.1812
.1812
.1812
.1812
.1812
.1812
.1812
.1812
.1812
.1812
.1812
.1812
.1812
.1812
.1812
.1812
.1812
.1812
.1812
.1812
.1812
.1812
.1812
.1812
.1812
.1811
.1811
.1811
.1811
.1811
.1811
.1811
.1811
.1811
.1811
.1811
.1811
.1811
.1811
.1811
.1811
.1811
.1811
.1811
.1811
.1811
.1811
.1811
.1811
.1811
.1811
.1811
.1811
.1811
.1811
.1811
.1811
.1811
.1811
.1811
.1811
.1811
.1811
.1811
.1811
.1811
.1811
.1811
.1811
.1811
.1811
.1811
.1811
.1811
.1811
.1811
.1811
.1811
.1811
.1811
.1811
.1811
.1811
.1811
.1811
.1811
.1811
.1811
.1811
.1811
.1811
.1811
.1811
.1811
.1811
.1811
.1811
.1811
.1811
.1811
.1811
.1811
.1811
.1811
.1811
.1811
.1811
.1811
.1811
.1811
.1811
.1811
.1811
.1811
.1811
.1811
.1811
.1811
.1811
.1811
.1811
.1811
.1811
.1811
.1811
.1811
.1811
.1811
.1811
.1811
.1811
.1811
.1811
.1811
.1811
.1811
.1811
.1811
.1811
.1811
.181
.181
.181
.181
.181
.181
.181
.181
.181
.181
.181
.181
.181
.181
.181
.181
.181
.181
.181
.181
.181
.181
.181
.181
.181
.181
.181
.181
.181
.181
.181
.181
.181
.181
.181
.181
.181
.181
.181
.181
.181
.181
.181
.181
.181
.181
.181
.181
.181
.181
.181
.181
.181
.181
.181
.181
.181
.181
.181
.181
.181
.181
.181
.181
.181
.181
.181
.181
.181
.181
.181
.181
.181
.181
.181
.181
.181
.181
.181
.181
.181
.181
.181
.181
.181
.181
.181
.181
.181
.181
.181
.181
.181
.181
.181
.181
.181
.181
.181
.181
.181
.181
.181
.181
.181
.181
.181
.181
.181
.181
.181
.181
.181
.181
.181
.181
.181
.181
.181
.181
.1809
.1809
.1809
.1809
.1809
.1809
.1809
.1809
.1809
.1809
.1809
.1809
.1809
.1809
.1809
.1809
.1809
.1809
.1809
.1809
.1809
.1809
.1809
.1809
.1809
.1809
.1809
.1809
.1809
.1809
.1809
.1809
.1809
.1809
.1809
.1809
.1809
.1809
.1809
.1809
.1809
.1809
.1809
.1809
.1809
.1809
.1809
.1809
.1809
.1809
.1809
.1809
.1809
.1809
.1809
.1809
.1809
.1809
.1809
.1809
.1809
.1809
.1809
.1809
.1809
.1809
.1809
.1809
.1809
.1809
.1809
.1809
.1809
.1809
.1809
.1809
.1809
.1809
.1809
.1809
.1809
.1809
.1809
.1809
.1809
.1809
.1809
.1809
.1809
.1809
.1809
.1809
.1809
.1809
.1809
.1809
.1809
.1809
.1809
.1809
.1809
.1809
.1809
.1809
.1809
.1809
.1809
.1809
.1809
.1809
.1809
.1809
.1809
.1809
.1809
.1809
.1809
.1809
.1809
.1809
.1809
.1809
.1809
.1809
.1808
.1808
.1808
.1808
.1808
.1808
.1808
.1808
.1808
.1808
.1808
.1808
.1808
.1808
.1808
.1808
.1808
.1808
.1808
.1808
.1808
.1808
.1808
.1808
.1808
.1808
.1808
.1808
.1808
.1808
.1808
.1808
.1808
.1808
.1808
.1808
.1808
.1808
.1808
.1808
.1808
.1808
.1808
.1808
.1808
.1808
.1808
.1808
.1808
.1808
.1808
.1808
.1808
.1808
.1808
.1808
.1808
.1808
.1808
.1808
.1808
.1808
.1808
.1808
.1808
.1808
.1808
.1808
.1808
.1808
.1808
.1808
.1808
.1808
.1808
.1808
.1808
.1808
.1808
.1808
.1808
.1808
.1808
.1808
.1808
.1808
.1808
.1808
.1808
.1808
.1808
.1808
.1808
.1808
.1808
.1808
.1808
.1808
.1808
.1808
.1808
.1808
.1808
.1808
.1808
.1808
.1808
.1808
.1808
.1808
.1808
.1808
.1808
.1808
.1808
.1808
.1808
.1808
.1808
.1808
.1808
.1808
.1808
.1808
.1808
.1808
.1808
.1808
.1808
.1808
.1807
.1807
.1807
.1807
.1807
.1807
.1807
.1807
.1807
.1807
.1807
.1807
.1807
.1807
.1807
.1807
.1807
.1807
.1807
.1807
.1807
.1807
.1807
.1807
.1807
.1807
.1807
.1807
.1807
.1807
.1807
.1807
.1807
.1807
.1807
.1807
.1807
.1807
.1807
.1807
.1807
.1807
.1807
.1807
.1807
.1807
.1807
.1807
.1807
.1807
.1807
.1807
.1807
.1807
.1807
.1807
.1807
.1807
.1807
.1807
.1807
.1807
.1807
.1807
.1807
.1807
.1807
.1807
.1807
.1807
.1807
.1807
.1807
.1807
.1807
.1807
.1807
.1807
.1807
.1807
.1807
.1807
.1807
.1807
.1807
.1807
.1807
.1807
.1807
.1807
.1807
.1807
.1807
.1807
.1807
.1807
.1807
.1807
.1807
.1807
.1807
.1807
.1807
.1807
.1807
.1807
.1807
.1807
.1807
.1807
.1807
.1807
.1807
.1807
.1807
.1807
.1807
.1807
.1807
.1807
.1807
.1807
.1807
.1807
.1807
.1807
.1807
.1807
.1807
.1807
.1807
.1807
.1807
.1807
.1806
.1806
.1806
.1806
.1806
.1806
.1806
.1806
.1806
.1806
.1806
.1806
.1806
.1806
.1806
.1806
.1806
.1806
.1806
.1806
.1806
.1806
.1806
.1806
.1806
.1806
.1806
.1806
.1806
.1806
.1806
.1806
.1806
.1806
.1806
.1806
.1806
.1806
.1806
.1806
.1806
.1806
.1806
.1806
.1806
.1806
.1806
.1806
.1806
.1806
.1806
.1806
.1806
.1806
.1806
.1806
.1806
.1806
.1806
.1806
.1806
.1806
.1806
.1806
.1806
.1806
.1806
.1806
.1806
.1806
.1806
.1806
.1806
.1806
.1806
.1806
.1806
.1806
.1806
.1806
.1806
.1806
.1806
.1806
.1806
.1806
.1806
.1806
.1806
.1806
.1806
.1806
.1806
.1806
.1806
.1806
.1806
.1806
.1806
.1806
.1806
.1806
.1806
.1806
.1806
.1806
.1806
.1806
.1806
.1806
.1806
.1806
.1806
.1806
.1806
.1806
.1806
.1806
.1806
.1806
.1806
.1806
.1806
.1806
.1806
.1806
.1806
.1806
.1806
.1806
.1806
.1806
.1806
.1806
.1806
.1806
.1806
.1806
.1806
.1806
.1805
.1805
.1805
.1805
.1805
.1805
.1805
.1805
.1805
.1805
.1805
.1805
.1805
.1805
.1805
.1805
.1805
.1805
.1805
.1805
.1805
.1805
.1805
.1805
.1805
.1805
.1805
.1805
.1805
.1805
.1805
.1805
.1805
.1805
.1805
.1805
.1805
.1805
.1805
.1805
.1805
.1805
.1805
.1805
.1805
.1805
.1805
.1805
.1805
.1805
.1805
.1805
.1805
.1805
.1805
.1805
.1805
.1805
.1805
.1805
.1805
.1805
.1805
.1805
.1805
.1805
.1805
.1805
.1805
.1805
.1805
.1805
.1805
.1805
.1805
.1805
.1805
.1805
.1805
.1805
.1805
.1805
.1805
.1805
.1805
.1805
.1805
.1805
.1805
.1805
.1805
.1805
.1805
.1805
.1805
.1805
.1805
.1805
.1805
.1805
.1805
.1805
.1805
.1805
.1805
.1805
.1805
.1805
.1805
.1805
.1805
.1805
.1805
.1805
.1805
.1805
.1805
.1805
.1805
.1805
.1805
.1805
.1805
.1805
.1805
.1805
.1805
.1805
.1805
.1805
.1805
.1805
.1805
.1805
.1805
.1805
.1805
.1805
.1805
.1805
.1805
.1805
.1805
.1805
.1804
.1804
.1804
.1804
.1804
.1804
.1804
.1804
.1804
.1804
.1804
.1804
.1804
.1804
.1804
.1804
.1804
.1804
.1804
.1804
.1804
.1804
.1804
.1804
.1804
.1804
.1804
.1804
.1804
.1804
.1804
.1804
.1804
.1804
.1804
.1804
.1804
.1804
.1804
.1804
.1804
.1804
.1804
.1804
.1804
.1804
.1804
.1804
.1804
.1804
.1804
.1804
.1804
.1804
.1804
.1804
.1804
.1804
.1804
.1804
.1804
.1804
.1804
.1804
.1804
.1804
.1804
.1804
.1804
.1804
.1804
.1804
.1804
.1804
.1804
.1804
.1804
.1804
.1804
.1804
.1804
.1804
.1804
.1804
.1804
.1804
.1804
.1804
.1804
.1804
.1804
.1804
.1804
.1804
.1804
.1804
.1804
.1804
.1804
.1804
.1804
.1804
.1804
.1804
.1804
.1804
.1804
.1804
.1804
.1804
.1804
.1804
.1804
.1804
.1804
.1804
.1804
.1804
.1804
.1804
.1804
.1804
.1804
.1804
.1804
.1804
.1804
.1804
.1804
.1804
.1804
.1804
.1804
.1804
.1804
.1804
.1804
.1804
.1804
.1804
.1804
.1804
.1804
.1804
.1804
.1804
.1804
.1804
.1803
.1803
.1803
.1803
.1803
.1803
.1803
.1803
.1803
.1803
.1803
.1803
.1803
.1803
.1803
.1803
.1803
.1803
.1803
.1803
.1803
.1803
.1803
.1803
.1803
.1803
.1803
.1803
.1803
.1803
.1803
.1803
.1803
.1803
.1803
.1803
.1803
.1803
.1803
.1803
.1803
.1803
.1803
.1803
.1803
.1803
.1803
.1803
.1803
.1803
.1803
.1803
.1803
.1803
.1803
.1803
.1803
.1803
.1803
.1803
.1803
.1803
.1803
.1803
.1803
.1803
.1803
.1803
.1803
.1803
.1803
.1803
.1803
.1803
.1803
.1803
.1803
.1803
.1803
.1803
.1803
.1803
.1803
.1803
.1803
.1803
.1803
.1803
.1803
.1803
.1803
.1803
.1803
.1803
.1803
.1803
.1803
.1803
.1803
.1803
.1803
.1803
.1803
.1803
.1803
.1803
.1803
.1803
.1803
.1803
.1803
.1803
.1803
.1803
.1803
.1803
.1803
.1803
.1803
.1803
.1803
.1803
.1803
.1803
.1803
.1803
.1803
.1803
.1803
.1803
.1803
.1803
.1803
.1803
.1803
.1803
.1803
.1803
.1803
.1803
.1803
.1803
.1803
.1803
.1803
.1803
.1803
.1803
.1803
.1803
.1803
.1803
.1802
.1802
.1802
.1802
.1802
.1802
.1802
.1802
.1802
.1802
.1802
.1802
.1802
.1802
.1802
.1802
.1802
.1802
.1802
.1802
.1802
.1802
.1802
.1802
.1802
.1802
.1802
.1802
.1802
.1802
.1802
.1802
.1802
.1802
.1802
.1802
.1802
.1802
.1802
.1802
.1802
.1802
.1802
.1802
.1802
.1802
.1802
.1802
.1802
.1802
.1802
.1802
.1802
.1802
.1802
.1802
.1802
.1802
.1802
.1802
.1802
.1802
.1802
.1802
.1802
.1802
.1802
.1802
.1802
.1802
.1802
.1802
.1802
.1802
.1802
.1802
.1802
.1802
.1802
.1802
.1802
.1802
.1802
.1802
.1802
.1802
.1802
.1802
.1802
.1802
.1802
.1802
.1802
.1802
.1802
.1802
.1802
.1802
.1802
.1802
.1802
.1802
.1802
.1802
.1802
.1802
.1802
.1802
.1802
.1802
.1802
.1802
.1802
.1802
.1802
.1802
.1802
.1802
.1802
.1802
.1802
.1802
.1802
.1802
.1802
.1802
.1802
.1802
.1802
.1802
.1802
.1802
.1802
.1802
.1802
.1802
.1802
.1802
.1802
.1802
.1802
.1802
.1802
.1802
.1802
.1802
.1802
.1802
.1802
.1802
.1802
.1802
.1802
.1802
.1802
.1801
.1801
.1801
.1801
.1801
.1801
.1801
.1801
.1801
.1801
.1801
.1801
.1801
.1801
.1801
.1801
.1801
.1801
.1801
.1801
.1801
.1801
.1801
.1801
.1801
.1801
.1801
.1801
.1801
.1801
.1801
.1801
.1801
.1801
.1801
.1801
.1801
.1801
.1801
.1801
.1801
.1801
.1801
.1801
.1801
.1801
.1801
.1801
.1801
.1801
.1801
.1801
.1801
.1801
.1801
.1801
.1801
.1801
.1801
.1801
.1801
.1801
.1801
.1801
.1801
.1801
.1801
.1801
.1801
.1801
.1801
.1801
.1801
.1801
.1801
.1801
.1801
.1801
.1801
.1801
.1801
.1801
.1801
.1801
.1801
.1801
.1801
.1801
.1801
.1801
.1801
.1801
.1801
.1801
.1801
.1801
.1801
.1801
.1801
.1801
.1801
.1801
.1801
.1801
.1801
.1801
.1801
.1801
.1801
.1801
.1801
.1801
.1801
.1801
.1801
.1801
.1801
.1801
.1801
.1801
.1801
.1801
.1801
.1801
.1801
.1801
.1801
.1801
.1801
.1801
.1801
.1801
.1801
.1801
.1801
.1801
.1801
.1801
.1801
.1801
.1801
.1801
.1801
.1801
.1801
.1801
.1801
.1801
.1801
.1801
.1801
.1801
.1801
.1801
.1801
.1801
.1801
.18
.18
.18
.18
.18
.18
.18
.18
.18
.18
.18
.18
.18
.18
.18
.18
.18
.18
.18
.18
.18
.18
.18
.18
.18
.18
.18
.18
.18
.18
.18
.18
.18
.18
.18
.18
.18
.18
.18
.18
.18
.18
.18
.18
.18
.18
.18
.18
.18
.18
.18
.18
.18
.18
.18
.18
.18
.18
.18
.18
.18
.18
.18
.18
.18
.18
.18
.18
.18
.18
.18
.18
.18
.18
.18
.18
.18
.18
.18
.18
.18
.18
.18
.18
.18
.18
.18
.18
.18
.18
.18
.18
.18
.18
.18
.18
.18
.18
.18
.18
.18
.18
.18
.18
.18
.18
.18
.18
.18
.18
.18
.18
.18
.18
.18
.18
.18
.18
.18
.18
.18
.18
.18
.18
.18
.18
.18
.18
.18
.18
.18
.18
.18
.18
.18
.18
.18
.18
.18
.18
.18
.18
.18
.18
.18
.18
.18
.18
.18
.18
.18
.18
.18
.18
.18
.18
.18
.18
.1799
.1799
.1799
.1799
.1799
.1799
.1799
.1799
.1799
.1799
.1799
.1799
.1799
.1799
.1799
.1799
.1799
.1799
.1799
.1799
.1799
.1799
.1799
.1799
.1799
.1799
.1799
.1799
.1799
.1799
.1799
.1799
.1799
.1799
.1799
.1799
.1799
.1799
.1799
.1799
.1799
.1799
.1799
.1799
.1799
.1799
.1799
.1799
.1799
.1799
.1799
.1799
.1799
.1799
.1799
.1799
.1799
.1799
.1799
.1799
.1799
.1799
.1799
.1799
.1799
.1799
.1799
.1799
.1799
.1799
.1799
.1799
.1799
.1799
.1799
.1799
.1799
.1799
.1799
.1799
.1799
.1799
.1799
.1799
.1799
.1799
.1799
.1799
.1799
.1799
.1799
.1799
.1799
.1799
.1799
.1799
.1799
.1799
.1799
.1799
.1799
.1799
.1799
.1799
.1799
.1799
.1799
.1799
.1799
.1799
.1799
.1799
.1799
.1799
.1799
.1799
.1799
.1799
.1799
.1799
.1799
.1799
.1799
.1799
.1799
.1799
.1799
.1799
.1799
.1799
.1799
.1799
.1799
.1799
.1799
.1799
.1799
.1799
.1799
.1799
.1799
.1799
.1799
.1799
.1799
.1799
.1799
.1799
.1799
.1799
.1799
.1799
.1799
.1799
.1799
.1799
.1799
.1799
.1799
.1798
.1798
.1798
.1798
.1798
.1798
.1798
.1798
.1798
.1798
.1798
.1798
.1798
.1798
.1798
.1798
.1798
.1798
.1798
.1798
.1798
.1798
.1798
.1798
.1798
.1798
.1798
.1798
.1798
.1798
.1798
.1798
.1798
.1798
.1798
.1798
.1798
.1798
.1798
.1798
.1798
.1798
.1798
.1798
.1798
.1798
.1798
.1798
.1798
.1798
.1798
.1798
.1798
.1798
.1798
.1798
.1798
.1798
.1798
.1798
.1798
.1798
.1798
.1798
.1798
.1798
.1798
.1798
.1798
.1798
.1798
.1798
.1798
.1798
.1798
.1798
.1798
.1798
.1798
.1798
.1798
.1798
.1798
.1798
.1798
.1798
.1798
.1798
.1798
.1798
.1798
.1798
.1798
.1798
.1798
.1798
.1798
.1798
.1798
.1798
.1798
.1798
.1798
.1798
.1798
.1798
.1798
.1798
.1798
.1798
.1798
.1798
.1798
.1798
.1798
.1798
.1798
.1798
.1798
.1798
.1798
.1798
.1798
.1798
.1798
.1798
.1798
.1798
.1798
.1798
.1798
.1798
.1798
.1798
.1798
.1798
.1798
.1798
.1798
.1798
.1798
.1798
.1798
.1798
.1798
.1798
.1798
.1798
.1798
.1798
.1798
.1798
.1798
.1798
.1798
.1798
.1797
.1797
.1797
.1797
.1797
.1797
.1797
.1797
.1797
.1797
.1797
.1797
.1797
.1797
.1797
.1797
.1797
.1797
.1797
.1797
.1797
.1797
.1797
.1797
.1797
.1797
.1797
.1797
.1797
.1797
.1797
.1797
.1797
.1797
.1797
.1797
.1797
.1797
.1797
.1797
.1797
.1797
.1797
.1797
.1797
.1797
.1797
.1797
.1797
.1797
.1797
.1797
.1797
.1797
.1797
.1797
.1797
.1797
.1797
.1797
.1797
.1797
.1797
.1797
.1797
.1797
.1797
.1797
.1797
.1797
.1797
.1797
.1797
.1797
.1797
.1797
.1797
.1797
.1797
.1797
.1797
.1797
.1797
.1797
.1797
.1797
.1797
.1797
.1797
.1797
.1797
.1797
.1797
.1797
.1797
.1797
.1797
.1797
.1797
.1797
.1797
.1797
.1797
.1797
.1797
.1797
.1797
.1797
.1797
.1797
.1797
.1797
.1797
.1797
.1797
.1797
.1797
.1797
.1797
.1797
.1797
.1797
.1797
.1797
.1797
.1797
.1797
.1797
.1797
.1797
.1797
.1797
.1797
.1797
.1797
.1797
.1797
.1797
.1797
.1797
.1797
.1797
.1797
.1797
.1797
.1797
.1797
.1797
.1797
.1797
.1797
.1797
.1797
.1797
.1797
.1796
.1796
.1796
.1796
.1796
.1796
.1796
.1796
.1796
.1796
.1796
.1796
.1796
.1796
.1796
.1796
.1796
.1796
.1796
.1796
.1796
.1796
.1796
.1796
.1796
.1796
.1796
.1796
.1796
.1796
.1796
.1796
.1796
.1796
.1796
.1796
.1796
.1796
.1796
.1796
.1796
.1796
.1796
.1796
.1796
.1796
.1796
.1796
.1796
.1796
.1796
.1796
.1796
.1796
.1796
.1796
.1796
.1796
.1796
.1796
.1796
.1796
.1796
.1796
.1796
.1796
.1796
.1796
.1796
.1796
.1796
.1796
.1796
.1796
.1796
.1796
.1796
.1796
.1796
.1796
.1796
.1796
.1796
.1796
.1796
.1796
.1796
.1796
.1796
.1796
.1796
.1796
.1796
.1796
.1796
.1796
.1796
.1796
.1796
.1796
.1796
.1796
.1796
.1796
.1796
.1796
.1796
.1796
.1796
.1796
.1796
.1796
.1796
.1796
.1796
.1796
.1796
.1796
.1796
.1796
.1796
.1796
.1796
.1796
.1796
.1796
.1796
.1796
.1796
.1796
.1796
.1796
.1796
.1796
.1796
.1796
.1796
.1796
.1796
.1796
.1796
.1796
.1796
.1796
.1796
.1796
.1796
.1796
.1796
.1796
.1795
.1795
.1795
.1795
.1795
.1795
.1795
.1795
.1795
.1795
.1795
.1795
.1795
.1795
.1795
.1795
.1795
.1795
.1795
.1795
.1795
.1795
.1795
.1795
.1795
.1795
.1795
.1795
.1795
.1795
.1795
.1795
.1795
.1795
.1795
.1795
.1795
.1795
.1795
.1795
.1795
.1795
.1795
.1795
.1795
.1795
.1795
.1795
.1795
.1795
.1795
.1795
.1795
.1795
.1795
.1795
.1795
.1795
.1795
.1795
.1795
.1795
.1795
.1795
.1795
.1795
.1795
.1795
.1795
.1795
.1795
.1795
.1795
.1795
.1795
.1795
.1795
.1795
.1795
.1795
.1795
.1795
.1795
.1795
.1795
.1795
.1795
.1795
.1795
.1795
.1795
.1795
.1795
.1795
.1795
.1795
.1795
.1795
.1795
.1795
.1795
.1795
.1795
.1795
.1795
.1795
.1795
.1795
.1795
.1795
.1795
.1795
.1795
.1795
.1795
.1795
.1795
.1795
.1795
.1795
.1795
.1795
.1795
.1795
.1795
.1795
.1795
.1795
.1795
.1795
.1795
.1795
.1795
.1795
.1795
.1795
.1795
.1795
.1795
.1795
.1795
.1795
.1795
.1795
.1795
.1794
.1794
.1794
.1794
.1794
.1794
.1794
.1794
.1794
.1794
.1794
.1794
.1794
.1794
.1794
.1794
.1794
.1794
.1794
.1794
.1794
.1794
.1794
.1794
.1794
.1794
.1794
.1794
.1794
.1794
.1794
.1794
.1794
.1794
.1794
.1794
.1794
.1794
.1794
.1794
.1794
.1794
.1794
.1794
.1794
.1794
.1794
.1794
.1794
.1794
.1794
.1794
.1794
.1794
.1794
.1794
.1794
.1794
.1794
.1794
.1794
.1794
.1794
.1794
.1794
.1794
.1794
.1794
.1794
.1794
.1794
.1794
.1794
.1794
.1794
.1794
.1794
.1794
.1794
.1794
.1794
.1794
.1794
.1794
.1794
.1794
.1794
.1794
.1794
.1794
.1794
.1794
.1794
.1794
.1794
.1794
.1794
.1794
.1794
.1794
.1794
.1794
.1794
.1794
.1794
.1794
.1794
.1794
.1794
.1794
.1794
.1794
.1794
.1794
.1794
.1794
.1794
.1794
.1794
.1794
.1794
.1794
.1794
.1794
.1794
.1794
.1794
.1794
.1794
.1794
.1794
.1794
.1794
.1794
.1794
.1794
.1794
.1794
.1793
.1793
.1793
.1793
.1793
.1793
.1793
.1793
.1793
.1793
.1793
.1793
.1793
.1793
.1793
.1793
.1793
.1793
.1793
.1793
.1793
.1793
.1793
.1793
.1793
.1793
.1793
.1793
.1793
.1793
.1793
.1793
.1793
.1793
.1793
.1793
.1793
.1793
.1793
.1793
.1793
.1793
.1793
.1793
.1793
.1793
.1793
.1793
.1793
.1793
.1793
.1793
.1793
.1793
.1793
.1793
.1793
.1793
.1793
.1793
.1793
.1793
.1793
.1793
.1793
.1793
.1793
.1793
.1793
.1793
.1793
.1793
.1793
.1793
.1793
.1793
.1793
.1793
.1793
.1793
.1793
.1793
.1793
.1793
.1793
.1793
.1793
.1793
.1793
.1793
.1793
.1793
.1793
.1793
.1793
.1793
.1793
.1793
.1793
.1793
.1793
.1793
.1793
.1793
.1793
.1793
.1793
.1793
.1793
.1793
.1793
.1793
.1793
.1793
.1793
.1793
.1793
.1793
.1793
.1793
.1793
.1793
.1793
.1793
.1793
.1793
.1793
.1793
.1793
.1793
.1793
.1792
.1792
.1792
.1792
.1792
.1792
.1792
.1792
.1792
.1792
.1792
.1792
.1792
.1792
.1792
.1792
.1792
.1792
.1792
.1792
.1792
.1792
.1792
.1792
.1792
.1792
.1792
.1792
.1792
.1792
.1792
.1792
.1792
.1792
.1792
.1792
.1792
.1792
.1792
.1792
.1792
.1792
.1792
.1792
.1792
.1792
.1792
.1792
.1792
.1792
.1792
.1792
.1792
.1792
.1792
.1792
.1792
.1792
.1792
.1792
.1792
.1792
.1792
.1792
.1792
.1792
.1792
.1792
.1792
.1792
.1792
.1792
.1792
.1792
.1792
.1792
.1792
.1792
.1792
.1792
.1792
.1792
.1792
.1792
.1792
.1792
.1792
.1792
.1792
.1792
.1792
.1792
.1792
.1792
.1792
.1792
.1792
.1792
.1792
.1792
.1792
.1792
.1792
.1792
.1792
.1792
.1792
.1792
.1792
.1792
.1792
.1792
.1792
.1792
.1792
.1792
.1792
.1792
.1792
.1792
.1792
.1792
.1792
.1792
.1791
.1791
.1791
.1791
.1791
.1791
.1791
.1791
.1791
.1791
.1791
.1791
.1791
.1791
.1791
.1791
.1791
.1791
.1791
.1791
.1791
.1791
.1791
.1791
.1791
.1791
.1791
.1791
.1791
.1791
.1791
.1791
.1791
.1791
.1791
.1791
.1791
.1791
.1791
.1791
.1791
.1791
.1791
.1791
.1791
.1791
.1791
.1791
.1791
.1791
.1791
.1791
.1791
.1791
.1791
.1791
.1791
.1791
.1791
.1791
.1791
.1791
.1791
.1791
.1791
.1791
.1791
.1791
.1791
.1791
.1791
.1791
.1791
.1791
.1791
.1791
.1791
.1791
.1791
.1791
.1791
.1791
.1791
.1791
.1791
.1791
.1791
.1791
.1791
.1791
.1791
.1791
.1791
.1791
.1791
.1791
.1791
.1791
.1791
.1791
.1791
.1791
.1791
.1791
.1791
.1791
.1791
.1791
.1791
.1791
.1791
.1791
.1791
.1791
.1791
.1791
.179
.179
.179
.179
.179
.179
.179
.179
.179
.179
.179
.179
.179
.179
.179
.179
.179
.179
.179
.179
.179
.179
.179
.179
.179
.179
.179
.179
.179
.179
.179
.179
.179
.179
.179
.179
.179
.179
.179
.179
.179
.179
.179
.179
.179
.179
.179
.179
.179
.179
.179
.179
.179
.179
.179
.179
.179
.179
.179
.179
.179
.179
.179
.179
.179
.179
.179
.179
.179
.179
.179
.179
.179
.179
.179
.179
.179
.179
.179
.179
.179
.179
.179
.179
.179
.179
.179
.179
.179
.179
.179
.179
.179
.179
.179
.179
.179
.179
.179
.179
.179
.179
.179
.179
.179
.179
.179
.1789
.1789
.1789
.1789
.1789
.1789
.1789
.1789
.1789
.1789
.1789
.1789
.1789
.1789
.1789
.1789
.1789
.1789
.1789
.1789
.1789
.1789
.1789
.1789
.1789
.1789
.1789
.1789
.1789
.1789
.1789
.1789
.1789
.1789
.1789
.1789
.1789
.1789
.1789
.1789
.1789
.1789
.1789
.1789
.1789
.1789
.1789
.1789
.1789
.1789
.1789
.1789
.1789
.1789
.1789
.1789
.1789
.1789
.1789
.1789
.1789
.1789
.1789
.1789
.1789
.1789
.1789
.1789
.1789
.1789
.1789
.1789
.1789
.1789
.1789
.1789
.1789
.1789
.1789
.1789
.1789
.1789
.1789
.1789
.1789
.1789
.1789
.1789
.1789
.1789
.1789
.1789
.1789
.1789
.1789
.1789
.1789
.1789
.1789
.1789
.1788
.1788
.1788
.1788
.1788
.1788
.1788
.1788
.1788
.1788
.1788
.1788
.1788
.1788
.1788
.1788
.1788
.1788
.1788
.1788
.1788
.1788
.1788
.1788
.1788
.1788
.1788
.1788
.1788
.1788
.1788
.1788
.1788
.1788
.1788
.1788
.1788
.1788
.1788
.1788
.1788
.1788
.1788
.1788
.1788
.1788
.1788
.1788
.1788
.1788
.1788
.1788
.1788
.1788
.1788
.1788
.1788
.1788
.1788
.1788
.1788
.1788
.1788
.1788
.1788
.1788
.1788
.1788
.1788
.1788
.1788
.1788
.1788
.1788
.1788
.1788
.1788
.1788
.1788
.1788
.1788
.1788
.1788
.1788
.1788
.1788
.1788
.1788
.1788
.1788
.1788
.1788
.1787
.1787
.1787
.1787
.1787
.1787
.1787
.1787
.1787
.1787
.1787
.1787
.1787
.1787
.1787
.1787
.1787
.1787
.1787
.1787
.1787
.1787
.1787
.1787
.1787
.1787
.1787
.1787
.1787
.1787
.1787
.1787
.1787
.1787
.1787
.1787
.1787
.1787
.1787
.1787
.1787
.1787
.1787
.1787
.1787
.1787
.1787
.1787
.1787
.1787
.1787
.1787
.1787
.1787
.1787
.1787
.1787
.1787
.1787
.1787
.1787
.1787
.1787
.1787
.1787
.1787
.1787
.1787
.1787
.1787
.1787
.1787
.1787
.1787
.1787
.1787
.1787
.1787
.1787
.1787
.1787
.1787
.1787
.1787
.1787
.1787
.1786
.1786
.1786
.1786
.1786
.1786
.1786
.1786
.1786
.1786
.1786
.1786
.1786
.1786
.1786
.1786
.1786
.1786
.1786
.1786
.1786
.1786
.1786
.1786
.1786
.1786
.1786
.1786
.1786
.1786
.1786
.1786
.1786
.1786
.1786
.1786
.1786
.1786
.1786
.1786
.1786
.1786
.1786
.1786
.1786
.1786
.1786
.1786
.1786
.1786
.1786
.1786
.1786
.1786
.1786
.1786
.1786
.1786
.1786
.1786
.1786
.1786
.1786
.1786
.1786
.1786
.1786
.1786
.1786
.1786
.1786
.1786
.1786
.1786
.1786
.1786
.1786
.1786
.1785
.1785
.1785
.1785
.1785
.1785
.1785
.1785
.1785
.1785
.1785
.1785
.1785
.1785
.1785
.1785
.1785
.1785
.1785
.1785
.1785
.1785
.1785
.1785
.1785
.1785
.1785
.1785
.1785
.1785
.1785
.1785
.1785
.1785
.1785
.1785
.1785
.1785
.1785
.1785
.1785
.1785
.1785
.1785
.1785
.1785
.1785
.1785
.1785
.1785
.1785
.1785
.1785
.1785
.1785
.1785
.1785
.1785
.1785
.1785
.1785
.1785
.1785
.1785
.1785
.1785
.1785
.1785
.1785
.1785
.1785
.1785
.1785
.1784
.1784
.1784
.1784
.1784
.1784
.1784
.1784
.1784
.1784
.1784
.1784
.1784
.1784
.1784
.1784
.1784
.1784
.1784
.1784
.1784
.1784
.1784
.1784
.1784
.1784
.1784
.1784
.1784
.1784
.1784
.1784
.1784
.1784
.1784
.1784
.1784
.1784
.1784
.1784
.1784
.1784
.1784
.1784
.1784
.1784
.1784
.1784
.1784
.1784
.1784
.1784
.1784
.1784
.1784
.1784
.1784
.1784
.1784
.1784
.1784
.1784
.1784
.1784
.1784
.1784
.1783
.1783
.1783
.1783
.1783
.1783
.1783
.1783
.1783
.1783
.1783
.1783
.1783
.1783
.1783
.1783
.1783
.1783
.1783
.1783
.1783
.1783
.1783
.1783
.1783
.1783
.1783
.1783
.1783
.1783
.1783
.1783
.1783
.1783
.1783
.1783
.1783
.1783
.1783
.1783
.1783
.1783
.1783
.1783
.1783
.1783
.1783
.1783
.1783
.1783
.1783
.1783
.1783
.1783
.1783
.1783
.1783
.1783
.1783
.1783
.1783
.1783
.1782
.1782
.1782
.1782
.1782
.1782
.1782
.1782
.1782
.1782
.1782
.1782
.1782
.1782
.1782
.1782
.1782
.1782
.1782
.1782
.1782
.1782
.1782
.1782
.1782
.1782
.1782
.1782
.1782
.1782
.1782
.1782
.1782
.1782
.1782
.1782
.1782
.1782
.1782
.1782
.1782
.1782
.1782
.1782
.1782
.1782
.1782
.1782
.1782
.1782
.1782
.1782
.1782
.1782
.1782
.1782
.1782
.1781
.1781
.1781
.1781
.1781
.1781
.1781
.1781
.1781
.1781
.1781
.1781
.1781
.1781
.1781
.1781
.1781
.1781
.1781
.1781
.1781
.1781
.1781
.1781
.1781
.1781
.1781
.1781
.1781
.1781
.1781
.1781
.1781
.1781
.1781
.1781
.1781
.1781
.1781
.1781
.1781
.1781
.1781
.1781
.1781
.1781
.1781
.1781
.1781
.1781
.1781
.1781
.1781
.178
.178
.178
.178
.178
.178
.178
.178
.178
.178
.178
.178
.178
.178
.178
.178
.178
.178
.178
.178
.178
.178
.178
.178
.178
.178
.178
.178
.178
.178
.178
.178
.178
.178
.178
.178
.178
.178
.178
.178
.178
.178
.178
.178
.178
.178
.178
.178
.178
.1779
.1779
.1779
.1779
.1779
.1779
.1779
.1779
.1779
.1779
.1779
.1779
.1779
.1779
.1779
.1779
.1779
.1779
.1779
.1779
.1779
.1779
.1779
.1779
.1779
.1779
.1779
.1779
.1779
.1779
.1779
.1779
.1779
.1779
.1779
.1779
.1779
.1779
.1779
.1779
.1779
.1779
.1779
.1779
.1779
.1778
.1778
.1778
.1778
.1778
.1778
.1778
.1778
.1778
.1778
.1778
.1778
.1778
.1778
.1778
.1778
.1778
.1778
.1778
.1778
.1778
.1778
.1778
.1778
.1778
.1778
.1778
.1778
.1778
.1778
.1778
.1778
.1778
.1778
.1778
.1778
.1778
.1778
.1778
.1778
.1778
.1778
.1777
.1777
.1777
.1777
.1777
.1777
.1777
.1777
.1777
.1777
.1777
.1777
.1777
.1777
.1777
.1777
.1777
.1777
.1777
.1777
.1777
.1777
.1777
.1777
.1777
.1777
.1777
.1777
.1777
.1777
.1777
.1777
.1777
.1777
.1777
.1777
.1777
.1777
.1777
.1776
.1776
.1776
.1776
.1776
.1776
.1776
.1776
.1776
.1776
.1776
.1776
.1776
.1776
.1776
.1776
.1776
.1776
.1776
.1776
.1776
.1776
.1776
.1776
.1776
.1776
.1776
.1776
.1776
.1776
.1776
.1776
.1776
.1776
.1776
.1776
.1776
.1775
.1775
.1775
.1775
.1775
.1775
.1775
.1775
.1775
.1775
.1775
.1775
.1775
.1775
.1775
.1775
.1775
.1775
.1775
.1775
.1775
.1775
.1775
.1775
.1775
.1775
.1775
.1775
.1775
.1775
.1775
.1775
.1775
.1775
.1774
.1774
.1774
.1774
.1774
.1774
.1774
.1774
.1774
.1774
.1774
.1774
.1774
.1774
.1774
.1774
.1774
.1774
.1774
.1774
.1774
.1774
.1774
.1774
.1774
.1774
.1774
.1774
.1774
.1774
.1774
.1774
.1773
.1773
.1773
.1773
.1773
.1773
.1773
.1773
.1773
.1773
.1773
.1773
.1773
.1773
.1773
.1773
.1773
.1773
.1773
.1773
.1773
.1773
.1773
.1773
.1773
.1773
.1773
.1773
.1773
.1773
.1772
.1772
.1772
.1772
.1772
.1772
.1772
.1772
.1772
.1772
.1772
.1772
.1772
.1772
.1772
.1772
.1772
.1772
.1772
.1772
.1772
.1772
.1772
.1772
.1772
.1772
.1772
.1772
.1771
.1771
.1771
.1771
.1771
.1771
.1771
.1771
.1771
.1771
.1771
.1771
.1771
.1771
.1771
.1771
.1771
.1771
.1771
.1771
.1771
.1771
.1771
.1771
.1771
.1771
.1771
.177
.177
.177
.177
.177
.177
.177
.177
.177
.177
.177
.177
.177
.177
.177
.177
.177
.177
.177
.177
.177
.177
.177
.177
.177
.1769
.1769
.1769
.1769
.1769
.1769
.1769
.1769
.1769
.1769
.1769
.1769
.1769
.1769
.1769
.1769
.1769
.1769
.1769
.1769
.1769
.1769
.1769
.1769
.1768
.1768
.1768
.1768
.1768
.1768
.1768
.1768
.1768
.1768
.1768
.1768
.1768
.1768
.1768
.1768
.1768
.1768
.1768
.1768
.1768
.1768
.1767
.1767
.1767
.1767
.1767
.1767
.1767
.1767
.1767
.1767
.1767
.1767
.1767
.1767
.1767
.1767
.1767
.1767
.1767
.1767
.1767
.1766
.1766
.1766
.1766
.1766
.1766
.1766
.1766
.1766
.1766
.1766
.1766
.1766
.1766
.1766
.1766
.1766
.1766
.1766
.1766
.1765
.1765
.1765
.1765
.1765
.1765
.1765
.1765
.1765
.1765
.1765
.1765
.1765
.1765
.1765
.1765
.1765
.1765
.1765
.1764
.1764
.1764
.1764
.1764
.1764
.1764
.1764
.1764
.1764
.1764
.1764
.1764
.1764
.1764
.1764
.1764
.1764
.1763
.1763
.1763
.1763
.1763
.1763
.1763
.1763
.1763
.1763
.1763
.1763
.1763
.1763
.1763
.1763
.1763
.1762
.1762
.1762
.1762
.1762
.1762
.1762
.1762
.1762
.1762
.1762
.1762
.1762
.1762
.1762
.1762
.1761
.1761
.1761
.1761
.1761
.1761
.1761
.1761
.1761
.1761
.1761
.1761
.1761
.1761
.1761
.1761
.176
.176
.176
.176
.176
.176
.176
.176
.176
.176
.176
.176
.176
.176
.176
.1759
.1759
.1759
.1759
.1759
.1759
.1759
.1759
.1759
.1759
.1759
.1759
.1759
.1759
.1758
.1758
.1758
.1758
.1758
.1758
.1758
.1758
.1758
.1758
.1758
.1758
.1758
.1758
.1757
.1757
.1757
.1757
.1757
.1757
.1757
.1757
.1757
.1757
.1757
.1757
.1757
.1756
.1756
.1756
.1756
.1756
.1756
.1756
.1756
.1756
.1756
.1756
.1756
.1755
.1755
.1755
.1755
.1755
.1755
.1755
.1755
.1755
.1755
.1755
.1755
.1754
.1754
.1754
.1754
.1754
.1754
.1754
.1754
.1754
.1754
.1754
.1753
.1753
.1753
.1753
.1753
.1753
.1753
.1753
.1753
.1753
.1753
.1752
.1752
.1752
.1752
.1752
.1752
.1752
.1752
.1752
.1752
.1752
.1751
.1751
.1751
.1751
.1751
.1751
.1751
.1751
.1751
.1751
.175
.175
.175
.175
.175
.175
.175
.175
.175
.175
.1749
.1749
.1749
.1749
.1749
.1749
.1749
.1749
.1749
.1748
.1748
.1748
.1748
.1748
.1748
.1748
.1748
.1748
.1748
.1747
.1747
.1747
.1747
.1747
.1747
.1747
.1747
.1746
.1746
.1746
.1746
.1746
.1746
.1746
.1746
.1746
.1745
.1745
.1745
.1745
.1745
.1745
.1745
.1745
.1744
.1744
.1744
.1744
.1744
.1744
.1744
.1744
.1743
.1743
.1743
.1743
.1743
.1743
.1743
.1743
.1742
.1742
.1742
.1742
.1742
.1742
.1742
.1741
.1741
.1741
.1741
.1741
.1741
.1741
.174
.174
.174
.174
.174
.174
.174
.1739
.1739
.1739
.1739
.1739
.1739
.1739
.1738
.1738
.1738
.1738
.1738
.1738
.1737
.1737
.1737
.1737
.1737
.1737
.1737
.1736
.1736
.1736
.1736
.1736
.1736
.1735
.1735
.1735
.1735
.1735
.1735
.1734
.1734
.1734
.1734
.1734
.1734
.1733
.1733
.1733
.1733
.1733
.1732
.1732
.1732
.1732
.1732
.1732
.1731
.1731
.1731
.1731
.1731
.173
.173
.173
.173
.173
.1729
.1729
.1729
.1729
.1729
.1729
.1728
.1728
.1728
.1728
.1728
.1727
.1727
.1727
.1727
.1726
.1726
.1726
.1726
.1726
.1725
.1725
.1725
.1725
.1725
.1724
.1724
.1724
.1724
.1723
.1723
.1723
.1723
.1722
.1722
.1722
.1722
.1722
.1721
.1721
.1721
.1721
.172
.172
.172
.172
.1719
.1719
.1719
.1719
.1718
.1718
.1718
.1718
.1717
.1717
.1717
.1717
.1716
.1716
.1716
.1715
.1715
.1715
.1715
.1714
.1714
.1714
.1713
.1713
.1713
.1713
.1712
.1712
.1712
.1711
.1711
.1711
.1711
.171
.171
.171
.1709
.1709
.1709
.1708
.1708
.1708
.1707
.1707
.1707
.1706
.1706
.1706
.1705
.1705
.1705
.1704
.1704
.1704
.1703
.1703
.1703
.1702
.1702
.1702
.1701
.1701
.17
.17
.17
.1699
.1699
.1699
.1698
.1698
.1697
.1697
.1697
.1696
.1696
.1695
.1695
.1695
.1694
.1694
.1693
.1693
.1693
.1692
.1692
.1691
.1691
.169
.169
.1689
.1689
.1689
.1688
.1688
.1687
.1687
.1686
.1686
.1685
.1685
.1684
.1684
.1683
.1683
.1682
.1682
.1681
.1681
.168
.168
.1679
.1679
.1678
.1678
.1677
.1677
.1676
.1675
.1675
.1674
.1674
.1673
.1673
.1672
.1671
.1671
.167
.167
.1669
.1668
.1668
.1667
.1666
.1666
.1665
.1665
.1664
.1663
.1663
.1662
.1661
.1661
.166
.1659
.1658
.1658
.1657
.1656
.1656
.1655
.1654
.1653
.1653
.1652
.1651
.165
.1649
.1649
.1648
.1647
.1646
.1645
.1645
.1644
.1643
.1642
.1641
.164
.1639
.1639
.1638
.1637
.1636
.1635
.1634
.1633
.1632
.1631
.163
.1629
.1628
.1627
.1626
.1625
.1624
.1623
.1622
.1621
.162
.1619
.1618
.1617
.1616
.1614
.1613
.1612
.1611
.161
.1609
.1607
.1606
.1605
.1604
.1602
.1601
.16
.1598
.1597
.1596
.1594
.1593
.1592
.159
.1589
.1587
.1586
.1585
.1583
.1582
.158
.1579
.1577
.1575
.1574
.1572
.1571
.1569
.1567
.1566
.1564
.1562
.156
.1559
.1557
.1555
.1553
.1551
.1549
.1548
.1546
.1544
.1542
.154
.1538
.1536
.1534
.1531
.1529
.1527
.1525
.1523
.152
.1518
.1516
.1514
.1511
.1509
.1506
.1504
.1501
.1499
.1496
.1494
.1491
.1489
.1486
.1483
.148
.1478
.1475
.1472
.1469
.1466
.1463
.146
.1457
.1454
.1451
.1447
.1444
.1441
.1438
.1434
.1431
.1427
.1424
.142
.1417
.1413
.1409
.1406
.1402
.1398
.1394
.139
.1386
.1382
.1378
.1374
.137
.1366
.1361
.1357
.1353
.1348
.1344
.1339
.1334
.133
.1325
.132
.1315
.1311
.1306
.1301
.1296
.1291
.1285
.128
.1275
.127
.1264
.1259
.1253
.1248
.1242
.1237
.1231
.1225
.1219
.1214
.1208
.1202
.1196
.119
.1184
.1178
.1172
.1166
.1159
.1153
.1147
.1141
.1134
.1128
.1122
.1115
.1109
.1102
.1096
.109
.1083
.1077
.107
.1064
.1057
.105
.1044
.1037
.1031
.1024
.1018
.1011
.1005
.0998
.0992
.0985
.0979
.0973
.0966
.096
.0953
.0947
.0941
.0935
.0928
.0922
.0916
.091
.0904
.0898
.0892
.0886
.088
.0874
.0868
.0862
.0857
.0851
.0845
.084
.0834
.0829
.0823
.0818
.0813
.0807
.0802
.0797
.0792
.0787
.0782
.0777
.0772
.0767
.0762
.0757
.0753
.0748
.0744
.0739
.0735
.073
.0726
.0721
.0717
.0713
.0709
.0705
.0701
.0697
.0693
.0689
.0685
.0681
.0677
.0673
.067
.0666
.0663
.0659
.0655
.0652
.0649
.0645
.0642
.0639
.0635
.0632
.0629
.0626
.0623
.062
.0617
.0614
.0611
.0608
.0605
.0602
.0599
.0596
.0594
.0591
.0588
.0586
.0583
.058
.0578
.0575
.0573
.057
.0568
.0565
.0563
.0561
.0558
.0556
.0554
.0552
.0549
.0547
.0545
.0543
.0541
.0538
.0536
.0534
.0532
.053
.0528
.0526
.0524
.0522
.052
.0519
.0517
.0515
.0513
.0511
.0509
.0508
.0506
.0504
.0502
.0501
.0499
