4.4855
4.2858
4.1161
3.9765
3.8593
3.7561
3.6594
3.5639
3.4653
3.3605
3.2474
3.1247
2.9925
2.8521
2.7072
2.5633
2.4283
2.3104
2.2151
2.1436
2.0927
2.0571
2.0318
2.0131
1.9985
1.9864
1.9759
1.9665
1.9578
1.9496
1.9419
1.9344
1.9273
1.9203
1.9136
1.9071
1.9007
1.8945
1.8885
1.8827
1.877
1.8714
1.866
1.8607
1.8556
1.8506
1.8457
1.8409
1.8363
1.8318
1.8274
1.8231
1.8189
1.8148
1.8108
1.8069
1.8031
1.7994
1.7958
1.7923
1.7889
1.7855
1.7823
1.779
1.7759
1.7729
1.7699
1.7669
1.7641
1.7613
1.7585
1.7559
1.7532
1.7507
1.7481
1.7457
1.7432
1.7409
1.7385
1.7363
1.734
1.7318
1.7297
1.7275
1.7255
1.7234
1.7214
1.7195
1.7175
1.7156
1.7137
1.7119
1.7101
1.7083
1.7066
1.7049
1.7032
1.7015
1.6999
1.6982
1.6967
1.6951
1.6936
1.692
1.6905
1.6891
1.6876
1.6862
1.6848
1.6834
1.682
1.6807
1.6794
1.6781
1.6768
1.6755
1.6742
1.673
1.6718
1.6706
1.6694
1.6682
1.6671
1.6659
1.6648
1.6637
1.6626
1.6615
1.6604
1.6594
1.6583
1.6573
1.6563
1.6553
1.6543
1.6533
1.6523
1.6514
1.6504
1.6495
1.6486
1.6477
1.6467
1.6459
1.645
1.6441
1.6432
1.6424
1.6415
1.6407
1.6399
1.6391
1.6383
1.6375
1.6367
1.6359
1.6351
1.6344
1.6336
1.6328
1.6321
1.6314
1.6306
1.6299
1.6292
1.6285
1.6278
1.6271
1.6264
1.6258
1.6251
1.6244
1.6238
1.6231
1.6225
1.6218
1.6212
1.6206
1.62
1.6193
1.6187
1.6181
1.6175
1.6169
1.6164
1.6158
1.6152
1.6146
1.6141
1.6135
1.6129
1.6124
1.6118
1.6113
1.6108
1.6102
1.6097
1.6092
1.6087
1.6081
1.6076
1.6071
1.6066
1.6061
1.6056
1.6051
1.6046
1.6042
1.6037
1.6032
1.6027
1.6023
1.6018
1.6014
1.6009
1.6004
1.6
1.5995
1.5991
1.5987
1.5982
1.5978
1.5974
1.5969
1.5965
1.5961
1.5957
1.5953
1.5949
1.5944
1.594
1.5936
1.5932
1.5928
1.5924
1.5921
1.5917
1.5913
1.5909
1.5905
1.5901
1.5898
1.5894
1.589
1.5887
1.5883
1.5879
1.5876
1.5872
1.5869
1.5865
1.5862
1.5858
1.5855
1.5851
1.5848
1.5844
1.5841
1.5838
1.5834
1.5831
1.5828
1.5824
1.5821
1.5818
1.5815
1.5812
1.5808
1.5805
1.5802
1.5799
1.5796
1.5793
1.579
1.5787
1.5784
1.5781
1.5778
1.5775
1.5772
1.5769
1.5766
1.5763
1.576
1.5757
1.5755
1.5752
1.5749
1.5746
1.5743
1.5741
1.5738
1.5735
1.5732
1.573
1.5727
1.5724
1.5722
1.5719
1.5717
1.5714
1.5711
1.5709
1.5706
1.5704
1.5701
1.5699
1.5696
1.5693
1.5691
1.5689
1.5686
1.5684
1.5681
1.5679
1.5676
1.5674
1.5672
1.5669
1.5667
1.5664
1.5662
1.566
1.5657
1.5655
1.5653
1.5651
1.5648
1.5646
1.5644
1.5642
1.5639
1.5637
1.5635
1.5633
1.5631
1.5628
1.5626
1.5624
1.5622
1.562
1.5618
1.5616
1.5614
1.5611
1.5609
1.5607
1.5605
1.5603
1.5601
1.5599
1.5597
1.5595
1.5593
1.5591
1.5589
1.5587
1.5585
1.5583
1.5581
1.5579
1.5577
1.5575
1.5574
1.5572
1.557
1.5568
1.5566
1.5564
1.5562
1.556
1.5559
1.5557
1.5555
1.5553
1.5551
1.5549
1.5548
1.5546
1.5544
1.5542
1.554
1.5539
1.5537
1.5535
1.5533
1.5532
1.553
1.5528
1.5527
1.5525
1.5523
1.5522
1.552
1.5518
1.5517
1.5515
1.5513
1.5512
1.551
1.5508
1.5507
1.5505
1.5503
1.5502
1.55
1.5499
1.5497
1.5495
1.5494
1.5492
1.5491
1.5489
1.5488
1.5486
1.5485
1.5483
1.5481
1.548
1.5478
1.5477
1.5475
1.5474
1.5472
1.5471
1.5469
1.5468
1.5467
1.5465
1.5464
1.5462
1.5461
1.5459
1.5458
1.5456
1.5455
1.5454
1.5452
1.5451
1.5449
1.5448
1.5447
1.5445
1.5444
1.5442
1.5441
1.544
1.5438
1.5437
1.5436
1.5434
1.5433
1.5432
1.543
1.5429
1.5428
1.5426
1.5425
1.5424
1.5422
1.5421
1.542
1.5418
1.5417
1.5416
1.5415
1.5413
1.5412
1.5411
1.5409
1.5408
1.5407
1.5406
1.5404
1.5403
1.5402
1.5401
1.5399
1.5398
1.5397
1.5396
1.5395
1.5393
1.5392
1.5391
1.539
1.5389
1.5387
1.5386
1.5385
1.5384
1.5383
1.5382
1.538
1.5379
1.5378
1.5377
1.5376
1.5375
1.5373
1.5372
1.5371
1.537
1.5369
1.5368
1.5367
1.5366
1.5364
1.5363
1.5362
1.5361
1.536
1.5359
1.5358
1.5357
1.5356
1.5355
1.5354
1.5352
1.5351
1.535
1.5349
1.5348
1.5347
1.5346
1.5345
1.5344
1.5343
1.5342
1.5341
1.534
1.5339
1.5338
1.5337
1.5336
1.5335
1.5334
1.5333
1.5332
1.5331
1.533
1.5329
1.5328
1.5327
1.5326
1.5325
1.5324
1.5323
1.5322
1.5321
1.532
1.5319
1.5318
1.5317
1.5316
1.5315
1.5314
1.5313
1.5312
1.5311
1.531
1.5309
1.5308
1.5307
1.5306
1.5305
1.5304
1.5303
1.5303
1.5302
1.5301
1.53
1.5299
1.5298
1.5297
1.5296
1.5295
1.5294
1.5293
1.5293
1.5292
1.5291
1.529
1.5289
1.5288
1.5287
1.5286
1.5285
1.5285
1.5284
1.5283
1.5282
1.5281
1.528
1.5279
1.5278
1.5278
1.5277
1.5276
1.5275
1.5274
1.5273
1.5272
1.5272
1.5271
1.527
1.5269
1.5268
1.5267
1.5267
1.5266
1.5265
1.5264
1.5263
1.5262
1.5262
1.5261
1.526
1.5259
1.5258
1.5258
1.5257
1.5256
1.5255
1.5254
1.5254
1.5253
1.5252
1.5251
1.525
1.525
1.5249
1.5248
1.5247
1.5246
1.5246
1.5245
1.5244
1.5243
1.5243
1.5242
1.5241
1.524
1.5239
1.5239
1.5238
1.5237
1.5236
1.5236
1.5235
1.5234
1.5233
1.5233
1.5232
1.5231
1.523
1.523
1.5229
1.5228
1.5227
1.5227
1.5226
1.5225
1.5224
1.5224
1.5223
1.5222
1.5222
1.5221
1.522
1.5219
1.5219
1.5218
1.5217
1.5217
1.5216
1.5215
1.5214
1.5214
1.5213
1.5212
1.5212
1.5211
1.521
1.5209
1.5209
1.5208
1.5207
1.5207
1.5206
1.5205
1.5205
1.5204
1.5203
1.5203
1.5202
1.5201
1.5201
1.52
1.5199
1.5199
1.5198
1.5197
1.5197
1.5196
1.5195
1.5195
1.5194
1.5193
1.5193
1.5192
1.5191
1.5191
1.519
1.5189
1.5189
1.5188
1.5187
1.5187
1.5186
1.5185
1.5185
1.5184
1.5183
1.5183
1.5182
1.5181
1.5181
1.518
1.518
1.5179
1.5178
1.5178
1.5177
1.5176
1.5176
1.5175
1.5174
1.5174
1.5173
1.5173
1.5172
1.5171
1.5171
1.517
1.517
1.5169
1.5168
1.5168
1.5167
1.5166
1.5166
1.5165
1.5165
1.5164
1.5163
1.5163
1.5162
1.5162
1.5161
1.516
1.516
1.5159
1.5159
1.5158
1.5157
1.5157
1.5156
1.5156
1.5155
1.5154
1.5154
1.5153
1.5153
1.5152
1.5151
1.5151
1.515
1.515
1.5149
1.5149
1.5148
1.5147
1.5147
1.5146
1.5146
1.5145
1.5145
1.5144
1.5143
1.5143
1.5142
1.5142
1.5141
1.5141
1.514
1.5139
1.5139
1.5138
1.5138
1.5137
1.5137
1.5136
1.5135
1.5135
1.5134
1.5134
1.5133
1.5133
1.5132
1.5132
1.5131
1.513
1.513
1.5129
1.5129
1.5128
1.5128
1.5127
1.5127
1.5126
1.5125
1.5125
1.5124
1.5124
1.5123
1.5123
1.5122
1.5122
1.5121
1.5121
1.512
1.512
1.5119
1.5118
1.5118
1.5117
1.5117
1.5116
1.5116
1.5115
1.5115
1.5114
1.5114
1.5113
1.5113
1.5112
1.5112
1.5111
1.511
1.511
1.5109
1.5109
1.5108
1.5108
1.5107
1.5107
1.5106
1.5106
1.5105
1.5105
1.5104
1.5104
1.5103
1.5103
1.5102
1.5102
1.5101
1.5101
1.51
1.51
1.5099
1.5099
1.5098
1.5098
1.5097
1.5096
1.5096
1.5095
1.5095
1.5094
1.5094
1.5093
1.5093
1.5092
1.5092
1.5091
1.5091
1.509
1.509
1.5089
1.5089
1.5088
1.5088
1.5087
1.5087
1.5086
1.5086
1.5085
1.5085
1.5084
1.5084
1.5083
1.5083
1.5082
1.5082
1.5081
1.5081
1.508
1.508
1.5079
1.5079
1.5078
1.5078
1.5077
1.5077
1.5076
1.5076
1.5075
1.5075
1.5074
1.5074
1.5073
1.5073
1.5072
1.5072
1.5072
1.5071
1.5071
1.507
1.507
1.5069
1.5069
1.5068
1.5068
1.5067
1.5067
1.5066
1.5066
1.5065
1.5065
1.5064
1.5064
1.5063
1.5063
1.5062
1.5062
1.5061
1.5061
1.506
1.506
1.5059
1.5059
1.5058
1.5058
1.5057
1.5057
1.5056
1.5056
1.5055
1.5055
1.5054
1.5054
1.5053
1.5053
1.5053
1.5052
1.5052
1.5051
1.5051
1.505
1.505
1.5049
1.5049
1.5048
1.5048
1.5047
1.5047
1.5046
1.5046
1.5045
1.5045
1.5044
1.5044
1.5043
1.5043
1.5042
1.5042
1.5041
1.5041
1.504
1.504
1.5039
1.5039
1.5038
1.5038
1.5037
1.5037
1.5036
1.5036
1.5035
1.5035
1.5035
1.5034
1.5034
1.5033
1.5033
1.5032
1.5032
1.5031
1.5031
1.503
1.503
1.5029
1.5029
1.5028
1.5028
1.5027
1.5027
1.5026
1.5026
1.5025
1.5025
1.5024
1.5024
1.5023
1.5023
1.5022
1.5022
1.5021
1.5021
1.502
1.502
1.5019
1.5019
1.5018
1.5018
1.5017
1.5017
1.5016
1.5016
1.5015
1.5015
1.5014
1.5014
1.5013
1.5013
1.5012
1.5012
1.5011
1.5011
1.501
1.501
1.5009
1.5009
1.5008
1.5007
1.5007
1.5006
1.5006
1.5005
1.5005
1.5004
1.5004
1.5003
1.5003
1.5002
1.5002
1.5001
1.5001
1.5
1.5
1.4999
1.4999
1.4998
1.4997
1.4997
1.4996
1.4996
1.4995
1.4995
1.4994
1.4994
1.4993
1.4993
1.4992
1.4991
1.4991
1.499
1.499
1.4989
1.4989
1.4988
1.4988
1.4987
1.4986
1.4986
1.4985
1.4985
1.4984
1.4984
1.4983
1.4982
1.4982
1.4981
1.4981
1.498
1.498
1.4979
1.4978
1.4978
1.4977
1.4977
1.4976
1.4975
1.4975
1.4974
1.4974
1.4973
1.4972
1.4972
1.4971
1.497
1.497
1.4969
1.4969
1.4968
1.4967
1.4967
1.4966
1.4965
1.4965
1.4964
1.4963
1.4963
1.4962
1.4961
1.4961
1.496
1.4959
1.4959
1.4958
1.4957
1.4957
1.4956
1.4955
1.4955
1.4954
1.4953
1.4952
1.4952
1.4951
1.495
1.495
1.4949
1.4948
1.4947
1.4947
1.4946
1.4945
1.4944
1.4944
1.4943
1.4942
1.4941
1.494
1.494
1.4939
1.4938
1.4937
1.4936
1.4936
1.4935
1.4934
1.4933
1.4932
1.4931
1.4931
1.493
1.4929
1.4928
1.4927
1.4926
1.4925
1.4924
1.4923
1.4922
1.4922
1.4921
1.492
1.4919
1.4918
1.4917
1.4916
1.4915
1.4914
1.4913
1.4912
1.4911
1.491
1.4909
1.4907
1.4906
1.4905
1.4904
1.4903
1.4902
1.4901
1.49
1.4898
1.4897
1.4896
1.4895
1.4894
1.4892
1.4891
1.489
1.4889
1.4887
1.4886
1.4885
1.4883
1.4882
1.4881
1.4879
1.4878
1.4876
1.4875
1.4873
1.4872
1.487
1.4869
1.4867
1.4866
1.4864
1.4862
1.4861
1.4859
1.4857
1.4855
1.4854
1.4852
1.485
1.4848
1.4846
1.4844
1.4842
1.484
1.4838
1.4836
1.4834
1.4832
1.483
1.4827
1.4825
1.4823
1.482
1.4818
1.4816
1.4813
1.481
1.4808
1.4805
1.4802
1.4799
1.4797
1.4794
1.4791
1.4788
1.4784
1.4781
1.4778
1.4774
1.4771
1.4767
1.4764
1.476
1.4756
1.4752
1.4748
1.4744
1.4739
1.4735
1.473
1.4726
1.4721
1.4716
1.4711
1.4705
1.47
1.4694
1.4688
1.4682
1.4676
1.4669
1.4662
1.4655
1.4648
1.464
1.4632
1.4624
1.4616
1.4607
1.4597
1.4588
1.4578
1.4567
1.4556
1.4544
1.4532
1.452
1.4506
1.4492
1.4477
1.4462
1.4445
1.4428
1.441
1.439
1.437
1.4348
1.4324
1.43
1.4273
1.4245
1.4215
1.4182
1.4147
1.411
1.4069
1.4025
1.3978
1.3926
1.387
1.3809
1.3742
1.3669
1.3589
1.35
1.3403
1.3296
1.3177
1.3046
1.29
1.2739
1.2561
1.2363
1.2146
1.1907
1.1647
1.1365
1.1063
1.0742
1.0406
1.006
.9707
.9355
.9007
.867
.8346
.8038
.7748
.7477
.7225
.6992
.6776
.6577
.6393
.6223
.6066
.592
.5785
.566
.5543
.5434
.5332
.5237
.5147
.5062
.4982
.4906
.4835
.4766
.4701
.4639
.458
.4522
.4468
.4415
.4363
.4314
.4266
.4219
.4174
.4129
.4086
.4043
.4002
.3961
.392
.388
.384
.3801
.3762
.3724
.3685
.3646
.3608
.3569
.353
.3491
.3452
.3413
.3373
.3333
.3292
.3251
.3209
.3167
.3124
.308
.3036
.2991
.2945
.2898
.2851
.2802
.2753
.2703
.2653
.2601
.2549
.2496
.2443
.2389
.2335
.228
.2226
.2171
.2116
.2062
.2008
.1954
.1901
.1849
.1797
.1747
.1698
.165
.1603
.1557
.1513
.1471
.143
.139
.1352
.1316
.128
.1247
.1214
.1183
.1154
.1125
.1098
.1072
.1047
.1023
.1
.0978
.0957
.0937
.0918
.0899
.0881
.0864
.0848
.0832
.0817
.0802
.0788
.0774
.0761
.0749
.0736
.0724
.0713
.0702
.0691
.0681
.0671
.0661
.0652
.0643
.0634
.0625
.0617
.0609
.0601
.0593
.0585
.0578
.0571
.0564
.0557
.0551
.0544
.0538
.0532
.0526
.052
.0514
.0509
.0503
.0498
