4.0081
3.7114
3.4265
3.1532
2.8915
2.6501
2.4468
2.2975
2.2022
2.1468
2.1149
2.0953
2.082
2.0721
2.064
2.057
2.0507
2.0449
2.0395
2.0343
2.0293
2.0246
2.0199
2.0154
2.011
2.0067
2.0025
1.9983
1.9942
1.9901
1.9861
1.9821
1.9782
1.9742
1.9703
1.9664
1.9625
1.9587
1.9548
1.9509
1.9471
1.9432
1.9394
1.9355
1.9316
1.9278
1.9239
1.9201
1.9162
1.9124
1.9086
1.9047
1.9009
1.8971
1.8933
1.8895
1.8857
1.882
1.8782
1.8745
1.8708
1.8671
1.8635
1.8599
1.8563
1.8527
1.8492
1.8457
1.8422
1.8388
1.8354
1.832
1.8287
1.8255
1.8222
1.819
1.8159
1.8128
1.8097
1.8067
1.8037
1.8008
1.7979
1.7951
1.7923
1.7895
1.7868
1.7842
1.7815
1.7789
1.7764
1.7739
1.7714
1.769
1.7666
1.7643
1.762
1.7597
1.7575
1.7553
1.7532
1.751
1.749
1.7469
1.7449
1.7429
1.741
1.739
1.7371
1.7353
1.7335
1.7316
1.7299
1.7281
1.7264
1.7247
1.723
1.7214
1.7198
1.7182
1.7166
1.715
1.7135
1.712
1.7105
1.709
1.7076
1.7062
1.7048
1.7034
1.702
1.7006
1.6993
1.698
1.6967
1.6954
1.6941
1.6929
1.6916
1.6904
1.6892
1.688
1.6868
1.6856
1.6844
1.6833
1.6822
1.681
1.6799
1.6788
1.6777
1.6766
1.6756
1.6745
1.6735
1.6724
1.6714
1.6704
1.6694
1.6684
1.6674
1.6664
1.6654
1.6644
1.6635
1.6625
1.6616
1.6606
1.6597
1.6588
1.6578
1.6569
1.656
1.6551
1.6542
1.6533
1.6525
1.6516
1.6507
1.6498
1.649
1.6481
1.6473
1.6464
1.6456
1.6447
1.6439
1.6431
1.6422
1.6414
1.6406
1.6398
1.639
1.6381
1.6373
1.6365
1.6357
1.6349
1.6341
1.6333
1.6326
1.6318
1.631
1.6302
1.6294
1.6286
1.6279
1.6271
1.6263
1.6255
1.6248
1.624
1.6232
1.6225
1.6217
1.6209
1.6202
1.6194
1.6186
1.6179
1.6171
1.6163
1.6156
1.6148
1.6141
1.6133
1.6126
1.6118
1.611
1.6103
1.6095
1.6088
1.608
1.6072
1.6065
1.6057
1.605
1.6042
1.6034
1.6027
1.6019
1.6012
1.6004
1.5996
1.5989
1.5981
1.5973
1.5966
1.5958
1.595
1.5943
1.5935
1.5927
1.592
1.5912
1.5904
1.5896
1.5889
1.5881
1.5873
1.5865
1.5858
1.585
1.5842
1.5834
1.5826
1.5818
1.5811
1.5803
1.5795
1.5787
1.5779
1.5771
1.5763
