4.2138
3.9091
3.6089
3.3328
3.0883
2.8747
2.6903
2.5354
2.4113
2.3181
2.2526
2.2088
2.1803
2.1615
2.1486
2.1391
2.1313
2.1245
2.1182
2.1119
2.1057
2.0994
2.093
2.0865
2.0799
2.0732
2.0664
2.0595
2.0526
2.0457
2.0388
2.0319
2.025
2.0182
2.0115
2.0049
1.9983
1.9919
1.9856
1.9794
1.9733
1.9674
1.9616
1.956
1.9505
1.9451
1.9399
1.9349
1.93
1.9252
1.9206
1.9161
1.9117
1.9075
1.9034
1.8994
1.8955
1.8917
1.888
1.8845
1.881
1.8777
1.8744
1.8712
1.868
1.865
1.862
1.8591
1.8563
1.8535
1.8507
1.8481
1.8454
1.8428
1.8402
1.8377
1.8352
1.8327
1.8303
1.8278
1.8254
1.8229
1.8205
1.8181
1.8157
1.8132
1.8107
1.8082
1.8057
1.8032
1.8006
1.7979
1.7952
1.7924
1.7895
1.7865
1.7835
1.7803
1.777
1.7735
1.7699
1.7661
1.762
1.7578
1.7532
1.7484
1.7432
1.7377
1.7317
1.7253
1.7182
1.7106
1.7023
1.6932
1.6832
1.6722
1.6601
1.6467
1.6318
1.6154
1.5973
1.5772
1.555
1.5306
1.5038
1.4747
1.4432
1.4095
1.3737
1.3361
1.297
1.2569
1.2162
1.1754
1.1347
1.0946
1.0553
1.0172
.9803
.9448
.9108
.8783
.8474
.8179
.7899
.7634
.7382
.7143
.6916
.6702
.6498
.6305
.6122
.5948
.5782
.5625
.5475
.5332
.5196
.5067
.4943
.4824
.4711
.4603
.4499
.44
.4304
.4213
.4125
.404
.3959
.388
.3805
.3732
.3662
.3594
.3529
.3466
.3404
.3345
.3288
.3233
.3179
.3127
.3077
.3028
.2981
.2935
.289
.2846
.2804
.2763
.2723
.2684
.2646
.2609
.2573
.2538
.2504
.2471
.2439
.2407
.2376
.2346
.2316
.2288
.226
.2232
.2205
.2179
.2153
.2128
.2104
.208
.2056
.2033
.2011
.1989
.1967
.1946
.1925
.1905
.1885
.1865
.1846
.1827
.1809
.179
.1773
.1755
.1738
.1721
.1705
.1688
.1672
.1657
.1641
.1626
.1611
.1597
.1582
.1568
.1554
.1541
.1527
.1514
.1501
.1488
.1476
.1463
.1451
.1439
.1427
.1416
.1404
.1393
.1382
.1371
.136
.1349
.1339
.1329
.1318
.1308
.1299
.1289
.1279
.127
.126
.1251
.1242
.1233
.1224
.1216
.1207
.1198
.119
.1182
.1174
.1166
.1158
.115
.1142
.1134
.1127
.1119
.1112
.1105
.1097
.109
.1083
.1076
.107
.1063
.1056
.1049
.1043
.1036
.103
.1024
.1018
.1011
.1005
.0999
.0993
.0987
.0982
.0976
.097
.0965
.0959
.0954
.0948
.0943
.0937
.0932
.0927
.0922
.0917
.0912
.0907
.0902
.0897
.0892
.0887
.0882
.0878
.0873
.0868
.0864
.0859
.0855
.085
.0846
.0842
.0837
.0833
.0829
.0825
.0821
.0816
.0812
.0808
.0804
.08
.0797
.0793
.0789
.0785
.0781
.0778
.0774
.077
.0767
.0763
.0759
.0756
.0752
.0749
.0745
.0742
.0739
.0735
.0732
.0729
.0725
.0722
.0719
.0716
.0713
.0709
.0706
.0703
.07
.0697
.0694
.0691
.0688
.0685
.0682
.068
.0677
.0674
.0671
.0668
.0666
.0663
.066
.0657
.0655
.0652
.0649
.0647
.0644
.0642
.0639
.0636
.0634
.0631
.0629
.0626
.0624
.0622
.0619
.0617
.0614
.0612
.061
.0607
.0605
.0603
.0601
.0598
.0596
.0594
.0592
.0589
.0587
.0585
.0583
.0581
.0579
.0577
.0574
.0572
.057
.0568
.0566
.0564
.0562
.056
.0558
.0556
.0554
.0552
.055
.0549
.0547
.0545
.0543
.0541
.0539
.0537
.0536
.0534
.0532
.053
.0528
.0527
.0525
.0523
.0521
.052
.0518
.0516
.0515
.0513
.0511
.051
.0508
.0506
.0505
.0503
.0501
.05
