4.4853
4.2141
3.9123
3.6004
3.3044
3.0451
2.8322
2.6674
2.548
2.4682
2.4191
2.3909
2.3754
2.3669
2.3618
2.3583
2.3554
2.3526
2.3497
2.3466
2.3432
2.3396
2.3357
2.3317
2.3274
2.3229
2.3183
2.3134
2.3083
2.303
2.2976
2.2919
2.286
2.2799
2.2736
2.2671
2.2604
2.2536
2.2466
2.2394
2.2321
2.2247
2.2172
2.2097
2.2021
2.1945
2.1869
2.1793
2.1719
2.1644
2.1571
2.1499
2.1427
2.1357
2.1289
2.1221
2.1155
2.109
2.1026
2.0964
2.0903
2.0843
2.0785
2.0728
2.0672
2.0618
2.0564
2.0512
2.0461
2.0411
2.0362
2.0315
2.0268
2.0222
2.0178
2.0134
2.0091
2.0049
2.0009
1.9969
1.9929
1.9891
1.9854
1.9817
1.9781
1.9746
1.9711
1.9678
1.9645
1.9612
1.958
1.9549
1.9519
1.9489
1.946
1.9431
1.9403
1.9376
1.9349
1.9322
1.9296
1.9271
1.9245
1.9221
1.9197
1.9173
1.915
1.9127
1.9105
1.9083
1.9061
1.904
1.9019
1.8998
1.8978
1.8958
1.8939
1.8919
1.8901
1.8882
1.8864
1.8846
1.8828
1.881
1.8793
1.8776
1.876
1.8743
1.8727
1.8711
1.8695
1.868
1.8665
1.8649
1.8635
1.862
1.8605
1.8591
1.8577
1.8563
1.8549
1.8536
1.8522
1.8509
1.8496
1.8483
1.847
1.8458
1.8445
1.8433
1.8421
1.8409
1.8397
1.8385
1.8373
1.8362
1.835
1.8339
1.8328
1.8317
1.8306
1.8295
1.8284
1.8273
1.8263
1.8252
1.8242
1.8231
1.8221
1.8211
1.8201
1.8191
1.8181
1.8171
1.8161
1.8151
1.8142
1.8132
1.8122
1.8113
1.8103
1.8094
1.8085
1.8075
1.8066
1.8057
1.8048
1.8038
1.8029
1.802
1.8011
1.8002
1.7993
1.7984
1.7975
1.7966
1.7957
1.7949
1.794
1.7931
1.7922
1.7913
1.7904
1.7895
1.7886
1.7877
1.7869
1.786
1.7851
1.7842
1.7833
1.7824
1.7815
1.7805
1.7796
1.7787
1.7778
1.7768
1.7759
1.7749
1.774
1.773
1.772
1.771
1.77
1.769
1.768
1.767
1.7659
1.7648
1.7637
1.7626
1.7615
1.7603
1.7591
1.7579
1.7567
1.7554
1.7541
1.7528
1.7514
1.75
1.7485
1.747
1.7454
1.7438
1.7421
1.7403
1.7385
1.7366
1.7345
1.7324
1.7302
1.7278
1.7253
1.7226
1.7197
1.7167
1.7134
1.7099
1.7061
1.702
1.6975
1.6926
1.6872
1.6812
1.6746
1.6672
1.659
1.6498
1.6394
1.6275
1.6141
1.5988
1.5813
1.5613
1.5385
1.5126
1.4834
1.4508
1.4149
1.3761
1.3349
1.2922
1.2487
1.2053
1.1629
1.122
1.0831
1.0464
1.012
.9799
.95
.9223
.8965
.8724
.85
.829
.8093
.7908
.7735
.757
.7415
.7268
.7127
.6994
.6866
.6744
.6628
.6515
.6407
.6303
.6203
.6106
.6012
.5921
.5833
.5747
.5664
.5582
.5503
.5426
.5351
.5277
.5205
.5134
.5065
.4997
.493
.4865
.4801
.4738
.4676
.4615
.4554
.4495
.4437
.4379
.4323
.4267
.4212
.4158
.4104
.4051
.3999
.3948
.3897
.3847
.3798
.375
.3702
.3655
.3608
.3562
.3517
.3472
.3429
.3385
.3343
.3301
.326
.3219
.3179
.314
.3101
.3064
.3026
.299
.2954
.2918
.2884
.285
.2816
.2783
.2751
.2719
.2688
.2658
.2628
.2599
.257
.2542
.2514
.2487
.246
.2434
.2408
.2383
.2358
.2334
.231
.2287
.2264
.2242
.222
.2198
.2177
.2156
.2135
.2115
.2096
.2076
.2057
.2038
.202
.2002
.1984
.1967
.1949
.1933
.1916
.19
.1884
.1868
.1852
.1837
.1822
.1807
.1793
.1778
.1764
.175
.1737
.1723
.171
.1697
.1684
.1671
.1659
.1646
.1634
.1622
.161
.1599
.1587
.1576
.1565
.1554
.1543
.1532
.1521
.1511
.1501
.149
.148
.1471
.1461
.1451
.1442
.1432
.1423
.1414
.1405
.1396
.1387
.1378
.1369
.1361
.1352
.1344
.1336
.1328
.132
.1312
.1304
.1296
.1288
.1281
.1273
.1266
.1259
.1251
.1244
.1237
.123
.1223
.1216
.1209
.1203
.1196
.1189
.1183
.1176
.117
.1164
.1158
.1151
.1145
.1139
.1133
.1127
.1121
.1115
.111
.1104
.1098
.1093
.1087
.1082
.1076
.1071
.1066
.106
.1055
.105
.1045
.104
.1035
.103
.1025
.102
.1015
.101
.1005
.1001
.0996
.0991
.0987
.0982
.0978
.0973
.0969
.0964
.096
.0956
.0951
.0947
.0943
.0939
.0934
.093
.0926
.0922
.0918
.0914
.091
.0906
.0903
.0899
.0895
.0891
.0887
.0884
.088
.0876
.0873
.0869
.0865
.0862
.0858
.0855
.0851
.0848
.0845
.0841
.0838
.0834
.0831
.0828
.0825
.0821
.0818
.0815
.0812
.0809
.0806
.0802
.0799
.0796
.0793
.079
.0787
.0784
.0781
.0778
.0776
.0773
.077
.0767
.0764
.0761
.0759
.0756
.0753
.075
.0748
.0745
.0742
.074
.0737
.0734
.0732
.0729
.0727
.0724
.0722
.0719
.0717
.0714
.0712
.0709
.0707
.0704
.0702
.07
.0697
.0695
.0693
.069
.0688
.0686
.0683
.0681
.0679
.0677
.0675
.0672
.067
.0668
.0666
.0664
.0662
.0659
.0657
.0655
.0653
.0651
.0649
.0647
.0645
.0643
.0641
.0639
.0637
.0635
.0633
.0631
.0629
.0627
.0625
.0623
.0622
.062
.0618
.0616
.0614
.0612
.061
.0609
.0607
.0605
.0603
.0601
.06
.0598
.0596
.0594
.0593
.0591
.0589
.0588
.0586
.0584
.0583
.0581
.0579
.0578
.0576
.0574
.0573
.0571
.057
.0568
.0566
.0565
.0563
.0562
.056
.0559
.0557
.0556
.0554
.0553
.0551
.055
.0548
.0547
.0545
.0544
.0542
.0541
.0539
.0538
.0536
.0535
.0534
.0532
.0531
.0529
.0528
.0527
.0525
.0524
.0523
.0521
.052
.0519
.0517
.0516
.0515
.0513
.0512
.0511
.0509
.0508
.0507
.0506
.0504
.0503
.0502
.0501
.0499
