3.8502
3.5402
3.2543
3.002
2.7872
2.6126
2.4795
2.3858
2.325
2.2882
2.2667
2.2542
2.2467
2.2417
2.2379
2.2347
2.2315
2.2284
2.225
2.2215
2.2177
2.2137
2.2095
2.205
2.2003
2.1954
2.1902
2.1849
2.1794
2.1736
2.1677
2.1616
2.1554
2.1489
2.1424
2.1357
2.1289
2.122
2.115
2.108
2.101
2.094
2.0869
2.08
2.073
2.0662
2.0594
2.0528
2.0462
2.0398
2.0336
2.0274
2.0215
2.0157
2.01
2.0045
1.9992
1.994
1.989
1.9842
1.9794
1.9749
1.9705
1.9662
1.962
1.958
1.9541
1.9504
1.9467
1.9432
1.9398
1.9364
1.9332
1.9301
1.9271
1.9241
1.9213
1.9185
1.9158
1.9132
1.9106
1.9081
1.9057
1.9034
1.9011
1.8989
1.8967
1.8946
1.8925
1.8905
1.8885
1.8866
1.8847
1.8829
1.8811
1.8793
1.8776
1.8759
1.8743
1.8726
1.8711
1.8695
1.868
1.8665
1.865
1.8636
1.8622
1.8608
1.8595
1.8581
1.8568
1.8555
1.8543
1.853
1.8518
1.8506
1.8494
1.8482
1.8471
1.846
1.8449
1.8438
1.8427
1.8416
1.8406
1.8395
1.8385
1.8375
1.8365
1.8355
1.8346
1.8336
1.8327
1.8318
1.8308
1.8299
1.829
1.8282
1.8273
1.8264
1.8256
1.8247
1.8239
1.8231
1.8223
1.8214
1.8207
1.8199
1.8191
1.8183
1.8175
1.8168
1.816
1.8153
1.8146
1.8138
1.8131
1.8124
1.8117
1.811
1.8103
1.8096
1.8089
1.8082
1.8075
1.8069
1.8062
1.8056
1.8049
1.8043
1.8036
1.803
1.8023
1.8017
1.8011
1.8004
1.7998
1.7992
1.7986
1.798
1.7974
1.7968
1.7962
1.7956
1.795
1.7944
1.7938
1.7932
1.7926
1.792
1.7914
1.7909
1.7903
1.7897
1.7891
1.7885
1.788
1.7874
1.7868
1.7862
1.7857
1.7851
1.7845
1.7839
1.7833
1.7828
1.7822
1.7816
1.781
1.7804
1.7799
1.7793
1.7787
1.7781
1.7775
1.7769
1.7763
1.7757
1.7751
1.7744
1.7738
1.7732
1.7726
1.7719
1.7713
1.7706
1.77
1.7693
1.7686
1.7679
1.7672
1.7665
1.7658
1.765
1.7643
1.7635
1.7627
1.7619
1.7611
1.7603
1.7594
1.7585
1.7576
1.7567
1.7558
1.7548
1.7538
1.7527
1.7516
1.7505
1.7493
1.7481
1.7469
1.7456
1.7442
1.7428
1.7413
1.7397
1.7381
1.7363
1.7345
1.7326
1.7305
1.7284
1.7261
1.7236
1.721
1.7182
1.7152
1.712
1.7086
1.7048
1.7008
1.6964
1.6917
1.6865
1.6808
1.6746
1.6677
1.6602
1.6518
1.6426
1.6323
1.6209
1.6082
1.594
1.5781
1.5604
1.5405
1.5184
1.4939
1.4667
1.4369
1.4044
1.3694
1.3321
1.2929
1.2524
1.2111
1.1696
1.1285
1.0882
1.0492
1.0117
.976
.9422
.9102
.8801
.8518
.8252
.8002
.7767
.7546
.7338
.7141
.6955
.6778
.6611
.6452
.63
.6156
.6017
.5884
.5757
.5634
.5515
.5401
.529
.5182
.5078
.4977
.4879
.4783
.4689
.4598
.4509
.4422
.4337
.4254
.4173
.4094
.4016
.394
.3866
.3794
.3723
.3654
.3587
.3521
.3457
.3395
.3334
.3275
.3217
.3161
.3107
.3054
.3003
.2953
.2904
.2857
.2811
.2767
.2723
.2682
.2641
.2601
.2563
.2526
.249
.2455
.2421
.2388
.2356
.2324
.2294
.2265
.2236
.2208
.2181
.2155
.2129
.2104
.208
.2056
.2033
.2011
.1989
.1968
.1947
.1927
.1907
.1888
.1869
.185
.1832
.1815
.1798
.1781
.1765
.1749
.1733
.1718
.1703
.1688
.1674
.166
.1646
.1632
.1619
.1606
.1593
.1581
.1569
.1557
.1545
.1534
.1522
.1511
.15
.149
.1479
.1469
.1459
.1449
.1439
.1429
.142
.141
.1401
.1392
.1383
.1375
.1366
.1358
.1349
.1341
.1333
.1325
.1317
.131
.1302
.1295
.1287
.128
.1273
.1266
.1259
.1252
.1245
.1238
.1232
.1225
.1219
.1213
.1206
.12
.1194
.1188
.1182
.1176
.117
.1165
.1159
.1153
.1148
.1143
.1137
.1132
.1127
.1121
.1116
.1111
.1106
.1101
.1096
.1091
.1087
.1082
.1077
.1073
.1068
.1063
.1059
.1054
.105
.1046
.1041
.1037
.1033
.1029
.1024
.102
.1016
.1012
.1008
.1004
.1
.0997
.0993
.0989
.0985
.0981
.0978
.0974
.097
.0967
.0963
.096
.0956
.0953
.0949
.0946
.0942
.0939
.0936
.0932
.0929
.0926
.0923
.092
.0916
.0913
.091
.0907
.0904
.0901
.0898
.0895
.0892
.0889
.0886
.0883
.088
.0877
.0875
.0872
.0869
.0866
.0863
.0861
.0858
.0855
.0853
.085
.0847
.0845
.0842
.0839
.0837
.0834
.0832
.0829
.0827
.0824
.0822
.0819
.0817
.0815
.0812
.081
.0807
.0805
.0803
.08
.0798
.0796
.0794
.0791
.0789
.0787
.0785
.0782
.078
.0778
.0776
.0774
.0772
.077
.0767
.0765
.0763
.0761
.0759
.0757
.0755
.0753
.0751
.0749
.0747
.0745
.0743
.0741
.0739
.0737
.0735
.0733
.0732
.073
.0728
.0726
.0724
.0722
.072
.0719
.0717
.0715
.0713
.0711
.071
.0708
.0706
.0704
.0703
.0701
.0699
.0697
.0696
.0694
.0692
.0691
.0689
.0687
.0686
.0684
.0682
.0681
.0679
.0678
.0676
.0674
.0673
.0671
.067
.0668
.0667
.0665
.0663
.0662
.066
.0659
.0657
.0656
.0654
.0653
.0651
.065
.0649
.0647
.0646
.0644
.0643
.0641
.064
.0638
.0637
.0636
.0634
.0633
.0631
.063
.0629
.0627
.0626
.0625
.0623
.0622
.0621
.0619
.0618
.0617
.0615
.0614
.0613
.0611
.061
.0609
.0608
.0606
.0605
.0604
.0602
.0601
.06
.0599
.0598
.0596
.0595
.0594
.0593
.0591
.059
.0589
.0588
.0587
.0585
.0584
.0583
.0582
.0581
.058
.0578
.0577
.0576
.0575
.0574
.0573
.0572
.057
.0569
.0568
.0567
.0566
.0565
.0564
.0563
.0562
.0561
.0559
.0558
.0557
.0556
.0555
.0554
.0553
.0552
.0551
.055
.0549
.0548
.0547
.0546
.0545
.0544
.0543
.0542
.0541
.054
.0539
.0538
.0537
.0536
.0535
.0534
.0533
.0532
.0531
.053
.0529
.0528
.0527
.0526
.0525
.0524
.0523
.0522
.0521
.052
.0519
.0519
.0518
.0517
.0516
.0515
.0514
.0513
.0512
.0511
.051
.0509
.0509
.0508
.0507
.0506
.0505
.0504
.0503
.0502
.0502
.0501
.05
