4.7776
4.5469
4.2732
3.9682
3.654
3.3543
3.0858
2.8544
2.6599
2.4999
2.3721
2.274
2.2018
2.1505
2.1147
2.0895
2.0713
2.0575
2.0465
2.0372
2.0289
2.0214
2.0142
2.0075
2.0009
1.9946
1.9885
1.9826
1.9768
1.9712
1.9658
1.9605
1.9554
1.9505
1.9457
1.9411
1.9366
1.9323
1.9281
1.924
1.9201
1.9163
1.9126
1.909
1.9055
1.9021
1.8988
1.8956
1.8925
1.8894
1.8865
1.8835
1.8807
1.8779
1.8752
1.8725
1.8699
1.8673
1.8648
1.8623
1.8599
1.8575
1.8552
1.8529
1.8506
1.8484
1.8462
1.844
1.8419
1.8397
1.8377
1.8356
1.8336
1.8316
1.8296
1.8277
1.8257
1.8238
1.822
1.8201
1.8183
1.8165
1.8147
1.8129
1.8112
1.8094
1.8077
1.806
1.8043
1.8027
1.801
1.7994
1.7978
1.7962
1.7946
1.793
1.7915
1.7899
1.7884
1.7869
1.7854
1.7839
1.7824
1.781
1.7795
1.7781
1.7766
1.7752
1.7738
1.7724
1.771
1.7696
1.7683
1.7669
1.7656
1.7642
1.7629
1.7615
1.7602
1.7589
1.7576
1.7563
1.755
1.7537
1.7524
1.7511
1.7498
1.7485
1.7472
1.746
1.7447
1.7434
1.7422
1.7409
1.7396
1.7383
1.7371
1.7358
1.7345
1.7333
1.732
1.7307
1.7294
1.7281
1.7268
1.7255
1.7242
1.7229
1.7216
1.7202
1.7189
1.7175
1.7162
1.7148
1.7134
1.712
1.7105
1.7091
1.7076
1.7061
1.7046
1.703
1.7015
1.6999
1.6982
1.6965
1.6948
1.6931
1.6912
1.6894
1.6875
1.6855
1.6835
1.6814
1.6792
1.6769
1.6746
1.6721
1.6695
1.6668
1.664
1.6611
1.6579
1.6547
1.6512
1.6475
1.6435
1.6393
1.6348
1.63
1.6248
1.6192
1.6131
1.6065
1.5993
1.5915
1.5829
1.5734
1.5631
1.5516
1.539
1.525
1.5095
1.4924
1.4735
1.4528
1.43
1.4051
1.3783
1.3494
1.3187
1.2865
1.2531
1.2188
1.1841
1.1494
1.1151
1.0815
1.0488
1.0174
.9872
.9584
.9309
.9048
.8799
.8563
.8339
.8125
.7922
.7728
.7542
.7364
.7194
.7031
.6873
.6722
.6576
.6435
.6299
.6167
.6039
.5916
.5796
.568
.5567
.5458
.5352
.5248
.5148
.5051
.4956
.4865
.4775
.4689
.4604
.4523
.4443
.4366
.4291
.4218
.4147
.4078
.4011
.3946
.3883
.3821
.3762
.3703
.3647
.3592
.3538
.3486
.3435
.3386
.3337
.3291
.3245
.32
.3157
.3114
.3073
.3032
.2993
.2955
.2917
.288
.2844
.2809
.2775
.2742
.2709
.2677
.2645
.2615
.2585
.2555
.2526
.2498
.2471
.2443
.2417
.2391
.2365
.234
.2316
.2292
.2268
.2245
.2222
.22
.2178
.2156
.2135
.2114
.2094
.2074
.2054
.2035
.2016
.1997
.1978
.196
.1943
.1925
.1908
.1891
.1874
.1858
.1841
.1826
.181
.1794
.1779
.1764
.175
.1735
.1721
.1707
.1693
.1679
.1666
.1652
.1639
.1626
.1614
.1601
.1589
.1577
.1564
.1553
.1541
.1529
.1518
.1507
.1496
.1485
.1474
.1463
.1453
.1442
.1432
.1422
.1412
.1402
.1392
.1383
.1373
.1364
.1355
.1346
.1336
.1328
.1319
.131
.1301
.1293
.1285
.1276
.1268
.126
.1252
.1244
.1236
.1228
.1221
.1213
.1206
.1198
.1191
.1184
.1177
.117
.1163
.1156
.1149
.1142
.1135
.1129
.1122
.1116
.1109
.1103
.1097
.109
.1084
.1078
.1072
.1066
.106
.1054
.1049
.1043
.1037
.1032
.1026
.1021
.1015
.101
.1004
.0999
.0994
.0989
.0984
.0978
.0973
.0968
.0963
.0959
.0954
.0949
.0944
.0939
.0935
.093
.0926
.0921
.0917
.0912
.0908
.0903
.0899
.0895
.089
.0886
.0882
.0878
.0874
.087
.0866
.0862
.0858
.0854
.085
.0846
.0842
.0838
.0835
.0831
.0827
.0823
.082
.0816
.0813
.0809
.0806
.0802
.0799
.0795
.0792
.0788
.0785
.0782
.0778
.0775
.0772
.0769
.0765
.0762
.0759
.0756
.0753
.075
.0747
.0744
.0741
.0738
.0735
.0732
.0729
.0726
.0723
.072
.0717
.0715
.0712
.0709
.0706
.0704
.0701
.0698
.0696
.0693
.069
.0688
.0685
.0683
.068
.0677
.0675
.0672
.067
.0667
.0665
.0663
.066
.0658
.0655
.0653
.0651
.0648
.0646
.0644
.0641
.0639
.0637
.0635
.0633
.063
.0628
.0626
.0624
.0622
.062
.0617
.0615
.0613
.0611
.0609
.0607
.0605
.0603
.0601
.0599
.0597
.0595
.0593
.0591
.0589
.0587
.0585
.0583
.0582
.058
.0578
.0576
.0574
.0572
.057
.0569
.0567
.0565
.0563
.0562
.056
.0558
.0556
.0555
.0553
.0551
.0549
.0548
.0546
.0544
.0543
.0541
.054
.0538
.0536
.0535
.0533
.0532
.053
.0528
.0527
.0525
.0524
.0522
.0521
.0519
.0518
.0516
.0515
.0513
.0512
.051
.0509
.0507
.0506
.0504
.0503
.0502
.05
.0499
