4.5846
4.3381
4.1128
3.9206
3.7578
3.6147
3.4819
3.3528
3.2231
3.0908
2.9554
2.8186
2.6832
2.5535
2.4342
2.3296
2.2424
2.1731
2.1201
2.0804
2.0506
2.0278
2.0096
1.9944
1.9812
1.9693
1.9582
1.9477
1.9376
1.9278
1.9184
1.9092
1.9002
1.8915
1.883
1.8747
1.8666
1.8587
1.851
1.8435
1.8361
1.8289
1.8218
1.8149
1.8081
1.8014
1.7949
1.7884
1.7821
1.7759
1.7698
1.7638
1.7579
1.752
1.7463
1.7406
1.735
1.7295
1.724
1.7186
1.7132
1.7079
1.7027
1.6975
1.6923
1.6872
1.6821
1.677
1.6719
1.6669
1.6619
1.6568
1.6518
1.6467
1.6416
1.6365
1.6314
1.6262
1.6209
1.6156
1.6102
1.6047
1.5991
1.5933
1.5875
1.5814
1.5752
1.5687
1.562
1.5551
1.5478
1.5402
1.5322
1.5237
1.5147
1.5052
1.495
1.4841
1.4724
1.4597
1.446
1.431
1.4148
1.397
1.3776
1.3564
1.3331
1.3078
1.2801
1.2502
1.2179
1.1835
1.1471
1.1092
1.0701
1.0304
.9907
.9514
.9132
.8763
.8412
.8079
.7766
.7472
.7198
.6943
.6705
.6484
.6278
.6086
.5907
.574
.5584
.5437
.5299
.517
.5048
.4933
.4824
.4721
.4623
.453
.4441
.4357
.4276
.4199
.4125
.4054
.3985
.3919
.3856
.3795
.3736
.3678
.3623
.3569
.3517
.3467
.3418
.337
.3323
.3278
.3233
.319
.3148
.3107
.3066
.3027
.2988
.295
.2913
.2877
.2841
.2806
.2771
.2738
.2704
.2672
.264
.2608
.2577
.2547
.2517
.2488
.2459
.2431
.2403
.2375
.2348
.2322
.2295
.227
.2245
.222
.2195
.2171
.2148
.2124
.2102
.2079
.2057
.2035
.2014
.1993
.1972
.1952
.1932
.1912
.1893
.1874
.1856
.1837
.1819
.1802
.1784
.1767
.175
.1734
.1717
.1701
.1686
.167
.1655
.164
.1625
.1611
.1596
.1582
.1569
.1555
.1542
.1528
.1515
.1503
.149
.1478
.1465
.1453
.1442
.143
.1419
.1407
.1396
.1385
.1374
.1364
.1353
.1343
.1332
.1322
.1312
.1303
.1293
.1283
.1274
.1265
.1256
.1246
.1238
.1229
.122
.1211
.1203
.1194
.1186
.1178
.117
.1162
.1154
.1146
.1138
.1131
.1123
.1116
.1108
.1101
.1094
.1087
.108
.1073
.1066
.1059
.1052
.1046
.1039
.1033
.1026
.102
.1013
.1007
.1001
.0995
.0989
.0983
.0977
.0971
.0965
.0959
.0954
.0948
.0942
.0937
.0931
.0926
.0921
.0915
.091
.0905
.09
.0894
.0889
.0884
.0879
.0874
.0869
.0865
.086
.0855
.085
.0846
.0841
.0836
.0832
.0827
.0823
.0818
.0814
.0809
.0805
.0801
.0797
.0792
.0788
.0784
.078
.0776
.0772
.0768
.0764
.076
.0756
.0752
.0748
.0745
.0741
.0737
.0733
.073
.0726
.0722
.0719
.0715
.0712
.0708
.0705
.0701
.0698
.0695
.0691
.0688
.0685
.0681
.0678
.0675
.0672
.0669
.0665
.0662
.0659
.0656
.0653
.065
.0647
.0644
.0641
.0638
.0635
.0633
.063
.0627
.0624
.0621
.0619
.0616
.0613
.061
.0608
.0605
.0602
.06
.0597
.0595
.0592
.059
.0587
.0585
.0582
.058
.0577
.0575
.0572
.057
.0568
.0565
.0563
.0561
.0558
.0556
.0554
.0552
.0549
.0547
.0545
.0543
.0541
.0538
.0536
.0534
.0532
.053
.0528
.0526
.0524
.0522
.052
.0518
.0516
.0514
.0512
.051
.0508
.0506
.0504
.0502
.0501
.0499
