4.3318
4.1047
3.9211
3.775
3.6525
3.5414
3.4327
3.3202
3.2002
3.0704
2.9309
2.7843
2.6356
2.4919
2.3614
2.2505
2.1623
2.0958
2.0472
2.0121
1.9862
1.9665
1.9508
1.9377
1.9263
1.9159
1.9064
1.8973
1.8887
1.8803
1.8723
1.8645
1.8569
1.8494
1.8422
1.8351
1.8283
1.8215
1.8149
1.8085
1.8021
1.7959
1.7898
1.7838
1.7779
1.7721
1.7663
1.7606
1.755
1.7493
1.7437
1.7382
1.7326
1.727
1.7214
1.7157
1.71
1.7042
1.6983
1.6923
1.6861
1.6798
1.6733
1.6666
1.6596
1.6523
1.6447
1.6366
1.6282
1.6192
1.6096
1.5994
1.5885
1.5767
1.5639
1.5501
1.5352
1.5189
1.5012
1.4819
1.4608
1.438
1.4132
1.3864
1.3576
1.3268
1.2941
1.2597
1.2239
1.187
1.1492
1.1109
1.0725
1.0344
.9968
.96
.9241
.8894
.8559
.8238
.793
.7635
.7354
.7087
.6832
.659
.636
.6142
.5934
.5737
.5549
.5371
.5201
.504
.4886
.474
.4601
.4468
.4342
.4221
.4105
.3995
.389
.3789
.3693
.36
.3512
.3427
.3346
.3267
.3192
.312
.3051
.2984
.292
.2858
.2798
.2741
.2686
.2632
.258
.2531
.2482
.2436
.2391
.2347
.2305
.2264
.2225
.2186
.2149
.2113
.2078
.2044
.2011
.1979
.1948
.1917
.1888
.1859
.1832
.1804
.1778
.1752
.1727
.1703
.1679
.1656
.1633
.1611
.159
.1569
.1548
.1528
.1509
.149
.1471
.1453
.1435
.1418
.1401
.1384
.1368
.1352
.1336
.1321
.1306
.1291
.1277
.1263
.1249
.1236
.1223
.121
.1197
.1184
.1172
.116
.1148
.1137
.1125
.1114
.1103
.1093
.1082
.1072
.1062
.1052
.1042
.1032
.1023
.1013
.1004
.0995
.0986
.0978
.0969
.0961
.0952
.0944
.0936
.0928
.092
.0913
.0905
.0898
.0891
.0883
.0876
.0869
.0862
.0856
.0849
.0842
.0836
.0829
.0823
.0817
.0811
.0805
.0799
.0793
.0787
.0781
.0776
.077
.0765
.0759
.0754
.0749
.0744
.0738
.0733
.0728
.0723
.0719
.0714
.0709
.0704
.07
.0695
.0691
.0686
.0682
.0677
.0673
.0669
.0665
.066
.0656
.0652
.0648
.0644
.064
.0636
.0633
.0629
.0625
.0621
.0618
.0614
.0611
.0607
.0604
.06
.0597
.0593
.059
.0587
.0583
.058
.0577
.0574
.0571
.0567
.0564
.0561
.0558
.0555
.0552
.0549
.0547
.0544
.0541
.0538
.0535
.0532
.053
.0527
.0524
.0522
.0519
.0516
.0514
.0511
.0509
.0506
.0504
.0501
.0499
