3.6928
3.5005
3.2971
3.0757
2.8389
2.6046
2.4044
2.263
2.1788
2.1326
2.1067
2.0908
2.0801
2.0722
2.0659
2.0607
2.0562
2.0522
2.0486
2.0454
2.0424
2.0397
2.0371
2.0347
2.0325
2.0305
2.0285
2.0267
2.025
2.0233
2.0218
2.0203
2.0189
2.0176
2.0164
2.0152
2.014
2.0129
2.0119
2.0109
2.0099
2.009
2.0081
2.0072
2.0064
2.0056
2.0048
2.0041
2.0033
2.0026
2.0019
2.0013
2.0006
2.0
1.9993
1.9987
1.9981
1.9976
1.997
1.9964
1.9959
1.9954
1.9948
1.9943
1.9938
1.9933
1.9928
1.9923
1.9918
1.9914
1.9909
1.9904
1.99
1.9895
1.989
1.9886
1.9881
1.9877
1.9873
1.9868
1.9864
1.986
1.9855
1.9851
1.9847
1.9842
1.9838
1.9834
1.983
1.9826
1.9821
1.9817
1.9813
1.9809
1.9805
1.98
1.9796
1.9792
1.9788
1.9783
1.9779
1.9775
1.9771
1.9766
1.9762
1.9758
1.9753
1.9749
1.9744
1.974
1.9735
1.9731
1.9726
1.9722
1.9717
1.9712
1.9707
1.9703
1.9698
1.9693
1.9687
1.9682
1.9677
1.9672
1.9666
1.966
1.9655
1.9649
1.9643
1.9636
1.963
1.9623
1.9616
1.9609
1.9602
1.9594
1.9586
1.9578
1.957
1.956
1.9551
1.9541
1.9531
1.9519
1.9508
1.9495
1.9482
1.9468
1.9454
1.9438
1.9421
1.9403
1.9384
1.9364
1.9342
1.9319
1.9294
1.9267
1.9239
1.9208
1.9176
1.9141
1.9104
1.9064
1.9022
1.8978
1.8931
1.8881
1.8829
1.8774
1.8717
1.8658
1.8596
1.8533
1.8468
1.8401
1.8333
1.8264
1.8195
1.8125
1.8054
1.7984
1.7915
1.7846
1.7778
1.7711
1.7645
1.758
1.7517
1.7455
1.7396
1.7337
1.7281
1.7226
1.7173
1.7122
1.7073
1.7025
1.6978
1.6934
1.6891
1.6849
1.6809
1.6771
1.6733
1.6698
1.6663
1.6629
1.6597
1.6566
1.6535
1.6506
1.6478
1.6451
1.6424
1.6398
1.6373
1.6349
1.6326
1.6303
1.6281
1.626
1.6239
1.6219
1.6199
1.618
1.6161
1.6143
1.6125
1.6107
1.609
1.6074
1.6058
1.6042
1.6026
1.6011
1.5996
1.5981
1.5967
1.5953
1.5939
1.5925
1.5912
1.5899
1.5886
1.5873
1.586
1.5848
1.5835
1.5823
1.5811
1.5799
1.5787
1.5775
1.5764
1.5752
1.5741
1.5729
1.5718
1.5707
1.5695
1.5684
1.5673
1.5662
1.565
1.5639
1.5628
1.5616
1.5605
1.5594
1.5582
1.5571
1.5559
1.5547
1.5535
1.5523
1.5511
1.5499
1.5486
1.5473
1.546
1.5447
1.5434
1.542
1.5406
1.5391
1.5376
1.5361
1.5345
1.5329
1.5312
1.5295
1.5277
1.5258
1.5239
1.5218
1.5197
1.5175
1.5152
1.5128
1.5102
1.5075
1.5046
1.5016
1.4984
1.495
1.4913
1.4874
1.4832
1.4787
1.4738
1.4685
1.4628
1.4565
1.4497
1.4423
1.4341
1.4251
1.4151
1.404
1.3917
1.378
1.3627
1.3455
1.3262
1.3046
1.2803
1.2531
1.2228
1.189
1.1518
1.1111
1.0673
1.0207
.9721
.9222
.8721
.8225
.7743
.7281
.6844
.6435
.6053
.57
.5374
.5074
.4798
.4545
.4312
.4098
.3901
.372
.3553
.3399
.3256
.3124
.3001
.2887
.2781
.2682
.2589
.2503
.2422
.2346
.2274
.2207
.2143
.2084
.2027
.1973
.1923
.1874
.1829
.1785
.1744
.1704
.1667
.1631
.1596
.1564
.1532
.1502
.1473
.1445
.1419
.1393
.1368
.1345
.1322
.13
.1278
.1258
.1238
.1219
.12
.1182
.1165
.1148
.1132
.1116
.1101
.1086
.1072
.1058
.1044
.1031
.1018
.1005
.0993
.0981
.097
.0958
.0948
.0937
.0926
.0916
.0906
.0897
.0887
.0878
.0869
.086
.0851
.0843
.0834
.0826
.0818
.0811
.0803
.0796
.0788
.0781
.0774
.0767
.0761
.0754
.0748
.0741
.0735
.0729
.0723
.0717
.0711
.0705
.07
.0694
.0689
.0684
.0678
.0673
.0668
.0663
.0658
.0653
.0649
.0644
.0639
.0635
.0631
.0626
.0622
.0618
.0613
.0609
.0605
.0601
.0597
.0593
.059
.0586
.0582
.0578
.0575
.0571
.0568
.0564
.0561
.0557
.0554
.0551
.0547
.0544
.0541
.0538
.0535
.0532
.0529
.0526
.0523
.052
.0517
.0514
.0511
.0508
.0506
.0503
.05
.0498
