4.3724
4.1442
3.9491
3.7878
3.6523
3.5332
3.4229
3.3164
3.2103
3.1027
2.9934
2.8837
2.7765
2.6764
2.5882
2.5153
2.4588
2.4169
2.3864
2.3638
2.3461
2.3315
2.3187
2.3068
2.2955
2.2844
2.2735
2.2628
2.2521
2.2416
2.2312
2.2209
2.2108
2.2009
2.1911
2.1815
2.1721
2.1628
2.1537
2.1447
2.1359
2.1272
2.1185
2.1099
2.1013
2.0928
2.0843
2.0758
2.0672
2.0587
2.0501
2.0415
2.0328
2.0242
2.0154
2.0067
1.9979
1.9891
1.9803
1.9714
1.9626
1.9538
1.9449
1.9362
1.9274
1.9186
1.9099
1.9012
1.8926
1.884
1.8755
1.867
1.8585
1.8501
1.8417
1.8333
1.8249
1.8166
1.8082
1.7999
1.7915
1.783
1.7745
1.7659
1.7572
1.7483
1.7393
1.7302
1.7207
1.711
1.701
1.6907
1.6799
1.6687
1.6569
1.6444
1.6313
1.6174
1.6025
1.5867
1.5696
1.5514
1.5317
1.5105
1.4876
1.4629
1.4364
1.4081
1.3778
1.3457
1.312
1.2768
1.2403
1.203
1.1652
1.1271
1.0893
1.0518
1.0151
.9793
.9447
.9112
.879
.8482
.8186
.7904
.7635
.7379
.7135
.6902
.668
.6469
.6268
.6077
.5895
.5721
.5555
.5397
.5246
.5101
.4963
.4832
.4705
.4585
.4469
.4358
.4252
.415
.4053
.3959
.3868
.3782
.3698
.3618
.3541
.3466
.3394
.3325
.3259
.3194
.3132
.3072
.3014
.2958
.2903
.2851
.28
.275
.2703
.2656
.2612
.2568
.2526
.2485
.2445
.2406
.2369
.2332
.2297
.2262
.2228
.2196
.2164
.2133
.2103
.2073
.2044
.2016
.1989
.1963
.1937
.1911
.1886
.1862
.1839
.1816
.1793
.1771
.175
.1729
.1708
.1688
.1668
.1649
.163
.1612
.1593
.1576
.1558
.1541
.1525
.1508
.1492
.1477
.1461
.1446
.1431
.1417
.1403
.1389
.1375
.1361
.1348
.1335
.1322
.131
.1298
.1285
.1274
.1262
.125
.1239
.1228
.1217
.1206
.1196
.1185
.1175
.1165
.1155
.1145
.1136
.1126
.1117
.1108
.1099
.109
.1081
.1073
.1064
.1056
.1048
.104
.1032
.1024
.1016
.1008
.1001
.0993
.0986
.0979
.0972
.0965
.0958
.0951
.0944
.0937
.0931
.0924
.0918
.0912
.0905
.0899
.0893
.0887
.0881
.0875
.0869
.0864
.0858
.0853
.0847
.0842
.0836
.0831
.0826
.0821
.0815
.081
.0805
.08
.0796
.0791
.0786
.0781
.0777
.0772
.0767
.0763
.0758
.0754
.075
.0745
.0741
.0737
.0733
.0728
.0724
.072
.0716
.0712
.0708
.0705
.0701
.0697
.0693
.0689
.0686
.0682
.0679
.0675
.0671
.0668
.0664
.0661
.0658
.0654
.0651
.0648
.0644
.0641
.0638
.0635
.0632
.0628
.0625
.0622
.0619
.0616
.0613
.061
.0607
.0605
.0602
.0599
.0596
.0593
.059
.0588
.0585
.0582
.058
.0577
.0574
.0572
.0569
.0567
.0564
.0562
.0559
.0557
.0554
.0552
.0549
.0547
.0544
.0542
.054
.0537
.0535
.0533
.0531
.0528
.0526
.0524
.0522
.052
.0517
.0515
.0513
.0511
.0509
.0507
.0505
.0503
.0501
.0499
