4.111
3.871
3.6578
3.4687
3.2972
3.1373
2.986
2.8429
2.71
2.5908
2.4892
2.4077
2.346
2.3013
2.2696
2.247
2.2304
2.2174
2.2067
2.1974
2.1889
2.181
2.1733
2.1658
2.1584
2.151
2.1436
2.1362
2.1288
2.1214
2.1139
2.1064
2.0989
2.0913
2.0837
2.076
2.0682
2.0604
2.0526
2.0447
2.0367
2.0287
2.0207
2.0126
2.0045
1.9964
1.9882
1.9801
1.9719
1.9638
1.9557
1.9476
1.9396
1.9316
1.9237
1.9159
1.9082
1.9005
1.893
1.8856
1.8783
1.8711
1.864
1.857
1.8502
1.8435
1.837
1.8305
1.8243
1.8181
1.8121
1.8062
1.8004
1.7948
1.7893
1.7839
1.7786
1.7735
1.7684
1.7635
1.7587
1.754
1.7494
1.7449
1.7405
1.7362
1.732
1.7279
1.7239
1.7199
1.7161
1.7123
1.7085
1.7049
1.7013
1.6978
1.6944
1.691
1.6877
1.6844
1.6812
1.678
1.6749
1.6718
1.6688
1.6658
1.6628
1.6599
1.657
1.6542
1.6514
1.6486
1.6458
1.6431
1.6404
1.6377
1.635
1.6324
1.6297
1.6271
1.6245
1.6218
1.6192
1.6166
1.614
1.6114
1.6087
1.6061
1.6034
1.6008
1.5981
1.5954
1.5927
1.5899
1.5871
1.5843
1.5814
1.5785
1.5755
1.5725
1.5694
1.5663
1.563
1.5597
1.5563
1.5527
1.5491
1.5453
1.5414
1.5373
1.533
1.5286
1.5239
1.519
1.5139
1.5084
1.5026
1.4965
1.4899
1.4828
1.4753
1.4671
1.4583
1.4487
1.4382
1.4268
1.4143
1.4005
1.3854
1.3687
1.3502
1.3298
1.3073
1.2826
1.2555
1.226
1.1942
1.1601
1.1242
1.0867
1.0481
1.0092
.9703
.932
.8949
.8592
.8253
.7932
.7631
.7348
.7084
.6837
.6607
.6392
.619
.6002
.5824
.5658
.5501
.5352
.5211
.5078
.4951
.483
.4715
.4605
.45
.4399
.4302
.4208
.4119
.4032
.3949
.3868
.379
.3715
.3642
.3572
.3504
.3437
.3373
.3311
.325
.3192
.3135
.3079
.3025
.2973
.2922
.2873
.2824
.2777
.2732
.2687
.2644
.2602
.2561
.2521
.2482
.2444
.2407
.237
.2335
.2301
.2267
.2235
.2203
.2172
.2141
.2112
.2083
.2054
.2027
.2
.1973
.1948
.1923
.1898
.1874
.185
.1827
.1805
.1783
.1761
.174
.172
.17
.168
.1661
.1642
.1623
.1605
.1587
.157
.1552
.1536
.1519
.1503
.1487
.1472
.1457
.1442
.1427
.1413
.1398
.1385
.1371
.1358
.1344
.1331
.1319
.1306
.1294
.1282
.127
.1259
.1247
.1236
.1225
.1214
.1203
.1193
.1182
.1172
.1162
.1152
.1142
.1133
.1123
.1114
.1105
.1096
.1087
.1078
.107
.1061
.1053
.1045
.1037
.1029
.1021
.1013
.1005
.0998
.099
.0983
.0976
.0968
.0961
.0954
.0947
.0941
.0934
.0927
.0921
.0914
.0908
.0902
.0896
.0889
.0883
.0877
.0872
.0866
.086
.0854
.0849
.0843
.0838
.0832
.0827
.0822
.0816
.0811
.0806
.0801
.0796
.0791
.0786
.0782
.0777
.0772
.0768
.0763
.0758
.0754
.0749
.0745
.0741
.0736
.0732
.0728
.0724
.072
.0716
.0712
.0708
.0704
.07
.0696
.0692
.0688
.0684
.0681
.0677
.0673
.067
.0666
.0663
.0659
.0656
.0652
.0649
.0646
.0642
.0639
.0636
.0632
.0629
.0626
.0623
.062
.0617
.0614
.0611
.0608
.0605
.0602
.0599
.0596
.0593
.059
.0587
.0584
.0582
.0579
.0576
.0574
.0571
.0568
.0566
.0563
.056
.0558
.0555
.0553
.055
.0548
.0545
.0543
.0541
.0538
.0536
.0533
.0531
.0529
.0526
.0524
.0522
.052
.0517
.0515
.0513
.0511
.0509
.0507
.0505
.0502
.05
.0498
