3.6872
3.4939
3.324
3.1715
3.0326
2.9061
2.7925
2.6939
2.6119
2.5472
2.4985
2.4632
2.4379
2.4196
2.4059
2.395
2.3858
2.3776
2.37
2.3626
2.3554
2.3483
2.3411
2.3339
2.3266
2.3192
2.3118
2.3042
2.2966
2.2888
2.2809
2.2728
2.2646
2.2563
2.2478
2.2391
2.2303
2.2213
2.2122
2.203
2.1936
2.1842
2.1747
2.1653
2.1558
2.1463
2.137
2.1277
2.1186
2.1096
2.1008
2.0922
2.0838
2.0756
2.0676
2.0599
2.0524
2.0451
2.0381
2.0313
2.0246
2.0182
2.012
2.0059
2.0001
1.9944
1.9888
1.9834
1.9782
1.973
1.968
1.9632
1.9584
1.9537
1.9491
1.9446
1.9402
1.9358
1.9316
1.9273
1.9231
1.919
1.9149
1.9108
1.9068
1.9027
1.8987
1.8946
1.8906
1.8865
1.8824
1.8782
1.874
1.8697
1.8653
1.8607
1.8561
1.8513
1.8464
1.8412
1.8359
1.8302
1.8243
1.818
1.8113
1.8042
1.7965
1.7883
1.7794
1.7697
1.7592
1.7477
1.7351
1.7212
1.7059
1.689
1.6704
1.6498
1.6271
1.6021
1.5747
1.5448
1.5124
1.4776
1.4406
1.4015
1.3608
1.319
1.2763
1.2335
1.1908
1.1488
1.1077
1.0679
1.0297
.993
.9581
.9249
.8935
.8638
.8358
.8094
.7845
.7611
.7391
.7183
.6987
.6803
.6628
.6464
.6308
.616
.6021
.5888
.5762
.5642
.5528
.5419
.5315
.5216
.5121
.503
.4943
.4859
.4779
.4702
.4627
.4556
.4487
.442
.4355
.4293
.4232
.4174
.4117
.4062
.4008
.3956
.3905
.3856
.3808
.3761
.3715
.3671
.3627
.3585
.3543
.3502
.3462
.3423
.3385
.3347
.331
.3274
.3239
.3204
.3169
.3136
.3103
.307
.3038
.3007
.2976
.2945
.2915
.2886
.2857
.2828
.28
.2772
.2745
.2718
.2692
.2666
.264
.2615
.259
.2566
.2541
.2518
.2494
.2471
.2449
.2426
.2404
.2383
.2362
.2341
.232
.23
.228
.226
.2241
.2222
.2203
.2185
.2167
.2149
.2131
.2114
.2097
.2081
.2064
.2048
.2032
.2017
.2001
.1986
.1971
.1957
.1942
.1928
.1914
.19
.1887
.1874
.1861
.1848
.1835
.1823
.181
.1798
.1786
.1775
.1763
.1752
.1741
.173
.1719
.1708
.1698
.1687
.1677
.1667
.1657
.1647
.1638
.1628
.1619
.161
.1601
.1592
.1583
.1574
.1566
.1557
.1549
.154
.1532
.1524
.1516
.1509
.1501
.1493
.1486
.1478
.1471
.1464
.1457
.1449
.1443
.1436
.1429
.1422
.1415
.1409
.1402
.1396
.139
.1383
.1377
.1371
.1365
.1359
.1353
.1347
.1342
.1336
.133
.1325
.1319
.1314
.1308
.1303
.1297
.1292
.1287
.1282
.1277
.1272
.1267
.1262
.1257
.1252
.1247
.1243
.1238
.1233
.1229
.1224
.1219
.1215
.1211
.1206
.1202
.1197
.1193
.1189
.1185
.1181
.1176
.1172
.1168
.1164
.116
.1156
.1152
.1148
.1145
.1141
.1137
.1133
.113
.1126
.1122
.1119
.1115
.1111
.1108
.1104
.1101
.1097
.1094
.109
.1087
.1084
.108
.1077
.1074
.107
.1067
.1064
.1061
.1058
.1055
.1051
.1048
.1045
.1042
.1039
.1036
.1033
.103
.1027
.1024
.1021
.1018
.1016
.1013
.101
.1007
.1004
.1002
.0999
.0996
.0993
.0991
.0988
.0985
.0983
.098
.0977
.0975
.0972
.097
.0967
.0965
.0962
.096
.0957
.0955
.0952
.095
.0947
.0945
.0942
.094
.0938
.0935
.0933
.0931
.0928
.0926
.0924
.0921
.0919
.0917
.0915
.0912
.091
.0908
.0906
.0904
.0901
.0899
.0897
.0895
.0893
.0891
.0889
.0887
.0885
.0883
.088
.0878
.0876
.0874
.0872
.087
.0868
.0866
.0864
.0863
.0861
.0859
.0857
.0855
.0853
.0851
.0849
.0847
.0845
.0843
.0842
.084
.0838
.0836
.0834
.0833
.0831
.0829
.0827
.0825
.0824
.0822
.082
.0818
.0817
.0815
.0813
.0811
.081
.0808
.0806
.0805
.0803
.0801
.08
.0798
.0796
.0795
.0793
.0792
.079
.0788
.0787
.0785
.0784
.0782
.078
.0779
.0777
.0776
.0774
.0773
.0771
.077
.0768
.0767
.0765
.0764
.0762
.0761
.0759
.0758
.0756
.0755
.0753
.0752
.0751
.0749
.0748
.0746
.0745
.0743
.0742
.0741
.0739
.0738
.0736
.0735
.0734
.0732
.0731
.073
.0728
.0727
.0726
.0724
.0723
.0722
.072
.0719
.0718
.0716
.0715
.0714
.0713
.0711
.071
.0709
.0707
.0706
.0705
.0704
.0702
.0701
.07
.0699
.0697
.0696
.0695
.0694
.0693
.0691
.069
.0689
.0688
.0687
.0685
.0684
.0683
.0682
.0681
.068
.0678
.0677
.0676
.0675
.0674
.0673
.0671
.067
.0669
.0668
.0667
.0666
.0665
.0664
.0663
.0661
.066
.0659
.0658
.0657
.0656
.0655
.0654
.0653
.0652
.0651
.065
.0649
.0647
.0646
.0645
.0644
.0643
.0642
.0641
.064
.0639
.0638
.0637
.0636
.0635
.0634
.0633
.0632
.0631
.063
.0629
.0628
.0627
.0626
.0625
.0624
.0623
.0622
.0621
.062
.0619
.0618
.0617
.0616
.0616
.0615
.0614
.0613
.0612
.0611
.061
.0609
.0608
.0607
.0606
.0605
.0604
.0603
.0603
.0602
.0601
.06
.0599
.0598
.0597
.0596
.0595
.0594
.0594
.0593
.0592
.0591
.059
.0589
.0588
.0588
.0587
.0586
.0585
.0584
.0583
.0582
.0582
.0581
.058
.0579
.0578
.0577
.0577
.0576
.0575
.0574
.0573
.0572
.0572
.0571
.057
.0569
.0568
.0568
.0567
.0566
.0565
.0564
.0564
.0563
.0562
.0561
.056
.056
.0559
.0558
.0557
.0557
.0556
.0555
.0554
.0553
.0553
.0552
.0551
.055
.055
.0549
.0548
.0547
.0547
.0546
.0545
.0544
.0544
.0543
.0542
.0541
.0541
.054
.0539
.0539
.0538
.0537
.0536
.0536
.0535
.0534
.0534
.0533
.0532
.0531
.0531
.053
.0529
.0529
.0528
.0527
.0527
.0526
.0525
.0524
.0524
.0523
.0522
.0522
.0521
.052
.052
.0519
.0518
.0518
.0517
.0516
.0516
.0515
.0514
.0514
.0513
.0512
.0512
.0511
.051
.051
.0509
.0509
.0508
.0507
.0507
.0506
.0505
.0505
.0504
.0503
.0503
.0502
.0502
.0501
.05
.05
