4.3878
4.1293
3.875
3.6315
3.398
3.171
2.9494
2.739
2.5535
2.4082
2.309
2.2483
2.2125
2.1904
2.1753
2.1637
2.1539
2.1451
2.1368
2.129
2.1215
2.1142
2.1072
2.1004
2.0939
2.0876
2.0816
2.0758
2.0702
2.0648
2.0595
2.0545
2.0495
2.0447
2.0401
2.0355
2.031
2.0266
2.0222
2.0179
2.0135
2.0092
2.0049
2.0006
1.9963
1.992
1.9876
1.9832
1.9788
1.9743
1.9698
1.9652
1.9606
1.9559
1.9512
1.9464
1.9416
1.9367
1.9318
1.9269
1.9219
1.9169
1.9119
1.9069
1.9018
1.8968
1.8917
1.8867
1.8817
1.8767
1.8717
1.8668
1.8619
1.8571
1.8523
1.8475
1.8429
1.8382
1.8337
1.8292
1.8248
1.8204
1.8162
1.812
1.8078
1.8038
1.7998
1.7959
1.792
1.7883
1.7846
1.781
1.7774
1.7739
1.7705
1.7671
1.7638
1.7606
1.7574
1.7543
1.7512
1.7482
1.7452
1.7423
1.7394
1.7366
1.7338
1.7311
1.7284
1.7257
1.7231
1.7205
1.718
1.7154
1.7129
1.7105
1.708
1.7056
1.7032
1.7008
1.6985
1.6961
1.6938
1.6915
1.6891
1.6868
1.6845
1.6822
1.6799
1.6776
1.6753
1.673
1.6706
1.6683
1.6659
1.6635
1.661
1.6586
1.656
1.6535
1.6509
1.6482
1.6454
1.6426
1.6397
1.6367
1.6336
1.6303
1.627
1.6234
1.6197
1.6158
1.6116
1.6072
1.6026
1.5975
1.5922
1.5864
1.5801
1.5733
1.5658
1.5577
1.5487
1.5388
1.5279
1.5157
1.5022
1.487
1.4701
1.4512
1.4299
1.4062
1.3798
1.3505
1.3181
1.2828
1.2446
1.2038
1.1609
1.1165
1.0711
1.0255
.9803
.9362
.8936
.8529
.8141
.7775
.7431
.7108
.6805
.6521
.6255
.6006
.5773
.5554
.5348
.5155
.4973
.4801
.4639
.4487
.4342
.4205
.4076
.3953
.3837
.3726
.3621
.3521
.3426
.3336
.3249
.3167
.3088
.3013
.2941
.2872
.2806
.2742
.2682
.2624
.2568
.2514
.2462
.2413
.2365
.2319
.2274
.2232
.219
.215
.2112
.2075
.2039
.2004
.197
.1937
.1906
.1875
.1845
.1816
.1788
.1761
.1735
.1709
.1684
.166
.1636
.1614
.1591
.1569
.1548
.1528
.1507
.1488
.1469
.145
.1432
.1414
.1397
.138
.1363
.1347
.1331
.1315
.13
.1286
.1271
.1257
.1243
.1229
.1216
.1203
.119
.1178
.1165
.1153
.1142
.113
.1119
.1108
.1097
.1086
.1076
.1065
.1055
.1045
.1035
.1026
.1016
.1007
.0998
.0989
.098
.0972
.0963
.0955
.0947
.0939
.0931
.0923
.0915
.0908
.09
.0893
.0886
.0878
.0871
.0865
.0858
.0851
.0844
.0838
.0832
.0825
.0819
.0813
.0807
.0801
.0795
.0789
.0784
.0778
.0772
.0767
.0762
.0756
.0751
.0746
.0741
.0736
.0731
.0726
.0721
.0716
.0711
.0707
.0702
.0697
.0693
.0689
.0684
.068
.0676
.0671
.0667
.0663
.0659
.0655
.0651
.0647
.0643
.0639
.0635
.0632
.0628
.0624
.0621
.0617
.0613
.061
.0606
.0603
.06
.0596
.0593
.059
.0586
.0583
.058
.0577
.0574
.0571
.0567
.0564
.0561
.0558
.0556
.0553
.055
.0547
.0544
.0541
.0538
.0536
.0533
.053
.0528
.0525
.0522
.052
.0517
.0515
.0512
.051
.0507
.0505
.0502
.05
.0498
