4.1943
3.8339
3.4678
3.1252
2.8229
2.5674
2.3612
2.2044
2.0937
2.0205
1.9743
1.9453
1.9264
1.9135
1.9038
1.8959
1.8891
1.8828
1.8769
1.8712
1.8656
1.86
1.8545
1.849
1.8435
1.8381
1.8327
1.8273
1.822
1.8167
1.8114
1.8061
1.8009
1.7958
1.7907
1.7856
1.7806
1.7756
1.7707
1.7658
1.7609
1.7561
1.7513
1.7465
1.7417
1.7369
1.7321
1.7273
1.7224
1.7175
1.7126
1.7075
1.7024
1.6972
1.6919
1.6864
1.6808
1.6749
1.6689
1.6625
1.6559
1.6489
1.6416
1.6338
1.6255
1.6166
1.6071
1.5969
1.5859
1.574
1.561
1.547
1.5316
1.515
1.4968
1.4771
1.4557
1.4326
1.4077
1.3811
1.3528
1.323
1.2919
1.2597
1.2267
1.1931
1.1593
1.1255
1.092
1.059
1.0267
.9952
.9645
.9349
.9062
.8786
.852
.8264
.8017
.7781
.7554
.7335
.7126
.6924
.6731
.6546
.6367
.6196
.6032
.5874
.5723
.5577
.5437
.5302
.5173
.5048
.4928
.4813
.4702
.4595
.4492
.4393
.4297
.4205
.4116
.403
.3947
.3867
.3789
.3715
.3642
.3572
.3504
.3439
.3375
.3314
.3254
.3196
.314
.3086
.3033
.2982
.2932
.2884
.2837
.2792
.2747
.2704
.2662
.2621
.2582
.2543
.2505
.2469
.2433
.2398
.2364
.2331
.2299
.2267
.2237
.2207
.2177
.2149
.2121
.2093
.2067
.2041
.2015
.199
.1966
.1942
.1919
.1896
.1874
.1852
.183
.1809
.1789
.1769
.1749
.173
.1711
.1692
.1674
.1656
.1639
.1622
.1605
.1588
.1572
.1556
.1541
.1525
.151
.1495
.1481
.1467
.1452
.1439
.1425
.1412
.1399
.1386
.1373
.1361
.1349
.1337
.1325
.1313
.1302
.129
.1279
.1268
.1258
.1247
.1237
.1226
.1216
.1206
.1196
.1187
.1177
.1168
.1159
.115
.1141
.1132
.1123
.1114
.1106
.1098
.1089
.1081
.1073
.1065
.1058
.105
.1042
.1035
.1027
.102
.1013
.1006
.0999
.0992
.0985
.0978
.0972
.0965
.0959
.0952
.0946
.094
.0934
.0927
.0921
.0916
.091
.0904
.0898
.0892
.0887
.0881
.0876
.087
.0865
.086
.0855
.0849
.0844
.0839
.0834
.0829
.0824
.082
.0815
.081
.0805
.0801
.0796
.0792
.0787
.0783
.0778
.0774
.077
.0765
.0761
.0757
.0753
.0749
.0745
.0741
.0737
.0733
.0729
.0725
.0721
.0718
.0714
.071
.0707
.0703
.0699
.0696
.0692
.0689
.0685
.0682
.0679
.0675
.0672
.0669
.0665
.0662
.0659
.0656
.0653
.0649
.0646
.0643
.064
.0637
.0634
.0631
.0628
.0626
.0623
.062
.0617
.0614
.0611
.0609
.0606
.0603
.0601
.0598
.0595
.0593
.059
.0587
.0585
.0582
.058
.0577
.0575
.0572
.057
.0568
.0565
.0563
.056
.0558
.0556
.0553
.0551
.0549
.0547
.0544
.0542
.054
.0538
.0536
.0534
.0531
.0529
.0527
.0525
.0523
.0521
.0519
.0517
.0515
.0513
.0511
.0509
.0507
.0505
.0503
.0501
.0499
