4.5945
4.332
4.0507
3.7751
3.526
3.312
3.1316
2.9782
2.8449
2.7268
2.6211
2.5275
2.4471
2.3814
2.3308
2.294
2.2685
2.2511
2.2392
2.2307
2.2242
2.2187
2.2138
2.2091
2.2044
2.1996
2.1947
2.1896
2.1844
2.179
2.1735
2.168
2.1623
2.1567
2.151
2.1453
2.1396
2.1339
2.1284
2.1228
2.1174
2.1121
2.1069
2.1018
2.0968
2.0919
2.0872
2.0825
2.078
2.0736
2.0693
2.0651
2.061
2.0569
2.0529
2.049
2.0451
2.0412
2.0374
2.0337
2.0299
2.0262
2.0226
2.0189
2.0153
2.0117
2.0081
2.0045
2.001
1.9975
1.994
1.9905
1.987
1.9836
1.9802
1.9769
1.9735
1.9702
1.9669
1.9636
1.9604
1.9572
1.954
1.9508
1.9477
1.9446
1.9415
1.9384
1.9354
1.9324
1.9294
1.9264
1.9235
1.9206
1.9177
1.9148
1.9119
1.9091
1.9063
1.9035
1.9008
1.8981
1.8953
1.8927
1.89
1.8873
1.8847
1.8821
1.8795
1.8769
1.8744
1.8719
1.8693
1.8668
1.8644
1.8619
1.8595
1.857
1.8546
1.8522
1.8499
1.8475
1.8452
1.8428
1.8405
1.8382
1.8359
1.8336
1.8313
1.829
1.8268
1.8245
1.8222
1.82
1.8177
1.8155
1.8132
1.8109
1.8087
1.8064
1.8041
1.8019
1.7996
1.7972
1.7949
1.7925
1.7902
1.7878
1.7853
1.7828
1.7803
1.7778
1.7752
1.7725
1.7698
1.767
1.7641
1.7612
1.7581
1.755
1.7517
1.7483
1.7447
1.741
1.7372
1.7331
1.7288
1.7242
1.7194
1.7143
1.7088
1.703
1.6967
1.6899
1.6826
1.6747
1.6661
1.6567
1.6465
1.6352
1.6229
1.6094
1.5946
1.5782
1.5603
1.5406
1.5191
1.4957
1.4704
1.4431
1.414
1.3832
1.351
1.3175
1.2832
1.2483
1.2132
1.1782
1.1436
1.1097
1.0766
1.0444
1.0132
.9832
.9542
.9264
.8997
.874
.8494
.8259
.8032
.7815
.7607
.7407
.7214
.703
.6852
.6682
.6518
.636
.6208
.6062
.5921
.5786
.5655
.5529
.5407
.529
.5177
.5068
.4962
.486
.4762
.4666
.4574
.4485
.4399
.4316
.4235
.4157
.4081
.4008
.3937
.3868
.3801
.3736
.3673
.3612
.3552
.3495
.3438
.3384
.3331
.3279
.3229
.318
.3133
.3086
.3041
.2997
.2955
.2913
.2872
.2833
.2794
.2756
.2719
.2683
.2648
.2614
.258
.2548
.2516
.2484
.2454
.2424
.2395
.2366
.2338
.2311
.2284
.2258
.2232
.2207
.2182
.2158
.2134
.2111
.2088
.2066
.2044
.2022
.2001
.1981
.196
.1941
.1921
.1902
.1883
.1865
.1846
.1829
.1811
.1794
.1777
.176
.1744
.1728
.1712
.1697
.1681
.1666
.1652
.1637
.1623
.1609
.1595
.1581
.1568
.1555
.1542
.1529
.1516
.1504
.1492
.148
.1468
.1456
.1445
.1433
.1422
.1411
.14
.139
.1379
.1369
.1358
.1348
.1338
.1329
.1319
.1309
.13
.1291
.1281
.1272
.1263
.1254
.1246
.1237
.1229
.122
.1212
.1204
.1196
.1188
.118
.1172
.1164
.1157
.1149
.1142
.1135
.1127
.112
.1113
.1106
.1099
.1093
.1086
.1079
.1073
.1066
.106
.1053
.1047
.1041
.1035
.1029
.1023
.1017
.1011
.1005
.0999
.0994
.0988
.0982
.0977
.0971
.0966
.0961
.0955
.095
.0945
.094
.0935
.093
.0925
.092
.0915
.091
.0905
.0901
.0896
.0891
.0887
.0882
.0878
.0873
.0869
.0865
.086
.0856
.0852
.0847
.0843
.0839
.0835
.0831
.0827
.0823
.0819
.0815
.0811
.0807
.0804
.08
.0796
.0792
.0789
.0785
.0781
.0778
.0774
.0771
.0767
.0764
.076
.0757
.0754
.075
.0747
.0744
.0741
.0737
.0734
.0731
.0728
.0725
.0722
.0718
.0715
.0712
.0709
.0706
.0703
.0701
.0698
.0695
.0692
.0689
.0686
.0683
.0681
.0678
.0675
.0673
.067
.0667
.0665
.0662
.0659
.0657
.0654
.0652
.0649
.0647
.0644
.0642
.0639
.0637
.0634
.0632
.0629
.0627
.0625
.0622
.062
.0618
.0615
.0613
.0611
.0609
.0606
.0604
.0602
.06
.0598
.0596
.0593
.0591
.0589
.0587
.0585
.0583
.0581
.0579
.0577
.0575
.0573
.0571
.0569
.0567
.0565
.0563
.0561
.0559
.0557
.0556
.0554
.0552
.055
.0548
.0546
.0545
.0543
.0541
.0539
.0537
.0536
.0534
.0532
.0531
.0529
.0527
.0525
.0524
.0522
.052
.0519
.0517
.0516
.0514
.0512
.0511
.0509
.0508
.0506
.0504
.0503
.0501
.05
