4.2391
4.0691
3.9243
3.797
3.6795
3.5648
3.4478
3.3241
3.1908
3.0464
2.8926
2.7352
2.5856
2.4571
2.3587
2.2905
2.2451
2.2142
2.1916
2.1736
2.1582
2.1442
2.1311
2.1186
2.1065
2.0948
2.0834
2.0723
2.0614
2.0508
2.0404
2.0302
2.0203
2.0106
2.0012
1.992
1.983
1.9742
1.9657
1.9574
1.9494
1.9415
1.9339
1.9265
1.9194
1.9124
1.9057
1.8991
1.8928
1.8866
1.8807
1.8749
1.8692
1.8638
1.8585
1.8533
1.8483
1.8434
1.8386
1.8339
1.8294
1.825
1.8206
1.8164
1.8122
1.8082
1.8042
1.8003
1.7964
1.7927
1.789
1.7854
1.7818
1.7783
1.7749
1.7715
1.7682
1.7649
1.7617
1.7585
1.7554
1.7523
1.7493
1.7463
1.7433
1.7404
1.7376
1.7347
1.7319
1.7292
1.7265
1.7238
1.7211
1.7185
1.7159
1.7134
1.7108
1.7083
1.7059
1.7034
1.701
1.6986
1.6962
1.6939
1.6916
1.6893
1.687
1.6847
1.6825
1.6803
1.6781
1.6759
1.6737
1.6716
1.6694
1.6673
1.6652
1.6631
1.661
1.6589
1.6569
1.6548
1.6528
1.6507
1.6487
1.6467
1.6447
1.6427
1.6407
1.6387
1.6367
1.6348
1.6328
1.6308
1.6289
1.6269
1.625
1.623
1.621
1.6191
1.6171
1.6152
1.6132
1.6113
1.6093
1.6074
1.6054
1.6034
1.6015
1.5995
1.5975
1.5955
1.5935
1.5916
1.5896
1.5876
1.5855
1.5835
1.5815
1.5795
1.5774
1.5754
1.5733
1.5713
1.5692
1.5671
1.565
1.5629
1.5608
1.5587
1.5565
1.5544
1.5522
1.5501
1.5479
1.5457
1.5435
1.5413
1.5391
1.5369
1.5346
1.5324
1.5301
1.5278
1.5255
1.5233
1.521
1.5186
1.5163
1.514
1.5117
1.5093
1.507
1.5046
1.5023
1.4999
1.4975
1.4951
1.4928
1.4904
1.488
1.4856
1.4832
1.4808
1.4784
1.476
1.4736
1.4712
1.4688
1.4664
1.464
1.4617
1.4593
1.4569
1.4545
1.4522
1.4498
1.4475
1.4451
1.4428
1.4405
1.4382
1.4359
1.4336
1.4313
1.429
1.4268
1.4246
1.4223
1.4201
1.4179
1.4158
1.4136
1.4114
1.4093
1.4072
1.4051
1.403
1.4009
1.3989
1.3968
1.3948
1.3928
1.3908
1.3888
1.3869
1.3849
1.383
1.3811
1.3792
1.3773
1.3754
1.3736
1.3717
1.3699
1.3681
1.3663
1.3645
1.3627
1.3609
1.3592
1.3574
1.3557
1.3539
1.3522
1.3505
1.3488
1.3471
1.3453
1.3437
1.342
1.3403
1.3386
1.3369
1.3352
1.3335
1.3319
1.3302
1.3285
1.3268
1.3251
1.3235
1.3218
1.3201
1.3184
1.3167
1.315
1.3133
1.3116
1.3099
1.3082
1.3065
1.3047
1.303
1.3013
1.2995
1.2978
1.2961
1.2943
1.2926
1.2908
1.289
1.2873
1.2855
1.2837
1.2819
1.2802
1.2784
1.2766
1.2748
1.273
1.2712
1.2694
1.2676
1.2658
1.264
1.2622
1.2604
1.2586
1.2568
1.255
1.2532
1.2514
1.2496
1.2478
1.2461
1.2443
1.2425
1.2407
1.239
1.2372
1.2354
1.2337
1.232
1.2302
1.2285
1.2268
1.2251
1.2233
1.2216
1.22
1.2183
1.2166
1.2149
1.2133
1.2116
1.21
1.2084
1.2067
1.2051
1.2035
1.2019
1.2004
1.1988
1.1972
1.1957
1.1941
1.1926
1.1911
1.1896
1.1881
1.1866
1.1851
1.1837
1.1822
1.1808
1.1793
1.1779
1.1765
1.1751
1.1737
1.1723
1.171
1.1696
1.1682
1.1669
1.1656
1.1643
1.163
1.1617
1.1604
1.1591
1.1579
1.1566
1.1554
1.1541
1.1529
1.1517
1.1505
1.1493
1.1482
1.147
1.1458
1.1447
1.1436
1.1424
1.1413
1.1402
1.1391
1.138
1.137
1.1359
1.1349
1.1338
1.1328
1.1318
1.1307
1.1297
1.1287
1.1278
1.1268
1.1258
1.1249
1.1239
1.123
1.1221
1.1212
1.1202
1.1194
1.1185
1.1176
1.1167
1.1159
1.115
1.1142
1.1134
1.1125
1.1117
1.1109
1.1102
1.1094
1.1086
1.1079
1.1071
1.1064
1.1056
1.1049
1.1042
1.1035
1.1028
1.1021
1.1015
1.1008
1.1002
1.0995
1.0989
1.0983
1.0977
1.0971
1.0965
1.0959
1.0954
1.0948
1.0943
1.0937
1.0932
1.0927
1.0922
1.0917
1.0912
1.0908
1.0903
1.0899
1.0894
1.089
1.0886
1.0882
1.0878
1.0875
1.0871
1.0867
1.0864
1.0861
1.0858
1.0855
1.0852
1.0849
1.0847
1.0844
1.0842
1.084
1.0838
1.0836
1.0834
1.0832
1.0831
1.0829
1.0828
1.0827
1.0826
1.0825
1.0825
1.0824
1.0824
1.0824
1.0824
1.0824
1.0825
1.0825
1.0826
1.0827
1.0828
1.0829
1.0831
1.0832
1.0834
1.0836
1.0839
1.0841
1.0844
1.0846
1.0849
1.0853
1.0856
1.086
1.0864
1.0868
1.0872
1.0877
1.0882
1.0887
1.0892
1.0897
1.0903
1.0909
1.0915
1.0922
1.0929
1.0936
1.0943
1.095
1.0958
1.0966
1.0975
1.0983
1.0992
1.1002
1.1011
1.1021
1.1031
1.1041
1.1052
1.1063
1.1074
1.1086
1.1097
1.111
1.1122
1.1135
1.1148
1.1161
1.1174
1.1188
1.1202
1.1217
1.1231
1.1246
1.1261
1.1277
1.1292
1.1308
1.1325
1.1341
1.1357
1.1374
1.1391
1.1408
1.1426
1.1443
1.1461
1.1479
1.1497
1.1515
1.1533
1.1551
1.157
1.1588
1.1606
1.1625
1.1644
1.1662
1.1681
1.1699
1.1718
1.1736
1.1755
1.1773
1.1791
1.1809
1.1827
1.1845
1.1863
1.1881
1.1898
1.1916
1.1933
1.195
1.1967
1.1984
1.2001
1.2017
1.2033
1.2049
1.2063
1.2077
1.2089
1.2099
1.2107
1.2113
1.212
1.2128
1.2145
1.2176
1.2235
1.2333
1.2483
1.2682
1.289
1.3013
1.2921
1.2482
1.1538
.9754
.6914
.4843
.4305
.4215
.431
.4518
.4833
.5324
.6328
.9939
2.1908
.5692
.436
.4082
.4083
.4221
.4454
.4795
.5356
.6687
1.2794
2.3034
.6424
.4502
.4007
.392
.3996
.4167
.4415
.477
.538
.7018
1.5652
2.1555
.5979
.429
.3886
.3805
.3875
.4031
.4252
.4551
.5016
.6042
1.0589
2.3558
.6129
.4264
.3765
.3669
.3716
.3837
.4002
.4205
.4455
.4807
.5468
.7688
2.0311
.6281
.4492
.368
.354
.3559
.3648
.3769
.3906
.4047
.4186
.4315
.4428
.4509
.4535
.4467
.4269
.3969
.3703
.357
.355
.3583
.3636
.3688
.3728
.3748
.3744
.3718
.3679
.3637
.3601
.3576
.3561
.3553
.3548
.3543
.3535
.3526
.3513
.35
.3486
.3472
.346
.3448
.3437
.3426
.3416
.3405
.3395
.3384
.3374
.3363
.3353
.3343
.3333
.3323
.3314
.3304
.3294
.3285
.3276
.3267
.3257
.3248
.3239
.3231
.3222
.3213
.3205
.3196
.3188
.3179
.3171
.3163
.3155
.3147
.3139
.3131
.3123
.3115
.3108
.31
.3092
.3085
.3077
.307
.3063
.3056
.3048
.3041
.3034
.3027
.302
.3013
.3007
.3
.2993
.2986
.298
.2973
.2967
.296
.2954
.2947
.2941
.2935
.2929
.2922
.2916
.291
.2904
.2898
.2892
.2886
.288
.2875
.2869
.2863
.2857
.2852
.2846
.284
.2835
.2829
.2824
.2818
.2813
.2808
.2802
.2797
.2792
.2786
.2781
.2776
.2771
.2766
.2761
.2756
.2751
.2746
.2741
.2736
.2731
.2726
.2721
.2716
.2711
.2707
.2702
.2697
.2693
.2688
.2683
.2679
.2674
.267
.2665
.266
.2656
.2652
.2647
.2643
.2638
.2634
.263
.2625
.2621
.2617
.2612
.2608
.2604
.26
.2595
.2591
.2587
.2583
.2579
.2575
.2571
.2567
.2563
.2559
.2555
.2551
.2547
.2543
.2539
.2535
.2531
.2527
.2523
.2519
.2515
.2512
.2508
.2504
.25
.2496
.2493
.2489
.2485
.2481
.2478
.2474
.247
.2467
.2463
.2459
.2456
.2452
.2448
.2445
.2441
.2438
.2434
.243
.2427
.2423
.242
.2416
.2413
.2409
.2406
.2402
.2399
.2395
.2392
.2388
.2385
.2381
.2378
.2374
.2371
.2368
.2364
.2361
.2357
.2354
.235
.2347
.2344
.234
.2337
.2334
.233
.2327
.2323
.232
.2317
.2313
.231
.2307
.2303
.23
.2297
.2294
.229
.2287
.2284
.228
.2277
.2274
.227
.2267
.2264
.2261
.2257
.2254
.2251
.2248
.2244
.2241
.2238
.2235
.2231
.2228
.2225
.2222
.2218
.2215
.2212
.2209
.2206
.2202
.2199
.2196
.2193
.219
.2186
.2183
.218
.2177
.2174
.2171
.2168
.2164
.2161
.2158
.2155
.2152
.2149
.2146
.2143
.214
.2137
.2134
.2131
.2128
.2125
.2122
.2119
.2116
.2113
.211
.2107
.2104
.2101
.2099
.2096
.2093
.209
.2087
.2085
.2082
.2079
.2077
.2074
.2071
.2069
.2066
.2064
.2061
.2059
.2057
.2054
.2052
.205
.2048
.2045
.2043
.2041
.2039
.2037
.2035
.2033
.2031
.203
.2028
.2026
.2024
.2023
.2021
.202
.2018
.2017
.2016
.2015
.2013
.2012
.2011
.201
.2009
.2008
.2008
.2007
.2006
.2006
.2005
.2005
.2004
.2004
.2004
.2003
.2003
.2003
.2003
.2003
.2003
.2003
.2003
.2003
.2003
.2003
.2003
.2004
.2004
.2004
.2004
.2005
.2005
.2005
.2005
.2006
.2006
.2006
.2006
.2006
.2006
.2006
.2006
.2006
.2006
.2006
.2006
.2006
.2005
.2005
.2004
.2004
.2003
.2002
.2001
.2
.1999
.1998
.1997
.1996
.1995
.1993
.1992
.199
.1988
.1987
.1985
.1983
.1981
.1979
.1977
.1975
.1972
.197
.1968
.1966
.1963
.1961
.1958
.1956
.1953
.195
.1948
.1945
.1942
.1939
.1936
.1934
.1931
.1928
.1925
.1922
.1919
.1916
.1913
.191
.1907
.1904
.1901
.1898
.1895
.1892
.1889
.1886
.1882
.1879
.1876
.1873
.187
.1867
.1864
.1861
.1857
.1854
.1851
.1848
.1845
.1842
.1839
.1835
.1832
.1829
.1826
.1823
.182
.1817
.1813
.181
.1807
.1804
.1801
.1798
.1795
.1792
.1789
.1786
.1783
.1779
.1776
.1773
.177
.1767
.1764
.1761
.1758
.1755
.1752
.1749
.1746
.1743
.174
.1737
.1734
.1731
.1728
.1725
.1722
.1719
.1716
.1713
.171
.1708
.1705
.1702
.1699
.1696
.1693
.169
.1687
.1684
.1682
.1679
.1676
.1673
.167
.1667
.1665
.1662
.1659
.1656
.1653
.1651
.1648
.1645
.1642
.1639
.1637
.1634
.1631
.1628
.1626
.1623
.162
.1618
.1615
.1612
.161
.1607
.1604
.1602
.1599
.1596
.1594
.1591
.1588
.1586
.1583
.158
.1578
.1575
.1573
.157
.1568
.1565
.1562
.156
.1557
.1555
.1552
.155
.1547
.1545
.1542
.154
.1537
.1535
.1532
.153
.1527
.1525
.1522
.152
.1517
.1515
.1513
.151
.1508
.1505
.1503
.1501
.1498
.1496
.1493
.1491
.1489
.1486
.1484
.1482
.1479
.1477
.1475
.1472
.147
.1468
.1465
.1463
.1461
.1458
.1456
.1454
.1452
.1449
.1447
.1445
.1443
.144
.1438
.1436
.1434
.1431
.1429
.1427
.1425
.1423
.142
.1418
.1416
.1414
.1412
.141
.1407
.1405
.1403
.1401
.1399
.1397
.1395
.1392
.139
.1388
.1386
.1384
.1382
.138
.1378
.1376
.1374
.1372
.137
.1368
.1365
.1363
.1361
.1359
.1357
.1355
.1353
.1351
.1349
.1347
.1345
.1343
.1341
.1339
.1337
.1335
.1333
.1332
.133
.1328
.1326
.1324
.1322
.132
.1318
.1316
.1314
.1312
.131
.1308
.1307
.1305
.1303
.1301
.1299
.1297
.1295
.1293
.1292
.129
.1288
.1286
.1284
.1282
.1281
.1279
.1277
.1275
.1273
.1271
.127
.1268
.1266
.1264
.1263
.1261
.1259
.1257
.1255
.1254
.1252
.125
.1248
.1247
.1245
.1243
.1242
.124
.1238
.1236
.1235
.1233
.1231
.123
.1228
.1226
.1224
.1223
.1221
.1219
.1218
.1216
.1214
.1213
.1211
.121
.1208
.1206
.1205
.1203
.1201
.12
.1198
.1196
.1195
.1193
.1192
.119
.1188
.1187
.1185
.1184
.1182
.1181
.1179
.1177
.1176
.1174
.1173
.1171
.117
.1168
.1167
.1165
.1163
.1162
.116
.1159
.1157
.1156
.1154
.1153
.1151
.115
.1148
.1147
.1145
.1144
.1142
.1141
.1139
.1138
.1136
.1135
.1134
.1132
.1131
.1129
.1128
.1126
.1125
.1123
.1122
.1121
.1119
.1118
.1116
.1115
.1113
.1112
.1111
.1109
.1108
.1106
.1105
.1104
.1102
.1101
.1099
.1098
.1097
.1095
.1094
.1093
.1091
.109
.1089
.1087
.1086
.1084
.1083
.1082
.108
.1079
.1078
.1076
.1075
.1074
.1072
.1071
.107
.1069
.1067
.1066
.1065
.1063
.1062
.1061
.1059
.1058
.1057
.1056
.1054
.1053
.1052
.1051
.1049
.1048
.1047
.1045
.1044
.1043
.1042
.104
.1039
.1038
.1037
.1035
.1034
.1033
.1032
.1031
.1029
.1028
.1027
.1026
.1024
.1023
.1022
.1021
.102
.1018
.1017
.1016
.1015
.1014
.1013
.1011
.101
.1009
.1008
.1007
.1005
.1004
.1003
.1002
.1001
.1
.0999
.0997
.0996
.0995
.0994
.0993
.0992
.0991
.0989
.0988
.0987
.0986
.0985
.0984
.0983
.0982
.098
.0979
.0978
.0977
.0976
.0975
.0974
.0973
.0972
.097
.0969
.0968
.0967
.0966
.0965
.0964
.0963
.0962
.0961
.096
.0959
.0958
.0956
.0955
.0954
.0953
.0952
.0951
.095
.0949
.0948
.0947
.0946
.0945
.0944
.0943
.0942
.0941
.094
.0939
.0938
.0937
.0936
.0935
.0934
.0933
.0932
.0931
.093
.0929
.0928
.0927
.0926
.0925
.0924
.0923
.0922
.0921
.092
.0919
.0918
.0917
.0916
.0915
.0914
.0913
.0912
.0911
.091
.0909
.0908
.0907
.0906
.0905
.0904
.0903
.0902
.0901
.09
.0899
.0898
.0897
.0897
.0896
.0895
.0894
.0893
.0892
.0891
.089
.0889
.0888
.0887
.0886
.0885
.0884
.0884
.0883
.0882
.0881
.088
.0879
.0878
.0877
.0876
.0875
.0875
.0874
.0873
.0872
.0871
.087
.0869
.0868
.0867
.0867
.0866
.0865
.0864
.0863
.0862
.0861
.086
.086
.0859
.0858
.0857
.0856
.0855
.0854
.0854
.0853
.0852
.0851
.085
.0849
.0848
.0848
.0847
.0846
.0845
.0844
.0843
.0843
.0842
.0841
.084
.0839
.0838
.0838
.0837
.0836
.0835
.0834
.0833
.0833
.0832
.0831
.083
.0829
.0829
.0828
.0827
.0826
.0825
.0825
.0824
.0823
.0822
.0821
.0821
.082
.0819
.0818
.0817
.0817
.0816
.0815
.0814
.0814
.0813
.0812
.0811
.081
.081
.0809
.0808
.0807
.0807
.0806
.0805
.0804
.0804
.0803
.0802
.0801
.08
.08
.0799
.0798
.0797
.0797
.0796
.0795
.0794
.0794
.0793
.0792
.0792
.0791
.079
.0789
.0789
.0788
.0787
.0786
.0786
.0785
.0784
.0783
.0783
.0782
.0781
.0781
.078
.0779
.0778
.0778
.0777
.0776
.0776
.0775
.0774
.0773
.0773
.0772
.0771
.0771
.077
.0769
.0769
.0768
.0767
.0766
.0766
.0765
.0764
.0764
.0763
.0762
.0762
.0761
.076
.076
.0759
.0758
.0758
.0757
.0756
.0756
.0755
.0754
.0753
.0753
.0752
.0751
.0751
.075
.0749
.0749
.0748
.0747
.0747
.0746
.0746
.0745
.0744
.0744
.0743
.0742
.0742
.0741
.074
.074
.0739
.0738
.0738
.0737
.0736
.0736
.0735
.0734
.0734
.0733
.0733
.0732
.0731
.0731
.073
.0729
.0729
.0728
.0728
.0727
.0726
.0726
.0725
.0724
.0724
.0723
.0723
.0722
.0721
.0721
.072
.0719
.0719
.0718
.0718
.0717
.0716
.0716
.0715
.0715
.0714
.0713
.0713
.0712
.0712
.0711
.071
.071
.0709
.0709
.0708
.0707
.0707
.0706
.0706
.0705
.0704
.0704
.0703
.0703
.0702
.0701
.0701
.07
.07
.0699
.0699
.0698
.0697
.0697
.0696
.0696
.0695
.0695
.0694
.0693
.0693
.0692
.0692
.0691
.0691
.069
.0689
.0689
.0688
.0688
.0687
.0687
.0686
.0685
.0685
.0684
.0684
.0683
.0683
.0682
.0682
.0681
.068
.068
.0679
.0679
.0678
.0678
.0677
.0677
.0676
.0676
.0675
.0674
.0674
.0673
.0673
.0672
.0672
.0671
.0671
.067
.067
.0669
.0669
.0668
.0668
.0667
.0666
.0666
.0665
.0665
.0664
.0664
.0663
.0663
.0662
.0662
.0661
.0661
.066
.066
.0659
.0659
.0658
.0658
.0657
.0657
.0656
.0656
.0655
.0655
.0654
.0653
.0653
.0652
.0652
.0651
.0651
.065
.065
.0649
.0649
.0648
.0648
.0647
.0647
.0646
.0646
.0645
.0645
.0644
.0644
.0643
.0643
.0642
.0642
.0642
.0641
.0641
.064
.064
.0639
.0639
.0638
.0638
.0637
.0637
.0636
.0636
.0635
.0635
.0634
.0634
.0633
.0633
.0632
.0632
.0631
.0631
.063
.063
.0629
.0629
.0629
.0628
.0628
.0627
.0627
.0626
.0626
.0625
.0625
.0624
.0624
.0623
.0623
.0622
.0622
.0622
.0621
.0621
.062
.062
.0619
.0619
.0618
.0618
.0617
.0617
.0616
.0616
.0616
.0615
.0615
.0614
.0614
.0613
.0613
.0612
.0612
.0612
.0611
.0611
.061
.061
.0609
.0609
.0608
.0608
.0608
.0607
.0607
.0606
.0606
.0605
.0605
.0604
.0604
.0604
.0603
.0603
.0602
.0602
.0601
.0601
.0601
.06
.06
.0599
.0599
.0598
.0598
.0598
.0597
.0597
.0596
.0596
.0595
.0595
.0595
.0594
.0594
.0593
.0593
.0592
.0592
.0592
.0591
.0591
.059
.059
.059
.0589
.0589
.0588
.0588
.0587
.0587
.0587
.0586
.0586
.0585
.0585
.0585
.0584
.0584
.0583
.0583
.0583
.0582
.0582
.0581
.0581
.0581
.058
.058
.0579
.0579
.0579
.0578
.0578
.0577
.0577
.0577
.0576
.0576
.0575
.0575
.0575
.0574
.0574
.0573
.0573
.0573
.0572
.0572
.0571
.0571
.0571
.057
.057
.0569
.0569
.0569
.0568
.0568
.0568
.0567
.0567
.0566
.0566
.0566
.0565
.0565
.0564
.0564
.0564
.0563
.0563
.0563
.0562
.0562
.0561
.0561
.0561
.056
.056
.056
.0559
.0559
.0558
.0558
.0558
.0557
.0557
.0557
.0556
.0556
.0555
.0555
.0555
.0554
.0554
.0554
.0553
.0553
.0553
.0552
.0552
.0551
.0551
.0551
.055
.055
.055
.0549
.0549
.0549
.0548
.0548
.0547
.0547
.0547
.0546
.0546
.0546
.0545
.0545
.0545
.0544
.0544
.0544
.0543
.0543
.0542
.0542
.0542
.0541
.0541
.0541
.054
.054
.054
.0539
.0539
.0539
.0538
.0538
.0538
.0537
.0537
.0537
.0536
.0536
.0535
.0535
.0535
.0534
.0534
.0534
.0533
.0533
.0533
.0532
.0532
.0532
.0531
.0531
.0531
.053
.053
.053
.0529
.0529
.0529
.0528
.0528
.0528
.0527
.0527
.0527
.0526
.0526
.0526
.0525
.0525
.0525
.0524
.0524
.0524
.0523
.0523
.0523
.0522
.0522
.0522
.0521
.0521
.0521
.052
.052
.052
.0519
.0519
.0519
.0518
.0518
.0518
.0518
.0517
.0517
.0517
.0516
.0516
.0516
.0515
.0515
.0515
.0514
.0514
.0514
.0513
.0513
.0513
.0512
.0512
.0512
.0511
.0511
.0511
.0511
.051
.051
.051
.0509
.0509
.0509
.0508
.0508
.0508
.0507
.0507
.0507
.0507
.0506
.0506
.0506
.0505
.0505
.0505
.0504
.0504
.0504
.0503
.0503
.0503
.0503
.0502
.0502
.0502
.0501
.0501
.0501
.05
.05
.05
