4.5848
4.3245
4.1082
3.9515
3.8421
3.7629
3.7014
3.6503
3.6051
3.563
3.5222
3.4816
3.4401
3.3971
3.3521
3.3047
3.2545
3.2017
3.1463
3.0888
3.03
2.9709
2.9128
2.8574
2.8058
2.7591
2.7179
2.6821
2.6514
2.6249
2.6019
2.5816
2.5632
2.546
2.5298
2.514
2.4985
2.483
2.4674
2.4516
2.4355
2.4192
2.4026
2.3855
2.3682
2.3504
2.3323
2.3138
2.2948
2.2754
2.2553
2.2347
2.2131
2.1906
2.1668
2.1413
2.1139
2.0842
2.0517
2.0161
1.9771
1.9347
1.8888
1.8397
1.7879
1.7341
1.6789
1.6231
1.5674
1.5123
1.4584
1.406
1.3554
1.3069
1.2604
1.2161
1.174
1.134
1.0962
1.0604
1.0266
.9947
.9645
.936
.909
.8835
.8594
.8366
.815
.7946
.7752
.7567
.7393
.7227
.7069
.6918
.6775
.6639
.6509
.6385
.6266
.6153
.6045
.5941
.5842
.5747
.5656
.5569
.5485
.5405
.5327
.5253
.5182
.5113
.5047
.4983
.4921
.4862
.4805
.475
.4697
.4645
.4595
.4547
.4501
.4456
.4412
.437
.4329
.4289
.425
.4213
.4177
.4141
.4107
.4074
.4042
.401
.398
.395
.3921
.3893
.3865
.3839
.3813
.3787
.3763
.3738
.3715
.3692
.3669
.3647
.3626
.3605
.3585
.3565
.3545
.3526
.3508
.3489
.3471
.3454
.3437
.342
.3404
.3388
.3372
.3356
.3341
.3326
.3312
.3298
.3284
.327
.3257
.3243
.323
.3218
.3205
.3193
.3181
.3169
.3157
.3146
.3135
.3124
.3113
.3102
.3092
.3081
.3071
.3061
.3051
.3042
.3032
.3023
.3014
.3005
.2996
.2987
.2978
.297
.2961
.2953
.2945
.2937
.2929
.2921
.2914
.2906
.2899
.2891
.2884
.2877
.287
.2863
.2856
.2849
.2843
.2836
.2829
.2823
.2817
.281
.2804
.2798
.2792
.2786
.278
.2775
.2769
.2763
.2758
.2752
.2747
.2741
.2736
.2731
.2725
.272
.2715
.271
.2705
.27
.2696
.2691
.2686
.2681
.2677
.2672
.2668
.2663
.2659
.2654
.265
.2646
.2642
.2637
.2633
.2629
.2625
.2621
.2617
.2613
.2609
.2605
.2601
.2598
.2594
.259
.2587
.2583
.2579
.2576
.2572
.2569
.2565
.2562
.2558
.2555
.2552
.2548
.2545
.2542
.2539
.2536
.2532
.2529
.2526
.2523
.252
.2517
.2514
.2511
.2508
.2505
.2502
.25
.2497
.2494
.2491
.2488
.2486
.2483
.248
.2478
.2475
.2472
.247
.2467
.2465
.2462
.2459
.2457
.2454
.2452
.245
.2447
.2445
.2442
.244
.2438
.2435
.2433
.2431
.2429
.2426
.2424
.2422
.242
.2417
.2415
.2413
.2411
.2409
.2407
.2405
.2403
.24
.2398
.2396
.2394
.2392
.239
.2388
.2386
.2385
.2383
.2381
.2379
.2377
.2375
.2373
.2371
.2369
.2368
.2366
.2364
.2362
.236
.2359
.2357
.2355
.2353
.2352
.235
.2348
.2347
.2345
.2343
.2342
.234
.2338
.2337
.2335
.2333
.2332
.233
.2329
.2327
.2326
.2324
.2323
.2321
.2319
.2318
.2316
.2315
.2314
.2312
.2311
.2309
.2308
.2306
.2305
.2303
.2302
.2301
.2299
.2298
.2296
.2295
.2294
.2292
.2291
.229
.2288
.2287
.2286
.2284
.2283
.2282
.2281
.2279
.2278
.2277
.2275
.2274
.2273
.2272
.227
.2269
.2268
.2267
.2266
.2264
.2263
.2262
.2261
.226
.2259
.2257
.2256
.2255
.2254
.2253
.2252
.2251
.2249
.2248
.2247
.2246
.2245
.2244
.2243
.2242
.2241
.224
.2238
.2237
.2236
.2235
.2234
.2233
.2232
.2231
.223
.2229
.2228
.2227
.2226
.2225
.2224
.2223
.2222
.2221
.222
.2219
.2218
.2217
.2216
.2215
.2214
.2213
.2212
.2212
.2211
.221
.2209
.2208
.2207
.2206
.2205
.2204
.2203
.2202
.2201
.2201
.22
.2199
.2198
.2197
.2196
.2195
.2194
.2194
.2193
.2192
.2191
.219
.2189
.2189
.2188
.2187
.2186
.2185
.2184
.2184
.2183
.2182
.2181
.218
.2179
.2179
.2178
.2177
.2176
.2176
.2175
.2174
.2173
.2172
.2172
.2171
.217
.2169
.2169
.2168
.2167
.2166
.2166
.2165
.2164
.2163
.2163
.2162
.2161
.216
.216
.2159
.2158
.2157
.2157
.2156
.2155
.2155
.2154
.2153
.2153
.2152
.2151
.215
.215
.2149
.2148
.2148
.2147
.2146
.2146
.2145
.2144
.2144
.2143
.2142
.2142
.2141
.214
.214
.2139
.2138
.2138
.2137
.2136
.2136
.2135
.2134
.2134
.2133
.2132
.2132
.2131
.2131
.213
.2129
.2129
.2128
.2127
.2127
.2126
.2126
.2125
.2124
.2124
.2123
.2123
.2122
.2121
.2121
.212
.212
.2119
.2118
.2118
.2117
.2117
.2116
.2115
.2115
.2114
.2114
.2113
.2112
.2112
.2111
.2111
.211
.211
.2109
.2108
.2108
.2107
.2107
.2106
.2106
.2105
.2104
.2104
.2103
.2103
.2102
.2102
.2101
.2101
.21
.2099
.2099
.2098
.2098
.2097
.2097
.2096
.2096
.2095
.2095
.2094
.2094
.2093
.2092
.2092
.2091
.2091
.209
.209
.2089
.2089
.2088
.2088
.2087
.2087
.2086
.2086
.2085
.2085
.2084
.2084
.2083
.2082
.2082
.2081
.2081
.208
.208
.2079
.2079
.2078
.2078
.2077
.2077
.2076
.2076
.2075
.2075
.2074
.2074
.2073
.2073
.2072
.2072
.2071
.2071
.207
.207
.2069
.2069
.2068
.2068
.2067
.2067
.2066
.2066
.2065
.2065
.2064
.2064
.2063
.2063
.2063
.2062
.2062
.2061
.2061
.206
.206
.2059
.2059
.2058
.2058
.2057
.2057
.2056
.2056
.2055
.2055
.2054
.2054
.2053
.2053
.2052
.2052
.2051
.2051
.205
.205
.205
.2049
.2049
.2048
.2048
.2047
.2047
.2046
.2046
.2045
.2045
.2044
.2044
.2043
.2043
.2042
.2042
.2041
.2041
.2041
.204
.204
.2039
.2039
.2038
.2038
.2037
.2037
.2036
.2036
.2035
.2035
.2034
.2034
.2033
.2033
.2032
.2032
.2032
.2031
.2031
.203
.203
.2029
.2029
.2028
.2028
.2027
.2027
.2026
.2026
.2025
.2025
.2024
.2024
.2023
.2023
.2022
.2022
.2021
.2021
.2021
.202
.202
.2019
.2019
.2018
.2018
.2017
.2017
.2016
.2016
.2015
.2015
.2014
.2014
.2013
.2013
.2012
.2012
.2011
.2011
.201
.201
.2009
.2009
.2008
.2008
.2007
.2007
.2006
.2006
.2005
.2005
.2004
.2004
.2003
.2003
.2002
.2002
.2001
.2001
.2
.2
.1999
.1999
.1998
.1998
.1997
.1997
.1996
.1995
.1995
.1994
.1994
.1993
.1993
.1992
.1992
.1991
.1991
.199
.199
.1989
.1989
.1988
.1987
.1987
.1986
.1986
.1985
.1985
.1984
.1984
.1983
.1982
.1982
.1981
.1981
.198
.198
.1979
.1978
.1978
.1977
.1977
.1976
.1976
.1975
.1974
.1974
.1973
.1973
.1972
.1971
.1971
.197
.197
.1969
.1968
.1968
.1967
.1966
.1966
.1965
.1965
.1964
.1963
.1963
.1962
.1961
.1961
.196
.1959
.1959
.1958
.1957
.1957
.1956
.1955
.1955
.1954
.1953
.1953
.1952
.1951
.195
.195
.1949
.1948
.1948
.1947
.1946
.1945
.1945
.1944
.1943
.1942
.1942
.1941
.194
.1939
.1939
.1938
.1937
.1936
.1935
.1935
.1934
.1933
.1932
.1931
.193
.193
.1929
.1928
.1927
.1926
.1925
.1924
.1924
.1923
.1922
.1921
.192
.1919
.1918
.1917
.1916
.1915
.1914
.1913
.1913
.1912
.1911
.191
.1909
.1908
.1907
.1906
.1905
.1903
.1902
.1901
.19
.1899
.1898
.1897
.1896
.1895
.1894
.1893
.1891
.189
.1889
.1888
.1887
.1886
.1884
.1883
.1882
.1881
.1879
.1878
.1877
.1876
.1874
.1873
.1872
.187
.1869
.1868
.1866
.1865
.1863
.1862
.186
.1859
.1857
.1856
.1854
.1853
.1851
.185
.1848
.1847
.1845
.1843
.1842
.184
.1838
.1837
.1835
.1833
.1831
.183
.1828
.1826
.1824
.1822
.182
.1818
.1816
.1814
.1812
.181
.1808
.1806
.1804
.1802
.18
.1798
.1795
.1793
.1791
.1789
.1786
.1784
.1782
.1779
.1777
.1774
.1772
.1769
.1766
.1764
.1761
.1758
.1756
.1753
.175
.1747
.1744
.1741
.1738
.1735
.1732
.1729
.1726
.1723
.172
.1716
.1713
.171
.1706
.1703
.1699
.1695
.1692
.1688
.1684
.1681
.1677
.1673
.1669
.1665
.1661
.1656
.1652
.1648
.1644
.1639
.1635
.163
.1625
.1621
.1616
.1611
.1606
.1601
.1596
.1591
.1586
.1581
.1576
.157
.1565
.1559
.1553
.1548
.1542
.1536
.153
.1524
.1518
.1512
.1506
.1499
.1493
.1487
.148
.1473
.1467
.146
.1453
.1446
.1439
.1432
.1425
.1418
.141
.1403
.1395
.1388
.138
.1373
.1365
.1357
.135
.1342
.1334
.1326
.1318
.131
.1302
.1294
.1285
.1277
.1269
.1261
.1252
.1244
.1236
.1227
.1219
.1211
.1202
.1194
.1186
.1177
.1169
.1161
.1152
.1144
.1136
.1128
.1119
.1111
.1103
.1095
.1087
.1079
.1071
.1063
.1055
.1047
.104
.1032
.1024
.1017
.1009
.1002
.0994
.0987
.098
.0973
.0966
.0959
.0952
.0945
.0938
.0931
.0925
.0918
.0912
.0905
.0899
.0893
.0887
.0881
.0875
.0869
.0863
.0857
.0852
.0846
.084
.0835
.083
.0824
.0819
.0814
.0809
.0804
.0799
.0794
.0789
.0785
.078
.0775
.0771
.0766
.0762
.0758
.0754
.0749
.0745
.0741
.0737
.0733
.0729
.0725
.0722
.0718
.0714
.071
.0707
.0703
.07
.0696
.0693
.069
.0686
.0683
.068
.0677
.0674
.0671
.0667
.0664
.0662
.0659
.0656
.0653
.065
.0647
.0644
.0642
.0639
.0636
.0634
.0631
.0629
.0626
.0624
.0621
.0619
.0616
.0614
.0612
.0609
.0607
.0605
.0603
.06
.0598
.0596
.0594
.0592
.059
.0588
.0586
.0584
.0582
.058
.0578
.0576
.0574
.0572
.057
.0568
.0566
.0564
.0563
.0561
.0559
.0557
.0555
.0554
.0552
.055
.0549
.0547
.0545
.0544
.0542
.054
.0539
.0537
.0536
.0534
.0533
.0531
.053
.0528
.0527
.0525
.0524
.0522
.0521
.0519
.0518
.0517
.0515
.0514
.0512
.0511
.051
.0508
.0507
.0506
.0504
.0503
.0502
.05
.0499
