4.1249
3.9626
3.8234
3.6998
3.5844
3.4712
3.3556
3.2343
3.1061
2.9717
2.8351
2.7037
2.5866
2.4918
2.4219
2.3744
2.3433
2.323
2.3091
2.299
2.2912
2.2846
2.2789
2.2737
2.2689
2.2644
2.2601
2.256
2.2521
2.2484
2.2449
2.2415
2.2384
2.2353
2.2325
2.2298
2.2272
2.2248
2.2225
2.2204
2.2184
2.2166
2.2149
2.2133
2.2118
2.2104
2.2091
2.2078
2.2067
2.2056
2.2046
2.2036
2.2027
2.2017
2.2008
2.1999
2.199
2.1981
2.1971
2.1961
2.195
2.1939
2.1926
2.1912
2.1897
2.1881
2.1863
2.1843
2.182
2.1796
2.1769
2.1739
2.1706
2.167
2.163
2.1586
2.1538
2.1486
2.143
2.1369
2.1303
2.1233
2.1157
2.1077
2.0992
2.0902
2.0809
2.0711
2.0609
2.0504
2.0396
2.0286
2.0173
2.0059
1.9944
1.9829
1.9713
1.9597
1.9482
1.9368
1.9254
1.9142
1.9032
1.8923
1.8815
1.871
1.8605
1.8502
1.8401
1.83
1.82
1.8101
1.8002
1.7903
1.7804
1.7704
1.7603
1.75
1.7395
1.7287
1.7175
1.706
1.6939
1.6812
1.6678
1.6537
1.6386
1.6225
1.6052
1.5865
1.5665
1.5448
1.5214
1.4962
1.469
1.4398
1.4087
1.3757
1.3408
1.3044
1.2667
1.2279
1.1884
1.1486
1.1087
1.0691
1.0302
.992
.9549
.919
.8844
.8512
.8193
.7889
.7599
.7322
.7059
.6809
.6571
.6346
.6131
.5927
.5734
.5549
.5374
.5208
.505
.4899
.4755
.4618
.4487
.4363
.4244
.413
.4021
.3917
.3818
.3722
.3631
.3543
.3459
.3378
.33
.3226
.3154
.3085
.3018
.2954
.2892
.2833
.2775
.272
.2666
.2614
.2564
.2516
.2469
.2423
.2379
.2337
.2296
.2256
.2217
.2179
.2142
.2107
.2072
.2039
.2006
.1974
.1943
.1913
.1884
.1856
.1828
.1801
.1774
.1749
.1724
.1699
.1675
.1652
.1629
.1607
.1585
.1564
.1543
.1523
.1503
.1484
.1465
.1446
.1428
.141
.1393
.1376
.1359
.1342
.1326
.1311
.1295
.128
.1265
.1251
.1236
.1222
.1209
.1195
.1182
.1169
.1156
.1143
.1131
.1119
.1107
.1095
.1084
.1073
.1061
.105
.104
.1029
.1019
.1008
.0998
.0988
.0979
.0969
.096
.095
.0941
.0932
.0923
.0914
.0906
.0897
.0889
.088
.0872
.0864
.0856
.0849
.0841
.0833
.0826
.0818
.0811
.0804
.0797
.079
.0783
.0776
.0769
.0763
.0756
.075
.0743
.0737
.0731
.0725
.0719
.0713
.0707
.0701
.0695
.0689
.0684
.0678
.0673
.0667
.0662
.0657
.0651
.0646
.0641
.0636
.0631
.0626
.0621
.0616
.0612
.0607
.0602
.0598
.0593
.0589
.0584
.058
.0575
.0571
.0567
.0563
.0559
.0554
.055
.0546
.0542
.0538
.0535
.0531
.0527
.0523
.0519
.0516
.0512
.0508
.0505
.0501
.0498
