3.9535
3.7807
3.6232
3.4703
3.3131
3.145
2.9636
2.7727
2.5846
2.4183
2.2898
2.2025
2.1482
2.1154
2.095
2.0817
2.0724
2.0654
2.0598
2.0551
2.051
2.0473
2.0438
2.0406
2.0375
2.0346
2.0319
2.0292
2.0266
2.0242
2.0218
2.0195
2.0173
2.0151
2.013
2.011
2.0091
2.0072
2.0053
2.0035
2.0018
2.0001
1.9984
1.9968
1.9952
1.9937
1.9922
1.9907
1.9892
1.9878
1.9864
1.985
1.9836
1.9822
1.9808
1.9795
1.9782
1.9768
1.9755
1.9742
1.9728
1.9715
1.9701
1.9688
1.9674
1.966
1.9646
1.9632
1.9618
1.9603
1.9589
1.9573
1.9558
1.9542
1.9526
1.951
1.9493
1.9475
1.9458
1.9439
1.942
1.9401
1.9381
1.936
1.9339
1.9317
1.9294
1.9271
1.9246
1.9221
1.9195
1.9168
1.914
1.9111
1.908
1.9049
1.9016
1.8982
1.8947
1.8911
1.8873
1.8834
1.8793
1.8752
1.8709
1.8664
1.8619
1.8572
1.8524
1.8475
1.8426
1.8375
1.8324
1.8272
1.822
1.8168
1.8116
1.8063
1.8011
1.7959
1.7908
1.7857
1.7806
1.7756
1.7707
1.7659
1.7612
1.7565
1.752
1.7475
1.7431
1.7389
1.7347
1.7306
1.7266
1.7227
1.7188
1.7151
1.7114
1.7078
1.7043
1.7009
1.6975
1.6941
1.6909
1.6877
1.6845
1.6814
1.6783
1.6752
1.6722
1.6692
1.6663
1.6633
1.6604
1.6574
1.6545
1.6516
1.6486
1.6457
1.6427
1.6396
1.6366
1.6335
1.6303
1.6271
1.6238
1.6205
1.617
1.6134
1.6097
1.6059
1.6019
1.5977
1.5933
1.5887
1.5838
1.5787
1.5732
1.5674
1.5611
1.5544
1.5472
1.5393
1.5308
1.5215
1.5113
1.5001
1.4878
1.4741
1.4589
1.4421
1.4234
1.4025
1.3792
1.3534
1.3247
1.293
1.2583
1.2205
1.18
1.1371
1.0922
1.0461
.9995
.9532
.9078
.8638
.8217
.7818
.7441
.7087
.6756
.6447
.6159
.589
.564
.5406
.5187
.4983
.4793
.4614
.4446
.4289
.4142
.4003
.3872
.3749
.3632
.3522
.3419
.332
.3227
.3138
.3054
.2974
.2898
.2826
.2757
.2691
.2628
.2567
.251
.2454
.2401
.2351
.2302
.2255
.221
.2167
.2125
.2085
.2046
.2009
.1972
.1938
.1904
.1871
.184
.1809
.178
.1751
.1723
.1696
.167
.1645
.162
.1596
.1573
.155
.1528
.1507
.1486
.1466
.1446
.1426
.1408
.1389
.1371
.1354
.1337
.132
.1304
.1288
.1272
.1257
.1242
.1228
.1214
.12
.1186
.1173
.116
.1147
.1134
.1122
.111
.1098
.1087
.1075
.1064
.1053
.1043
.1032
.1022
.1012
.1002
.0992
.0982
.0973
.0964
.0955
.0946
.0937
.0928
.092
.0911
.0903
.0895
.0887
.0879
.0871
.0864
.0856
.0849
.0842
.0835
.0828
.0821
.0814
.0807
.0801
.0794
.0788
.0781
.0775
.0769
.0763
.0757
.0751
.0745
.074
.0734
.0728
.0723
.0717
.0712
.0707
.0702
.0696
.0691
.0686
.0681
.0676
.0672
.0667
.0662
.0657
.0653
.0648
.0644
.0639
.0635
.0631
.0626
.0622
.0618
.0614
.061
.0606
.0602
.0598
.0594
.059
.0586
.0582
.0579
.0575
.0571
.0568
.0564
.0561
.0557
.0554
.055
.0547
.0544
.054
.0537
.0534
.0531
.0527
.0524
.0521
.0518
.0515
.0512
.0509
.0506
.0503
.05
.0497
