4.333
4.0394
3.7546
3.4832
3.2193
2.9574
2.7013
2.4676
2.279
2.1477
2.0668
2.0192
1.9904
1.9715
1.9579
1.947
1.9377
1.9292
1.921
1.913
1.905
1.8968
1.8883
1.8794
1.8701
1.8602
1.8497
1.8384
1.8263
1.8133
1.7993
1.7841
1.7677
1.7499
1.7306
1.7098
1.6873
1.663
1.637
1.609
1.5792
1.5476
1.5142
1.4791
1.4426
1.4047
1.3658
1.326
1.2857
1.245
1.2043
1.1638
1.1237
1.0843
1.0457
1.008
.9714
.9359
.9017
.8687
.837
.8066
.7775
.7497
.7231
.6976
.6734
.6503
.6282
.6072
.5872
.5681
.5499
.5325
.516
.5002
.4852
.4709
.4572
.4441
.4316
.4197
.4082
.3973
.3869
.3769
.3673
.3581
.3493
.3408
.3327
.3249
.3174
.3102
.3033
.2966
.2902
.284
.2781
.2723
.2668
.2615
.2563
.2513
.2465
.2418
.2373
.233
.2288
.2247
.2207
.2169
.2132
.2096
.2061
.2027
.1994
.1962
.1931
.19
.1871
.1843
.1815
.1788
.1761
.1736
.1711
.1687
.1663
.164
.1617
.1595
.1574
.1553
.1533
.1513
.1493
.1475
.1456
.1438
.142
.1403
.1386
.1369
.1353
.1337
.1322
.1307
.1292
.1277
.1263
.1249
.1235
.1222
.1209
.1196
.1183
.1171
.1159
.1147
.1135
.1124
.1113
.1102
.1091
.108
.107
.106
.1049
.104
.103
.102
.1011
.1002
.0993
.0984
.0975
.0966
.0958
.0949
.0941
.0933
.0925
.0917
.091
.0902
.0895
.0887
.088
.0873
.0866
.0859
.0852
.0846
.0839
.0832
.0826
.082
.0814
.0807
.0801
.0795
.0789
.0784
.0778
.0772
.0767
.0761
.0756
.075
.0745
.074
.0735
.073
.0725
.072
.0715
.071
.0705
.0701
.0696
.0692
.0687
.0683
.0678
.0674
.0669
.0665
.0661
.0657
.0653
.0649
.0645
.0641
.0637
.0633
.0629
.0625
.0622
.0618
.0614
.0611
.0607
.0604
.06
.0597
.0593
.059
.0587
.0583
.058
.0577
.0574
.057
.0567
.0564
.0561
.0558
.0555
.0552
.0549
.0546
.0543
.054
.0538
.0535
.0532
.0529
.0527
.0524
.0521
.0519
.0516
.0513
.0511
.0508
.0506
.0503
.0501
.0498
