4.2047
3.9821
3.795
3.6366
3.4971
3.369
3.2477
3.1309
3.0176
2.9082
2.8033
2.7039
2.611
2.526
2.4495
2.3822
2.3243
2.2753
2.2344
2.2006
2.1725
2.149
2.1291
2.1117
2.0964
2.0825
2.0696
2.0576
2.0463
2.0355
2.0251
2.0152
2.0056
1.9964
1.9875
1.9789
1.9707
1.9627
1.955
1.9476
1.9405
1.9337
1.9272
1.9209
1.9149
1.9091
1.9035
1.8982
1.8931
1.8882
1.8835
1.879
1.8747
1.8705
1.8665
1.8627
1.859
1.8555
1.8521
1.8488
1.8456
1.8425
1.8395
1.8366
1.8338
1.8311
1.8284
1.8258
1.8233
1.8209
1.8184
1.8161
1.8138
1.8115
1.8092
1.807
1.8048
1.8026
1.8005
1.7983
1.7961
1.794
1.7918
1.7897
1.7875
1.7853
1.7831
1.7808
1.7785
1.7762
1.7738
1.7713
1.7687
1.7661
1.7634
1.7606
1.7576
1.7545
1.7513
1.7478
1.7442
1.7403
1.7361
1.7317
1.7269
1.7217
1.716
1.7098
1.703
1.6955
1.6871
1.6777
1.6672
1.6552
1.6417
1.6263
1.6086
1.5882
1.5646
1.5373
1.5058
1.4694
1.4276
1.3801
1.3268
1.268
1.2047
1.1382
1.0701
1.0024
.9367
.8742
.8157
.7616
.7122
.6672
.6263
.5894
.5559
.5256
.4981
.4731
.4503
.4295
.4105
.3931
.3771
.3623
.3486
.3359
.3242
.3132
.303
.2935
.2846
.2762
.2683
.2609
.2539
.2473
.2411
.2351
.2295
.2242
.2191
.2143
.2097
.2053
.2011
.1971
.1933
.1896
.1861
.1827
.1794
.1763
.1733
.1704
.1676
.1649
.1623
.1598
.1573
.155
.1527
.1505
.1484
.1463
.1443
.1424
.1405
.1387
.1369
.1351
.1335
.1318
.1302
.1287
.1272
.1257
.1243
.1229
.1215
.1202
.1189
.1176
.1164
.1152
.114
.1128
.1117
.1106
.1095
.1084
.1074
.1064
.1054
.1044
.1035
.1025
.1016
.1007
.0998
.099
.0981
.0973
.0965
.0957
.0949
.0941
.0933
.0926
.0919
.0911
.0904
.0897
.0891
.0884
.0877
.0871
.0864
.0858
.0852
.0846
.084
.0834
.0828
.0822
.0816
.0811
.0805
.08
.0795
.0789
.0784
.0779
.0774
.0769
.0764
.0759
.0754
.075
.0745
.074
.0736
.0732
.0727
.0723
.0718
.0714
.071
.0706
.0702
.0698
.0694
.069
.0686
.0682
.0678
.0675
.0671
.0667
.0664
.066
.0656
.0653
.065
.0646
.0643
.0639
.0636
.0633
.063
.0626
.0623
.062
.0617
.0614
.0611
.0608
.0605
.0602
.0599
.0596
.0593
.0591
.0588
.0585
.0582
.0579
.0577
.0574
.0572
.0569
.0566
.0564
.0561
.0559
.0556
.0554
.0551
.0549
.0547
.0544
.0542
.0539
.0537
.0535
.0533
.053
.0528
.0526
.0524
.0522
.0519
.0517
.0515
.0513
.0511
.0509
.0507
.0505
.0503
.0501
.0499
