4.8483
4.6192
4.3699
4.1203
3.8854
3.6685
3.4642
3.2647
3.0646
2.8644
2.6728
2.5046
2.3739
2.284
2.2271
2.1915
2.1681
2.1513
2.1381
2.127
2.1171
2.1081
2.0997
2.0918
2.0844
2.0773
2.0705
2.064
2.0577
2.0517
2.0459
2.0403
2.0349
2.0296
2.0244
2.0194
2.0144
2.0096
2.0049
2.0002
1.9956
1.991
1.9865
1.982
1.9775
1.9731
1.9687
1.9643
1.9599
1.9555
1.9511
1.9468
1.9424
1.938
1.9336
1.9292
1.9248
1.9203
1.9159
1.9114
1.9069
1.9024
1.8979
1.8933
1.8887
1.8841
1.8795
1.8748
1.8701
1.8653
1.8605
1.8557
1.8508
1.8458
1.8409
1.8358
1.8307
1.8256
1.8204
1.8151
1.8098
1.8045
1.7991
1.7936
1.7882
1.7826
1.7771
1.7715
1.766
1.7604
1.7548
1.7492
1.7436
1.7381
1.7326
1.7271
1.7217
1.7164
1.7111
1.7059
1.7008
1.6957
1.6908
1.6859
1.6811
1.6765
1.6719
1.6674
1.663
1.6587
1.6545
1.6504
1.6464
1.6424
1.6386
1.6349
1.6312
1.6276
1.6241
1.6207
1.6173
1.614
1.6108
1.6076
1.6045
1.6015
1.5985
1.5956
1.5927
1.5899
1.5871
1.5844
1.5817
1.5791
1.5764
1.5739
1.5713
1.5688
1.5664
1.5639
1.5615
1.5591
1.5567
1.5544
1.552
1.5497
1.5474
1.5451
1.5428
1.5406
1.5383
1.5361
1.5338
1.5316
1.5293
1.5271
1.5248
1.5226
1.5203
1.5181
1.5158
1.5135
1.5112
1.5088
1.5065
1.5041
1.5017
1.4992
1.4967
1.4942
1.4916
1.489
1.4863
1.4835
1.4807
1.4778
1.4748
1.4717
1.4685
1.4651
1.4616
1.458
1.4542
1.4501
1.4459
1.4414
1.4366
1.4315
1.426
1.4201
1.4138
1.4069
1.3994
1.3912
1.3822
1.3723
1.3614
1.3493
1.3358
1.3209
1.3042
1.2856
1.2648
1.2418
1.2163
1.1881
1.1574
1.124
1.0882
1.0502
1.0106
.9697
.9283
.887
.8462
.8066
.7685
.7322
.6979
.6656
.6354
.6072
.5809
.5563
.5335
.5121
.4922
.4736
.4562
.4398
.4245
.4101
.3965
.3837
.3716
.3602
.3494
.3391
.3294
.3202
.3114
.3031
.2952
.2876
.2804
.2735
.2669
.2607
.2547
.2489
.2434
.2381
.2331
.2282
.2235
.2191
.2147
.2106
.2066
.2028
.199
.1955
.192
.1887
.1854
.1823
.1793
.1764
.1736
.1709
.1682
.1656
.1631
.1607
.1584
.1561
.1539
.1517
.1497
.1476
.1456
.1437
.1418
.14
.1382
.1365
.1348
.1331
.1315
.13
.1284
.1269
.1255
.124
.1226
.1213
.1199
.1186
.1174
.1161
.1149
.1137
.1125
.1114
.1102
.1091
.108
.107
.1059
.1049
.1039
.1029
.102
.101
.1001
.0992
.0983
.0974
.0966
.0957
.0949
.0941
.0933
.0925
.0917
.0909
.0902
.0894
.0887
.088
.0873
.0866
.0859
.0853
.0846
.0839
.0833
.0827
.082
.0814
.0808
.0802
.0796
.0791
.0785
.0779
.0774
.0768
.0763
.0758
.0753
.0747
.0742
.0737
.0732
.0727
.0723
.0718
.0713
.0708
.0704
.0699
.0695
.069
.0686
.0682
.0678
.0673
.0669
.0665
.0661
.0657
.0653
.0649
.0645
.0642
.0638
.0634
.063
.0627
.0623
.062
.0616
.0613
.0609
.0606
.0603
.0599
.0596
.0593
.0589
.0586
.0583
.058
.0577
.0574
.0571
.0568
.0565
.0562
.0559
.0556
.0553
.0551
.0548
.0545
.0542
.054
.0537
.0534
.0532
.0529
.0526
.0524
.0521
.0519
.0516
.0514
.0512
.0509
.0507
.0504
.0502
.05
