4.7703
4.5144
4.2045
3.8615
3.5229
3.2226
2.9752
2.7788
2.6252
2.5061
2.4144
2.3444
2.2912
2.2509
2.2202
2.1965
2.1779
2.1629
2.1504
2.1397
2.1303
2.1219
2.1143
2.1072
2.1006
2.0945
2.0887
2.0833
2.0782
2.0733
2.0687
2.0644
2.0602
2.0563
2.0525
2.0489
2.0454
2.0421
2.0389
2.0358
2.0328
2.0299
2.027
2.0243
2.0216
2.019
2.0164
2.0139
2.0114
2.009
2.0066
2.0042
2.0019
1.9996
1.9973
1.9951
1.9929
1.9907
1.9885
1.9864
1.9843
1.9822
1.9801
1.9781
1.9761
1.9741
1.9722
1.9702
1.9683
1.9664
1.9646
1.9627
1.9609
1.9591
1.9574
1.9556
1.9539
1.9522
1.9505
1.9489
1.9473
1.9457
1.9441
1.9425
1.941
1.9394
1.9379
1.9364
1.935
1.9335
1.9321
1.9306
1.9292
1.9278
1.9264
1.9251
1.9237
1.9224
1.9211
1.9198
1.9185
1.9172
1.9159
1.9147
1.9134
1.9122
1.911
1.9098
1.9086
1.9074
1.9063
1.9051
1.904
1.9028
1.9017
1.9006
1.8995
1.8984
1.8973
1.8963
1.8952
1.8942
1.8931
1.8921
1.8911
1.8901
1.8891
1.8881
1.8871
1.8861
1.8852
1.8842
1.8833
1.8823
1.8814
1.8805
1.8796
1.8787
1.8778
1.8769
1.876
1.8751
1.8743
1.8734
1.8726
1.8717
1.8709
1.87
1.8692
1.8684
1.8676
1.8668
1.866
1.8652
1.8644
1.8636
1.8629
1.8621
1.8613
1.8606
1.8598
1.8591
1.8584
1.8576
1.8569
1.8562
1.8555
1.8547
1.854
1.8533
1.8526
1.852
1.8513
1.8506
1.8499
1.8492
1.8486
1.8479
1.8472
1.8466
1.8459
1.8453
1.8447
1.844
1.8434
1.8428
1.8421
1.8415
1.8409
1.8403
1.8397
1.8391
1.8385
1.8379
1.8373
1.8367
1.8361
1.8355
1.8349
1.8343
1.8338
1.8332
1.8326
1.8321
1.8315
1.8309
1.8304
1.8298
1.8293
1.8287
1.8282
1.8276
1.8271
1.8265
1.826
1.8255
1.8249
1.8244
1.8239
1.8233
1.8228
1.8223
1.8218
1.8213
1.8207
1.8202
1.8197
1.8192
1.8187
1.8182
1.8177
1.8172
1.8167
1.8161
1.8156
1.8151
1.8146
1.8141
1.8136
1.8131
1.8126
1.8121
1.8116
1.8111
1.8106
1.8101
1.8096
1.8091
1.8086
1.8081
1.8076
1.8071
1.8066
1.8061
1.8056
1.8051
1.8046
1.8041
1.8035
1.803
1.8025
1.802
1.8015
1.8009
1.8004
1.7999
1.7993
1.7988
1.7982
1.7977
1.7971
1.7965
1.796
1.7954
1.7948
1.7942
1.7936
1.793
1.7924
1.7918
1.7911
1.7905
1.7898
1.7891
1.7885
1.7878
1.7871
1.7863
1.7856
1.7848
1.784
1.7832
1.7824
1.7816
1.7807
1.7798
1.7789
1.7779
1.7769
1.7759
1.7749
1.7738
1.7726
1.7714
1.7702
1.7689
1.7676
1.7661
1.7647
1.7631
1.7615
1.7597
1.7579
1.756
1.7539
1.7518
1.7495
1.747
1.7444
1.7416
1.7386
1.7354
1.7319
1.7282
1.7242
1.7198
1.7151
1.7099
1.7043
1.6982
1.6915
1.6842
1.6762
1.6673
1.6576
1.6468
1.6349
1.6217
1.6071
1.5909
1.573
1.5532
1.5313
1.5072
1.4807
1.4519
1.4206
1.3871
1.3515
1.3141
1.2754
1.2357
1.1957
1.1557
1.1164
1.078
1.041
1.0054
.9715
.9394
.9089
.8803
.8533
.8279
.804
.7815
.7603
.7404
.7216
.7038
.6871
.6711
.656
.6417
.628
.615
.6026
.5907
.5793
.5683
.5578
.5477
.5379
.5284
.5193
.5105
.5019
.4935
.4854
.4776
.4699
.4624
.4551
.4479
.4409
.4341
.4274
.4209
.4144
.4081
.4019
.3959
.3899
.384
.3783
.3726
.3671
.3616
.3563
.351
.3459
.3408
.3358
.331
.3262
.3215
.3169
.3124
.3079
.3036
.2993
.2952
.2911
.2871
.2832
.2794
.2756
.272
.2684
.2649
.2614
.2581
.2548
.2516
.2485
.2454
.2424
.2395
.2366
.2338
.2311
.2284
.2258
.2232
.2207
.2183
.2159
.2135
.2112
.209
.2068
.2046
.2025
.2005
.1985
.1965
.1945
.1926
.1908
.1889
.1871
.1854
.1836
.1819
.1803
.1787
.177
.1755
.1739
.1724
.1709
.1695
.168
.1666
.1652
.1638
.1625
.1612
.1599
.1586
.1573
.1561
.1549
.1537
.1525
.1513
.1502
.149
.1479
.1468
.1458
.1447
.1436
.1426
.1416
.1406
.1396
.1386
.1376
.1367
.1358
.1348
.1339
.133
.1321
.1312
.1304
.1295
.1287
.1278
.127
.1262
.1254
.1246
.1238
.123
.1223
.1215
.1208
.12
.1193
.1186
.1179
.1172
.1165
.1158
.1151
.1144
.1138
.1131
.1125
.1118
.1112
.1106
.1099
.1093
.1087
.1081
.1075
.1069
.1063
.1058
.1052
.1046
.1041
.1035
.103
.1024
.1019
.1014
.1008
.1003
.0998
.0993
.0988
.0983
.0978
.0973
.0968
.0963
.0958
.0954
.0949
.0944
.094
.0935
.0931
.0926
.0922
.0918
.0913
.0909
.0905
.0901
.0896
.0892
.0888
.0884
.088
.0876
.0872
.0868
.0864
.086
.0857
.0853
.0849
.0845
.0842
.0838
.0834
.0831
.0827
.0824
.082
.0817
.0813
.081
.0807
.0803
.08
.0797
.0793
.079
.0787
.0784
.0781
.0777
.0774
.0771
.0768
.0765
.0762
.0759
.0756
.0753
.075
.0747
.0745
.0742
.0739
.0736
.0733
.0731
.0728
.0725
.0722
.072
.0717
.0714
.0712
.0709
.0707
.0704
.0702
.0699
.0697
.0694
.0692
.0689
.0687
.0684
.0682
.068
.0677
.0675
.0673
.067
.0668
.0666
.0663
.0661
.0659
.0657
.0655
.0652
.065
.0648
.0646
.0644
.0642
.064
.0637
.0635
.0633
.0631
.0629
.0627
.0625
.0623
.0621
.0619
.0617
.0616
.0614
.0612
.061
.0608
.0606
.0604
.0602
.0601
.0599
.0597
.0595
.0593
.0592
.059
.0588
.0586
.0585
.0583
.0581
.0579
.0578
.0576
.0574
.0573
.0571
.057
.0568
.0566
.0565
.0563
.0561
.056
.0558
.0557
.0555
.0554
.0552
.0551
.0549
.0548
.0546
.0545
.0543
.0542
.054
.0539
.0537
.0536
.0534
.0533
.0532
.053
.0529
.0527
.0526
.0525
.0523
.0522
.0521
.0519
.0518
.0517
.0515
.0514
.0513
.0511
.051
.0509
.0507
.0506
.0505
.0504
.0502
.0501
.05
