4.5305
4.2192
3.8864
3.5565
3.2456
2.9611
2.7069
2.4896
2.3171
2.1933
2.1128
2.0634
2.0329
2.0128
1.9981
1.9864
1.9762
1.9669
1.9582
1.9499
1.942
1.9344
1.927
1.9199
1.913
1.9064
1.8999
1.8938
1.8878
1.8821
1.8765
1.8712
1.8661
1.8611
1.8563
1.8518
1.8473
1.8431
1.8389
1.835
1.8311
1.8274
1.8238
1.8203
1.8169
1.8136
1.8104
1.8073
1.8043
1.8014
1.7985
1.7957
1.793
1.7904
1.7878
1.7852
1.7827
1.7803
1.7779
1.7756
1.7733
1.771
1.7688
1.7667
1.7645
1.7624
1.7604
1.7583
1.7563
1.7544
1.7524
1.7505
1.7486
1.7468
1.745
1.7431
1.7414
1.7396
1.7379
1.7361
1.7344
1.7328
1.7311
1.7295
1.7278
1.7262
1.7247
1.7231
1.7215
1.72
1.7185
1.717
1.7155
1.714
1.7126
1.7111
1.7097
1.7083
1.7069
1.7055
1.7041
1.7027
1.7014
1.7
1.6987
1.6974
1.6961
1.6948
1.6935
1.6922
1.6909
1.6897
1.6885
1.6872
1.686
1.6848
1.6836
1.6824
1.6812
1.68
1.6789
1.6777
1.6766
1.6754
1.6743
1.6732
1.6721
1.671
1.6699
1.6688
1.6677
1.6666
1.6656
1.6645
1.6635
1.6624
1.6614
1.6604
1.6593
1.6583
1.6573
1.6563
1.6553
1.6544
1.6534
1.6524
1.6515
1.6505
1.6496
1.6486
1.6477
1.6468
1.6458
1.6449
1.644
1.6431
1.6422
1.6413
1.6404
1.6395
1.6387
1.6378
1.6369
1.6361
1.6352
1.6344
1.6336
1.6327
1.6319
1.6311
1.6303
1.6294
1.6286
1.6278
1.627
1.6263
1.6255
1.6247
1.6239
1.6231
1.6224
1.6216
1.6209
1.6201
1.6194
1.6186
1.6179
1.6171
1.6164
1.6157
1.615
1.6143
1.6135
1.6128
1.6121
1.6114
1.6107
1.6101
1.6094
1.6087
1.608
1.6073
1.6067
1.606
1.6053
1.6047
1.604
1.6034
1.6027
1.6021
1.6014
1.6008
1.6002
1.5995
1.5989
1.5983
1.5977
1.5971
1.5964
1.5958
1.5952
1.5946
1.594
1.5934
1.5928
1.5923
1.5917
1.5911
1.5905
1.5899
1.5893
1.5888
1.5882
1.5876
1.5871
1.5865
1.5859
1.5854
1.5848
1.5843
1.5837
1.5832
1.5826
1.5821
1.5816
1.581
1.5805
1.58
1.5794
1.5789
1.5784
1.5779
1.5773
1.5768
1.5763
1.5758
1.5753
1.5748
1.5743
1.5738
1.5733
1.5728
1.5723
1.5718
1.5713
1.5708
1.5703
1.5698
1.5693
1.5688
1.5683
1.5678
1.5674
1.5669
1.5664
1.5659
1.5654
1.565
1.5645
1.564
1.5636
1.5631
1.5626
1.5622
1.5617
1.5612
1.5608
1.5603
1.5598
1.5594
1.5589
1.5585
1.558
1.5576
1.5571
1.5567
1.5562
1.5557
1.5553
1.5549
1.5544
1.554
1.5535
1.5531
1.5526
1.5522
1.5517
1.5513
1.5508
1.5504
1.55
1.5495
1.5491
1.5486
1.5482
1.5478
1.5473
1.5469
1.5465
1.546
1.5456
1.5451
1.5447
1.5443
1.5438
1.5434
1.543
1.5425
1.5421
1.5417
1.5412
1.5408
1.5403
1.5399
1.5395
1.539
1.5386
1.5382
1.5377
1.5373
1.5368
1.5364
1.536
1.5355
1.5351
1.5346
1.5342
1.5338
1.5333
1.5329
1.5324
1.532
1.5315
1.5311
1.5306
1.5302
1.5297
1.5293
1.5288
1.5284
1.5279
1.5274
1.527
1.5265
1.5261
1.5256
1.5251
1.5247
1.5242
1.5237
1.5232
1.5228
1.5223
1.5218
1.5213
1.5208
1.5204
1.5199
1.5194
1.5189
1.5184
1.5179
1.5174
1.5169
1.5164
1.5159
1.5154
1.5148
1.5143
1.5138
1.5133
1.5127
1.5122
1.5117
1.5111
1.5106
1.51
1.5095
1.5089
1.5083
1.5078
1.5072
1.5066
1.5061
1.5055
1.5049
1.5043
1.5037
1.5031
1.5025
1.5018
1.5012
1.5006
1.4999
1.4993
1.4986
1.498
1.4973
1.4966
1.496
1.4953
1.4946
1.4939
1.4932
1.4924
1.4917
1.491
1.4902
1.4895
1.4887
1.4879
1.4872
1.4864
1.4855
1.4847
1.4839
1.4831
1.4822
1.4813
1.4805
1.4796
1.4787
1.4778
1.4768
1.4759
1.4749
1.474
1.473
1.472
1.471
1.4699
1.4689
1.4678
1.4667
1.4656
1.4645
1.4633
1.4622
1.461
1.4598
1.4586
1.4573
1.4561
1.4548
1.4534
1.4521
1.4507
1.4494
1.4479
1.4465
1.445
1.4435
1.442
1.4404
1.4388
1.4372
1.4356
1.4339
1.4322
1.4304
1.4286
1.4268
1.4249
1.423
1.421
1.419
1.417
1.4149
1.4127
1.4105
1.4083
1.406
1.4036
1.4012
1.3987
1.3962
1.3935
1.3908
1.3881
1.3852
1.3823
1.3792
1.3761
1.3728
1.3694
1.366
1.3623
1.3585
1.3546
1.3505
1.3462
1.3417
1.3369
1.3319
1.3266
1.321
1.315
1.3086
1.3017
1.2943
1.2862
1.2775
1.268
1.2575
1.2459
1.2331
1.2188
1.2028
1.1848
1.1647
1.142
1.1166
1.0883
1.0571
1.0231
.9867
.9485
.9094
.8702
.8318
.795
.7603
.728
.6981
.6707
.6456
.6225
.6013
.5817
.5635
.5466
.5307
.5158
.5016
.4881
.4752
.4628
.4508
.4391
.4278
.4168
.406
.3955
.3851
.375
.365
.3552
.3456
.3362
.3269
.3178
.3089
.3003
.2918
.2835
.2754
.2676
.26
.2526
.2455
.2386
.232
.2256
.2194
.2135
.2078
.2023
.1971
.192
.1872
.1826
.1782
.1739
.1698
.1659
.1622
.1586
.1552
.1519
.1487
.1457
.1427
.1399
.1372
.1346
.1321
.1297
.1274
.1252
.123
.1209
.1189
.117
.1151
.1133
.1115
.1098
.1082
.1066
.105
.1035
.1021
.1007
.0993
.098
.0967
.0954
.0942
.093
.0918
.0907
.0896
.0885
.0875
.0865
.0855
.0845
.0835
.0826
.0817
.0808
.08
.0791
.0783
.0775
.0767
.0759
.0752
.0744
.0737
.073
.0723
.0716
.071
.0703
.0697
.069
.0684
.0678
.0672
.0666
.0661
.0655
.065
.0644
.0639
.0634
.0628
.0623
.0618
.0613
.0609
.0604
.0599
.0595
.059
.0586
.0581
.0577
.0573
.0569
.0565
.0561
.0557
.0553
.0549
.0545
.0541
.0538
.0534
.053
.0527
.0523
.052
.0517
.0513
.051
.0507
.0504
.05
.0497
