4.5108
4.2087
3.868
3.5163
3.1821
2.8861
2.6423
2.4595
2.3371
2.2635
2.2222
2.1994
2.1863
2.1781
2.1723
2.1678
2.1638
2.1601
2.1565
2.153
2.1494
2.1458
2.1421
2.1384
2.1347
2.131
2.1272
2.1234
2.1195
2.1156
2.1117
2.1078
2.1038
2.0997
2.0957
2.0916
2.0874
2.0832
2.0789
2.0745
2.0701
2.0656
2.061
2.0563
2.0516
2.0467
2.0418
2.0367
2.0316
2.0263
2.021
2.0155
2.0099
2.0042
1.9984
1.9924
1.9864
1.9802
1.9739
1.9674
1.9608
1.9541
1.9472
1.9402
1.933
1.9257
1.9182
1.9104
1.9025
1.8944
1.8861
1.8775
1.8686
1.8595
1.85
1.8402
1.8301
1.8195
1.8086
1.7971
1.7852
1.7727
1.7597
1.7461
1.7317
1.7167
1.701
1.6845
1.6672
1.649
1.63
1.6101
1.5893
1.5676
1.5451
1.5217
1.4974
1.4724
1.4466
1.4202
1.3931
1.3655
1.3375
1.3091
1.2804
1.2515
1.2225
1.1935
1.1645
1.1357
1.1072
1.0789
1.051
1.0235
.9964
.9698
.9438
.9184
.8935
.8693
.8456
.8227
.8003
.7787
.7576
.7372
.7175
.6983
.6798
.6619
.6446
.6278
.6117
.596
.5809
.5664
.5523
.5387
.5256
.5129
.5007
.4889
.4775
.4664
.4558
.4455
.4356
.426
.4168
.4078
.3991
.3908
.3826
.3748
.3672
.3599
.3528
.3459
.3392
.3328
.3265
.3204
.3146
.3088
.3033
.2979
.2927
.2877
.2827
.278
.2733
.2688
.2644
.2602
.256
.252
.248
.2442
.2405
.2369
.2333
.2299
.2265
.2233
.2201
.217
.2139
.211
.2081
.2053
.2025
.1998
.1972
.1946
.1921
.1897
.1873
.1849
.1827
.1804
.1782
.1761
.174
.1719
.1699
.1679
.166
.1641
.1623
.1605
.1587
.157
.1552
.1536
.1519
.1503
.1487
.1472
.1457
.1442
.1427
.1413
.1399
.1385
.1371
.1358
.1345
.1332
.1319
.1307
.1294
.1282
.1271
.1259
.1248
.1236
.1225
.1214
.1204
.1193
.1183
.1173
.1163
.1153
.1143
.1133
.1124
.1115
.1106
.1097
.1088
.1079
.107
.1062
.1053
.1045
.1037
.1029
.1021
.1013
.1006
.0998
.0991
.0983
.0976
.0969
.0962
.0955
.0948
.0941
.0935
.0928
.0922
.0915
.0909
.0903
.0896
.089
.0884
.0878
.0873
.0867
.0861
.0855
.085
.0844
.0839
.0833
.0828
.0823
.0818
.0812
.0807
.0802
.0797
.0793
.0788
.0783
.0778
.0774
.0769
.0764
.076
.0755
.0751
.0747
.0742
.0738
.0734
.073
.0725
.0721
.0717
.0713
.0709
.0705
.0701
.0698
.0694
.069
.0686
.0683
.0679
.0675
.0672
.0668
.0665
.0661
.0658
.0654
.0651
.0648
.0644
.0641
.0638
.0635
.0631
.0628
.0625
.0622
.0619
.0616
.0613
.061
.0607
.0604
.0601
.0598
.0595
.0593
.059
.0587
.0584
.0582
.0579
.0576
.0574
.0571
.0568
.0566
.0563
.0561
.0558
.0556
.0553
.0551
.0548
.0546
.0544
.0541
.0539
.0536
.0534
.0532
.053
.0527
.0525
.0523
.0521
.0519
.0516
.0514
.0512
.051
.0508
.0506
.0504
.0502
.05
