4.5912
4.3622
4.1885
4.0689
3.9872
3.9285
3.8835
3.8465
3.8141
3.7841
3.7553
3.7264
3.6968
3.6658
3.6328
3.5974
3.5592
3.5178
3.473
3.4246
3.3727
3.3172
3.2583
3.1962
3.1312
3.0635
2.9934
2.9212
2.8471
2.7718
2.6962
2.6218
2.5502
2.4835
2.4231
2.37
2.324
2.2844
2.2499
2.219
2.1907
2.1641
2.1387
2.1142
2.0904
2.0674
2.0452
2.0239
2.0035
1.9841
1.9656
1.948
1.9313
1.9154
1.9002
1.8858
1.8719
1.8586
1.8457
1.8332
1.821
1.809
1.7972
1.7854
1.7735
1.7616
1.7493
1.7367
1.7236
1.7098
1.6952
1.6796
1.6628
1.6445
1.6245
1.6024
1.578
1.5509
1.5209
1.4875
1.4506
1.4101
1.3659
1.3182
1.2674
1.2141
1.1589
1.1028
1.0465
.9908
.9365
.8842
.8342
.7868
.7423
.7005
.6617
.6255
.592
.561
.5323
.5058
.4813
.4586
.4376
.4181
.4
.3832
.3676
.3531
.3395
.3269
.315
.3039
.2935
.2838
.2746
.2659
.2577
.25
.2427
.2358
.2293
.2231
.2172
.2116
.2063
.2012
.1963
.1917
.1873
.1831
.179
.1751
.1714
.1678
.1644
.1611
.158
.1549
.152
.1492
.1464
.1438
.1413
.1388
.1365
.1342
.1319
.1298
.1277
.1257
.1238
.1219
.12
.1183
.1165
.1149
.1132
.1116
.1101
.1086
.1071
.1057
.1043
.103
.1017
.1004
.0991
.0979
.0967
.0956
.0944
.0933
.0923
.0912
.0902
.0892
.0882
.0872
.0863
.0853
.0844
.0836
.0827
.0818
.081
.0802
.0794
.0786
.0778
.0771
.0764
.0756
.0749
.0742
.0735
.0729
.0722
.0716
.0709
.0703
.0697
.0691
.0685
.0679
.0673
.0668
.0662
.0657
.0651
.0646
.0641
.0636
.0631
.0626
.0621
.0616
.0611
.0607
.0602
.0598
.0593
.0589
.0585
.058
.0576
.0572
.0568
.0564
.056
.0556
.0552
.0549
.0545
.0541
.0538
.0534
.053
.0527
.0523
.052
.0517
.0513
.051
.0507
.0504
.0501
.0497
