4.3551
4.1189
3.9124
3.7336
3.5726
3.4191
3.2653
3.1074
2.9455
2.7859
2.6396
2.5191
2.4307
2.3718
2.334
2.3088
2.2902
2.2749
2.2611
2.2481
2.2353
2.2227
2.2101
2.1976
2.1852
2.1729
2.1607
2.1488
2.137
2.1254
2.114
2.1028
2.0919
2.0812
2.0708
2.0606
2.0506
2.0409
2.0314
2.0221
2.013
2.0041
1.9955
1.987
1.9787
1.9706
1.9627
1.955
1.9474
1.94
1.9327
1.9256
1.9187
1.9118
1.9051
1.8985
1.8921
1.8857
1.8795
1.8733
1.8672
1.8613
1.8554
1.8495
1.8438
1.8381
1.8325
1.8269
1.8214
1.816
1.8105
1.8052
1.7998
1.7945
1.7892
1.784
1.7788
1.7736
1.7684
1.7633
1.7582
1.753
1.7479
1.7428
1.7378
1.7327
1.7277
1.7226
1.7176
1.7125
1.7075
1.7025
1.6975
1.6924
1.6874
1.6824
1.6774
1.6724
1.6674
1.6624
1.6573
1.6523
1.6473
1.6423
1.6373
1.6323
1.6273
1.6223
1.6172
1.6122
1.6072
1.6022
1.5972
1.5922
1.5871
1.5821
1.5771
1.5721
1.5671
1.5621
1.5571
1.5521
1.5471
1.5421
1.5371
1.5321
1.5271
1.5222
1.5172
1.5122
1.5073
1.5023
1.4974
1.4924
1.4875
1.4826
1.4777
1.4728
1.4679
1.463
1.4582
1.4533
1.4484
1.4436
1.4388
1.434
1.4292
1.4244
1.4196
1.4148
1.4101
1.4053
1.4006
1.3959
1.3911
1.3865
1.3818
1.3771
1.3724
1.3678
1.3632
1.3586
1.354
1.3494
1.3448
1.3402
1.3357
1.3312
1.3266
1.3221
1.3176
1.3132
1.3087
1.3043
1.2998
1.2954
1.291
1.2866
1.2822
1.2779
1.2735
1.2692
1.2648
1.2605
1.2562
1.252
1.2477
1.2434
1.2392
1.235
1.2308
1.2266
1.2224
1.2182
1.214
1.2099
1.2058
1.2016
1.1975
1.1934
1.1894
1.1853
1.1812
1.1772
1.1732
1.1692
1.1652
1.1612
1.1572
1.1532
1.1493
1.1453
1.1414
1.1375
1.1336
1.1297
1.1258
1.122
1.1181
1.1143
1.1104
1.1066
1.1028
1.099
1.0952
1.0914
1.0877
1.0839
1.0802
1.0764
1.0727
1.069
1.0653
1.0616
1.0579
1.0542
1.0506
1.0469
1.0433
1.0396
1.036
1.0324
1.0288
1.0252
1.0216
1.018
1.0145
1.0109
1.0073
1.0038
1.0003
.9967
.9932
.9897
.9862
.9827
.9792
.9757
.9723
.9688
.9653
.9619
.9584
.955
.9516
.9482
.9447
.9413
.9379
.9345
.9312
.9278
.9244
.921
.9177
.9143
.911
.9076
.9043
.901
.8976
.8943
.891
.8877
.8844
.8811
.8778
.8745
.8712
.8679
.8647
.8614
.8582
.8549
.8517
.8484
.8452
.8419
.8387
.8355
.8323
.8291
.8259
.8227
.8195
.8163
.8131
.8099
.8067
.8036
.8004
.7972
.7941
.7909
.7878
.7846
.7815
.7784
.7753
.7721
.769
.7659
.7628
.7597
.7567
.7536
.7505
.7474
.7444
.7413
.7383
.7352
.7322
.7292
.7262
.7231
.7201
.7171
.7141
.7112
.7082
.7052
.7023
.6993
.6964
.6934
.6905
.6876
.6847
.6818
.6789
.676
.6731
.6703
.6674
.6646
.6617
.6589
.6561
.6533
.6505
.6477
.645
.6422
.6395
.6367
.634
.6313
.6286
.6259
.6232
.6206
.6179
.6153
.6127
.6101
.6075
.6049
.6023
.5997
.5972
.5947
.5922
.5897
.5872
.5847
.5822
.5798
.5774
.5749
.5725
.5701
.5678
.5654
.5631
.5607
.5584
.5561
.5538
.5516
.5493
.5471
.5449
.5427
.5405
.5383
.5361
.534
.5318
.5297
.5276
.5255
.5235
.5214
.5194
.5173
.5153
.5133
.5114
.5094
.5074
.5055
.5036
.5017
.4998
.4979
.496
.4942
.4923
.4905
.4887
.4869
.4851
.4834
.4816
.4799
.4782
.4765
.4748
.4731
.4714
.4697
.4681
.4665
.4649
.4632
.4617
.4601
.4585
.4569
.4554
.4539
.4523
.4508
.4493
.4479
.4464
.4449
.4435
.442
.4406
.4392
.4378
.4364
.435
.4336
.4322
.4309
.4295
.4282
.4269
.4256
.4243
.423
.4217
.4204
.4192
.4179
.4166
.4154
.4142
.413
.4118
.4106
.4094
.4082
.407
.4058
.4047
.4035
.4024
.4013
.4001
.399
.3979
.3968
.3957
.3946
.3936
.3925
.3914
.3904
.3893
.3883
.3873
.3862
.3852
.3842
.3832
.3822
.3813
.3803
.3793
.3783
.3774
.3764
.3755
.3746
.3736
.3727
.3718
.3709
.37
.3691
.3682
.3674
.3665
.3656
.3648
.3639
.3631
.3622
.3614
.3606
.3597
.3589
.3581
.3573
.3565
.3557
.3549
.3542
.3534
.3526
.3519
.3511
.3504
.3496
.3489
.3481
.3474
.3467
.3459
.3452
.3445
.3438
.3431
.3424
.3417
.341
.3403
.3396
.3389
.3382
.3375
.3368
.3361
.3354
.3348
.3341
.3334
.3327
.3321
.3314
.3307
.3301
.3294
.3287
.328
.3274
.3267
.326
.3254
.3247
.324
.3234
.3227
.322
.3214
.3207
.32
.3194
.3187
.318
.3173
.3167
.316
.3153
.3147
.314
.3133
.3126
.312
.3113
.3106
.3099
.3092
.3086
.3079
.3072
.3065
.3059
.3052
.3045
.3038
.3031
.3025
.3018
.3011
.3004
.2997
.2991
.2984
.2977
.297
.2963
.2957
.295
.2943
.2936
.293
.2923
.2916
.2909
.2903
.2896
.2889
.2883
.2876
.2869
.2863
.2856
.2849
.2843
.2836
.283
.2823
.2816
.281
.2803
.2797
.279
.2784
.2777
.2771
.2765
.2758
.2752
.2745
.2739
.2733
.2726
.272
.2714
.2707
.2701
.2695
.2689
.2682
.2676
.267
.2664
.2658
.2651
.2645
.2639
.2633
.2627
.2621
.2615
.2609
.2603
.2597
.2591
.2585
.2579
.2573
.2567
.2562
.2556
.255
.2544
.2538
.2533
.2527
.2521
.2515
.251
.2504
.2498
.2493
.2487
.2481
.2476
.247
.2465
.2459
.2454
.2448
.2443
.2437
.2432
.2426
.2421
.2416
.241
.2405
.2399
.2394
.2389
.2384
.2378
.2373
.2368
.2363
.2357
.2352
.2347
.2342
.2337
.2332
.2326
.2321
.2316
.2311
.2306
.2301
.2296
.2291
.2286
.2281
.2276
.2271
.2267
.2262
.2257
.2252
.2247
.2242
.2238
.2233
.2228
.2223
.2218
.2214
.2209
.2204
.22
.2195
.219
.2186
.2181
.2176
.2172
.2167
.2163
.2158
.2154
.2149
.2145
.214
.2136
.2131
.2127
.2122
.2118
.2114
.2109
.2105
.21
.2096
.2092
.2088
.2083
.2079
.2075
.207
.2066
.2062
.2058
.2054
.2049
.2045
.2041
.2037
.2033
.2029
.2025
.202
.2016
.2012
.2008
.2004
.2
.1996
.1992
.1988
.1984
.198
.1976
.1972
.1969
.1965
.1961
.1957
.1953
.1949
.1945
.1941
.1938
.1934
.193
.1926
.1923
.1919
.1915
.1911
.1908
.1904
.19
.1896
.1893
.1889
.1885
.1882
.1878
.1875
.1871
.1867
.1864
.186
.1857
.1853
.185
.1846
.1843
.1839
.1836
.1832
.1829
.1825
.1822
.1818
.1815
.1811
.1808
.1805
.1801
.1798
.1795
.1791
.1788
.1785
.1781
.1778
.1775
.1771
.1768
.1765
.1762
.1758
.1755
.1752
.1749
.1745
.1742
.1739
.1736
.1733
.173
.1726
.1723
.172
.1717
.1714
.1711
.1708
.1705
.1702
.1699
.1695
.1692
.1689
.1686
.1683
.168
.1677
.1674
.1671
.1668
.1665
.1663
.166
.1657
.1654
.1651
.1648
.1645
.1642
.1639
.1636
.1633
.1631
.1628
.1625
.1622
.1619
.1617
.1614
.1611
.1608
.1605
.1603
.16
.1597
.1594
.1592
.1589
.1586
.1583
.1581
.1578
.1575
.1573
.157
.1567
.1565
.1562
.1559
.1557
.1554
.1552
.1549
.1546
.1544
.1541
.1539
.1536
.1533
.1531
.1528
.1526
.1523
.1521
.1518
.1516
.1513
.1511
.1508
.1506
.1503
.1501
.1498
.1496
.1493
.1491
.1488
.1486
.1484
.1481
.1479
.1476
.1474
.1472
.1469
.1467
.1465
.1462
.146
.1457
.1455
.1453
.145
.1448
.1446
.1444
.1441
.1439
.1437
.1434
.1432
.143
.1428
.1425
.1423
.1421
.1419
.1416
.1414
.1412
.141
.1408
.1405
.1403
.1401
.1399
.1397
.1394
.1392
.139
.1388
.1386
.1384
.1382
.1379
.1377
.1375
.1373
.1371
.1369
.1367
.1365
.1363
.1361
.1358
.1356
.1354
.1352
.135
.1348
.1346
.1344
.1342
.134
.1338
.1336
.1334
.1332
.133
.1328
.1326
.1324
.1322
.132
.1318
.1316
.1314
.1312
.131
.1308
.1307
.1305
.1303
.1301
.1299
.1297
.1295
.1293
.1291
.1289
.1288
.1286
.1284
.1282
.128
.1278
.1276
.1275
.1273
.1271
.1269
.1267
.1265
.1264
.1262
.126
.1258
.1256
.1255
.1253
.1251
.1249
.1247
.1246
.1244
.1242
.124
.1239
.1237
.1235
.1233
.1232
.123
.1228
.1226
.1225
.1223
.1221
.122
.1218
.1216
.1215
.1213
.1211
.1209
.1208
.1206
.1204
.1203
.1201
.1199
.1198
.1196
.1195
.1193
.1191
.119
.1188
.1186
.1185
.1183
.1182
.118
.1178
.1177
.1175
.1174
.1172
.117
.1169
.1167
.1166
.1164
.1163
.1161
.1159
.1158
.1156
.1155
.1153
.1152
.115
.1149
.1147
.1146
.1144
.1143
.1141
.114
.1138
.1137
.1135
.1134
.1132
.1131
.1129
.1128
.1126
.1125
.1123
.1122
.112
.1119
.1117
.1116
.1115
.1113
.1112
.111
.1109
.1107
.1106
.1105
.1103
.1102
.11
.1099
.1097
.1096
.1095
.1093
.1092
.109
.1089
.1088
.1086
.1085
.1084
.1082
.1081
.1079
.1078
.1077
.1075
.1074
.1073
.1071
.107
.1069
.1067
.1066
.1065
.1063
.1062
.1061
.1059
.1058
.1057
.1055
.1054
.1053
.1052
.105
.1049
.1048
.1046
.1045
.1044
.1043
.1041
.104
.1039
.1037
.1036
.1035
.1034
.1032
.1031
.103
.1029
.1027
.1026
.1025
.1024
.1022
.1021
.102
.1019
.1018
.1016
.1015
.1014
.1013
.1012
.101
.1009
.1008
.1007
.1006
.1004
.1003
.1002
.1001
.1
.0998
.0997
.0996
.0995
.0994
.0993
.0991
.099
.0989
.0988
.0987
.0986
.0984
.0983
.0982
.0981
.098
.0979
.0978
.0976
.0975
.0974
.0973
.0972
.0971
.097
.0969
.0967
.0966
.0965
.0964
.0963
.0962
.0961
.096
.0959
.0958
.0956
.0955
.0954
.0953
.0952
.0951
.095
.0949
.0948
.0947
.0946
.0945
.0944
.0943
.0941
.094
.0939
.0938
.0937
.0936
.0935
.0934
.0933
.0932
.0931
.093
.0929
.0928
.0927
.0926
.0925
.0924
.0923
.0922
.0921
.092
.0919
.0918
.0917
.0916
.0915
.0914
.0913
.0912
.0911
.091
.0909
.0908
.0907
.0906
.0905
.0904
.0903
.0902
.0901
.09
.0899
.0898
.0897
.0896
.0895
.0894
.0893
.0892
.0891
.089
.0889
.0888
.0888
.0887
.0886
.0885
.0884
.0883
.0882
.0881
.088
.0879
.0878
.0877
.0876
.0875
.0874
.0874
.0873
.0872
.0871
.087
.0869
.0868
.0867
.0866
.0865
.0864
.0864
.0863
.0862
.0861
.086
.0859
.0858
.0857
.0856
.0856
.0855
.0854
.0853
.0852
.0851
.085
.0849
.0849
.0848
.0847
.0846
.0845
.0844
.0843
.0842
.0842
.0841
.084
.0839
.0838
.0837
.0837
.0836
.0835
.0834
.0833
.0832
.0831
.0831
.083
.0829
.0828
.0827
.0826
.0826
.0825
.0824
.0823
.0822
.0822
.0821
.082
.0819
.0818
.0817
.0817
.0816
.0815
.0814
.0813
.0813
.0812
.0811
.081
.0809
.0809
.0808
.0807
.0806
.0805
.0805
.0804
.0803
.0802
.0802
.0801
.08
.0799
.0798
.0798
.0797
.0796
.0795
.0795
.0794
.0793
.0792
.0792
.0791
.079
.0789
.0789
.0788
.0787
.0786
.0785
.0785
.0784
.0783
.0783
.0782
.0781
.078
.078
.0779
.0778
.0777
.0777
.0776
.0775
.0774
.0774
.0773
.0772
.0771
.0771
.077
.0769
.0769
.0768
.0767
.0766
.0766
.0765
.0764
.0764
.0763
.0762
.0761
.0761
.076
.0759
.0759
.0758
.0757
.0757
.0756
.0755
.0754
.0754
.0753
.0752
.0752
.0751
.075
.075
.0749
.0748
.0748
.0747
.0746
.0745
.0745
.0744
.0743
.0743
.0742
.0741
.0741
.074
.0739
.0739
.0738
.0737
.0737
.0736
.0735
.0735
.0734
.0733
.0733
.0732
.0731
.0731
.073
.0729
.0729
.0728
.0728
.0727
.0726
.0726
.0725
.0724
.0724
.0723
.0722
.0722
.0721
.072
.072
.0719
.0719
.0718
.0717
.0717
.0716
.0715
.0715
.0714
.0714
.0713
.0712
.0712
.0711
.071
.071
.0709
.0709
.0708
.0707
.0707
.0706
.0705
.0705
.0704
.0704
.0703
.0702
.0702
.0701
.0701
.07
.0699
.0699
.0698
.0698
.0697
.0696
.0696
.0695
.0695
.0694
.0693
.0693
.0692
.0692
.0691
.069
.069
.0689
.0689
.0688
.0688
.0687
.0686
.0686
.0685
.0685
.0684
.0683
.0683
.0682
.0682
.0681
.0681
.068
.0679
.0679
.0678
.0678
.0677
.0677
.0676
.0676
.0675
.0674
.0674
.0673
.0673
.0672
.0672
.0671
.067
.067
.0669
.0669
.0668
.0668
.0667
.0667
.0666
.0666
.0665
.0664
.0664
.0663
.0663
.0662
.0662
.0661
.0661
.066
.066
.0659
.0658
.0658
.0657
.0657
.0656
.0656
.0655
.0655
.0654
.0654
.0653
.0653
.0652
.0652
.0651
.0651
.065
.0649
.0649
.0648
.0648
.0647
.0647
.0646
.0646
.0645
.0645
.0644
.0644
.0643
.0643
.0642
.0642
.0641
.0641
.064
.064
.0639
.0639
.0638
.0638
.0637
.0637
.0636
.0636
.0635
.0635
.0634
.0634
.0633
.0633
.0632
.0632
.0631
.0631
.063
.063
.0629
.0629
.0628
.0628
.0627
.0627
.0626
.0626
.0625
.0625
.0624
.0624
.0623
.0623
.0622
.0622
.0621
.0621
.062
.062
.062
.0619
.0619
.0618
.0618
.0617
.0617
.0616
.0616
.0615
.0615
.0614
.0614
.0613
.0613
.0612
.0612
.0612
.0611
.0611
.061
.061
.0609
.0609
.0608
.0608
.0607
.0607
.0606
.0606
.0606
.0605
.0605
.0604
.0604
.0603
.0603
.0602
.0602
.0601
.0601
.0601
.06
.06
.0599
.0599
.0598
.0598
.0597
.0597
.0597
.0596
.0596
.0595
.0595
.0594
.0594
.0593
.0593
.0593
.0592
.0592
.0591
.0591
.059
.059
.0589
.0589
.0589
.0588
.0588
.0587
.0587
.0586
.0586
.0586
.0585
.0585
.0584
.0584
.0583
.0583
.0583
.0582
.0582
.0581
.0581
.0581
.058
.058
.0579
.0579
.0578
.0578
.0578
.0577
.0577
.0576
.0576
.0576
.0575
.0575
.0574
.0574
.0573
.0573
.0573
.0572
.0572
.0571
.0571
.0571
.057
.057
.0569
.0569
.0569
.0568
.0568
.0567
.0567
.0567
.0566
.0566
.0565
.0565
.0565
.0564
.0564
.0563
.0563
.0563
.0562
.0562
.0561
.0561
.0561
.056
.056
.0559
.0559
.0559
.0558
.0558
.0557
.0557
.0557
.0556
.0556
.0556
.0555
.0555
.0554
.0554
.0554
.0553
.0553
.0552
.0552
.0552
.0551
.0551
.0551
.055
.055
.0549
.0549
.0549
.0548
.0548
.0548
.0547
.0547
.0546
.0546
.0546
.0545
.0545
.0545
.0544
.0544
.0543
.0543
.0543
.0542
.0542
.0542
.0541
.0541
.054
.054
.054
.0539
.0539
.0539
.0538
.0538
.0538
.0537
.0537
.0536
.0536
.0536
.0535
.0535
.0535
.0534
.0534
.0534
.0533
.0533
.0533
.0532
.0532
.0531
.0531
.0531
.053
.053
.053
.0529
.0529
.0529
.0528
.0528
.0528
.0527
.0527
.0527
.0526
.0526
.0525
.0525
.0525
.0524
.0524
.0524
.0523
.0523
.0523
.0522
.0522
.0522
.0521
.0521
.0521
.052
.052
.052
.0519
.0519
.0519
.0518
.0518
.0518
.0517
.0517
.0517
.0516
.0516
.0516
.0515
.0515
.0515
.0514
.0514
.0514
.0513
.0513
.0513
.0512
.0512
.0512
.0511
.0511
.0511
.051
.051
.051
.0509
.0509
.0509
.0508
.0508
.0508
.0507
.0507
.0507
.0506
.0506
.0506
.0505
.0505
.0505
.0504
.0504
.0504
.0503
.0503
.0503
.0503
.0502
.0502
.0502
.0501
.0501
.0501
.05
.05
.05
