4.6211
4.3227
4.0142
3.7243
3.462
3.2207
2.9916
2.7723
2.5694
2.3955
2.2609
2.1665
2.1041
2.0631
2.035
2.0146
1.9987
1.9855
1.9742
1.964
1.9546
1.9458
1.9373
1.9292
1.9212
1.9133
1.9055
1.8978
1.8901
1.8824
1.8747
1.867
1.8593
1.8515
1.8438
1.836
1.8283
1.8205
1.8127
1.8049
1.7971
1.7893
1.7816
1.7738
1.766
1.7583
1.7506
1.7429
1.7352
1.7276
1.72
1.7124
1.7049
1.6974
1.6899
1.6824
1.675
1.6677
1.6604
1.6531
1.6458
1.6386
1.6314
1.6243
1.6172
1.6101
1.6031
1.5961
1.5891
1.5822
1.5753
1.5685
1.5616
1.5548
1.5481
1.5413
1.5346
1.5279
1.5213
1.5146
1.508
1.5014
1.4949
1.4883
1.4818
1.4753
1.4688
1.4623
1.4559
1.4494
1.443
1.4365
1.4301
1.4237
1.4172
1.4108
1.4043
1.3979
1.3914
1.3849
1.3783
1.3717
1.3651
1.3584
1.3516
1.3448
1.3379
1.3308
1.3237
1.3164
1.3089
1.3013
1.2934
1.2853
1.2769
1.2683
1.2593
1.2499
1.2402
1.2299
1.2192
1.2078
1.1959
1.1833
1.17
1.1559
1.141
1.1253
1.1086
1.0911
1.0727
1.0533
1.0331
1.012
.9902
.9678
.9447
.9212
.8974
.8734
.8493
.8253
.8014
.7779
.7547
.732
.7098
.6881
.6671
.6467
.627
.6079
.5895
.5717
.5545
.538
.5221
.5067
.492
.4778
.4641
.4509
.4383
.4261
.4143
.4031
.3922
.3818
.3717
.3621
.3528
.3438
.3352
.3269
.319
.3113
.304
.2969
.29
.2835
.2771
.2711
.2652
.2595
.2541
.2488
.2438
.2389
.2342
.2297
.2253
.221
.2169
.213
.2091
.2054
.2019
.1984
.195
.1918
.1886
.1856
.1826
.1798
.177
.1743
.1716
.1691
.1666
.1642
.1619
.1596
.1574
.1552
.1531
.1511
.1491
.1471
.1452
.1434
.1416
.1398
.1381
.1365
.1348
.1332
.1317
.1301
.1287
.1272
.1258
.1244
.123
.1217
.1204
.1191
.1179
.1166
.1154
.1143
.1131
.112
.1109
.1098
.1087
.1077
.1067
.1057
.1047
.1037
.1028
.1018
.1009
.1
.0991
.0983
.0974
.0966
.0958
.0949
.0941
.0934
.0926
.0918
.0911
.0904
.0896
.0889
.0882
.0875
.0869
.0862
.0855
.0849
.0842
.0836
.083
.0824
.0818
.0812
.0806
.08
.0795
.0789
.0784
.0778
.0773
.0768
.0762
.0757
.0752
.0747
.0742
.0737
.0732
.0728
.0723
.0718
.0714
.0709
.0705
.07
.0696
.0692
.0687
.0683
.0679
.0675
.0671
.0667
.0663
.0659
.0655
.0652
.0648
.0644
.064
.0637
.0633
.063
.0626
.0623
.0619
.0616
.0612
.0609
.0606
.0602
.0599
.0596
.0593
.059
.0587
.0584
.0581
.0578
.0575
.0572
.0569
.0566
.0563
.056
.0557
.0555
.0552
.0549
.0547
.0544
.0541
.0539
.0536
.0533
.0531
.0528
.0526
.0523
.0521
.0519
.0516
.0514
.0512
.0509
.0507
.0505
.0502
.05
.0498
