4.3343
4.1618
4.0342
3.9397
3.8665
3.8062
3.7532
3.704
3.6558
3.607
3.556
3.5012
3.4416
3.3755
3.3017
3.2186
3.1249
3.0199
2.9044
2.7816
2.6584
2.5442
2.448
2.3741
2.3208
2.2834
2.2566
2.2363
2.22
2.206
2.1934
2.1818
2.1708
2.1602
2.15
2.1401
2.1306
2.1213
2.1123
2.1036
2.0951
2.0869
2.0789
2.0711
2.0635
2.0561
2.0489
2.0418
2.0348
2.0279
2.0211
2.0144
2.0077
2.0011
1.9945
1.988
1.9814
1.9749
1.9684
1.9619
1.9554
1.9489
1.9425
1.936
1.9295
1.923
1.9165
1.91
1.9035
1.8969
1.8904
1.8839
1.8773
1.8707
1.864
1.8573
1.8506
1.8438
1.8369
1.8299
1.8228
1.8155
1.8081
1.8005
1.7926
1.7845
1.7761
1.7673
1.758
1.7483
1.738
1.727
1.7153
1.7027
1.689
1.6741
1.6578
1.6399
1.6202
1.5984
1.5741
1.5472
1.5173
1.4841
1.4476
1.4075
1.364
1.3175
1.2683
1.2172
1.1652
1.113
1.0617
1.0119
.9643
.9193
.8769
.8373
.8005
.7664
.7347
.7053
.678
.6527
.6292
.6072
.5868
.5677
.5498
.533
.5173
.5025
.4885
.4753
.4628
.451
.4398
.4292
.419
.4094
.4002
.3915
.3831
.3751
.3675
.3602
.3532
.3464
.34
.3337
.3278
.322
.3165
.3112
.3061
.3011
.2963
.2917
.2873
.283
.2788
.2748
.2709
.2671
.2635
.2599
.2565
.2531
.2499
.2468
.2437
.2407
.2379
.2351
.2323
.2297
.2271
.2246
.2221
.2197
.2174
.2151
.2129
.2107
.2086
.2066
.2046
.2026
.2007
.1988
.1969
.1951
.1934
.1916
.19
.1883
.1867
.1851
.1835
.182
.1805
.1791
.1776
.1762
.1748
.1735
.1721
.1708
.1695
.1683
.167
.1658
.1646
.1634
.1623
.1611
.16
.1589
.1578
.1567
.1557
.1546
.1536
.1526
.1516
.1506
.1497
.1487
.1478
.1469
.146
.1451
.1442
.1433
.1425
.1416
.1408
.14
.1391
.1383
.1375
.1368
.136
.1352
.1345
.1337
.133
.1323
.1316
.1308
.1301
.1295
.1288
.1281
.1274
.1268
.1261
.1255
.1248
.1242
.1236
.123
.1223
.1217
.1211
.1206
.12
.1194
.1188
.1182
.1177
.1171
.1166
.116
.1155
.115
.1144
.1139
.1134
.1129
.1124
.1119
.1114
.1109
.1104
.1099
.1094
.109
.1085
.108
.1076
.1071
.1066
.1062
.1057
.1053
.1049
.1044
.104
.1036
.1031
.1027
.1023
.1019
.1015
.1011
.1007
.1003
.0999
.0995
.0991
.0987
.0983
.098
.0976
.0972
.0968
.0965
.0961
.0957
.0954
.095
.0947
.0943
.094
.0936
.0933
.0929
.0926
.0923
.0919
.0916
.0913
.0909
.0906
.0903
.09
.0897
.0893
.089
.0887
.0884
.0881
.0878
.0875
.0872
.0869
.0866
.0863
.086
.0857
.0854
.0852
.0849
.0846
.0843
.084
.0838
.0835
.0832
.0829
.0827
.0824
.0821
.0819
.0816
.0813
.0811
.0808
.0806
.0803
.0801
.0798
.0796
.0793
.0791
.0788
.0786
.0783
.0781
.0779
.0776
.0774
.0772
.0769
.0767
.0765
.0762
.076
.0758
.0756
.0753
.0751
.0749
.0747
.0745
.0742
.074
.0738
.0736
.0734
.0732
.073
.0728
.0725
.0723
.0721
.0719
.0717
.0715
.0713
.0711
.0709
.0707
.0705
.0703
.0701
.07
.0698
.0696
.0694
.0692
.069
.0688
.0686
.0684
.0683
.0681
.0679
.0677
.0675
.0674
.0672
.067
.0668
.0667
.0665
.0663
.0661
.066
.0658
.0656
.0654
.0653
.0651
.0649
.0648
.0646
.0644
.0643
.0641
.064
.0638
.0636
.0635
.0633
.0632
.063
.0629
.0627
.0625
.0624
.0622
.0621
.0619
.0618
.0616
.0615
.0613
.0612
.061
.0609
.0607
.0606
.0604
.0603
.0602
.06
.0599
.0597
.0596
.0595
.0593
.0592
.059
.0589
.0588
.0586
.0585
.0584
.0582
.0581
.058
.0578
.0577
.0576
.0574
.0573
.0572
.057
.0569
.0568
.0566
.0565
.0564
.0563
.0561
.056
.0559
.0558
.0556
.0555
.0554
.0553
.0552
.055
.0549
.0548
.0547
.0546
.0544
.0543
.0542
.0541
.054
.0539
.0537
.0536
.0535
.0534
.0533
.0532
.0531
.053
.0528
.0527
.0526
.0525
.0524
.0523
.0522
.0521
.052
.0519
.0517
.0516
.0515
.0514
.0513
.0512
.0511
.051
.0509
.0508
.0507
.0506
.0505
.0504
.0503
.0502
.0501
.05
