4.6592
4.374
4.0695
3.7692
3.4848
3.2163
2.9614
2.7236
2.514
2.3467
2.2287
2.154
2.1094
2.0823
2.0643
2.051
2.0401
2.0304
2.0213
2.0124
2.0037
1.995
1.9862
1.9773
1.9681
1.9587
1.9491
1.9391
1.9287
1.9178
1.9065
1.8947
1.8823
1.8692
1.8554
1.8408
1.8254
1.8091
1.7919
1.7735
1.7541
1.7334
1.7115
1.6882
1.6635
1.6373
1.6096
1.5804
1.5496
1.5174
1.4838
1.4489
1.4128
1.3758
1.3379
1.2994
1.2606
1.2216
1.1826
1.1439
1.1057
1.068
1.0311
.9951
.96
.926
.893
.8612
.8306
.801
.7727
.7455
.7195
.6945
.6707
.6478
.626
.6052
.5853
.5663
.5482
.5309
.5144
.4986
.4835
.4691
.4554
.4422
.4296
.4176
.4061
.3951
.3845
.3744
.3647
.3554
.3465
.338
.3298
.3219
.3143
.307
.3
.2932
.2867
.2805
.2744
.2686
.263
.2576
.2524
.2473
.2425
.2378
.2332
.2288
.2245
.2204
.2164
.2125
.2088
.2052
.2016
.1982
.1949
.1917
.1885
.1855
.1825
.1796
.1769
.1741
.1715
.1689
.1664
.164
.1616
.1593
.157
.1548
.1527
.1506
.1485
.1465
.1446
.1427
.1408
.139
.1373
.1355
.1338
.1322
.1306
.129
.1275
.1259
.1245
.123
.1216
.1202
.1188
.1175
.1162
.1149
.1137
.1124
.1112
.1101
.1089
.1078
.1067
.1056
.1045
.1034
.1024
.1014
.1004
.0994
.0985
.0975
.0966
.0957
.0948
.0939
.093
.0922
.0913
.0905
.0897
.0889
.0881
.0874
.0866
.0859
.0851
.0844
.0837
.083
.0823
.0816
.081
.0803
.0797
.079
.0784
.0778
.0772
.0766
.076
.0754
.0748
.0742
.0737
.0731
.0726
.072
.0715
.071
.0705
.07
.0695
.069
.0685
.068
.0675
.0671
.0666
.0661
.0657
.0652
.0648
.0644
.0639
.0635
.0631
.0627
.0623
.0619
.0615
.0611
.0607
.0603
.0599
.0595
.0592
.0588
.0584
.0581
.0577
.0574
.057
.0567
.0564
.056
.0557
.0554
.055
.0547
.0544
.0541
.0538
.0535
.0532
.0529
.0526
.0523
.052
.0517
.0514
.0511
.0509
.0506
.0503
.05
.0498
