4.2313
4.0209
3.8494
3.7064
3.5794
3.4592
3.3391
3.215
3.0848
2.9478
2.8055
2.6612
2.5209
2.3922
2.2821
2.1948
2.1296
2.0826
2.0487
2.0235
2.0039
1.9879
1.9743
1.9624
1.9515
1.9416
1.9322
1.9235
1.9151
1.9072
1.8996
1.8924
1.8854
1.8787
1.8722
1.8659
1.8599
1.854
1.8484
1.8429
1.8376
1.8325
1.8275
1.8226
1.8179
1.8133
1.8088
1.8044
1.8001
1.7959
1.7919
1.7879
1.784
1.7802
1.7764
1.7727
1.7691
1.7656
1.7621
1.7587
1.7553
1.752
1.7487
1.7455
1.7423
1.7392
1.7361
1.733
1.7299
1.7269
1.7239
1.7209
1.718
1.715
1.7121
1.7092
1.7063
1.7034
1.7005
1.6976
1.6947
1.6917
1.6888
1.6859
1.6829
1.6799
1.6769
1.6738
1.6707
1.6675
1.6643
1.661
1.6577
1.6543
1.6507
1.6471
1.6434
1.6395
1.6355
1.6314
1.627
1.6225
1.6178
1.6128
1.6075
1.6019
1.5959
1.5896
1.5828
1.5755
1.5677
1.5592
1.5499
1.5399
1.5289
1.5168
1.5036
1.4889
1.4728
1.4549
1.4351
1.4132
1.389
1.3623
1.3331
1.3012
1.2667
1.2298
1.1908
1.1501
1.1084
1.0662
1.0242
.9829
.9429
.9044
.8679
.8333
.8008
.7702
.7416
.7148
.6896
.666
.6438
.6229
.6032
.5846
.567
.5503
.5344
.5193
.505
.4912
.4782
.4656
.4537
.4422
.4312
.4207
.4106
.4009
.3916
.3826
.3741
.3658
.3579
.3503
.343
.336
.3292
.3227
.3165
.3105
.3047
.2991
.2938
.2886
.2836
.2788
.2742
.2697
.2654
.2612
.2572
.2533
.2496
.2459
.2424
.239
.2357
.2326
.2295
.2265
.2236
.2207
.218
.2154
.2128
.2103
.2078
.2055
.2032
.2009
.1987
.1966
.1945
.1925
.1905
.1886
.1867
.1849
.1831
.1814
.1797
.178
.1764
.1748
.1732
.1717
.1702
.1687
.1673
.1659
.1645
.1632
.1619
.1606
.1593
.1581
.1569
.1557
.1545
.1533
.1522
.1511
.15
.1489
.1479
.1468
.1458
.1448
.1438
.1428
.1419
.1409
.14
.1391
.1382
.1373
.1364
.1356
.1347
.1339
.1331
.1323
.1315
.1307
.1299
.1292
.1284
.1277
.1269
.1262
.1255
.1248
.1241
.1234
.1227
.122
.1214
.1207
.1201
.1194
.1188
.1182
.1176
.1169
.1163
.1157
.1152
.1146
.114
.1134
.1129
.1123
.1118
.1112
.1107
.1101
.1096
.1091
.1086
.1081
.1076
.1071
.1066
.1061
.1056
.1051
.1046
.1042
.1037
.1032
.1028
.1023
.1019
.1014
.101
.1005
.1001
.0997
.0993
.0988
.0984
.098
.0976
.0972
.0968
.0964
.096
.0956
.0952
.0948
.0944
.0941
.0937
.0933
.0929
.0926
.0922
.0919
.0915
.0911
.0908
.0904
.0901
.0897
.0894
.0891
.0887
.0884
.0881
.0877
.0874
.0871
.0868
.0865
.0861
.0858
.0855
.0852
.0849
.0846
.0843
.084
.0837
.0834
.0831
.0828
.0825
.0822
.082
.0817
.0814
.0811
.0808
.0806
.0803
.08
.0797
.0795
.0792
.0789
.0787
.0784
.0782
.0779
.0776
.0774
.0771
.0769
.0766
.0764
.0761
.0759
.0757
.0754
.0752
.0749
.0747
.0745
.0742
.074
.0738
.0735
.0733
.0731
.0729
.0726
.0724
.0722
.072
.0718
.0715
.0713
.0711
.0709
.0707
.0705
.0703
.0701
.0699
.0696
.0694
.0692
.069
.0688
.0686
.0684
.0682
.068
.0678
.0677
.0675
.0673
.0671
.0669
.0667
.0665
.0663
.0661
.066
.0658
.0656
.0654
.0652
.065
.0649
.0647
.0645
.0643
.0642
.064
.0638
.0636
.0635
.0633
.0631
.063
.0628
.0626
.0625
.0623
.0621
.062
.0618
.0616
.0615
.0613
.0612
.061
.0608
.0607
.0605
.0604
.0602
.0601
.0599
.0598
.0596
.0595
.0593
.0592
.059
.0589
.0587
.0586
.0584
.0583
.0581
.058
.0578
.0577
.0576
.0574
.0573
.0571
.057
.0569
.0567
.0566
.0565
.0563
.0562
.0561
.0559
.0558
.0557
.0555
.0554
.0553
.0551
.055
.0549
.0547
.0546
.0545
.0544
.0542
.0541
.054
.0539
.0537
.0536
.0535
.0534
.0532
.0531
.053
.0529
.0528
.0526
.0525
.0524
.0523
.0522
.0521
.0519
.0518
.0517
.0516
.0515
.0514
.0513
.0511
.051
.0509
.0508
.0507
.0506
.0505
.0504
.0503
.0502
.05
.0499
