4.7433
4.5062
4.2719
4.0647
3.8934
3.7535
3.6355
3.531
3.4335
3.3387
3.2438
3.147
3.0481
2.9479
2.8486
2.7537
2.6671
2.5922
2.5309
2.4828
2.446
2.4179
2.3959
2.378
2.3628
2.3495
2.3374
2.3262
2.3156
2.3055
2.2959
2.2867
2.2779
2.2695
2.2615
2.2539
2.2467
2.2399
2.2334
2.2274
2.2217
2.2163
2.2113
2.2065
2.2021
2.1979
2.194
2.1902
2.1866
2.1832
2.1799
2.1766
2.1734
2.1703
2.1671
2.1639
2.1606
2.1573
2.1538
2.1502
2.1465
2.1425
2.1384
2.1341
2.1296
2.1249
2.12
2.1148
2.1094
2.1038
2.0979
2.0918
2.0855
2.0789
2.0721
2.0651
2.0579
2.0505
2.0429
2.0351
2.0271
2.019
2.0106
2.0021
1.9934
1.9846
1.9756
1.9665
1.9572
1.9479
1.9385
1.9289
1.9194
1.9097
1.9001
1.8904
1.8808
1.8712
1.8616
1.8521
1.8427
1.8333
1.824
1.8149
1.8058
1.7969
1.7881
1.7793
1.7707
1.7622
1.7538
1.7455
1.7372
1.729
1.7208
1.7127
1.7045
1.6963
1.6881
1.6797
1.6713
1.6627
1.6538
1.6448
1.6354
1.6257
1.6156
1.6049
1.5938
1.5819
1.5693
1.5559
1.5415
1.526
1.5092
1.4911
1.4715
1.4504
1.4274
1.4027
1.3761
1.3476
1.3173
1.2853
1.2517
1.2169
1.1811
1.1446
1.1079
1.0712
1.0349
.9993
.9645
.9309
.8985
.8673
.8376
.8092
.7822
.7566
.7322
.7091
.6872
.6664
.6466
.6279
.6101
.5931
.577
.5617
.5471
.5332
.5199
.5072
.495
.4834
.4723
.4617
.4515
.4417
.4322
.4232
.4145
.4061
.398
.3903
.3827
.3755
.3685
.3618
.3552
.3489
.3428
.3369
.3312
.3256
.3202
.315
.3099
.305
.3002
.2956
.2911
.2867
.2824
.2783
.2742
.2703
.2664
.2627
.2591
.2555
.252
.2487
.2454
.2422
.239
.2359
.233
.23
.2272
.2244
.2216
.219
.2163
.2138
.2113
.2088
.2064
.2041
.2018
.1995
.1973
.1952
.1931
.191
.1889
.1869
.185
.1831
.1812
.1793
.1775
.1757
.174
.1723
.1706
.1689
.1673
.1657
.1642
.1626
.1611
.1596
.1581
.1567
.1553
.1539
.1525
.1512
.1499
.1486
.1473
.146
.1448
.1436
.1424
.1412
.14
.1389
.1377
.1366
.1355
.1344
.1334
.1323
.1313
.1303
.1293
.1283
.1273
.1264
.1254
.1245
.1235
.1226
.1217
.1209
.12
.1191
.1183
.1174
.1166
.1158
.115
.1142
.1134
.1126
.1119
.1111
.1104
.1096
.1089
.1082
.1075
.1068
.1061
.1054
.1047
.1041
.1034
.1028
.1021
.1015
.1008
.1002
.0996
.099
.0984
.0978
.0972
.0966
.0961
.0955
.0949
.0944
.0938
.0933
.0928
.0922
.0917
.0912
.0907
.0902
.0897
.0892
.0887
.0882
.0877
.0872
.0867
.0863
.0858
.0854
.0849
.0844
.084
.0836
.0831
.0827
.0823
.0818
.0814
.081
.0806
.0802
.0798
.0794
.079
.0786
.0782
.0778
.0774
.0771
.0767
.0763
.076
.0756
.0752
.0749
.0745
.0742
.0738
.0735
.0731
.0728
.0725
.0721
.0718
.0715
.0711
.0708
.0705
.0702
.0699
.0696
.0692
.0689
.0686
.0683
.068
.0677
.0674
.0672
.0669
.0666
.0663
.066
.0657
.0655
.0652
.0649
.0646
.0644
.0641
.0638
.0636
.0633
.0631
.0628
.0626
.0623
.0621
.0618
.0616
.0613
.0611
.0608
.0606
.0604
.0601
.0599
.0596
.0594
.0592
.059
.0587
.0585
.0583
.0581
.0579
.0576
.0574
.0572
.057
.0568
.0566
.0564
.0562
.0559
.0557
.0555
.0553
.0551
.0549
.0547
.0545
.0544
.0542
.054
.0538
.0536
.0534
.0532
.053
.0528
.0527
.0525
.0523
.0521
.0519
.0518
.0516
.0514
.0512
.0511
.0509
.0507
.0506
.0504
.0502
.0501
.0499
