4.4091
3.8139
3.174
2.5803
2.2013
2.092
2.0754
2.068
2.0589
2.0479
2.0357
2.0227
2.0094
1.9959
1.9823
1.9688
1.9553
1.9419
1.9285
1.9153
1.9022
1.8892
1.8763
1.8636
1.8509
1.8385
1.8261
1.8139
1.8019
1.7899
1.7782
1.7665
1.7549
1.7435
1.7322
1.721
1.7099
1.6988
1.6879
1.677
1.6662
1.6555
1.6449
1.6343
1.6238
1.6134
1.603
1.5926
1.5823
1.5721
1.5619
1.5517
1.5415
1.5314
1.5214
1.5113
1.5013
1.4913
1.4814
1.4714
1.4615
1.4516
1.4418
1.4319
1.4221
1.4124
1.4026
1.3929
1.3832
1.3736
1.3639
1.3543
1.3448
1.3353
1.3258
1.3164
1.307
1.2976
1.2883
1.2791
1.2698
1.2607
1.2516
1.2425
1.2335
1.2245
1.2156
1.2067
1.1979
1.1891
1.1804
1.1717
1.1631
1.1546
1.1461
1.1376
1.1292
1.1209
1.1126
1.1044
1.0962
1.0881
1.08
1.072
1.0641
1.0562
1.0484
1.0406
1.0329
1.0252
1.0176
1.01
1.0025
.9951
.9877
.9804
.9731
.9659
.9587
.9516
.9445
.9375
.9306
.9237
.9168
.91
.9033
.8966
.89
.8834
.8769
.8704
.864
.8576
.8513
.845
.8388
.8327
.8266
.8205
.8145
.8086
.8027
.7968
.791
.7853
.7796
.774
.7684
.7628
.7573
.7518
.7464
.7411
.7358
.7305
.7252
.72
.7149
.7098
.7047
.6996
.6946
.6896
.6847
.6797
.6748
.6699
.6651
.6602
.6554
.6505
.6457
.6408
.636
.6311
.6262
.6213
.6163
.6113
.6063
.6012
.5961
.5908
.5855
.5801
.5747
.5691
.5633
.5575
.5515
.5454
.5391
.5326
.526
.5192
.5122
.505
.4976
.4901
.4824
.4745
.4664
.4582
.4499
.4414
.4328
.4242
.4154
.4066
.3978
.389
.3801
.3714
.3626
.3539
.3453
.3368
.3284
.3201
.312
.304
.2961
.2884
.2809
.2736
.2664
.2593
.2525
.2458
.2394
.233
.2269
.221
.2152
.2096
.2041
.1989
.1938
.1888
.184
.1794
.1749
.1705
.1663
.1622
.1583
.1545
.1508
.1472
.1437
.1404
.1371
.134
.131
.128
.1252
.1224
.1198
.1172
.1147
.1123
.1099
.1077
.1055
.1033
.1013
.0993
.0973
.0954
.0936
.0918
.0901
.0884
.0868
.0852
.0837
.0822
.0808
.0794
.078
.0767
.0754
.0742
.0729
.0717
.0706
.0695
.0684
.0673
.0663
.0653
.0643
.0633
.0624
.0615
.0606
.0597
.0589
.0581
.0573
.0565
.0557
.055
.0542
.0535
.0528
.0521
.0515
.0508
.0502
.0496
