4.4028
3.9638
3.6307
3.3709
3.1384
2.9187
2.7259
2.5879
2.5151
2.4869
2.4776
2.4743
2.4722
2.4702
2.4679
2.4653
2.4624
2.4591
2.4554
2.4511
2.4461
2.4404
2.4337
2.4259
2.4166
2.4057
2.3928
2.3776
2.3597
2.3386
2.3142
2.2861
2.2544
2.2193
2.1809
2.1398
2.096
2.0496
1.9998
1.9455
1.8851
1.8165
1.7378
1.6475
1.546
1.4356
1.3203
1.2054
1.0955
.9939
.9022
.821
.7496
.6871
.6325
.5846
.5426
.5056
.4728
.4436
.4175
.3941
.373
.3539
.3365
.3207
.3062
.2929
.2807
.2694
.2589
.2492
.2402
.2318
.224
.2167
.2098
.2033
.1973
.1916
.1862
.1811
.1762
.1717
.1673
.1632
.1593
.1555
.152
.1486
.1453
.1422
.1392
.1364
.1337
.131
.1285
.1261
.1238
.1215
.1194
.1173
.1153
.1133
.1115
.1096
.1079
.1062
.1045
.103
.1014
.0999
.0985
.0971
.0957
.0944
.0931
.0918
.0906
.0894
.0882
.0871
.086
.0849
.0839
.0829
.0819
.0809
.08
.079
.0781
.0773
.0764
.0756
.0747
.0739
.0731
.0724
.0716
.0709
.0702
.0694
.0688
.0681
.0674
.0667
.0661
.0655
.0649
.0643
.0637
.0631
.0625
.0619
.0614
.0609
.0603
.0598
.0593
.0588
.0583
.0578
.0573
.0568
.0564
.0559
.0555
.055
.0546
.0542
.0537
.0533
.0529
.0525
.0521
.0517
.0514
.051
.0506
.0502
.0499
