3.9214
3.3696
2.9405
2.6244
2.4059
2.2801
2.2207
2.1942
2.1806
2.1715
2.1641
2.1573
2.1508
2.1445
2.1382
2.1319
2.1257
2.1194
2.1131
2.1068
2.1004
2.094
2.0876
2.0811
2.0746
2.068
2.0614
2.0546
2.0476
2.0405
2.0332
2.0255
2.0175
2.0091
2.0001
1.9905
1.98
1.9686
1.956
1.942
1.9263
1.9086
1.8886
1.8659
1.8401
1.8109
1.778
1.7412
1.7006
1.6562
1.6085
1.5579
1.5053
1.4514
1.397
1.3429
1.2895
1.2375
1.1871
1.1387
1.0923
1.048
1.0059
.9659
.928
.892
.8579
.8256
.795
.7659
.7384
.7123
.6876
.6641
.6417
.6205
.6004
.5812
.5629
.5455
.529
.5132
.4981
.4837
.47
.4569
.4444
.4324
.4209
.41
.3995
.3894
.3797
.3705
.3616
.353
.3448
.337
.3294
.3221
.315
.3083
.3018
.2955
.2894
.2835
.2779
.2724
.2672
.2621
.2571
.2524
.2478
.2433
.239
.2348
.2307
.2268
.2229
.2192
.2156
.2121
.2087
.2054
.2022
.1991
.1961
.1931
.1902
.1874
.1847
.1821
.1795
.177
.1745
.1721
.1698
.1675
.1653
.1631
.161
.1589
.1569
.155
.153
.1511
.1493
.1475
.1457
.144
.1423
.1407
.1391
.1375
.1359
.1344
.1329
.1315
.1301
.1287
.1273
.126
.1246
.1234
.1221
.1208
.1196
.1184
.1173
.1161
.115
.1139
.1128
.1117
.1106
.1096
.1086
.1076
.1066
.1057
.1047
.1038
.1029
.102
.1011
.1002
.0993
.0985
.0977
.0968
.096
.0952
.0945
.0937
.0929
.0922
.0915
.0907
.09
.0893
.0886
.0879
.0873
.0866
.086
.0853
.0847
.084
.0834
.0828
.0822
.0816
.081
.0805
.0799
.0793
.0788
.0782
.0777
.0772
.0766
.0761
.0756
.0751
.0746
.0741
.0736
.0732
.0727
.0722
.0717
.0713
.0708
.0704
.0699
.0695
.0691
.0687
.0682
.0678
.0674
.067
.0666
.0662
.0658
.0654
.065
.0647
.0643
.0639
.0635
.0632
.0628
.0625
.0621
.0618
.0614
.0611
.0607
.0604
.0601
.0598
.0594
.0591
.0588
.0585
.0582
.0579
.0576
.0573
.057
.0567
.0564
.0561
.0558
.0555
.0552
.055
.0547
.0544
.0541
.0539
.0536
.0533
.0531
.0528
.0526
.0523
.0521
.0518
.0516
.0513
.0511
.0508
.0506
.0504
.0501
.0499
