3.8697
3.5703
3.2999
3.0123
2.7135
2.4784
2.3687
2.3345
2.3189
2.3057
2.2924
2.2789
2.2655
2.2522
2.2392
2.2263
2.2136
2.2011
2.1887
2.1764
2.1642
2.1522
2.1403
2.1286
2.117
2.1056
2.0944
2.0834
2.0727
2.0621
2.0517
2.0415
2.0315
2.0216
2.0119
2.0022
1.9926
1.9831
1.9737
1.9642
1.9548
1.9454
1.9361
1.9267
1.9173
1.9079
1.8985
1.8892
1.8798
1.8705
1.8612
1.8519
1.8427
1.8335
1.8243
1.8152
1.8061
1.7971
1.7881
1.7792
1.7702
1.7613
1.7525
1.7436
1.7348
1.7259
1.7171
1.7082
1.6993
1.6905
1.6815
1.6726
1.6636
1.6546
1.6455
1.6364
1.6273
1.6181
1.6089
1.5996
1.5903
1.581
1.5716
1.5622
1.5528
1.5434
1.5339
1.5245
1.515
1.5055
1.4961
1.4866
1.4771
1.4677
1.4583
1.449
1.4396
1.4303
1.4211
1.4119
1.4027
1.3936
1.3846
1.3756
1.3667
1.3578
1.349
1.3403
1.3316
1.3231
1.3146
1.3061
1.2978
1.2895
1.2813
1.2731
1.2651
1.2571
1.2491
1.2413
1.2335
1.2258
1.2181
1.2106
1.203
1.1956
1.1882
1.1809
1.1736
1.1664
1.1593
1.1522
1.1452
1.1382
1.1313
1.1244
1.1176
1.1108
1.1041
1.0975
1.0908
1.0843
1.0778
1.0713
1.0649
1.0585
1.0522
1.0459
1.0396
1.0334
1.0272
1.0211
1.015
1.009
1.003
.997
.9911
.9852
.9794
.9736
.9678
.9621
.9564
.9507
.9451
.9395
.934
.9285
.923
.9176
.9122
.9068
.9015
.8962
.891
.8858
.8806
.8755
.8704
.8653
.8603
.8553
.8504
.8454
.8406
.8358
.831
.8262
.8215
.8168
.8122
.8076
.803
.7985
.794
.7896
.7852
.7808
.7765
.7722
.768
.7637
.7596
.7554
.7514
.7473
.7433
.7393
.7353
.7314
.7276
.7237
.7199
.7161
.7124
.7087
.705
.7013
.6977
.6941
.6905
.687
.6835
.68
.6765
.6731
.6697
.6663
.6629
.6595
.6562
.6528
.6495
.6462
.6429
.6397
.6364
.6332
.63
.6267
.6235
.6204
.6172
.614
.6109
.6077
.6046
.6015
.5984
.5953
.5922
.5891
.5861
.583
.58
.5769
.5739
.5709
.5679
.5649
.562
.559
.556
.5531
.5502
.5473
.5444
.5415
.5386
.5358
.5329
.5301
.5273
.5245
.5217
.5189
.5161
.5134
.5106
.5079
.5052
.5025
.4998
.4971
.4945
.4918
.4892
.4866
.484
.4814
.4788
.4762
.4737
.4711
.4686
.4661
.4636
.4611
.4587
.4562
.4538
.4514
.4489
.4465
.4442
.4418
.4394
.4371
.4348
.4324
.4301
.4278
.4256
.4233
.4211
.4188
.4166
.4144
.4122
.41
.4078
.4057
.4035
.4014
.3993
.3972
.3951
.393
.391
.3889
.3869
.3849
.3829
.3809
.3789
.3769
.3749
.373
.3711
.3691
.3672
.3653
.3634
.3616
.3597
.3579
.356
.3542
.3524
.3506
.3488
.347
.3453
.3435
.3418
.34
.3383
.3366
.3349
.3332
.3316
.3299
.3283
.3266
.325
.3234
.3218
.3202
.3186
.317
.3155
.3139
.3124
.3108
.3093
.3078
.3063
.3048
.3034
.3019
.3004
.299
.2975
.2961
.2947
.2933
.2919
.2905
.2891
.2878
.2864
.285
.2837
.2824
.281
.2797
.2784
.2771
.2758
.2746
.2733
.272
.2708
.2695
.2683
.2671
.2659
.2646
.2634
.2623
.2611
.2599
.2587
.2576
.2564
.2553
.2541
.253
.2519
.2508
.2497
.2486
.2475
.2464
.2453
.2442
.2432
.2421
.2411
.24
.239
.238
.2369
.2359
.2349
.2339
.2329
.2319
.231
.23
.229
.2281
.2271
.2262
.2252
.2243
.2234
.2224
.2215
.2206
.2197
.2188
.2179
.217
.2162
.2153
.2144
.2136
.2127
.2118
.211
.2102
.2093
.2085
.2077
.2068
.206
.2052
.2044
.2036
.2028
.202
.2013
.2005
.1997
.1989
.1982
.1974
.1967
.1959
.1952
.1944
.1937
.193
.1922
.1915
.1908
.1901
.1894
.1887
.188
.1873
.1866
.1859
.1852
.1846
.1839
.1832
.1826
.1819
.1812
.1806
.1799
.1793
.1787
.178
.1774
.1768
.1761
.1755
.1749
.1743
.1737
.1731
.1725
.1719
.1713
.1707
.1701
.1695
.1689
.1683
.1678
.1672
.1666
.1661
.1655
.1649
.1644
.1638
.1633
.1627
.1622
.1617
.1611
.1606
.1601
.1595
.159
.1585
.158
.1575
.157
.1564
.1559
.1554
.1549
.1544
.1539
.1535
.153
.1525
.152
.1515
.151
.1506
.1501
.1496
.1492
.1487
.1482
.1478
.1473
.1469
.1464
.146
.1455
.1451
.1446
.1442
.1437
.1433
.1429
.1424
.142
.1416
.1412
.1407
.1403
.1399
.1395
.1391
.1387
.1383
.1379
.1375
.137
.1366
.1363
.1359
.1355
.1351
.1347
.1343
.1339
.1335
.1331
.1328
.1324
.132
.1316
.1313
.1309
.1305
.1302
.1298
.1294
.1291
.1287
.1284
.128
.1276
.1273
.1269
.1266
.1263
.1259
.1256
.1252
.1249
.1245
.1242
.1239
.1235
.1232
.1229
.1226
.1222
.1219
.1216
.1213
.1209
.1206
.1203
.12
.1197
.1194
.119
.1187
.1184
.1181
.1178
.1175
.1172
.1169
.1166
.1163
.116
.1157
.1154
.1151
.1148
.1146
.1143
.114
.1137
.1134
.1131
.1128
.1126
.1123
.112
.1117
.1115
.1112
.1109
.1106
.1104
.1101
.1098
.1096
.1093
.109
.1088
.1085
.1082
.108
.1077
.1075
.1072
.107
.1067
.1064
.1062
.1059
.1057
.1054
.1052
.105
.1047
.1045
.1042
.104
.1037
.1035
.1033
.103
.1028
.1025
.1023
.1021
.1018
.1016
.1014
.1011
.1009
.1007
.1005
.1002
.1
.0998
.0996
.0993
.0991
.0989
.0987
.0985
.0982
.098
.0978
.0976
.0974
.0972
.097
.0967
.0965
.0963
.0961
.0959
.0957
.0955
.0953
.0951
.0949
.0947
.0945
.0943
.0941
.0939
.0937
.0935
.0933
.0931
.0929
.0927
.0925
.0923
.0921
.0919
.0917
.0915
.0913
.0912
.091
.0908
.0906
.0904
.0902
.09
.0898
.0897
.0895
.0893
.0891
.0889
.0888
.0886
.0884
.0882
.088
.0879
.0877
.0875
.0873
.0872
.087
.0868
.0867
.0865
.0863
.0861
.086
.0858
.0856
.0855
.0853
.0851
.085
.0848
.0846
.0845
.0843
.0841
.084
.0838
.0837
.0835
.0833
.0832
.083
.0829
.0827
.0826
.0824
.0822
.0821
.0819
.0818
.0816
.0815
.0813
.0812
.081
.0809
.0807
.0806
.0804
.0803
.0801
.08
.0798
.0797
.0795
.0794
.0792
.0791
.079
.0788
.0787
.0785
.0784
.0782
.0781
.078
.0778
.0777
.0775
.0774
.0773
.0771
.077
.0768
.0767
.0766
.0764
.0763
.0762
.076
.0759
.0758
.0756
.0755
.0754
.0752
.0751
.075
.0748
.0747
.0746
.0745
.0743
.0742
.0741
.074
.0738
.0737
.0736
.0734
.0733
.0732
.0731
.0729
.0728
.0727
.0726
.0725
.0723
.0722
.0721
.072
.0719
.0717
.0716
.0715
.0714
.0713
.0711
.071
.0709
.0708
.0707
.0706
.0704
.0703
.0702
.0701
.07
.0699
.0698
.0696
.0695
.0694
.0693
.0692
.0691
.069
.0689
.0687
.0686
.0685
.0684
.0683
.0682
.0681
.068
.0679
.0678
.0677
.0676
.0674
.0673
.0672
.0671
.067
.0669
.0668
.0667
.0666
.0665
.0664
.0663
.0662
.0661
.066
.0659
.0658
.0657
.0656
.0655
.0654
.0653
.0652
.0651
.065
.0649
.0648
.0647
.0646
.0645
.0644
.0643
.0642
.0641
.064
.0639
.0638
.0637
.0636
.0635
.0634
.0633
.0632
.0632
.0631
.063
.0629
.0628
.0627
.0626
.0625
.0624
.0623
.0622
.0621
.062
.062
.0619
.0618
.0617
.0616
.0615
.0614
.0613
.0612
.0612
.0611
.061
.0609
.0608
.0607
.0606
.0605
.0605
.0604
.0603
.0602
.0601
.06
.0599
.0599
.0598
.0597
.0596
.0595
.0594
.0594
.0593
.0592
.0591
.059
.0589
.0589
.0588
.0587
.0586
.0585
.0585
.0584
.0583
.0582
.0581
.0581
.058
.0579
.0578
.0577
.0577
.0576
.0575
.0574
.0573
.0573
.0572
.0571
.057
.057
.0569
.0568
.0567
.0567
.0566
.0565
.0564
.0564
.0563
.0562
.0561
.0561
.056
.0559
.0558
.0558
.0557
.0556
.0555
.0555
.0554
.0553
.0552
.0552
.0551
.055
.055
.0549
.0548
.0547
.0547
.0546
.0545
.0545
.0544
.0543
.0543
.0542
.0541
.054
.054
.0539
.0538
.0538
.0537
.0536
.0536
.0535
.0534
.0534
.0533
.0532
.0532
.0531
.053
.053
.0529
.0528
.0528
.0527
.0526
.0526
.0525
.0524
.0524
.0523
.0522
.0522
.0521
.052
.052
.0519
.0519
.0518
.0517
.0517
.0516
.0515
.0515
.0514
.0513
.0513
.0512
.0512
.0511
.051
.051
.0509
.0508
.0508
.0507
.0507
.0506
.0505
.0505
.0504
.0504
.0503
.0502
.0502
.0501
.0501
.05
.0499
