4.3758
3.8604
3.4063
3.0445
2.7471
2.512
2.3597
2.2884
2.2638
2.2561
2.2522
2.2482
2.2431
2.2367
2.2292
2.2208
2.2115
2.2016
2.1913
2.1806
2.1697
2.1588
2.1481
2.1377
2.1276
2.118
2.1089
2.1004
2.0924
2.0849
2.078
2.0716
2.0656
2.0601
2.055
2.0502
2.0457
2.0415
2.0375
2.0338
2.0302
2.0268
2.0235
2.0203
2.0172
2.0142
2.0112
2.0083
2.0054
2.0026
1.9997
1.9969
1.994
1.9912
1.9883
1.9854
1.9825
1.9795
1.9765
1.9734
1.9702
1.967
1.9636
1.9602
1.9566
1.9529
1.9491
1.945
1.9408
1.9363
1.9315
1.9264
1.9209
1.9149
1.9084
1.9013
1.8933
1.8844
1.8743
1.8629
1.8496
1.8342
1.8161
1.7945
1.7687
1.7375
1.6999
1.6545
1.6003
1.5368
1.4642
1.3842
1.2996
1.2137
1.1298
1.0503
.9767
.9096
.8489
.7942
.745
.7006
.6604
.624
.5909
.5608
.5332
.508
.4847
.4633
.4436
.4253
.4083
.3925
.3777
.364
.3511
.339
.3277
.3171
.307
.2976
.2886
.2801
.2721
.2645
.2573
.2504
.2439
.2377
.2317
.2261
.2207
.2155
.2105
.2058
.2012
.1968
.1926
.1886
.1847
.181
.1774
.1739
.1706
.1674
.1643
.1612
.1583
.1555
.1528
.1502
.1476
.1452
.1428
.1405
.1382
.136
.1339
.1319
.1299
.1279
.126
.1242
.1224
.1207
.119
.1173
.1157
.1142
.1127
.1112
.1097
.1083
.1069
.1056
.1043
.103
.1017
.1005
.0993
.0981
.097
.0958
.0948
.0937
.0926
.0916
.0906
.0896
.0886
.0877
.0868
.0859
.085
.0841
.0832
.0824
.0816
.0808
.08
.0792
.0784
.0777
.0769
.0762
.0755
.0748
.0741
.0734
.0728
.0721
.0715
.0709
.0702
.0696
.069
.0684
.0679
.0673
.0667
.0662
.0656
.0651
.0646
.0641
.0636
.063
.0626
.0621
.0616
.0611
.0606
.0602
.0597
.0593
.0588
.0584
.058
.0576
.0571
.0567
.0563
.0559
.0555
.0551
.0548
.0544
.054
.0536
.0533
.0529
.0526
.0522
.0519
.0515
.0512
.0509
.0505
.0502
.0499
