4.4586
3.9982
3.6452
3.3681
3.1016
2.8221
2.5572
2.3671
2.2689
2.2214
2.1905
2.1643
2.14
2.117
2.095
2.0738
2.053
2.0322
2.011
1.9891
1.9664
1.9424
1.9171
1.8903
1.8617
1.8312
1.7985
1.7634
1.7259
1.6857
1.6427
1.5969
1.5485
1.4976
1.4446
1.3901
1.3345
1.2786
1.2228
1.1678
1.1141
1.062
1.0119
.964
.9184
.8751
.8342
.7957
.7593
.7252
.6931
.663
.6347
.6082
.5832
.5598
.5378
.5171
.4976
.4793
.4621
.4458
.4304
.4159
.4022
.3892
.3769
.3652
.3541
.3436
.3337
.3242
.3151
.3065
.2983
.2904
.283
.2758
.269
.2624
.2561
.2501
.2444
.2388
.2335
.2284
.2235
.2188
.2142
.2098
.2056
.2015
.1976
.1938
.1902
.1866
.1832
.1799
.1767
.1736
.1706
.1677
.1649
.1621
.1595
.1569
.1544
.152
.1496
.1474
.1451
.143
.1409
.1388
.1368
.1349
.133
.1312
.1294
.1276
.1259
.1242
.1226
.121
.1195
.118
.1165
.1151
.1136
.1123
.1109
.1096
.1083
.1071
.1058
.1046
.1035
.1023
.1012
.1001
.099
.0979
.0969
.0959
.0949
.0939
.0929
.092
.091
.0901
.0892
.0884
.0875
.0867
.0858
.085
.0842
.0834
.0827
.0819
.0812
.0804
.0797
.079
.0783
.0776
.077
.0763
.0756
.075
.0744
.0738
.0731
.0725
.072
.0714
.0708
.0702
.0697
.0691
.0686
.0681
.0675
.067
.0665
.066
.0655
.065
.0645
.0641
.0636
.0631
.0627
.0622
.0618
.0614
.0609
.0605
.0601
.0597
.0593
.0589
.0585
.0581
.0577
.0573
.0569
.0566
.0562
.0558
.0555
.0551
.0548
.0544
.0541
.0537
.0534
.0531
.0528
.0524
.0521
.0518
.0515
.0512
.0509
.0506
.0503
.05
