4.7783
4.286
3.7837
3.3885
3.0794
2.8173
2.5903
2.4039
2.2691
2.1859
2.1386
2.1087
2.0849
2.0625
2.0401
2.0175
1.995
1.9727
1.9507
1.9289
1.9072
1.8853
1.8627
1.839
1.8139
1.7865
1.7564
1.7227
1.6845
1.6409
1.591
1.5343
1.4708
1.4011
1.3266
1.2495
1.1719
1.0959
1.0231
.9543
.8903
.831
.7766
.7266
.6809
.6391
.6009
.566
.534
.5047
.4779
.4532
.4305
.4096
.3903
.3724
.3559
.3405
.3263
.313
.3006
.2891
.2783
.2681
.2586
.2497
.2413
.2334
.2259
.2189
.2122
.2059
.1999
.1942
.1888
.1837
.1788
.1741
.1697
.1654
.1614
.1575
.1538
.1503
.1469
.1436
.1405
.1375
.1346
.1318
.1291
.1265
.124
.1216
.1193
.1171
.1149
.1129
.1108
.1089
.107
.1052
.1034
.1017
.1
.0984
.0969
.0954
.0939
.0925
.0911
.0897
.0884
.0871
.0859
.0847
.0835
.0823
.0812
.0801
.0791
.078
.077
.076
.0751
.0741
.0732
.0723
.0714
.0706
.0697
.0689
.0681
.0673
.0666
.0658
.0651
.0644
.0636
.063
.0623
.0616
.061
.0603
.0597
.0591
.0585
.0579
.0573
.0568
.0562
.0557
.0551
.0546
.0541
.0536
.0531
.0526
.0521
.0517
.0512
.0507
.0503
.0498
