4.665
4.1
3.4669
2.9538
2.5921
2.3408
2.1797
2.093
2.0534
2.0355
2.0251
2.0165
2.0075
1.9976
1.9864
1.9742
1.9609
1.9469
1.9323
1.9172
1.9019
1.8863
1.8706
1.8549
1.8391
1.8232
1.807
1.7905
1.7734
1.7555
1.7363
1.7156
1.6929
1.6674
1.6388
1.6062
1.5691
1.527
1.48
1.4282
1.3726
1.3141
1.2543
1.1943
1.1352
1.078
1.023
.9707
.9211
.8744
.8305
.7893
.7507
.7146
.6809
.6494
.6199
.5924
.5666
.5425
.52
.4988
.479
.4604
.4429
.4265
.411
.3965
.3827
.3697
.3575
.3459
.3349
.3245
.3146
.3053
.2964
.2879
.2798
.2721
.2648
.2578
.2512
.2448
.2387
.2329
.2273
.2219
.2168
.2118
.2071
.2025
.1982
.1939
.1899
.186
.1822
.1786
.1751
.1717
.1684
.1653
.1622
.1593
.1564
.1537
.151
.1484
.1459
.1435
.1411
.1388
.1366
.1344
.1323
.1303
.1283
.1264
.1245
.1227
.1209
.1192
.1175
.1158
.1142
.1127
.1112
.1097
.1082
.1068
.1054
.1041
.1028
.1015
.1002
.099
.0978
.0966
.0955
.0944
.0933
.0922
.0912
.0901
.0891
.0881
.0872
.0862
.0853
.0844
.0835
.0826
.0818
.0809
.0801
.0793
.0785
.0777
.077
.0762
.0755
.0748
.074
.0733
.0727
.072
.0713
.0707
.07
.0694
.0688
.0682
.0676
.067
.0664
.0658
.0653
.0647
.0642
.0637
.0631
.0626
.0621
.0616
.0611
.0606
.0602
.0597
.0592
.0588
.0583
.0579
.0574
.057
.0566
.0561
.0557
.0553
.0549
.0545
.0541
.0537
.0534
.053
.0526
.0523
.0519
.0515
.0512
.0508
.0505
.0502
.0498
