4.7066
4.2417
3.8581
3.5943
3.3878
3.1966
3.0052
2.8162
2.649
2.5277
2.4582
2.4234
2.4045
2.391
2.3788
2.3662
2.3527
2.3378
2.3213
2.3029
2.2825
2.2602
2.2362
2.2107
2.1845
2.158
2.1319
2.1069
2.0833
2.0615
2.0415
2.0233
2.0068
1.9919
1.9782
1.9657
1.9541
1.9433
1.9332
1.9236
1.9143
1.9054
1.8966
1.8879
1.8792
1.8703
1.8612
1.8517
1.8417
1.8309
1.8191
1.8061
1.7915
1.7747
1.7554
1.7327
1.7058
1.6737
1.6352
1.5893
1.5348
1.4714
1.3992
1.3197
1.2351
1.1487
1.0634
.982
.9063
.8369
.7741
.7176
.667
.6216
.5808
.5442
.5111
.4813
.4543
.4297
.4073
.3868
.3681
.3508
.335
.3203
.3068
.2942
.2825
.2716
.2615
.252
.2431
.2347
.2269
.2195
.2126
.206
.1998
.194
.1884
.1832
.1782
.1734
.1689
.1646
.1604
.1565
.1528
.1492
.1457
.1424
.1393
.1363
.1334
.1306
.1279
.1253
.1228
.1204
.1181
.1159
.1137
.1117
.1097
.1077
.1058
.104
.1023
.1006
.0989
.0973
.0958
.0943
.0928
.0914
.09
.0887
.0874
.0861
.0849
.0837
.0825
.0814
.0803
.0792
.0782
.0771
.0761
.0752
.0742
.0733
.0724
.0715
.0706
.0698
.069
.0682
.0674
.0666
.0658
.0651
.0644
.0637
.063
.0623
.0616
.061
.0603
.0597
.0591
.0585
.0579
.0573
.0568
.0562
.0557
.0551
.0546
.0541
.0536
.0531
.0526
.0521
.0516
.0512
.0507
.0503
.0498
