4.361
3.9904
3.7455
3.5604
3.3823
3.1817
2.9441
2.6817
2.4522
2.3152
2.2569
2.2325
2.2193
2.2102
2.2029
2.1966
2.191
2.1857
2.1806
2.1757
2.1707
2.1656
2.1604
2.1551
2.1497
2.1441
2.1385
2.1327
2.1268
2.1209
2.1149
2.1089
2.1028
2.0968
2.0909
2.0849
2.079
2.0732
2.0674
2.0616
2.0559
2.0503
2.0447
2.0392
2.0337
2.0283
2.0229
2.0175
2.0122
2.0069
2.0016
1.9963
1.991
1.9857
1.9805
1.9752
1.97
1.9647
1.9594
1.9541
1.9488
1.9435
1.9381
1.9327
1.9273
1.9219
1.9164
1.9108
1.9052
1.8996
1.8939
1.8881
1.8822
1.8763
1.8704
1.8644
1.8583
1.8522
1.8461
1.84
1.8338
1.8276
1.8214
1.8152
1.8091
1.8029
1.7968
1.7907
1.7845
1.7784
1.7723
1.7662
1.7601
1.7539
1.7477
1.7413
1.7349
1.7283
1.7215
1.7144
1.707
1.6993
1.691
1.6822
1.6726
1.662
1.6503
1.6372
1.6221
1.6046
1.584
1.5593
1.5292
1.492
1.4456
1.3877
1.3163
1.2309
1.1339
1.0308
.9288
.834
.7499
.6774
.6154
.5625
.5171
.4779
.4437
.4137
.3872
.3636
.3424
.3233
.3061
.2905
.2763
.2634
.2515
.2406
.2305
.2212
.2126
.2047
.1973
.1904
.1839
.1779
.1723
.167
.162
.1573
.1529
.1487
.1447
.1409
.1374
.134
.1308
.1277
.1248
.122
.1193
.1167
.1143
.1119
.1097
.1075
.1054
.1034
.1015
.0996
.0978
.0961
.0944
.0928
.0913
.0898
.0883
.0869
.0855
.0842
.0829
.0817
.0805
.0793
.0782
.0771
.076
.075
.0739
.073
.072
.071
.0701
.0692
.0684
.0675
.0667
.0659
.0651
.0643
.0636
.0628
.0621
.0614
.0607
.0601
.0594
.0588
.0581
.0575
.0569
.0563
.0557
.0552
.0546
.0541
.0535
.053
.0525
.052
.0515
.051
.0505
.0501
.0496
