4.6315
4.152
3.5463
2.9849
2.6016
2.4007
2.3287
2.3173
2.3231
2.3308
2.3366
2.34
2.3416
2.3415
2.34
2.3373
2.3333
2.3281
2.3216
2.3138
2.3046
2.2942
2.2824
2.2694
2.2554
2.2405
2.2252
2.2095
2.1939
2.1785
2.1636
2.1494
2.136
2.1234
2.1117
2.1009
2.091
2.0818
2.0734
2.0657
2.0586
2.052
2.046
2.0404
2.0352
2.0303
2.0258
2.0216
2.0177
2.014
2.0105
2.0072
2.004
2.001
1.9982
1.9954
1.9928
1.9902
1.9877
1.9852
1.9828
1.9804
1.978
1.9756
1.9732
1.9707
1.9681
1.9655
1.9626
1.9596
1.9564
1.9529
1.949
1.9447
1.9399
1.9344
1.9281
1.9208
1.9123
1.9022
1.8903
1.876
1.859
1.8385
1.814
1.7849
1.7506
1.7108
1.6654
1.615
1.5601
1.502
1.4416
1.3804
1.3193
1.2592
1.2009
1.1447
1.0909
1.0397
.9911
.945
.9014
.8602
.8213
.7847
.7501
.7176
.6869
.658
.6309
.6053
.5813
.5586
.5373
.5173
.4984
.4806
.4638
.4479
.433
.4189
.4055
.3929
.3809
.3696
.3589
.3487
.339
.3298
.321
.3127
.3047
.2972
.2899
.283
.2764
.27
.264
.2581
.2526
.2472
.2421
.2371
.2324
.2278
.2234
.2191
.215
.2111
.2073
.2036
.2
.1966
.1933
.19
.1869
.1839
.181
.1781
.1754
.1727
.1701
.1676
.1651
.1628
.1604
.1582
.156
.1539
.1518
.1498
.1478
.1459
.144
.1422
.1404
.1387
.137
.1353
.1337
.1321
.1306
.129
.1276
.1261
.1247
.1233
.122
.1207
.1194
.1181
.1168
.1156
.1144
.1133
.1121
.111
.1099
.1088
.1078
.1067
.1057
.1047
.1037
.1027
.1018
.1009
.1
.0991
.0982
.0973
.0965
.0956
.0948
.094
.0932
.0924
.0916
.0909
.0901
.0894
.0887
.088
.0873
.0866
.0859
.0852
.0846
.0839
.0833
.0827
.082
.0814
.0808
.0802
.0797
.0791
.0785
.0779
.0774
.0769
.0763
.0758
.0753
.0747
.0742
.0737
.0732
.0727
.0723
.0718
.0713
.0709
.0704
.0699
.0695
.0691
.0686
.0682
.0678
.0673
.0669
.0665
.0661
.0657
.0653
.0649
.0645
.0642
.0638
.0634
.063
.0627
.0623
.062
.0616
.0613
.0609
.0606
.0602
.0599
.0596
.0593
.0589
.0586
.0583
.058
.0577
.0574
.0571
.0568
.0565
.0562
.0559
.0556
.0553
.055
.0547
.0545
.0542
.0539
.0537
.0534
.0531
.0529
.0526
.0524
.0521
.0519
.0516
.0514
.0511
.0509
.0506
.0504
.0502
.0499
