4.1049
3.6587
3.3005
2.9934
2.7184
2.4885
2.329
2.2431
2.204
2.1841
2.1696
2.1554
2.1404
2.1242
2.1071
2.0895
2.0717
2.054
2.0366
2.0197
2.0036
1.9881
1.9735
1.9598
1.9469
1.9348
1.9235
1.913
1.9031
1.8939
1.8852
1.8771
1.8695
1.8622
1.8554
1.849
1.8429
1.8371
1.8315
1.8262
1.8211
1.8162
1.8115
1.807
1.8026
1.7983
1.7942
1.7902
1.7863
1.7825
1.7788
1.7752
1.7716
1.7681
1.7647
1.7613
1.758
1.7546
1.7514
1.7481
1.7449
1.7417
1.7385
1.7352
1.732
1.7288
1.7255
1.7222
1.7189
1.7155
1.712
1.7084
1.7048
1.701
1.6971
1.6929
1.6886
1.684
1.6792
1.6739
1.6682
1.662
1.6552
1.6476
1.639
1.6292
1.6179
1.6047
1.5891
1.5705
1.5479
1.5201
1.4857
1.4429
1.3898
1.3245
1.2464
1.1568
1.0596
.9606
.8655
.7784
.7012
.6339
.5758
.5258
.4828
.4456
.4132
.385
.3602
.3383
.3188
.3014
.2858
.2717
.2589
.2473
.2367
.227
.218
.2098
.2021
.195
.1884
.1822
.1764
.171
.1659
.1612
.1566
.1524
.1484
.1445
.1409
.1375
.1342
.1311
.1281
.1252
.1225
.1199
.1174
.115
.1127
.1105
.1084
.1064
.1044
.1025
.1007
.099
.0973
.0956
.094
.0925
.091
.0896
.0882
.0869
.0856
.0843
.0831
.0819
.0807
.0796
.0785
.0774
.0764
.0754
.0744
.0734
.0725
.0716
.0707
.0698
.069
.0682
.0674
.0666
.0658
.0651
.0643
.0636
.0629
.0622
.0616
.0609
.0603
.0596
.059
.0584
.0578
.0572
.0567
.0561
.0556
.055
.0545
.054
.0535
.053
.0525
.052
.0515
.0511
.0506
.0502
.0497
