4.3742
4.0249
3.8458
3.7346
3.6426
3.5502
3.4468
3.3248
3.179
3.0107
2.8355
2.6853
2.5848
2.5259
2.4861
2.4521
2.4197
2.3878
2.3563
2.3251
2.2942
2.2633
2.2323
2.2009
2.1689
2.1362
2.1025
2.0677
2.0316
1.9938
1.9539
1.9112
1.8647
1.8132
1.7546
1.6866
1.6064
1.5113
1.3998
1.2734
1.1381
1.0037
.8795
.771
.6794
.6033
.5403
.4878
.444
.4069
.3753
.3481
.3245
.3039
.2857
.2696
.2552
.2423
.2306
.22
.2104
.2016
.1935
.1861
.1792
.1729
.167
.1614
.1563
.1515
.147
.1427
.1387
.1349
.1314
.128
.1248
.1218
.1189
.1161
.1135
.111
.1086
.1063
.1042
.1021
.1001
.0981
.0963
.0945
.0928
.0911
.0896
.088
.0865
.0851
.0837
.0824
.0811
.0799
.0787
.0775
.0763
.0752
.0742
.0731
.0721
.0711
.0702
.0693
.0684
.0675
.0666
.0658
.065
.0642
.0634
.0627
.0619
.0612
.0605
.0598
.0592
.0585
.0579
.0572
.0566
.056
.0554
.0549
.0543
.0538
.0532
.0527
.0522
.0517
.0512
.0507
.0502
.0497
