4.7494
4.2758
3.8995
3.6565
3.4662
3.2816
3.0877
2.8874
2.6926
2.5162
2.3679
2.2531
2.1722
2.1195
2.0865
2.0654
2.0509
2.0399
2.0307
2.0226
2.0151
2.0081
2.0013
1.9948
1.9885
1.9824
1.9764
1.9706
1.965
1.9595
1.9542
1.949
1.944
1.9391
1.9343
1.9297
1.9253
1.921
1.9168
1.9128
1.9089
1.9051
1.9015
1.898
1.8946
1.8914
1.8882
1.8852
1.8823
1.8795
1.8768
1.8742
1.8717
1.8693
1.8669
1.8647
1.8625
1.8604
1.8583
1.8563
1.8544
1.8526
1.8508
1.849
1.8473
1.8457
1.8441
1.8426
1.8411
1.8396
1.8382
1.8369
1.8355
1.8342
1.833
1.8317
1.8305
1.8294
1.8282
1.8271
1.8261
1.825
1.824
1.823
1.822
1.821
1.8201
1.8192
1.8183
1.8174
1.8166
1.8157
1.8149
1.8141
1.8133
1.8126
1.8118
1.8111
1.8103
1.8096
1.8089
1.8082
1.8076
1.8069
1.8063
1.8056
1.805
1.8044
1.8037
1.8031
1.8025
1.802
1.8014
1.8008
1.8003
1.7997
1.7991
1.7986
1.7981
1.7975
1.797
1.7965
1.796
1.7955
1.795
1.7945
1.794
1.7935
1.793
1.7925
1.792
1.7916
1.7911
1.7906
1.7901
1.7897
1.7892
1.7887
1.7883
1.7878
1.7873
1.7869
1.7864
1.7859
1.7855
1.785
1.7845
1.7841
1.7836
1.7831
1.7827
1.7822
1.7817
1.7812
1.7807
1.7802
1.7798
1.7793
1.7788
1.7782
1.7777
1.7772
1.7767
1.7761
1.7756
1.775
1.7745
1.7739
1.7733
1.7727
1.7721
1.7715
1.7709
1.7702
1.7696
1.7689
1.7682
1.7675
1.7667
1.766
1.7652
1.7644
1.7636
1.7627
1.7618
1.7609
1.7599
1.7589
1.7579
1.7568
1.7557
1.7545
1.7533
1.752
1.7507
1.7492
1.7477
1.7461
1.7445
1.7427
1.7408
1.7388
1.7366
1.7343
1.7318
1.7292
1.7263
1.7232
1.7197
1.716
1.7119
1.7074
1.7025
1.6969
1.6907
1.6837
1.6758
1.6667
1.6562
1.644
1.6297
1.6128
1.5924
1.5675
1.5369
1.4987
1.4506
1.3895
1.3125
1.2175
1.1055
.9824
.859
.7457
.6487
.5689
.504
.4511
.4075
.3713
.3408
.3149
.2925
.2732
.2563
.2414
.2281
.2163
.2057
.1961
.1875
.1796
.1723
.1657
.1596
.1539
.1487
.1438
.1392
.135
.131
.1273
.1237
.1204
.1173
.1143
.1115
.1089
.1063
.1039
.1016
.0994
.0973
.0953
.0934
.0916
.0898
.0881
.0865
.085
.0835
.082
.0806
.0793
.078
.0767
.0755
.0743
.0732
.0721
.071
.07
.069
.068
.0671
.0662
.0653
.0644
.0636
.0627
.0619
.0612
.0604
.0597
.0589
.0582
.0576
.0569
.0562
.0556
.055
.0544
.0538
.0532
.0526
.0521
.0515
.051
.0505
.05
