4.2872
3.7733
3.299
2.8631
2.4974
2.2949
2.2331
2.2127
2.1971
2.1808
2.1639
2.1467
2.1296
2.1127
2.0961
2.0797
2.0637
2.0478
2.0321
2.0165
2.0008
1.985
1.969
1.9526
1.9358
1.9185
1.9004
1.8814
1.8614
1.84
1.817
1.792
1.7646
1.7342
1.7001
1.6617
1.6181
1.5685
1.5124
1.4495
1.3802
1.3059
1.2283
1.1499
1.073
.9997
.9311
.868
.8104
.7582
.7109
.6681
.6294
.5943
.5622
.533
.5063
.4818
.4592
.4384
.4191
.4013
.3847
.3693
.3549
.3415
.329
.3172
.3062
.2958
.286
.2768
.2681
.2599
.2522
.2448
.2379
.2312
.2249
.219
.2133
.2078
.2027
.1977
.193
.1884
.1841
.18
.176
.1722
.1685
.165
.1616
.1583
.1552
.1521
.1492
.1464
.1437
.1411
.1385
.1361
.1337
.1314
.1292
.127
.1249
.1229
.121
.1191
.1172
.1154
.1137
.112
.1103
.1087
.1072
.1056
.1042
.1027
.1013
.1
.0986
.0973
.0961
.0948
.0936
.0924
.0913
.0902
.0891
.088
.087
.0859
.0849
.084
.083
.0821
.0811
.0802
.0794
.0785
.0777
.0768
.076
.0752
.0745
.0737
.0729
.0722
.0715
.0708
.0701
.0694
.0687
.0681
.0674
.0668
.0662
.0656
.065
.0644
.0638
.0632
.0627
.0621
.0616
.0611
.0605
.06
.0595
.059
.0585
.058
.0576
.0571
.0566
.0562
.0557
.0553
.0549
.0544
.054
.0536
.0532
.0528
.0524
.052
.0516
.0512
.0509
.0505
.0501
.0498
