4.9947
4.5507
3.9947
3.4136
2.8232
2.3328
2.1429
2.1079
2.094
2.0828
2.073
2.0644
2.057
2.0506
2.045
2.0402
2.036
2.0324
2.0292
2.0265
2.024
2.0219
2.0201
2.0185
2.0171
2.0159
2.0149
2.014
2.0132
2.0125
2.012
2.0115
2.0111
2.0108
2.0106
2.0104
2.0103
2.0103
2.0102
2.0103
2.0103
2.0104
2.0106
2.0107
2.0108
2.011
2.0112
2.0113
2.0114
2.0115
2.0116
2.0115
2.0114
2.0112
2.0109
2.0104
2.0097
2.0088
2.0077
2.0063
2.0045
2.0024
1.9998
1.9969
1.9935
1.9897
1.9853
1.9806
1.9754
1.9697
1.9637
1.9573
1.9505
1.9435
1.9362
1.9288
1.9212
1.9135
1.9059
1.8984
1.8911
1.884
1.8771
1.8706
1.8644
1.8586
1.8532
1.8481
1.8434
1.839
1.8348
1.831
1.8274
1.8241
1.8209
1.818
1.8152
1.8126
1.8101
1.8078
1.8056
1.8035
1.8015
1.7996
1.7978
1.796
1.7943
1.7927
1.7912
1.7897
1.7882
1.7868
1.7855
1.7842
1.7829
1.7817
1.7805
1.7793
1.7781
1.777
1.7759
1.7748
1.7737
1.7727
1.7717
1.7706
1.7696
1.7686
1.7676
1.7666
1.7656
1.7646
1.7636
1.7626
1.7617
1.7606
1.7596
1.7586
1.7576
1.7565
1.7554
1.7544
1.7532
1.7521
1.7509
1.7497
1.7484
1.7471
1.7458
1.7444
1.7429
1.7413
1.7397
1.738
1.7361
1.7342
1.7321
1.7298
1.7274
1.7248
1.722
1.7188
1.7154
1.7116
1.7074
1.7027
1.6974
1.6913
1.6844
1.6764
1.6671
1.6561
1.6431
1.6274
1.6083
1.5848
1.5555
1.5187
1.4721
1.4131
1.3391
1.2485
1.1425
1.0264
.9086
.7982
.701
.619
.5509
.4947
.448
.4088
.3755
.347
.3223
.3007
.2818
.2651
.2501
.2368
.2247
.2138
.2039
.1949
.1866
.179
.172
.1656
.1595
.154
.1487
.1439
.1393
.135
.131
.1272
.1237
.1203
.1171
.1141
.1112
.1084
.1058
.1034
.101
.0987
.0966
.0945
.0925
.0906
.0888
.0871
.0854
.0838
.0822
.0807
.0793
.0779
.0765
.0752
.074
.0727
.0716
.0704
.0693
.0683
.0672
.0662
.0652
.0643
.0634
.0625
.0616
.0608
.0599
.0591
.0584
.0576
.0569
.0561
.0554
.0547
.0541
.0534
.0528
.0522
.0516
.051
.0504
.0498
