4.8468
4.355
3.7562
3.1866
2.6992
2.3485
2.1905
2.1499
2.142
2.1403
2.1394
2.1383
2.1369
2.1351
2.1329
2.1304
2.1276
2.1244
2.1209
2.117
2.1129
2.1085
2.1039
2.0991
2.0941
2.089
2.0839
2.0788
2.0737
2.0687
2.0638
2.0591
2.0546
2.0503
2.0462
2.0423
2.0386
2.0351
2.0319
2.0288
2.0258
2.0231
2.0205
2.018
2.0156
2.0134
2.0113
2.0092
2.0073
2.0054
2.0036
2.0019
2.0002
1.9986
1.997
1.9955
1.9941
1.9926
1.9912
1.9899
1.9886
1.9873
1.986
1.9848
1.9836
1.9824
1.9813
1.9802
1.979
1.978
1.9769
1.9758
1.9748
1.9738
1.9727
1.9718
1.9708
1.9698
1.9688
1.9679
1.967
1.966
1.9651
1.9642
1.9633
1.9624
1.9616
1.9607
1.9598
1.959
1.9581
1.9573
1.9564
1.9556
1.9548
1.954
1.9532
1.9523
1.9515
1.9507
1.95
1.9492
1.9484
1.9476
1.9468
1.9461
1.9453
1.9445
1.9438
1.943
1.9423
1.9415
1.9408
1.9401
1.9393
1.9386
1.9379
1.9371
1.9364
1.9357
1.935
1.9343
1.9336
1.9329
1.9322
1.9315
1.9308
1.9301
1.9294
1.9287
1.928
1.9273
1.9266
1.9259
1.9252
1.9246
1.9239
1.9232
1.9225
1.9219
1.9212
1.9205
1.9199
1.9192
1.9185
1.9179
1.9172
1.9166
1.9159
1.9152
1.9146
1.9139
1.9133
1.9126
1.912
1.9113
1.9107
1.91
1.9094
1.9087
1.9081
1.9074
1.9068
1.9061
1.9055
1.9048
1.9042
1.9035
1.9029
1.9022
1.9016
1.9009
1.9003
1.8996
1.899
1.8983
1.8977
1.897
1.8964
1.8957
1.895
1.8944
1.8937
1.893
1.8924
1.8917
1.891
1.8904
1.8897
1.889
1.8883
1.8876
1.8869
1.8862
1.8855
1.8848
1.8841
1.8834
1.8827
1.882
1.8813
1.8805
1.8798
1.8791
1.8783
1.8776
1.8768
1.8761
1.8753
1.8745
1.8737
1.8729
1.8722
1.8713
1.8705
1.8697
1.8689
1.8681
1.8672
1.8664
1.8655
1.8646
1.8637
1.8628
1.8619
1.861
1.8601
1.8592
1.8582
1.8573
1.8563
1.8553
1.8543
1.8533
1.8523
1.8512
1.8502
1.8491
1.8481
1.847
1.8459
1.8447
1.8436
1.8425
1.8413
1.8401
1.8389
1.8377
1.8365
1.8352
1.834
1.8327
1.8314
1.8301
1.8288
1.8275
1.8261
1.8248
1.8234
1.822
1.8206
1.8192
1.8177
1.8163
1.8148
1.8134
1.8119
1.8104
1.8089
1.8074
1.8059
1.8043
1.8028
1.8013
1.7997
1.7982
1.7966
1.7951
1.7935
1.7919
1.7904
1.7888
1.7873
1.7857
1.7842
1.7826
1.7811
1.7796
1.778
1.7765
1.775
1.7735
1.772
1.7706
1.7691
1.7677
1.7662
1.7648
1.7634
1.762
1.7607
1.7593
1.758
1.7567
1.7554
1.7541
1.7528
1.7516
1.7504
1.7492
1.748
1.7468
1.7457
1.7446
1.7435
1.7424
1.7413
1.7403
1.7393
1.7383
1.7373
1.7364
1.7354
1.7345
1.7336
1.7328
1.7319
1.7311
1.7303
1.7295
1.7287
1.728
1.7273
1.7266
1.7259
1.7252
1.7245
1.7239
1.7233
1.7227
1.7221
1.7216
1.721
1.7205
1.72
1.7195
1.719
1.7185
1.7181
1.7177
1.7173
1.7169
1.7165
1.7161
1.7157
1.7154
1.7151
1.7147
1.7144
1.7142
1.7139
1.7136
1.7134
1.7131
1.7129
1.7127
1.7124
1.7123
1.7121
1.7119
1.7117
1.7115
1.7114
1.7113
1.7111
1.711
1.7109
1.7107
1.7108
1.7103
1.711
1.7093
1.7127
1.7051
1.7218
1.6853
