4.6531
4.1506
3.6292
3.2127
2.8914
2.6286
2.4183
2.2692
2.1798
2.1322
2.1069
2.0916
2.0806
2.0712
2.0625
2.054
2.0455
2.0371
2.0288
2.0205
2.0122
2.0041
1.9961
1.9883
1.9806
1.973
1.9657
1.9585
1.9515
1.9448
1.9382
1.9318
1.9255
1.9195
1.9136
1.908
1.9024
1.897
1.8918
1.8867
1.8818
1.8769
1.8722
1.8676
1.8631
1.8586
1.8543
1.85
1.8457
1.8415
1.8374
1.8332
1.8291
1.8249
1.8207
1.8164
1.8121
1.8077
1.8031
1.7984
1.7935
1.7883
1.7828
1.7769
1.7706
1.7637
1.7561
1.7476
1.7381
1.7274
1.7151
1.701
1.6846
1.6656
1.6435
1.618
1.5887
1.5556
1.5187
1.4784
1.4355
1.3906
1.3447
1.2985
1.2527
1.2079
1.1642
1.122
1.0814
1.0425
1.0052
.9696
.9356
.9032
.8723
.8428
.8147
.7879
.7623
.738
.7147
.6925
.6713
.6511
.6317
.6132
.5956
.5786
.5624
.5469
.532
.5178
.5041
.4909
.4783
.4662
.4545
.4433
.4325
.4222
.4121
.4025
.3932
.3842
.3755
.3671
.3589
.3511
.3435
.3361
.3289
.322
.3152
.3087
.3023
.2961
.2901
.2842
.2785
.2729
.2675
.2622
.257
.2519
.2469
.2421
.2373
.2326
.2281
.2236
.2192
.2148
.2106
.2064
.2023
.1983
.1944
.1905
.1866
.1829
.1792
.1756
.172
.1685
.1651
.1617
.1584
.1551
.1519
.1488
.1457
.1427
.1397
.1368
.134
.1312
.1285
.1259
.1233
.1208
.1183
.1159
.1135
.1113
.109
.1068
.1047
.1027
.1006
.0987
.0968
.0949
.0931
.0914
.0897
.088
.0864
.0848
.0833
.0818
.0803
.0789
.0776
.0762
.0749
.0737
.0725
.0713
.0701
.069
.0679
.0668
.0658
.0647
.0638
.0628
.0619
.0609
.06
.0592
.0583
.0575
.0567
.0559
.0552
.0544
.0537
.053
.0523
.0516
.0509
.0503
.0496
