4.1413
3.7061
3.3791
3.0915
2.8098
2.5598
2.3978
2.3264
2.2974
2.2802
2.2657
2.2519
2.2384
2.2251
2.2122
2.1995
2.1873
2.1755
2.1642
2.1532
2.1426
2.1324
2.1225
2.1129
2.1035
2.0944
2.0853
2.0764
2.0675
2.0588
2.05
2.0413
2.0326
2.0239
2.0151
2.0063
1.9974
1.9885
1.9795
1.9704
1.9613
1.952
1.9426
1.933
1.9233
1.9133
1.9032
1.8927
1.8818
1.8706
1.8587
1.8462
1.8329
1.8185
1.8028
1.7854
1.766
1.744
1.7187
1.6893
1.6547
1.6137
1.5651
1.5077
1.4408
1.3647
1.2813
1.1937
1.1059
1.0215
.9432
.8722
.8087
.7524
.7022
.6575
.6175
.5815
.549
.5194
.4925
.4678
.4452
.4243
.4051
.3873
.3707
.3554
.3411
.3278
.3153
.3037
.2928
.2825
.2729
.2639
.2553
.2473
.2397
.2325
.2257
.2192
.2131
.2073
.2017
.1965
.1914
.1866
.182
.1777
.1735
.1695
.1656
.1619
.1584
.155
.1517
.1486
.1456
.1427
.1399
.1372
.1346
.132
.1296
.1273
.125
.1228
.1207
.1186
.1166
.1147
.1128
.111
.1093
.1076
.1059
.1043
.1027
.1012
.0997
.0983
.0969
.0955
.0942
.0929
.0916
.0904
.0892
.088
.0869
.0858
.0847
.0836
.0826
.0816
.0806
.0797
.0787
.0778
.0769
.076
.0751
.0743
.0735
.0727
.0719
.0711
.0703
.0696
.0689
.0681
.0674
.0668
.0661
.0654
.0648
.0641
.0635
.0629
.0623
.0617
.0611
.0606
.06
.0595
.0589
.0584
.0579
.0573
.0568
.0563
.0559
.0554
.0549
.0544
.054
.0535
.0531
.0527
.0522
.0518
.0514
.051
.0506
.0502
.0498
