4.418
4.0347
3.7656
3.5617
3.3738
3.1746
2.9505
2.707
2.4824
2.3317
2.2615
2.2342
2.2222
2.2151
2.2098
2.2053
2.2011
2.197
2.193
2.1889
2.1847
2.1803
2.1756
2.1708
2.1657
2.1604
2.1547
2.1488
2.1425
2.1358
2.1286
2.1209
2.1126
2.1034
2.0932
2.0818
2.0687
2.0535
2.0355
2.0138
1.9871
1.9537
1.9113
1.8567
1.7868
1.6991
1.5936
1.4753
1.3534
1.2372
1.1322
1.0398
.9596
.8899
.8291
.7758
.7287
.6868
.6493
.6155
.5849
.557
.5314
.5079
.4861
.466
.4472
.4298
.4134
.3981
.3837
.3702
.3574
.3454
.334
.3232
.313
.3033
.2941
.2853
.277
.2691
.2615
.2543
.2475
.2409
.2346
.2286
.2229
.2174
.2121
.207
.2022
.1975
.193
.1887
.1846
.1806
.1767
.173
.1695
.166
.1627
.1595
.1564
.1534
.1505
.1477
.145
.1423
.1398
.1373
.1349
.1326
.1303
.1281
.126
.124
.1219
.12
.1181
.1162
.1144
.1127
.111
.1093
.1077
.1061
.1046
.1031
.1016
.1002
.0988
.0974
.0961
.0948
.0935
.0923
.0911
.0899
.0887
.0876
.0865
.0854
.0843
.0833
.0823
.0813
.0803
.0793
.0784
.0775
.0766
.0757
.0748
.0739
.0731
.0723
.0715
.0707
.0699
.0691
.0684
.0677
.0669
.0662
.0655
.0648
.0642
.0635
.0628
.0622
.0616
.061
.0603
.0597
.0592
.0586
.058
.0574
.0569
.0563
.0558
.0553
.0548
.0542
.0537
.0532
.0527
.0523
.0518
.0513
.0509
.0504
.05
