4.4589
4.1079
3.8662
3.682
3.5072
3.3125
3.0808
2.8196
2.5869
2.4553
2.4049
2.3787
2.3557
2.3327
2.3102
2.2885
2.2681
2.2489
2.231
2.2142
2.1984
2.1836
2.1696
2.1563
2.1438
2.1319
2.1207
2.11
2.0999
2.0903
2.0811
2.0724
2.0641
2.0561
2.0485
2.0412
2.0342
2.0275
2.021
2.0147
2.0086
2.0027
1.997
1.9913
1.9858
1.9804
1.975
1.9696
1.9642
1.9589
1.9535
1.9481
1.9426
1.9371
1.9316
1.9261
1.9206
1.915
1.9095
1.904
1.8986
1.8932
1.8879
1.8827
1.8775
1.8725
1.8675
1.8626
1.8578
1.8531
1.8485
1.8438
1.8393
1.8347
1.8301
1.8254
1.8207
1.8158
1.8108
1.8055
1.8
1.7941
1.7878
1.7809
1.7734
1.7651
1.7557
1.745
1.7328
1.7185
1.7017
1.6815
1.6571
1.6272
1.5898
1.5429
1.4834
1.408
1.3142
1.2017
1.0753
.9456
.8243
.7191
.6317
.56
.5011
.4522
.4113
.3766
.3469
.3211
.2987
.279
.2615
.246
.2322
.2198
.2086
.1984
.1892
.1808
.1731
.166
.1595
.1535
.1479
.1428
.138
.1335
.1293
.1254
.1218
.1183
.1151
.1121
.1092
.1065
.1039
.1014
.0991
.0969
.0948
.0928
.0909
.0891
.0873
.0857
.0841
.0825
.0811
.0796
.0783
.077
.0757
.0745
.0733
.0722
.0711
.0701
.0691
.0681
.0671
.0662
.0653
.0645
.0636
.0628
.062
.0612
.0605
.0598
.0591
.0584
.0577
.0571
.0564
.0558
.0552
.0546
.054
.0535
.0529
.0524
.0519
.0514
.0509
.0504
.0499
