4.423
3.8275
3.1531
2.5527
2.24
2.1843
2.1757
2.1625
2.1445
2.1238
2.1021
2.0801
2.0582
2.0368
2.0159
1.9958
1.9765
1.9579
1.9399
1.9226
1.9058
1.8894
1.8732
1.8572
1.8413
1.8253
1.809
1.7922
1.7749
1.7567
1.7374
1.7166
1.6941
1.6693
1.6417
1.6107
1.5755
1.5354
1.4897
1.4378
1.3797
1.3159
1.2475
1.1765
1.1052
1.0358
.9699
.9087
.8525
.8014
.7549
.7127
.6743
.6392
.607
.5774
.5501
.5248
.5014
.4795
.4591
.4401
.4222
.4055
.3898
.3751
.3613
.3483
.336
.3245
.3136
.3033
.2936
.2843
.2756
.2674
.2595
.2521
.245
.2382
.2318
.2257
.2199
.2143
.209
.2039
.199
.1943
.1899
.1856
.1814
.1775
.1737
.17
.1665
.1631
.1598
.1567
.1537
.1507
.1479
.1452
.1425
.14
.1375
.1351
.1328
.1305
.1284
.1262
.1242
.1222
.1203
.1184
.1166
.1148
.1131
.1114
.1098
.1082
.1067
.1052
.1037
.1023
.1009
.0996
.0983
.097
.0957
.0945
.0933
.0921
.091
.0899
.0888
.0877
.0867
.0857
.0847
.0837
.0828
.0818
.0809
.08
.0792
.0783
.0775
.0766
.0758
.0751
.0743
.0735
.0728
.072
.0713
.0706
.0699
.0693
.0686
.068
.0673
.0667
.0661
.0655
.0649
.0643
.0637
.0631
.0626
.062
.0615
.061
.0605
.0599
.0594
.0589
.0585
.058
.0575
.057
.0566
.0561
.0557
.0553
.0548
.0544
.054
.0536
.0532
.0528
.0524
.052
.0516
.0512
.0509
.0505
.0501
.0498
