4.3114
3.6982
3.0564
2.4781
2.2061
2.1717
2.1684
2.1639
2.1579
2.1516
2.1452
2.1392
2.1335
2.1282
2.1232
2.1186
2.1142
2.1101
2.1062
2.1026
2.0992
2.096
2.0931
2.0902
2.0876
2.0851
2.0828
2.0806
2.0785
2.0766
2.0748
2.0731
2.0714
2.0699
2.0685
2.0671
2.0659
2.0647
2.0636
2.0625
2.0615
2.0605
2.0597
2.0588
2.058
2.0573
2.0566
2.0559
2.0553
2.0547
2.0542
2.0536
2.0531
2.0527
2.0522
2.0518
2.0514
2.0511
2.0507
2.0504
2.0501
2.0498
2.0495
2.0492
2.0489
2.0487
2.0484
2.0481
2.0478
2.0475
2.0472
2.0468
2.0464
2.046
2.0455
2.0448
2.0441
2.0432
2.0421
2.0408
2.0392
2.0372
2.0347
2.0315
2.0275
2.0224
2.0158
2.0075
1.9966
1.9826
1.9644
1.9409
1.9105
1.8716
1.8227
1.7622
1.6894
1.6045
1.5093
1.4067
1.3005
1.195
1.0935
.9988
.912
.8336
.7634
.7008
.6452
.5959
.552
.513
.4781
.447
.419
.3938
.3712
.3506
.3319
.3149
.2994
.2852
.2721
.2601
.249
.2387
.2291
.2202
.212
.2042
.197
.1902
.1839
.1779
.1723
.167
.162
.1572
.1527
.1485
.1444
.1406
.1369
.1334
.1301
.127
.1239
.121
.1183
.1156
.1131
.1106
.1083
.106
.1039
.1018
.0998
.0978
.096
.0942
.0924
.0908
.0891
.0876
.0861
.0846
.0832
.0818
.0805
.0792
.0779
.0767
.0755
.0744
.0733
.0722
.0712
.0701
.0691
.0682
.0672
.0663
.0654
.0645
.0637
.0629
.0621
.0613
.0605
.0598
.059
.0583
.0576
.0569
.0563
.0556
.055
.0543
.0537
.0531
.0525
.052
.0514
.0508
.0503
.0498
