5.0249
4.6574
4.1448
3.5769
3.0841
2.6919
2.387
2.1778
2.0617
2.0056
1.9769
1.9593
1.9463
1.9353
1.9251
1.9153
1.9057
1.8959
1.8861
1.8761
1.866
1.8557
1.8452
1.8345
1.8236
1.8125
1.8011
1.7893
1.7771
1.7645
1.7512
1.7372
1.7223
1.7063
1.6889
1.6698
1.6487
1.6252
1.5988
1.569
1.5356
1.4982
1.4567
1.4114
1.3629
1.3118
1.2592
1.2062
1.1535
1.102
1.0522
1.0044
.9589
.9158
.8751
.8367
.8005
.7664
.7344
.7042
.6759
.6491
.624
.6002
.5778
.5567
.5368
.5179
.5001
.4832
.4672
.4521
.4377
.4241
.4111
.3988
.3871
.376
.3653
.3552
.3456
.3364
.3276
.3191
.3111
.3034
.296
.2889
.2822
.2757
.2694
.2634
.2576
.2521
.2467
.2416
.2366
.2319
.2272
.2228
.2185
.2144
.2104
.2065
.2027
.1991
.1956
.1922
.1889
.1857
.1826
.1796
.1767
.1739
.1711
.1684
.1658
.1633
.1609
.1585
.1562
.1539
.1517
.1496
.1475
.1454
.1434
.1415
.1396
.1378
.136
.1342
.1325
.1309
.1292
.1276
.1261
.1245
.1231
.1216
.1202
.1188
.1174
.1161
.1148
.1135
.1122
.111
.1098
.1086
.1075
.1063
.1052
.1041
.1031
.102
.101
.1
.099
.098
.0971
.0961
.0952
.0943
.0934
.0926
.0917
.0909
.09
.0892
.0884
.0876
.0869
.0861
.0854
.0846
.0839
.0832
.0825
.0818
.0811
.0805
.0798
.0791
.0785
.0779
.0773
.0767
.0761
.0755
.0749
.0743
.0737
.0732
.0726
.0721
.0716
.071
.0705
.07
.0695
.069
.0685
.068
.0675
.0671
.0666
.0661
.0657
.0652
.0648
.0644
.0639
.0635
.0631
.0627
.0623
.0619
.0615
.0611
.0607
.0603
.0599
.0595
.0592
.0588
.0584
.0581
.0577
.0574
.057
.0567
.0564
.056
.0557
.0554
.055
.0547
.0544
.0541
.0538
.0535
.0532
.0529
.0526
.0523
.052
.0517
.0514
.0512
.0509
.0506
.0503
.0501
.0498
