4.0363
3.7303
3.4922
3.279
3.0692
2.8653
2.6942
2.5855
2.5356
2.5148
2.5023
2.4909
2.4789
2.4662
2.453
2.4395
2.426
2.4125
2.3993
2.3865
2.374
2.3621
2.3508
2.34
2.3297
2.3198
2.3101
2.3004
2.2902
2.2791
2.2663
2.2511
2.2319
2.207
2.1736
2.1278
2.0644
1.9769
1.8606
1.7165
1.5555
1.3945
1.2469
1.1183
1.0092
.9176
.8409
.7764
.722
.6758
.6362
.602
.5724
.5464
.5235
.5032
.485
.4687
.454
.4407
.4286
.4175
.4073
.3979
.3892
.3811
.3736
.3666
.3601
.354
.3482
.3427
.3376
.3328
.3282
.3238
.3196
.3157
.3119
.3083
.3048
.3015
.2984
.2953
.2924
.2896
.2869
.2843
.2817
.2793
.2769
.2746
.2724
.2702
.2681
.2661
.2641
.2622
.2603
.2584
.2566
.2549
.2531
.2515
.2498
.2482
.2466
.245
.2435
.242
.2405
.239
.2376
.2361
.2347
.2333
.2319
.2306
.2292
.2279
.2265
.2252
.2239
.2226
.2213
.22
.2187
.2174
.2161
.2148
.2135
.2122
.2109
.2097
.2084
.2071
.2058
.2045
.2032
.2019
.2005
.1992
.1979
.1965
.1952
.1938
.1925
.1911
.1897
.1883
.1869
.1855
.1841
.1827
.1812
.1798
.1783
.1769
.1754
.1739
.1724
.1709
.1694
.1679
.1664
.1648
.1633
.1618
.1603
.1587
.1572
.1557
.1542
.1526
.1511
.1496
.1481
.1466
.1452
.1437
.1422
.1408
.1393
.1379
.1365
.1351
.1338
.1324
.1311
.1298
.1285
.1272
.1259
.1247
.1235
.1223
.1211
.1199
.1188
.1176
.1165
.1154
.1144
.1133
.1123
.1113
.1103
.1093
.1084
.1074
.1065
.1056
.1047
.1038
.103
.1021
.1013
.1005
.0997
.0989
.0981
.0974
.0966
.0959
.0952
.0945
.0938
.0931
.0924
.0917
.0911
.0904
.0898
.0892
.0886
.0879
.0874
.0868
.0862
.0856
.085
.0845
.0839
.0834
.0829
.0823
.0818
.0813
.0808
.0803
.0798
.0793
.0789
.0784
.0779
.0775
.077
.0766
.0761
.0757
.0752
.0748
.0744
.074
.0736
.0731
.0727
.0723
.0719
.0716
.0712
.0708
.0704
.07
.0697
.0693
.0689
.0686
.0682
.0679
.0675
.0672
.0668
.0665
.0662
.0658
.0655
.0652
.0649
.0646
.0642
.0639
.0636
.0633
.063
.0627
.0624
.0621
.0618
.0615
.0613
.061
.0607
.0604
.0601
.0599
.0596
.0593
.0591
.0588
.0585
.0583
.058
.0578
.0575
.0573
.057
.0568
.0565
.0563
.056
.0558
.0556
.0553
.0551
.0549
.0546
.0544
.0542
.0539
.0537
.0535
.0533
.0531
.0529
.0526
.0524
.0522
.052
.0518
.0516
.0514
.0512
.051
.0508
.0506
.0504
.0502
.05
.0498
