4.2852
3.7868
3.3127
2.8734
2.5006
2.2746
2.1935
2.1705
2.1591
2.1485
2.1371
2.1248
2.112
2.0988
2.0853
2.0717
2.058
2.0442
2.0303
2.0164
2.0024
1.9883
1.9741
1.9599
1.9457
1.9314
1.9172
1.9029
1.8887
1.8746
1.8607
1.8468
1.8332
1.8198
1.8065
1.7936
1.7808
1.7683
1.7561
1.7441
1.7324
1.7209
1.7096
1.6985
1.6876
1.6769
1.6664
1.656
1.6458
1.6357
1.6256
1.6156
1.6056
1.5957
1.5857
1.5756
1.5654
1.5551
1.5445
1.5336
1.5223
1.5104
1.4979
1.4845
1.4699
1.4539
1.436
1.4158
1.3928
1.3663
1.3356
1.3
1.2591
1.2126
1.1607
1.1042
1.0445
.9833
.9223
.8632
.807
.7545
.706
.6615
.6209
.5839
.5501
.5192
.4909
.4649
.441
.419
.3987
.38
.3626
.3466
.3317
.3178
.305
.293
.2818
.2714
.2617
.2526
.2441
.236
.2285
.2214
.2148
.2085
.2025
.1969
.1915
.1865
.1816
.1771
.1727
.1686
.1646
.1608
.1572
.1537
.1504
.1472
.1442
.1413
.1385
.1357
.1331
.1306
.1282
.1259
.1236
.1215
.1194
.1173
.1154
.1135
.1116
.1099
.1081
.1065
.1048
.1033
.1017
.1002
.0988
.0974
.096
.0947
.0934
.0922
.0909
.0897
.0886
.0874
.0863
.0853
.0842
.0832
.0822
.0812
.0802
.0793
.0784
.0775
.0766
.0758
.0749
.0741
.0733
.0725
.0717
.071
.0703
.0695
.0688
.0681
.0674
.0668
.0661
.0655
.0649
.0642
.0636
.063
.0624
.0619
.0613
.0608
.0602
.0597
.0592
.0586
.0581
.0576
.0571
.0567
.0562
.0557
.0553
.0548
.0544
.0539
.0535
.0531
.0526
.0522
.0518
.0514
.051
.0506
.0503
.0499
