4.7193
4.2357
3.7224
3.2483
2.8158
2.4676
2.2803
2.2217
2.2041
2.1926
2.1807
2.1676
2.1537
2.1393
2.1247
2.11
2.0954
2.0808
2.0664
2.052
2.0376
2.0231
2.0086
1.9941
1.9794
1.9647
1.9499
1.9351
1.9204
1.9058
1.8914
1.8771
1.8632
1.8495
1.8361
1.823
1.8103
1.7979
1.7857
1.7738
1.7621
1.7506
1.7391
1.7276
1.7161
1.7044
1.6923
1.6797
1.6663
1.652
1.6363
1.6189
1.5991
1.5762
1.5495
1.5178
1.48
1.4351
1.3821
1.321
1.2524
1.1784
1.1018
1.0257
.9525
.884
.8209
.7635
.7113
.6642
.6215
.5828
.5477
.5158
.4867
.4601
.4359
.4136
.3932
.3744
.357
.341
.3262
.3124
.2997
.2878
.2767
.2663
.2566
.2475
.239
.231
.2234
.2163
.2096
.2032
.1972
.1915
.1861
.181
.1761
.1715
.1671
.1628
.1588
.155
.1513
.1478
.1444
.1412
.1381
.1351
.1322
.1295
.1268
.1243
.1218
.1195
.1172
.115
.1129
.1108
.1089
.1069
.1051
.1033
.1015
.0999
.0982
.0967
.0951
.0936
.0922
.0908
.0894
.0881
.0868
.0855
.0843
.0831
.082
.0808
.0798
.0787
.0776
.0766
.0756
.0747
.0737
.0728
.0719
.071
.0702
.0693
.0685
.0677
.0669
.0661
.0654
.0647
.0639
.0632
.0625
.0619
.0612
.0606
.0599
.0593
.0587
.0581
.0575
.0569
.0564
.0558
.0553
.0547
.0542
.0537
.0532
.0527
.0522
.0517
.0513
.0508
.0503
.0499
