4.0189
3.6833
3.4031
3.1349
2.8714
2.654
2.5377
2.5014
2.4883
2.476
2.4611
2.444
2.4256
2.4063
2.3865
2.3665
2.3465
2.3266
2.307
2.2877
2.2688
2.2504
2.2325
2.2152
2.1986
2.1826
2.1673
2.1527
2.1387
2.1255
2.1129
2.1009
2.0896
2.0788
2.0685
2.0586
2.0492
2.0401
2.0312
2.0227
2.0143
2.0061
1.998
1.99
1.9821
1.9742
1.9663
1.9584
1.9504
1.9425
1.9345
1.9265
1.9184
1.9104
1.9024
1.8945
1.8865
1.8787
1.8709
1.8633
1.8557
1.8483
1.841
1.8339
1.8269
1.82
1.8133
1.8067
1.8002
1.7939
1.7877
1.7816
1.7756
1.7697
1.7639
1.7582
1.7526
1.747
1.7416
1.7361
1.7308
1.7255
1.7202
1.715
1.7098
1.7047
1.6996
1.6946
1.6896
1.6846
1.6796
1.6747
1.6698
1.665
1.6602
1.6554
1.6506
1.6459
1.6412
1.6366
1.6319
1.6274
1.6228
1.6183
1.6138
1.6094
1.605
1.6007
1.5964
1.5922
1.588
1.5838
1.5797
1.5757
1.5717
1.5677
1.5638
1.56
1.5562
1.5525
1.5488
1.5452
1.5416
1.5381
1.5347
1.5313
1.528
1.5247
1.5215
1.5183
1.5152
1.5122
1.5092
1.5063
1.5034
1.5006
1.4979
1.4952
1.4925
1.49
1.4874
1.485
1.4826
1.4802
1.4779
1.4757
1.4735
1.4714
1.4693
1.4672
1.4653
1.4634
1.4615
1.4597
1.4579
1.4562
1.4545
1.4529
1.4513
1.4498
1.4483
1.4469
1.4455
1.4441
1.4429
1.4416
1.4404
1.4392
1.4381
1.437
1.436
1.435
1.4341
1.4331
1.4323
1.4314
1.4306
1.4299
1.4291
1.4284
1.4278
1.4271
1.4265
1.426
1.4254
1.4249
1.4244
1.4239
1.4236
1.4231
1.4228
1.4223
1.4221
1.4216
1.4214
1.421
1.4208
1.4204
1.4203
1.4199
1.4197
1.4194
1.4192
1.4189
1.4186
1.4183
1.4181
1.4177
1.4174
1.4171
1.4167
1.4163
1.4159
1.4154
1.4149
1.4144
1.4138
1.4131
1.4124
1.4117
1.4108
1.4099
1.4089
1.4078
1.4066
1.4052
1.4038
1.4022
1.4005
1.3986
1.3965
1.3943
1.3919
1.3892
1.3863
1.3831
1.3796
1.3757
1.3715
1.3669
1.3619
1.3564
1.3502
1.3435
1.3361
1.3279
1.3187
1.3086
1.2973
1.2847
1.2705
1.2547
1.2368
1.2166
1.1938
1.1681
1.1392
1.107
1.0718
1.0348
.9984
.9667
.9451
.9396
.9542
.9879
1.0247
1.0122
.8628
.6351
.5703
.6435
.7829
1.1335
1.8549
1.1572
.6503
.5221
.4989
.4736
.4817
.4694
.4701
.4649
.4605
.4551
.4491
.4427
.436
.4292
.4224
.4157
.4091
.4027
.3964
.3903
.3845
.3788
.3733
.368
.3629
.3579
.3532
.3486
.3441
.3398
.3357
.3317
.3278
.324
.3204
.3168
.3134
.3101
.3069
.3037
.3007
.2977
.2948
.292
.2892
.2865
.2839
.2814
.2788
.2764
.274
.2716
.2693
.267
.2648
.2625
.2604
.2582
.2561
.254
.2519
.2498
.2478
.2458
.2437
.2417
.2397
.2377
.2357
.2337
.2317
.2297
.2277
.2257
.2236
.2216
.2195
.2174
.2153
.2131
.211
.2088
.2065
.2043
.202
.1996
.1973
.1948
.1924
.1899
.1873
.1847
.182
.1793
.1766
.1738
.1709
.168
.1651
.1621
.1591
.1561
.1531
.15
.1469
.1439
.1408
.1377
.1347
.1317
.1287
.1257
.1228
.12
.1172
.1145
.1118
.1092
.1067
.1043
.1019
.0996
.0974
.0952
.0931
.0911
.0892
.0873
.0855
.0838
.0821
.0805
.0789
.0774
.0759
.0745
.0732
.0719
.0706
.0694
.0682
.067
.0659
.0648
.0638
.0628
.0618
.0608
.0599
.059
.0581
.0573
.0565
.0557
.0549
.0541
.0534
.0527
.052
.0513
.0507
.05
.0494
