4.889
4.5241
4.0105
3.3986
2.819
2.4054
2.2304
2.2058
2.2142
2.2212
2.2233
2.2218
2.2177
2.2119
2.205
2.1973
2.1891
2.1804
2.1716
2.1625
2.1533
2.144
2.1348
2.1255
2.1163
2.1072
2.0982
2.0894
2.0808
2.0724
2.0643
2.0564
2.0488
2.0415
2.0344
2.0276
2.021
2.0147
2.0087
2.0028
1.9972
1.9918
1.9866
1.9816
1.9768
1.9721
1.9676
1.9633
1.9591
1.955
1.951
1.9472
1.9434
1.9397
1.9362
1.9327
1.9293
1.9259
1.9226
1.9194
1.9162
1.913
1.9099
1.9068
1.9037
1.9007
1.8976
1.8945
1.8914
1.8883
1.8851
1.8819
1.8786
1.8753
1.8718
1.8683
1.8646
1.8608
1.8567
1.8525
1.848
1.8432
1.838
1.8324
1.8263
1.8196
1.8121
1.8038
1.7943
1.7836
1.7711
1.7567
1.7397
1.7195
1.6955
1.6667
1.632
1.5907
1.5417
1.4849
1.4208
1.351
1.278
1.2048
1.1339
1.0674
1.0064
.951
.9011
.856
.8153
.7782
.7443
.7131
.6842
.6573
.6322
.6087
.5866
.5657
.546
.5274
.5097
.493
.4772
.4621
.4478
.4343
.4214
.4091
.3974
.3863
.3757
.3656
.356
.3468
.338
.3296
.3216
.3139
.3065
.2994
.2926
.2861
.2798
.2738
.268
.2624
.257
.2518
.2468
.242
.2373
.2328
.2284
.2242
.2201
.2162
.2124
.2086
.205
.2015
.1982
.1949
.1917
.1886
.1856
.1826
.1798
.177
.1743
.1717
.1691
.1666
.1642
.1618
.1595
.1573
.1551
.153
.1509
.1488
.1469
.1449
.143
.1412
.1393
.1376
.1358
.1342
.1325
.1309
.1293
.1277
.1262
.1247
.1233
.1219
.1205
.1191
.1177
.1164
.1151
.1139
.1126
.1114
.1102
.1091
.1079
.1068
.1057
.1046
.1035
.1025
.1015
.1005
.0995
.0985
.0975
.0966
.0957
.0948
.0939
.093
.0921
.0913
.0904
.0896
.0888
.088
.0872
.0865
.0857
.085
.0842
.0835
.0828
.0821
.0814
.0807
.08
.0794
.0787
.0781
.0775
.0768
.0762
.0756
.075
.0744
.0739
.0733
.0727
.0722
.0716
.0711
.0706
.07
.0695
.069
.0685
.068
.0675
.067
.0665
.0661
.0656
.0651
.0647
.0642
.0638
.0634
.0629
.0625
.0621
.0617
.0613
.0609
.0604
.0601
.0597
.0593
.0589
.0585
.0581
.0578
.0574
.057
.0567
.0563
.056
.0556
.0553
.055
.0546
.0543
.054
.0537
.0533
.053
.0527
.0524
.0521
.0518
.0515
.0512
.0509
.0506
.0503
.0501
.0498
