4.6859
4.2111
3.7555
3.3509
2.9542
2.5757
2.3173
2.2207
2.1985
2.1927
2.1893
2.186
2.1825
2.1789
2.1754
2.1719
2.1686
2.1654
2.1624
2.1595
2.1568
2.1543
2.1519
2.1496
2.1475
2.1455
2.1436
2.1419
2.1402
2.1387
2.1373
2.1359
2.1346
2.1334
2.1323
2.1312
2.1301
2.129
2.1278
2.1266
2.1254
2.124
2.1225
2.1207
2.1188
2.1165
2.1139
2.1109
2.1075
2.1037
2.0993
2.0944
2.0889
2.0829
2.0764
2.0693
2.0618
2.0539
2.0457
2.0371
2.0284
2.0195
2.0106
2.0018
1.993
1.9845
1.9761
1.968
1.9602
1.9526
1.9453
1.9383
1.9316
1.925
1.9187
1.9125
1.9065
1.9006
1.8948
1.889
1.8832
1.8773
1.8714
1.8653
1.859
1.8525
1.8455
1.8381
1.8301
1.8214
1.8118
1.8009
1.7886
1.7744
1.7578
1.7381
1.7144
1.6856
1.6501
1.6063
1.552
1.4857
1.4066
1.3156
1.2161
1.1135
1.0136
.9208
.8376
.7644
.7005
.645
.5964
.5539
.5164
.4831
.4535
.4269
.4031
.3815
.362
.3443
.328
.3132
.2995
.2869
.2753
.2646
.2546
.2452
.2366
.2284
.2208
.2137
.207
.2007
.1947
.1891
.1837
.1787
.1739
.1693
.165
.1609
.1569
.1532
.1496
.1462
.1429
.1397
.1367
.1338
.1311
.1284
.1258
.1234
.121
.1187
.1165
.1143
.1123
.1103
.1084
.1065
.1047
.103
.1013
.0996
.098
.0965
.095
.0936
.0922
.0908
.0895
.0882
.0869
.0857
.0845
.0833
.0822
.0811
.08
.079
.078
.077
.076
.0751
.0741
.0732
.0724
.0715
.0706
.0698
.069
.0682
.0675
.0667
.066
.0652
.0645
.0638
.0632
.0625
.0619
.0612
.0606
.06
.0594
.0588
.0582
.0576
.0571
.0565
.056
.0555
.0549
.0544
.0539
.0534
.053
.0525
.052
.0516
.0511
.0507
.0502
.0498
