4.4042
3.9203
3.4953
3.1633
2.8988
2.6817
2.5132
2.4046
2.3515
2.3295
2.317
2.3046
2.2898
2.2724
2.2533
2.2332
2.2126
2.1921
2.1719
2.1522
2.1329
2.1141
2.0958
2.0779
2.0605
2.0436
2.0272
2.0112
1.9958
1.9809
1.9665
1.9526
1.9392
1.9263
1.9139
1.9019
1.8904
1.8793
1.8685
1.8581
1.8481
1.8382
1.8286
1.8192
1.8099
1.8007
1.7916
1.7824
1.7731
1.7637
1.754
1.7441
1.7337
1.7228
1.7112
1.6988
1.6854
1.6707
1.6545
1.6364
1.6159
1.5926
1.5657
1.5344
1.498
1.4554
1.4058
1.3487
1.2844
1.214
1.1398
1.0648
.9921
.9241
.8621
.8066
.7573
.7135
.6747
.6399
.6087
.5805
.5549
.5314
.5097
.4898
.4712
.4539
.4377
.4225
.4082
.3948
.382
.37
.3586
.3477
.3374
.3276
.3182
.3093
.3008
.2927
.285
.2775
.2704
.2636
.2571
.2509
.2449
.2391
.2336
.2283
.2232
.2183
.2136
.209
.2046
.2004
.1963
.1924
.1886
.1849
.1813
.1779
.1746
.1714
.1682
.1652
.1623
.1595
.1567
.154
.1514
.1489
.1465
.1441
.1418
.1396
.1374
.1352
.1332
.1312
.1292
.1273
.1254
.1236
.1218
.1201
.1184
.1168
.1152
.1136
.1121
.1106
.1091
.1077
.1063
.105
.1036
.1023
.101
.0998
.0986
.0974
.0962
.0951
.0939
.0929
.0918
.0907
.0897
.0887
.0877
.0867
.0858
.0848
.0839
.083
.0821
.0812
.0804
.0796
.0787
.0779
.0771
.0764
.0756
.0748
.0741
.0734
.0727
.072
.0713
.0706
.0699
.0693
.0686
.068
.0674
.0668
.0662
.0656
.065
.0644
.0638
.0633
.0627
.0622
.0617
.0611
.0606
.0601
.0596
.0591
.0586
.0582
.0577
.0572
.0568
.0563
.0559
.0554
.055
.0546
.0541
.0537
.0533
.0529
.0525
.0521
.0517
.0514
.051
.0506
.0502
.0499
