4.5722
4.0719
3.6826
3.4139
3.1955
2.9929
2.7978
2.6169
2.4676
2.3639
2.302
2.2668
2.2454
2.2305
2.2188
2.2087
2.1994
2.1905
2.1819
2.1734
2.1651
2.1569
2.1488
2.141
2.1334
2.1261
2.1191
2.1123
2.1059
2.0998
2.0939
2.0882
2.0826
2.0772
2.0719
2.0667
2.0615
2.0563
2.0511
2.0459
2.0407
2.0353
2.0299
2.0243
2.0185
2.0126
2.0064
2.0
1.9933
1.9863
1.9791
1.9715
1.9636
1.9555
1.947
1.9383
1.9294
1.9202
1.9108
1.9013
1.8917
1.8819
1.8721
1.8623
1.8524
1.8426
1.8328
1.8229
1.8131
1.8033
1.7934
1.7834
1.7734
1.7631
1.7525
1.7415
1.73
1.7177
1.7046
1.6902
1.6744
1.6565
1.6361
1.6125
1.5846
1.5514
1.5116
1.4638
1.4069
1.3403
1.265
1.1835
1.0995
1.0174
.9404
.8705
.8082
.7531
.7044
.6611
.6225
.5879
.5565
.5279
.5018
.4778
.4557
.4353
.4163
.3987
.3823
.367
.3527
.3393
.3268
.3151
.3041
.2937
.284
.2748
.2661
.2579
.2502
.2428
.2359
.2293
.223
.2171
.2114
.206
.2008
.1959
.1912
.1867
.1824
.1783
.1744
.1706
.1669
.1635
.1601
.1569
.1538
.1508
.1479
.1451
.1424
.1398
.1373
.1349
.1325
.1303
.1281
.1259
.1239
.1219
.1199
.1181
.1162
.1145
.1128
.1111
.1095
.1079
.1063
.1048
.1034
.102
.1006
.0992
.0979
.0966
.0954
.0942
.093
.0918
.0907
.0896
.0885
.0874
.0864
.0854
.0844
.0834
.0825
.0816
.0807
.0798
.0789
.0781
.0772
.0764
.0756
.0748
.0741
.0733
.0726
.0719
.0711
.0705
.0698
.0691
.0684
.0678
.0672
.0665
.0659
.0653
.0647
.0641
.0636
.063
.0625
.0619
.0614
.0609
.0603
.0598
.0593
.0588
.0584
.0579
.0574
.0569
.0565
.056
.0556
.0552
.0547
.0543
.0539
.0535
.0531
.0527
.0523
.0519
.0515
.0512
.0508
.0504
.0501
.0497
