4.3444
4.0128
3.803
3.6523
3.5204
3.3896
3.2522
3.1053
2.9493
2.7905
2.6463
2.541
2.4837
2.4578
2.4433
2.4297
2.4135
2.3937
2.3702
2.3429
2.3118
2.2773
2.2395
2.1988
2.1558
2.1107
2.0634
2.0135
1.9595
1.8993
1.8297
1.7466
1.6461
1.5256
1.3867
1.2373
1.0894
.9537
.8356
.7358
.6528
.5838
.5263
.478
.4373
.4025
.3725
.3466
.3239
.3039
.2862
.2704
.2562
.2434
.2318
.2213
.2117
.2028
.1947
.1872
.1802
.1738
.1678
.1622
.1569
.152
.1474
.143
.1389
.135
.1313
.1279
.1246
.1214
.1185
.1156
.1129
.1103
.1079
.1055
.1032
.1011
.099
.097
.0951
.0932
.0915
.0898
.0881
.0865
.085
.0835
.0821
.0807
.0794
.0781
.0768
.0756
.0744
.0733
.0722
.0711
.0701
.0691
.0681
.0671
.0662
.0653
.0644
.0635
.0627
.0619
.0611
.0603
.0596
.0588
.0581
.0574
.0567
.0561
.0554
.0548
.0542
.0535
.053
.0524
.0518
.0512
.0507
.0502
.0496
