4.1881
3.6065
3.0626
2.6167
2.3276
2.2121
2.1854
2.1812
2.1803
2.1793
2.1776
2.1755
2.1729
2.1701
2.1671
2.1641
2.1609
2.1577
2.1545
2.1512
2.148
2.1447
2.1413
2.138
2.1346
2.1311
2.1277
2.1241
2.1206
2.1169
2.1133
2.1096
2.1058
2.102
2.0982
2.0943
2.0905
2.0865
2.0826
2.0786
2.0747
2.0707
2.0667
2.0628
2.0589
2.055
2.0511
2.0473
2.0436
2.0399
2.0363
2.0328
2.0294
2.0261
2.0229
2.0197
2.0167
2.0137
2.0108
2.0081
2.0054
2.0028
2.0002
1.9978
1.9954
1.9931
1.9908
1.9886
1.9865
1.9844
1.9824
1.9804
1.9784
1.9765
1.9747
1.9729
1.9711
1.9693
1.9676
1.9659
1.9642
1.9625
1.9609
1.9592
1.9576
1.956
1.9545
1.9529
1.9514
1.9498
1.9483
1.9468
1.9453
1.9438
1.9423
1.9408
1.9393
1.9379
1.9364
1.9349
1.9335
1.932
1.9306
1.9291
1.9277
1.9262
1.9248
1.9233
1.9219
1.9204
1.919
1.9175
1.916
1.9146
1.9131
1.9116
1.9102
1.9087
1.9072
1.9057
1.9042
1.9027
1.9012
1.8997
1.8982
1.8966
1.8951
1.8935
1.8919
1.8904
1.8888
1.8871
1.8855
1.8839
1.8822
1.8805
1.8788
1.8771
1.8754
1.8737
1.8719
1.8701
1.8683
1.8664
1.8646
1.8627
1.8608
1.8588
1.8569
1.8549
1.8529
1.8508
1.8487
1.8466
1.8445
1.8423
1.8401
1.8379
1.8356
1.8333
1.831
1.8287
1.8263
1.8238
1.8214
1.8189
1.8164
1.8138
1.8112
1.8086
1.8059
1.8033
1.8005
1.7978
1.795
1.7923
1.7894
1.7866
1.7837
1.7808
1.7779
1.775
1.7721
1.7691
1.7662
1.7632
1.7602
1.7572
1.7542
1.7512
1.7482
1.7452
1.7422
1.7392
1.7362
1.7333
1.7303
1.7273
1.7244
1.7215
1.7186
1.7157
1.7128
1.71
1.7071
1.7043
1.7016
1.6988
1.6961
1.6935
