4.4371
4.0731
3.8597
3.7283
3.6273
3.5343
3.4382
3.3321
3.2113
3.0736
2.9217
2.7659
2.6239
2.5109
2.4296
2.3715
2.3265
2.2882
2.2527
2.2179
2.1824
2.1451
2.1047
2.0601
2.0098
1.9517
1.8837
1.8031
1.7077
1.5969
1.4734
1.3432
1.2144
1.0936
.985
.8897
.8074
.7369
.6765
.6248
.5803
.5419
.5086
.4794
.4537
.431
.4108
.3927
.3764
.3616
.3482
.3359
.3247
.3143
.3047
.2958
.2875
.2798
.2725
.2657
.2593
.2533
.2475
.2421
.237
.232
.2274
.2229
.2186
.2145
.2106
.2068
.2032
.1996
.1963
.193
.1899
.1868
.1839
.181
.1782
.1756
.1729
.1704
.1679
.1655
.1632
.1609
.1587
.1566
.1545
.1524
.1504
.1484
.1465
.1447
.1428
.141
.1393
.1376
.1359
.1343
.1327
.1311
.1296
.128
.1266
.1251
.1237
.1223
.1209
.1196
.1183
.117
.1157
.1144
.1132
.112
.1108
.1097
.1085
.1074
.1063
.1052
.1041
.1031
.1021
.1011
.1001
.0991
.0981
.0972
.0962
.0953
.0944
.0935
.0926
.0918
.0909
.0901
.0892
.0884
.0876
.0868
.0861
.0853
.0845
.0838
.0831
.0823
.0816
.0809
.0802
.0795
.0789
.0782
.0775
.0769
.0763
.0756
.075
.0744
.0738
.0732
.0726
.072
.0715
.0709
.0703
.0698
.0692
.0687
.0682
.0677
.0671
.0666
.0661
.0656
.0652
.0647
.0642
.0637
.0633
.0628
.0623
.0619
.0614
.061
.0606
.0601
.0597
.0593
.0589
.0585
.0581
.0577
.0573
.0569
.0565
.0561
.0558
.0554
.055
.0547
.0543
.0539
.0536
.0532
.0529
.0526
.0522
.0519
.0516
.0512
.0509
.0506
.0503
.05
