3.7684
3.0134
2.4208
2.1996
2.1889
2.2083
2.2223
2.2306
2.2353
2.2378
2.2388
2.2388
2.2382
2.2371
2.2356
2.2338
2.2318
2.2295
2.2271
2.2246
2.222
2.2193
2.2165
2.2137
2.2108
2.2079
2.205
2.2021
2.1992
2.1962
2.1932
2.1902
2.187
2.1837
2.1803
2.1767
2.1728
2.1687
2.1644
2.1598
2.1549
2.1497
2.1442
2.1386
2.1327
2.1266
2.1204
2.1141
2.1078
2.1015
2.0953
2.0891
2.0831
2.0772
2.0715
2.0659
2.0605
2.0553
2.0503
2.0455
2.0409
2.0364
2.0321
2.0279
2.0239
2.02
2.0163
2.0127
2.0092
2.0058
2.0026
1.9994
1.9963
1.9932
1.9903
1.9874
1.9846
1.9818
1.979
1.9763
1.9737
1.971
1.9684
1.9658
1.9632
1.9606
1.958
1.9554
1.9528
1.9501
1.9474
1.9446
1.9418
1.9389
1.936
1.9329
1.9297
1.9264
1.9229
1.9193
1.9154
1.9113
1.9069
1.9022
1.897
1.8915
1.8853
1.8785
1.8709
1.8624
1.8527
1.8416
1.8289
1.814
1.7967
1.7762
1.7521
1.7236
1.69
1.6508
1.6057
1.5547
1.4988
1.439
1.3771
1.3149
1.254
1.1957
1.1406
1.0891
1.0412
.9966
.9551
.9165
.8804
.8466
.8148
.7848
.7565
.7296
.7041
.6799
.6569
.635
.6141
.5942
.5752
.5571
.5399
.5234
.5077
.4928
.4785
.4648
.4518
.4393
.4274
.416
.4052
.3947
.3847
.3752
.366
.3572
.3487
.3406
.3328
.3253
.318
.3111
.3044
.2979
.2917
.2857
.2799
.2743
.2689
.2637
.2586
.2537
.249
.2444
.24
.2357
.2315
.2274
.2235
.2197
.216
.2124
.209
.2056
.2023
.1991
.196
.193
.19
.1872
.1844
.1816
.179
.1764
.1739
.1715
.1691
.1667
.1645
.1622
.1601
.158
.1559
.1539
.1519
.15
.1481
.1463
.1445
.1427
.141
.1393
.1376
.136
.1344
.1329
.1314
.1299
.1284
.127
.1256
.1243
.1229
.1216
.1203
.119
.1178
.1166
.1154
.1142
.1131
.1119
.1108
.1097
.1087
.1076
.1066
.1056
.1046
.1036
.1026
.1017
.1008
.0998
.0989
.0981
.0972
.0963
.0955
.0947
.0938
.093
.0923
.0915
.0907
.09
.0892
.0885
.0878
.0871
.0864
.0857
.085
.0843
.0837
.083
.0824
.0817
.0811
.0805
.0799
.0793
.0787
.0782
.0776
.077
.0765
.0759
.0754
.0748
.0743
.0738
.0733
.0728
.0723
.0718
.0713
.0708
.0703
.0699
.0694
.0689
.0685
.068
.0676
.0672
.0667
.0663
.0659
.0655
.0651
.0647
.0643
.0639
.0635
.0631
.0627
.0623
.062
.0616
.0612
.0609
.0605
.0602
.0598
.0595
.0591
.0588
.0584
.0581
.0578
.0575
.0571
.0568
.0565
.0562
.0559
.0556
.0553
.055
.0547
.0544
.0541
.0538
.0535
.0533
.053
.0527
.0524
.0522
.0519
.0516
.0514
.0511
.0509
.0506
.0504
.0501
.0499
