3.8293
3.3805
3.016
2.7016
2.4505
2.3001
2.2388
2.2183
2.2096
2.2037
2.1983
2.193
2.1877
2.1824
2.1771
2.1718
2.1664
2.1608
2.1549
2.1488
2.1424
2.1356
2.1284
2.1207
2.1127
2.1043
2.0956
2.0866
2.0774
2.068
2.0584
2.0488
2.0391
2.0294
2.0196
2.0098
1.9999
1.99
1.98
1.9699
1.9596
1.9491
1.9385
1.9276
1.9164
1.905
1.8932
1.8811
1.8687
1.8558
1.8424
1.8285
1.814
1.7989
1.7829
1.766
1.7481
1.7288
1.7079
1.685
1.6597
1.6316
1.6
1.5643
1.524
1.4786
1.428
1.3724
1.3124
1.2492
1.1841
1.1187
1.0544
.9923
.9333
.8778
.826
.778
.7336
.6926
.6547
.6197
.5873
.5574
.5298
.5041
.4804
.4583
.4379
.4189
.4012
.3847
.3693
.355
.3416
.329
.3172
.3062
.2958
.2861
.2769
.2682
.26
.2523
.2449
.238
.2314
.2251
.2191
.2135
.2081
.2029
.198
.1933
.1888
.1844
.1803
.1763
.1725
.1689
.1654
.162
.1588
.1556
.1526
.1497
.1469
.1442
.1416
.139
.1366
.1342
.132
.1297
.1276
.1255
.1235
.1215
.1196
.1178
.116
.1143
.1126
.1109
.1093
.1078
.1063
.1048
.1034
.102
.1006
.0993
.098
.0967
.0955
.0943
.0931
.092
.0908
.0897
.0887
.0876
.0866
.0856
.0846
.0837
.0827
.0818
.0809
.08
.0792
.0783
.0775
.0767
.0759
.0751
.0744
.0736
.0729
.0722
.0714
.0708
.0701
.0694
.0687
.0681
.0675
.0668
.0662
.0656
.065
.0645
.0639
.0633
.0628
.0622
.0617
.0612
.0607
.0602
.0597
.0592
.0587
.0582
.0577
.0573
.0568
.0564
.0559
.0555
.0551
.0547
.0542
.0538
.0534
.053
.0526
.0523
.0519
.0515
.0511
.0508
.0504
.05
.0497
