3.9111
3.3277
2.8366
2.4578
2.2347
2.1553
2.1333
2.1231
2.1143
2.1053
2.0961
2.087
2.0781
2.0694
2.0608
2.0524
2.0439
2.0352
2.0263
2.017
2.0072
1.9968
1.9858
1.9742
1.9618
1.9487
1.9348
1.92
1.9043
1.8876
1.8697
1.8505
1.8297
1.807
1.7818
1.7538
1.7222
1.6863
1.6455
1.5991
1.5469
1.4889
1.4259
1.359
1.2899
1.2201
1.1511
1.0842
1.0201
.9594
.9023
.849
.7995
.7535
.711
.6716
.6353
.6017
.5708
.5421
.5156
.4911
.4684
.4473
.4277
.4095
.3925
.3767
.3619
.348
.3351
.3229
.3115
.3007
.2906
.2811
.272
.2635
.2555
.2478
.2406
.2337
.2272
.221
.2151
.2095
.2041
.199
.1941
.1894
.1849
.1806
.1765
.1725
.1687
.1651
.1616
.1582
.155
.1518
.1488
.1459
.1431
.1404
.1378
.1353
.1329
.1305
.1282
.126
.1239
.1218
.1198
.1179
.116
.1141
.1124
.1106
.109
.1073
.1057
.1042
.1027
.1012
.0998
.0984
.0971
.0958
.0945
.0932
.092
.0908
.0897
.0885
.0874
.0863
.0853
.0842
.0832
.0823
.0813
.0803
.0794
.0785
.0776
.0768
.0759
.0751
.0743
.0735
.0727
.0719
.0712
.0705
.0697
.069
.0683
.0677
.067
.0663
.0657
.0651
.0645
.0638
.0633
.0627
.0621
.0615
.061
.0604
.0599
.0594
.0588
.0583
.0578
.0573
.0568
.0564
.0559
.0554
.055
.0545
.0541
.0536
.0532
.0528
.0524
.052
.0516
.0512
.0508
.0504
.05
.0496
