4.4081
3.8093
3.2371
2.7557
2.4351
2.3188
2.2918
2.2762
2.2591
2.2406
2.2216
2.2028
2.1844
2.1667
2.1496
2.1332
2.1175
2.1022
2.0874
2.0728
2.0585
2.0442
2.03
2.0158
2.0014
1.9869
1.9721
1.957
1.9415
1.9255
1.9089
1.8916
1.8734
1.8541
1.8336
1.8116
1.7876
1.7614
1.7324
1.7001
1.6639
1.6231
1.5771
1.5252
1.4674
1.4037
1.335
1.2627
1.1885
1.1144
1.0423
.9737
.9094
.8498
.7951
.7451
.6994
.6578
.6198
.5851
.5533
.5241
.4973
.4727
.4499
.4289
.4095
.3915
.3749
.3593
.3449
.3314
.3189
.3071
.2961
.2858
.2761
.267
.2584
.2503
.2426
.2354
.2286
.2221
.2159
.21
.2045
.1992
.1941
.1893
.1847
.1803
.1761
.1721
.1682
.1645
.1609
.1575
.1543
.1511
.1481
.1451
.1423
.1396
.137
.1345
.132
.1297
.1274
.1252
.123
.121
.119
.117
.1151
.1133
.1115
.1098
.1081
.1065
.1049
.1034
.1019
.1005
.099
.0977
.0963
.095
.0937
.0925
.0913
.0901
.089
.0878
.0867
.0857
.0846
.0836
.0826
.0816
.0807
.0797
.0788
.0779
.077
.0762
.0753
.0745
.0737
.0729
.0722
.0714
.0707
.0699
.0692
.0685
.0678
.0672
.0665
.0659
.0652
.0646
.064
.0634
.0628
.0622
.0616
.0611
.0605
.06
.0594
.0589
.0584
.0579
.0574
.0569
.0564
.056
.0555
.055
.0546
.0541
.0537
.0533
.0528
.0524
.052
.0516
.0512
.0508
.0504
.05
.0497
