4.9407
4.4923
4.0119
3.6329
3.3529
3.1256
2.9273
2.7477
2.5844
2.4423
2.3286
2.2447
2.1858
2.1448
2.1158
2.0948
2.0791
2.0672
2.0578
2.0504
2.0443
2.0393
2.0351
2.0316
2.0286
2.026
2.0237
2.0217
2.02
2.0184
2.017
2.0158
2.0147
2.0136
2.0127
2.0119
2.0111
2.0104
2.0097
2.0091
2.0086
2.0081
2.0076
2.0071
2.0067
2.0063
2.0059
2.0056
2.0053
2.0049
2.0047
2.0044
2.0041
2.0039
2.0036
2.0034
2.0032
2.003
2.0028
2.0026
2.0024
2.0023
2.0021
2.0019
2.0018
2.0017
2.0015
2.0014
2.0013
2.0011
2.001
2.0009
2.0008
2.0007
2.0006
2.0005
2.0004
2.0003
2.0002
2.0001
2.0
1.9999
1.9998
1.9998
1.9997
1.9996
1.9995
1.9995
1.9994
1.9993
1.9993
1.9992
1.9991
1.9991
1.999
1.999
1.9989
1.9988
1.9988
1.9987
1.9987
1.9986
1.9986
1.9985
1.9985
1.9984
1.9984
1.9983
1.9983
1.9982
1.9982
1.9982
1.9981
1.9981
1.998
1.998
1.9979
1.9979
1.9979
1.9978
1.9978
1.9977
1.9977
1.9977
1.9976
1.9976
1.9976
1.9975
1.9975
1.9975
1.9974
1.9974
1.9974
1.9973
1.9973
1.9973
1.9972
1.9972
1.9972
1.9971
1.9971
1.9971
1.997
1.997
1.997
1.9969
1.9969
1.9969
1.9968
1.9968
1.9968
1.9967
1.9967
1.9967
1.9967
1.9966
1.9966
1.9966
1.9965
1.9965
1.9965
1.9965
1.9964
1.9964
1.9964
1.9963
1.9963
1.9963
1.9963
1.9962
1.9962
1.9962
1.9961
1.9961
1.9961
1.996
1.996
1.996
1.996
1.9959
1.9959
1.9959
1.9958
1.9958
1.9958
1.9958
1.9957
1.9957
1.9957
1.9956
1.9956
1.9956
1.9956
1.9955
1.9955
1.9955
1.9954
1.9954
1.9954
1.9953
1.9953
1.9953
1.9953
1.9952
1.9952
1.9952
1.9951
1.9951
1.9951
1.995
1.995
1.995
1.9949
1.9949
1.9949
1.9948
1.9948
1.9948
1.9947
1.9947
1.9947
1.9946
1.9946
1.9946
1.9945
1.9945
1.9945
1.9944
1.9944
1.9944
1.9943
1.9943
1.9943
1.9942
1.9942
1.9942
1.9941
1.9941
1.994
1.994
1.994
1.9939
1.9939
1.9939
1.9938
1.9938
1.9937
1.9937
1.9937
1.9936
1.9936
1.9935
1.9935
1.9934
1.9934
1.9934
1.9933
1.9933
1.9932
1.9932
1.9931
1.9931
1.993
1.993
1.993
1.9929
1.9929
1.9928
1.9928
1.9927
1.9927
1.9926
1.9926
1.9925
1.9925
1.9924
1.9924
1.9923
1.9922
1.9922
1.9921
1.9921
1.992
1.992
1.9919
1.9918
1.9918
1.9917
1.9917
1.9916
1.9915
1.9915
1.9914
1.9914
1.9913
1.9912
1.9912
1.9911
1.991
1.991
1.9909
1.9908
1.9907
1.9907
1.9906
1.9905
1.9904
1.9904
1.9903
1.9902
1.9901
1.9901
1.99
1.9899
1.9898
1.9897
1.9896
1.9896
1.9895
1.9894
1.9893
1.9892
1.9891
1.989
1.9889
1.9888
1.9887
1.9886
1.9885
1.9884
1.9883
1.9882
1.9881
1.988
1.9879
1.9877
1.9876
1.9875
1.9874
1.9873
1.9871
1.987
1.9869
1.9868
1.9866
1.9865
1.9864
1.9862
1.9861
1.9859
1.9858
1.9856
1.9855
1.9853
1.9852
1.985
1.9848
1.9847
1.9845
1.9843
1.9842
1.984
1.9838
1.9836
1.9834
1.9832
1.983
1.9828
1.9826
1.9824
1.9822
1.982
1.9818
1.9815
1.9813
1.9811
1.9808
1.9806
1.9803
1.9801
1.9798
1.9795
1.9793
1.979
1.9787
1.9784
1.9781
1.9778
1.9775
1.9772
1.9768
1.9765
1.9762
1.9758
1.9755
1.9751
1.9747
1.9743
1.9739
1.9735
1.9731
1.9727
1.9723
1.9718
1.9714
1.9709
1.9705
1.97
1.9695
1.969
1.9685
1.9679
1.9674
1.9668
1.9663
1.9657
1.9651
1.9645
1.9639
1.9632
1.9626
1.9619
1.9612
1.9606
1.9598
1.9591
1.9584
1.9577
1.9569
1.9561
1.9554
1.9546
1.9538
1.9529
1.9521
1.9513
1.9504
1.9496
1.9487
1.9478
1.947
1.9461
1.9452
1.9443
1.9434
1.9425
1.9416
1.9407
1.9398
1.9389
1.938
1.9371
1.9362
1.9354
1.9345
1.9336
1.9328
1.9319
1.931
1.9302
1.9294
1.9285
1.9277
1.9269
1.926
1.9252
1.9244
1.9236
1.9228
1.922
1.9212
1.9204
1.9196
1.9188
1.9179
1.9171
1.9163
1.9155
1.9147
1.9138
1.913
1.9122
1.9113
1.9105
1.9097
1.9088
1.9079
1.9071
1.9062
1.9053
1.9045
1.9036
1.9027
1.9018
1.9009
1.9
1.8991
1.8982
1.8973
1.8963
1.8954
1.8945
1.8936
1.8927
1.8918
1.8909
1.8899
1.889
1.8881
1.8872
1.8863
1.8854
1.8845
1.8836
1.8828
1.8819
1.881
1.8801
1.8792
1.8783
1.8774
1.8764
1.8755
1.8745
1.8736
1.8726
1.8715
1.8705
1.8694
1.8683
1.8671
1.8659
1.8647
1.8634
1.862
1.8606
1.8592
1.8577
1.8562
1.8546
1.853
1.8513
1.8496
1.8478
1.846
1.8441
1.8422
1.8402
1.8382
1.8362
1.8341
1.832
1.8298
1.8276
1.8254
1.8232
1.8209
1.8187
1.8164
1.8141
1.8118
1.8094
1.8071
1.8048
1.8024
1.8001
1.7978
1.7954
1.7931
1.7908
1.7885
1.7862
1.784
1.7817
1.7795
1.7773
1.7751
1.7729
1.7708
1.7687
1.7666
1.7645
1.7625
1.7605
1.7585
1.7565
1.7546
1.7527
1.7509
1.749
1.7472
1.7455
1.7437
1.742
1.7404
1.7387
1.7371
1.7355
1.734
1.7324
1.731
1.7295
1.7281
1.7267
1.7253
1.724
1.7226
1.7214
1.7201
1.7189
1.7177
1.7165
1.7154
1.7143
1.7132
1.7121
1.7111
1.7101
1.7091
1.7081
1.7072
1.7063
1.7054
1.7045
1.7037
1.7029
1.7021
1.7013
1.7005
1.6998
1.6991
1.6984
1.6978
1.6971
1.6965
1.6959
1.6953
1.6947
1.6942
1.6936
1.6931
1.6926
1.6921
1.6917
1.6912
1.6908
1.6904
1.69
1.6896
1.6892
1.6889
1.6886
1.6882
1.6879
1.6876
1.6874
1.6871
1.6869
1.6866
1.6864
1.6862
1.686
1.6858
1.6857
1.6855
1.6854
1.6852
1.6851
1.685
1.6849
1.6848
1.6847
1.6847
1.6846
1.6846
1.6846
1.6845
1.6845
1.6845
1.6846
1.6846
1.6846
1.6847
1.6847
1.6848
1.6848
1.6849
1.685
1.6851
1.6852
1.6853
1.6855
1.6856
1.6857
1.6859
1.686
1.6862
1.6864
1.6866
1.6868
1.6869
1.6872
1.6874
1.6876
1.6878
1.688
1.6883
1.6885
1.6888
1.689
1.6893
1.6896
1.6899
1.6902
1.6904
1.6907
1.6911
1.6914
1.6917
1.692
1.6923
1.6927
1.693
1.6933
1.6937
1.694
1.6944
1.6948
1.6951
1.6955
1.6959
1.6963
1.6967
1.6971
1.6975
1.6979
1.6983
1.6987
1.6991
1.6995
1.7
1.7004
1.7008
1.7012
1.7017
1.7021
1.7026
1.703
1.7035
1.7039
1.7044
1.7049
1.7053
1.7058
1.7063
1.7068
1.7072
1.7077
1.7082
1.7087
1.7092
1.7097
1.7102
1.7107
1.7112
1.7117
1.7122
1.7127
1.7132
1.7137
1.7143
1.7148
1.7153
1.7158
1.7164
1.7169
1.7174
1.7179
1.7185
1.719
1.7196
1.7201
1.7206
1.7212
1.7217
1.7223
1.7228
1.7234
1.7239
1.7245
1.725
1.7256
1.7261
1.7267
1.7272
1.7278
1.7283
1.7289
1.7295
1.73
1.7306
1.7312
1.7317
1.7323
1.7328
1.7334
1.7339
1.7346
1.7351
1.7357
1.7362
1.7368
1.7373
1.738
1.7385
1.7391
1.7396
1.7403
1.7407
1.7414
1.7419
1.7426
1.743
1.7437
1.7441
1.7449
1.7452
1.7461
1.7464
1.7472
1.7475
1.7484
1.7486
1.7496
1.7497
1.7507
1.7508
1.7519
1.7518
1.7531
1.7529
1.7543
1.7541
1.7555
1.7549
1.7564
1.756
1.7585
1.7586
1.7604
1.7566
1.7537
1.7504
1.7631
1.7891
1.8166
1.7849
1.6668
1.512
1.4996
2.0326
2.4172
2.1557
1.6842
1.3181
1.4227
2.4485
2.0209
2.0687
2.0685
1.689
1.296
1.4644
2.4693
1.9197
1.8709
2.2539
1.9645
1.464
1.3014
1.4398
2.6522
1.3025
2.013
2.7574
1.6994
1.236
2.1529
2.609
1.7396
1.1606
1.8341
2.8347
1.3443
3.5056
3.1515
2.4431
2.6153
.7318
3.9951
2.438
3.2895
2.2839
3.1661
2.0399
2.063
2.6442
2.8461
2.9494
3.2955
2.2723
3.1335
1.8581
1.2892
3.4594
2.6485
1.1916
2.8605
3.5321
3.298
2.2712
3.1802
2.1034
2.555
.5459
2.3029
3.4028
2.7069
2.2084
2.3351
2.14
2.2132
2.096
2.1552
2.0612
2.1034
2.0067
1.9693
1.4203
2.0242
2.0171
2.5243
2.0838
2.5303
2.1398
2.2325
2.0811
2.1371
1.9773
3.5658
1.9619
1.026
2.0733
2.3901
2.1241
2.2299
2.0958
2.1756
2.0784
2.1385
2.0658
2.1082
2.0552
2.0831
2.0457
2.0622
2.036
2.043
2.0222
2.0171
1.9864
1.9594
3.1274
1.8227
2.2592
1.9993
2.2474
2.0679
2.1644
2.0365
2.0936
1.9523
3.4671
2.2643
1.8626
3.0083
3.0045
2.0789
2.0923
1.5303
2.9058
2.6097
2.2531
2.5413
2.1459
3.4726
2.5579
2.241
2.2952
2.1554
2.1957
2.1062
2.1433
2.0693
2.0947
2.0106
1.9323
1.2077
2.0222
2.1733
2.092
2.1387
2.0729
2.1115
2.0583
2.0865
2.0438
2.0602
2.0224
2.0184
1.9565
3.3525
2.9238
2.3001
2.0881
2.1865
2.0705
2.1321
2.0528
2.0876
2.0284
2.0346
1.9534
1.7172
2.82
2.2474
2.0844
2.1602
2.0697
2.1127
2.0565
2.0811
2.0474
2.061
2.0417
2.0477
2.0368
2.0377
2.0304
2.0276
2.0204
2.0129
1.999
1.9722
1.892
1.566
3.0801
3.2497
1.1625
2.055
2.4836
2.1155
2.2208
2.0879
2.1663
2.0689
2.125
2.0504
2.0849
2.0205
2.0179
2.4585
2.0597
2.128
2.086
2.107
2.0742
2.09
2.0661
2.0763
2.0602
2.0656
2.0556
2.0577
2.0518
2.0518
2.0482
2.0473
2.045
2.0437
2.042
2.0407
2.0394
2.0382
2.0371
2.036
2.035
2.034
2.0331
2.0322
2.0314
2.0306
2.0299
2.0292
2.0285
2.0278
2.0272
2.0266
2.026
2.0255
2.0249
2.0244
2.0239
2.0234
2.023
2.0225
2.0221
2.0216
2.0212
2.0208
2.0204
2.02
2.0196
2.0192
2.0188
2.0184
2.0181
2.0177
2.0173
2.017
2.0166
2.0162
2.0159
2.0155
2.0151
2.0147
2.0143
2.0139
2.0135
2.0131
2.0126
2.0121
2.0116
2.0111
2.0105
2.0099
2.0092
2.0084
2.0075
2.0065
2.0053
2.0038
2.002
1.9996
1.9964
1.9919
1.985
1.9738
1.9649
2.0311
1.9603
1.9958
1.9889
1.9774
1.9584
2.0989
1.9802
2.0186
2.0168
2.0158
2.0144
2.0129
2.0111
2.009
2.0063
2.0029
1.9981
1.9909
1.9788
1.9565
2.0689
1.9628
2.0131
2.0079
2.0031
1.9951
1.9822
1.957
2.0396
1.9358
1.9933
1.9654
1.9507
2.4087
2.0367
2.0841
2.062
2.0712
2.057
2.0615
2.0531
2.0544
2.0496
2.0492
2.0463
2.0453
2.0433
2.0421
2.0406
2.0394
2.0382
2.0372
2.0361
2.0351
2.0342
2.0334
2.0325
2.0318
2.031
2.0303
2.0296
2.029
2.0284
2.0278
2.0273
2.0267
2.0262
2.0257
2.0253
2.0248
2.0244
2.024
2.0236
2.0232
2.0228
2.0224
2.0221
2.0218
2.0214
2.0211
2.0208
2.0205
2.0202
2.0199
2.0197
2.0194
2.0192
2.0189
2.0187
2.0184
2.0182
2.018
2.0178
2.0176
2.0174
2.0172
2.017
2.0168
2.0166
2.0164
2.0162
2.0161
2.0159
2.0157
2.0156
2.0154
2.0153
2.0151
2.015
2.0148
2.0147
2.0145
2.0144
2.0143
2.0141
2.014
2.0139
2.0138
2.0136
2.0135
2.0134
2.0133
2.0132
2.0131
2.0129
2.0128
2.0127
2.0126
2.0125
2.0124
2.0123
2.0122
2.0121
2.0121
2.012
2.0119
2.0118
2.0117
2.0116
2.0115
2.0114
2.0114
2.0113
2.0112
2.0111
2.011
2.011
2.0109
2.0108
2.0107
2.0107
2.0106
2.0105
2.0105
2.0104
2.0103
2.0103
2.0102
2.0101
2.0101
2.01
2.0099
2.0099
2.0098
2.0097
2.0097
2.0096
2.0096
2.0095
2.0095
2.0094
2.0093
2.0093
2.0092
2.0092
2.0091
2.0091
2.009
2.009
2.0089
2.0089
2.0088
2.0088
2.0087
2.0087
2.0086
2.0086
2.0085
2.0085
2.0084
2.0084
2.0083
2.0083
2.0082
2.0082
2.0082
2.0081
2.0081
2.008
2.008
2.0079
2.0079
2.0079
2.0078
2.0078
2.0077
2.0077
2.0076
2.0076
2.0076
2.0075
2.0075
2.0074
2.0074
2.0074
2.0073
2.0073
2.0073
2.0072
2.0072
2.0071
2.0071
2.0071
2.007
2.007
2.007
2.0069
2.0069
2.0069
2.0068
2.0068
2.0067
2.0067
2.0067
2.0066
2.0066
2.0066
2.0065
2.0065
2.0065
2.0064
2.0064
2.0064
2.0063
2.0063
2.0063
2.0062
2.0062
2.0062
2.0061
2.0061
2.0061
2.006
2.006
2.006
2.0059
2.0059
2.0059
2.0058
2.0058
2.0058
2.0057
2.0057
2.0057
2.0056
2.0056
2.0056
2.0055
2.0055
2.0054
2.0054
2.0054
2.0053
2.0053
2.0053
2.0052
2.0052
2.0052
2.0051
2.0051
2.0051
2.005
2.005
2.0049
2.0049
2.0049
2.0048
2.0048
2.0047
2.0047
2.0047
2.0046
2.0046
2.0045
2.0045
2.0044
2.0044
2.0044
2.0043
2.0043
2.0042
2.0042
2.0041
2.0041
2.004
2.004
2.0039
2.0039
2.0038
2.0037
2.0037
2.0036
2.0036
2.0035
2.0034
2.0034
2.0033
2.0032
2.0031
2.0031
2.003
2.0029
2.0028
2.0027
2.0026
2.0025
2.0024
2.0023
2.0022
2.0021
2.0019
2.0018
2.0017
2.0015
2.0013
2.0012
2.001
2.0008
2.0006
2.0003
2.0001
1.9998
1.9995
1.9991
1.9988
1.9983
1.9979
1.9973
1.9967
1.996
1.9951
1.9941
1.9929
1.9914
1.9896
1.9873
1.9844
1.9812
1.9784
1.9772
1.9741
1.972
1.9711
1.9695
1.9681
1.9664
1.9648
1.9628
1.9609
1.9585
1.9565
1.9533
1.9519
1.9457
1.9515
1.9278
2.0287
1.9613
1.9973
1.9943
1.9901
1.9839
1.9739
1.9564
1.9603
1.9079
2.1278
1.993
2.0259
2.0242
2.0239
2.0231
2.0226
2.022
2.0214
2.0208
2.0203
2.0197
2.0192
2.0187
2.0182
2.0177
2.0172
2.0167
2.0161
2.0156
2.0151
2.0146
2.0141
2.0135
2.0129
2.0124
2.0117
2.0111
2.0104
2.0097
2.0089
2.008
2.007
2.0059
2.0046
2.0031
2.0014
1.9992
1.9964
1.9928
1.9876
1.9798
1.9667
1.9432
2.1116
1.9834
2.0198
2.0186
2.018
2.0173
2.0167
2.016
2.0153
2.0145
2.0138
2.013
2.0121
2.0113
2.0103
2.0092
2.008
2.0067
2.0052
2.0033
2.0011
1.9984
1.9948
1.9898
1.9825
1.9706
1.9488
1.9599
1.8759
2.6824
2.0231
2.0479
2.0408
2.0419
2.0391
2.0386
2.037
2.0361
2.035
2.0341
2.0332
2.0323
2.0315
2.0307
2.03
2.0293
2.0287
2.028
2.0274
2.0269
2.0263
2.0258
2.0253
2.0248
2.0244
2.0239
2.0235
2.0231
2.0227
2.0223
2.022
2.0216
2.0213
2.021
2.0206
2.0203
2.02
2.0198
2.0195
2.0192
2.019
2.0187
2.0185
2.0182
2.018
2.0178
2.0175
2.0173
2.0171
2.0169
2.0167
2.0165
2.0163
2.0162
2.016
2.0158
2.0156
2.0155
2.0153
2.0152
2.015
2.0148
2.0147
2.0146
2.0144
2.0143
2.0141
2.014
2.0139
2.0138
2.0136
2.0135
2.0134
2.0133
2.0132
2.013
2.0129
2.0128
2.0127
2.0126
2.0125
2.0124
2.0123
2.0122
2.0121
2.012
2.0119
2.0118
2.0118
2.0117
2.0116
2.0115
2.0114
2.0113
2.0112
2.0112
2.0111
2.011
2.0109
2.0109
2.0108
2.0107
2.0106
2.0106
2.0105
2.0104
2.0104
2.0103
2.0102
2.0102
2.0101
2.0101
2.01
2.0099
2.0099
2.0098
2.0098
2.0097
2.0096
2.0096
2.0095
2.0095
2.0094
2.0094
2.0093
2.0093
2.0092
2.0092
2.0091
2.0091
2.009
2.009
2.0089
2.0089
2.0088
2.0088
2.0087
2.0087
2.0086
2.0086
2.0086
2.0085
2.0085
2.0084
2.0084
2.0083
2.0083
2.0083
2.0082
2.0082
2.0081
2.0081
2.0081
2.008
2.008
2.008
2.0079
2.0079
2.0079
2.0078
2.0078
2.0077
2.0077
2.0077
2.0076
2.0076
2.0076
2.0075
2.0075
2.0075
2.0075
2.0074
2.0074
2.0074
2.0073
2.0073
2.0073
2.0072
2.0072
2.0072
2.0072
2.0071
2.0071
2.0071
2.007
2.007
2.007
2.007
2.0069
2.0069
2.0069
2.0069
2.0068
2.0068
2.0068
2.0067
2.0067
2.0067
2.0067
2.0067
2.0066
2.0066
2.0066
2.0066
2.0065
2.0065
2.0065
2.0065
2.0064
2.0064
2.0064
2.0064
2.0064
2.0063
2.0063
2.0063
2.0063
2.0062
2.0062
2.0062
2.0062
2.0062
2.0061
2.0061
2.0061
2.0061
2.0061
2.006
2.006
2.006
2.006
2.006
2.0059
2.0059
2.0059
2.0059
2.0059
2.0059
2.0058
2.0058
2.0058
2.0058
2.0058
2.0057
2.0057
2.0057
2.0057
2.0057
2.0057
2.0056
2.0056
2.0056
2.0056
2.0056
2.0056
2.0055
2.0055
2.0055
2.0055
2.0055
2.0055
2.0054
2.0054
2.0054
2.0054
2.0054
2.0054
2.0054
2.0053
2.0053
2.0053
2.0053
2.0053
2.0053
2.0053
2.0052
2.0052
2.0052
2.0052
2.0052
2.0052
2.0052
2.0051
2.0051
2.0051
2.0051
2.0051
2.0051
2.0051
2.0051
2.005
2.005
2.005
2.005
2.005
2.005
2.005
2.0049
2.0049
2.0049
2.0049
2.0049
2.0049
2.0049
2.0049
2.0049
2.0048
2.0048
2.0048
2.0048
2.0048
2.0048
2.0048
2.0048
2.0047
2.0047
2.0047
2.0047
2.0047
2.0047
2.0047
2.0047
2.0047
2.0046
2.0046
2.0046
2.0046
2.0046
2.0046
2.0046
2.0046
2.0046
2.0045
2.0045
2.0045
2.0045
2.0045
2.0045
2.0045
2.0045
2.0045
2.0045
2.0044
2.0044
2.0044
2.0044
2.0044
2.0044
2.0044
2.0044
2.0044
2.0044
2.0044
2.0043
2.0043
2.0043
2.0043
2.0043
2.0043
2.0043
2.0043
2.0043
2.0043
2.0043
2.0042
2.0042
2.0042
2.0042
2.0042
2.0042
2.0042
2.0042
2.0042
2.0042
2.0042
2.0041
2.0041
2.0041
2.0041
2.0041
2.0041
2.0041
2.0041
2.0041
2.0041
2.0041
2.0041
2.004
2.004
2.004
2.004
2.004
2.004
2.004
2.004
2.004
2.004
2.004
2.004
2.004
2.0039
2.0039
2.0039
2.0039
2.0039
2.0039
2.0039
2.0039
2.0039
2.0039
2.0039
2.0039
2.0039
2.0038
2.0038
2.0038
2.0038
2.0038
2.0038
2.0038
2.0038
2.0038
2.0038
2.0038
2.0038
2.0038
2.0038
2.0038
2.0037
2.0037
2.0037
2.0037
2.0037
2.0037
2.0037
2.0037
2.0037
2.0037
2.0037
2.0037
2.0037
2.0037
2.0037
2.0036
2.0036
2.0036
2.0036
2.0036
2.0036
2.0036
2.0036
2.0036
2.0036
2.0036
2.0036
2.0036
2.0036
2.0036
2.0036
2.0035
2.0035
2.0035
2.0035
2.0035
2.0035
2.0035
2.0035
2.0035
2.0035
2.0035
2.0035
2.0035
2.0035
2.0035
2.0035
2.0035
2.0034
2.0034
2.0034
2.0034
2.0034
2.0034
2.0034
2.0034
2.0034
2.0034
2.0034
2.0034
2.0034
2.0034
2.0034
2.0034
2.0034
2.0033
2.0033
2.0033
2.0033
2.0033
2.0033
2.0033
2.0033
2.0033
2.0033
2.0033
2.0033
2.0033
2.0033
2.0033
2.0033
2.0033
2.0033
2.0033
2.0032
2.0032
2.0032
2.0032
2.0032
2.0032
2.0032
2.0032
2.0032
2.0032
2.0032
2.0032
2.0032
2.0032
2.0032
2.0032
2.0032
2.0032
2.0032
2.0032
2.0032
2.0031
2.0031
2.0031
2.0031
2.0031
2.0031
2.0031
2.0031
2.0031
2.0031
2.0031
2.0031
2.0031
2.0031
2.0031
2.0031
2.0031
2.0031
2.0031
2.0031
2.0031
2.003
2.003
2.003
2.003
2.003
2.003
2.003
2.003
2.003
2.003
2.003
2.003
2.003
2.003
2.003
2.003
2.003
2.003
2.003
2.003
2.003
2.003
2.003
2.0029
2.0029
2.0029
2.0029
2.0029
2.0029
2.0029
2.0029
2.0029
2.0029
2.0029
2.0029
2.0029
2.0029
2.0029
2.0029
2.0029
2.0029
2.0029
2.0029
2.0029
2.0029
2.0029
2.0029
2.0028
2.0028
2.0028
2.0028
2.0028
2.0028
2.0028
2.0028
2.0028
2.0028
2.0028
2.0028
2.0028
2.0028
2.0028
2.0028
2.0028
2.0028
2.0028
2.0028
2.0028
2.0028
2.0028
2.0028
2.0028
2.0028
2.0027
2.0027
2.0027
2.0027
2.0027
2.0027
2.0027
2.0027
2.0027
2.0027
2.0027
2.0027
2.0027
2.0027
2.0027
2.0027
2.0027
2.0027
2.0027
2.0027
2.0027
2.0027
2.0027
2.0027
2.0027
2.0027
2.0027
2.0026
2.0026
2.0026
2.0026
2.0026
2.0026
2.0026
2.0026
2.0026
2.0026
2.0026
2.0026
2.0026
2.0026
2.0026
2.0026
2.0026
2.0026
2.0026
2.0026
2.0026
2.0026
2.0026
2.0026
2.0026
2.0026
2.0026
2.0026
2.0026
2.0025
2.0025
2.0025
2.0025
2.0025
2.0025
2.0025
2.0025
2.0025
2.0025
2.0025
2.0025
2.0025
2.0025
2.0025
2.0025
2.0025
2.0025
2.0025
2.0025
2.0025
2.0025
2.0025
2.0025
2.0025
2.0025
2.0025
2.0025
2.0025
2.0025
2.0024
2.0024
2.0024
2.0024
2.0024
2.0024
2.0024
2.0024
2.0024
2.0024
2.0024
2.0024
2.0024
2.0024
2.0024
2.0024
2.0024
2.0024
2.0024
2.0024
2.0024
2.0024
2.0024
2.0024
2.0024
2.0024
2.0024
2.0024
2.0024
2.0024
2.0024
2.0024
2.0023
2.0023
2.0023
2.0023
2.0023
2.0023
2.0023
2.0023
2.0023
2.0023
2.0023
2.0023
2.0023
2.0023
2.0023
2.0023
2.0023
2.0023
2.0023
2.0023
2.0023
2.0023
2.0023
2.0023
2.0023
2.0023
2.0023
2.0023
2.0023
2.0023
2.0023
2.0023
2.0023
2.0022
2.0022
2.0022
2.0022
2.0022
2.0022
2.0022
2.0022
2.0022
2.0022
2.0022
2.0022
2.0022
2.0022
2.0022
2.0022
2.0022
2.0022
2.0022
2.0022
2.0022
2.0022
2.0022
2.0022
2.0022
2.0022
2.0022
2.0022
2.0022
2.0022
2.0022
2.0022
2.0022
2.0022
2.0021
2.0021
2.0021
2.0021
2.0021
2.0021
2.0021
2.0021
2.0021
2.0021
2.0021
2.0021
2.0021
2.0021
2.0021
2.0021
2.0021
2.0021
2.0021
2.0021
2.0021
2.0021
2.0021
2.0021
2.0021
2.0021
2.0021
2.0021
2.0021
2.0021
2.0021
2.0021
2.0021
2.0021
2.0021
2.002
2.002
2.002
2.002
2.002
2.002
2.002
2.002
2.002
2.002
2.002
2.002
2.002
2.002
2.002
2.002
2.002
2.002
2.002
2.002
2.002
2.002
2.002
2.002
2.002
2.002
2.002
2.002
2.002
2.002
2.002
2.002
2.002
2.002
2.002
2.0019
2.0019
2.0019
2.0019
2.0019
2.0019
2.0019
2.0019
2.0019
2.0019
2.0019
2.0019
2.0019
2.0019
2.0019
2.0019
2.0019
2.0019
2.0019
2.0019
2.0019
2.0019
2.0019
2.0019
2.0019
2.0019
2.0019
2.0019
2.0019
2.0019
2.0019
2.0019
2.0019
2.0019
2.0018
2.0018
2.0018
2.0018
2.0018
2.0018
2.0018
2.0018
2.0018
2.0018
2.0018
2.0018
2.0018
2.0018
2.0018
2.0018
2.0018
2.0018
2.0018
2.0018
2.0018
2.0018
2.0018
2.0018
2.0018
2.0018
2.0018
2.0018
2.0018
2.0018
2.0018
2.0018
2.0018
2.0018
2.0017
2.0017
2.0017
2.0017
2.0017
2.0017
2.0017
2.0017
2.0017
2.0017
2.0017
2.0017
2.0017
2.0017
2.0017
2.0017
2.0017
2.0017
2.0017
2.0017
2.0017
2.0017
2.0017
2.0017
2.0017
2.0017
2.0017
2.0017
2.0017
2.0017
2.0017
2.0017
2.0016
2.0016
2.0016
2.0016
2.0016
2.0016
2.0016
2.0016
2.0016
2.0016
2.0016
2.0016
2.0016
2.0016
2.0016
2.0016
2.0016
2.0016
2.0016
2.0016
2.0016
2.0016
2.0016
2.0016
2.0016
2.0016
2.0016
2.0016
2.0016
2.0015
2.0015
2.0015
2.0015
2.0015
2.0015
2.0015
2.0015
2.0015
2.0015
2.0015
2.0015
2.0015
2.0015
2.0015
2.0015
2.0015
2.0015
2.0015
2.0015
2.0015
2.0015
2.0015
2.0015
2.0015
2.0015
2.0015
2.0014
2.0014
2.0014
2.0014
2.0014
2.0014
2.0014
2.0014
2.0014
2.0014
2.0014
2.0014
2.0014
2.0014
2.0014
2.0014
2.0014
2.0014
2.0014
2.0014
2.0014
2.0014
2.0014
2.0014
2.0013
2.0013
2.0013
2.0013
2.0013
2.0013
2.0013
2.0013
2.0013
2.0013
2.0013
2.0013
2.0013
2.0013
2.0013
2.0013
2.0013
2.0013
2.0013
2.0013
2.0013
2.0012
2.0012
2.0012
2.0012
2.0012
2.0012
2.0012
2.0012
2.0012
2.0012
2.0012
2.0012
2.0012
2.0012
2.0012
2.0012
2.0012
2.0012
2.0012
2.0011
2.0011
2.0011
2.0011
2.0011
2.0011
2.0011
2.0011
2.0011
2.0011
2.0011
2.0011
2.0011
2.0011
2.0011
2.0011
2.001
2.001
2.001
2.001
2.001
2.001
2.001
2.001
2.001
2.001
2.001
2.001
2.001
2.001
2.001
2.0009
2.0009
2.0009
2.0009
2.0009
2.0009
2.0009
2.0009
2.0009
2.0009
2.0009
2.0009
2.0008
2.0008
2.0008
2.0008
2.0008
2.0008
2.0008
2.0008
2.0008
2.0008
2.0008
2.0007
2.0007
2.0007
2.0007
2.0007
2.0007
2.0007
2.0007
2.0007
2.0007
2.0006
2.0006
2.0006
2.0006
2.0006
2.0006
2.0006
2.0006
2.0005
2.0005
2.0005
2.0005
2.0005
2.0005
2.0005
2.0004
2.0004
2.0004
2.0004
2.0004
2.0004
2.0004
2.0003
2.0003
2.0003
2.0003
2.0003
2.0003
2.0002
2.0002
2.0002
2.0002
2.0002
2.0001
2.0001
2.0001
2.0001
2.0001
2.0
2.0
2.0
2.0
1.9999
1.9999
1.9999
1.9999
1.9998
1.9998
1.9998
1.9998
1.9997
1.9997
1.9997
1.9996
1.9996
1.9996
1.9995
1.9995
1.9995
1.9994
1.9994
1.9993
1.9993
1.9992
1.9992
1.9992
1.9991
1.9991
1.999
1.9989
1.9989
1.9988
1.9988
1.9987
1.9986
1.9986
1.9985
1.9984
1.9983
1.9983
1.9982
1.9981
1.998
1.9979
1.9978
1.9976
1.9975
1.9974
1.9973
1.9971
1.9969
1.9968
1.9966
1.9964
1.9962
1.9959
1.9957
1.9954
1.9951
1.9948
1.9944
1.994
1.9936
1.9931
1.9926
1.9919
1.9913
1.9906
1.9898
1.989
1.9882
1.9875
1.9868
1.9862
1.9857
1.9852
1.9847
1.9842
1.9837
1.9832
1.9827
1.9821
1.9816
1.9809
1.9803
1.9796
1.9789
1.9781
1.9772
1.9764
1.9754
1.9744
1.9734
1.9722
1.971
1.9696
1.9682
1.9667
1.965
1.9632
1.9613
1.9592
1.9569
1.9544
1.9516
1.9486
1.9453
1.9416
1.9376
1.9331
1.9281
1.9226
1.9164
1.9094
1.9015
1.8926
1.8824
1.8708
1.8573
1.8417
1.8233
1.8014
1.7751
1.7416
1.719
1.5897
2.9821
2.0533
2.0454
2.0449
2.0397
2.0367
2.0307
2.0224
2.0028
1.9188
.869
1.9289
2.044
2.0279
2.0309
2.0224
2.0212
2.0155
2.012
2.0065
2.0011
1.9943
1.9863
1.976
1.9626
1.944
1.9167
1.8734
1.7971
1.6426
1.278
.6266
.2773
.2758
.1933
.1887
.1744
.1687
.1598
.1537
.1474
.1419
.1368
.132
.1277
.1235
.1198
.1162
.1129
.1097
.1068
.104
.1013
.0989
.0965
.0943
.0921
.0901
.0882
.0863
.0846
.0829
.0813
.0797
.0782
.0768
.0754
.0741
.0729
.0716
.0705
.0693
.0682
.0672
.0661
.0652
.0642
.0633
.0624
.0615
.0607
.0598
.059
.0583
.0575
.0568
.0561
.0554
.0547
.0541
.0534
.0528
.0522
.0516
.051
.0505
.0499
