4.1361
3.7478
3.4316
3.1218
2.7841
2.4514
2.2205
2.1194
2.0803
2.0586
2.042
2.0274
2.0141
2.0019
1.9904
1.9796
1.9694
1.9596
1.95
1.9407
1.9315
1.9224
1.9133
1.9042
1.8951
1.8859
1.8767
1.8674
1.8581
1.8488
1.8394
1.8301
1.8207
1.8114
1.802
1.7927
1.7833
1.774
1.7645
1.7551
1.7455
1.7358
1.7259
1.7159
1.7056
1.6949
1.6839
1.6725
1.6605
1.6479
1.6346
1.6204
1.6052
1.5887
1.5709
1.5513
1.5297
1.5058
1.4791
1.449
1.4151
1.3766
1.3328
1.2832
1.2272
1.1645
1.0954
1.0207
.9423
.8622
.7832
.7076
.6372
.5733
.5162
.4657
.4215
.383
.3493
.32
.2943
.2718
.252
.2344
.2189
.205
.1926
.1814
.1714
.1623
.154
.1465
.1396
.1332
.1274
.1221
.1171
.1125
.1082
.1042
.1005
.097
.0937
.0907
.0878
.0851
.0825
.0801
.0778
.0757
.0736
.0716
.0698
.068
.0663
.0647
.0632
.0617
.0603
.059
.0577
.0565
.0553
.0541
.053
.052
.051
.05
