4.5397
4.0733
3.6344
3.2509
2.8988
2.5875
2.3738
2.2798
2.2507
2.2391
2.23
2.2204
2.2102
2.1998
2.1893
2.179
2.169
2.1593
2.1499
2.1407
2.1318
2.1231
2.1144
2.1058
2.0973
2.0887
2.08
2.0712
2.0622
2.053
2.0435
2.0336
2.0233
2.0125
2.0011
1.9889
1.9758
1.9617
1.9463
1.9295
1.9109
1.89
1.8666
1.8399
1.8095
1.7745
1.7342
1.6881
1.6356
1.5769
1.5122
1.4428
1.3702
1.2959
1.2219
1.1494
1.0797
1.0136
.9514
.8934
.8396
.7899
.7441
.7018
.663
.6273
.5944
.5641
.5362
.5105
.4866
.4646
.4441
.4251
.4075
.391
.3757
.3613
.3479
.3353
.3235
.3124
.3019
.2921
.2828
.274
.2657
.2578
.2504
.2433
.2366
.2302
.2241
.2183
.2127
.2074
.2024
.1976
.1929
.1885
.1842
.1802
.1763
.1725
.1689
.1654
.1621
.1588
.1557
.1527
.1498
.147
.1443
.1417
.1392
.1368
.1344
.1321
.1299
.1278
.1257
.1237
.1217
.1198
.118
.1162
.1145
.1128
.1111
.1095
.108
.1064
.105
.1035
.1021
.1008
.0994
.0981
.0969
.0956
.0944
.0932
.0921
.091
.0899
.0888
.0877
.0867
.0857
.0847
.0838
.0828
.0819
.081
.0801
.0792
.0784
.0776
.0768
.076
.0752
.0744
.0737
.0729
.0722
.0715
.0708
.0701
.0694
.0688
.0681
.0675
.0669
.0663
.0657
.0651
.0645
.0639
.0634
.0628
.0623
.0617
.0612
.0607
.0602
.0597
.0592
.0587
.0582
.0577
.0573
.0568
.0564
.0559
.0555
.0551
.0546
.0542
.0538
.0534
.053
.0526
.0522
.0518
.0515
.0511
.0507
.0504
.05
.0497
