4.139
3.5677
3.0753
2.6646
2.3862
2.2743
2.2479
2.2406
2.2353
2.2296
2.2234
2.2167
2.2097
2.2024
2.1949
2.1872
2.1792
2.1709
2.1625
2.1538
2.1449
2.1358
2.1265
2.1171
2.1076
2.0979
2.0881
2.0782
2.0682
2.058
2.0478
2.0373
2.0267
2.0159
2.0049
1.9936
1.9821
1.9702
1.9579
1.9452
1.9321
1.9183
1.9039
1.8887
1.8725
1.8552
1.8365
1.816
1.7933
1.7681
1.7396
1.7072
1.6703
1.6283
1.5807
1.5275
1.4691
1.4064
1.3407
1.2736
1.2065
1.1408
1.0775
1.0171
.9601
.9065
.8564
.8098
.7663
.7258
.6882
.6531
.6206
.5902
.5619
.5355
.5109
.488
.4665
.4465
.4277
.4101
.3937
.3782
.3637
.3501
.3373
.3252
.3139
.3032
.2931
.2836
.2745
.266
.2579
.2503
.243
.2361
.2295
.2232
.2173
.2116
.2062
.201
.1961
.1913
.1868
.1825
.1783
.1743
.1705
.1668
.1633
.1599
.1566
.1535
.1505
.1475
.1447
.142
.1394
.1368
.1344
.132
.1297
.1275
.1254
.1233
.1213
.1193
.1174
.1156
.1138
.112
.1103
.1087
.1071
.1055
.104
.1026
.1011
.0997
.0984
.0971
.0958
.0945
.0933
.0921
.0909
.0898
.0887
.0876
.0865
.0855
.0845
.0835
.0825
.0816
.0806
.0797
.0788
.078
.0771
.0763
.0755
.0747
.0739
.0731
.0724
.0716
.0709
.0702
.0695
.0688
.0681
.0675
.0668
.0662
.0656
.065
.0644
.0638
.0632
.0626
.0621
.0615
.061
.0604
.0599
.0594
.0589
.0584
.0579
.0574
.0569
.0565
.056
.0556
.0551
.0547
.0542
.0538
.0534
.053
.0526
.0522
.0518
.0514
.051
.0506
.0503
.0499
