4.1592
3.9733
3.8473
3.7452
3.6468
3.5392
3.4109
3.2512
3.053
2.8267
2.6201
2.4939
2.4432
2.4229
2.4094
2.3969
2.3843
2.3717
2.3594
2.3475
2.3361
2.3252
2.3149
2.305
2.2955
2.2863
2.2774
2.2686
2.2599
2.2513
2.2427
2.2341
2.2254
2.2167
2.208
2.1992
2.1904
2.1815
2.1726
2.1636
2.1545
2.1453
2.1357
2.1258
2.1153
2.104
2.0915
2.0772
2.0603
2.0395
2.0128
1.9769
1.9269
1.8552
1.7524
1.6111
1.4364
1.2513
1.0824
.9413
.827
.7347
.6598
.5983
.5473
.5044
.4679
.4365
.4092
.3852
.364
.345
.3281
.3127
.2987
.286
.2743
.2636
.2536
.2444
.2359
.2279
.2204
.2134
.2069
.2007
.1949
.1894
.1843
.1794
.1747
.1703
.1661
.1622
.1584
.1548
.1513
.1481
.1449
.1419
.139
.1363
.1337
.1311
.1287
.1263
.1241
.1219
.1198
.1178
.1159
.114
.1122
.1105
.1088
.1071
.1056
.104
.1025
.1011
.0997
.0983
.097
.0958
.0945
.0933
.0921
.091
.0899
.0888
.0877
.0867
.0857
.0847
.0838
.0828
.0819
.081
.0802
.0793
.0785
.0777
.0769
.0761
.0754
.0746
.0739
.0732
.0725
.0718
.0712
.0705
.0699
.0692
.0686
.068
.0674
.0668
.0663
.0657
.0651
.0646
.0641
.0635
.063
.0625
.062
.0615
.0611
.0606
.0601
.0597
.0592
.0588
.0583
.0579
.0575
.0571
.0567
.0562
.0558
.0555
.0551
.0547
.0543
.0539
.0536
.0532
.0529
.0525
.0522
.0518
.0515
.0512
.0508
.0505
.0502
.0499
