4.0936
3.7073
3.3621
3.012
2.6584
2.3781
2.2463
2.2121
2.2033
2.1976
2.1912
2.1839
2.1759
2.1674
2.1585
2.1493
2.1398
2.1299
2.1196
2.1091
2.0982
2.087
2.0755
2.0637
2.0518
2.0397
2.0276
2.0155
2.0035
1.9918
1.9804
1.9694
1.9589
1.9489
1.9395
1.9307
1.9225
1.9149
1.9077
1.9011
1.895
1.8893
1.8841
1.8792
1.8746
1.8703
1.8663
1.8626
1.8591
1.8558
1.8527
1.8497
1.8469
1.8443
1.8418
1.8394
1.8371
1.8349
1.8328
1.8308
1.8289
1.8271
1.8253
1.8236
1.8219
1.8204
1.8188
1.8174
1.8159
1.8145
1.8132
1.8119
1.8106
1.8094
1.8082
1.807
1.8059
1.8047
1.8036
1.8026
1.8015
1.8005
1.7995
1.7985
1.7976
1.7966
1.7957
1.7948
1.7939
1.793
1.7921
1.7912
1.7904
1.7895
1.7887
1.7879
1.7871
1.7863
1.7855
1.7847
1.7839
1.7831
1.7824
1.7816
1.7808
1.7801
1.7793
1.7785
1.7778
1.777
1.7763
1.7755
1.7748
1.774
1.7733
1.7725
1.7718
1.771
1.7702
1.7695
1.7687
1.7679
1.7671
1.7664
1.7656
1.7647
1.7639
1.7631
1.7623
1.7614
1.7605
1.7596
1.7587
1.7578
1.7569
1.7559
1.7549
1.7539
1.7529
1.7518
1.7508
1.7496
1.7485
1.7473
1.746
1.7447
1.7434
1.7419
1.7405
1.7389
1.7373
1.7356
1.7338
1.7319
1.7299
1.7278
1.7255
1.7231
1.7205
1.7177
1.7146
1.7113
1.7077
1.7037
1.6993
1.6944
1.689
1.6828
1.6758
1.6678
1.6585
1.6476
1.6347
1.6192
1.6002
1.5766
1.5466
1.5079
1.4571
1.3897
1.3007
1.187
1.0518
.9076
.7721
.6579
.5675
.4972
.442
.3977
.3614
.3313
.3057
.2839
.2649
.2484
.2338
.2209
.2094
.1991
.1897
.1813
.1736
.1665
.1601
.1541
.1486
.1435
.1388
.1344
.1302
.1264
.1227
.1193
.1161
.1131
.1102
.1075
.1049
.1024
.1001
.0979
.0957
.0937
.0918
.0899
.0881
.0864
.0848
.0832
.0817
.0802
.0788
.0775
.0762
.0749
.0737
.0725
.0714
.0703
.0692
.0682
.0672
.0662
.0653
.0643
.0635
.0626
.0618
.0609
.0601
.0594
.0586
.0579
.0572
.0565
.0558
.0551
.0545
.0538
.0532
.0526
.052
.0514
.0509
.0503
.0498
