4.094
3.4995
2.9777
2.5631
2.2942
2.1777
2.1424
2.1305
2.1227
2.1148
2.1058
2.0958
2.0849
2.0732
2.061
2.0485
2.0357
2.0228
2.0101
1.9975
1.9852
1.9733
1.9618
1.9507
1.94
1.9298
1.9201
1.9107
1.9016
1.8929
1.8845
1.8762
1.8682
1.8602
1.8523
1.8445
1.8365
1.8285
1.8202
1.8117
1.8027
1.7932
1.783
1.772
1.7599
1.7465
1.7314
1.7142
1.6943
1.6712
1.6441
1.612
1.5739
1.5288
1.476
1.4152
1.3471
1.2732
1.196
1.1183
1.043
.9719
.9062
.8463
.7921
.7431
.6989
.6588
.6224
.5893
.5591
.5314
.506
.4826
.461
.441
.4224
.4052
.3891
.3741
.3601
.347
.3347
.3231
.3123
.302
.2924
.2833
.2746
.2665
.2587
.2514
.2444
.2378
.2315
.2254
.2197
.2142
.209
.204
.1992
.1946
.1902
.186
.1819
.178
.1743
.1707
.1672
.1639
.1606
.1575
.1546
.1517
.1489
.1462
.1436
.141
.1386
.1362
.134
.1317
.1296
.1275
.1255
.1235
.1216
.1197
.1179
.1162
.1145
.1128
.1112
.1096
.1081
.1066
.1052
.1038
.1024
.101
.0997
.0984
.0972
.096
.0948
.0936
.0925
.0914
.0903
.0892
.0882
.0872
.0862
.0852
.0843
.0833
.0824
.0815
.0806
.0798
.0789
.0781
.0773
.0765
.0757
.075
.0742
.0735
.0728
.0721
.0714
.0707
.07
.0694
.0687
.0681
.0675
.0669
.0663
.0657
.0651
.0645
.064
.0634
.0629
.0623
.0618
.0613
.0608
.0603
.0598
.0593
.0588
.0583
.0579
.0574
.057
.0565
.0561
.0557
.0552
.0548
.0544
.054
.0536
.0532
.0528
.0524
.0521
.0517
.0513
.051
.0506
.0502
.0499
