4.5588
4.1844
3.9542
3.8116
3.7011
3.5956
3.4795
3.3401
3.1662
2.9525
2.7152
2.5055
2.3735
2.3097
2.2777
2.2566
2.2396
2.2242
2.2098
2.196
2.1828
2.17
2.1576
2.1456
2.1339
2.1223
2.111
2.0996
2.0883
2.0769
2.0651
2.053
2.0404
2.027
2.0126
1.9969
1.9796
1.9602
1.9382
1.913
1.8837
1.8493
1.8087
1.7606
1.7037
1.6369
1.5598
1.4733
1.3797
1.2829
1.1868
1.0949
1.0094
.9314
.861
.7979
.7414
.6908
.6456
.6051
.5687
.5359
.5062
.4794
.455
.4327
.4124
.3937
.3766
.3608
.3462
.3327
.3202
.3085
.2977
.2876
.2781
.2692
.2609
.253
.2457
.2387
.2321
.2259
.22
.2144
.2091
.2041
.1993
.1948
.1904
.1862
.1823
.1785
.1748
.1713
.168
.1648
.1617
.1587
.1559
.1531
.1505
.1479
.1454
.1431
.1407
.1385
.1364
.1343
.1323
.1303
.1284
.1266
.1248
.1231
.1214
.1197
.1181
.1166
.1151
.1136
.1122
.1108
.1094
.1081
.1068
.1056
.1044
.1032
.102
.1008
.0997
.0986
.0976
.0965
.0955
.0945
.0935
.0926
.0916
.0907
.0898
.0889
.0881
.0872
.0864
.0856
.0848
.084
.0832
.0825
.0818
.081
.0803
.0796
.0789
.0783
.0776
.0769
.0763
.0757
.075
.0744
.0738
.0732
.0727
.0721
.0715
.071
.0704
.0699
.0694
.0688
.0683
.0678
.0673
.0668
.0664
.0659
.0654
.0649
.0645
.064
.0636
.0632
.0627
.0623
.0619
.0615
.0611
.0607
.0603
.0599
.0595
.0591
.0587
.0584
.058
.0576
.0573
.0569
.0566
.0562
.0559
.0555
.0552
.0549
.0546
.0542
.0539
.0536
.0533
.053
.0527
.0524
.0521
.0518
.0515
.0512
.0509
.0507
.0504
.0501
.0498
