4.2618
3.8714
3.5664
3.3042
3.0529
2.8125
2.6138
2.4916
2.4394
2.4205
2.4101
2.4
2.3883
2.375
2.3602
2.3442
2.3272
2.3095
2.2914
2.2731
2.255
2.2373
2.2203
2.2043
2.1893
2.1754
2.1627
2.1511
2.1405
2.1308
2.122
2.1138
2.1063
2.0993
2.0927
2.0865
2.0805
2.0748
2.0692
2.0639
2.0586
2.0535
2.0485
2.0436
2.0388
2.0341
2.0294
2.0248
2.0203
2.0159
2.0116
2.0074
2.0033
1.9992
1.9952
1.9914
1.9876
1.9839
1.9803
1.9768
1.9734
1.97
1.9668
1.9636
1.9605
1.9575
1.9545
1.9516
1.9488
1.9461
1.9434
1.9408
1.9383
1.9358
1.9334
1.931
1.9287
1.9265
1.9242
1.9221
1.9199
1.9179
1.9158
1.9138
1.9119
1.91
1.9081
1.9062
1.9044
1.9026
1.9009
1.8991
1.8974
1.8958
1.8941
1.8925
1.8909
1.8893
1.8877
1.8862
1.8846
1.8831
1.8816
1.8801
1.8786
1.8771
1.8757
1.8742
1.8728
1.8713
1.8699
1.8684
1.867
1.8655
1.8641
1.8626
1.8611
1.8597
1.8582
1.8566
1.8551
1.8535
1.8519
1.8503
1.8486
1.8468
1.845
1.8432
1.8412
1.8392
1.837
1.8348
1.8324
1.8298
1.8271
1.8241
1.8209
1.8173
1.8135
1.8091
1.8043
1.7988
1.7926
1.7855
1.7772
1.7676
1.7562
1.7426
1.7263
1.7064
1.6821
1.652
1.6144
1.5674
1.5087
1.4361
1.3487
1.248
1.1393
1.0308
.9302
.8421
.7676
.7055
.6539
.6108
.5745
.5438
.5174
.4945
.4745
.4569
.4412
.4272
.4146
.4032
.3928
.3832
.3744
.3663
.3588
.3517
.3451
.3389
.333
.3275
.3222
.3172
.3124
.3078
.3034
.2991
.295
.291
.2871
.2834
.2797
.2761
.2726
.2691
.2657
.2623
.259
.2557
.2525
.2492
.246
.2428
.2396
.2364
.2332
.23
.2268
.2235
.2203
.2171
.2138
.2105
.2073
.204
.2007
.1974
.1941
.1908
.1875
.1842
.1809
.1776
.1744
.1712
.168
.1649
.1618
.1588
.1558
.1529
.15
.1472
.1445
.1418
.1392
.1367
.1342
.1318
.1295
.1273
.1251
.123
.121
.119
.1171
.1152
.1134
.1117
.1101
.1084
.1069
.1054
.1039
.1025
.1011
.0998
.0985
.0972
.096
.0948
.0937
.0926
.0915
.0905
.0895
.0885
.0875
.0866
.0857
.0848
.0839
.0831
.0823
.0815
.0807
.0799
.0792
.0785
.0777
.0771
.0764
.0757
.0751
.0744
.0738
.0732
.0726
.0721
.0715
.0709
.0704
.0699
.0693
.0688
.0683
.0678
.0673
.0669
.0664
.0659
.0655
.065
.0646
.0642
.0638
.0634
.063
.0626
.0622
.0618
.0614
.061
.0607
.0603
.0599
.0596
.0593
.0589
.0586
.0582
.0579
.0576
.0573
.057
.0567
.0564
.0561
.0558
.0555
.0552
.0549
.0547
.0544
.0541
.0538
.0536
.0533
.0531
.0528
.0526
.0523
.0521
.0518
.0516
.0514
.0511
.0509
.0507
.0504
.0502
.05
.0498
