4.436
4.0148
3.683
3.4157
3.1655
2.9122
2.671
2.4868
2.3884
2.3511
2.338
2.3311
2.3253
2.3195
2.3133
2.3069
2.3003
2.2935
2.2865
2.2792
2.2715
2.2634
2.2549
2.246
2.2367
2.2271
2.2172
2.2072
2.1971
2.1871
2.1771
2.1674
2.158
2.1488
2.14
2.1315
2.1233
2.1155
2.1081
2.101
2.0942
2.0877
2.0814
2.0754
2.0696
2.0639
2.0583
2.0529
2.0474
2.0419
2.0363
2.0305
2.0243
2.0177
2.0104
2.0021
1.9926
1.9812
1.9675
1.9504
1.9286
1.9003
1.8629
1.8128
1.7458
1.657
1.5434
1.4073
1.2583
1.1111
.9776
.863
.7673
.6881
.6225
.5679
.5221
.4832
.4499
.4211
.396
.3739
.3544
.337
.3213
.3072
.2944
.2828
.2721
.2623
.2533
.2449
.2371
.2298
.2231
.2167
.2108
.2052
.1999
.1949
.1902
.1858
.1815
.1775
.1736
.17
.1665
.1631
.1599
.1569
.1539
.1511
.1484
.1458
.1433
.1409
.1385
.1363
.1341
.132
.13
.128
.1261
.1242
.1225
.1207
.119
.1174
.1158
.1143
.1128
.1113
.1099
.1085
.1072
.1059
.1046
.1033
.1021
.1009
.0998
.0986
.0975
.0965
.0954
.0944
.0934
.0924
.0914
.0905
.0896
.0886
.0878
.0869
.086
.0852
.0844
.0836
.0828
.082
.0813
.0805
.0798
.0791
.0784
.0777
.077
.0764
.0757
.0751
.0744
.0738
.0732
.0726
.072
.0714
.0709
.0703
.0697
.0692
.0687
.0681
.0676
.0671
.0666
.0661
.0656
.0651
.0647
.0642
.0637
.0633
.0628
.0624
.062
.0615
.0611
.0607
.0603
.0599
.0595
.0591
.0587
.0583
.0579
.0575
.0572
.0568
.0564
.0561
.0557
.0554
.0551
.0547
.0544
.054
.0537
.0534
.0531
.0528
.0525
.0521
.0518
.0515
.0512
.051
.0507
.0504
.0501
.0498
