4.0223
3.8589
3.7423
3.6371
3.5254
3.3957
3.2396
3.0535
2.8453
2.6415
2.4817
2.3871
2.3415
2.3184
2.3025
2.288
2.2733
2.2579
2.2418
2.225
2.2077
2.19
2.1721
2.1541
2.1362
2.1184
2.1009
2.0837
2.0671
2.051
2.0354
2.0205
2.0061
1.9923
1.9791
1.9664
1.9543
1.9426
1.9313
1.9205
1.9102
1.9001
1.8904
1.8811
1.872
1.8632
1.8545
1.8461
1.8379
1.8297
1.8216
1.8136
1.8056
1.7974
1.7892
1.7808
1.772
1.7628
1.7531
1.7427
1.7313
1.7186
1.7043
1.6878
1.6682
1.6446
1.6153
1.5781
1.5297
1.466
1.382
1.2739
1.1433
1.0004
.8611
.738
.6357
.5531
.4868
.4334
.3899
.3542
.3244
.2992
.2778
.2593
.2432
.2291
.2166
.2055
.1955
.1865
.1784
.171
.1642
.1579
.1522
.1469
.142
.1374
.1331
.1291
.1253
.1218
.1185
.1154
.1124
.1096
.107
.1044
.102
.0997
.0976
.0955
.0935
.0916
.0898
.088
.0864
.0848
.0832
.0817
.0803
.0789
.0776
.0763
.0751
.0739
.0727
.0716
.0705
.0694
.0684
.0674
.0665
.0655
.0646
.0638
.0629
.0621
.0613
.0605
.0597
.059
.0582
.0575
.0568
.0562
.0555
.0549
.0542
.0536
.053
.0525
.0519
.0513
.0508
.0502
.0497
