5.187
4.8598
4.4182
3.9741
3.6332
3.3728
3.1444
2.9236
2.7077
2.5166
2.3824
2.3115
2.2782
2.2584
2.2416
2.225
2.2084
2.1921
2.1764
2.1618
2.1483
2.136
2.1248
2.1146
2.1052
2.0965
2.0883
2.0805
2.073
2.0657
2.0585
2.0515
2.0443
2.0372
2.0298
2.0223
2.0144
2.0062
1.9974
1.988
1.9778
1.9666
1.954
1.9399
1.9238
1.905
1.883
1.8567
1.8249
1.7861
1.7383
1.6795
1.6076
1.5216
1.4228
1.3152
1.2056
1.101
1.0058
.9219
.8491
.7861
.7314
.6838
.642
.6051
.5723
.543
.5167
.4929
.4714
.4518
.4339
.4175
.4024
.3885
.3757
.3637
.3526
.3423
.3326
.3236
.3151
.3071
.2996
.2925
.2858
.2795
.2734
.2677
.2623
.2571
.2521
.2474
.2428
.2385
.2343
.2303
.2264
.2227
.2192
.2157
.2124
.2092
.2061
.2031
.2002
.1974
.1947
.192
.1894
.1869
.1845
.1822
.1799
.1777
.1755
.1734
.1713
.1693
.1673
.1654
.1636
.1617
.16
.1582
.1565
.1549
.1532
.1516
.1501
.1486
.1471
.1456
.1442
.1428
.1414
.14
.1387
.1374
.1361
.1349
.1336
.1324
.1313
.1301
.1289
.1278
.1267
.1256
.1246
.1235
.1225
.1215
.1205
.1195
.1185
.1176
.1166
.1157
.1148
.1139
.113
.1122
.1113
.1105
.1096
.1088
.108
.1072
.1064
.1057
.1049
.1042
.1034
.1027
.102
.1013
.1006
.0999
.0992
.0985
.0979
.0972
.0966
.0959
.0953
.0947
.0941
.0934
.0928
.0923
.0917
.0911
.0905
.09
.0894
.0889
.0883
.0878
.0872
.0867
.0862
.0857
.0852
.0847
.0842
.0837
.0832
.0827
.0822
.0818
.0813
.0809
.0804
.08
.0795
.0791
.0786
.0782
.0778
.0774
.0769
.0765
.0761
.0757
.0753
.0749
.0745
.0741
.0738
.0734
.073
.0726
.0723
.0719
.0715
.0712
.0708
.0705
.0701
.0698
.0694
.0691
.0688
.0684
.0681
.0678
.0674
.0671
.0668
.0665
.0662
.0659
.0656
.0653
.065
.0647
.0644
.0641
.0638
.0635
.0632
.0629
.0626
.0624
.0621
.0618
.0615
.0613
.061
.0607
.0605
.0602
.06
.0597
.0594
.0592
.0589
.0587
.0585
.0582
.058
.0577
.0575
.0573
.057
.0568
.0566
.0563
.0561
.0559
.0557
.0554
.0552
.055
.0548
.0546
.0543
.0541
.0539
.0537
.0535
.0533
.0531
.0529
.0527
.0525
.0523
.0521
.0519
.0517
.0515
.0513
.0511
.0509
.0508
.0506
.0504
.0502
.05
.0498
