4.3415
3.8038
3.3394
2.961
2.6509
2.4222
2.293
2.244
2.2318
2.2293
2.227
2.2223
2.2148
2.2044
2.1914
2.1761
2.1591
2.1407
2.1216
2.1023
2.0835
2.0655
2.0485
2.0328
2.0183
2.0051
1.9931
1.9822
1.9722
1.9631
1.9548
1.947
1.9399
1.9332
1.927
1.9211
1.9156
1.9104
1.9053
1.9005
1.8959
1.8914
1.8871
1.8829
1.8787
1.8746
1.8705
1.8665
1.8624
1.8582
1.8539
1.8495
1.8449
1.84
1.8347
1.829
1.8226
1.8155
1.8074
1.798
1.7868
1.7733
1.7568
1.7362
1.71
1.6761
1.6319
1.5737
1.4975
1.4
1.2815
1.148
1.0112
.8831
.7708
.6762
.5979
.5334
.4801
.4357
.3984
.3668
.3398
.3164
.2961
.2782
.2624
.2484
.2358
.2244
.2141
.2048
.1963
.1884
.1812
.1746
.1684
.1627
.1573
.1523
.1476
.1433
.1391
.1352
.1316
.1281
.1248
.1217
.1187
.1159
.1132
.1106
.1082
.1059
.1036
.1015
.0994
.0974
.0956
.0937
.092
.0903
.0887
.0871
.0856
.0841
.0827
.0814
.08
.0788
.0775
.0763
.0752
.074
.0729
.0719
.0709
.0699
.0689
.0679
.067
.0661
.0652
.0644
.0636
.0628
.062
.0612
.0605
.0597
.059
.0583
.0576
.057
.0563
.0557
.0551
.0545
.0539
.0533
.0527
.0522
.0516
.0511
.0506
.0501
.0495
