4.4706
4.0786
3.7841
3.5593
3.36
3.1623
2.9602
2.765
2.6042
2.5017
2.4517
2.4285
2.4135
2.3991
2.383
2.365
2.3452
2.3239
2.3018
2.2791
2.2566
2.2345
2.2134
2.1934
2.1746
2.1572
2.141
2.1261
2.1121
2.0991
2.0869
2.0754
2.0645
2.0542
2.0443
2.0349
2.0259
2.0173
2.009
2.0011
1.9936
1.9863
1.9794
1.9728
1.9665
1.9604
1.9546
1.9491
1.9438
1.9388
1.9339
1.9293
1.9249
1.9206
1.9166
1.9127
1.9089
1.9053
1.9019
1.8986
1.8954
1.8923
1.8893
1.8865
1.8837
1.881
1.8784
1.8759
1.8735
1.8712
1.8689
1.8667
1.8645
1.8624
1.8604
1.8584
1.8564
1.8545
1.8527
1.8508
1.849
1.8473
1.8455
1.8438
1.8421
1.8405
1.8388
1.8371
1.8355
1.8338
1.8322
1.8305
1.8288
1.8271
1.8254
1.8236
1.8218
1.8199
1.8179
1.8159
1.8137
1.8115
1.809
1.8064
1.8036
1.8006
1.7972
1.7935
1.7894
1.7848
1.7795
1.7735
1.7667
1.7586
1.7493
1.7382
1.7249
1.7091
1.6898
1.6664
1.6375
1.602
1.5579
1.5035
1.4368
1.3566
1.2636
1.1613
1.056
.9549
.8634
.7837
.7158
.6583
.6094
.5678
.5319
.5008
.4735
.4493
.4279
.4086
.3912
.3753
.3608
.3475
.3352
.3237
.3131
.3031
.2937
.2849
.2766
.2686
.2611
.2539
.2471
.2405
.2342
.2282
.2224
.2168
.2114
.2062
.2012
.1963
.1916
.1871
.1827
.1784
.1743
.1703
.1664
.1627
.1591
.1556
.1522
.1489
.1457
.1426
.1396
.1367
.134
.1313
.1287
.1261
.1237
.1214
.1191
.1169
.1147
.1127
.1107
.1088
.1069
.1051
.1033
.1017
.1
.0984
.0969
.0954
.094
.0926
.0912
.0899
.0886
.0874
.0862
.085
.0838
.0827
.0817
.0806
.0796
.0786
.0776
.0767
.0758
.0749
.074
.0732
.0724
.0715
.0708
.07
.0692
.0685
.0678
.0671
.0664
.0657
.0651
.0644
.0638
.0632
.0626
.062
.0615
.0609
.0603
.0598
.0593
.0588
.0582
.0577
.0573
.0568
.0563
.0558
.0554
.0549
.0545
.0541
.0537
.0532
.0528
.0524
.052
.0517
.0513
.0509
.0505
.0502
.0498
