4.2899
3.7571
3.3067
2.964
2.6884
2.4531
2.2661
2.1474
2.0872
2.0558
2.0348
2.0176
2.0027
1.9896
1.9782
1.9683
1.9594
1.9515
1.944
1.937
1.9302
1.9236
1.9171
1.9107
1.9043
1.8979
1.8916
1.8854
1.8792
1.873
1.8669
1.8608
1.8548
1.8489
1.843
1.8371
1.8314
1.8256
1.82
1.8144
1.8089
1.8034
1.798
1.7927
1.7874
1.7822
1.7771
1.772
1.7671
1.7622
1.7573
1.7526
1.7479
1.7433
1.7387
1.7342
1.7298
1.7255
1.7212
1.717
1.7128
1.7088
1.7047
1.7008
1.6969
1.693
1.6892
1.6855
1.6818
1.6781
1.6745
1.671
1.6675
1.664
1.6606
1.6572
1.6538
1.6505
1.6472
1.644
1.6407
1.6375
1.6343
1.6311
1.628
1.6249
1.6217
1.6186
1.6155
1.6124
1.6094
1.6063
1.6032
1.6001
1.597
1.5939
1.5909
1.5877
1.5846
1.5815
1.5784
1.5752
1.572
1.5688
1.5656
1.5624
1.5592
1.5559
1.5526
1.5493
1.546
1.5426
1.5393
1.5359
1.5325
1.5292
1.5258
1.5224
1.519
1.5156
1.5123
1.5089
1.5056
1.5023
1.4991
1.4958
1.4927
1.4895
1.4865
1.4834
1.4805
1.4776
1.4748
1.472
1.4693
1.4666
1.4641
1.4616
1.4591
1.4567
1.4544
1.4522
1.45
1.4478
1.4457
1.4437
1.4417
1.4398
1.4379
1.436
1.4342
1.4324
1.4307
1.4289
1.4273
1.4256
1.424
1.4224
1.4208
1.4193
1.4178
1.4162
1.4148
1.4133
1.4119
1.4104
1.409
1.4076
1.4063
1.4049
1.4035
1.4022
1.4009
1.3996
1.3983
1.397
1.3957
1.3944
1.3932
1.3919
1.3907
1.3895
1.3883
1.3871
1.3859
1.3847
1.3835
1.3824
1.3812
1.3801
1.379
1.3778
1.3767
1.3756
1.3745
1.3734
1.3724
1.3713
1.3703
1.3692
1.3682
1.3671
1.3661
1.3651
1.3641
1.3631
1.3621
1.3611
1.3601
1.3591
1.358
1.357
1.356
1.3549
1.3538
1.3527
1.3516
1.3504
1.3491
1.3477
1.3463
1.3448
1.3431
1.3413
1.3393
1.3371
1.3346
1.3318
1.3286
1.3249
1.3206
1.3157
1.31
1.3033
1.2954
1.2861
1.275
1.2618
1.2462
1.2277
1.2059
1.1801
1.1502
1.1158
1.0769
1.034
.988
.94
.8917
.8445
.7995
.7576
.719
.6838
.6517
.6223
.5954
.5704
.547
.525
.5041
.4841
.4648
.4461
.428
.4104
.3931
.3763
.36
.3441
.3286
.3137
.2994
.2857
.2726
.2601
.2483
.2371
.2266
.2168
.2075
.1988
.1907
.1831
.176
.1693
.1631
.1572
.1518
.1466
.1417
.1372
.1329
.1288
.125
.1213
.1179
.1146
.1115
.1086
.1058
.1031
.1005
.0981
.0958
.0936
.0914
.0894
.0875
.0856
.0838
.0821
.0804
.0788
.0773
.0758
.0744
.073
.0717
.0704
.0691
.0679
.0668
.0657
.0646
.0635
.0625
.0615
.0606
.0596
.0587
.0579
.057
.0562
.0554
.0546
.0538
.0531
.0524
.0517
.051
.0503
.0497
