4.6395
4.1821
3.7651
3.4035
3.0446
2.6758
2.3723
2.2143
2.1572
2.1333
2.1184
2.1065
2.0961
2.0867
2.0781
2.0701
2.0627
2.0557
2.0492
2.043
2.0372
2.0315
2.0261
2.0209
2.0157
2.0107
2.0057
2.0008
1.9958
1.9907
1.9856
1.9804
1.9751
1.9696
1.964
1.9583
1.9524
1.9464
1.9402
1.934
1.9276
1.9212
1.9148
1.9084
1.9019
1.8955
1.8891
1.8828
1.8766
1.8704
1.8643
1.8582
1.8522
1.8463
1.8404
1.8345
1.8287
1.8228
1.8168
1.8108
1.8047
1.7984
1.7919
1.7851
1.778
1.7705
1.7625
1.7538
1.7443
1.7338
1.722
1.7087
1.6933
1.6754
1.6541
1.6286
1.5974
1.5589
1.5113
1.4523
1.3804
1.2954
1.1995
1.098
.9977
.9044
.8216
.7499
.6883
.6354
.5895
.5493
.5138
.4822
.4538
.4282
.405
.3838
.3645
.3469
.3306
.3157
.3019
.2891
.2773
.2664
.2562
.2467
.2378
.2295
.2217
.2145
.2076
.2012
.1951
.1894
.1839
.1788
.1739
.1693
.1649
.1607
.1567
.1529
.1493
.1459
.1426
.1394
.1363
.1334
.1306
.1279
.1254
.1229
.1205
.1182
.116
.1138
.1118
.1098
.1078
.106
.1042
.1024
.1007
.0991
.0975
.096
.0945
.093
.0916
.0903
.0889
.0877
.0864
.0852
.084
.0828
.0817
.0806
.0796
.0785
.0775
.0765
.0755
.0746
.0737
.0728
.0719
.0711
.0702
.0694
.0686
.0678
.067
.0663
.0656
.0648
.0641
.0635
.0628
.0621
.0615
.0608
.0602
.0596
.059
.0584
.0579
.0573
.0567
.0562
.0557
.0551
.0546
.0541
.0536
.0531
.0527
.0522
.0517
.0513
.0508
.0504
.05
