4.0796
3.7913
3.5781
3.3946
3.2167
3.0299
2.8251
2.61
2.427
2.3192
2.2678
2.2359
2.2086
2.183
2.1591
2.1374
2.1178
2.1003
2.0842
2.0691
2.0545
2.0401
2.0255
2.0106
1.9954
1.9799
1.964
1.9479
1.9317
1.9153
1.8991
1.8829
1.8669
1.8513
1.836
1.8211
1.8066
1.7925
1.7787
1.7653
1.752
1.7389
1.7259
1.7127
1.6992
1.6853
1.6706
1.6549
1.6377
1.6185
1.5965
1.571
1.5406
1.5039
1.4592
1.4046
1.3389
1.262
1.1759
1.0845
.9927
.9051
.8245
.7521
.6881
.6317
.5822
.5387
.5002
.4662
.4359
.4089
.3846
.3628
.3431
.3252
.3089
.294
.2804
.2679
.2563
.2456
.2357
.2265
.218
.21
.2025
.1956
.189
.1828
.177
.1716
.1664
.1615
.1569
.1525
.1484
.1444
.1407
.1371
.1337
.1304
.1273
.1244
.1215
.1188
.1162
.1137
.1113
.1089
.1067
.1046
.1025
.1005
.0986
.0968
.095
.0933
.0916
.09
.0885
.0869
.0855
.0841
.0827
.0814
.0801
.0789
.0776
.0765
.0753
.0742
.0731
.0721
.0711
.0701
.0691
.0682
.0672
.0663
.0655
.0646
.0638
.063
.0622
.0614
.0607
.0599
.0592
.0585
.0578
.0571
.0565
.0558
.0552
.0546
.054
.0534
.0528
.0523
.0517
.0512
.0506
.0501
.0496
