4.178
3.7013
3.3205
3.0082
2.7331
2.5082
2.3679
2.3072
2.285
2.2735
2.2637
2.2537
2.2433
2.233
2.2228
2.2129
2.2033
2.1937
2.1841
2.1742
2.164
2.1531
2.1416
2.1294
2.1164
2.1025
2.0878
2.0722
2.0558
2.0387
2.0208
2.0023
1.9831
1.9634
1.9432
1.9226
1.9014
1.8797
1.8573
1.8342
1.8099
1.7843
1.757
1.7275
1.6953
1.6598
1.6206
1.5772
1.5294
1.4772
1.421
1.3616
1.3
1.2374
1.1749
1.1135
1.054
.9969
.9425
.891
.8426
.7972
.7547
.715
.678
.6436
.6115
.5816
.5539
.528
.5039
.4815
.4605
.441
.4227
.4057
.3897
.3747
.3607
.3475
.3351
.3234
.3124
.302
.2922
.2829
.2741
.2658
.258
.2505
.2434
.2366
.2302
.224
.2182
.2126
.2073
.2022
.1973
.1926
.1881
.1838
.1797
.1758
.172
.1683
.1648
.1614
.1582
.155
.152
.1491
.1463
.1435
.1409
.1384
.1359
.1335
.1312
.129
.1268
.1247
.1227
.1207
.1188
.1169
.1151
.1134
.1116
.11
.1084
.1068
.1053
.1038
.1023
.1009
.0995
.0982
.0969
.0956
.0944
.0931
.092
.0908
.0897
.0886
.0875
.0864
.0854
.0844
.0834
.0824
.0815
.0806
.0797
.0788
.0779
.0771
.0762
.0754
.0746
.0738
.0731
.0723
.0716
.0708
.0701
.0694
.0687
.0681
.0674
.0668
.0661
.0655
.0649
.0643
.0637
.0631
.0625
.062
.0614
.0609
.0603
.0598
.0593
.0588
.0583
.0578
.0573
.0568
.0564
.0559
.0554
.055
.0545
.0541
.0537
.0533
.0528
.0524
.052
.0516
.0512
.0509
.0505
.0501
.0497
