4.5882
4.1038
3.622
3.2004
2.8375
2.5642
2.4292
2.3956
2.3907
2.3862
2.3783
2.3676
2.3553
2.3423
2.3292
2.3164
2.304
2.2923
2.2811
2.2705
2.2603
2.2506
2.2412
2.232
2.2229
2.2139
2.2049
2.1957
2.1863
2.1766
2.1665
2.1558
2.1445
2.1325
2.1198
2.1064
2.0923
2.0775
2.0622
2.0465
2.0307
2.0148
1.9992
1.984
1.9694
1.9553
1.942
1.9295
1.9177
1.9067
1.8963
1.8867
1.8776
1.8692
1.8612
1.8537
1.8467
1.84
1.8336
1.8275
1.8217
1.8161
1.8107
1.8054
1.8002
1.7951
1.7901
1.7851
1.7801
1.775
1.7699
1.7646
1.7592
1.7536
1.7476
1.7413
1.7345
1.7272
1.7191
1.7102
1.7001
1.6886
1.6754
1.6598
1.6413
1.6191
1.592
1.5586
1.5171
1.4657
1.4024
1.3262
1.2376
1.1396
1.0376
.9379
.8459
.7645
.6944
.6347
.584
.5408
.5036
.4714
.4432
.4182
.396
.3761
.3581
.3417
.3268
.313
.3003
.2886
.2777
.2675
.258
.2491
.2407
.2329
.2254
.2184
.2118
.2055
.1996
.1939
.1885
.1834
.1786
.1739
.1695
.1653
.1612
.1573
.1536
.1501
.1467
.1434
.1403
.1373
.1344
.1316
.1289
.1263
.1239
.1215
.1191
.1169
.1148
.1127
.1107
.1087
.1068
.105
.1033
.1015
.0999
.0983
.0967
.0952
.0937
.0923
.0909
.0896
.0883
.087
.0858
.0846
.0834
.0822
.0811
.08
.079
.0779
.0769
.076
.075
.0741
.0731
.0723
.0714
.0705
.0697
.0689
.0681
.0673
.0665
.0658
.0651
.0644
.0637
.063
.0623
.0616
.061
.0604
.0597
.0591
.0585
.058
.0574
.0568
.0563
.0557
.0552
.0547
.0542
.0537
.0532
.0527
.0522
.0517
.0513
.0508
.0504
.0499
