4.3656
3.8599
3.4148
3.0266
2.6906
2.4625
2.3684
2.3437
2.3346
2.3264
2.3172
2.3072
2.2968
2.2861
2.2754
2.2646
2.2539
2.2431
2.2324
2.2216
2.2109
2.2002
2.1896
2.1791
2.1688
2.1586
2.1486
2.1389
2.1294
2.1201
2.111
2.1022
2.0937
2.0854
2.0773
2.0694
2.0617
2.0542
2.0469
2.0397
2.0326
2.0257
2.0189
2.0121
2.0055
1.999
1.9925
1.9861
1.9798
1.9735
1.9674
1.9613
1.9552
1.9493
1.9434
1.9377
1.932
1.9264
1.9209
1.9154
1.9101
1.9049
1.8998
1.8948
1.8898
1.885
1.8803
1.8757
1.8712
1.8668
1.8625
1.8584
1.8543
1.8503
1.8464
1.8426
1.8389
1.8352
1.8317
1.8282
1.8248
1.8214
1.8182
1.8149
1.8117
1.8086
1.8055
1.8024
1.7993
1.7963
1.7933
1.7903
1.7873
1.7843
1.7813
1.7783
1.7753
1.7723
1.7693
1.7663
1.7633
1.7603
1.7573
1.7543
1.7513
1.7484
1.7454
1.7424
1.7395
1.7366
1.7337
1.7308
1.728
1.7252
1.7224
1.7197
1.717
1.7143
1.7117
1.7091
1.7066
1.704
1.7016
1.6992
1.6968
1.6945
1.6922
1.69
1.6878
1.6856
1.6836
1.6815
1.6795
1.6776
1.6757
1.6738
1.672
1.6702
1.6685
1.6669
1.6653
1.6637
1.6622
1.6607
1.6592
1.6578
1.6565
1.6552
1.6539
1.6527
1.6516
1.6504
1.6493
1.6483
1.6473
1.6463
1.6454
1.6445
1.6437
1.6429
1.6421
1.6414
1.6407
1.64
1.6394
1.6388
1.6383
1.6377
1.6372
1.6368
1.6364
1.636
1.6356
1.6352
1.6349
1.6346
1.6344
1.6341
1.6339
1.6337
1.6336
1.6334
1.6333
1.6332
1.6331
1.633
1.633
1.6327
1.6333
1.632
1.635
1.6282
1.644
1.6079
1.693
1.5027
1.9603
1.2384
2.2857
1.2433
2.2478
1.2556
2.218
1.2848
2.196
1.3108
2.1784
1.3383
2.1646
1.3647
2.1543
1.3891
2.1471
1.4107
2.1426
1.4294
2.1404
1.4451
2.1402
1.458
2.1418
1.4684
2.1447
1.4768
2.1488
1.4834
2.1537
1.4887
2.1593
1.493
2.1654
1.4966
2.1718
1.4997
2.1784
1.5024
2.1852
1.505
2.1921
1.5073
2.199
1.5096
2.206
1.5118
2.2129
1.514
2.2199
1.5162
2.2268
1.5184
2.2337
1.5206
2.2405
1.5228
2.2473
1.5251
2.2541
1.5274
2.2607
1.5298
2.2674
1.5322
2.2739
1.5346
2.2804
1.537
2.2869
1.5395
2.2932
1.542
2.2995
1.5446
2.3058
1.5471
2.3119
1.5496
2.318
1.5522
2.324
