3.8586
3.3083
2.8519
2.5044
2.2865
2.1977
2.1696
2.1513
2.1301
2.1061
2.081
2.0567
2.0341
2.0137
1.9956
1.9796
1.9654
1.9526
1.941
1.9303
1.9205
1.9113
1.9026
1.8944
1.8865
1.879
1.8718
1.8649
1.8581
1.8515
1.8451
1.8388
1.8325
1.8263
1.8202
1.814
1.8078
1.8016
1.7952
1.7887
1.782
1.7751
1.7678
1.7602
1.7522
1.7436
1.7344
1.7244
1.7135
1.7015
1.6882
1.6732
1.6562
1.6367
1.6144
1.5883
1.5579
1.5221
1.4799
1.4304
1.3728
1.3071
1.2341
1.1562
1.0765
.9985
.925
.8577
.7971
.7429
.6945
.6513
.6123
.5772
.5453
.5162
.4897
.4654
.4432
.4226
.4037
.3862
.3701
.3551
.3411
.3281
.316
.3047
.2941
.2841
.2748
.266
.2577
.2499
.2425
.2355
.2289
.2226
.2166
.2109
.2055
.2003
.1954
.1907
.1862
.1819
.1777
.1738
.17
.1663
.1628
.1595
.1562
.1531
.1501
.1472
.1444
.1417
.1391
.1366
.1342
.1318
.1295
.1273
.1252
.1231
.1211
.1192
.1173
.1154
.1136
.1119
.1102
.1086
.107
.1055
.1039
.1025
.1011
.0997
.0983
.097
.0957
.0944
.0932
.092
.0908
.0897
.0886
.0875
.0864
.0854
.0844
.0834
.0824
.0814
.0805
.0796
.0787
.0778
.077
.0761
.0753
.0745
.0737
.0729
.0722
.0714
.0707
.07
.0693
.0686
.0679
.0673
.0666
.066
.0653
.0647
.0641
.0635
.0629
.0623
.0618
.0612
.0607
.0601
.0596
.0591
.0586
.0581
.0576
.0571
.0566
.0561
.0557
.0552
.0548
.0543
.0539
.0535
.053
.0526
.0522
.0518
.0514
.051
.0506
.0502
.0499
