4.1798
3.8212
3.5267
3.235
2.9111
2.5823
2.3498
2.2558
2.2274
2.2148
2.2052
2.1962
2.1873
2.1784
2.1696
2.1608
2.1521
2.1436
2.1353
2.1273
2.1195
2.112
2.1048
2.098
2.0914
2.0852
2.0794
2.0738
2.0686
2.0636
2.0589
2.0545
2.0502
2.0463
2.0424
2.0388
2.0353
2.0319
2.0286
2.0254
2.0222
2.0191
2.0159
2.0127
2.0094
2.0059
2.0023
1.9985
1.9945
1.9901
1.9855
1.9805
1.975
1.9692
1.9628
1.956
1.9486
1.9407
1.9323
1.9232
1.9135
1.9031
1.8921
1.8802
1.8675
1.8538
1.8389
1.8225
1.8044
1.7841
1.7611
1.7345
1.7035
1.6668
1.6231
1.5707
1.5081
1.4345
1.3502
1.2575
1.1601
1.0628
.97
.8846
.8079
.74
.6802
.6276
.5812
.5402
.5038
.4713
.4423
.4162
.3927
.3714
.352
.3344
.3183
.3035
.29
.2774
.2659
.2551
.2452
.2359
.2273
.2192
.2116
.2045
.1979
.1916
.1857
.1801
.1748
.1698
.1651
.1606
.1563
.1522
.1483
.1446
.1411
.1378
.1345
.1315
.1285
.1257
.123
.1204
.1179
.1155
.1132
.1109
.1088
.1067
.1047
.1028
.1009
.0991
.0974
.0957
.0941
.0925
.091
.0895
.0881
.0867
.0853
.084
.0828
.0815
.0803
.0792
.078
.0769
.0758
.0748
.0738
.0728
.0718
.0709
.07
.0691
.0682
.0673
.0665
.0657
.0649
.0641
.0633
.0626
.0619
.0612
.0605
.0598
.0591
.0585
.0578
.0572
.0566
.056
.0554
.0548
.0543
.0537
.0532
.0526
.0521
.0516
.0511
.0506
.0501
.0497
