4.9739
4.5792
4.0885
3.5957
3.1572
2.7726
2.4628
2.2762
2.2043
2.1801
2.1647
2.1489
2.132
2.1145
2.0971
2.08
2.0636
2.048
2.0332
2.0193
2.0061
1.9936
1.9818
1.9706
1.9599
1.9497
1.9398
1.9304
1.9212
1.9123
1.9035
1.895
1.8866
1.8783
1.87
1.8617
1.8534
1.845
1.8365
1.8277
1.8187
1.8092
1.7993
1.7887
1.7773
1.7648
1.7511
1.7357
1.7182
1.698
1.6744
1.6464
1.6129
1.5723
1.5231
1.4639
1.3938
1.3132
1.2246
1.1322
1.0409
.9551
.8775
.8089
.7491
.697
.6516
.6117
.5764
.545
.5169
.4915
.4684
.4474
.4281
.4103
.3938
.3785
.3642
.3509
.3384
.3267
.3156
.3052
.2954
.2861
.2773
.2689
.261
.2534
.2463
.2394
.2329
.2267
.2208
.2151
.2097
.2046
.1996
.1949
.1903
.186
.1818
.1778
.1739
.1702
.1667
.1633
.16
.1568
.1537
.1508
.1479
.1452
.1425
.14
.1375
.1351
.1328
.1305
.1283
.1262
.1242
.1222
.1203
.1184
.1166
.1148
.1131
.1115
.1099
.1083
.1068
.1053
.1038
.1024
.101
.0997
.0984
.0971
.0959
.0946
.0935
.0923
.0912
.0901
.089
.0879
.0869
.0859
.0849
.0839
.083
.0821
.0812
.0803
.0794
.0786
.0777
.0769
.0761
.0753
.0746
.0738
.0731
.0724
.0717
.071
.0703
.0696
.0689
.0683
.0677
.067
.0664
.0658
.0652
.0646
.0641
.0635
.063
.0624
.0619
.0613
.0608
.0603
.0598
.0593
.0588
.0584
.0579
.0574
.057
.0565
.0561
.0556
.0552
.0548
.0544
.054
.0536
.0532
.0528
.0524
.052
.0516
.0513
.0509
.0505
.0502
.0498
