4.1765
3.8845
3.6744
3.496
3.3202
3.1336
2.9373
2.7528
2.6176
2.5479
2.5207
2.5087
2.4997
2.4904
2.4801
2.4686
2.4562
2.4429
2.4287
2.4137
2.3978
2.3809
2.3629
2.3438
2.3231
2.3007
2.2758
2.2477
2.2147
2.1743
2.1224
2.0526
1.9562
1.8248
1.658
1.4718
1.292
1.1355
1.006
.9008
.8156
.7462
.6892
.6417
.6018
.5677
.5384
.5128
.4904
.4705
.4528
.4369
.4225
.4094
.3975
.3865
.3764
.3671
.3584
.3503
.3428
.3357
.3291
.3228
.3169
.3113
.306
.301
.2962
.2916
.2872
.2831
.279
.2752
.2715
.2679
.2645
.2611
.2579
.2548
.2518
.2489
.246
.2432
.2405
.2379
.2353
.2328
.2303
.2279
.2255
.2232
.2209
.2186
.2164
.2142
.2121
.21
.2079
.2058
.2037
.2017
.1997
.1977
.1958
.1938
.1919
.19
.1881
.1862
.1843
.1825
.1806
.1788
.177
.1751
.1734
.1716
.1698
.168
.1663
.1646
.1628
.1611
.1595
.1578
.1561
.1545
.1528
.1512
.1496
.148
.1465
.1449
.1434
.1419
.1404
.1389
.1375
.136
.1346
.1332
.1319
.1305
.1292
.1279
.1266
.1253
.124
.1228
.1216
.1204
.1192
.1181
.1169
.1158
.1147
.1136
.1126
.1115
.1105
.1095
.1085
.1076
.1066
.1057
.1047
.1038
.1029
.1021
.1012
.1003
.0995
.0987
.0979
.0971
.0963
.0955
.0948
.094
.0933
.0926
.0919
.0912
.0905
.0898
.0891
.0885
.0878
.0872
.0866
.0859
.0853
.0847
.0841
.0836
.083
.0824
.0819
.0813
.0808
.0802
.0797
.0792
.0787
.0781
.0776
.0771
.0767
.0762
.0757
.0752
.0748
.0743
.0738
.0734
.073
.0725
.0721
.0717
.0712
.0708
.0704
.07
.0696
.0692
.0688
.0684
.068
.0677
.0673
.0669
.0665
.0662
.0658
.0655
.0651
.0648
.0644
.0641
.0637
.0634
.0631
.0627
.0624
.0621
.0618
.0615
.0612
.0608
.0605
.0602
.0599
.0596
.0593
.0591
.0588
.0585
.0582
.0579
.0576
.0574
.0571
.0568
.0566
.0563
.056
.0558
.0555
.0553
.055
.0548
.0545
.0543
.054
.0538
.0535
.0533
.0531
.0528
.0526
.0524
.0521
.0519
.0517
.0515
.0512
.051
.0508
.0506
.0504
.0502
.05
