4.6688
4.2164
3.7586
3.3775
3.062
2.7925
2.587
2.4696
2.4213
2.4016
2.3885
2.3759
2.3629
2.3498
2.3369
2.3245
2.3127
2.3017
2.2913
2.2816
2.2724
2.2638
2.2555
2.2476
2.2398
2.2321
2.2244
2.2167
2.2088
2.2007
2.1924
2.1838
2.1748
2.1655
2.1558
2.1457
2.1351
2.1239
2.1122
2.0997
2.0865
2.0724
2.0572
2.0409
2.0234
2.0044
1.9839
1.9617
1.9375
1.9112
1.8822
1.8502
1.8144
1.7741
1.7285
1.6768
1.6185
1.5537
1.483
1.408
1.3307
1.2536
1.1785
1.1071
1.0403
.9785
.9217
.8697
.8223
.779
.7395
.7034
.6704
.64
.6121
.5863
.5625
.5404
.5199
.5007
.4829
.4662
.4505
.4358
.4219
.4088
.3965
.3848
.3737
.3632
.3531
.3436
.3345
.3258
.3176
.3096
.3021
.2948
.2878
.2811
.2747
.2686
.2626
.2569
.2514
.2461
.241
.2361
.2314
.2268
.2224
.2181
.214
.21
.2061
.2024
.1987
.1952
.1918
.1886
.1854
.1823
.1793
.1764
.1735
.1708
.1681
.1655
.163
.1605
.1581
.1558
.1536
.1514
.1492
.1471
.1451
.1431
.1412
.1393
.1375
.1357
.1339
.1322
.1305
.1289
.1273
.1258
.1242
.1227
.1213
.1199
.1185
.1171
.1158
.1145
.1132
.1119
.1107
.1095
.1083
.1072
.1061
.105
.1039
.1028
.1018
.1007
.0997
.0988
.0978
.0968
.0959
.095
.0941
.0932
.0923
.0915
.0907
.0898
.089
.0882
.0874
.0867
.0859
.0852
.0844
.0837
.083
.0823
.0816
.081
.0803
.0796
.079
.0784
.0777
.0771
.0765
.0759
.0753
.0748
.0742
.0736
.0731
.0725
.072
.0715
.0709
.0704
.0699
.0694
.0689
.0684
.0679
.0675
.067
.0665
.0661
.0656
.0652
.0648
.0643
.0639
.0635
.0631
.0626
.0622
.0618
.0614
.061
.0607
.0603
.0599
.0595
.0592
.0588
.0584
.0581
.0577
.0574
.057
.0567
.0564
.056
.0557
.0554
.0551
.0547
.0544
.0541
.0538
.0535
.0532
.0529
.0526
.0523
.052
.0517
.0515
.0512
.0509
.0506
.0504
.0501
.0498
