4.5609
4.1783
3.8693
3.6058
3.3277
2.9912
2.6176
2.3528
2.2644
2.2403
2.2253
2.2112
2.1973
2.1839
2.171
2.1587
2.1471
2.1363
2.1261
2.1166
2.1078
2.0997
2.0921
2.0852
2.0789
2.073
2.0677
2.0628
2.0584
2.0543
2.0506
2.0472
2.0441
2.0413
2.0387
2.0363
2.0342
2.0322
2.0304
2.0287
2.0272
2.0258
2.0246
2.0234
2.0223
2.0213
2.0204
2.0195
2.0187
2.0179
2.0172
2.0165
2.0158
2.0151
2.0144
2.0136
2.0128
2.012
2.0111
2.0101
2.009
2.0077
2.0063
2.0048
2.003
2.001
1.9987
1.9962
1.9934
1.9904
1.987
1.9834
1.9795
1.9753
1.9708
1.9661
1.9611
1.9558
1.9503
1.9445
1.9383
1.9319
1.9252
1.9182
1.9109
1.9034
1.8957
1.8879
1.8801
1.8723
1.8647
1.8573
1.8502
1.8433
1.8369
1.8307
1.825
1.8196
1.8145
1.8098
1.8054
1.8012
1.7974
1.7937
1.7903
1.7871
1.784
1.7811
1.7784
1.7758
1.7733
1.771
1.7687
1.7665
1.7644
1.7624
1.7604
1.7585
1.7566
1.7548
1.753
1.7513
1.7495
1.7478
1.7462
1.7445
1.7428
1.7412
1.7395
1.7379
1.7362
1.7345
1.7328
1.7311
1.7293
1.7275
1.7257
1.7238
1.7218
1.7198
1.7177
1.7155
1.7132
1.7108
1.7083
1.7056
1.7027
1.6996
1.6963
1.6927
1.6889
1.6846
1.68
1.6748
1.6691
1.6626
1.6554
1.6471
1.6375
1.6264
1.6134
1.5979
1.5793
1.5567
1.5289
1.4944
1.4512
1.397
1.3295
1.2468
1.1491
1.0398
.9258
.8154
.7154
.6289
.5562
.4958
.4455
.4036
.3683
.3383
.3126
.2904
.2711
.2541
.2391
.2258
.2139
.2031
.1934
.1846
.1765
.1692
.1624
.1561
.1503
.145
.14
.1353
.131
.1269
.1231
.1195
.1161
.1129
.1099
.107
.1043
.1017
.0992
.0969
.0947
.0925
.0905
.0886
.0867
.0849
.0832
.0815
.08
.0785
.077
.0756
.0742
.0729
.0717
.0704
.0693
.0681
.067
.0659
.0649
.0639
.0629
.062
.0611
.0602
.0593
.0585
.0577
.0569
.0561
.0554
.0546
.0539
.0532
.0526
.0519
.0513
.0506
.05
.0494
