4.219
3.7336
3.3013
2.8984
2.5274
2.2565
2.13
2.0895
2.0743
2.0639
2.0537
2.0427
2.0307
2.0179
2.0045
1.9906
1.9764
1.962
1.9475
1.933
1.9186
1.9043
1.8901
1.8761
1.8621
1.848
1.8338
1.8192
1.804
1.7879
1.7705
1.7514
1.73
1.7056
1.6772
1.6439
1.6045
1.5582
1.5042
1.4426
1.374
1.3005
1.2242
1.1476
1.073
1.0019
.9352
.8732
.8161
.7637
.7158
.672
.632
.5955
.562
.5314
.5033
.4775
.4538
.4319
.4117
.3931
.3758
.3597
.3448
.3309
.3179
.3057
.2944
.2838
.2738
.2644
.2555
.2472
.2393
.2319
.2249
.2182
.2119
.2059
.2002
.1948
.1896
.1847
.18
.1755
.1712
.1671
.1632
.1594
.1558
.1523
.149
.1458
.1427
.1398
.1369
.1342
.1316
.129
.1266
.1242
.1219
.1197
.1175
.1155
.1135
.1115
.1097
.1078
.1061
.1044
.1027
.1011
.0995
.098
.0965
.0951
.0937
.0923
.091
.0897
.0884
.0872
.086
.0849
.0837
.0826
.0816
.0805
.0795
.0785
.0775
.0765
.0756
.0747
.0738
.0729
.0721
.0713
.0704
.0696
.0689
.0681
.0673
.0666
.0659
.0652
.0645
.0638
.0632
.0625
.0619
.0612
.0606
.06
.0594
.0589
.0583
.0577
.0572
.0567
.0561
.0556
.0551
.0546
.0541
.0536
.0531
.0527
.0522
.0518
.0513
.0509
.0504
.05
.0496
