4.4363
4.0067
3.7154
3.4999
3.3049
3.1102
2.9136
2.722
2.5462
2.3971
2.2816
2.1987
2.1417
2.1031
2.0764
2.0576
2.0438
2.0333
2.0251
2.0185
2.013
2.0083
2.0041
2.0003
1.9968
1.9935
1.9904
1.9874
1.9845
1.9816
1.9788
1.976
1.9732
1.9704
1.9676
1.9648
1.962
1.9592
1.9565
1.9538
1.9511
1.9485
1.9459
1.9435
1.9411
1.9388
1.9367
1.9346
1.9326
1.9308
1.929
1.9273
1.9256
1.9241
1.9225
1.9211
1.9196
1.9182
1.9168
1.9154
1.9141
1.9128
1.9115
1.9102
1.9089
1.9077
1.9064
1.9052
1.904
1.9029
1.9017
1.9006
1.8995
1.8984
1.8974
1.8964
1.8953
1.8943
1.8934
1.8924
1.8915
1.8906
1.8897
1.8888
1.8879
1.887
1.8862
1.8854
1.8846
1.8838
1.883
1.8822
1.8815
1.8807
1.88
1.8792
1.8785
1.8778
1.8771
1.8764
1.8758
1.8751
1.8744
1.8738
1.8732
1.8725
1.8719
1.8713
1.8707
1.8701
1.8695
1.8689
1.8683
1.8677
1.8671
1.8666
1.866
1.8655
1.8649
1.8644
1.8639
1.8633
1.8628
1.8623
1.8618
1.8613
1.8608
1.8603
1.8598
1.8593
1.8588
1.8583
1.8579
1.8574
1.8569
1.8565
1.856
1.8556
1.8551
1.8547
1.8543
1.8538
1.8534
1.853
1.8526
1.8522
1.8518
1.8513
1.8509
1.8505
1.8501
1.8498
1.8494
1.849
1.8486
1.8482
1.8479
1.8475
1.8471
1.8468
1.8464
1.846
1.8457
1.8453
1.845
1.8446
1.8443
1.844
1.8436
1.8433
1.843
1.8426
1.8423
1.842
1.8417
1.8414
1.8411
1.8407
1.8404
1.8401
1.8398
1.8395
1.8392
1.8389
1.8386
1.8384
1.8381
1.8378
1.8375
1.8372
1.8369
1.8367
1.8364
1.8361
1.8359
1.8356
1.8353
1.8351
1.8348
1.8345
1.8343
1.834
1.8338
1.8335
1.8333
1.833
1.8328
1.8325
1.8323
1.832
1.8318
1.8316
1.8313
1.8311
1.8309
1.8306
1.8304
1.8302
1.8299
1.8297
1.8295
1.8293
1.8291
1.8288
1.8286
1.8284
1.8282
1.828
1.8278
1.8276
1.8273
1.8271
1.8269
1.8267
1.8265
1.8263
1.8261
1.8259
1.8257
1.8255
1.8253
1.8251
1.8249
1.8247
1.8245
1.8243
1.8242
1.824
1.8238
1.8236
1.8234
1.8232
1.823
1.8229
1.8227
1.8225
1.8223
1.8221
1.8219
1.8218
1.8216
1.8214
1.8212
1.8211
1.8209
1.8207
1.8205
1.8204
1.8202
1.82
1.8198
1.8197
1.8195
1.8193
1.8192
1.819
1.8188
1.8187
1.8185
1.8183
1.8182
1.818
1.8178
1.8177
1.8175
1.8173
1.8172
1.817
1.8169
1.8167
1.8165
1.8164
1.8162
1.8161
1.8159
1.8157
1.8156
1.8154
1.8153
1.8151
1.8149
1.8148
1.8146
1.8145
1.8143
1.8141
1.814
1.8138
1.8137
1.8135
1.8134
1.8132
1.813
1.8129
1.8127
1.8126
1.8124
1.8122
1.8121
1.8119
1.8118
1.8116
1.8114
1.8113
1.8111
1.811
1.8108
1.8106
1.8105
1.8103
1.8101
1.81
1.8098
1.8096
1.8095
1.8093
1.8091
1.809
1.8088
1.8086
1.8085
1.8083
1.8081
1.8079
1.8078
1.8076
1.8074
1.8072
1.8071
1.8069
1.8067
1.8065
1.8063
1.8061
1.806
1.8058
1.8056
1.8054
1.8052
1.805
1.8048
1.8046
1.8044
1.8042
1.804
1.8038
1.8036
1.8034
1.8031
1.8029
1.8027
1.8025
1.8023
1.802
1.8018
1.8016
1.8013
1.8011
1.8009
1.8006
1.8004
1.8001
1.7998
1.7996
1.7993
1.799
1.7988
1.7985
1.7982
1.7979
1.7976
1.7973
1.797
1.7967
1.7964
1.796
1.7957
1.7953
1.795
1.7946
1.7943
1.7939
1.7935
1.7931
1.7927
1.7923
1.7919
1.7914
1.791
1.7905
1.79
1.7895
1.789
1.7885
1.788
1.7874
1.7868
1.7862
1.7856
1.785
1.7843
1.7836
1.7829
1.7822
1.7814
1.7806
1.7798
1.7789
1.778
1.777
1.776
1.775
1.7739
1.7727
1.7715
1.7702
1.7688
1.7674
1.7659
1.7643
1.7625
1.7607
1.7587
1.7566
1.7543
1.7519
1.7492
1.7463
1.7431
1.7396
1.7357
1.7313
1.7264
1.7207
1.7141
1.7062
1.6966
1.6844
1.6684
1.646
1.6125
1.558
1.4622
1.2867
.9913
.6523
.4814
.4023
.3434
.308
.2774
.2557
.2366
.2214
.208
.1966
.1866
.1777
.1698
.1627
.1562
.1503
.1449
.14
.1354
.1312
.1272
.1235
.1201
.1169
.1139
.111
.1083
.1058
.1034
.1011
.0989
.0968
.0949
.093
.0912
.0895
.0878
.0863
.0847
.0833
.0819
.0805
.0792
.078
.0768
.0756
.0745
.0734
.0723
.0713
.0703
.0693
.0684
.0675
.0666
.0658
.065
.0641
.0634
.0626
.0619
.0611
.0604
.0597
.0591
.0584
.0578
.0571
.0565
.0559
.0554
.0548
.0542
.0537
.0532
.0526
.0521
.0516
.0511
.0507
.0502
.0497
