4.646
4.2356
3.9024
3.6546
3.446
3.242
3.0228
2.7875
2.5694
2.4233
2.3547
2.322
2.2983
2.2759
2.2539
2.2327
2.2127
2.1943
2.1772
2.1614
2.1463
2.1317
2.1172
2.1027
2.088
2.0731
2.0579
2.0423
2.0264
2.0101
1.9933
1.976
1.9581
1.9395
1.9202
1.8999
1.8785
1.8557
1.8311
1.8042
1.7744
1.741
1.703
1.6593
1.609
1.5511
1.4853
1.4119
1.3324
1.2491
1.1646
1.0816
1.0024
.9281
.8597
.7972
.7406
.6895
.6433
.6017
.5641
.5302
.4994
.4715
.4461
.423
.4018
.3824
.3645
.3481
.3329
.3188
.3058
.2937
.2824
.2719
.262
.2528
.2442
.2361
.2284
.2212
.2144
.208
.2019
.1962
.1907
.1855
.1806
.1759
.1714
.1671
.1631
.1592
.1555
.1519
.1485
.1452
.1421
.1391
.1362
.1334
.1307
.1281
.1256
.1232
.1209
.1187
.1165
.1144
.1124
.1105
.1086
.1068
.105
.1033
.1016
.1
.0985
.0969
.0955
.094
.0927
.0913
.09
.0887
.0875
.0863
.0851
.0839
.0828
.0817
.0806
.0796
.0786
.0776
.0766
.0757
.0748
.0739
.073
.0721
.0713
.0705
.0697
.0689
.0681
.0674
.0666
.0659
.0652
.0645
.0638
.0632
.0625
.0619
.0612
.0606
.06
.0594
.0589
.0583
.0577
.0572
.0566
.0561
.0556
.0551
.0546
.0541
.0536
.0531
.0527
.0522
.0518
.0513
.0509
.0504
.05
.0496
