3.92
3.4263
2.9545
2.5197
2.244
2.1566
2.136
2.1254
2.1157
2.1059
2.0959
2.0861
2.0765
2.0672
2.0582
2.0494
2.041
2.0327
2.0247
2.0168
2.0089
2.0011
1.9933
1.9854
1.9775
1.9694
1.9612
1.9528
1.9443
1.9357
1.9269
1.9179
1.9088
1.8995
1.8901
1.8806
1.8709
1.8611
1.8513
1.8413
1.8313
1.8211
1.8109
1.8006
1.7902
1.7796
1.769
1.7582
1.7473
1.7361
1.7246
1.7129
1.7007
1.6881
1.6747
1.6606
1.6454
1.6289
1.6108
1.5904
1.5674
1.5409
1.5101
1.4741
1.4319
1.3827
1.3258
1.2614
1.1904
1.1147
1.0367
.9594
.885
.8154
.7515
.6937
.6417
.5951
.5534
.516
.4824
.4521
.4247
.4
.3775
.357
.3383
.3212
.3056
.2912
.278
.2659
.2546
.2443
.2346
.2257
.2173
.2096
.2023
.1955
.1891
.1831
.1775
.1722
.1672
.1624
.1579
.1537
.1497
.1458
.1422
.1387
.1354
.1322
.1292
.1263
.1235
.1209
.1183
.1159
.1136
.1113
.1091
.1071
.105
.1031
.1012
.0994
.0977
.096
.0944
.0928
.0913
.0898
.0884
.087
.0856
.0843
.0831
.0818
.0807
.0795
.0784
.0773
.0762
.0752
.0741
.0732
.0722
.0713
.0703
.0695
.0686
.0677
.0669
.0661
.0653
.0645
.0638
.0631
.0623
.0616
.0609
.0603
.0596
.059
.0583
.0577
.0571
.0565
.0559
.0554
.0548
.0543
.0537
.0532
.0527
.0522
.0517
.0512
.0507
.0502
.0498
