3.7647
3.3083
2.9107
2.5873
2.4002
2.3422
2.3312
2.3257
2.3182
2.3084
2.2971
2.2849
2.2722
2.2592
2.246
2.2327
2.2193
2.2056
2.1918
2.1777
2.1634
2.1488
2.1339
2.1187
2.1032
2.0875
2.0716
2.0556
2.0393
2.023
2.0066
1.9902
1.9739
1.9577
1.9417
1.926
1.9107
1.8958
1.8814
1.8674
1.854
1.8411
1.8287
1.8169
1.8055
1.7945
1.784
1.7738
1.7639
1.7543
1.7449
1.7357
1.7266
1.7176
1.7086
1.6996
1.6905
1.6813
1.6719
1.6623
1.6524
1.6422
1.6315
1.6204
1.6088
1.5965
1.5835
1.5697
1.5549
1.539
1.522
1.5035
1.4835
1.4616
1.4377
1.4115
1.3825
1.3506
1.3153
1.2762
1.2333
1.1861
1.135
1.0802
1.0224
.9627
.9024
.8429
.7855
.7312
.6807
.6342
.5918
.5533
.5186
.4872
.4587
.433
.4096
.3883
.3688
.3509
.3344
.3192
.3052
.2922
.28
.2687
.2582
.2483
.239
.2303
.2221
.2144
.2071
.2003
.1938
.1877
.1819
.1764
.1711
.1662
.1615
.157
.1527
.1487
.1448
.1411
.1376
.1342
.131
.1279
.125
.1222
.1195
.1169
.1144
.112
.1097
.1074
.1053
.1032
.1013
.0994
.0975
.0957
.094
.0923
.0907
.0892
.0877
.0862
.0848
.0835
.0821
.0808
.0796
.0784
.0772
.0761
.075
.0739
.0728
.0718
.0708
.0699
.0689
.068
.0671
.0662
.0654
.0646
.0638
.063
.0622
.0614
.0607
.06
.0593
.0586
.0579
.0573
.0566
.056
.0554
.0548
.0542
.0536
.0531
.0525
.052
.0515
.0509
.0504
.0499
