3.6913
3.2983
2.9383
2.6128
2.3814
2.2753
2.2419
2.2304
2.2233
2.2168
2.2101
2.2034
2.1967
2.1902
2.1839
2.1777
2.1718
2.166
2.1603
2.1548
2.1492
2.1437
2.1382
2.1326
2.1269
2.1211
2.1153
2.1093
2.1032
2.097
2.0907
2.0842
2.0776
2.071
2.0641
2.0572
2.05
2.0427
2.0352
2.0274
2.0193
2.0109
2.002
1.9926
1.9826
1.9718
1.96
1.9471
1.9328
1.9168
1.8987
1.878
1.8543
1.8268
1.7946
1.7567
1.7121
1.6596
1.5983
1.5281
1.4493
1.364
1.2747
1.1847
1.0971
1.0142
.9374
.8674
.8042
.7475
.6966
.6509
.61
.5731
.5398
.5097
.4823
.4574
.4346
.4138
.3947
.377
.3608
.3457
.3317
.3188
.3067
.2954
.2848
.275
.2657
.257
.2487
.241
.2337
.2268
.2203
.2141
.2082
.2026
.1973
.1922
.1874
.1828
.1783
.1741
.1701
.1663
.1626
.159
.1556
.1524
.1492
.1462
.1433
.1405
.1378
.1352
.1327
.1302
.1279
.1256
.1234
.1213
.1193
.1173
.1153
.1135
.1117
.1099
.1082
.1066
.1049
.1034
.1019
.1004
.0989
.0976
.0962
.0949
.0936
.0923
.0911
.0899
.0887
.0876
.0865
.0854
.0843
.0833
.0823
.0813
.0803
.0794
.0785
.0776
.0767
.0758
.075
.0742
.0734
.0726
.0718
.071
.0703
.0696
.0688
.0681
.0674
.0668
.0661
.0655
.0648
.0642
.0636
.063
.0624
.0618
.0612
.0607
.0601
.0596
.059
.0585
.058
.0575
.057
.0565
.056
.0556
.0551
.0546
.0542
.0537
.0533
.0529
.0525
.052
.0516
.0512
.0508
.0504
.05
.0497
