4.0302
3.8188
3.6556
3.4995
3.326
3.1204
2.8843
2.6576
2.5071
2.4416
2.4125
2.3912
2.3705
2.3496
2.3288
2.3084
2.2886
2.2696
2.2515
2.2343
2.2182
2.203
2.1888
2.1755
2.1631
2.1515
2.1406
2.1304
2.1207
2.1115
2.1028
2.0944
2.0864
2.0787
2.0713
2.0641
2.0571
2.0502
2.0436
2.0371
2.0307
2.0244
2.0182
2.0121
2.006
2.0
1.9941
1.9882
1.9823
1.9764
1.9706
1.9648
1.959
1.9532
1.9475
1.9418
1.936
1.9304
1.9247
1.9191
1.9136
1.908
1.9025
1.8971
1.8917
1.8863
1.881
1.8757
1.8704
1.8652
1.86
1.8548
1.8496
1.8445
1.8394
1.8343
1.8292
1.8241
1.8189
1.8138
1.8087
1.8035
1.7983
1.7931
1.7878
1.7825
1.7771
1.7717
1.7663
1.7608
1.7552
1.7495
1.7438
1.738
1.7322
1.7262
1.7202
1.7141
1.708
1.7018
1.6954
1.6891
1.6826
1.6761
1.6695
1.6629
1.6562
1.6494
1.6426
1.6358
1.6289
1.622
1.6151
1.6081
1.6011
1.5942
1.5872
1.5802
1.5732
1.5662
1.5593
1.5524
1.5455
1.5386
1.5318
1.525
1.5182
1.5115
1.5049
1.4983
1.4918
1.4853
1.4789
1.4725
1.4662
1.46
1.4538
1.4477
1.4417
1.4357
1.4298
1.4239
1.4181
1.4124
1.4068
1.4012
1.3957
1.3902
1.3848
1.3795
1.3742
1.369
1.3638
1.3587
1.3537
1.3487
1.3438
1.339
1.3342
1.3294
1.3247
1.3201
1.3155
1.311
1.3066
1.3021
1.2978
1.2935
1.2892
1.285
1.2809
1.2768
1.2728
1.2688
1.2648
1.261
1.2571
1.2533
1.2496
1.2459
1.2423
1.2387
1.2351
1.2317
1.2282
1.2248
1.2215
1.2182
1.2149
1.2117
1.2085
1.2054
1.2024
1.1993
1.1963
1.1934
1.1905
1.1877
1.1849
1.1821
1.1794
1.1767
1.1741
1.1715
1.1689
1.1664
1.164
1.1616
1.1592
1.1569
1.1546
1.1524
1.1502
1.148
1.1459
1.1439
1.1418
1.1399
1.138
1.1361
1.1343
1.1325
1.1308
1.1291
1.1275
1.1259
1.1244
1.123
1.1216
1.1202
1.119
1.1178
1.1166
1.1156
1.1146
1.1136
1.1128
1.1121
1.1114
1.1108
1.1103
1.1099
1.1097
1.1095
1.1095
1.1096
1.1098
1.1102
1.1108
1.1115
1.1124
1.1135
1.1149
1.1164
1.1183
1.1204
1.1228
1.1256
1.1287
1.1322
1.1362
1.1405
1.1454
1.1508
1.1568
1.1633
1.1704
1.178
1.1861
1.1948
1.2038
1.2132
1.223
1.233
1.2435
1.2544
1.2658
1.2777
1.2897
1.3008
1.3099
1.316
1.3192
1.322
1.3302
1.3529
1.3982
1.4552
1.4748
1.4117
1.2612
.9845
.6019
.4478
.5564
.6178
.6375
.5837
.4778
.4357
.4575
.4654
.458
.4471
.4427
.4418
.4398
.4362
.4326
.4296
.4269
.4241
.4212
.4184
.4158
.4131
.4105
.408
.4054
.403
.4006
.3982
.3959
.3936
.3913
.3891
.387
.3848
.3827
.3807
.3787
.3767
.3747
.3728
.3709
.369
.3672
.3654
.3637
.3619
.3602
.3585
.3569
.3552
.3536
.352
.3505
.3489
.3474
.3459
.3444
.343
.3416
.3401
.3387
.3374
.336
.3347
.3334
.3321
.3308
.3295
.3282
.327
.3258
.3246
.3234
.3222
.321
.3198
.3187
.3176
.3164
.3153
.3142
.3131
.3121
.311
.3099
.3089
.3079
.3068
.3058
.3048
.3038
.3028
.3018
.3008
.2998
.2989
.2979
.297
.296
.2951
.2941
.2932
.2923
.2914
.2904
.2895
.2886
.2877
.2868
.2859
.285
.2841
.2833
.2824
.2815
.2806
.2798
.2789
.2781
.2772
.2763
.2755
.2747
.2738
.273
.2721
.2713
.2705
.2697
.2689
.2681
.2673
.2665
.2657
.2649
.2642
.2634
.2627
.2619
.2612
.2605
.2598
.2591
.2585
.2578
.2572
.2566
.256
.2555
.255
.2545
.254
.2536
.2532
.2529
.2526
.2523
.2521
.2519
.2518
.2517
.2517
.2517
.2517
.2519
.252
.2522
.2525
.2528
.2531
.2535
.2538
.2542
.2546
.255
.2554
.2558
.2561
.2563
.2565
.2566
.2565
.2564
.2562
.2559
.2554
.2549
.2544
.2537
.253
.2523
.2516
.2508
.25
.2492
.2483
.2474
.2465
.2456
.2448
.2439
.2431
.2422
.2413
.2403
.2394
.2384
.2375
.2366
.2358
.235
.2342
.2334
.2324
.2315
.2304
.2294
.2285
.2277
.227
.2264
.2257
.2249
.2239
.2227
.2215
.2204
.2196
.2191
.2188
.2185
.218
.217
.2156
.214
.2126
.2116
.2113
.2114
.2116
.2115
.2107
.2091
.2069
.2049
.2037
.2035
.2041
.205
.2054
.2048
.2029
.2002
.1976
.1962
.1963
.1974
.1987
.1994
.1989
.1967
.1936
.1907
.1895
.1899
.1913
.1927
.1933
.1924
.19
.1869
.1846
.1838
.1845
.1858
.1868
.1868
.1855
.1831
.1808
.1793
.1792
.1798
.1805
.1807
.1801
.1786
.1768
.1754
.1748
.1748
.175
.175
.1746
.1736
.1725
.1714
.1707
.1704
.1702
.1699
.1695
.1688
.168
.1673
.1666
.1662
.1657
.1653
.1648
.1643
.1637
.1631
.1625
.162
.1615
.161
.1605
.16
.1595
.159
.1585
.158
.1575
.157
.1565
.156
.1555
.155
.1545
.1541
.1536
.1531
.1526
.1522
.1517
.1512
.1508
.1503
.1499
.1494
.149
.1485
.1481
.1476
.1472
.1467
.1463
.1459
.1454
.145
.1446
.1441
.1437
.1433
.1429
.1425
.142
.1416
.1412
.1408
.1404
.14
.1396
.1392
.1388
.1384
.138
.1376
.1372
.1368
.1364
.1361
.1357
.1353
.1349
.1345
.1342
.1338
.1334
.1331
.1327
.1323
.132
.1316
.1312
.1309
.1305
.1302
.1298
.1295
.1291
.1288
.1284
.1281
.1277
.1274
.1271
.1267
.1264
.126
.1257
.1254
.125
.1247
.1244
.1241
.1237
.1234
.1231
.1228
.1225
.1222
.1218
.1215
.1212
.1209
.1206
.1203
.12
.1197
.1194
.1191
.1188
.1185
.1182
.1179
.1176
.1173
.117
.1167
.1164
.1161
.1159
.1156
.1153
.115
.1147
.1144
.1142
.1139
.1136
.1133
.1131
.1128
.1125
.1122
.112
.1117
.1114
.1112
.1109
.1107
.1104
.1101
.1099
.1096
.1094
.1091
.1088
.1086
.1083
.1081
.1078
.1076
.1073
.1071
.1068
.1066
.1064
.1061
.1059
.1056
.1054
.1052
.1049
.1047
.1044
.1042
.104
.1037
.1035
.1033
.1031
.1028
.1026
.1024
.1021
.1019
.1017
.1015
.1012
.101
.1008
.1006
.1004
.1001
.0999
.0997
.0995
.0993
.0991
.0989
.0986
.0984
.0982
.098
.0978
.0976
.0974
.0972
.097
.0968
.0966
.0964
.0962
.096
.0958
.0956
.0954
.0952
.095
.0948
.0946
.0944
.0942
.094
.0938
.0936
.0934
.0932
.0931
.0929
.0927
.0925
.0923
.0921
.0919
.0917
.0916
.0914
.0912
.091
.0908
.0907
.0905
.0903
.0901
.0899
.0898
.0896
.0894
.0892
.0891
.0889
.0887
.0885
.0884
.0882
.088
.0879
.0877
.0875
.0874
.0872
.087
.0869
.0867
.0865
.0864
.0862
.086
.0859
.0857
.0856
.0854
.0852
.0851
.0849
.0848
.0846
.0844
.0843
.0841
.084
.0838
.0837
.0835
.0834
.0832
.0831
.0829
.0827
.0826
.0824
.0823
.0822
.082
.0819
.0817
.0816
.0814
.0813
.0811
.081
.0808
.0807
.0805
.0804
.0803
.0801
.08
.0798
.0797
.0796
.0794
.0793
.0791
.079
.0789
.0787
.0786
.0784
.0783
.0782
.078
.0779
.0778
.0776
.0775
.0774
.0772
.0771
.077
.0768
.0767
.0766
.0765
.0763
.0762
.0761
.0759
.0758
.0757
.0756
.0754
.0753
.0752
.0751
.0749
.0748
.0747
.0746
.0744
.0743
.0742
.0741
.0739
.0738
.0737
.0736
.0735
.0733
.0732
.0731
.073
.0729
.0728
.0726
.0725
.0724
.0723
.0722
.0721
.0719
.0718
.0717
.0716
.0715
.0714
.0713
.0711
.071
.0709
.0708
.0707
.0706
.0705
.0704
.0702
.0701
.07
.0699
.0698
.0697
.0696
.0695
.0694
.0693
.0692
.0691
.069
.0688
.0687
.0686
.0685
.0684
.0683
.0682
.0681
.068
.0679
.0678
.0677
.0676
.0675
.0674
.0673
.0672
.0671
.067
.0669
.0668
.0667
.0666
.0665
.0664
.0663
.0662
.0661
.066
.0659
.0658
.0657
.0656
.0655
.0654
.0653
.0652
.0651
.065
.0649
.0649
.0648
.0647
.0646
.0645
.0644
.0643
.0642
.0641
.064
.0639
.0638
.0637
.0637
.0636
.0635
.0634
.0633
.0632
.0631
.063
.0629
.0628
.0628
.0627
.0626
.0625
.0624
.0623
.0622
.0621
.0621
.062
.0619
.0618
.0617
.0616
.0615
.0615
.0614
.0613
.0612
.0611
.061
.061
.0609
.0608
.0607
.0606
.0605
.0605
.0604
.0603
.0602
.0601
.0601
.06
.0599
.0598
.0597
.0597
.0596
.0595
.0594
.0593
.0593
.0592
.0591
.059
.0589
.0589
.0588
.0587
.0586
.0586
.0585
.0584
.0583
.0582
.0582
.0581
.058
.0579
.0579
.0578
.0577
.0576
.0576
.0575
.0574
.0573
.0573
.0572
.0571
.057
.057
.0569
.0568
.0568
.0567
.0566
.0565
.0565
.0564
.0563
.0563
.0562
.0561
.056
.056
.0559
.0558
.0558
.0557
.0556
.0555
.0555
.0554
.0553
.0553
.0552
.0551
.0551
.055
.0549
.0549
.0548
.0547
.0547
.0546
.0545
.0545
.0544
.0543
.0543
.0542
.0541
.0541
.054
.0539
.0539
.0538
.0537
.0537
.0536
.0535
.0535
.0534
.0533
.0533
.0532
.0532
.0531
.053
.053
.0529
.0528
.0528
.0527
.0526
.0526
.0525
.0525
.0524
.0523
.0523
.0522
.0522
.0521
.052
.052
.0519
.0518
.0518
.0517
.0517
.0516
.0515
.0515
.0514
.0514
.0513
.0512
.0512
.0511
.0511
.051
.051
.0509
.0508
.0508
.0507
.0507
.0506
.0505
.0505
.0504
.0504
.0503
.0503
.0502
.0501
.0501
.05
.05
