4.4392
3.7945
3.1083
2.5234
2.1985
2.1233
2.1162
2.1139
2.1099
2.1046
2.0987
2.0925
2.086
2.0793
2.0723
2.0649
2.0571
2.0487
2.0397
2.0298
2.0192
2.0077
1.9952
1.9817
1.9672
1.9517
1.9351
1.9173
1.8985
1.8783
1.8566
1.8331
1.8073
1.7788
1.7469
1.7105
1.6689
1.6208
1.5656
1.5026
1.4323
1.3557
1.275
1.1929
1.1122
1.0349
.9626
.8958
.8348
.7793
.7289
.6831
.6416
.6037
.5693
.5378
.5091
.4827
.4586
.4363
.4158
.3969
.3794
.3631
.3481
.3341
.321
.3088
.2974
.2867
.2767
.2673
.2584
.2501
.2422
.2348
.2277
.2211
.2148
.2088
.2031
.1976
.1925
.1876
.1829
.1784
.1741
.17
.1661
.1623
.1587
.1552
.1519
.1487
.1456
.1427
.1398
.1371
.1344
.1319
.1294
.127
.1247
.1225
.1204
.1183
.1163
.1143
.1124
.1106
.1088
.1071
.1054
.1038
.1022
.1007
.0992
.0978
.0963
.095
.0936
.0923
.0911
.0898
.0886
.0875
.0863
.0852
.0841
.083
.082
.081
.08
.079
.0781
.0772
.0763
.0754
.0745
.0737
.0728
.072
.0712
.0705
.0697
.069
.0682
.0675
.0668
.0661
.0654
.0648
.0641
.0635
.0629
.0623
.0617
.0611
.0605
.0599
.0594
.0588
.0583
.0577
.0572
.0567
.0562
.0557
.0552
.0547
.0543
.0538
.0534
.0529
.0525
.052
.0516
.0512
.0508
.0504
.05
