4.0174
3.7073
3.4592
3.2264
2.9873
2.7489
2.5447
2.4096
2.3391
2.3015
2.2742
2.249
2.2236
2.198
2.1725
2.1476
2.1236
2.1008
2.0792
2.0589
2.0398
2.0218
2.0047
1.9885
1.9729
1.9578
1.9431
1.9286
1.9141
1.8995
1.8845
1.8689
1.8525
1.8348
1.8156
1.7943
1.7703
1.743
1.7116
1.6751
1.6328
1.584
1.5281
1.4655
1.397
1.3242
1.249
1.1735
1.0995
1.0284
.9611
.8982
.8397
.7858
.7362
.6907
.649
.6109
.576
.544
.5147
.4878
.4631
.4404
.4194
.4001
.3822
.3656
.3502
.3359
.3225
.3101
.2985
.2876
.2774
.2679
.2589
.2504
.2424
.2349
.2277
.221
.2146
.2086
.2028
.1973
.1921
.1872
.1824
.1779
.1736
.1695
.1656
.1618
.1582
.1547
.1514
.1482
.1451
.1421
.1393
.1365
.1339
.1313
.1289
.1265
.1242
.122
.1199
.1178
.1158
.1138
.112
.1101
.1084
.1067
.105
.1034
.1018
.1003
.0988
.0974
.096
.0946
.0933
.092
.0907
.0895
.0883
.0871
.086
.0849
.0838
.0828
.0817
.0807
.0797
.0788
.0778
.0769
.076
.0752
.0743
.0735
.0726
.0718
.0711
.0703
.0695
.0688
.0681
.0674
.0667
.066
.0653
.0647
.064
.0634
.0628
.0622
.0616
.061
.0604
.0598
.0593
.0587
.0582
.0577
.0572
.0567
.0562
.0557
.0552
.0547
.0542
.0538
.0533
.0529
.0525
.052
.0516
.0512
.0508
.0504
.05
