4.2282
3.8624
3.624
3.4491
3.2964
3.1488
3.0002
2.8507
2.706
2.5775
2.4768
2.4076
2.3632
2.3339
2.3119
2.2932
2.2754
2.2574
2.2385
2.2184
2.1967
2.173
2.1471
2.1186
2.087
2.0516
2.0115
1.9652
1.911
1.8471
1.7718
1.6844
1.5861
1.4804
1.372
1.2661
1.1663
1.0749
.9925
.9189
.8536
.7957
.7443
.6985
.6577
.6211
.5882
.5585
.5315
.507
.4847
.4642
.4453
.428
.4119
.397
.3832
.3703
.3582
.3469
.3364
.3264
.3171
.3082
.2999
.292
.2846
.2775
.2707
.2643
.2582
.2524
.2469
.2416
.2365
.2316
.227
.2225
.2182
.2141
.2101
.2063
.2027
.1991
.1957
.1924
.1892
.1861
.1831
.1803
.1775
.1748
.1722
.1696
.1671
.1647
.1624
.1602
.158
.1558
.1538
.1517
.1498
.1479
.146
.1442
.1424
.1407
.139
.1373
.1357
.1341
.1326
.1311
.1296
.1282
.1268
.1254
.1241
.1228
.1215
.1202
.119
.1178
.1166
.1154
.1143
.1132
.1121
.111
.11
.1089
.1079
.1069
.106
.105
.1041
.1031
.1022
.1013
.1004
.0996
.0987
.0979
.0971
.0963
.0955
.0947
.0939
.0932
.0924
.0917
.091
.0903
.0896
.0889
.0882
.0875
.0869
.0862
.0856
.085
.0843
.0837
.0831
.0825
.082
.0814
.0808
.0802
.0797
.0791
.0786
.0781
.0775
.077
.0765
.076
.0755
.075
.0745
.0741
.0736
.0731
.0727
.0722
.0718
.0713
.0709
.0704
.07
.0696
.0692
.0687
.0683
.0679
.0675
.0671
.0668
.0664
.066
.0656
.0652
.0649
.0645
.0641
.0638
.0634
.0631
.0627
.0624
.0621
.0617
.0614
.0611
.0607
.0604
.0601
.0598
.0595
.0592
.0589
.0586
.0583
.058
.0577
.0574
.0571
.0568
.0565
.0562
.056
.0557
.0554
.0552
.0549
.0546
.0544
.0541
.0538
.0536
.0533
.0531
.0528
.0526
.0524
.0521
.0519
.0516
.0514
.0512
.051
.0507
.0505
.0503
.0501
.0498
