4.5146
4.1617
3.9321
3.7784
3.652
3.5259
3.3828
3.2094
2.9999
2.7716
2.5785
2.4667
2.4159
2.387
2.3631
2.3402
2.3177
2.2959
2.2752
2.2556
2.2373
2.2201
2.2039
2.1885
2.1735
2.1588
2.1437
2.1281
2.1112
2.0926
2.0712
2.0461
2.0155
1.9773
1.9284
1.8648
1.7819
1.6764
1.5497
1.4104
1.2721
1.1461
1.0369
.9444
.8664
.8005
.7446
.6969
.6558
.6201
.589
.5616
.5373
.5157
.4963
.4788
.4629
.4484
.4351
.4229
.4116
.401
.3912
.382
.3734
.3652
.3575
.3502
.3432
.3366
.3302
.3241
.3181
.3124
.3069
.3015
.2963
.2912
.2863
.2814
.2767
.272
.2674
.2629
.2585
.2541
.2498
.2456
.2414
.2372
.2332
.2291
.2252
.2213
.2174
.2136
.2099
.2062
.2026
.199
.1955
.1921
.1888
.1855
.1823
.1791
.1761
.1731
.1702
.1673
.1646
.1619
.1593
.1567
.1542
.1518
.1495
.1472
.145
.1428
.1407
.1387
.1367
.1348
.1329
.1311
.1293
.1276
.1259
.1243
.1227
.1211
.1196
.1181
.1167
.1153
.1139
.1126
.1113
.11
.1088
.1076
.1064
.1053
.1041
.103
.1019
.1009
.0998
.0988
.0978
.0969
.0959
.095
.0941
.0932
.0923
.0914
.0906
.0897
.0889
.0881
.0873
.0866
.0858
.0851
.0843
.0836
.0829
.0822
.0815
.0809
.0802
.0796
.0789
.0783
.0777
.0771
.0765
.0759
.0753
.0747
.0741
.0736
.073
.0725
.072
.0714
.0709
.0704
.0699
.0694
.0689
.0684
.068
.0675
.067
.0666
.0661
.0657
.0653
.0648
.0644
.064
.0636
.0631
.0627
.0623
.0619
.0615
.0612
.0608
.0604
.06
.0597
.0593
.0589
.0586
.0582
.0579
.0575
.0572
.0569
.0565
.0562
.0559
.0556
.0552
.0549
.0546
.0543
.054
.0537
.0534
.0531
.0528
.0525
.0523
.052
.0517
.0514
.0512
.0509
.0506
.0504
.0501
.0498
