4.3289
3.7353
3.0848
2.5539
2.2651
2.1826
2.1741
2.1769
2.179
2.1792
2.178
2.1761
2.1736
2.1709
2.168
2.1652
2.1624
2.1598
2.1572
2.1548
2.1524
2.1502
2.1481
2.1461
2.1442
2.1424
2.1406
2.139
2.1373
2.1358
2.1342
2.1327
2.1312
2.1297
2.1281
2.1266
2.125
2.1233
2.1216
2.1198
2.1179
2.1159
2.1138
2.1116
2.1093
2.1069
2.1044
2.1019
2.0992
2.0966
2.0939
2.0912
2.0884
2.0857
2.083
2.0804
2.0778
2.0752
2.0727
2.0703
2.0679
2.0656
2.0634
2.0612
2.0592
2.0572
2.0552
2.0534
2.0516
2.0499
2.0482
2.0466
2.0451
2.0436
2.0422
2.0409
2.0396
2.0383
2.0371
2.0359
2.0348
2.0337
2.0327
2.0316
2.0306
2.0297
2.0288
2.0279
2.027
2.0262
2.0253
2.0245
2.0238
2.023
2.0223
2.0215
2.0208
2.0201
2.0195
2.0188
2.0181
2.0175
2.0169
2.0163
2.0157
2.0151
2.0145
2.0139
2.0133
2.0128
2.0122
2.0117
2.0111
2.0106
2.0101
2.0096
2.009
2.0085
2.008
2.0075
2.007
2.0065
2.0061
2.0056
2.0051
2.0046
2.0042
2.0037
2.0032
2.0028
2.0023
2.0019
2.0014
2.001
2.0005
2.0001
1.9997
1.9992
1.9988
1.9984
1.9979
1.9975
1.9971
1.9967
1.9963
1.9958
1.9954
1.995
1.9946
1.9942
1.9938
1.9934
1.993
1.9926
1.9922
1.9918
1.9914
1.991
1.9906
1.9902
1.9898
1.9895
1.9891
1.9887
1.9883
1.9879
1.9875
1.9872
1.9868
1.9864
1.986
1.9856
1.9853
1.9849
1.9845
1.9841
1.9838
1.9834
1.983
1.9827
1.9823
1.9819
1.9815
1.9812
1.9808
1.9804
1.9801
1.9797
1.9793
1.979
1.9786
1.9782
1.9779
1.9775
1.9771
1.9767
1.9764
1.976
1.9756
1.9753
1.9749
1.9745
1.9741
1.9738
1.9734
1.973
1.9726
1.9723
1.9719
1.9715
1.9711
1.9707
1.9704
1.97
1.9696
1.9692
1.9688
1.9684
1.968
1.9676
1.9672
1.9668
1.9664
1.966
1.9656
1.9652
1.9648
1.9643
1.9639
1.9635
1.9631
1.9626
1.9622
1.9617
1.9613
1.9608
1.9604
1.9599
1.9595
1.959
1.9585
1.958
1.9575
1.957
1.9565
1.956
1.9555
1.955
1.9545
1.9539
1.9534
1.9529
1.9523
1.9517
1.9511
1.9506
1.95
1.9494
1.9487
1.9481
1.9475
1.9468
1.9462
1.9455
1.9448
1.9441
1.9434
1.9427
1.9419
1.9412
1.9404
1.9396
1.9388
1.938
1.9371
1.9363
1.9354
1.9345
1.9336
1.9326
1.9317
1.9307
1.9297
1.9287
1.9276
1.9265
1.9254
1.9243
1.9231
1.9219
1.9207
1.9195
1.9182
1.9169
1.9156
1.9142
1.9128
1.9113
1.9099
1.9083
1.9068
1.9052
1.9036
1.9019
1.9002
1.8984
1.8966
1.8948
1.8929
1.891
1.889
1.8869
1.8848
1.8827
1.8805
1.8782
1.8758
1.8734
1.8709
1.8683
1.8656
1.8627
1.8598
1.8566
1.8533
1.8498
1.8459
1.8418
1.8371
1.8319
1.826
1.8189
1.8104
1.7997
1.7857
1.7666
1.7392
1.6977
1.6326
1.5296
1.3767
1.1852
1.0044
.8713
.7778
.7109
.6598
.6185
.5835
.5526
.5245
.4986
.4743
.4516
.4301
.41
.3911
.3734
.3569
.3416
.3274
.3142
.302
.2908
.2803
.2707
.2617
.2534
.2457
.2385
.2317
.2254
.2195
.2139
.2086
.2037
.199
.1945
.1903
.1863
.1825
.1788
.1754
.172
.1688
.1658
.1629
.16
.1573
.1547
.1522
.1498
.1475
.1452
.143
.1409
.1389
.1369
.135
.1331
.1313
.1296
.1279
.1262
.1246
.1231
.1215
.12
.1186
.1172
.1158
.1145
.1132
.1119
.1107
.1094
.1082
.1071
.106
.1048
.1038
.1027
.1016
.1006
.0996
.0987
.0977
.0968
.0958
.0949
.094
.0932
.0923
.0915
.0907
.0899
.0891
.0883
.0875
.0868
.086
.0853
.0846
.0839
.0832
.0825
.0819
.0812
.0806
.0799
.0793
.0787
.0781
.0775
.0769
.0763
.0758
.0752
.0746
.0741
.0736
.073
.0725
.072
.0715
.071
.0705
.07
.0695
.0691
.0686
.0681
.0677
.0672
.0668
.0664
.0659
.0655
.0651
.0647
.0642
.0638
.0634
.063
.0627
.0623
.0619
.0615
.0611
.0608
.0604
.0601
.0597
.0594
.059
.0587
.0583
.058
.0577
.0573
.057
.0567
.0564
.0561
.0557
.0554
.0551
.0548
.0545
.0542
.054
.0537
.0534
.0531
.0528
.0525
.0523
.052
.0517
.0515
.0512
.0509
.0507
.0504
.0502
.0499
