4.7996
4.2958
3.7153
3.1744
2.7024
2.3385
2.1482
2.0879
2.0692
2.0582
2.048
2.0377
2.0273
2.0169
2.0066
1.9965
1.9864
1.9765
1.9667
1.957
1.9474
1.9378
1.9283
1.9189
1.9096
1.9002
1.8909
1.8816
1.8722
1.8628
1.8531
1.8432
1.8329
1.8222
1.8109
1.7988
1.7857
1.7714
1.7555
1.7377
1.7174
1.6941
1.6669
1.635
1.5971
1.5521
1.4988
1.4363
1.3647
1.2851
1.2004
1.1141
1.03
.9509
.8785
.8134
.7551
.7032
.6568
.6153
.5779
.5442
.5136
.4859
.4605
.4373
.4161
.3965
.3785
.3619
.3465
.3322
.319
.3066
.2951
.2843
.2742
.2648
.2559
.2476
.2397
.2323
.2253
.2186
.2124
.2064
.2007
.1954
.1903
.1854
.1808
.1763
.1721
.1681
.1642
.1605
.1569
.1535
.1502
.1471
.1441
.1412
.1384
.1357
.1331
.1305
.1281
.1258
.1235
.1213
.1192
.1172
.1152
.1133
.1114
.1096
.1079
.1062
.1046
.103
.1014
.0999
.0984
.097
.0956
.0943
.093
.0917
.0904
.0892
.088
.0869
.0858
.0847
.0836
.0826
.0815
.0805
.0796
.0786
.0777
.0768
.0759
.075
.0742
.0733
.0725
.0717
.0709
.0702
.0694
.0687
.068
.0673
.0666
.0659
.0652
.0646
.0639
.0633
.0627
.0621
.0615
.0609
.0603
.0598
.0592
.0587
.0581
.0576
.0571
.0566
.0561
.0556
.0551
.0547
.0542
.0537
.0533
.0528
.0524
.052
.0516
.0511
.0507
.0503
.0499
