4.5046
4.0092
3.6083
3.3335
3.1336
2.9742
2.8387
2.718
2.6062
2.501
2.4027
2.3142
2.2386
2.177
2.1279
2.0884
2.0561
2.029
2.0059
1.9857
1.9675
1.9507
1.9346
1.9187
1.9025
1.8855
1.867
1.8464
1.8227
1.7946
1.7608
1.7195
1.6686
1.6064
1.532
1.446
1.3513
1.2519
1.1528
1.0578
.9695
.8891
.8167
.7522
.6948
.644
.5988
.5587
.523
.4911
.4625
.4367
.4135
.3925
.3734
.3559
.34
.3253
.3118
.2994
.2878
.2772
.2672
.2579
.2493
.2411
.2335
.2264
.2196
.2133
.2073
.2016
.1962
.1911
.1863
.1817
.1773
.1731
.1691
.1653
.1616
.1581
.1548
.1516
.1485
.1455
.1427
.1399
.1373
.1348
.1323
.13
.1277
.1255
.1234
.1213
.1193
.1174
.1155
.1137
.112
.1103
.1086
.107
.1054
.1039
.1025
.101
.0996
.0983
.097
.0957
.0944
.0932
.092
.0909
.0898
.0887
.0876
.0865
.0855
.0845
.0835
.0826
.0816
.0807
.0798
.079
.0781
.0773
.0764
.0756
.0748
.0741
.0733
.0726
.0719
.0711
.0704
.0698
.0691
.0684
.0678
.0672
.0665
.0659
.0653
.0647
.0642
.0636
.063
.0625
.0619
.0614
.0609
.0604
.0599
.0594
.0589
.0584
.0579
.0575
.057
.0566
.0561
.0557
.0552
.0548
.0544
.054
.0536
.0532
.0528
.0524
.052
.0516
.0513
.0509
.0505
.0502
.0498
