4.7587
4.3655
4.0608
3.8466
3.6687
3.4866
3.272
3.007
2.7072
2.4557
2.3294
2.2851
2.2639
2.2471
2.2312
2.2156
2.2004
2.1855
2.1713
2.1577
2.1449
2.1328
2.1215
2.1109
2.101
2.0918
2.0833
2.0753
2.0678
2.0608
2.0542
2.048
2.0421
2.0365
2.0311
2.0259
2.0208
2.0158
2.0109
2.006
2.0012
1.9962
1.9912
1.986
1.9807
1.9752
1.9695
1.9636
1.9574
1.951
1.9443
1.9372
1.9298
1.9221
1.9139
1.9052
1.8959
1.8861
1.8754
1.8637
1.8509
1.8366
1.8205
1.8019
1.7802
1.7543
1.723
1.6843
1.6359
1.5745
1.4969
1.4003
1.2847
1.1556
1.0236
.9005
.7934
.7039
.6303
.5698
.5196
.4776
.4419
.4114
.3849
.3617
.3413
.3231
.3069
.2923
.279
.267
.256
.2459
.2367
.2281
.2202
.2129
.2061
.1997
.1938
.1882
.183
.1781
.1735
.1691
.165
.1611
.1574
.1539
.1506
.1474
.1444
.1416
.1388
.1362
.1337
.1313
.129
.1268
.1247
.1227
.1207
.1189
.117
.1153
.1136
.112
.1104
.1089
.1074
.106
.1047
.1033
.102
.1008
.0996
.0984
.0972
.0961
.095
.094
.093
.092
.091
.09
.0891
.0882
.0873
.0865
.0856
.0848
.084
.0832
.0825
.0817
.081
.0803
.0796
.0789
.0782
.0775
.0769
.0763
.0756
.075
.0744
.0738
.0733
.0727
.0721
.0716
.0711
.0705
.07
.0695
.069
.0685
.068
.0676
.0671
.0666
.0662
.0657
.0653
.0649
.0644
.064
.0636
.0632
.0628
.0624
.062
.0616
.0612
.0609
.0605
.0601
.0598
.0594
.0591
.0587
.0584
.0581
.0577
.0574
.0571
.0568
.0564
.0561
.0558
.0555
.0552
.0549
.0546
.0543
.0541
.0538
.0535
.0532
.053
.0527
.0524
.0521
.0519
.0516
.0514
.0511
.0509
.0506
.0504
.0501
.0499
