4.3066
3.869
3.5515
3.3207
3.1368
2.9812
2.8453
2.7242
2.6152
2.5175
2.431
2.3558
2.291
2.2357
2.1887
2.1491
2.1157
2.0877
2.0641
2.044
2.0268
2.0119
1.9988
1.9873
1.9769
1.9676
1.959
1.9511
1.9438
1.9368
1.9302
1.9239
1.9177
1.9115
1.9054
1.8991
1.8926
1.8857
1.8782
1.87
1.8607
1.85
1.8376
1.8227
1.8048
1.7829
1.756
1.7227
1.6817
1.6317
1.5716
1.5013
1.4216
1.3344
1.243
1.1505
1.0604
.975
.8958
.8235
.7581
.6994
.6468
.5999
.5579
.5204
.4868
.4567
.4295
.405
.3828
.3627
.3444
.3276
.3123
.2982
.2852
.2733
.2622
.2519
.2424
.2335
.2252
.2174
.2101
.2033
.1969
.1908
.1851
.1798
.1747
.1698
.1653
.1609
.1568
.1529
.1491
.1455
.1421
.1389
.1357
.1328
.1299
.1272
.1245
.122
.1196
.1172
.115
.1128
.1107
.1087
.1068
.1049
.1031
.1013
.0996
.098
.0964
.0949
.0934
.0919
.0905
.0892
.0878
.0866
.0853
.0841
.0829
.0818
.0807
.0796
.0785
.0775
.0765
.0755
.0746
.0736
.0727
.0718
.071
.0701
.0693
.0685
.0677
.0669
.0662
.0655
.0647
.064
.0633
.0627
.062
.0614
.0607
.0601
.0595
.0589
.0583
.0578
.0572
.0566
.0561
.0556
.0551
.0545
.054
.0536
.0531
.0526
.0521
.0517
.0512
.0508
.0503
.0499
