4.3096
3.8291
3.4502
3.1006
2.7396
2.4399
2.3001
2.2567
2.2331
2.2124
2.1928
2.1744
2.1574
2.1416
2.1272
2.1137
2.1012
2.0894
2.0781
2.0674
2.057
2.0469
2.037
2.0273
2.0178
2.0085
1.9993
1.9904
1.9816
1.9729
1.9644
1.9561
1.948
1.94
1.9322
1.9246
1.9172
1.91
1.9029
1.896
1.8893
1.8828
1.8764
1.8701
1.8639
1.8578
1.8518
1.8457
1.8396
1.8333
1.8269
1.8202
1.8132
1.8057
1.7975
1.7886
1.7787
1.7676
1.7548
1.7399
1.7225
1.7016
1.6762
1.645
1.6062
1.5573
1.4954
1.4175
1.3211
1.2067
1.0799
.9509
.8309
.7267
.6396
.568
.5092
.4606
.42
.3858
.3567
.3316
.3099
.2909
.2742
.2593
.246
.2341
.2233
.2135
.2046
.1964
.1889
.1819
.1755
.1695
.164
.1588
.1539
.1493
.145
.141
.1372
.1335
.1301
.1269
.1238
.1209
.1181
.1154
.1128
.1104
.1081
.1058
.1037
.1016
.0997
.0978
.0959
.0942
.0925
.0908
.0893
.0877
.0863
.0848
.0835
.0821
.0808
.0796
.0784
.0772
.0761
.0749
.0739
.0728
.0718
.0708
.0698
.0689
.068
.0671
.0662
.0654
.0646
.0638
.063
.0622
.0615
.0607
.06
.0593
.0586
.058
.0573
.0567
.0561
.0554
.0549
.0543
.0537
.0531
.0526
.052
.0515
.051
.0505
.05
.0495
