4.4483
4.018
3.6876
3.4183
3.1588
2.8897
2.6218
2.3977
2.2619
2.2033
2.178
2.1612
2.145
2.128
2.1101
2.0918
2.0734
2.0554
2.0379
2.0211
2.005
1.9898
1.9753
1.9616
1.9487
1.9363
1.9247
1.9136
1.9032
1.8933
1.8839
1.875
1.8666
1.8586
1.851
1.8438
1.8368
1.8301
1.8236
1.8172
1.811
1.8048
1.7985
1.7922
1.7857
1.7789
1.7718
1.7643
1.7561
1.7471
1.7371
1.7258
1.7128
1.6977
1.6797
1.658
1.6315
1.5984
1.5566
1.5033
1.435
1.3484
1.2417
1.1175
.9849
.8565
.7427
.6473
.5695
.5063
.4548
.4123
.3769
.347
.3216
.2997
.2806
.2639
.2492
.2361
.2243
.2138
.2042
.1955
.1875
.1802
.1735
.1672
.1615
.1561
.1511
.1464
.142
.1379
.134
.1304
.1269
.1236
.1205
.1176
.1148
.1121
.1096
.1072
.1048
.1026
.1005
.0985
.0965
.0946
.0928
.0911
.0894
.0878
.0863
.0848
.0833
.082
.0806
.0793
.078
.0768
.0756
.0745
.0734
.0723
.0712
.0702
.0692
.0683
.0673
.0664
.0655
.0647
.0638
.063
.0622
.0614
.0607
.0599
.0592
.0585
.0578
.0571
.0565
.0558
.0552
.0546
.054
.0534
.0528
.0523
.0517
.0512
.0507
.0501
.0496
