4.4515
4.0286
3.7451
3.5484
3.3846
3.2348
3.096
2.9692
2.8551
2.7524
2.6594
2.5745
2.4968
2.4265
2.3636
2.3085
2.261
2.2208
2.1871
2.1591
2.1358
2.1165
2.1004
2.087
2.0756
2.066
2.0578
2.0508
2.0446
2.0393
2.0346
2.0305
2.0268
2.0235
2.0205
2.0178
2.0154
2.0131
2.011
2.0091
2.0074
2.0057
2.0041
2.0027
2.0013
2.0
1.9987
1.9975
1.9963
1.9952
1.9941
1.993
1.992
1.991
1.99
1.989
1.988
1.987
1.986
1.985
1.984
1.983
1.982
1.981
1.9799
1.9789
1.9778
1.9766
1.9755
1.9743
1.973
1.9717
1.9704
1.969
1.9675
1.966
1.9644
1.9627
1.9608
1.9589
1.9569
1.9547
1.9524
1.9499
1.9472
1.9443
1.9412
1.9378
1.9341
1.93
1.9256
1.9207
1.9153
1.9094
1.9027
1.8954
1.8872
1.878
1.8677
1.8563
1.8435
1.8293
1.8136
1.7964
1.7777
1.7577
1.7366
1.7146
1.6922
1.6698
1.6476
1.6259
1.6048
1.5843
1.5642
1.5441
1.5239
1.503
1.4813
1.4583
1.4336
1.4067
1.377
1.3439
1.3065
1.2641
1.216
1.1621
1.1024
1.038
.9702
.9011
.8325
.7663
.7037
.6457
.5927
.5446
.5015
.4628
.4283
.3976
.3701
.3455
.3235
.3037
.2859
.2698
.2552
.2419
.2299
.2188
.2087
.1994
.1909
.183
.1757
.1689
.1626
.1567
.1512
.146
.1412
.1367
.1324
.1284
.1246
.121
.1177
.1145
.1114
.1085
.1058
.1032
.1007
.0983
.096
.0938
.0918
.0898
.0879
.086
.0843
.0826
.081
.0794
.0779
.0764
.075
.0737
.0724
.0711
.0699
.0688
.0676
.0665
.0654
.0644
.0634
.0624
.0615
.0606
.0597
.0588
.058
.0572
.0564
.0556
.0549
.0541
.0534
.0527
.0521
.0514
.0508
.0501
.0495
