5.0013
4.6409
4.1263
3.5405
3.0327
2.6605
2.4366
2.3459
2.325
2.3224
2.3201
2.3147
2.3061
2.2949
2.2814
2.266
2.249
2.2305
2.2107
2.1897
2.1678
2.1453
2.1222
2.0989
2.0755
2.0521
2.0287
2.0051
1.9813
1.9568
1.9313
1.9044
1.8757
1.8445
1.8105
1.7731
1.7321
1.6873
1.6388
1.587
1.5324
1.4758
1.4181
1.3601
1.3026
1.2463
1.1916
1.1388
1.0882
1.0399
.9938
.9501
.9087
.8695
.8325
.7975
.7645
.7334
.704
.6763
.6502
.6255
.6022
.5802
.5595
.5398
.5213
.5037
.487
.4713
.4563
.4421
.4286
.4158
.4036
.392
.381
.3704
.3604
.3508
.3416
.3329
.3245
.3165
.3088
.3014
.2944
.2876
.2811
.2748
.2688
.263
.2574
.2521
.2469
.2419
.2371
.2325
.228
.2237
.2195
.2155
.2116
.2078
.2042
.2006
.1972
.1938
.1906
.1875
.1845
.1815
.1786
.1759
.1732
.1705
.168
.1655
.1631
.1607
.1584
.1562
.154
.1519
.1498
.1478
.1458
.1439
.1421
.1402
.1384
.1367
.135
.1333
.1317
.1301
.1286
.1271
.1256
.1241
.1227
.1213
.1199
.1186
.1173
.116
.1148
.1135
.1123
.1112
.11
.1089
.1078
.1067
.1056
.1045
.1035
.1025
.1015
.1005
.0996
.0986
.0977
.0968
.0959
.095
.0942
.0933
.0925
.0917
.0909
.0901
.0893
.0885
.0878
.087
.0863
.0856
.0849
.0842
.0835
.0828
.0822
.0815
.0809
.0802
.0796
.079
.0784
.0778
.0772
.0766
.076
.0755
.0749
.0744
.0738
.0733
.0728
.0722
.0717
.0712
.0707
.0702
.0698
.0693
.0688
.0683
.0679
.0674
.067
.0665
.0661
.0657
.0652
.0648
.0644
.064
.0636
.0632
.0628
.0624
.062
.0616
.0612
.0609
.0605
.0601
.0598
.0594
.0591
.0587
.0584
.058
.0577
.0574
.057
.0567
.0564
.0561
.0557
.0554
.0551
.0548
.0545
.0542
.0539
.0536
.0533
.0531
.0528
.0525
.0522
.0519
.0517
.0514
.0511
.0509
.0506
.0503
.0501
.0498
