4.5589
4.0789
3.6113
3.1977
2.8308
2.5289
2.3391
2.2611
2.2358
2.2238
2.2138
2.204
2.1943
2.1848
2.1757
2.1669
2.1583
2.1499
2.1416
2.1334
2.1251
2.1167
2.1081
2.0992
2.0901
2.0805
2.0705
2.0601
2.0491
2.0376
2.0255
2.0128
1.9997
1.986
1.9718
1.9574
1.9426
1.9277
1.9127
1.8977
1.8829
1.8684
1.8541
1.8402
1.8267
1.8136
1.8008
1.7885
1.7764
1.7645
1.7529
1.7412
1.7295
1.7175
1.7052
1.6921
1.6781
1.6628
1.6457
1.6262
1.6036
1.5769
1.5451
1.5069
1.4611
1.4067
1.3436
1.2725
1.1957
1.1163
1.0377
.9627
.893
.8295
.7722
.7208
.6746
.6331
.5958
.562
.5313
.5034
.4779
.4546
.4332
.4134
.3952
.3783
.3627
.3481
.3345
.3219
.3101
.299
.2886
.2788
.2696
.261
.2528
.2451
.2378
.2308
.2243
.218
.2121
.2065
.2011
.196
.1911
.1864
.1819
.1777
.1736
.1696
.1659
.1623
.1588
.1554
.1522
.1491
.1462
.1433
.1405
.1379
.1353
.1328
.1304
.1281
.1258
.1237
.1215
.1195
.1175
.1156
.1137
.1119
.1102
.1085
.1068
.1052
.1037
.1021
.1007
.0992
.0978
.0965
.0951
.0938
.0926
.0913
.0901
.089
.0878
.0867
.0856
.0846
.0835
.0825
.0815
.0805
.0796
.0787
.0778
.0769
.076
.0752
.0743
.0735
.0727
.0719
.0712
.0704
.0697
.0689
.0682
.0675
.0669
.0662
.0655
.0649
.0643
.0636
.063
.0624
.0618
.0613
.0607
.0601
.0596
.0591
.0585
.058
.0575
.057
.0565
.056
.0555
.0551
.0546
.0542
.0537
.0533
.0528
.0524
.052
.0516
.0512
.0508
.0504
.05
