4.235
3.9162
3.7026
3.5325
3.365
3.1784
2.9639
2.7292
2.5075
2.3437
2.2521
2.2078
2.1835
2.1653
2.1486
2.1317
2.1147
2.0976
2.0808
2.0646
2.0493
2.0348
2.0213
2.0087
1.9969
1.9859
1.9755
1.9658
1.9566
1.9478
1.9394
1.9314
1.9236
1.9162
1.9089
1.9019
1.8951
1.8884
1.8819
1.8755
1.8693
1.8631
1.8571
1.851
1.8451
1.8391
1.8331
1.8271
1.821
1.8148
1.8083
1.8017
1.7947
1.7874
1.7796
1.7711
1.762
1.7519
1.7407
1.728
1.7136
1.697
1.6776
1.6548
1.6275
1.5948
1.5552
1.5073
1.45
1.3823
1.305
1.2201
1.1315
1.0436
.9603
.8838
.8148
.7532
.6984
.6497
.6062
.5673
.5324
.501
.4726
.447
.4236
.4024
.383
.3653
.349
.3341
.3203
.3075
.2957
.2847
.2745
.2649
.256
.2477
.2399
.2325
.2256
.219
.2128
.207
.2014
.1961
.1911
.1864
.1818
.1775
.1733
.1694
.1656
.1619
.1585
.1551
.1519
.1488
.1458
.143
.1402
.1375
.135
.1325
.1301
.1278
.1255
.1233
.1212
.1192
.1172
.1153
.1134
.1116
.1099
.1082
.1065
.1049
.1033
.1018
.1003
.0989
.0975
.0961
.0948
.0935
.0922
.091
.0898
.0886
.0875
.0863
.0853
.0842
.0831
.0821
.0811
.0801
.0792
.0783
.0774
.0765
.0756
.0747
.0739
.0731
.0723
.0715
.0707
.07
.0692
.0685
.0678
.0671
.0664
.0657
.0651
.0644
.0638
.0632
.0626
.062
.0614
.0608
.0602
.0597
.0591
.0586
.058
.0575
.057
.0565
.056
.0555
.055
.0546
.0541
.0537
.0532
.0528
.0523
.0519
.0515
.0511
.0507
.0503
.0499
