3.8566
3.5344
3.2193
2.8747
2.5355
2.3114
2.2333
2.2156
2.2089
2.203
2.1966
2.1898
2.1824
2.1745
2.1661
2.1569
2.1469
2.136
2.1241
2.1111
2.0972
2.0823
2.0665
2.0501
2.0332
2.0158
1.9983
1.9807
1.9633
1.9462
1.9295
1.9134
1.898
1.8834
1.8695
1.8563
1.8439
1.8322
1.8209
1.8101
1.7997
1.7894
1.7792
1.7689
1.7583
1.7473
1.7356
1.7231
1.7094
1.6942
1.677
1.6575
1.6348
1.6081
1.5764
1.538
1.4913
1.4338
1.3633
1.2778
1.1774
1.0655
.9493
.8378
.7376
.6515
.5792
.519
.4688
.4267
.3911
.3608
.3347
.3121
.2923
.2749
.2594
.2457
.2333
.2221
.212
.2028
.1944
.1866
.1795
.1729
.1668
.1611
.1558
.1509
.1462
.1419
.1378
.1339
.1302
.1268
.1235
.1204
.1175
.1147
.112
.1094
.107
.1047
.1024
.1003
.0983
.0963
.0944
.0926
.0909
.0892
.0876
.086
.0845
.083
.0816
.0803
.079
.0777
.0765
.0753
.0741
.073
.0719
.0709
.0698
.0688
.0679
.0669
.066
.0651
.0643
.0634
.0626
.0618
.061
.0603
.0595
.0588
.0581
.0574
.0567
.0561
.0554
.0548
.0542
.0536
.053
.0524
.0518
.0513
.0507
.0502
.0497
