4.4545
4.1032
3.9129
3.7982
3.7074
3.6185
3.5189
3.3983
3.2463
3.055
2.8299
2.6105
2.4588
2.3867
2.3549
2.3362
2.3215
2.3084
2.2963
2.2848
2.2742
2.2642
2.2549
2.2462
2.2382
2.2307
2.2237
2.2172
2.2111
2.2054
2.2
2.1948
2.1898
2.185
2.1804
2.1758
2.1713
2.1668
2.1623
2.1576
2.1529
2.1481
2.143
2.1377
2.1322
2.1264
2.1203
2.1139
2.1072
2.1001
2.0927
2.0849
2.0768
2.0682
2.0593
2.0499
2.0401
2.0299
2.0193
2.0083
1.9972
1.9859
1.9746
1.9634
1.9522
1.9411
1.93
1.9188
1.9074
1.8955
1.8826
1.8683
1.8519
1.8321
1.8075
1.7756
1.7329
1.6743
1.5929
1.4816
1.3368
1.1666
.9925
.837
.71
.61
.5318
.47
.4205
.3803
.3471
.3194
.2959
.2757
.2582
.243
.2295
.2175
.2067
.1971
.1883
.1804
.1731
.1664
.1603
.1546
.1493
.1444
.1398
.1355
.1315
.1277
.1241
.1208
.1176
.1146
.1118
.1091
.1065
.104
.1017
.0995
.0973
.0953
.0933
.0915
.0897
.0879
.0863
.0847
.0832
.0817
.0802
.0789
.0775
.0763
.075
.0738
.0726
.0715
.0704
.0694
.0683
.0674
.0664
.0654
.0645
.0636
.0628
.0619
.0611
.0603
.0596
.0588
.0581
.0574
.0567
.056
.0553
.0547
.054
.0534
.0528
.0522
.0516
.0511
.0505
.05
