3.968
3.6781
3.4209
3.1451
2.8335
2.532
2.3379
2.2642
2.2413
2.2309
2.2232
2.2161
2.2091
2.2023
2.1955
2.1889
2.1824
2.176
2.1698
2.1637
2.1579
2.1522
2.1466
2.1413
2.1361
2.131
2.1261
2.1213
2.1166
2.1121
2.1076
2.1031
2.0987
2.0944
2.09
2.0856
2.0811
2.0766
2.0719
2.067
2.0619
2.0564
2.0506
2.0442
2.0371
2.0291
2.0199
2.0093
1.9967
1.9815
1.9627
1.9393
1.9094
1.8708
1.8205
1.7551
1.6719
1.5708
1.4569
1.3396
1.2287
1.1296
1.0436
.9695
.9054
.8498
.8009
.7577
.719
.6842
.6526
.6236
.5969
.5721
.549
.5273
.507
.4877
.4695
.4522
.4358
.4201
.4052
.391
.3775
.3645
.3522
.3404
.3292
.3185
.3082
.2985
.2892
.2803
.2718
.2637
.256
.2486
.2415
.2348
.2283
.2222
.2163
.2106
.2052
.2
.195
.1902
.1857
.1813
.177
.173
.169
.1653
.1617
.1582
.1548
.1515
.1484
.1454
.1425
.1397
.1369
.1343
.1318
.1293
.1269
.1246
.1224
.1202
.1181
.1161
.1141
.1122
.1103
.1085
.1067
.105
.1034
.1018
.1002
.0987
.0972
.0957
.0943
.093
.0916
.0903
.0891
.0878
.0866
.0854
.0843
.0832
.0821
.081
.08
.079
.078
.077
.076
.0751
.0742
.0733
.0724
.0716
.0708
.0699
.0691
.0684
.0676
.0668
.0661
.0654
.0647
.064
.0633
.0626
.062
.0613
.0607
.0601
.0595
.0589
.0583
.0577
.0572
.0566
.0561
.0555
.055
.0545
.054
.0535
.053
.0525
.0521
.0516
.0511
.0507
.0502
.0498
