4.4935
3.9665
3.5699
3.309
3.1066
2.9323
2.7859
2.6773
2.6079
2.5664
2.539
2.5175
2.4982
2.4798
2.4618
2.4441
2.4265
2.4093
2.3922
2.3755
2.3589
2.3426
2.3265
2.3105
2.2946
2.2787
2.2628
2.2468
2.2304
2.2136
2.1961
2.1776
2.1578
2.1362
2.1122
2.0852
2.0541
2.0179
1.9753
1.9246
1.8642
1.7925
1.7089
1.6138
1.51
1.4017
1.2939
1.1909
1.0956
1.0095
.9329
.8654
.8062
.7544
.7091
.6693
.6343
.6034
.5759
.5515
.5295
.5098
.4919
.4757
.4609
.4474
.4349
.4233
.4126
.4026
.3933
.3846
.3764
.3687
.3614
.3544
.3478
.3415
.3355
.3297
.3242
.3189
.3137
.3088
.304
.2993
.2948
.2904
.2861
.2819
.2778
.2738
.2699
.2661
.2623
.2587
.255
.2515
.248
.2446
.2412
.2379
.2346
.2314
.2283
.2252
.2221
.2191
.2161
.2132
.2103
.2075
.2047
.202
.1993
.1967
.1941
.1915
.189
.1865
.1841
.1817
.1793
.177
.1748
.1725
.1703
.1682
.1661
.164
.1619
.1599
.158
.156
.1541
.1522
.1504
.1485
.1468
.145
.1433
.1416
.1399
.1382
.1366
.135
.1334
.1319
.1303
.1288
.1273
.1259
.1244
.123
.1216
.1202
.1189
.1175
.1162
.1149
.1136
.1123
.1111
.1099
.1086
.1074
.1063
.1051
.1039
.1028
.1017
.1006
.0995
.0984
.0974
.0963
.0953
.0943
.0933
.0923
.0913
.0903
.0894
.0885
.0875
.0866
.0857
.0848
.084
.0831
.0823
.0814
.0806
.0798
.079
.0782
.0774
.0767
.0759
.0752
.0744
.0737
.073
.0723
.0716
.0709
.0703
.0696
.069
.0683
.0677
.0671
.0664
.0658
.0652
.0647
.0641
.0635
.063
.0624
.0619
.0613
.0608
.0603
.0598
.0592
.0587
.0583
.0578
.0573
.0568
.0564
.0559
.0555
.055
.0546
.0541
.0537
.0533
.0529
.0525
.0521
.0517
.0513
.0509
.0505
.0501
.0498
