4.7093
4.2755
3.986
3.8268
3.7201
3.6288
3.5371
3.437
3.3237
3.1951
3.0518
2.8977
2.7397
2.5875
2.4516
2.3396
2.2539
2.1923
2.1504
2.123
2.1056
2.0947
2.0875
2.0822
2.0779
2.074
2.0702
2.0663
2.0624
2.0584
2.0542
2.0498
2.0453
2.0406
2.0357
2.0306
2.0254
2.02
2.0145
2.0088
2.0032
1.9976
1.9922
1.9869
1.982
1.9774
1.9732
1.9694
1.9661
1.963
1.9602
1.9576
1.9552
1.9527
1.9502
1.9476
1.9449
1.9421
1.9391
1.936
1.9328
1.9295
1.926
1.9225
1.9189
1.9152
1.9115
1.9078
1.904
1.9001
1.8963
1.8924
1.8884
1.8844
1.8804
1.8764
1.8722
1.868
1.8637
1.8593
1.8548
1.8501
1.8452
1.8402
1.8348
1.8292
1.8232
1.8168
1.8098
1.8022
1.7939
1.7845
1.774
1.762
1.7482
1.7319
1.7125
1.6889
1.66
1.6237
1.5776
1.5186
1.4428
1.3472
1.2317
1.1019
.9702
.8498
.7483
.6663
.6008
.5482
.5056
.4705
.4411
.4162
.3948
.3762
.3599
.3454
.3324
.3206
.31
.3002
.2912
.2829
.2752
.2679
.2611
.2547
.2487
.2429
.2375
.2323
.2273
.2225
.2179
.2135
.2093
.2052
.2012
.1974
.1937
.1901
.1866
.1832
.18
.1768
.1737
.1707
.1678
.1649
.1622
.1595
.1569
.1544
.1519
.1495
.1472
.1449
.1427
.1405
.1384
.1363
.1343
.1324
.1305
.1287
.1269
.1251
.1234
.1217
.1201
.1185
.117
.1155
.114
.1125
.1111
.1098
.1084
.1071
.1058
.1046
.1034
.1022
.101
.0999
.0988
.0977
.0966
.0955
.0945
.0935
.0925
.0916
.0906
.0897
.0888
.0879
.087
.0862
.0854
.0845
.0837
.0829
.0822
.0814
.0807
.0799
.0792
.0785
.0778
.0771
.0764
.0758
.0751
.0745
.0739
.0733
.0727
.0721
.0715
.0709
.0703
.0698
.0692
.0687
.0681
.0676
.0671
.0666
.0661
.0656
.0651
.0646
.0642
.0637
.0633
.0628
.0624
.0619
.0615
.0611
.0606
.0602
.0598
.0594
.059
.0586
.0583
.0579
.0575
.0571
.0568
.0564
.056
.0557
.0553
.055
.0547
.0543
.054
.0537
.0534
.053
.0527
.0524
.0521
.0518
.0515
.0512
.0509
.0506
.0503
.0501
.0498
