4.578
4.0948
3.7092
3.4434
3.2325
3.0401
2.8578
2.695
2.5675
2.4821
2.4309
2.4003
2.3802
2.3654
2.3533
2.343
2.3336
2.325
2.3169
2.3092
2.3019
2.2947
2.2878
2.2811
2.2746
2.2683
2.2621
2.2561
2.2502
2.2446
2.2391
2.2337
2.2285
2.2234
2.2185
2.2136
2.2088
2.2041
2.1994
2.1948
2.1902
2.1855
2.1808
2.1761
2.1714
2.1666
2.1617
2.1568
2.1517
2.1465
2.1412
2.1357
2.13
2.1241
2.1179
2.1114
2.1044
2.0971
2.0893
2.081
2.0721
2.0626
2.0525
2.042
2.031
2.0196
2.0079
1.9962
1.9844
1.9727
1.9612
1.95
1.9391
1.9287
1.9187
1.9091
1.8999
1.891
1.8825
1.8743
1.8663
1.8585
1.8509
1.8433
1.8357
1.828
1.8201
1.8119
1.8033
1.7942
1.7844
1.7736
1.7617
1.7483
1.7331
1.7155
1.695
1.6708
1.642
1.6076
1.5664
1.5172
1.4591
1.3916
1.3153
1.2321
1.1452
1.0583
.9752
.8983
.8289
.7675
.7136
.6664
.6251
.5888
.5568
.5284
.503
.4803
.4597
.441
.4239
.4082
.3938
.3803
.3678
.3561
.3451
.3347
.325
.3157
.3069
.2985
.2905
.2829
.2756
.2686
.2619
.2555
.2493
.2433
.2376
.2321
.2268
.2217
.2168
.212
.2075
.203
.1988
.1947
.1907
.1869
.1832
.1796
.1762
.1728
.1696
.1665
.1635
.1606
.1577
.155
.1524
.1498
.1473
.1449
.1426
.1403
.1381
.136
.1339
.1319
.13
.1281
.1262
.1244
.1227
.121
.1193
.1177
.1161
.1146
.1131
.1116
.1102
.1088
.1074
.1061
.1048
.1036
.1023
.1011
.0999
.0988
.0976
.0965
.0955
.0944
.0934
.0924
.0914
.0904
.0894
.0885
.0876
.0867
.0858
.0849
.0841
.0832
.0824
.0816
.0808
.0801
.0793
.0786
.0778
.0771
.0764
.0757
.075
.0743
.0737
.073
.0724
.0718
.0712
.0705
.0699
.0694
.0688
.0682
.0677
.0671
.0666
.066
.0655
.065
.0645
.064
.0635
.063
.0625
.062
.0616
.0611
.0606
.0602
.0597
.0593
.0589
.0585
.058
.0576
.0572
.0568
.0564
.056
.0556
.0553
.0549
.0545
.0542
.0538
.0534
.0531
.0527
.0524
.0521
.0517
.0514
.0511
.0507
.0504
.0501
.0498
