4.443
3.8935
3.279
2.7244
2.3265
2.1273
2.0673
2.0534
2.0466
2.0391
2.0302
2.0201
2.0094
1.9983
1.987
1.9757
1.9645
1.9534
1.9425
1.9318
1.9213
1.911
1.9009
1.891
1.8813
1.8718
1.8624
1.8532
1.8441
1.8352
1.8263
1.8174
1.8087
1.7999
1.7911
1.7823
1.7735
1.7645
1.7555
1.7463
1.7369
1.7273
1.7175
1.7073
1.6968
1.6859
1.6746
1.6627
1.6503
1.6371
1.6232
1.6083
1.5924
1.5753
1.5568
1.5366
1.5145
1.4902
1.4632
1.4332
1.3996
1.3622
1.3206
1.2747
1.2248
1.1715
1.116
1.0597
1.0041
.9506
.9
.853
.8096
.7697
.7331
.6994
.6684
.6396
.6128
.5878
.5642
.5421
.5212
.5013
.4825
.4647
.4477
.4315
.4161
.4014
.3874
.3741
.3614
.3494
.3379
.327
.3166
.3067
.2973
.2883
.2798
.2717
.2639
.2566
.2495
.2428
.2364
.2303
.2244
.2188
.2134
.2083
.2033
.1986
.1941
.1897
.1855
.1815
.1777
.1739
.1703
.1669
.1636
.1603
.1572
.1543
.1514
.1486
.1459
.1433
.1407
.1383
.1359
.1336
.1314
.1292
.1271
.1251
.1231
.1212
.1193
.1175
.1158
.1141
.1124
.1108
.1092
.1076
.1061
.1047
.1033
.1019
.1005
.0992
.0979
.0967
.0954
.0942
.0931
.0919
.0908
.0897
.0887
.0876
.0866
.0856
.0846
.0837
.0827
.0818
.0809
.08
.0792
.0783
.0775
.0767
.0759
.0751
.0744
.0736
.0729
.0722
.0714
.0708
.0701
.0694
.0687
.0681
.0675
.0668
.0662
.0656
.065
.0645
.0639
.0633
.0628
.0622
.0617
.0612
.0606
.0601
.0596
.0591
.0587
.0582
.0577
.0572
.0568
.0563
.0559
.0555
.055
.0546
.0542
.0538
.0534
.053
.0526
.0522
.0518
.0514
.0511
.0507
.0503
.05
