4.4048
4.0784
3.8675
3.715
3.5791
3.4376
3.2785
3.0982
2.9084
2.7407
2.631
2.5802
2.559
2.5445
2.5284
2.5086
2.485
2.4577
2.4272
2.3941
2.3591
2.3233
2.2876
2.2529
2.2199
2.1891
2.1604
2.1339
2.1092
2.086
2.0639
2.0423
2.0209
1.9991
1.9763
1.9516
1.9241
1.8926
1.8551
1.8093
1.7518
1.6784
1.5844
1.4662
1.3243
1.1678
1.0119
.8712
.7526
.6559
.578
.515
.4636
.4213
.3859
.356
.3305
.3084
.2892
.2724
.2575
.2442
.2323
.2215
.2118
.2029
.1948
.1874
.1805
.1742
.1683
.1629
.1578
.153
.1486
.1444
.1405
.1368
.1333
.13
.1268
.1238
.121
.1183
.1158
.1133
.111
.1087
.1066
.1046
.1026
.1007
.0989
.0972
.0955
.0939
.0923
.0908
.0894
.088
.0866
.0853
.084
.0828
.0816
.0805
.0794
.0783
.0772
.0762
.0752
.0742
.0733
.0724
.0715
.0706
.0698
.069
.0682
.0674
.0666
.0659
.0651
.0644
.0637
.0631
.0624
.0618
.0611
.0605
.0599
.0593
.0587
.0581
.0576
.057
.0565
.056
.0555
.055
.0545
.054
.0535
.053
.0526
.0521
.0517
.0513
.0508
.0504
.05
