4.2045
3.6512
3.1699
2.7902
2.5374
2.4283
2.4054
2.4064
2.4096
2.4111
2.4109
2.4094
2.4071
2.4042
2.4009
2.3974
2.3936
2.3897
2.3856
2.3812
2.3767
2.3719
2.3667
2.3611
2.3551
2.3485
2.3412
2.333
2.3237
2.3132
2.3011
2.2871
2.2707
2.2513
2.2282
2.2004
2.1668
2.1258
2.0758
2.015
1.9419
1.8561
1.7591
1.6544
1.5472
1.4422
1.3432
1.2521
1.1698
1.0963
1.0311
.9734
.9224
.8773
.8374
.8019
.7702
.7418
.7164
.6934
.6726
.6536
.6363
.6205
.6059
.5925
.5801
.5685
.5577
.5477
.5383
.5294
.5211
.5132
.5057
.4987
.492
.4855
.4794
.4736
.468
.4626
.4574
.4524
.4475
.4428
.4383
.4339
.4296
.4253
.4212
.4172
.4133
.4094
.4056
.4018
.3981
.3944
.3907
.3871
.3834
.3798
.3762
.3726
.3689
.3653
.3616
.3579
.3542
.3505
.3467
.3428
.3389
.335
.331
.3269
.3228
.3187
.3145
.3102
.3059
.3016
.2971
.2927
.2882
.2838
.2793
.2747
.2702
.2657
.2613
.2568
.2524
.2481
.2438
.2396
.2355
.2314
.2274
.2236
.2198
.2161
.2125
.209
.2056
.2023
.1991
.196
.1929
.19
.1871
.1844
.1817
.1791
.1766
.1741
.1717
.1694
.1671
.1649
.1628
.1607
.1587
.1567
.1548
.1529
.1511
.1493
.1476
.1459
.1442
.1426
.141
.1395
.138
.1365
.135
.1336
.1322
.1309
.1295
.1282
.1269
.1257
.1244
.1232
.122
.1209
.1197
.1186
.1175
.1164
.1154
.1143
.1133
.1123
.1113
.1103
.1094
.1084
.1075
.1066
.1057
.1048
.1039
.1031
.1022
.1014
.1006
.0998
.099
.0982
.0974
.0967
.0959
.0952
.0945
.0938
.0931
.0924
.0917
.091
.0903
.0897
.089
.0884
.0878
.0871
.0865
.0859
.0853
.0847
.0842
.0836
.083
.0825
.0819
.0814
.0808
.0803
.0798
.0793
.0787
.0782
.0777
.0772
.0768
.0763
.0758
.0753
.0749
.0744
.074
.0735
.0731
.0726
.0722
.0718
.0713
.0709
.0705
.0701
.0697
.0693
.0689
.0685
.0681
.0677
.0674
.067
.0666
.0662
.0659
.0655
.0652
.0648
.0645
.0641
.0638
.0634
.0631
.0628
.0624
.0621
.0618
.0615
.0612
.0609
.0605
.0602
.0599
.0596
.0593
.059
.0588
.0585
.0582
.0579
.0576
.0573
.0571
.0568
.0565
.0563
.056
.0557
.0555
.0552
.0549
.0547
.0544
.0542
.0539
.0537
.0535
.0532
.053
.0527
.0525
.0523
.052
.0518
.0516
.0514
.0511
.0509
.0507
.0505
.0503
.0501
.0498
