3.9228
3.6547
3.4779
3.3251
3.169
2.9972
2.8069
2.6129
2.4512
2.3481
2.2914
2.2569
2.2311
2.2094
2.1901
2.1728
2.1572
2.1433
2.1308
2.1196
2.1095
2.1005
2.0923
2.0847
2.0776
2.0709
2.0643
2.0579
2.0516
2.0452
2.0388
2.0323
2.0257
2.0189
2.012
2.0049
1.9976
1.9901
1.9824
1.9743
1.9659
1.9572
1.948
1.9383
1.9281
1.9171
1.9053
1.8926
1.8786
1.8632
1.846
1.8265
1.8043
1.7785
1.7483
1.7125
1.6701
1.6195
1.5599
1.4907
1.413
1.3292
1.243
1.1586
1.0794
1.0071
.9423
.8848
.8337
.7883
.7478
.7114
.6785
.6486
.6213
.5963
.5733
.552
.5323
.5141
.497
.4812
.4664
.4525
.4395
.4273
.4158
.4049
.3947
.3851
.376
.3673
.3591
.3513
.3438
.3367
.33
.3235
.3173
.3114
.3057
.3002
.295
.2899
.285
.2803
.2758
.2714
.2672
.2631
.2591
.2552
.2515
.2479
.2443
.2409
.2375
.2343
.2311
.228
.225
.2221
.2192
.2164
.2137
.211
.2084
.2058
.2033
.2009
.1985
.1961
.1938
.1915
.1893
.1871
.185
.1829
.1808
.1788
.1768
.1748
.1729
.171
.1691
.1672
.1654
.1636
.1619
.1601
.1584
.1567
.1551
.1534
.1518
.1502
.1486
.1471
.1455
.144
.1425
.141
.1396
.1381
.1367
.1353
.1339
.1325
.1311
.1298
.1284
.1271
.1258
.1245
.1232
.1219
.1207
.1194
.1182
.117
.1158
.1146
.1134
.1122
.111
.1099
.1088
.1076
.1065
.1054
.1043
.1032
.1021
.1011
.1
.099
.098
.0969
.0959
.0949
.0939
.093
.092
.091
.0901
.0891
.0882
.0873
.0864
.0855
.0846
.0837
.0829
.082
.0811
.0803
.0795
.0787
.0779
.0771
.0763
.0755
.0747
.074
.0732
.0725
.0717
.071
.0703
.0696
.0689
.0682
.0676
.0669
.0662
.0656
.0649
.0643
.0637
.0631
.0625
.0619
.0613
.0607
.0601
.0596
.059
.0585
.0579
.0574
.0568
.0563
.0558
.0553
.0548
.0543
.0538
.0534
.0529
.0524
.052
.0515
.0511
.0506
.0502
.0498
