4.7659
4.2878
3.8054
3.415
3.0908
2.7971
2.5422
2.3663
2.2813
2.2484
2.232
2.2187
2.205
2.19
2.1735
2.1557
2.1367
2.1169
2.0965
2.0758
2.0554
2.0353
2.016
1.9975
1.9801
1.9637
1.9483
1.934
1.9206
1.908
1.8962
1.8851
1.8745
1.8643
1.8546
1.8451
1.8359
1.8269
1.8179
1.809
1.8001
1.791
1.7818
1.7723
1.7624
1.752
1.741
1.7291
1.7163
1.702
1.6862
1.6683
1.6477
1.624
1.5963
1.5636
1.5249
1.4789
1.4246
1.361
1.2879
1.2058
1.1168
1.0242
.9319
.8435
.7619
.6885
.6234
.5665
.5167
.4734
.4355
.4023
.3732
.3474
.3245
.3041
.2859
.2695
.2548
.2414
.2292
.2181
.2079
.1986
.1901
.1821
.1748
.168
.1617
.1558
.1503
.1452
.1404
.1358
.1316
.1276
.1238
.1202
.1168
.1136
.1105
.1076
.1049
.1022
.0997
.0974
.0951
.0929
.0908
.0888
.0869
.085
.0833
.0816
.0799
.0784
.0768
.0754
.074
.0726
.0713
.07
.0688
.0676
.0665
.0654
.0643
.0632
.0622
.0613
.0603
.0594
.0585
.0576
.0568
.0559
.0551
.0544
.0536
.0529
.0522
.0515
.0508
.0501
.0495
