4.1874
3.9441
3.795
3.6804
3.5696
3.4448
3.292
3.101
2.8755
2.6546
2.4997
2.4212
2.3803
2.3517
2.3279
2.3071
2.2888
2.2729
2.259
2.2468
2.236
2.2263
2.2174
2.2091
2.2012
2.1935
2.186
2.1786
2.1712
2.1638
2.1565
2.1492
2.1419
2.1346
2.1274
2.1203
2.1133
2.1064
2.0996
2.0929
2.0864
2.08
2.0737
2.0674
2.0613
2.0553
2.0493
2.0434
2.0375
2.0316
2.0256
2.0197
2.0136
2.0075
2.0012
1.9949
1.9883
1.9817
1.9748
1.9678
1.9606
1.9532
1.9456
1.9379
1.93
1.922
1.9138
1.9055
1.8971
1.8886
1.88
1.8714
1.8627
1.854
1.8452
1.8364
1.8275
1.8187
1.8098
1.8009
1.792
1.7831
1.7742
1.7652
1.7562
1.7472
1.7382
1.7291
1.72
1.7109
1.7017
1.6924
1.6832
1.6738
1.6644
1.6549
1.6454
1.6358
1.6261
1.6164
1.6066
1.5967
1.5868
1.5768
1.5667
1.5566
1.5464
1.5362
1.5259
1.5156
1.5052
1.4948
1.4844
1.4739
1.4634
1.4528
1.4422
1.4316
1.4209
1.4102
1.3994
1.3886
1.3778
1.3669
1.3559
1.3448
1.3335
1.3222
1.3107
1.2989
1.2869
1.2746
1.2619
1.2488
1.235
1.2206
1.2054
1.1891
1.1716
1.1527
1.132
1.1094
1.0843
1.0567
1.0261
.9924
.9556
.9159
.8736
.8296
.7845
.7394
.6953
.6529
.6129
.5757
.5412
.5097
.4808
.4544
.4303
.4082
.3878
.369
.3516
.3354
.3203
.3062
.2929
.2804
.2685
.2574
.2468
.2367
.2272
.2182
.2096
.2014
.1937
.1864
.1794
.1728
.1665
.1605
.1549
.1496
.1445
.1397
.1351
.1308
.1267
.1228
.1191
.1156
.1123
.1091
.1061
.1033
.1005
.0979
.0954
.0931
.0908
.0886
.0866
.0846
.0827
.0809
.0791
.0774
.0758
.0743
.0728
.0713
.07
.0686
.0673
.0661
.0649
.0638
.0626
.0616
.0605
.0595
.0585
.0576
.0567
.0558
.0549
.0541
.0533
.0525
.0517
.051
.0503
.0496
