4.2344
3.9543
3.7781
3.6426
3.5185
3.3947
3.2679
3.1376
3.0028
2.8617
2.7137
2.5644
2.427
2.315
2.2327
2.1754
2.1359
2.1082
2.0881
2.0732
2.0617
2.0528
2.0456
2.0398
2.035
2.031
2.0276
2.0246
2.0221
2.0199
2.0179
2.0162
2.0147
2.0133
2.0121
2.011
2.0099
2.009
2.0082
2.0074
2.0067
2.006
2.0054
2.0048
2.0042
2.0037
2.0033
2.0028
2.0024
2.002
2.0016
2.0012
2.0009
2.0006
2.0003
2.0
1.9997
1.9994
1.9992
1.9989
1.9987
1.9984
1.9982
1.998
1.9978
1.9975
1.9973
1.9971
1.997
1.9968
1.9966
1.9964
1.9962
1.9961
1.9959
1.9957
1.9955
1.9954
1.9952
1.9951
1.9949
1.9947
1.9946
1.9944
1.9943
1.9941
1.994
1.9938
1.9937
1.9935
1.9934
1.9932
1.9931
1.9929
1.9928
1.9926
1.9925
1.9923
1.9922
1.992
1.9918
1.9917
1.9915
1.9914
1.9912
1.991
1.9909
1.9907
1.9905
1.9904
1.9902
1.99
1.9898
1.9896
1.9894
1.9892
1.989
1.9888
1.9886
1.9884
1.9882
1.988
1.9878
1.9875
1.9873
1.9871
1.9868
1.9866
1.9863
1.986
1.9858
1.9855
1.9852
1.9849
1.9846
1.9842
1.9839
1.9836
1.9832
1.9828
1.9825
1.9821
1.9816
1.9812
1.9808
1.9803
1.9798
1.9793
1.9788
1.9783
1.9777
1.9771
1.9765
1.9758
1.9751
1.9744
1.9736
1.9729
1.972
1.9711
1.9702
1.9692
1.9681
1.967
1.9658
1.9645
1.9632
1.9617
1.9602
1.9585
1.9568
1.9549
1.9528
1.9506
1.9482
1.9456
1.9427
1.9396
1.9363
1.9326
1.9286
1.9243
1.9195
1.9144
1.9087
1.9026
1.8959
1.8888
1.8811
1.8731
1.8648
1.8562
1.8477
1.8394
1.8314
1.824
1.817
1.8105
1.8043
1.7979
1.7911
1.7834
1.7743
1.7633
1.7498
1.7329
1.7118
1.6852
1.6517
1.6095
1.5567
1.4914
1.4127
1.3209
1.2189
1.1114
1.0043
.9028
.8102
.7279
.6559
.5934
.5394
.4926
.4519
.4164
.3853
.3579
.3337
.3122
.293
.2758
.2604
.2464
.2337
.2221
.2116
.2019
.193
.1848
.1773
.1703
.1638
.1578
.1521
.1469
.142
.1373
.133
.1289
.1251
.1214
.118
.1148
.1117
.1088
.106
.1034
.1008
.0984
.0962
.094
.0919
.0899
.088
.0861
.0844
.0827
.0811
.0795
.078
.0765
.0751
.0738
.0725
.0712
.07
.0689
.0677
.0666
.0656
.0645
.0635
.0626
.0616
.0607
.0598
.059
.0582
.0573
.0566
.0558
.055
.0543
.0536
.0529
.0522
.0516
.0509
.0503
.0497
