4.724
4.2115
3.5749
2.9512
2.4688
2.2223
2.1607
2.1545
2.154
2.1516
2.1471
2.1409
2.1336
2.1254
2.1166
2.1073
2.0977
2.0879
2.0779
2.0679
2.058
2.0482
2.0385
2.0291
2.0199
2.0109
2.0021
1.9935
1.985
1.9767
1.9684
1.9601
1.9517
1.9432
1.9345
1.9255
1.916
1.9059
1.8951
1.8834
1.8704
1.8561
1.8399
1.8214
1.8
1.7752
1.746
1.7115
1.6709
1.6231
1.5677
1.5046
1.4349
1.3602
1.283
1.2059
1.1312
1.0606
.9949
.9345
.8793
.8289
.783
.7411
.7027
.6675
.6352
.6053
.5778
.5522
.5285
.5064
.4858
.4667
.4487
.4319
.4161
.4013
.3874
.3743
.3619
.3502
.3392
.3288
.3189
.3095
.3006
.2922
.2841
.2765
.2692
.2622
.2556
.2493
.2432
.2374
.2318
.2265
.2214
.2165
.2118
.2073
.2029
.1987
.1947
.1908
.1871
.1834
.18
.1766
.1733
.1702
.1672
.1642
.1614
.1586
.1559
.1534
.1508
.1484
.1461
.1438
.1415
.1394
.1373
.1352
.1332
.1313
.1294
.1276
.1258
.1241
.1224
.1207
.1191
.1175
.116
.1145
.113
.1116
.1102
.1089
.1075
.1062
.105
.1037
.1025
.1013
.1002
.099
.0979
.0968
.0958
.0947
.0937
.0927
.0917
.0908
.0898
.0889
.088
.0871
.0862
.0854
.0845
.0837
.0829
.0821
.0813
.0806
.0798
.0791
.0783
.0776
.0769
.0762
.0756
.0749
.0742
.0736
.073
.0723
.0717
.0711
.0705
.0699
.0694
.0688
.0682
.0677
.0671
.0666
.0661
.0656
.0651
.0646
.0641
.0636
.0631
.0626
.0622
.0617
.0613
.0608
.0604
.0599
.0595
.0591
.0587
.0583
.0578
.0574
.057
.0567
.0563
.0559
.0555
.0551
.0548
.0544
.0541
.0537
.0534
.053
.0527
.0524
.052
.0517
.0514
.0511
.0507
.0504
.0501
.0498
