4.5395
3.9689
3.3811
2.847
2.4111
2.1759
2.1081
2.0881
2.0746
2.0616
2.0489
2.0363
2.024
2.012
2.0002
1.9886
1.9771
1.9657
1.9544
1.9432
1.9319
1.9205
1.909
1.8972
1.8852
1.8726
1.8594
1.8454
1.8303
1.8138
1.7954
1.7747
1.7509
1.7234
1.691
1.6527
1.6071
1.5531
1.4899
1.4172
1.3363
1.2493
1.1598
1.0711
.9864
.9077
.836
.7715
.7139
.6625
.6167
.5757
.5391
.5061
.4764
.4496
.4252
.403
.3827
.3642
.3471
.3314
.3169
.3035
.2911
.2796
.2688
.2588
.2494
.2406
.2323
.2246
.2173
.2104
.2039
.1978
.192
.1865
.1813
.1763
.1716
.1671
.1629
.1588
.1549
.1512
.1476
.1442
.141
.1379
.1349
.132
.1292
.1266
.124
.1215
.1192
.1169
.1147
.1126
.1105
.1085
.1066
.1047
.1029
.1012
.0995
.0979
.0963
.0948
.0933
.0918
.0904
.0891
.0877
.0865
.0852
.084
.0828
.0816
.0805
.0794
.0784
.0773
.0763
.0753
.0744
.0734
.0725
.0716
.0707
.0699
.069
.0682
.0674
.0666
.0659
.0651
.0644
.0637
.063
.0623
.0616
.061
.0603
.0597
.0591
.0584
.0579
.0573
.0567
.0561
.0556
.055
.0545
.054
.0535
.053
.0525
.052
.0515
.0511
.0506
.0501
.0497
