4.569
4.0629
3.564
3.1336
2.7601
2.4659
2.303
2.2503
2.2399
2.2383
2.2373
2.2355
2.2328
2.2293
2.2253
2.2209
2.2161
2.2111
2.2059
2.2004
2.1947
2.1888
2.1828
2.1765
2.17
2.1633
2.1563
2.1491
2.1417
2.134
2.126
2.1179
2.1095
2.101
2.0924
2.0836
2.0749
2.0662
2.0575
2.049
2.0406
2.0323
2.0243
2.0166
2.0091
2.0019
1.9949
1.9882
1.9818
1.9756
1.9697
1.9641
1.9586
1.9534
1.9484
1.9435
1.9388
1.9343
1.9298
1.9255
1.9213
1.9171
1.913
1.9089
1.9048
1.9006
1.8964
1.8921
1.8876
1.883
1.878
1.8728
1.8671
1.8608
1.8539
1.8461
1.8373
1.827
1.8149
1.8006
1.7833
1.7621
1.7358
1.7028
1.6611
1.6079
1.5405
1.4566
1.3556
1.2406
1.1192
1.0006
.8924
.7981
.7179
.6503
.5932
.5449
.5036
.4681
.4373
.4103
.3865
.3654
.3466
.3297
.3144
.3006
.288
.2764
.2658
.2559
.2469
.2384
.2306
.2233
.2164
.21
.2039
.1982
.1929
.1878
.183
.1784
.1741
.17
.166
.1623
.1587
.1553
.152
.1489
.1459
.143
.1402
.1375
.135
.1325
.1301
.1278
.1256
.1235
.1214
.1194
.1175
.1156
.1138
.112
.1103
.1087
.1071
.1055
.104
.1025
.1011
.0997
.0984
.0971
.0958
.0945
.0933
.0921
.091
.0898
.0887
.0877
.0866
.0856
.0846
.0836
.0827
.0817
.0808
.0799
.079
.0782
.0773
.0765
.0757
.0749
.0742
.0734
.0727
.0719
.0712
.0705
.0699
.0692
.0685
.0679
.0672
.0666
.066
.0654
.0648
.0642
.0637
.0631
.0626
.062
.0615
.061
.0605
.0599
.0595
.059
.0585
.058
.0575
.0571
.0566
.0562
.0557
.0553
.0549
.0545
.0541
.0537
.0533
.0529
.0525
.0521
.0517
.0513
.051
.0506
.0503
.0499
