4.0931
3.7448
3.4554
3.1598
2.831
2.5202
2.3376
2.2738
2.2467
2.2262
2.2073
2.1896
2.173
2.1577
2.1437
2.1309
2.1192
2.1085
2.0988
2.0899
2.0818
2.0743
2.0673
2.0608
2.0548
2.0491
2.0437
2.0386
2.0338
2.0291
2.0246
2.0202
2.016
2.0118
2.0077
2.0036
1.9995
1.9955
1.9914
1.9872
1.983
1.9787
1.9743
1.9698
1.9652
1.9604
1.9555
1.9504
1.9451
1.9396
1.9339
1.928
1.9218
1.9154
1.9088
1.9018
1.8946
1.8872
1.8795
1.8715
1.8633
1.8549
1.8461
1.8371
1.8278
1.8182
1.8081
1.7976
1.7865
1.7746
1.7619
1.7481
1.7328
1.7158
1.6964
1.6741
1.6479
1.6169
1.5794
1.5338
1.4779
1.4097
1.3276
1.2323
1.1273
1.0194
.9162
.8233
.7428
.6743
.6163
.5668
.5243
.4874
.4552
.4268
.4016
.3791
.3589
.3408
.3243
.3094
.2959
.2835
.2721
.2617
.2521
.2433
.2351
.2275
.2204
.2138
.2077
.202
.1966
.1915
.1867
.1822
.178
.174
.1702
.1666
.1631
.1599
.1568
.1538
.151
.1482
.1456
.1432
.1408
.1385
.1363
.1341
.1321
.1301
.1282
.1264
.1246
.1229
.1212
.1196
.118
.1165
.1151
.1136
.1122
.1109
.1096
.1083
.1071
.1059
.1047
.1035
.1024
.1013
.1003
.0992
.0982
.0972
.0962
.0953
.0944
.0935
.0926
.0917
.0908
.09
.0892
.0884
.0876
.0868
.0861
.0853
.0846
.0839
.0832
.0825
.0818
.0811
.0805
.0799
.0792
.0786
.078
.0774
.0768
.0762
.0756
.0751
.0745
.074
.0734
.0729
.0724
.0719
.0714
.0709
.0704
.0699
.0694
.0689
.0685
.068
.0676
.0671
.0667
.0662
.0658
.0654
.065
.0646
.0642
.0638
.0634
.063
.0626
.0622
.0618
.0615
.0611
.0607
.0604
.06
.0597
.0593
.059
.0586
.0583
.058
.0577
.0573
.057
.0567
.0564
.0561
.0558
.0555
.0552
.0549
.0546
.0543
.054
.0537
.0535
.0532
.0529
.0526
.0524
.0521
.0518
.0516
.0513
.0511
.0508
.0506
.0503
.0501
.0498
