4.6116
4.1642
3.7653
3.4394
3.1526
2.8809
2.6203
2.3878
2.2149
2.1166
2.0704
2.0469
2.0312
2.0182
2.0064
1.9953
1.9849
1.975
1.9656
1.9567
1.9482
1.94
1.9321
1.9243
1.9166
1.909
1.9014
1.8937
1.8858
1.8777
1.8693
1.8605
1.8511
1.8412
1.8304
1.8187
1.8057
1.7912
1.7749
1.7562
1.7347
1.7094
1.6794
1.6435
1.6004
1.5484
1.4861
1.4129
1.3291
1.2373
1.1415
1.0466
.9569
.875
.8021
.7379
.6816
.6323
.5889
.5506
.5165
.486
.4587
.434
.4116
.3913
.3727
.3557
.34
.3256
.3123
.2999
.2884
.2776
.2676
.2583
.2495
.2412
.2335
.2262
.2193
.2128
.2066
.2008
.1952
.19
.185
.1802
.1757
.1713
.1672
.1633
.1595
.1559
.1524
.1491
.1459
.1428
.1399
.1371
.1343
.1317
.1292
.1267
.1244
.1221
.1199
.1178
.1157
.1138
.1118
.11
.1082
.1064
.1047
.1031
.1015
.1
.0985
.097
.0956
.0942
.0928
.0915
.0903
.089
.0878
.0866
.0855
.0844
.0833
.0822
.0812
.0802
.0792
.0782
.0773
.0764
.0755
.0746
.0737
.0729
.0721
.0712
.0705
.0697
.0689
.0682
.0675
.0667
.0661
.0654
.0647
.064
.0634
.0628
.0621
.0615
.0609
.0604
.0598
.0592
.0587
.0581
.0576
.0571
.0565
.056
.0555
.0551
.0546
.0541
.0536
.0532
.0527
.0523
.0518
.0514
.051
.0506
.0502
.0498
