4.6119
4.0742
3.5202
3.068
2.722
2.4596
2.2796
2.1791
2.1304
2.1028
2.0813
2.0611
2.0411
2.021
2.0009
1.9808
1.9608
1.9407
1.9207
1.9005
1.8802
1.8597
1.8389
1.8176
1.7957
1.7728
1.7487
1.7231
1.6955
1.6655
1.6326
1.5964
1.5565
1.5128
1.4652
1.4142
1.3603
1.3043
1.2473
1.19
1.1332
1.0778
1.0241
.9725
.9233
.8765
.8323
.7906
.7513
.7144
.6798
.6474
.617
.5886
.562
.5371
.5138
.4919
.4714
.4522
.4342
.4173
.4014
.3864
.3723
.359
.3465
.3347
.3235
.3129
.3029
.2934
.2845
.2759
.2678
.2601
.2528
.2458
.2391
.2328
.2267
.2209
.2154
.2101
.205
.2002
.1955
.191
.1868
.1826
.1787
.1749
.1712
.1677
.1643
.161
.1578
.1548
.1518
.149
.1462
.1436
.141
.1385
.1361
.1337
.1315
.1293
.1272
.1251
.1231
.1211
.1193
.1174
.1156
.1139
.1122
.1106
.109
.1074
.1059
.1044
.103
.1016
.1002
.0989
.0976
.0963
.0951
.0939
.0927
.0916
.0904
.0893
.0883
.0872
.0862
.0852
.0842
.0832
.0823
.0814
.0805
.0796
.0787
.0779
.077
.0762
.0754
.0746
.0739
.0731
.0724
.0717
.0709
.0702
.0696
.0689
.0682
.0676
.0669
.0663
.0657
.0651
.0645
.0639
.0634
.0628
.0622
.0617
.0612
.0606
.0601
.0596
.0591
.0586
.0581
.0576
.0572
.0567
.0563
.0558
.0554
.0549
.0545
.0541
.0537
.0532
.0528
.0524
.052
.0517
.0513
.0509
.0505
.0502
.0498
