.5496
.5504
.5498
.5492
.5487
.5482
.5477
.5472
.5467
.5463
.5459
.5454
.545
.5446
.5442
.5438
.5435
.5431
.5428
.5424
.5421
.5418
.5414
.5411
.5408
.5405
.5402
.5399
.5396
.5393
.539
.5387
.5384
.5381
.5378
.5375
.5372
.5369
.5366
.5363
.536
.5357
.5354
.5351
.5348
.5345
.5342
.5338
.5335
.5332
.5329
.5325
.5322
.5318
.5315
.5311
.5308
.5304
.53
.5297
.5293
.5289
.5285
.5281
.5277
.5273
.5269
.5265
.526
.5256
.5252
.5247
.5243
.5238
.5234
.5229
.5224
.522
.5215
.521
.5205
.52
.5195
.519
.5184
.5179
.5174
.5168
.5163
.5157
.5152
.5146
.514
.5135
.5129
.5123
.5117
.5111
.5105
.5099
.5092
.5086
.508
.5074
.5067
.5061
.5054
.5047
.5041
.5034
.5027
.502
.5013
.5006
.4999
.4992
.4985
.4978
.4971
.4964
.4956
.4949
.4941
.4934
.4926
.4919
.4911
.4904
.4896
.4888
.488
.4872
.4864
.4857
.4849
.484
.4832
.4824
.4816
.4808
.48
.4792
.4783
.4775
.4767
.4758
.475
.4741
.4733
.4724
.4716
.4707
.4698
.469
.4681
.4673
.4664
.4655
.4646
.4638
.4629
.462
.4611
.4602
.4593
.4584
.4575
.4566
.4558
.4549
.454
.4531
.4522
.4513
.4503
.4494
.4485
.4476
.4467
.4458
.4449
.444
.4431
.4422
.4412
.4403
.4394
.4385
.4376
.4367
.4357
.4348
.4339
.433
.4321
.4312
.4302
.4293
.4284
.4275
.4266
.4256
.4247
.4238
.4229
.422
.421
.4201
.4192
.4183
.4174
.4165
.4155
.4146
.4137
.4128
.4119
.411
.41
.4091
.4082
.4073
.4064
.4055
.4046
.4037
.4027
.4018
.4009
.4
.3991
.3982
.3973
.3964
.3955
.3946
.3937
.3928
.3919
.391
.39
.3891
.3882
.3873
.3864
.3855
.3846
.3838
.3829
.382
.3811
.3802
.3793
.3784
.3775
.3766
.3757
.3748
.3739
.373
.3721
.3713
.3704
.3695
.3686
.3677
.3668
.3659
.3651
.3642
.3633
.3624
.3615
.3607
.3598
.3589
.358
.3571
.3563
.3554
.3545
.3536
.3528
.3519
.351
.3502
.3493
.3484
.3475
.3467
.3458
.3449
.3441
.3432
.3423
.3415
.3406
.3398
.3389
.338
.3372
.3363
.3355
.3346
.3338
.3329
.3321
.3312
.3303
.3295
.3286
.3278
.327
.3261
.3253
.3244
.3236
.3227
.3219
.3211
.3202
.3194
.3185
.3177
.3169
.316
.3152
.3144
.3135
.3127
.3119
.3111
.3102
.3094
.3086
.3078
.307
.3062
.3053
.3045
.3037
.3029
.3021
.3013
.3005
.2997
.2989
.2981
.2973
.2965
.2957
.2949
.2941
.2933
.2925
.2917
.2909
.2902
.2894
.2886
.2878
.287
.2863
.2855
.2847
.284
.2832
.2824
.2817
.2809
.2801
.2794
.2786
.2779
.2771
.2764
.2756
.2749
.2741
.2734
.2727
.2719
.2712
.2705
.2697
.269
.2683
.2676
.2668
.2661
.2654
.2647
.264
.2633
.2626
.2619
.2611
.2604
.2597
.259
.2584
.2577
.257
.2563
.2556
.2549
.2542
.2535
.2529
.2522
.2515
.2508
.2502
.2495
.2488
.2482
.2475
.2469
.2462
.2456
.2449
.2443
.2436
.243
.2423
.2417
.241
.2404
.2398
.2391
.2385
.2379
.2373
.2366
.236
.2354
.2348
.2342
.2336
.233
.2323
.2317
.2311
.2305
.2299
.2293
.2287
.2282
.2276
.227
.2264
.2258
.2252
.2246
.2241
.2235
.2229
.2223
.2218
.2212
.2206
.2201
.2195
.2189
.2184
.2178
.2173
.2167
.2162
.2156
.2151
.2145
.214
.2135
.2129
.2124
.2118
.2113
.2108
.2102
.2097
.2092
.2087
.2082
.2076
.2071
.2066
.2061
.2056
.2051
.2046
.204
.2035
.203
.2025
.202
.2015
.201
.2005
.2001
.1996
.1991
.1986
.1981
.1976
.1971
.1967
.1962
.1957
.1952
.1948
.1943
.1938
.1933
.1929
.1924
.1919
.1915
.191
.1906
.1901
.1897
.1892
.1888
.1883
.1879
.1874
.187
.1865
.1861
.1856
.1852
.1848
.1843
.1839
.1834
.183
.1826
.1822
.1817
.1813
.1809
.1805
.18
.1796
.1792
.1788
.1784
.178
.1775
.1771
.1767
.1763
.1759
.1755
.1751
.1747
.1743
.1739
.1735
.1731
.1727
.1723
.1719
.1715
.1711
.1707
.1704
.17
.1696
.1692
.1688
.1684
.1681
.1677
.1673
.1669
.1666
.1662
.1658
.1654
.1651
.1647
.1643
.164
.1636
.1633
.1629
.1625
.1622
.1618
.1615
.1611
.1607
.1604
.16
.1597
.1593
.159
.1586
.1583
.158
.1576
.1573
.1569
.1566
.1563
.1559
.1556
.1552
.1549
.1546
.1542
.1539
.1536
.1533
.1529
.1526
.1523
.152
.1516
.1513
.151
.1507
.1503
.15
.1497
.1494
.1491
.1488
.1485
.1481
.1478
.1475
.1472
.1469
.1466
.1463
.146
.1457
.1454
.1451
.1448
.1445
.1442
.1439
.1436
.1433
.143
.1427
.1424
.1421
.1418
.1415
.1413
.141
.1407
.1404
.1401
.1398
.1395
.1393
.139
.1387
.1384
.1381
.1379
.1376
.1373
.137
.1368
.1365
.1362
.136
.1357
.1354
.1351
.1349
.1346
.1343
.1341
.1338
.1335
.1333
.133
.1328
.1325
.1322
.132
.1317
.1315
.1312
.131
.1307
.1305
.1302
.1299
.1297
.1294
.1292
.1289
.1287
.1285
.1282
.128
.1277
.1275
.1272
.127
.1267
.1265
.1263
.126
.1258
.1255
.1253
.1251
.1248
.1246
.1244
.1241
.1239
.1237
.1234
.1232
.123
.1227
.1225
.1223
.1221
.1218
.1216
.1214
.1212
.1209
.1207
.1205
.1203
.12
.1198
.1196
.1194
.1192
.1189
.1187
.1185
.1183
.1181
.1179
.1177
.1174
.1172
.117
.1168
.1166
.1164
.1162
.116
.1158
.1155
.1153
.1151
.1149
.1147
.1145
.1143
.1141
.1139
.1137
.1135
.1133
.1131
.1129
.1127
.1125
.1123
.1121
.1119
.1117
.1115
.1113
.1111
.1109
.1107
.1106
.1104
.1102
.11
.1098
.1096
.1094
.1092
.109
.1088
.1087
.1085
.1083
.1081
.1079
.1077
.1075
.1074
.1072
.107
.1068
.1066
.1065
.1063
.1061
.1059
.1057
.1056
.1054
.1052
.105
.1049
.1047
.1045
.1043
.1042
.104
.1038
.1036
.1035
.1033
.1031
.1029
.1028
.1026
.1024
.1023
.1021
.1019
.1018
.1016
.1014
.1013
.1011
.1009
.1008
.1006
.1004
.1003
.1001
.1
.0998
.0996
.0995
.0993
.0991
.099
.0988
.0987
.0985
.0984
.0982
.098
.0979
.0977
.0976
.0974
.0973
.0971
.0969
.0968
.0966
.0965
.0963
.0962
.096
.0959
.0957
.0956
.0954
.0953
.0951
.095
.0948
.0947
.0945
.0944
.0942
.0941
.094
.0938
.0937
.0935
.0934
.0932
.0931
.0929
.0928
.0927
.0925
.0924
.0922
.0921
.0919
.0918
.0917
.0915
.0914
.0912
.0911
.091
.0908
.0907
.0906
.0904
.0903
.0901
.09
.0899
.0897
.0896
.0895
.0893
.0892
.0891
.0889
.0888
.0887
.0885
.0884
.0883
.0882
.088
.0879
.0878
.0876
.0875
.0874
.0872
.0871
.087
.0869
.0867
.0866
.0865
.0864
.0862
.0861
.086
.0859
.0857
.0856
.0855
.0854
.0852
.0851
.085
.0849
.0847
.0846
.0845
.0844
.0843
.0841
.084
.0839
.0838
.0837
.0835
.0834
.0833
.0832
.0831
.0829
.0828
.0827
.0826
.0825
.0824
.0822
.0821
.082
.0819
.0818
.0817
.0816
.0814
.0813
.0812
.0811
.081
.0809
.0808
.0807
.0805
.0804
.0803
.0802
.0801
.08
.0799
.0798
.0797
.0795
.0794
.0793
.0792
.0791
.079
.0789
.0788
.0787
.0786
.0785
.0784
.0783
.0781
.078
.0779
.0778
.0777
.0776
.0775
.0774
.0773
.0772
.0771
.077
.0769
.0768
.0767
.0766
.0765
.0764
.0763
.0762
.0761
.076
.0759
.0758
.0757
.0756
.0755
.0754
.0753
.0752
.0751
.075
.0749
.0748
.0747
.0746
.0745
.0744
.0743
.0742
.0741
.074
.0739
.0738
.0737
.0736
.0735
.0734
.0733
.0732
.0732
.0731
.073
.0729
.0728
.0727
.0726
.0725
.0724
.0723
.0722
.0721
.072
.0719
.0719
.0718
.0717
.0716
.0715
.0714
.0713
.0712
.0711
.071
.071
.0709
.0708
.0707
.0706
.0705
.0704
.0703
.0702
.0702
.0701
.07
.0699
.0698
.0697
.0696
.0695
.0695
.0694
.0693
.0692
.0691
.069
.069
.0689
.0688
.0687
.0686
.0685
.0684
.0684
.0683
.0682
.0681
.068
.0679
.0679
.0678
.0677
.0676
.0675
.0675
.0674
.0673
.0672
.0671
.067
.067
.0669
.0668
.0667
.0666
.0666
.0665
.0664
.0663
.0662
.0662
.0661
.066
.0659
.0659
.0658
.0657
.0656
.0655
.0655
.0654
.0653
.0652
.0652
.0651
.065
.0649
.0649
.0648
.0647
.0646
.0645
.0645
.0644
.0643
.0642
.0642
.0641
.064
.064
.0639
.0638
.0637
.0637
.0636
.0635
.0634
.0634
.0633
.0632
.0631
.0631
.063
.0629
.0629
.0628
.0627
.0626
.0626
.0625
.0624
.0624
.0623
.0622
.0621
.0621
.062
.0619
.0619
.0618
.0617
.0617
.0616
.0615
.0614
.0614
.0613
.0612
.0612
.0611
.061
.061
.0609
.0608
.0608
.0607
.0606
.0606
.0605
.0604
.0604
.0603
.0602
.0602
.0601
.06
.06
.0599
.0598
.0598
.0597
.0596
.0596
.0595
.0594
.0594
.0593
.0592
.0592
.0591
.059
.059
.0589
.0589
.0588
.0587
.0587
.0586
.0585
.0585
.0584
.0583
.0583
.0582
.0582
.0581
.058
.058
.0579
.0578
.0578
.0577
.0577
.0576
.0575
.0575
.0574
.0574
.0573
.0572
.0572
.0571
.0571
.057
.0569
.0569
.0568
.0568
.0567
.0566
.0566
.0565
.0565
.0564
.0563
.0563
.0562
.0562
.0561
.056
.056
.0559
.0559
.0558
.0557
.0557
.0556
.0556
.0555
.0555
.0554
.0553
.0553
.0552
.0552
.0551
.0551
.055
.0549
.0549
.0548
.0548
.0547
.0547
.0546
.0546
.0545
.0544
.0544
.0543
.0543
.0542
.0542
.0541
.0541
.054
.0539
.0539
.0538
.0538
.0537
.0537
.0536
.0536
.0535
.0535
.0534
.0534
.0533
.0532
.0532
.0531
.0531
.053
.053
.0529
.0529
.0528
.0528
.0527
.0527
.0526
.0526
.0525
.0525
.0524
.0524
.0523
.0522
.0522
.0521
.0521
.052
.052
.0519
.0519
.0518
.0518
.0517
.0517
.0516
.0516
.0515
.0515
.0514
.0514
.0513
.0513
.0512
.0512
.0511
.0511
.051
.051
.0509
.0509
.0508
.0508
.0507
.0507
.0506
.0506
.0505
.0505
.0505
.0504
.0504
.0503
.0503
.0502
.0502
.0501
.0501
.05
.05
