.607
.6031
.5975
.5921
.5868
.5816
.5766
.5718
.5672
.5629
.5588
.5549
.5514
.548
.545
.5422
.5396
.5373
.5352
.5334
.5317
.5302
.5289
.5278
.5268
.5259
.5251
.5244
.5238
.5233
.5229
.5225
.5221
.5218
.5215
.5213
.5211
.5209
.5207
.5205
.5203
.5202
.52
.5199
.5198
.5196
.5195
.5194
.5193
.5191
.519
.5189
.5188
.5186
.5185
.5184
.5182
.5181
.518
.5178
.5177
.5176
.5174
.5173
.5171
.517
.5168
.5167
.5165
.5163
.5162
.516
.5159
.5157
.5155
.5153
.5152
.515
.5148
.5146
.5145
.5143
.5141
.5139
.5137
.5135
.5133
.5131
.5129
.5127
.5125
.5123
.5121
.5119
.5116
.5114
.5112
.511
.5107
.5105
.5103
.51
.5098
.5096
.5093
.5091
.5088
.5086
.5083
.5081
.5078
.5075
.5073
.507
.5067
.5064
.5061
.5059
.5056
.5053
.505
.5047
.5044
.5041
.5038
.5035
.5032
.5028
.5025
.5022
.5019
.5015
.5012
.5009
.5005
.5002
.4998
.4995
.4991
.4988
.4984
.498
.4977
.4973
.4969
.4966
.4962
.4958
.4954
.495
.4946
.4942
.4938
.4934
.493
.4926
.4921
.4917
.4913
.4909
.4904
.49
.4895
.4891
.4886
.4882
.4877
.4873
.4868
.4863
.4859
.4854
.4849
.4844
.484
.4835
.483
.4825
.482
.4815
.481
.4805
.4799
.4794
.4789
.4784
.4779
.4773
.4768
.4763
.4757
.4752
.4746
.4741
.4735
.473
.4724
.4719
.4713
.4707
.4702
.4696
.469
.4684
.4679
.4673
.4667
.4661
.4655
.4649
.4643
.4637
.4631
.4625
.4619
.4613
.4607
.46
.4594
.4588
.4582
.4576
.4569
.4563
.4557
.455
.4544
.4538
.4531
.4525
.4518
.4512
.4505
.4499
.4492
.4486
.4479
.4473
.4466
.446
.4453
.4446
.444
.4433
.4426
.442
.4413
.4406
.44
.4393
.4386
.4379
.4373
.4366
.4359
.4352
.4345
.4339
.4332
.4325
.4318
.4311
.4304
.4297
.4291
.4284
.4277
.427
.4263
.4256
.4249
.4242
.4235
.4228
.4221
.4214
.4207
.42
.4193
.4186
.418
.4173
.4166
.4159
.4152
.4145
.4138
.4131
.4124
.4117
.411
.4103
.4096
.4089
.4082
.4075
.4068
.4061
.4054
.4047
.404
.4033
.4026
.4019
.4012
.4005
.3998
.3991
.3984
.3977
.397
.3963
.3956
.3949
.3942
.3935
.3928
.3921
.3914
.3907
.39
.3894
.3887
.388
.3873
.3866
.3859
.3852
.3845
.3838
.3831
.3825
.3818
.3811
.3804
.3797
.379
.3783
.3777
.377
.3763
.3756
.3749
.3743
.3736
.3729
.3722
.3715
.3709
.3702
.3695
.3688
.3682
.3675
.3668
.3661
.3655
.3648
.3641
.3635
.3628
.3621
.3615
.3608
.3601
.3595
.3588
.3581
.3575
.3568
.3562
.3555
.3548
.3542
.3535
.3529
.3522
.3516
.3509
.3503
.3496
.3489
.3483
.3477
.347
.3464
.3457
.3451
.3444
.3438
.3431
.3425
.3418
.3412
.3406
.3399
.3393
.3387
.338
.3374
.3368
.3361
.3355
.3349
.3342
.3336
.333
.3323
.3317
.3311
.3305
.3298
.3292
.3286
.328
.3274
.3267
.3261
.3255
.3249
.3243
.3237
.3231
.3224
.3218
.3212
.3206
.32
.3194
.3188
.3182
.3176
.317
.3164
.3158
.3152
.3146
.314
.3134
.3128
.3122
.3116
.311
.3104
.3098
.3092
.3086
.308
.3075
.3069
.3063
.3057
.3051
.3045
.304
.3034
.3028
.3022
.3016
.3011
.3005
.2999
.2993
.2988
.2982
.2976
.2971
.2965
.2959
.2953
.2948
.2942
.2937
.2931
.2925
.292
.2914
.2908
.2903
.2897
.2892
.2886
.2881
.2875
.287
.2864
.2859
.2853
.2848
.2842
.2837
.2831
.2826
.282
.2815
.2809
.2804
.2799
.2793
.2788
.2782
.2777
.2772
.2766
.2761
.2756
.275
.2745
.274
.2734
.2729
.2724
.2719
.2713
.2708
.2703
.2698
.2692
.2687
.2682
.2677
.2672
.2666
.2661
.2656
.2651
.2646
.2641
.2635
.263
.2625
.262
.2615
.261
.2605
.26
.2595
.259
.2584
.2579
.2574
.2569
.2564
.2559
.2554
.2549
.2544
.2539
.2534
.2529
.2524
.2519
.2514
.251
.2505
.25
.2495
.249
.2485
.248
.2475
.247
.2465
.2461
.2456
.2451
.2446
.2441
.2436
.2431
.2427
.2422
.2417
.2412
.2407
.2403
.2398
.2393
.2388
.2383
.2379
.2374
.2369
.2364
.236
.2355
.235
.2346
.2341
.2336
.2331
.2327
.2322
.2317
.2313
.2308
.2303
.2299
.2294
.229
.2285
.228
.2276
.2271
.2266
.2262
.2257
.2253
.2248
.2243
.2239
.2234
.223
.2225
.2221
.2216
.2212
.2207
.2202
.2198
.2193
.2189
.2184
.218
.2175
.2171
.2166
.2162
.2157
.2153
.2149
.2144
.214
.2135
.2131
.2126
.2122
.2117
.2113
.2109
.2104
.21
.2095
.2091
.2087
.2082
.2078
.2074
.2069
.2065
.206
.2056
.2052
.2047
.2043
.2039
.2035
.203
.2026
.2022
.2017
.2013
.2009
.2005
.2
.1996
.1992
.1988
.1983
.1979
.1975
.1971
.1966
.1962
.1958
.1954
.195
.1945
.1941
.1937
.1933
.1929
.1925
.1921
.1916
.1912
.1908
.1904
.19
.1896
.1892
.1888
.1884
.188
.1875
.1871
.1867
.1863
.1859
.1855
.1851
.1847
.1843
.1839
.1835
.1831
.1827
.1823
.1819
.1815
.1812
.1808
.1804
.18
.1796
.1792
.1788
.1784
.178
.1776
.1773
.1769
.1765
.1761
.1757
.1753
.175
.1746
.1742
.1738
.1734
.1731
.1727
.1723
.1719
.1716
.1712
.1708
.1704
.1701
.1697
.1693
.169
.1686
.1682
.1679
.1675
.1671
.1668
.1664
.166
.1657
.1653
.165
.1646
.1642
.1639
.1635
.1632
.1628
.1625
.1621
.1618
.1614
.1611
.1607
.1604
.16
.1597
.1593
.159
.1586
.1583
.158
.1576
.1573
.1569
.1566
.1563
.1559
.1556
.1552
.1549
.1546
.1542
.1539
.1536
.1533
.1529
.1526
.1523
.1519
.1516
.1513
.151
.1506
.1503
.15
.1497
.1493
.149
.1487
.1484
.1481
.1478
.1474
.1471
.1468
.1465
.1462
.1459
.1456
.1453
.1449
.1446
.1443
.144
.1437
.1434
.1431
.1428
.1425
.1422
.1419
.1416
.1413
.141
.1407
.1404
.1401
.1398
.1395
.1392
.1389
.1386
.1383
.138
.1377
.1374
.1372
.1369
.1366
.1363
.136
.1357
.1354
.1351
.1349
.1346
.1343
.134
.1337
.1334
.1332
.1329
.1326
.1323
.132
.1318
.1315
.1312
.1309
.1307
.1304
.1301
.1299
.1296
.1293
.129
.1288
.1285
.1282
.128
.1277
.1274
.1272
.1269
.1266
.1264
.1261
.1258
.1256
.1253
.1251
.1248
.1245
.1243
.124
.1238
.1235
.1232
.123
.1227
.1225
.1222
.122
.1217
.1215
.1212
.121
.1207
.1205
.1202
.12
.1197
.1195
.1192
.119
.1187
.1185
.1182
.118
.1178
.1175
.1173
.117
.1168
.1165
.1163
.1161
.1158
.1156
.1153
.1151
.1149
.1146
.1144
.1142
.1139
.1137
.1135
.1132
.113
.1128
.1125
.1123
.1121
.1118
.1116
.1114
.1111
.1109
.1107
.1105
.1102
.11
.1098
.1095
.1093
.1091
.1089
.1087
.1084
.1082
.108
.1078
.1075
.1073
.1071
.1069
.1067
.1064
.1062
.106
.1058
.1056
.1054
.1051
.1049
.1047
.1045
.1043
.1041
.1039
.1036
.1034
.1032
.103
.1028
.1026
.1024
.1022
.102
.1017
.1015
.1013
.1011
.1009
.1007
.1005
.1003
.1001
.0999
.0997
.0995
.0993
.0991
.0989
.0987
.0985
.0983
.0981
.0979
.0977
.0975
.0973
.0971
.0969
.0967
.0965
.0963
.0961
.0959
.0957
.0955
.0953
.0951
.0949
.0947
.0945
.0943
.0942
.094
.0938
.0936
.0934
.0932
.093
.0928
.0926
.0924
.0923
.0921
.0919
.0917
.0915
.0913
.0911
.091
.0908
.0906
.0904
.0902
.09
.0898
.0897
.0895
.0893
.0891
.0889
.0888
.0886
.0884
.0882
.088
.0879
.0877
.0875
.0873
.0872
.087
.0868
.0866
.0865
.0863
.0861
.0859
.0858
.0856
.0854
.0852
.0851
.0849
.0847
.0846
.0844
.0842
.084
.0839
.0837
.0835
.0834
.0832
.083
.0829
.0827
.0825
.0824
.0822
.082
.0819
.0817
.0815
.0814
.0812
.0811
.0809
.0807
.0806
.0804
.0803
.0801
.0799
.0798
.0796
.0795
.0793
.0791
.079
.0788
.0787
.0785
.0783
.0782
.078
.0779
.0777
.0776
.0774
.0773
.0771
.077
.0768
.0767
.0765
.0763
.0762
.076
.0759
.0757
.0756
.0754
.0753
.0751
.075
.0748
.0747
.0746
.0744
.0743
.0741
.074
.0738
.0737
.0735
.0734
.0732
.0731
.073
.0728
.0727
.0725
.0724
.0722
.0721
.072
.0718
.0717
.0715
.0714
.0713
.0711
.071
.0708
.0707
.0706
.0704
.0703
.0702
.07
.0699
.0697
.0696
.0695
.0693
.0692
.0691
.0689
.0688
.0687
.0685
.0684
.0683
.0681
.068
.0679
.0677
.0676
.0675
.0674
.0672
.0671
.067
.0668
.0667
.0666
.0664
.0663
.0662
.0661
.0659
.0658
.0657
.0656
.0654
.0653
.0652
.0651
.0649
.0648
.0647
.0646
.0644
.0643
.0642
.0641
.064
.0638
.0637
.0636
.0635
.0634
.0632
.0631
.063
.0629
.0628
.0626
.0625
.0624
.0623
.0622
.0621
.0619
.0618
.0617
.0616
.0615
.0614
.0613
.0611
.061
.0609
.0608
.0607
.0606
.0605
.0603
.0602
.0601
.06
.0599
.0598
.0597
.0596
.0595
.0593
.0592
.0591
.059
.0589
.0588
.0587
.0586
.0585
.0584
.0583
.0582
.0581
.0579
.0578
.0577
.0576
.0575
.0574
.0573
.0572
.0571
.057
.0569
.0568
.0567
.0566
.0565
.0564
.0563
.0562
.0561
.056
.0559
.0558
.0557
.0556
.0555
.0554
.0553
.0552
.0551
.055
.0549
.0548
.0547
.0546
.0545
.0544
.0543
.0542
.0541
.054
.0539
.0538
.0537
.0536
.0536
.0535
.0534
.0533
.0532
.0531
.053
.0529
.0528
.0527
.0526
.0525
.0524
.0523
.0523
.0522
.0521
.052
.0519
.0518
.0517
.0516
.0515
.0514
.0514
.0513
.0512
.0511
.051
.0509
.0508
.0507
.0507
.0506
.0505
.0504
.0503
.0502
.0501
.0501
.05
