.59
.5872
.5826
.5782
.5738
.5697
.5657
.5619
.5582
.5548
.5516
.5486
.5459
.5433
.541
.5388
.5369
.5352
.5336
.5322
.531
.5299
.5289
.5281
.5274
.5267
.5262
.5257
.5253
.5249
.5246
.5243
.5241
.5239
.5237
.5236
.5234
.5233
.5232
.5231
.523
.5229
.5228
.5227
.5227
.5226
.5225
.5225
.5224
.5223
.5223
.5222
.5221
.5221
.522
.5219
.5219
.5218
.5217
.5217
.5216
.5215
.5214
.5214
.5213
.5212
.5211
.5211
.521
.5209
.5208
.5207
.5207
.5206
.5205
.5204
.5203
.5202
.5202
.5201
.52
.5199
.5198
.5197
.5196
.5195
.5194
.5193
.5192
.5191
.519
.5189
.5188
.5187
.5186
.5185
.5184
.5183
.5182
.5181
.518
.5179
.5178
.5177
.5176
.5175
.5173
.5172
.5171
.517
.5169
.5167
.5166
.5165
.5164
.5162
.5161
.516
.5159
.5157
.5156
.5154
.5153
.5152
.515
.5149
.5147
.5146
.5145
.5143
.5142
.514
.5139
.5137
.5135
.5134
.5132
.5131
.5129
.5127
.5126
.5124
.5122
.5121
.5119
.5117
.5115
.5114
.5112
.511
.5108
.5106
.5104
.5102
.51
.5098
.5096
.5094
.5092
.509
.5088
.5086
.5084
.5082
.508
.5078
.5075
.5073
.5071
.5069
.5066
.5064
.5061
.5059
.5057
.5054
.5052
.5049
.5047
.5044
.5042
.5039
.5036
.5034
.5031
.5028
.5025
.5023
.502
.5017
.5014
.5011
.5008
.5005
.5002
.4999
.4996
.4993
.499
.4987
.4984
.4981
.4977
.4974
.4971
.4967
.4964
.4961
.4957
.4954
.495
.4947
.4943
.4939
.4936
.4932
.4928
.4925
.4921
.4917
.4913
.4909
.4905
.4901
.4897
.4893
.4889
.4885
.4881
.4877
.4873
.4869
.4864
.486
.4856
.4851
.4847
.4842
.4838
.4833
.4829
.4824
.482
.4815
.481
.4806
.4801
.4796
.4791
.4786
.4781
.4776
.4771
.4766
.4761
.4756
.4751
.4746
.4741
.4736
.473
.4725
.472
.4714
.4709
.4704
.4698
.4693
.4687
.4681
.4676
.467
.4665
.4659
.4653
.4647
.4642
.4636
.463
.4624
.4618
.4612
.4606
.46
.4594
.4588
.4582
.4576
.457
.4564
.4558
.4551
.4545
.4539
.4533
.4526
.452
.4513
.4507
.4501
.4494
.4488
.4481
.4475
.4468
.4461
.4455
.4448
.4442
.4435
.4428
.4422
.4415
.4408
.4401
.4394
.4388
.4381
.4374
.4367
.436
.4353
.4346
.4339
.4332
.4325
.4318
.4311
.4304
.4297
.429
.4283
.4276
.4269
.4262
.4254
.4247
.424
.4233
.4226
.4218
.4211
.4204
.4197
.4189
.4182
.4175
.4167
.416
.4153
.4145
.4138
.4131
.4123
.4116
.4109
.4101
.4094
.4086
.4079
.4071
.4064
.4057
.4049
.4042
.4034
.4027
.4019
.4012
.4004
.3997
.3989
.3982
.3974
.3967
.3959
.3952
.3944
.3936
.3929
.3921
.3914
.3906
.3899
.3891
.3883
.3876
.3868
.3861
.3853
.3846
.3838
.383
.3823
.3815
.3808
.38
.3792
.3785
.3777
.377
.3762
.3755
.3747
.3739
.3732
.3724
.3717
.3709
.3701
.3694
.3686
.3679
.3671
.3663
.3656
.3648
.3641
.3633
.3626
.3618
.361
.3603
.3595
.3588
.358
.3573
.3565
.3558
.355
.3543
.3535
.3527
.352
.3512
.3505
.3497
.349
.3482
.3475
.3467
.346
.3452
.3445
.3438
.343
.3423
.3415
.3408
.34
.3393
.3385
.3378
.3371
.3363
.3356
.3348
.3341
.3334
.3326
.3319
.3311
.3304
.3297
.3289
.3282
.3275
.3267
.326
.3253
.3246
.3238
.3231
.3224
.3216
.3209
.3202
.3195
.3187
.318
.3173
.3166
.3159
.3151
.3144
.3137
.313
.3123
.3116
.3108
.3101
.3094
.3087
.308
.3073
.3066
.3059
.3052
.3045
.3038
.3031
.3024
.3017
.301
.3003
.2996
.2989
.2982
.2975
.2968
.2961
.2954
.2947
.294
.2933
.2926
.292
.2913
.2906
.2899
.2892
.2885
.2879
.2872
.2865
.2858
.2852
.2845
.2838
.2832
.2825
.2818
.2811
.2805
.2798
.2792
.2785
.2778
.2772
.2765
.2759
.2752
.2745
.2739
.2732
.2726
.2719
.2713
.2706
.27
.2694
.2687
.2681
.2674
.2668
.2662
.2655
.2649
.2642
.2636
.263
.2624
.2617
.2611
.2605
.2598
.2592
.2586
.258
.2574
.2567
.2561
.2555
.2549
.2543
.2537
.2531
.2525
.2518
.2512
.2506
.25
.2494
.2488
.2482
.2476
.247
.2464
.2459
.2453
.2447
.2441
.2435
.2429
.2423
.2417
.2411
.2406
.24
.2394
.2388
.2383
.2377
.2371
.2365
.236
.2354
.2348
.2343
.2337
.2331
.2326
.232
.2314
.2309
.2303
.2298
.2292
.2287
.2281
.2276
.227
.2265
.2259
.2254
.2248
.2243
.2237
.2232
.2227
.2221
.2216
.2211
.2205
.22
.2195
.2189
.2184
.2179
.2174
.2168
.2163
.2158
.2153
.2148
.2142
.2137
.2132
.2127
.2122
.2117
.2112
.2106
.2101
.2096
.2091
.2086
.2081
.2076
.2071
.2066
.2061
.2056
.2051
.2046
.2042
.2037
.2032
.2027
.2022
.2017
.2012
.2008
.2003
.1998
.1993
.1988
.1984
.1979
.1974
.1969
.1965
.196
.1955
.1951
.1946
.1941
.1937
.1932
.1927
.1923
.1918
.1914
.1909
.1904
.19
.1895
.1891
.1886
.1882
.1877
.1873
.1868
.1864
.1859
.1855
.1851
.1846
.1842
.1837
.1833
.1829
.1824
.182
.1816
.1811
.1807
.1803
.1798
.1794
.179
.1786
.1781
.1777
.1773
.1769
.1765
.176
.1756
.1752
.1748
.1744
.174
.1735
.1731
.1727
.1723
.1719
.1715
.1711
.1707
.1703
.1699
.1695
.1691
.1687
.1683
.1679
.1675
.1671
.1667
.1663
.1659
.1655
.1651
.1647
.1644
.164
.1636
.1632
.1628
.1624
.162
.1617
.1613
.1609
.1605
.1602
.1598
.1594
.159
.1587
.1583
.1579
.1575
.1572
.1568
.1564
.1561
.1557
.1553
.155
.1546
.1542
.1539
.1535
.1532
.1528
.1524
.1521
.1517
.1514
.151
.1507
.1503
.15
.1496
.1493
.1489
.1486
.1482
.1479
.1475
.1472
.1468
.1465
.1462
.1458
.1455
.1451
.1448
.1445
.1441
.1438
.1434
.1431
.1428
.1424
.1421
.1418
.1415
.1411
.1408
.1405
.1401
.1398
.1395
.1392
.1388
.1385
.1382
.1379
.1375
.1372
.1369
.1366
.1363
.136
.1356
.1353
.135
.1347
.1344
.1341
.1338
.1334
.1331
.1328
.1325
.1322
.1319
.1316
.1313
.131
.1307
.1304
.1301
.1298
.1295
.1292
.1289
.1286
.1283
.128
.1277
.1274
.1271
.1268
.1265
.1262
.1259
.1256
.1253
.125
.1247
.1244
.1241
.1239
.1236
.1233
.123
.1227
.1224
.1221
.1219
.1216
.1213
.121
.1207
.1204
.1202
.1199
.1196
.1193
.1191
.1188
.1185
.1182
.1179
.1177
.1174
.1171
.1169
.1166
.1163
.116
.1158
.1155
.1152
.115
.1147
.1144
.1142
.1139
.1136
.1134
.1131
.1128
.1126
.1123
.112
.1118
.1115
.1113
.111
.1107
.1105
.1102
.11
.1097
.1095
.1092
.1089
.1087
.1084
.1082
.1079
.1077
.1074
.1072
.1069
.1067
.1064
.1062
.1059
.1057
.1054
.1052
.1049
.1047
.1044
.1042
.104
.1037
.1035
.1032
.103
.1027
.1025
.1023
.102
.1018
.1015
.1013
.1011
.1008
.1006
.1004
.1001
.0999
.0996
.0994
.0992
.0989
.0987
.0985
.0983
.098
.0978
.0976
.0973
.0971
.0969
.0966
.0964
.0962
.096
.0957
.0955
.0953
.0951
.0948
.0946
.0944
.0942
.0939
.0937
.0935
.0933
.0931
.0928
.0926
.0924
.0922
.092
.0918
.0915
.0913
.0911
.0909
.0907
.0905
.0902
.09
.0898
.0896
.0894
.0892
.089
.0888
.0886
.0883
.0881
.0879
.0877
.0875
.0873
.0871
.0869
.0867
.0865
.0863
.0861
.0859
.0857
.0855
.0853
.0851
.0849
.0847
.0845
.0843
.0841
.0839
.0837
.0835
.0833
.0831
.0829
.0827
.0825
.0823
.0821
.0819
.0817
.0815
.0813
.0811
.0809
.0807
.0805
.0804
.0802
.08
.0798
.0796
.0794
.0792
.079
.0788
.0787
.0785
.0783
.0781
.0779
.0777
.0775
.0774
.0772
.077
.0768
.0766
.0765
.0763
.0761
.0759
.0757
.0756
.0754
.0752
.075
.0748
.0747
.0745
.0743
.0741
.074
.0738
.0736
.0734
.0733
.0731
.0729
.0728
.0726
.0724
.0722
.0721
.0719
.0717
.0716
.0714
.0712
.0711
.0709
.0707
.0706
.0704
.0702
.0701
.0699
.0697
.0696
.0694
.0692
.0691
.0689
.0688
.0686
.0684
.0683
.0681
.068
.0678
.0676
.0675
.0673
.0672
.067
.0669
.0667
.0665
.0664
.0662
.0661
.0659
.0658
.0656
.0655
.0653
.0652
.065
.0649
.0647
.0646
.0644
.0643
.0641
.064
.0638
.0637
.0635
.0634
.0632
.0631
.0629
.0628
.0627
.0625
.0624
.0622
.0621
.0619
.0618
.0617
.0615
.0614
.0612
.0611
.061
.0608
.0607
.0605
.0604
.0603
.0601
.06
.0599
.0597
.0596
.0595
.0593
.0592
.059
.0589
.0588
.0586
.0585
.0584
.0583
.0581
.058
.0579
.0577
.0576
.0575
.0573
.0572
.0571
.057
.0568
.0567
.0566
.0565
.0563
.0562
.0561
.0559
.0558
.0557
.0556
.0555
.0553
.0552
.0551
.055
.0548
.0547
.0546
.0545
.0544
.0542
.0541
.054
.0539
.0538
.0537
.0535
.0534
.0533
.0532
.0531
.053
.0528
.0527
.0526
.0525
.0524
.0523
.0522
.052
.0519
.0518
.0517
.0516
.0515
.0514
.0513
.0512
.051
.0509
.0508
.0507
.0506
.0505
.0504
.0503
.0502
.0501
.05
