.5591
.5594
.5584
.5574
.5565
.5556
.5547
.5539
.5531
.5524
.5516
.551
.5503
.5497
.5491
.5486
.548
.5475
.5471
.5466
.5462
.5458
.5455
.5451
.5448
.5445
.5442
.5439
.5437
.5434
.5432
.543
.5428
.5426
.5424
.5422
.542
.5419
.5417
.5416
.5414
.5413
.5412
.541
.5409
.5408
.5407
.5405
.5404
.5403
.5402
.5401
.54
.5398
.5397
.5396
.5395
.5394
.5393
.5392
.5391
.5389
.5388
.5387
.5386
.5385
.5383
.5382
.5381
.538
.5378
.5377
.5376
.5374
.5373
.5372
.537
.5369
.5367
.5366
.5365
.5363
.5362
.536
.5358
.5357
.5355
.5354
.5352
.535
.5348
.5347
.5345
.5343
.5341
.5339
.5337
.5336
.5334
.5332
.533
.5328
.5325
.5323
.5321
.5319
.5317
.5315
.5312
.531
.5308
.5305
.5303
.53
.5298
.5295
.5293
.529
.5287
.5284
.5282
.5279
.5276
.5273
.527
.5267
.5264
.5261
.5258
.5255
.5252
.5248
.5245
.5242
.5238
.5235
.5231
.5228
.5224
.522
.5217
.5213
.5209
.5205
.5201
.5197
.5193
.5189
.5185
.5181
.5176
.5172
.5168
.5163
.5159
.5154
.515
.5145
.514
.5135
.513
.5126
.5121
.5116
.511
.5105
.51
.5095
.509
.5084
.5079
.5073
.5068
.5062
.5056
.5051
.5045
.5039
.5033
.5027
.5021
.5015
.5009
.5003
.4997
.499
.4984
.4977
.4971
.4965
.4958
.4951
.4945
.4938
.4931
.4924
.4918
.4911
.4904
.4897
.489
.4883
.4876
.4868
.4861
.4854
.4847
.4839
.4832
.4825
.4817
.481
.4802
.4795
.4787
.478
.4772
.4764
.4757
.4749
.4741
.4734
.4726
.4718
.471
.4702
.4695
.4687
.4679
.4671
.4663
.4655
.4647
.4639
.4631
.4623
.4615
.4607
.4599
.4591
.4583
.4575
.4567
.4559
.4551
.4543
.4534
.4526
.4518
.451
.4502
.4494
.4486
.4478
.447
.4462
.4454
.4446
.4438
.4429
.4421
.4413
.4405
.4397
.4389
.4381
.4373
.4365
.4357
.4349
.4341
.4333
.4325
.4318
.431
.4302
.4294
.4286
.4278
.427
.4262
.4255
.4247
.4239
.4231
.4224
.4216
.4208
.42
.4193
.4185
.4177
.417
.4162
.4154
.4147
.4139
.4132
.4124
.4117
.4109
.4102
.4094
.4087
.4079
.4072
.4065
.4057
.405
.4043
.4035
.4028
.4021
.4013
.4006
.3999
.3992
.3984
.3977
.397
.3963
.3956
.3949
.3942
.3935
.3928
.3921
.3914
.3907
.39
.3893
.3886
.3879
.3872
.3865
.3858
.3851
.3844
.3837
.3831
.3824
.3817
.381
.3804
.3797
.379
.3783
.3777
.377
.3763
.3757
.375
.3743
.3737
.373
.3724
.3717
.3711
.3704
.3698
.3691
.3685
.3678
.3672
.3665
.3659
.3652
.3646
.364
.3633
.3627
.3621
.3614
.3608
.3602
.3595
.3589
.3583
.3576
.357
.3564
.3558
.3551
.3545
.3539
.3533
.3527
.3521
.3514
.3508
.3502
.3496
.349
.3484
.3478
.3471
.3465
.3459
.3453
.3447
.3441
.3435
.3429
.3423
.3417
.3411
.3405
.3399
.3393
.3387
.3381
.3375
.3369
.3363
.3357
.3351
.3345
.3339
.3333
.3327
.3321
.3315
.3309
.3304
.3298
.3292
.3286
.328
.3274
.3268
.3262
.3256
.325
.3244
.3239
.3233
.3227
.3221
.3215
.3209
.3203
.3197
.3191
.3186
.318
.3174
.3168
.3162
.3156
.315
.3144
.3139
.3133
.3127
.3121
.3115
.3109
.3103
.3097
.3091
.3086
.308
.3074
.3068
.3062
.3056
.305
.3044
.3038
.3032
.3026
.302
.3015
.3009
.3003
.2997
.2991
.2985
.2979
.2973
.2967
.2961
.2955
.2949
.2943
.2937
.2931
.2925
.2919
.2913
.2907
.2901
.2895
.2889
.2883
.2877
.2871
.2865
.2859
.2853
.2847
.2841
.2835
.2829
.2823
.2817
.2811
.2805
.2799
.2793
.2787
.2781
.2775
.2768
.2762
.2756
.275
.2744
.2738
.2732
.2726
.272
.2714
.2708
.2702
.2696
.269
.2684
.2677
.2671
.2665
.2659
.2653
.2647
.2641
.2635
.2629
.2623
.2617
.2611
.2605
.2599
.2593
.2587
.2581
.2575
.2569
.2563
.2557
.2551
.2545
.2539
.2533
.2527
.2521
.2515
.2509
.2503
.2497
.2491
.2485
.2479
.2473
.2467
.2462
.2456
.245
.2444
.2438
.2432
.2426
.2421
.2415
.2409
.2403
.2397
.2392
.2386
.238
.2374
.2369
.2363
.2357
.2352
.2346
.234
.2335
.2329
.2323
.2318
.2312
.2307
.2301
.2295
.229
.2284
.2279
.2273
.2268
.2262
.2257
.2251
.2246
.224
.2235
.223
.2224
.2219
.2214
.2208
.2203
.2198
.2192
.2187
.2182
.2176
.2171
.2166
.2161
.2155
.215
.2145
.214
.2135
.2129
.2124
.2119
.2114
.2109
.2104
.2099
.2094
.2089
.2084
.2079
.2074
.2069
.2064
.2059
.2054
.2049
.2044
.2039
.2034
.2029
.2024
.2019
.2015
.201
.2005
.2
.1995
.1991
.1986
.1981
.1976
.1972
.1967
.1962
.1957
.1953
.1948
.1943
.1939
.1934
.1929
.1925
.192
.1916
.1911
.1906
.1902
.1897
.1893
.1888
.1884
.1879
.1875
.187
.1866
.1861
.1857
.1852
.1848
.1843
.1839
.1834
.183
.1826
.1821
.1817
.1813
.1808
.1804
.18
.1795
.1791
.1787
.1782
.1778
.1774
.177
.1765
.1761
.1757
.1753
.1748
.1744
.174
.1736
.1732
.1727
.1723
.1719
.1715
.1711
.1707
.1703
.1698
.1694
.169
.1686
.1682
.1678
.1674
.167
.1666
.1662
.1658
.1654
.165
.1646
.1642
.1638
.1634
.163
.1626
.1622
.1618
.1614
.161
.1607
.1603
.1599
.1595
.1591
.1587
.1583
.1579
.1576
.1572
.1568
.1564
.156
.1557
.1553
.1549
.1545
.1542
.1538
.1534
.153
.1527
.1523
.1519
.1515
.1512
.1508
.1504
.1501
.1497
.1494
.149
.1486
.1483
.1479
.1475
.1472
.1468
.1465
.1461
.1458
.1454
.1451
.1447
.1444
.144
.1437
.1433
.143
.1426
.1423
.1419
.1416
.1412
.1409
.1405
.1402
.1399
.1395
.1392
.1389
.1385
.1382
.1379
.1375
.1372
.1369
.1365
.1362
.1359
.1355
.1352
.1349
.1346
.1342
.1339
.1336
.1333
.133
.1326
.1323
.132
.1317
.1314
.1311
.1308
.1304
.1301
.1298
.1295
.1292
.1289
.1286
.1283
.128
.1277
.1274
.1271
.1268
.1265
.1262
.1259
.1256
.1253
.125
.1247
.1244
.1241
.1238
.1235
.1233
.123
.1227
.1224
.1221
.1218
.1215
.1213
.121
.1207
.1204
.1201
.1199
.1196
.1193
.119
.1188
.1185
.1182
.118
.1177
.1174
.1172
.1169
.1166
.1164
.1161
.1158
.1156
.1153
.1151
.1148
.1145
.1143
.114
.1138
.1135
.1133
.113
.1128
.1125
.1123
.112
.1118
.1115
.1113
.111
.1108
.1105
.1103
.11
.1098
.1096
.1093
.1091
.1088
.1086
.1084
.1081
.1079
.1077
.1074
.1072
.107
.1067
.1065
.1063
.1061
.1058
.1056
.1054
.1052
.1049
.1047
.1045
.1043
.104
.1038
.1036
.1034
.1032
.1029
.1027
.1025
.1023
.1021
.1019
.1017
.1015
.1012
.101
.1008
.1006
.1004
.1002
.1
.0998
.0996
.0994
.0992
.099
.0988
.0986
.0984
.0982
.098
.0978
.0976
.0974
.0972
.097
.0968
.0966
.0964
.0962
.096
.0958
.0956
.0954
.0953
.0951
.0949
.0947
.0945
.0943
.0941
.0939
.0938
.0936
.0934
.0932
.093
.0929
.0927
.0925
.0923
.0921
.092
.0918
.0916
.0914
.0912
.0911
.0909
.0907
.0905
.0904
.0902
.09
.0899
.0897
.0895
.0893
.0892
.089
.0888
.0887
.0885
.0883
.0882
.088
.0878
.0877
.0875
.0874
.0872
.087
.0869
.0867
.0866
.0864
.0862
.0861
.0859
.0858
.0856
.0854
.0853
.0851
.085
.0848
.0847
.0845
.0844
.0842
.0841
.0839
.0838
.0836
.0835
.0833
.0832
.083
.0829
.0827
.0826
.0824
.0823
.0821
.082
.0818
.0817
.0815
.0814
.0813
.0811
.081
.0808
.0807
.0805
.0804
.0803
.0801
.08
.0798
.0797
.0796
.0794
.0793
.0792
.079
.0789
.0787
.0786
.0785
.0783
.0782
.0781
.0779
.0778
.0777
.0775
.0774
.0773
.0771
.077
.0769
.0768
.0766
.0765
.0764
.0762
.0761
.076
.0759
.0757
.0756
.0755
.0754
.0752
.0751
.075
.0749
.0747
.0746
.0745
.0744
.0742
.0741
.074
.0739
.0737
.0736
.0735
.0734
.0733
.0731
.073
.0729
.0728
.0727
.0726
.0724
.0723
.0722
.0721
.072
.0719
.0717
.0716
.0715
.0714
.0713
.0712
.0711
.0709
.0708
.0707
.0706
.0705
.0704
.0703
.0702
.0701
.0699
.0698
.0697
.0696
.0695
.0694
.0693
.0692
.0691
.069
.0689
.0687
.0686
.0685
.0684
.0683
.0682
.0681
.068
.0679
.0678
.0677
.0676
.0675
.0674
.0673
.0672
.0671
.067
.0669
.0668
.0667
.0666
.0665
.0664
.0663
.0662
.0661
.066
.0659
.0658
.0657
.0656
.0655
.0654
.0653
.0652
.0651
.065
.0649
.0648
.0647
.0646
.0645
.0644
.0643
.0642
.0641
.064
.0639
.0638
.0638
.0637
.0636
.0635
.0634
.0633
.0632
.0631
.063
.0629
.0628
.0627
.0626
.0626
.0625
.0624
.0623
.0622
.0621
.062
.0619
.0618
.0617
.0617
.0616
.0615
.0614
.0613
.0612
.0611
.061
.061
.0609
.0608
.0607
.0606
.0605
.0604
.0604
.0603
.0602
.0601
.06
.0599
.0599
.0598
.0597
.0596
.0595
.0594
.0594
.0593
.0592
.0591
.059
.0589
.0589
.0588
.0587
.0586
.0585
.0585
.0584
.0583
.0582
.0581
.0581
.058
.0579
.0578
.0577
.0577
.0576
.0575
.0574
.0574
.0573
.0572
.0571
.057
.057
.0569
.0568
.0567
.0567
.0566
.0565
.0564
.0564
.0563
.0562
.0561
.0561
.056
.0559
.0558
.0558
.0557
.0556
.0555
.0555
.0554
.0553
.0553
.0552
.0551
.055
.055
.0549
.0548
.0547
.0547
.0546
.0545
.0545
.0544
.0543
.0542
.0542
.0541
.054
.054
.0539
.0538
.0538
.0537
.0536
.0536
.0535
.0534
.0533
.0533
.0532
.0531
.0531
.053
.0529
.0529
.0528
.0527
.0527
.0526
.0525
.0525
.0524
.0523
.0523
.0522
.0521
.0521
.052
.0519
.0519
.0518
.0518
.0517
.0516
.0516
.0515
.0514
.0514
.0513
.0512
.0512
.0511
.051
.051
.0509
.0509
.0508
.0507
.0507
.0506
.0505
.0505
.0504
.0504
.0503
.0502
.0502
.0501
.0501
.05
