.5677
.5666
.5636
.5608
.5582
.5557
.5533
.5511
.5491
.5472
.5454
.5438
.5423
.5409
.5396
.5384
.5374
.5364
.5355
.5347
.534
.5333
.5327
.5322
.5317
.5312
.5308
.5304
.5301
.5297
.5294
.5292
.5289
.5287
.5284
.5282
.528
.5278
.5276
.5275
.5273
.5271
.5269
.5267
.5266
.5264
.5262
.5261
.5259
.5257
.5256
.5254
.5252
.5251
.5249
.5247
.5245
.5243
.5242
.524
.5238
.5236
.5234
.5232
.523
.5228
.5226
.5224
.5222
.522
.5218
.5216
.5214
.5212
.521
.5207
.5205
.5203
.5201
.5198
.5196
.5194
.5191
.5189
.5187
.5184
.5182
.5179
.5177
.5174
.5172
.5169
.5166
.5164
.5161
.5158
.5156
.5153
.515
.5147
.5145
.5142
.5139
.5136
.5133
.513
.5127
.5124
.5121
.5118
.5115
.5112
.5108
.5105
.5102
.5099
.5096
.5092
.5089
.5085
.5082
.5079
.5075
.5072
.5068
.5065
.5061
.5057
.5054
.505
.5046
.5043
.5039
.5035
.5031
.5027
.5024
.502
.5016
.5012
.5008
.5004
.5
.4996
.4991
.4987
.4983
.4979
.4975
.497
.4966
.4962
.4957
.4953
.4948
.4944
.4939
.4935
.493
.4926
.4921
.4917
.4912
.4907
.4902
.4898
.4893
.4888
.4883
.4878
.4874
.4869
.4864
.4859
.4854
.4849
.4844
.4838
.4833
.4828
.4823
.4818
.4813
.4807
.4802
.4797
.4791
.4786
.4781
.4775
.477
.4764
.4759
.4754
.4748
.4742
.4737
.4731
.4726
.472
.4714
.4709
.4703
.4697
.4692
.4686
.468
.4674
.4669
.4663
.4657
.4651
.4645
.4639
.4633
.4627
.4621
.4615
.4609
.4603
.4597
.4591
.4585
.4579
.4573
.4567
.4561
.4555
.4549
.4543
.4536
.453
.4524
.4518
.4511
.4505
.4499
.4493
.4486
.448
.4474
.4468
.4461
.4455
.4449
.4442
.4436
.443
.4423
.4417
.441
.4404
.4398
.4391
.4385
.4378
.4372
.4365
.4359
.4352
.4346
.4339
.4333
.4326
.432
.4313
.4307
.43
.4294
.4287
.4281
.4274
.4268
.4261
.4255
.4248
.4241
.4235
.4228
.4222
.4215
.4209
.4202
.4195
.4189
.4182
.4176
.4169
.4162
.4156
.4149
.4143
.4136
.4129
.4123
.4116
.411
.4103
.4096
.409
.4083
.4077
.407
.4063
.4057
.405
.4044
.4037
.403
.4024
.4017
.4011
.4004
.3997
.3991
.3984
.3978
.3971
.3964
.3958
.3951
.3945
.3938
.3931
.3925
.3918
.3912
.3905
.3899
.3892
.3886
.3879
.3872
.3866
.3859
.3853
.3846
.384
.3833
.3827
.382
.3814
.3807
.3801
.3794
.3788
.3781
.3775
.3768
.3762
.3755
.3749
.3742
.3736
.373
.3723
.3717
.371
.3704
.3697
.3691
.3685
.3678
.3672
.3665
.3659
.3653
.3646
.364
.3634
.3627
.3621
.3615
.3608
.3602
.3596
.3589
.3583
.3577
.3571
.3564
.3558
.3552
.3546
.3539
.3533
.3527
.3521
.3514
.3508
.3502
.3496
.349
.3484
.3477
.3471
.3465
.3459
.3453
.3447
.3441
.3435
.3429
.3422
.3416
.341
.3404
.3398
.3392
.3386
.338
.3374
.3368
.3362
.3356
.335
.3344
.3338
.3332
.3326
.3321
.3315
.3309
.3303
.3297
.3291
.3285
.3279
.3273
.3268
.3262
.3256
.325
.3244
.3239
.3233
.3227
.3221
.3216
.321
.3204
.3198
.3193
.3187
.3181
.3176
.317
.3164
.3159
.3153
.3147
.3142
.3136
.313
.3125
.3119
.3114
.3108
.3103
.3097
.3091
.3086
.308
.3075
.3069
.3064
.3058
.3053
.3048
.3042
.3037
.3031
.3026
.302
.3015
.301
.3004
.2999
.2994
.2988
.2983
.2978
.2972
.2967
.2962
.2956
.2951
.2946
.2941
.2935
.293
.2925
.292
.2914
.2909
.2904
.2899
.2894
.2889
.2883
.2878
.2873
.2868
.2863
.2858
.2853
.2848
.2843
.2838
.2833
.2828
.2823
.2818
.2813
.2808
.2803
.2798
.2793
.2788
.2783
.2778
.2773
.2768
.2763
.2758
.2753
.2748
.2744
.2739
.2734
.2729
.2724
.2719
.2715
.271
.2705
.27
.2695
.2691
.2686
.2681
.2677
.2672
.2667
.2662
.2658
.2653
.2648
.2644
.2639
.2634
.263
.2625
.2621
.2616
.2611
.2607
.2602
.2598
.2593
.2589
.2584
.2579
.2575
.257
.2566
.2561
.2557
.2553
.2548
.2544
.2539
.2535
.253
.2526
.2522
.2517
.2513
.2508
.2504
.25
.2495
.2491
.2487
.2482
.2478
.2474
.2469
.2465
.2461
.2457
.2452
.2448
.2444
.244
.2435
.2431
.2427
.2423
.2419
.2414
.241
.2406
.2402
.2398
.2394
.2389
.2385
.2381
.2377
.2373
.2369
.2365
.2361
.2357
.2353
.2349
.2345
.2341
.2337
.2333
.2329
.2325
.2321
.2317
.2313
.2309
.2305
.2301
.2297
.2293
.2289
.2285
.2281
.2277
.2273
.227
.2266
.2262
.2258
.2254
.225
.2247
.2243
.2239
.2235
.2231
.2228
.2224
.222
.2216
.2212
.2209
.2205
.2201
.2197
.2194
.219
.2186
.2183
.2179
.2175
.2172
.2168
.2164
.2161
.2157
.2153
.215
.2146
.2143
.2139
.2135
.2132
.2128
.2125
.2121
.2117
.2114
.211
.2107
.2103
.21
.2096
.2093
.2089
.2086
.2082
.2079
.2075
.2072
.2068
.2065
.2061
.2058
.2055
.2051
.2048
.2044
.2041
.2037
.2034
.2031
.2027
.2024
.2021
.2017
.2014
.2011
.2007
.2004
.2001
.1997
.1994
.1991
.1987
.1984
.1981
.1977
.1974
.1971
.1968
.1964
.1961
.1958
.1955
.1951
.1948
.1945
.1942
.1939
.1935
.1932
.1929
.1926
.1923
.1919
.1916
.1913
.191
.1907
.1904
.1901
.1897
.1894
.1891
.1888
.1885
.1882
.1879
.1876
.1873
.1869
.1866
.1863
.186
.1857
.1854
.1851
.1848
.1845
.1842
.1839
.1836
.1833
.183
.1827
.1824
.1821
.1818
.1815
.1812
.1809
.1806
.1803
.18
.1797
.1794
.1791
.1789
.1786
.1783
.178
.1777
.1774
.1771
.1768
.1765
.1762
.176
.1757
.1754
.1751
.1748
.1745
.1742
.174
.1737
.1734
.1731
.1728
.1725
.1723
.172
.1717
.1714
.1711
.1709
.1706
.1703
.17
.1697
.1695
.1692
.1689
.1686
.1684
.1681
.1678
.1675
.1673
.167
.1667
.1665
.1662
.1659
.1656
.1654
.1651
.1648
.1646
.1643
.164
.1638
.1635
.1632
.163
.1627
.1624
.1622
.1619
.1616
.1614
.1611
.1608
.1606
.1603
.1601
.1598
.1595
.1593
.159
.1588
.1585
.1582
.158
.1577
.1575
.1572
.1569
.1567
.1564
.1562
.1559
.1557
.1554
.1552
.1549
.1546
.1544
.1541
.1539
.1536
.1534
.1531
.1529
.1526
.1524
.1521
.1519
.1516
.1514
.1511
.1509
.1506
.1504
.1501
.1499
.1496
.1494
.1492
.1489
.1487
.1484
.1482
.1479
.1477
.1474
.1472
.147
.1467
.1465
.1462
.146
.1457
.1455
.1453
.145
.1448
.1445
.1443
.1441
.1438
.1436
.1433
.1431
.1429
.1426
.1424
.1422
.1419
.1417
.1415
.1412
.141
.1407
.1405
.1403
.14
.1398
.1396
.1393
.1391
.1389
.1386
.1384
.1382
.1379
.1377
.1375
.1372
.137
.1368
.1366
.1363
.1361
.1359
.1356
.1354
.1352
.135
.1347
.1345
.1343
.134
.1338
.1336
.1334
.1331
.1329
.1327
.1325
.1322
.132
.1318
.1316
.1313
.1311
.1309
.1307
.1304
.1302
.13
.1298
.1295
.1293
.1291
.1289
.1287
.1284
.1282
.128
.1278
.1276
.1273
.1271
.1269
.1267
.1265
.1262
.126
.1258
.1256
.1254
.1251
.1249
.1247
.1245
.1243
.1241
.1238
.1236
.1234
.1232
.123
.1228
.1226
.1223
.1221
.1219
.1217
.1215
.1213
.1211
.1208
.1206
.1204
.1202
.12
.1198
.1196
.1194
.1191
.1189
.1187
.1185
.1183
.1181
.1179
.1177
.1175
.1172
.117
.1168
.1166
.1164
.1162
.116
.1158
.1156
.1154
.1152
.115
.1148
.1145
.1143
.1141
.1139
.1137
.1135
.1133
.1131
.1129
.1127
.1125
.1123
.1121
.1119
.1117
.1115
.1113
.1111
.1109
.1107
.1105
.1103
.1101
.1099
.1096
.1094
.1092
.109
.1088
.1086
.1084
.1082
.108
.1078
.1076
.1074
.1072
.1071
.1069
.1067
.1065
.1063
.1061
.1059
.1057
.1055
.1053
.1051
.1049
.1047
.1045
.1043
.1041
.1039
.1037
.1035
.1033
.1031
.1029
.1027
.1025
.1024
.1022
.102
.1018
.1016
.1014
.1012
.101
.1008
.1006
.1004
.1002
.1001
.0999
.0997
.0995
.0993
.0991
.0989
.0987
.0985
.0984
.0982
.098
.0978
.0976
.0974
.0972
.0971
.0969
.0967
.0965
.0963
.0961
.0959
.0958
.0956
.0954
.0952
.095
.0948
.0947
.0945
.0943
.0941
.0939
.0937
.0936
.0934
.0932
.093
.0928
.0927
.0925
.0923
.0921
.092
.0918
.0916
.0914
.0912
.0911
.0909
.0907
.0905
.0904
.0902
.09
.0898
.0897
.0895
.0893
.0891
.089
.0888
.0886
.0884
.0883
.0881
.0879
.0878
.0876
.0874
.0872
.0871
.0869
.0867
.0866
.0864
.0862
.0861
.0859
.0857
.0855
.0854
.0852
.085
.0849
.0847
.0846
.0844
.0842
.0841
.0839
.0837
.0836
.0834
.0832
.0831
.0829
.0827
.0826
.0824
.0823
.0821
.0819
.0818
.0816
.0815
.0813
.0811
.081
.0808
.0807
.0805
.0803
.0802
.08
.0799
.0797
.0796
.0794
.0793
.0791
.0789
.0788
.0786
.0785
.0783
.0782
.078
.0779
.0777
.0776
.0774
.0773
.0771
.077
.0768
.0767
.0765
.0764
.0762
.0761
.0759
.0758
.0756
.0755
.0753
.0752
.075
.0749
.0747
.0746
.0745
.0743
.0742
.074
.0739
.0737
.0736
.0735
.0733
.0732
.073
.0729
.0727
.0726
.0725
.0723
.0722
.072
.0719
.0718
.0716
.0715
.0714
.0712
.0711
.0709
.0708
.0707
.0705
.0704
.0703
.0701
.07
.0699
.0697
.0696
.0695
.0693
.0692
.0691
.0689
.0688
.0687
.0685
.0684
.0683
.0682
.068
.0679
.0678
.0676
.0675
.0674
.0673
.0671
.067
.0669
.0668
.0666
.0665
.0664
.0663
.0661
.066
.0659
.0658
.0656
.0655
.0654
.0653
.0651
.065
.0649
.0648
.0647
.0645
.0644
.0643
.0642
.0641
.0639
.0638
.0637
.0636
.0635
.0634
.0632
.0631
.063
.0629
.0628
.0627
.0625
.0624
.0623
.0622
.0621
.062
.0619
.0618
.0616
.0615
.0614
.0613
.0612
.0611
.061
.0609
.0608
.0606
.0605
.0604
.0603
.0602
.0601
.06
.0599
.0598
.0597
.0596
.0595
.0594
.0592
.0591
.059
.0589
.0588
.0587
.0586
.0585
.0584
.0583
.0582
.0581
.058
.0579
.0578
.0577
.0576
.0575
.0574
.0573
.0572
.0571
.057
.0569
.0568
.0567
.0566
.0565
.0564
.0563
.0562
.0561
.056
.0559
.0558
.0557
.0556
.0555
.0554
.0553
.0553
.0552
.0551
.055
.0549
.0548
.0547
.0546
.0545
.0544
.0543
.0542
.0541
.0541
.054
.0539
.0538
.0537
.0536
.0535
.0534
.0533
.0532
.0532
.0531
.053
.0529
.0528
.0527
.0526
.0525
.0525
.0524
.0523
.0522
.0521
.052
.0519
.0519
.0518
.0517
.0516
.0515
.0514
.0514
.0513
.0512
.0511
.051
.0509
.0509
.0508
.0507
.0506
.0505
.0505
.0504
.0503
.0502
.0501
.0501
.05
