.5726
.572
.5701
.5682
.5663
.5645
.5628
.5611
.5594
.5578
.5563
.5549
.5534
.5521
.5508
.5496
.5484
.5473
.5462
.5452
.5443
.5434
.5426
.5418
.5411
.5404
.5397
.5391
.5385
.538
.5375
.537
.5366
.5362
.5358
.5354
.5351
.5348
.5345
.5342
.5339
.5336
.5334
.5332
.5329
.5327
.5325
.5323
.5321
.5318
.5316
.5314
.5312
.531
.5308
.5306
.5305
.5303
.5301
.5299
.5296
.5294
.5292
.529
.5288
.5286
.5284
.5282
.5279
.5277
.5275
.5272
.527
.5267
.5265
.5262
.526
.5257
.5255
.5252
.5249
.5246
.5243
.5241
.5238
.5235
.5232
.5228
.5225
.5222
.5219
.5215
.5212
.5209
.5205
.5202
.5198
.5194
.5191
.5187
.5183
.5179
.5175
.5171
.5167
.5163
.5159
.5154
.515
.5146
.5141
.5137
.5132
.5127
.5122
.5118
.5113
.5108
.5103
.5098
.5093
.5087
.5082
.5077
.5071
.5066
.506
.5055
.5049
.5043
.5037
.5031
.5025
.5019
.5013
.5007
.5001
.4994
.4988
.4981
.4975
.4968
.4962
.4955
.4948
.4941
.4934
.4927
.492
.4913
.4906
.4899
.4891
.4884
.4877
.4869
.4862
.4854
.4846
.4839
.4831
.4823
.4815
.4807
.4799
.4791
.4783
.4775
.4767
.4758
.475
.4742
.4733
.4725
.4717
.4708
.4699
.4691
.4682
.4673
.4665
.4656
.4647
.4638
.4629
.462
.4612
.4603
.4594
.4584
.4575
.4566
.4557
.4548
.4539
.453
.452
.4511
.4502
.4492
.4483
.4474
.4464
.4455
.4446
.4436
.4427
.4417
.4408
.4398
.4389
.4379
.437
.436
.4351
.4341
.4331
.4322
.4312
.4303
.4293
.4283
.4274
.4264
.4254
.4245
.4235
.4225
.4216
.4206
.4196
.4187
.4177
.4167
.4158
.4148
.4138
.4129
.4119
.4109
.41
.409
.408
.4071
.4061
.4051
.4042
.4032
.4023
.4013
.4003
.3994
.3984
.3975
.3965
.3955
.3946
.3936
.3927
.3917
.3908
.3898
.3889
.3879
.387
.386
.3851
.3841
.3832
.3822
.3813
.3803
.3794
.3785
.3775
.3766
.3757
.3747
.3738
.3729
.3719
.371
.3701
.3692
.3682
.3673
.3664
.3655
.3646
.3636
.3627
.3618
.3609
.36
.3591
.3582
.3573
.3564
.3555
.3546
.3537
.3528
.3519
.351
.3501
.3492
.3483
.3475
.3466
.3457
.3448
.3439
.3431
.3422
.3413
.3405
.3396
.3387
.3379
.337
.3361
.3353
.3344
.3336
.3327
.3319
.331
.3302
.3293
.3285
.3277
.3268
.326
.3252
.3243
.3235
.3227
.3219
.321
.3202
.3194
.3186
.3178
.3169
.3161
.3153
.3145
.3137
.3129
.3121
.3113
.3105
.3097
.3089
.3082
.3074
.3066
.3058
.305
.3043
.3035
.3027
.3019
.3012
.3004
.2996
.2989
.2981
.2973
.2966
.2958
.2951
.2943
.2936
.2928
.2921
.2914
.2906
.2899
.2891
.2884
.2877
.287
.2862
.2855
.2848
.2841
.2833
.2826
.2819
.2812
.2805
.2798
.2791
.2784
.2777
.277
.2763
.2756
.2749
.2742
.2735
.2728
.2722
.2715
.2708
.2701
.2694
.2688
.2681
.2674
.2668
.2661
.2654
.2648
.2641
.2635
.2628
.2621
.2615
.2608
.2602
.2596
.2589
.2583
.2576
.257
.2564
.2557
.2551
.2545
.2538
.2532
.2526
.252
.2514
.2507
.2501
.2495
.2489
.2483
.2477
.2471
.2465
.2459
.2453
.2447
.2441
.2435
.2429
.2423
.2417
.2411
.2405
.24
.2394
.2388
.2382
.2377
.2371
.2365
.2359
.2354
.2348
.2342
.2337
.2331
.2326
.232
.2314
.2309
.2303
.2298
.2292
.2287
.2282
.2276
.2271
.2265
.226
.2255
.2249
.2244
.2239
.2233
.2228
.2223
.2218
.2212
.2207
.2202
.2197
.2192
.2186
.2181
.2176
.2171
.2166
.2161
.2156
.2151
.2146
.2141
.2136
.2131
.2126
.2121
.2116
.2111
.2106
.2102
.2097
.2092
.2087
.2082
.2078
.2073
.2068
.2063
.2058
.2054
.2049
.2044
.204
.2035
.203
.2026
.2021
.2017
.2012
.2007
.2003
.1998
.1994
.1989
.1985
.198
.1976
.1971
.1967
.1963
.1958
.1954
.1949
.1945
.1941
.1936
.1932
.1928
.1923
.1919
.1915
.1911
.1906
.1902
.1898
.1894
.1889
.1885
.1881
.1877
.1873
.1869
.1864
.186
.1856
.1852
.1848
.1844
.184
.1836
.1832
.1828
.1824
.182
.1816
.1812
.1808
.1804
.18
.1796
.1792
.1789
.1785
.1781
.1777
.1773
.1769
.1765
.1762
.1758
.1754
.175
.1746
.1743
.1739
.1735
.1732
.1728
.1724
.172
.1717
.1713
.1709
.1706
.1702
.1699
.1695
.1691
.1688
.1684
.1681
.1677
.1674
.167
.1666
.1663
.1659
.1656
.1652
.1649
.1646
.1642
.1639
.1635
.1632
.1628
.1625
.1622
.1618
.1615
.1611
.1608
.1605
.1601
.1598
.1595
.1591
.1588
.1585
.1582
.1578
.1575
.1572
.1568
.1565
.1562
.1559
.1556
.1552
.1549
.1546
.1543
.154
.1537
.1533
.153
.1527
.1524
.1521
.1518
.1515
.1512
.1508
.1505
.1502
.1499
.1496
.1493
.149
.1487
.1484
.1481
.1478
.1475
.1472
.1469
.1466
.1463
.146
.1457
.1454
.1452
.1449
.1446
.1443
.144
.1437
.1434
.1431
.1428
.1426
.1423
.142
.1417
.1414
.1411
.1409
.1406
.1403
.14
.1397
.1395
.1392
.1389
.1386
.1384
.1381
.1378
.1375
.1373
.137
.1367
.1365
.1362
.1359
.1357
.1354
.1351
.1349
.1346
.1343
.1341
.1338
.1335
.1333
.133
.1328
.1325
.1322
.132
.1317
.1315
.1312
.131
.1307
.1305
.1302
.1299
.1297
.1294
.1292
.1289
.1287
.1284
.1282
.1279
.1277
.1275
.1272
.127
.1267
.1265
.1262
.126
.1257
.1255
.1253
.125
.1248
.1245
.1243
.1241
.1238
.1236
.1234
.1231
.1229
.1227
.1224
.1222
.122
.1217
.1215
.1213
.121
.1208
.1206
.1203
.1201
.1199
.1197
.1194
.1192
.119
.1188
.1185
.1183
.1181
.1179
.1177
.1174
.1172
.117
.1168
.1166
.1163
.1161
.1159
.1157
.1155
.1152
.115
.1148
.1146
.1144
.1142
.114
.1138
.1135
.1133
.1131
.1129
.1127
.1125
.1123
.1121
.1119
.1117
.1115
.1113
.111
.1108
.1106
.1104
.1102
.11
.1098
.1096
.1094
.1092
.109
.1088
.1086
.1084
.1082
.108
.1078
.1076
.1074
.1073
.1071
.1069
.1067
.1065
.1063
.1061
.1059
.1057
.1055
.1053
.1051
.1049
.1048
.1046
.1044
.1042
.104
.1038
.1036
.1035
.1033
.1031
.1029
.1027
.1025
.1024
.1022
.102
.1018
.1016
.1014
.1013
.1011
.1009
.1007
.1006
.1004
.1002
.1
.0998
.0997
.0995
.0993
.0991
.099
.0988
.0986
.0985
.0983
.0981
.0979
.0978
.0976
.0974
.0973
.0971
.0969
.0968
.0966
.0964
.0963
.0961
.0959
.0958
.0956
.0954
.0953
.0951
.0949
.0948
.0946
.0945
.0943
.0941
.094
.0938
.0937
.0935
.0933
.0932
.093
.0929
.0927
.0926
.0924
.0922
.0921
.0919
.0918
.0916
.0915
.0913
.0912
.091
.0909
.0907
.0906
.0904
.0903
.0901
.09
.0898
.0897
.0895
.0894
.0892
.0891
.0889
.0888
.0886
.0885
.0884
.0882
.0881
.0879
.0878
.0876
.0875
.0874
.0872
.0871
.0869
.0868
.0867
.0865
.0864
.0862
.0861
.086
.0858
.0857
.0855
.0854
.0853
.0851
.085
.0849
.0847
.0846
.0845
.0843
.0842
.0841
.0839
.0838
.0837
.0835
.0834
.0833
.0831
.083
.0829
.0828
.0826
.0825
.0824
.0822
.0821
.082
.0819
.0817
.0816
.0815
.0814
.0812
.0811
.081
.0809
.0807
.0806
.0805
.0804
.0802
.0801
.08
.0799
.0798
.0796
.0795
.0794
.0793
.0792
.079
.0789
.0788
.0787
.0786
.0785
.0783
.0782
.0781
.078
.0779
.0778
.0776
.0775
.0774
.0773
.0772
.0771
.077
.0768
.0767
.0766
.0765
.0764
.0763
.0762
.0761
.076
.0758
.0757
.0756
.0755
.0754
.0753
.0752
.0751
.075
.0749
.0748
.0747
.0745
.0744
.0743
.0742
.0741
.074
.0739
.0738
.0737
.0736
.0735
.0734
.0733
.0732
.0731
.073
.0729
.0728
.0727
.0726
.0725
.0724
.0723
.0722
.0721
.072
.0719
.0718
.0717
.0716
.0715
.0714
.0713
.0712
.0711
.071
.0709
.0708
.0707
.0706
.0705
.0704
.0703
.0702
.0701
.07
.0699
.0698
.0697
.0696
.0696
.0695
.0694
.0693
.0692
.0691
.069
.0689
.0688
.0687
.0686
.0685
.0684
.0684
.0683
.0682
.0681
.068
.0679
.0678
.0677
.0676
.0676
.0675
.0674
.0673
.0672
.0671
.067
.0669
.0669
.0668
.0667
.0666
.0665
.0664
.0663
.0663
.0662
.0661
.066
.0659
.0658
.0657
.0657
.0656
.0655
.0654
.0653
.0652
.0652
.0651
.065
.0649
.0648
.0648
.0647
.0646
.0645
.0644
.0643
.0643
.0642
.0641
.064
.0639
.0639
.0638
.0637
.0636
.0635
.0635
.0634
.0633
.0632
.0632
.0631
.063
.0629
.0628
.0628
.0627
.0626
.0625
.0625
.0624
.0623
.0622
.0622
.0621
.062
.0619
.0619
.0618
.0617
.0616
.0616
.0615
.0614
.0613
.0613
.0612
.0611
.0611
.061
.0609
.0608
.0608
.0607
.0606
.0605
.0605
.0604
.0603
.0603
.0602
.0601
.06
.06
.0599
.0598
.0598
.0597
.0596
.0596
.0595
.0594
.0593
.0593
.0592
.0591
.0591
.059
.0589
.0589
.0588
.0587
.0587
.0586
.0585
.0585
.0584
.0583
.0583
.0582
.0581
.0581
.058
.0579
.0579
.0578
.0577
.0577
.0576
.0575
.0575
.0574
.0573
.0573
.0572
.0572
.0571
.057
.057
.0569
.0568
.0568
.0567
.0566
.0566
.0565
.0565
.0564
.0563
.0563
.0562
.0561
.0561
.056
.056
.0559
.0558
.0558
.0557
.0556
.0556
.0555
.0555
.0554
.0553
.0553
.0552
.0552
.0551
.055
.055
.0549
.0549
.0548
.0547
.0547
.0546
.0546
.0545
.0545
.0544
.0543
.0543
.0542
.0542
.0541
.054
.054
.0539
.0539
.0538
.0538
.0537
.0536
.0536
.0535
.0535
.0534
.0534
.0533
.0533
.0532
.0531
.0531
.053
.053
.0529
.0529
.0528
.0527
.0527
.0526
.0526
.0525
.0525
.0524
.0524
.0523
.0523
.0522
.0522
.0521
.052
.052
.0519
.0519
.0518
.0518
.0517
.0517
.0516
.0516
.0515
.0515
.0514
.0514
.0513
.0512
.0512
.0511
.0511
.051
.051
.0509
.0509
.0508
.0508
.0507
.0507
.0506
.0506
.0505
.0505
.0504
.0504
.0503
.0503
.0502
.0502
.0501
.0501
.05
.05
