.55
.5503
.5489
.5475
.5463
.5451
.544
.543
.5421
.5412
.5404
.5397
.539
.5384
.5378
.5373
.5369
.5364
.536
.5357
.5354
.5351
.5348
.5346
.5344
.5342
.534
.5338
.5337
.5335
.5334
.5333
.5332
.5331
.533
.5329
.5329
.5328
.5327
.5326
.5326
.5325
.5325
.5324
.5324
.5323
.5323
.5322
.5322
.5321
.5321
.532
.532
.5319
.5319
.5318
.5318
.5317
.5317
.5317
.5316
.5316
.5315
.5315
.5314
.5314
.5313
.5313
.5312
.5312
.5312
.5311
.5311
.531
.531
.5309
.5309
.5308
.5308
.5307
.5307
.5306
.5306
.5305
.5305
.5304
.5303
.5303
.5302
.5302
.5301
.5301
.53
.53
.5299
.5299
.5298
.5297
.5297
.5296
.5296
.5295
.5295
.5294
.5293
.5293
.5292
.5292
.5291
.529
.529
.5289
.5288
.5288
.5287
.5287
.5286
.5285
.5285
.5284
.5283
.5283
.5282
.5281
.528
.528
.5279
.5278
.5278
.5277
.5276
.5275
.5275
.5274
.5273
.5272
.5272
.5271
.527
.5269
.5268
.5268
.5267
.5266
.5265
.5264
.5264
.5263
.5262
.5261
.526
.5259
.5258
.5257
.5256
.5256
.5255
.5254
.5253
.5252
.5251
.525
.5249
.5248
.5247
.5246
.5245
.5244
.5243
.5242
.5241
.5239
.5238
.5237
.5236
.5235
.5234
.5233
.5232
.523
.5229
.5228
.5227
.5226
.5224
.5223
.5222
.522
.5219
.5218
.5217
.5215
.5214
.5212
.5211
.521
.5208
.5207
.5205
.5204
.5202
.5201
.5199
.5198
.5196
.5195
.5193
.5191
.519
.5188
.5187
.5185
.5183
.5181
.518
.5178
.5176
.5174
.5172
.5171
.5169
.5167
.5165
.5163
.5161
.5159
.5157
.5155
.5153
.5151
.5149
.5147
.5144
.5142
.514
.5138
.5136
.5133
.5131
.5129
.5126
.5124
.5122
.5119
.5117
.5114
.5112
.5109
.5107
.5104
.5101
.5099
.5096
.5093
.509
.5088
.5085
.5082
.5079
.5076
.5073
.507
.5067
.5064
.5061
.5058
.5055
.5052
.5049
.5045
.5042
.5039
.5036
.5032
.5029
.5025
.5022
.5018
.5015
.5011
.5008
.5004
.5
.4997
.4993
.4989
.4985
.4982
.4978
.4974
.497
.4966
.4962
.4958
.4954
.495
.4945
.4941
.4937
.4933
.4928
.4924
.492
.4915
.4911
.4906
.4902
.4897
.4893
.4888
.4883
.4879
.4874
.4869
.4865
.486
.4855
.485
.4845
.484
.4835
.483
.4825
.482
.4815
.4809
.4804
.4799
.4794
.4788
.4783
.4778
.4772
.4767
.4761
.4756
.475
.4745
.4739
.4734
.4728
.4722
.4717
.4711
.4705
.4699
.4693
.4688
.4682
.4676
.467
.4664
.4658
.4652
.4646
.464
.4634
.4627
.4621
.4615
.4609
.4603
.4596
.459
.4584
.4578
.4571
.4565
.4558
.4552
.4546
.4539
.4533
.4526
.452
.4513
.4506
.45
.4493
.4487
.448
.4473
.4467
.446
.4453
.4446
.444
.4433
.4426
.4419
.4413
.4406
.4399
.4392
.4385
.4378
.4371
.4364
.4357
.4351
.4344
.4337
.433
.4323
.4316
.4309
.4302
.4295
.4288
.428
.4273
.4266
.4259
.4252
.4245
.4238
.4231
.4224
.4217
.421
.4202
.4195
.4188
.4181
.4174
.4167
.4159
.4152
.4145
.4138
.4131
.4124
.4116
.4109
.4102
.4095
.4088
.408
.4073
.4066
.4059
.4052
.4044
.4037
.403
.4023
.4016
.4008
.4001
.3994
.3987
.398
.3972
.3965
.3958
.3951
.3944
.3937
.3929
.3922
.3915
.3908
.3901
.3894
.3886
.3879
.3872
.3865
.3858
.3851
.3844
.3837
.3829
.3822
.3815
.3808
.3801
.3794
.3787
.378
.3773
.3766
.3759
.3752
.3745
.3738
.3731
.3724
.3717
.371
.3703
.3696
.3689
.3682
.3675
.3668
.3661
.3654
.3647
.364
.3633
.3626
.3619
.3613
.3606
.3599
.3592
.3585
.3578
.3572
.3565
.3558
.3551
.3545
.3538
.3531
.3524
.3518
.3511
.3504
.3497
.3491
.3484
.3478
.3471
.3464
.3458
.3451
.3444
.3438
.3431
.3425
.3418
.3412
.3405
.3399
.3392
.3386
.3379
.3373
.3366
.336
.3353
.3347
.334
.3334
.3328
.3321
.3315
.3309
.3302
.3296
.329
.3283
.3277
.3271
.3264
.3258
.3252
.3246
.3239
.3233
.3227
.3221
.3215
.3209
.3202
.3196
.319
.3184
.3178
.3172
.3166
.316
.3154
.3148
.3142
.3136
.313
.3124
.3118
.3112
.3106
.31
.3094
.3088
.3082
.3076
.307
.3065
.3059
.3053
.3047
.3041
.3035
.303
.3024
.3018
.3012
.3007
.3001
.2995
.299
.2984
.2978
.2973
.2967
.2961
.2956
.295
.2944
.2939
.2933
.2928
.2922
.2917
.2911
.2905
.29
.2894
.2889
.2883
.2878
.2873
.2867
.2862
.2856
.2851
.2845
.284
.2835
.2829
.2824
.2819
.2813
.2808
.2803
.2797
.2792
.2787
.2782
.2776
.2771
.2766
.2761
.2756
.275
.2745
.274
.2735
.273
.2725
.2719
.2714
.2709
.2704
.2699
.2694
.2689
.2684
.2679
.2674
.2669
.2664
.2659
.2654
.2649
.2644
.2639
.2634
.2629
.2624
.2619
.2614
.261
.2605
.26
.2595
.259
.2585
.258
.2576
.2571
.2566
.2561
.2557
.2552
.2547
.2542
.2538
.2533
.2528
.2523
.2519
.2514
.2509
.2505
.25
.2496
.2491
.2486
.2482
.2477
.2472
.2468
.2463
.2459
.2454
.245
.2445
.2441
.2436
.2432
.2427
.2423
.2418
.2414
.2409
.2405
.2401
.2396
.2392
.2387
.2383
.2379
.2374
.237
.2366
.2361
.2357
.2353
.2348
.2344
.234
.2335
.2331
.2327
.2323
.2318
.2314
.231
.2306
.2302
.2297
.2293
.2289
.2285
.2281
.2277
.2273
.2268
.2264
.226
.2256
.2252
.2248
.2244
.224
.2236
.2232
.2228
.2224
.222
.2216
.2212
.2208
.2204
.22
.2196
.2192
.2188
.2184
.218
.2176
.2173
.2169
.2165
.2161
.2157
.2153
.2149
.2146
.2142
.2138
.2134
.213
.2127
.2123
.2119
.2115
.2112
.2108
.2104
.21
.2097
.2093
.2089
.2086
.2082
.2078
.2075
.2071
.2068
.2064
.206
.2057
.2053
.205
.2046
.2042
.2039
.2035
.2032
.2028
.2025
.2021
.2018
.2014
.2011
.2007
.2004
.2
.1997
.1994
.199
.1987
.1983
.198
.1977
.1973
.197
.1966
.1963
.196
.1956
.1953
.195
.1946
.1943
.194
.1937
.1933
.193
.1927
.1924
.192
.1917
.1914
.1911
.1908
.1904
.1901
.1898
.1895
.1892
.1889
.1885
.1882
.1879
.1876
.1873
.187
.1867
.1864
.1861
.1858
.1855
.1851
.1848
.1845
.1842
.1839
.1836
.1833
.183
.1827
.1824
.1822
.1819
.1816
.1813
.181
.1807
.1804
.1801
.1798
.1795
.1792
.179
.1787
.1784
.1781
.1778
.1775
.1773
.177
.1767
.1764
.1761
.1759
.1756
.1753
.175
.1748
.1745
.1742
.1739
.1737
.1734
.1731
.1729
.1726
.1723
.1721
.1718
.1715
.1713
.171
.1707
.1705
.1702
.17
.1697
.1694
.1692
.1689
.1687
.1684
.1682
.1679
.1677
.1674
.1672
.1669
.1667
.1664
.1662
.1659
.1657
.1654
.1652
.1649
.1647
.1644
.1642
.164
.1637
.1635
.1632
.163
.1628
.1625
.1623
.1621
.1618
.1616
.1613
.1611
.1609
.1607
.1604
.1602
.16
.1597
.1595
.1593
.159
.1588
.1586
.1584
.1581
.1579
.1577
.1575
.1573
.157
.1568
.1566
.1564
.1562
.1559
.1557
.1555
.1553
.1551
.1549
.1546
.1544
.1542
.154
.1538
.1536
.1534
.1532
.153
.1528
.1525
.1523
.1521
.1519
.1517
.1515
.1513
.1511
.1509
.1507
.1505
.1503
.1501
.1499
.1497
.1495
.1493
.1491
.1489
.1487
.1485
.1483
.1481
.1479
.1478
.1476
.1474
.1472
.147
.1468
.1466
.1464
.1462
.146
.1459
.1457
.1455
.1453
.1451
.1449
.1447
.1446
.1444
.1442
.144
.1438
.1436
.1435
.1433
.1431
.1429
.1427
.1426
.1424
.1422
.142
.1419
.1417
.1415
.1413
.1412
.141
.1408
.1406
.1405
.1403
.1401
.14
.1398
.1396
.1395
.1393
.1391
.1389
.1388
.1386
.1384
.1383
.1381
.138
.1378
.1376
.1375
.1373
.1371
.137
.1368
.1366
.1365
.1363
.1362
.136
.1358
.1357
.1355
.1354
.1352
.1351
.1349
.1347
.1346
.1344
.1343
.1341
.134
.1338
.1337
.1335
.1334
.1332
.1331
.1329
.1328
.1326
.1325
.1323
.1322
.132
.1319
.1317
.1316
.1314
.1313
.1311
.131
.1308
.1307
.1305
.1304
.1303
.1301
.13
.1298
.1297
.1295
.1294
.1293
.1291
.129
.1288
.1287
.1286
.1284
.1283
.1281
.128
.1279
.1277
.1276
.1275
.1273
.1272
.127
.1269
.1268
.1266
.1265
.1264
.1262
.1261
.126
.1258
.1257
.1256
.1254
.1253
.1252
.1251
.1249
.1248
.1247
.1245
.1244
.1243
.1241
.124
.1239
.1238
.1236
.1235
.1234
.1233
.1231
.123
.1229
.1228
.1226
.1225
.1224
.1223
.1221
.122
.1219
.1218
.1216
.1215
.1214
.1213
.1211
.121
.1209
.1208
.1207
.1205
.1204
.1203
.1202
.1201
.1199
.1198
.1197
.1196
.1195
.1194
.1192
.1191
.119
.1189
.1188
.1187
.1185
.1184
.1183
.1182
.1181
.118
.1179
.1177
.1176
.1175
.1174
.1173
.1172
.1171
.1169
.1168
.1167
.1166
.1165
.1164
.1163
.1162
.1161
.116
.1158
.1157
.1156
.1155
.1154
.1153
.1152
.1151
.115
.1149
.1148
.1146
.1145
.1144
.1143
.1142
.1141
.114
.1139
.1138
.1137
.1136
.1135
.1134
.1133
.1132
.1131
.113
.1129
.1128
.1126
.1125
.1124
.1123
.1122
.1121
.112
.1119
.1118
.1117
.1116
.1115
.1114
.1113
.1112
.1111
.111
.1109
.1108
.1107
.1106
.1105
.1104
.1103
.1102
.1101
.11
.1099
.1098
.1097
.1096
.1095
.1094
.1093
.1092
.1092
.1091
.109
.1089
.1088
.1087
.1086
.1085
.1084
.1083
.1082
.1081
.108
.1079
.1078
.1077
.1076
.1075
.1074
.1073
.1073
.1072
.1071
.107
.1069
.1068
.1067
.1066
.1065
.1064
.1063
.1062
.1061
.1061
.106
.1059
.1058
.1057
.1056
.1055
.1054
.1053
.1052
.1051
.1051
.105
.1049
.1048
.1047
.1046
.1045
.1044
.1043
.1043
.1042
.1041
.104
.1039
.1038
.1037
.1036
.1036
.1035
.1034
.1033
.1032
.1031
.103
.1029
.1029
.1028
.1027
.1026
.1025
.1024
.1023
.1023
.1022
.1021
.102
.1019
.1018
.1018
.1017
.1016
.1015
.1014
.1013
.1012
.1012
.1011
.101
.1009
.1008
.1007
.1007
.1006
.1005
.1004
.1003
.1002
.1002
.1001
.1
.0999
.0998
.0998
.0997
.0996
.0995
.0994
.0993
.0993
.0992
.0991
.099
.0989
.0989
.0988
.0987
.0986
.0985
.0985
.0984
.0983
.0982
.0981
.0981
.098
.0979
.0978
.0977
.0977
.0976
.0975
.0974
.0974
.0973
.0972
.0971
.097
.097
.0969
.0968
.0967
.0967
.0966
.0965
.0964
.0963
.0963
.0962
.0961
.096
.096
.0959
.0958
.0957
.0957
.0956
.0955
.0954
.0953
.0953
.0952
.0951
.095
.095
.0949
.0948
.0947
.0947
.0946
.0945
.0944
.0944
.0943
.0942
.0941
.0941
.094
.0939
.0938
.0938
.0937
.0936
.0935
.0935
.0934
.0933
.0933
.0932
.0931
.093
.093
.0929
.0928
.0927
.0927
.0926
.0925
.0924
.0924
.0923
.0922
.0922
.0921
.092
.0919
.0919
.0918
.0917
.0916
.0916
.0915
.0914
.0914
.0913
.0912
.0911
.0911
.091
.0909
.0909
.0908
.0907
.0906
.0906
.0905
.0904
.0904
.0903
.0902
.0902
.0901
.09
.0899
.0899
.0898
.0897
.0897
.0896
.0895
.0894
.0894
.0893
.0892
.0892
.0891
.089
.089
.0889
.0888
.0888
.0887
.0886
.0885
.0885
.0884
.0883
.0883
.0882
.0881
.0881
.088
.0879
.0879
.0878
.0877
.0877
.0876
.0875
.0874
.0874
.0873
.0872
.0872
.0871
.087
.087
.0869
.0868
.0868
.0867
.0866
.0866
.0865
.0864
.0864
.0863
.0862
.0862
.0861
.086
.086
.0859
.0858
.0858
.0857
.0856
.0856
.0855
.0854
.0854
.0853
.0852
.0852
.0851
.085
.085
.0849
.0848
.0848
.0847
.0846
.0846
.0845
.0844
.0844
.0843
.0842
.0842
.0841
.084
.084
.0839
.0838
.0838
.0837
.0836
.0836
.0835
.0834
.0834
.0833
.0832
.0832
.0831
.083
.083
.0829
.0829
.0828
.0827
.0827
.0826
.0825
.0825
.0824
.0823
.0823
.0822
.0821
.0821
.082
.0819
.0819
.0818
.0818
.0817
.0816
.0816
.0815
.0814
.0814
.0813
.0812
.0812
.0811
.081
.081
.0809
.0809
.0808
.0807
.0807
.0806
.0805
.0805
.0804
.0803
.0803
.0802
.0802
.0801
.08
.08
.0799
.0798
.0798
.0797
.0796
.0796
.0795
.0795
.0794
.0793
.0793
.0792
.0791
.0791
.079
.079
.0789
.0788
.0788
.0787
.0786
.0786
.0785
.0785
.0784
.0783
.0783
.0782
.0781
.0781
.078
.0779
.0779
.0778
.0778
.0777
.0776
.0776
.0775
.0774
.0774
.0773
.0773
.0772
.0771
.0771
.077
.077
.0769
.0768
.0768
.0767
.0766
.0766
.0765
.0765
.0764
.0763
.0763
.0762
.0761
.0761
.076
.076
.0759
.0758
.0758
.0757
.0757
.0756
.0755
.0755
.0754
.0753
.0753
.0752
.0752
.0751
.075
.075
.0749
.0749
.0748
.0747
.0747
.0746
.0745
.0745
.0744
.0744
.0743
.0742
.0742
.0741
.0741
.074
.0739
.0739
.0738
.0737
.0737
.0736
.0736
.0735
.0734
.0734
.0733
.0733
.0732
.0731
.0731
.073
.073
.0729
.0728
.0728
.0727
.0727
.0726
.0725
.0725
.0724
.0723
.0723
.0722
.0722
.0721
.072
.072
.0719
.0719
.0718
.0717
.0717
.0716
.0716
.0715
.0714
.0714
.0713
.0713
.0712
.0711
.0711
.071
.071
.0709
.0708
.0708
.0707
.0707
.0706
.0705
.0705
.0704
.0704
.0703
.0702
.0702
.0701
.0701
.07
.0699
.0699
.0698
.0698
.0697
.0696
.0696
.0695
.0695
.0694
.0693
.0693
.0692
.0692
.0691
.069
.069
.0689
.0689
.0688
.0687
.0687
.0686
.0686
.0685
.0684
.0684
.0683
.0683
.0682
.0681
.0681
.068
.068
.0679
.0678
.0678
.0677
.0677
.0676
.0675
.0675
.0674
.0674
.0673
.0673
.0672
.0671
.0671
.067
.067
.0669
.0668
.0668
.0667
.0667
.0666
.0665
.0665
.0664
.0664
.0663
.0662
.0662
.0661
.0661
.066
.066
.0659
.0658
.0658
.0657
.0657
.0656
.0655
.0655
.0654
.0654
.0653
.0652
.0652
.0651
.0651
.065
.065
.0649
.0648
.0648
.0647
.0647
.0646
.0645
.0645
.0644
.0644
.0643
.0643
.0642
.0641
.0641
.064
.064
.0639
.0638
.0638
.0637
.0637
.0636
.0636
.0635
.0634
.0634
.0633
.0633
.0632
.0631
.0631
.063
.063
.0629
.0629
.0628
.0627
.0627
.0626
.0626
.0625
.0625
.0624
.0623
.0623
.0622
.0622
.0621
.062
.062
.0619
.0619
.0618
.0618
.0617
.0616
.0616
.0615
.0615
.0614
.0614
.0613
.0612
.0612
.0611
.0611
.061
.061
.0609
.0608
.0608
.0607
.0607
.0606
.0606
.0605
.0605
.0604
.0603
.0603
.0602
.0602
.0601
.0601
.06
.0599
.0599
.0598
.0598
.0597
.0597
.0596
.0595
.0595
.0594
.0594
.0593
.0593
.0592
.0592
.0591
.059
.059
.0589
.0589
.0588
.0588
.0587
.0587
.0586
.0585
.0585
.0584
.0584
.0583
.0583
.0582
.0582
.0581
.058
.058
.0579
.0579
.0578
.0578
.0577
.0577
.0576
.0576
.0575
.0574
.0574
.0573
.0573
.0572
.0572
.0571
.0571
.057
.0569
.0569
.0568
.0568
.0567
.0567
.0566
.0566
.0565
.0565
.0564
.0564
.0563
.0562
.0562
.0561
.0561
.056
.056
.0559
.0559
.0558
.0558
.0557
.0557
.0556
.0555
.0555
.0554
.0554
.0553
.0553
.0552
.0552
.0551
.0551
.055
.055
.0549
.0549
.0548
.0548
.0547
.0547
.0546
.0545
.0545
.0544
.0544
.0543
.0543
.0542
.0542
.0541
.0541
.054
.054
.0539
.0539
.0538
.0538
.0537
.0537
.0536
.0536
.0535
.0535
.0534
.0534
.0533
.0533
.0532
.0532
.0531
.053
.053
.0529
.0529
.0528
.0528
.0527
.0527
.0526
.0526
.0525
.0525
.0524
.0524
.0523
.0523
.0522
.0522
.0521
.0521
.052
.052
.0519
.0519
.0518
.0518
.0517
.0517
.0516
.0516
.0515
.0515
.0514
.0514
.0514
.0513
.0513
.0512
.0512
.0511
.0511
.051
.051
.0509
.0509
.0508
.0508
.0507
.0507
.0506
.0506
.0505
.0505
.0504
.0504
.0503
.0503
.0502
.0502
.0501
.0501
.0501
.05
.05
