.5738
.5726
.57
.5674
.5648
.5624
.56
.5577
.5555
.5533
.5513
.5494
.5475
.5458
.5442
.5427
.5412
.5399
.5387
.5375
.5365
.5355
.5347
.5339
.5331
.5325
.5318
.5313
.5308
.5304
.53
.5296
.5293
.529
.5287
.5285
.5283
.5281
.528
.5278
.5277
.5276
.5275
.5274
.5273
.5272
.5272
.5271
.527
.527
.527
.5269
.5269
.5269
.5268
.5268
.5268
.5268
.5267
.5267
.5267
.5267
.5267
.5267
.5267
.5266
.5266
.5266
.5266
.5266
.5266
.5266
.5266
.5265
.5265
.5265
.5265
.5265
.5265
.5265
.5265
.5265
.5264
.5264
.5264
.5264
.5264
.5264
.5264
.5264
.5264
.5263
.5263
.5263
.5263
.5263
.5263
.5263
.5263
.5262
.5262
.5262
.5262
.5262
.5262
.5262
.5262
.5261
.5261
.5261
.5261
.5261
.5261
.5261
.526
.526
.526
.526
.526
.526
.526
.5259
.5259
.5259
.5259
.5259
.5259
.5258
.5258
.5258
.5258
.5258
.5258
.5258
.5257
.5257
.5257
.5257
.5257
.5257
.5256
.5256
.5256
.5256
.5256
.5255
.5255
.5255
.5255
.5255
.5255
.5254
.5254
.5254
.5254
.5254
.5253
.5253
.5253
.5253
.5253
.5252
.5252
.5252
.5252
.5252
.5251
.5251
.5251
.5251
.525
.525
.525
.525
.525
.5249
.5249
.5249
.5249
.5248
.5248
.5248
.5248
.5248
.5247
.5247
.5247
.5247
.5246
.5246
.5246
.5246
.5245
.5245
.5245
.5245
.5244
.5244
.5244
.5244
.5243
.5243
.5243
.5242
.5242
.5242
.5242
.5241
.5241
.5241
.5241
.524
.524
.524
.5239
.5239
.5239
.5239
.5238
.5238
.5238
.5237
.5237
.5237
.5236
.5236
.5236
.5235
.5235
.5235
.5235
.5234
.5234
.5234
.5233
.5233
.5233
.5232
.5232
.5232
.5231
.5231
.5231
.523
.523
.523
.5229
.5229
.5228
.5228
.5228
.5227
.5227
.5227
.5226
.5226
.5226
.5225
.5225
.5224
.5224
.5224
.5223
.5223
.5223
.5222
.5222
.5221
.5221
.5221
.522
.522
.5219
.5219
.5219
.5218
.5218
.5217
.5217
.5217
.5216
.5216
.5215
.5215
.5215
.5214
.5214
.5213
.5213
.5212
.5212
.5212
.5211
.5211
.521
.521
.5209
.5209
.5208
.5208
.5208
.5207
.5207
.5206
.5206
.5205
.5205
.5204
.5204
.5203
.5203
.5203
.5202
.5202
.5201
.5201
.52
.52
.5199
.5199
.5198
.5198
.5197
.5197
.5196
.5196
.5195
.5195
.5194
.5194
.5193
.5193
.5192
.5192
.5191
.519
.519
.5189
.5189
.5188
.5188
.5187
.5187
.5186
.5186
.5185
.5184
.5184
.5183
.5183
.5182
.5182
.5181
.518
.518
.5179
.5179
.5178
.5178
.5177
.5176
.5176
.5175
.5174
.5174
.5173
.5173
.5172
.5171
.5171
.517
.5169
.5169
.5168
.5167
.5167
.5166
.5165
.5165
.5164
.5163
.5163
.5162
.5161
.5161
.516
.5159
.5158
.5158
.5157
.5156
.5155
.5155
.5154
.5153
.5152
.5152
.5151
.515
.5149
.5148
.5148
.5147
.5146
.5145
.5144
.5143
.5142
.5142
.5141
.514
.5139
.5138
.5137
.5136
.5135
.5134
.5133
.5132
.5131
.513
.5129
.5128
.5127
.5126
.5125
.5124
.5123
.5122
.5121
.512
.5119
.5118
.5117
.5115
.5114
.5113
.5112
.5111
.5109
.5108
.5107
.5106
.5104
.5103
.5102
.5101
.5099
.5098
.5096
.5095
.5094
.5092
.5091
.5089
.5088
.5086
.5085
.5083
.5082
.508
.5079
.5077
.5075
.5074
.5072
.507
.5068
.5067
.5065
.5063
.5061
.5059
.5058
.5056
.5054
.5052
.505
.5048
.5046
.5044
.5042
.504
.5037
.5035
.5033
.5031
.5029
.5026
.5024
.5022
.5019
.5017
.5014
.5012
.5009
.5007
.5004
.5002
.4999
.4996
.4994
.4991
.4988
.4985
.4982
.4979
.4976
.4973
.497
.4967
.4964
.4961
.4958
.4955
.4951
.4948
.4945
.4941
.4938
.4935
.4931
.4928
.4924
.492
.4917
.4913
.4909
.4905
.4901
.4898
.4894
.489
.4886
.4881
.4877
.4873
.4869
.4865
.486
.4856
.4852
.4847
.4843
.4838
.4833
.4829
.4824
.4819
.4815
.481
.4805
.48
.4795
.479
.4785
.478
.4775
.4769
.4764
.4759
.4753
.4748
.4743
.4737
.4732
.4726
.472
.4715
.4709
.4703
.4697
.4691
.4686
.468
.4674
.4668
.4661
.4655
.4649
.4643
.4637
.463
.4624
.4618
.4611
.4605
.4598
.4592
.4585
.4579
.4572
.4565
.4559
.4552
.4545
.4538
.4531
.4524
.4517
.451
.4503
.4496
.4489
.4482
.4475
.4468
.4461
.4453
.4446
.4439
.4431
.4424
.4417
.4409
.4402
.4394
.4387
.4379
.4372
.4364
.4356
.4349
.4341
.4333
.4326
.4318
.431
.4302
.4294
.4287
.4279
.4271
.4263
.4255
.4247
.4239
.4231
.4223
.4215
.4207
.4199
.4191
.4183
.4175
.4167
.4159
.415
.4142
.4134
.4126
.4118
.4109
.4101
.4093
.4085
.4076
.4068
.406
.4052
.4043
.4035
.4027
.4018
.401
.4001
.3993
.3985
.3976
.3968
.396
.3951
.3943
.3934
.3926
.3917
.3909
.3901
.3892
.3884
.3875
.3867
.3858
.385
.3841
.3833
.3824
.3816
.3807
.3799
.379
.3782
.3773
.3765
.3756
.3748
.3739
.3731
.3722
.3714
.3705
.3697
.3688
.368
.3671
.3662
.3654
.3645
.3637
.3628
.362
.3611
.3603
.3594
.3586
.3577
.3569
.356
.3552
.3543
.3535
.3526
.3517
.3509
.35
.3492
.3483
.3475
.3466
.3458
.3449
.3441
.3432
.3424
.3415
.3407
.3398
.339
.3381
.3373
.3364
.3356
.3348
.3339
.3331
.3322
.3314
.3305
.3297
.3288
.328
.3271
.3263
.3255
.3246
.3238
.3229
.3221
.3213
.3204
.3196
.3187
.3179
.3171
.3162
.3154
.3146
.3137
.3129
.3121
.3112
.3104
.3096
.3087
.3079
.3071
.3062
.3054
.3046
.3038
.3029
.3021
.3013
.3005
.2996
.2988
.298
.2972
.2964
.2956
.2947
.2939
.2931
.2923
.2915
.2907
.2899
.2891
.2883
.2875
.2867
.2859
.2851
.2843
.2835
.2827
.2819
.2811
.2803
.2795
.2787
.2779
.2772
.2764
.2756
.2748
.274
.2733
.2725
.2717
.2709
.2702
.2694
.2686
.2679
.2671
.2664
.2656
.2648
.2641
.2633
.2626
.2618
.2611
.2603
.2596
.2589
.2581
.2574
.2567
.2559
.2552
.2545
.2537
.253
.2523
.2516
.2509
.2501
.2494
.2487
.248
.2473
.2466
.2459
.2452
.2445
.2438
.2431
.2424
.2417
.241
.2404
.2397
.239
.2383
.2376
.237
.2363
.2356
.235
.2343
.2336
.233
.2323
.2317
.231
.2304
.2297
.2291
.2284
.2278
.2272
.2265
.2259
.2252
.2246
.224
.2234
.2227
.2221
.2215
.2209
.2203
.2197
.2191
.2184
.2178
.2172
.2166
.216
.2154
.2148
.2143
.2137
.2131
.2125
.2119
.2113
.2108
.2102
.2096
.209
.2085
.2079
.2073
.2068
.2062
.2056
.2051
.2045
.204
.2034
.2029
.2023
.2018
.2012
.2007
.2002
.1996
.1991
.1985
.198
.1975
.197
.1964
.1959
.1954
.1949
.1944
.1938
.1933
.1928
.1923
.1918
.1913
.1908
.1903
.1898
.1893
.1888
.1883
.1878
.1873
.1868
.1863
.1858
.1854
.1849
.1844
.1839
.1834
.183
.1825
.182
.1816
.1811
.1806
.1802
.1797
.1792
.1788
.1783
.1779
.1774
.177
.1765
.1761
.1756
.1752
.1747
.1743
.1738
.1734
.173
.1725
.1721
.1717
.1712
.1708
.1704
.1699
.1695
.1691
.1687
.1682
.1678
.1674
.167
.1666
.1662
.1658
.1653
.1649
.1645
.1641
.1637
.1633
.1629
.1625
.1621
.1617
.1613
.1609
.1605
.1601
.1598
.1594
.159
.1586
.1582
.1578
.1575
.1571
.1567
.1563
.1559
.1556
.1552
.1548
.1544
.1541
.1537
.1533
.153
.1526
.1523
.1519
.1515
.1512
.1508
.1505
.1501
.1498
.1494
.149
.1487
.1484
.148
.1477
.1473
.147
.1466
.1463
.1459
.1456
.1453
.1449
.1446
.1443
.1439
.1436
.1433
.1429
.1426
.1423
.142
.1416
.1413
.141
.1407
.1403
.14
.1397
.1394
.1391
.1388
.1384
.1381
.1378
.1375
.1372
.1369
.1366
.1363
.136
.1357
.1354
.1351
.1348
.1345
.1342
.1339
.1336
.1333
.133
.1327
.1324
.1321
.1318
.1315
.1312
.131
.1307
.1304
.1301
.1298
.1295
.1292
.129
.1287
.1284
.1281
.1279
.1276
.1273
.127
.1268
.1265
.1262
.1259
.1257
.1254
.1251
.1249
.1246
.1243
.1241
.1238
.1236
.1233
.123
.1228
.1225
.1223
.122
.1217
.1215
.1212
.121
.1207
.1205
.1202
.12
.1197
.1195
.1192
.119
.1187
.1185
.1182
.118
.1178
.1175
.1173
.117
.1168
.1166
.1163
.1161
.1159
.1156
.1154
.1151
.1149
.1147
.1145
.1142
.114
.1138
.1135
.1133
.1131
.1129
.1126
.1124
.1122
.112
.1117
.1115
.1113
.1111
.1109
.1106
.1104
.1102
.11
.1098
.1096
.1093
.1091
.1089
.1087
.1085
.1083
.1081
.1079
.1076
.1074
.1072
.107
.1068
.1066
.1064
.1062
.106
.1058
.1056
.1054
.1052
.105
.1048
.1046
.1044
.1042
.104
.1038
.1036
.1034
.1032
.103
.1028
.1026
.1024
.1023
.1021
.1019
.1017
.1015
.1013
.1011
.1009
.1007
.1006
.1004
.1002
.1
.0998
.0996
.0995
.0993
.0991
.0989
.0987
.0986
.0984
.0982
.098
.0978
.0977
.0975
.0973
.0971
.097
.0968
.0966
.0964
.0963
.0961
.0959
.0958
.0956
.0954
.0952
.0951
.0949
.0947
.0946
.0944
.0942
.0941
.0939
.0937
.0936
.0934
.0933
.0931
.0929
.0928
.0926
.0925
.0923
.0921
.092
.0918
.0917
.0915
.0913
.0912
.091
.0909
.0907
.0906
.0904
.0903
.0901
.0899
.0898
.0896
.0895
.0893
.0892
.089
.0889
.0887
.0886
.0884
.0883
.0881
.088
.0879
.0877
.0876
.0874
.0873
.0871
.087
.0868
.0867
.0866
.0864
.0863
.0861
.086
.0858
.0857
.0856
.0854
.0853
.0851
.085
.0849
.0847
.0846
.0845
.0843
.0842
.0841
.0839
.0838
.0836
.0835
.0834
.0832
.0831
.083
.0828
.0827
.0826
.0825
.0823
.0822
.0821
.0819
.0818
.0817
.0816
.0814
.0813
.0812
.081
.0809
.0808
.0807
.0805
.0804
.0803
.0802
.08
.0799
.0798
.0797
.0795
.0794
.0793
.0792
.0791
.0789
.0788
.0787
.0786
.0785
.0783
.0782
.0781
.078
.0779
.0777
.0776
.0775
.0774
.0773
.0772
.0771
.0769
.0768
.0767
.0766
.0765
.0764
.0763
.0761
.076
.0759
.0758
.0757
.0756
.0755
.0754
.0752
.0751
.075
.0749
.0748
.0747
.0746
.0745
.0744
.0743
.0742
.074
.0739
.0738
.0737
.0736
.0735
.0734
.0733
.0732
.0731
.073
.0729
.0728
.0727
.0726
.0725
.0724
.0723
.0722
.0721
.072
.0719
.0718
.0717
.0716
.0715
.0714
.0713
.0712
.0711
.071
.0709
.0708
.0707
.0706
.0705
.0704
.0703
.0702
.0701
.07
.0699
.0698
.0697
.0696
.0695
.0694
.0693
.0692
.0691
.069
.0689
.0688
.0687
.0686
.0686
.0685
.0684
.0683
.0682
.0681
.068
.0679
.0678
.0677
.0676
.0675
.0675
.0674
.0673
.0672
.0671
.067
.0669
.0668
.0667
.0667
.0666
.0665
.0664
.0663
.0662
.0661
.066
.066
.0659
.0658
.0657
.0656
.0655
.0654
.0654
.0653
.0652
.0651
.065
.0649
.0648
.0648
.0647
.0646
.0645
.0644
.0643
.0643
.0642
.0641
.064
.0639
.0639
.0638
.0637
.0636
.0635
.0635
.0634
.0633
.0632
.0631
.0631
.063
.0629
.0628
.0627
.0627
.0626
.0625
.0624
.0623
.0623
.0622
.0621
.062
.062
.0619
.0618
.0617
.0617
.0616
.0615
.0614
.0614
.0613
.0612
.0611
.0611
.061
.0609
.0608
.0608
.0607
.0606
.0605
.0605
.0604
.0603
.0602
.0602
.0601
.06
.06
.0599
.0598
.0597
.0597
.0596
.0595
.0594
.0594
.0593
.0592
.0592
.0591
.059
.059
.0589
.0588
.0587
.0587
.0586
.0585
.0585
.0584
.0583
.0583
.0582
.0581
.0581
.058
.0579
.0579
.0578
.0577
.0577
.0576
.0575
.0575
.0574
.0573
.0573
.0572
.0571
.0571
.057
.0569
.0569
.0568
.0567
.0567
.0566
.0565
.0565
.0564
.0563
.0563
.0562
.0562
.0561
.056
.056
.0559
.0558
.0558
.0557
.0556
.0556
.0555
.0555
.0554
.0553
.0553
.0552
.0551
.0551
.055
.055
.0549
.0548
.0548
.0547
.0547
.0546
.0545
.0545
.0544
.0544
.0543
.0542
.0542
.0541
.0541
.054
.0539
.0539
.0538
.0538
.0537
.0536
.0536
.0535
.0535
.0534
.0534
.0533
.0532
.0532
.0531
.0531
.053
.053
.0529
.0528
.0528
.0527
.0527
.0526
.0526
.0525
.0524
.0524
.0523
.0523
.0522
.0522
.0521
.0521
.052
.0519
.0519
.0518
.0518
.0517
.0517
.0516
.0516
.0515
.0515
.0514
.0514
.0513
.0512
.0512
.0511
.0511
.051
.051
.0509
.0509
.0508
.0508
.0507
.0507
.0506
.0506
.0505
.0505
.0504
.0503
.0503
.0502
.0502
.0501
.0501
.05
.05
