.5764
.5735
.5686
.5639
.5595
.5553
.5514
.5478
.5445
.5414
.5386
.5361
.5338
.5317
.5299
.5283
.5268
.5255
.5244
.5234
.5226
.5218
.5212
.5206
.52
.5196
.5192
.5188
.5184
.5181
.5178
.5175
.5173
.517
.5168
.5165
.5163
.5161
.5158
.5156
.5154
.5151
.5149
.5147
.5144
.5142
.5139
.5137
.5134
.5132
.5129
.5126
.5124
.5121
.5118
.5116
.5113
.511
.5107
.5104
.5101
.5098
.5095
.5092
.5089
.5086
.5083
.508
.5076
.5073
.507
.5066
.5063
.506
.5056
.5053
.5049
.5046
.5042
.5038
.5035
.5031
.5027
.5023
.5019
.5015
.5012
.5008
.5004
.4999
.4995
.4991
.4987
.4983
.4979
.4974
.497
.4966
.4961
.4957
.4952
.4948
.4943
.4938
.4934
.4929
.4924
.4919
.4914
.491
.4905
.49
.4895
.489
.4884
.4879
.4874
.4869
.4864
.4858
.4853
.4847
.4842
.4836
.4831
.4825
.482
.4814
.4808
.4803
.4797
.4791
.4785
.4779
.4773
.4767
.4761
.4755
.4749
.4743
.4737
.473
.4724
.4718
.4711
.4705
.4699
.4692
.4686
.4679
.4672
.4666
.4659
.4652
.4646
.4639
.4632
.4625
.4618
.4612
.4605
.4598
.4591
.4584
.4577
.4569
.4562
.4555
.4548
.4541
.4533
.4526
.4519
.4512
.4504
.4497
.4489
.4482
.4474
.4467
.4459
.4452
.4444
.4437
.4429
.4421
.4414
.4406
.4398
.439
.4383
.4375
.4367
.4359
.4351
.4344
.4336
.4328
.432
.4312
.4304
.4296
.4288
.428
.4272
.4264
.4256
.4248
.424
.4232
.4224
.4215
.4207
.4199
.4191
.4183
.4175
.4167
.4158
.415
.4142
.4134
.4125
.4117
.4109
.4101
.4093
.4084
.4076
.4068
.4059
.4051
.4043
.4035
.4026
.4018
.401
.4001
.3993
.3985
.3977
.3968
.396
.3952
.3943
.3935
.3927
.3919
.391
.3902
.3894
.3885
.3877
.3869
.386
.3852
.3844
.3836
.3827
.3819
.3811
.3803
.3794
.3786
.3778
.377
.3761
.3753
.3745
.3737
.3728
.372
.3712
.3704
.3696
.3688
.3679
.3671
.3663
.3655
.3647
.3639
.3631
.3622
.3614
.3606
.3598
.359
.3582
.3574
.3566
.3558
.355
.3542
.3534
.3526
.3518
.351
.3502
.3494
.3486
.3478
.347
.3462
.3454
.3447
.3439
.3431
.3423
.3415
.3407
.34
.3392
.3384
.3376
.3369
.3361
.3353
.3345
.3338
.333
.3322
.3315
.3307
.3299
.3292
.3284
.3277
.3269
.3261
.3254
.3246
.3239
.3231
.3224
.3216
.3209
.3201
.3194
.3187
.3179
.3172
.3164
.3157
.315
.3142
.3135
.3128
.3121
.3113
.3106
.3099
.3092
.3084
.3077
.307
.3063
.3056
.3049
.3041
.3034
.3027
.302
.3013
.3006
.2999
.2992
.2985
.2978
.2971
.2964
.2957
.2951
.2944
.2937
.293
.2923
.2916
.291
.2903
.2896
.2889
.2883
.2876
.2869
.2863
.2856
.2849
.2843
.2836
.2829
.2823
.2816
.281
.2803
.2797
.279
.2784
.2777
.2771
.2765
.2758
.2752
.2745
.2739
.2733
.2726
.272
.2714
.2708
.2701
.2695
.2689
.2683
.2677
.267
.2664
.2658
.2652
.2646
.264
.2634
.2628
.2622
.2616
.261
.2604
.2598
.2592
.2586
.258
.2574
.2569
.2563
.2557
.2551
.2545
.254
.2534
.2528
.2522
.2517
.2511
.2505
.25
.2494
.2488
.2483
.2477
.2472
.2466
.2461
.2455
.245
.2444
.2439
.2433
.2428
.2422
.2417
.2412
.2406
.2401
.2396
.239
.2385
.238
.2374
.2369
.2364
.2359
.2353
.2348
.2343
.2338
.2333
.2328
.2323
.2318
.2312
.2307
.2302
.2297
.2292
.2287
.2282
.2277
.2272
.2268
.2263
.2258
.2253
.2248
.2243
.2238
.2233
.2229
.2224
.2219
.2214
.221
.2205
.22
.2195
.2191
.2186
.2181
.2177
.2172
.2167
.2163
.2158
.2154
.2149
.2145
.214
.2136
.2131
.2127
.2122
.2118
.2113
.2109
.2104
.21
.2095
.2091
.2087
.2082
.2078
.2074
.2069
.2065
.2061
.2057
.2052
.2048
.2044
.204
.2035
.2031
.2027
.2023
.2019
.2015
.201
.2006
.2002
.1998
.1994
.199
.1986
.1982
.1978
.1974
.197
.1966
.1962
.1958
.1954
.195
.1946
.1942
.1938
.1934
.193
.1927
.1923
.1919
.1915
.1911
.1907
.1904
.19
.1896
.1892
.1889
.1885
.1881
.1877
.1874
.187
.1866
.1863
.1859
.1855
.1852
.1848
.1844
.1841
.1837
.1834
.183
.1826
.1823
.1819
.1816
.1812
.1809
.1805
.1802
.1798
.1795
.1791
.1788
.1785
.1781
.1778
.1774
.1771
.1767
.1764
.1761
.1757
.1754
.1751
.1747
.1744
.1741
.1737
.1734
.1731
.1728
.1724
.1721
.1718
.1715
.1711
.1708
.1705
.1702
.1699
.1695
.1692
.1689
.1686
.1683
.168
.1677
.1674
.167
.1667
.1664
.1661
.1658
.1655
.1652
.1649
.1646
.1643
.164
.1637
.1634
.1631
.1628
.1625
.1622
.1619
.1616
.1613
.161
.1607
.1605
.1602
.1599
.1596
.1593
.159
.1587
.1584
.1582
.1579
.1576
.1573
.157
.1568
.1565
.1562
.1559
.1556
.1554
.1551
.1548
.1545
.1543
.154
.1537
.1535
.1532
.1529
.1526
.1524
.1521
.1518
.1516
.1513
.1511
.1508
.1505
.1503
.15
.1497
.1495
.1492
.149
.1487
.1485
.1482
.148
.1477
.1474
.1472
.1469
.1467
.1464
.1462
.1459
.1457
.1454
.1452
.1449
.1447
.1445
.1442
.144
.1437
.1435
.1432
.143
.1428
.1425
.1423
.142
.1418
.1416
.1413
.1411
.1409
.1406
.1404
.1402
.1399
.1397
.1395
.1392
.139
.1388
.1385
.1383
.1381
.1379
.1376
.1374
.1372
.137
.1367
.1365
.1363
.1361
.1358
.1356
.1354
.1352
.135
.1347
.1345
.1343
.1341
.1339
.1337
.1334
.1332
.133
.1328
.1326
.1324
.1322
.132
.1317
.1315
.1313
.1311
.1309
.1307
.1305
.1303
.1301
.1299
.1297
.1295
.1293
.1291
.1289
.1287
.1285
.1283
.1281
.1279
.1277
.1275
.1273
.1271
.1269
.1267
.1265
.1263
.1261
.1259
.1257
.1255
.1253
.1251
.1249
.1247
.1245
.1243
.1241
.124
.1238
.1236
.1234
.1232
.123
.1228
.1226
.1224
.1223
.1221
.1219
.1217
.1215
.1213
.1212
.121
.1208
.1206
.1204
.1202
.1201
.1199
.1197
.1195
.1194
.1192
.119
.1188
.1186
.1185
.1183
.1181
.1179
.1178
.1176
.1174
.1172
.1171
.1169
.1167
.1166
.1164
.1162
.116
.1159
.1157
.1155
.1154
.1152
.115
.1149
.1147
.1145
.1144
.1142
.114
.1139
.1137
.1135
.1134
.1132
.1131
.1129
.1127
.1126
.1124
.1122
.1121
.1119
.1118
.1116
.1114
.1113
.1111
.111
.1108
.1107
.1105
.1103
.1102
.11
.1099
.1097
.1096
.1094
.1093
.1091
.109
.1088
.1086
.1085
.1083
.1082
.108
.1079
.1077
.1076
.1074
.1073
.1071
.107
.1069
.1067
.1066
.1064
.1063
.1061
.106
.1058
.1057
.1055
.1054
.1052
.1051
.105
.1048
.1047
.1045
.1044
.1042
.1041
.104
.1038
.1037
.1035
.1034
.1033
.1031
.103
.1028
.1027
.1026
.1024
.1023
.1022
.102
.1019
.1018
.1016
.1015
.1013
.1012
.1011
.1009
.1008
.1007
.1005
.1004
.1003
.1001
.1
.0999
.0997
.0996
.0995
.0994
.0992
.0991
.099
.0988
.0987
.0986
.0985
.0983
.0982
.0981
.0979
.0978
.0977
.0976
.0974
.0973
.0972
.0971
.0969
.0968
.0967
.0966
.0964
.0963
.0962
.0961
.0959
.0958
.0957
.0956
.0955
.0953
.0952
.0951
.095
.0948
.0947
.0946
.0945
.0944
.0942
.0941
.094
.0939
.0938
.0937
.0935
.0934
.0933
.0932
.0931
.093
.0928
.0927
.0926
.0925
.0924
.0923
.0921
.092
.0919
.0918
.0917
.0916
.0915
.0914
.0912
.0911
.091
.0909
.0908
.0907
.0906
.0905
.0903
.0902
.0901
.09
.0899
.0898
.0897
.0896
.0895
.0894
.0893
.0891
.089
.0889
.0888
.0887
.0886
.0885
.0884
.0883
.0882
.0881
.088
.0879
.0878
.0877
.0876
.0874
.0873
.0872
.0871
.087
.0869
.0868
.0867
.0866
.0865
.0864
.0863
.0862
.0861
.086
.0859
.0858
.0857
.0856
.0855
.0854
.0853
.0852
.0851
.085
.0849
.0848
.0847
.0846
.0845
.0844
.0843
.0842
.0841
.084
.0839
.0838
.0837
.0836
.0835
.0834
.0833
.0832
.0831
.0831
.083
.0829
.0828
.0827
.0826
.0825
.0824
.0823
.0822
.0821
.082
.0819
.0818
.0817
.0816
.0815
.0815
.0814
.0813
.0812
.0811
.081
.0809
.0808
.0807
.0806
.0805
.0805
.0804
.0803
.0802
.0801
.08
.0799
.0798
.0797
.0796
.0796
.0795
.0794
.0793
.0792
.0791
.079
.0789
.0789
.0788
.0787
.0786
.0785
.0784
.0783
.0783
.0782
.0781
.078
.0779
.0778
.0777
.0777
.0776
.0775
.0774
.0773
.0772
.0771
.0771
.077
.0769
.0768
.0767
.0766
.0766
.0765
.0764
.0763
.0762
.0762
.0761
.076
.0759
.0758
.0757
.0757
.0756
.0755
.0754
.0753
.0753
.0752
.0751
.075
.0749
.0749
.0748
.0747
.0746
.0745
.0745
.0744
.0743
.0742
.0742
.0741
.074
.0739
.0738
.0738
.0737
.0736
.0735
.0735
.0734
.0733
.0732
.0731
.0731
.073
.0729
.0728
.0728
.0727
.0726
.0725
.0725
.0724
.0723
.0722
.0722
.0721
.072
.0719
.0719
.0718
.0717
.0716
.0716
.0715
.0714
.0714
.0713
.0712
.0711
.0711
.071
.0709
.0708
.0708
.0707
.0706
.0706
.0705
.0704
.0703
.0703
.0702
.0701
.0701
.07
.0699
.0699
.0698
.0697
.0696
.0696
.0695
.0694
.0694
.0693
.0692
.0692
.0691
.069
.0689
.0689
.0688
.0687
.0687
.0686
.0685
.0685
.0684
.0683
.0683
.0682
.0681
.0681
.068
.0679
.0679
.0678
.0677
.0677
.0676
.0675
.0675
.0674
.0673
.0673
.0672
.0671
.0671
.067
.0669
.0669
.0668
.0667
.0667
.0666
.0665
.0665
.0664
.0664
.0663
.0662
.0662
.0661
.066
.066
.0659
.0658
.0658
.0657
.0657
.0656
.0655
.0655
.0654
.0653
.0653
.0652
.0652
.0651
.065
.065
.0649
.0648
.0648
.0647
.0647
.0646
.0645
.0645
.0644
.0644
.0643
.0642
.0642
.0641
.0641
.064
.0639
.0639
.0638
.0638
.0637
.0636
.0636
.0635
.0635
.0634
.0633
.0633
.0632
.0632
.0631
.063
.063
.0629
.0629
.0628
.0628
.0627
.0626
.0626
.0625
.0625
.0624
.0623
.0623
.0622
.0622
.0621
.0621
.062
.0619
.0619
.0618
.0618
.0617
.0617
.0616
.0616
.0615
.0614
.0614
.0613
.0613
.0612
.0612
.0611
.0611
.061
.0609
.0609
.0608
.0608
.0607
.0607
.0606
.0606
.0605
.0604
.0604
.0603
.0603
.0602
.0602
.0601
.0601
.06
.06
.0599
.0599
.0598
.0598
.0597
.0596
.0596
.0595
.0595
.0594
.0594
.0593
.0593
.0592
.0592
.0591
.0591
.059
.059
.0589
.0589
.0588
.0588
.0587
.0587
.0586
.0585
.0585
.0584
.0584
.0583
.0583
.0582
.0582
.0581
.0581
.058
.058
.0579
.0579
.0578
.0578
.0577
.0577
.0576
.0576
.0575
.0575
.0574
.0574
.0573
.0573
.0572
.0572
.0571
.0571
.057
.057
.0569
.0569
.0568
.0568
.0568
.0567
.0567
.0566
.0566
.0565
.0565
.0564
.0564
.0563
.0563
.0562
.0562
.0561
.0561
.056
.056
.0559
.0559
.0558
.0558
.0557
.0557
.0557
.0556
.0556
.0555
.0555
.0554
.0554
.0553
.0553
.0552
.0552
.0551
.0551
.0551
.055
.055
.0549
.0549
.0548
.0548
.0547
.0547
.0546
.0546
.0546
.0545
.0545
.0544
.0544
.0543
.0543
.0542
.0542
.0541
.0541
.0541
.054
.054
.0539
.0539
.0538
.0538
.0537
.0537
.0537
.0536
.0536
.0535
.0535
.0534
.0534
.0534
.0533
.0533
.0532
.0532
.0531
.0531
.0531
.053
.053
.0529
.0529
.0528
.0528
.0528
.0527
.0527
.0526
.0526
.0525
.0525
.0525
.0524
.0524
.0523
.0523
.0522
.0522
.0522
.0521
.0521
.052
.052
.052
.0519
.0519
.0518
.0518
.0517
.0517
.0517
.0516
.0516
.0515
.0515
.0515
.0514
.0514
.0513
.0513
.0513
.0512
.0512
.0511
.0511
.0511
.051
.051
.0509
.0509
.0509
.0508
.0508
.0507
.0507
.0507
.0506
.0506
.0505
.0505
.0505
.0504
.0504
.0503
.0503
.0503
.0502
.0502
.0502
.0501
.0501
.05
.05
