.5996
.5955
.5893
.5833
.5775
.5719
.5667
.5617
.5571
.5528
.5489
.5453
.542
.5391
.5365
.5342
.5321
.5304
.5288
.5275
.5263
.5253
.5245
.5237
.5231
.5226
.5222
.5218
.5215
.5212
.521
.5208
.5207
.5205
.5204
.5203
.5202
.5202
.5201
.52
.52
.5199
.5199
.5199
.5198
.5198
.5198
.5197
.5197
.5197
.5197
.5196
.5196
.5196
.5196
.5195
.5195
.5195
.5195
.5194
.5194
.5194
.5193
.5193
.5193
.5193
.5192
.5192
.5192
.5192
.5191
.5191
.5191
.519
.519
.519
.519
.5189
.5189
.5189
.5188
.5188
.5188
.5188
.5187
.5187
.5187
.5186
.5186
.5186
.5186
.5185
.5185
.5185
.5184
.5184
.5184
.5183
.5183
.5183
.5182
.5182
.5182
.5181
.5181
.5181
.5181
.518
.518
.518
.5179
.5179
.5179
.5178
.5178
.5178
.5177
.5177
.5176
.5176
.5176
.5175
.5175
.5175
.5174
.5174
.5174
.5173
.5173
.5172
.5172
.5172
.5171
.5171
.5171
.517
.517
.5169
.5169
.5169
.5168
.5168
.5167
.5167
.5166
.5166
.5166
.5165
.5165
.5164
.5164
.5163
.5163
.5162
.5162
.5162
.5161
.5161
.516
.516
.5159
.5159
.5158
.5158
.5157
.5157
.5156
.5156
.5155
.5154
.5154
.5153
.5153
.5152
.5152
.5151
.5151
.515
.5149
.5149
.5148
.5148
.5147
.5146
.5146
.5145
.5144
.5144
.5143
.5142
.5142
.5141
.514
.514
.5139
.5138
.5137
.5137
.5136
.5135
.5134
.5134
.5133
.5132
.5131
.513
.513
.5129
.5128
.5127
.5126
.5125
.5124
.5123
.5123
.5122
.5121
.512
.5119
.5118
.5117
.5116
.5115
.5114
.5113
.5112
.5111
.5109
.5108
.5107
.5106
.5105
.5104
.5103
.5101
.51
.5099
.5098
.5096
.5095
.5094
.5093
.5091
.509
.5089
.5087
.5086
.5084
.5083
.5081
.508
.5078
.5077
.5075
.5074
.5072
.5071
.5069
.5067
.5066
.5064
.5062
.506
.5059
.5057
.5055
.5053
.5051
.5049
.5047
.5045
.5043
.5041
.5039
.5037
.5035
.5033
.5031
.5029
.5027
.5024
.5022
.502
.5017
.5015
.5013
.501
.5008
.5005
.5003
.5
.4998
.4995
.4992
.499
.4987
.4984
.4982
.4979
.4976
.4973
.497
.4967
.4964
.4961
.4958
.4955
.4952
.4949
.4945
.4942
.4939
.4935
.4932
.4929
.4925
.4922
.4918
.4915
.4911
.4907
.4904
.49
.4896
.4892
.4888
.4885
.4881
.4877
.4873
.4869
.4864
.486
.4856
.4852
.4848
.4843
.4839
.4835
.483
.4826
.4821
.4817
.4812
.4807
.4803
.4798
.4793
.4788
.4783
.4779
.4774
.4769
.4764
.4759
.4753
.4748
.4743
.4738
.4733
.4727
.4722
.4717
.4711
.4706
.47
.4695
.4689
.4683
.4678
.4672
.4666
.466
.4655
.4649
.4643
.4637
.4631
.4625
.4619
.4613
.4607
.46
.4594
.4588
.4582
.4576
.4569
.4563
.4556
.455
.4544
.4537
.4531
.4524
.4517
.4511
.4504
.4497
.4491
.4484
.4477
.447
.4464
.4457
.445
.4443
.4436
.4429
.4422
.4415
.4408
.4401
.4394
.4387
.438
.4372
.4365
.4358
.4351
.4344
.4336
.4329
.4322
.4314
.4307
.43
.4292
.4285
.4277
.427
.4262
.4255
.4247
.424
.4232
.4225
.4217
.421
.4202
.4194
.4187
.4179
.4171
.4164
.4156
.4148
.4141
.4133
.4125
.4117
.411
.4102
.4094
.4086
.4078
.4071
.4063
.4055
.4047
.4039
.4031
.4023
.4015
.4008
.4
.3992
.3984
.3976
.3968
.396
.3952
.3944
.3936
.3928
.392
.3912
.3904
.3896
.3888
.388
.3872
.3864
.3856
.3848
.384
.3832
.3824
.3816
.3808
.38
.3792
.3784
.3776
.3768
.376
.3752
.3744
.3736
.3728
.372
.3712
.3704
.3696
.3688
.368
.3672
.3664
.3656
.3648
.364
.3632
.3624
.3616
.3608
.36
.3592
.3584
.3576
.3568
.356
.3552
.3545
.3537
.3529
.3521
.3513
.3505
.3497
.3489
.3481
.3473
.3465
.3458
.345
.3442
.3434
.3426
.3418
.3411
.3403
.3395
.3387
.3379
.3372
.3364
.3356
.3348
.3341
.3333
.3325
.3318
.331
.3302
.3295
.3287
.3279
.3272
.3264
.3256
.3249
.3241
.3234
.3226
.3219
.3211
.3204
.3196
.3189
.3181
.3174
.3166
.3159
.3152
.3144
.3137
.3129
.3122
.3115
.3107
.31
.3093
.3086
.3078
.3071
.3064
.3057
.305
.3042
.3035
.3028
.3021
.3014
.3007
.3
.2993
.2986
.2979
.2972
.2965
.2958
.2951
.2944
.2937
.293
.2923
.2916
.2909
.2903
.2896
.2889
.2882
.2875
.2869
.2862
.2855
.2849
.2842
.2835
.2829
.2822
.2816
.2809
.2802
.2796
.2789
.2783
.2776
.277
.2763
.2757
.2751
.2744
.2738
.2732
.2725
.2719
.2713
.2706
.27
.2694
.2688
.2681
.2675
.2669
.2663
.2657
.2651
.2645
.2639
.2633
.2627
.2621
.2615
.2609
.2603
.2597
.2591
.2585
.2579
.2573
.2567
.2561
.2556
.255
.2544
.2538
.2533
.2527
.2521
.2515
.251
.2504
.2498
.2493
.2487
.2482
.2476
.2471
.2465
.246
.2454
.2449
.2443
.2438
.2432
.2427
.2421
.2416
.2411
.2405
.24
.2395
.2389
.2384
.2379
.2374
.2368
.2363
.2358
.2353
.2348
.2343
.2338
.2332
.2327
.2322
.2317
.2312
.2307
.2302
.2297
.2292
.2287
.2282
.2277
.2272
.2267
.2263
.2258
.2253
.2248
.2243
.2238
.2234
.2229
.2224
.2219
.2215
.221
.2205
.2201
.2196
.2191
.2187
.2182
.2177
.2173
.2168
.2164
.2159
.2154
.215
.2145
.2141
.2136
.2132
.2128
.2123
.2119
.2114
.211
.2105
.2101
.2097
.2092
.2088
.2084
.2079
.2075
.2071
.2067
.2062
.2058
.2054
.205
.2046
.2041
.2037
.2033
.2029
.2025
.2021
.2016
.2012
.2008
.2004
.2
.1996
.1992
.1988
.1984
.198
.1976
.1972
.1968
.1964
.196
.1956
.1953
.1949
.1945
.1941
.1937
.1933
.1929
.1926
.1922
.1918
.1914
.191
.1907
.1903
.1899
.1895
.1892
.1888
.1884
.1881
.1877
.1873
.187
.1866
.1862
.1859
.1855
.1852
.1848
.1844
.1841
.1837
.1834
.183
.1827
.1823
.182
.1816
.1813
.1809
.1806
.1802
.1799
.1795
.1792
.1789
.1785
.1782
.1779
.1775
.1772
.1768
.1765
.1762
.1758
.1755
.1752
.1749
.1745
.1742
.1739
.1736
.1732
.1729
.1726
.1723
.172
.1716
.1713
.171
.1707
.1704
.1701
.1697
.1694
.1691
.1688
.1685
.1682
.1679
.1676
.1673
.167
.1667
.1664
.1661
.1658
.1655
.1652
.1649
.1646
.1643
.164
.1637
.1634
.1631
.1628
.1625
.1622
.1619
.1616
.1613
.1611
.1608
.1605
.1602
.1599
.1596
.1593
.1591
.1588
.1585
.1582
.1579
.1577
.1574
.1571
.1568
.1566
.1563
.156
.1557
.1555
.1552
.1549
.1547
.1544
.1541
.1539
.1536
.1533
.1531
.1528
.1525
.1523
.152
.1518
.1515
.1512
.151
.1507
.1505
.1502
.15
.1497
.1494
.1492
.1489
.1487
.1484
.1482
.1479
.1477
.1474
.1472
.1469
.1467
.1464
.1462
.146
.1457
.1455
.1452
.145
.1447
.1445
.1443
.144
.1438
.1435
.1433
.1431
.1428
.1426
.1424
.1421
.1419
.1417
.1414
.1412
.141
.1407
.1405
.1403
.1401
.1398
.1396
.1394
.1391
.1389
.1387
.1385
.1383
.138
.1378
.1376
.1374
.1371
.1369
.1367
.1365
.1363
.136
.1358
.1356
.1354
.1352
.135
.1348
.1345
.1343
.1341
.1339
.1337
.1335
.1333
.1331
.1329
.1326
.1324
.1322
.132
.1318
.1316
.1314
.1312
.131
.1308
.1306
.1304
.1302
.13
.1298
.1296
.1294
.1292
.129
.1288
.1286
.1284
.1282
.128
.1278
.1276
.1274
.1272
.127
.1268
.1266
.1264
.1263
.1261
.1259
.1257
.1255
.1253
.1251
.1249
.1247
.1246
.1244
.1242
.124
.1238
.1236
.1234
.1233
.1231
.1229
.1227
.1225
.1223
.1222
.122
.1218
.1216
.1214
.1213
.1211
.1209
.1207
.1205
.1204
.1202
.12
.1198
.1197
.1195
.1193
.1191
.119
.1188
.1186
.1185
.1183
.1181
.1179
.1178
.1176
.1174
.1173
.1171
.1169
.1168
.1166
.1164
.1163
.1161
.1159
.1158
.1156
.1154
.1153
.1151
.1149
.1148
.1146
.1145
.1143
.1141
.114
.1138
.1136
.1135
.1133
.1132
.113
.1129
.1127
.1125
.1124
.1122
.1121
.1119
.1118
.1116
.1114
.1113
.1111
.111
.1108
.1107
.1105
.1104
.1102
.1101
.1099
.1098
.1096
.1095
.1093
.1092
.109
.1089
.1087
.1086
.1084
.1083
.1081
.108
.1078
.1077
.1075
.1074
.1072
.1071
.107
.1068
.1067
.1065
.1064
.1062
.1061
.106
.1058
.1057
.1055
.1054
.1053
.1051
.105
.1048
.1047
.1046
.1044
.1043
.1041
.104
.1039
.1037
.1036
.1035
.1033
.1032
.1031
.1029
.1028
.1026
.1025
.1024
.1022
.1021
.102
.1018
.1017
.1016
.1015
.1013
.1012
.1011
.1009
.1008
.1007
.1005
.1004
.1003
.1001
.1
.0999
.0998
.0996
.0995
.0994
.0993
.0991
.099
.0989
.0988
.0986
.0985
.0984
.0983
.0981
.098
.0979
.0978
.0976
.0975
.0974
.0973
.0971
.097
.0969
.0968
.0967
.0965
.0964
.0963
.0962
.0961
.0959
.0958
.0957
.0956
.0955
.0953
.0952
.0951
.095
.0949
.0948
.0946
.0945
.0944
.0943
.0942
.0941
.0939
.0938
.0937
.0936
.0935
.0934
.0933
.0931
.093
.0929
.0928
.0927
.0926
.0925
.0924
.0922
.0921
.092
.0919
.0918
.0917
.0916
.0915
.0914
.0913
.0911
.091
.0909
.0908
.0907
.0906
.0905
.0904
.0903
.0902
.0901
.09
.0899
.0897
.0896
.0895
.0894
.0893
.0892
.0891
.089
.0889
.0888
.0887
.0886
.0885
.0884
.0883
.0882
.0881
.088
.0879
.0878
.0877
.0876
.0875
.0874
.0873
.0872
.0871
.087
.0869
.0868
.0867
.0866
.0865
.0864
.0863
.0862
.0861
.086
.0859
.0858
.0857
.0856
.0855
.0854
.0853
.0852
.0851
.085
.0849
.0848
.0847
.0846
.0845
.0844
.0843
.0842
.0841
.084
.0839
.0838
.0837
.0837
.0836
.0835
.0834
.0833
.0832
.0831
.083
.0829
.0828
.0827
.0826
.0825
.0824
.0824
.0823
.0822
.0821
.082
.0819
.0818
.0817
.0816
.0815
.0815
.0814
.0813
.0812
.0811
.081
.0809
.0808
.0807
.0807
.0806
.0805
.0804
.0803
.0802
.0801
.08
.08
.0799
.0798
.0797
.0796
.0795
.0794
.0794
.0793
.0792
.0791
.079
.0789
.0788
.0788
.0787
.0786
.0785
.0784
.0783
.0783
.0782
.0781
.078
.0779
.0778
.0778
.0777
.0776
.0775
.0774
.0774
.0773
.0772
.0771
.077
.0769
.0769
.0768
.0767
.0766
.0765
.0765
.0764
.0763
.0762
.0761
.0761
.076
.0759
.0758
.0757
.0757
.0756
.0755
.0754
.0754
.0753
.0752
.0751
.075
.075
.0749
.0748
.0747
.0747
.0746
.0745
.0744
.0744
.0743
.0742
.0741
.0741
.074
.0739
.0738
.0737
.0737
.0736
.0735
.0735
.0734
.0733
.0732
.0732
.0731
.073
.0729
.0729
.0728
.0727
.0726
.0726
.0725
.0724
.0723
.0723
.0722
.0721
.0721
.072
.0719
.0718
.0718
.0717
.0716
.0716
.0715
.0714
.0713
.0713
.0712
.0711
.0711
.071
.0709
.0709
.0708
.0707
.0706
.0706
.0705
.0704
.0704
.0703
.0702
.0702
.0701
.07
.07
.0699
.0698
.0698
.0697
.0696
.0695
.0695
.0694
.0693
.0693
.0692
.0691
.0691
.069
.0689
.0689
.0688
.0687
.0687
.0686
.0685
.0685
.0684
.0684
.0683
.0682
.0682
.0681
.068
.068
.0679
.0678
.0678
.0677
.0676
.0676
.0675
.0674
.0674
.0673
.0673
.0672
.0671
.0671
.067
.0669
.0669
.0668
.0667
.0667
.0666
.0666
.0665
.0664
.0664
.0663
.0662
.0662
.0661
.0661
.066
.0659
.0659
.0658
.0658
.0657
.0656
.0656
.0655
.0655
.0654
.0653
.0653
.0652
.0651
.0651
.065
.065
.0649
.0649
.0648
.0647
.0647
.0646
.0646
.0645
.0644
.0644
.0643
.0643
.0642
.0641
.0641
.064
.064
.0639
.0639
.0638
.0637
.0637
.0636
.0636
.0635
.0634
.0634
.0633
.0633
.0632
.0632
.0631
.063
.063
.0629
.0629
.0628
.0628
.0627
.0627
.0626
.0625
.0625
.0624
.0624
.0623
.0623
.0622
.0622
.0621
.062
.062
.0619
.0619
.0618
.0618
.0617
.0617
.0616
.0616
.0615
.0614
.0614
.0613
.0613
.0612
.0612
.0611
.0611
.061
.061
.0609
.0609
.0608
.0607
.0607
.0606
.0606
.0605
.0605
.0604
.0604
.0603
.0603
.0602
.0602
.0601
.0601
.06
.06
.0599
.0599
.0598
.0598
.0597
.0597
.0596
.0595
.0595
.0594
.0594
.0593
.0593
.0592
.0592
.0591
.0591
.059
.059
.0589
.0589
.0588
.0588
.0587
.0587
.0586
.0586
.0585
.0585
.0584
.0584
.0583
.0583
.0582
.0582
.0581
.0581
.0581
.058
.058
.0579
.0579
.0578
.0578
.0577
.0577
.0576
.0576
.0575
.0575
.0574
.0574
.0573
.0573
.0572
.0572
.0571
.0571
.057
.057
.0569
.0569
.0569
.0568
.0568
.0567
.0567
.0566
.0566
.0565
.0565
.0564
.0564
.0563
.0563
.0562
.0562
.0562
.0561
.0561
.056
.056
.0559
.0559
.0558
.0558
.0557
.0557
.0557
.0556
.0556
.0555
.0555
.0554
.0554
.0553
.0553
.0552
.0552
.0552
.0551
.0551
.055
.055
.0549
.0549
.0548
.0548
.0548
.0547
.0547
.0546
.0546
.0545
.0545
.0545
.0544
.0544
.0543
.0543
.0542
.0542
.0542
.0541
.0541
.054
.054
.0539
.0539
.0539
.0538
.0538
.0537
.0537
.0536
.0536
.0536
.0535
.0535
.0534
.0534
.0533
.0533
.0533
.0532
.0532
.0531
.0531
.0531
.053
.053
.0529
.0529
.0528
.0528
.0528
.0527
.0527
.0526
.0526
.0526
.0525
.0525
.0524
.0524
.0524
.0523
.0523
.0522
.0522
.0522
.0521
.0521
.052
.052
.052
.0519
.0519
.0518
.0518
.0518
.0517
.0517
.0516
.0516
.0516
.0515
.0515
.0514
.0514
.0514
.0513
.0513
.0512
.0512
.0512
.0511
.0511
.0511
.051
.051
.0509
.0509
.0509
.0508
.0508
.0507
.0507
.0507
.0506
.0506
.0506
.0505
.0505
.0504
.0504
.0504
.0503
.0503
.0502
.0502
.0502
.0501
.0501
.0501
.05
.05
