.5739
.5725
.5693
.5663
.5633
.5605
.5579
.5553
.5529
.5507
.5485
.5465
.5447
.5429
.5413
.5398
.5384
.5372
.536
.5349
.534
.5331
.5323
.5315
.5309
.5302
.5297
.5292
.5287
.5283
.5279
.5276
.5272
.5269
.5266
.5264
.5261
.5259
.5257
.5255
.5253
.5251
.525
.5248
.5246
.5245
.5243
.5242
.524
.5239
.5237
.5236
.5234
.5233
.5232
.523
.5229
.5227
.5226
.5225
.5223
.5222
.5221
.5219
.5218
.5216
.5215
.5214
.5212
.5211
.521
.5208
.5207
.5205
.5204
.5203
.5201
.52
.5198
.5197
.5196
.5194
.5193
.5191
.519
.5189
.5187
.5186
.5184
.5183
.5181
.518
.5179
.5177
.5176
.5174
.5173
.5171
.517
.5168
.5167
.5166
.5164
.5163
.5161
.516
.5158
.5157
.5155
.5154
.5152
.5151
.5149
.5148
.5146
.5145
.5143
.5142
.514
.5139
.5137
.5136
.5134
.5133
.5131
.513
.5128
.5126
.5125
.5123
.5122
.512
.5119
.5117
.5116
.5114
.5112
.5111
.5109
.5108
.5106
.5104
.5103
.5101
.51
.5098
.5096
.5095
.5093
.5092
.509
.5088
.5087
.5085
.5083
.5082
.508
.5078
.5077
.5075
.5073
.5072
.507
.5068
.5067
.5065
.5063
.5061
.506
.5058
.5056
.5055
.5053
.5051
.5049
.5048
.5046
.5044
.5042
.504
.5039
.5037
.5035
.5033
.5032
.503
.5028
.5026
.5024
.5022
.5021
.5019
.5017
.5015
.5013
.5011
.5009
.5008
.5006
.5004
.5002
.5
.4998
.4996
.4994
.4992
.499
.4988
.4986
.4984
.4983
.4981
.4979
.4977
.4975
.4973
.4971
.4969
.4967
.4965
.4963
.4961
.4959
.4956
.4954
.4952
.495
.4948
.4946
.4944
.4942
.494
.4938
.4936
.4934
.4931
.4929
.4927
.4925
.4923
.4921
.4919
.4917
.4914
.4912
.491
.4908
.4906
.4903
.4901
.4899
.4897
.4895
.4892
.489
.4888
.4886
.4883
.4881
.4879
.4877
.4874
.4872
.487
.4868
.4865
.4863
.4861
.4858
.4856
.4854
.4851
.4849
.4847
.4844
.4842
.484
.4837
.4835
.4833
.483
.4828
.4825
.4823
.4821
.4818
.4816
.4813
.4811
.4809
.4806
.4804
.4801
.4799
.4796
.4794
.4791
.4789
.4786
.4784
.4782
.4779
.4777
.4774
.4772
.4769
.4767
.4764
.4761
.4759
.4756
.4754
.4751
.4749
.4746
.4744
.4741
.4739
.4736
.4733
.4731
.4728
.4726
.4723
.472
.4718
.4715
.4713
.471
.4707
.4705
.4702
.4699
.4697
.4694
.4691
.4689
.4686
.4683
.4681
.4678
.4675
.4673
.467
.4667
.4665
.4662
.4659
.4656
.4654
.4651
.4648
.4645
.4643
.464
.4637
.4634
.4632
.4629
.4626
.4623
.462
.4618
.4615
.4612
.4609
.4606
.4603
.4601
.4598
.4595
.4592
.4589
.4586
.4583
.458
.4577
.4575
.4572
.4569
.4566
.4563
.456
.4557
.4554
.4551
.4548
.4545
.4542
.4539
.4536
.4533
.453
.4527
.4524
.4521
.4517
.4514
.4511
.4508
.4505
.4502
.4499
.4495
.4492
.4489
.4486
.4483
.4479
.4476
.4473
.447
.4466
.4463
.446
.4456
.4453
.445
.4446
.4443
.444
.4436
.4433
.4429
.4426
.4422
.4419
.4415
.4412
.4408
.4405
.4401
.4397
.4394
.439
.4387
.4383
.4379
.4375
.4372
.4368
.4364
.436
.4356
.4353
.4349
.4345
.4341
.4337
.4333
.4329
.4325
.4321
.4317
.4313
.4308
.4304
.43
.4296
.4292
.4287
.4283
.4279
.4274
.427
.4266
.4261
.4257
.4252
.4248
.4243
.4238
.4234
.4229
.4224
.422
.4215
.421
.4205
.42
.4195
.419
.4185
.418
.4175
.417
.4165
.416
.4155
.4149
.4144
.4139
.4134
.4128
.4123
.4117
.4112
.4106
.4101
.4095
.409
.4084
.4078
.4073
.4067
.4061
.4055
.4049
.4043
.4037
.4032
.4026
.402
.4013
.4007
.4001
.3995
.3989
.3983
.3977
.397
.3964
.3958
.3951
.3945
.3939
.3932
.3926
.3919
.3913
.3906
.39
.3893
.3887
.388
.3874
.3867
.3861
.3854
.3847
.3841
.3834
.3827
.3821
.3814
.3807
.3801
.3794
.3787
.378
.3774
.3767
.376
.3753
.3747
.374
.3733
.3726
.372
.3713
.3706
.3699
.3693
.3686
.3679
.3672
.3666
.3659
.3652
.3645
.3639
.3632
.3625
.3618
.3612
.3605
.3598
.3592
.3585
.3578
.3572
.3565
.3558
.3552
.3545
.3538
.3532
.3525
.3518
.3512
.3505
.3498
.3492
.3485
.3479
.3472
.3466
.3459
.3453
.3446
.3439
.3433
.3426
.342
.3413
.3407
.3401
.3394
.3388
.3381
.3375
.3368
.3362
.3356
.3349
.3343
.3336
.333
.3324
.3317
.3311
.3305
.3298
.3292
.3286
.3279
.3273
.3267
.326
.3254
.3248
.3242
.3235
.3229
.3223
.3217
.321
.3204
.3198
.3192
.3186
.318
.3173
.3167
.3161
.3155
.3149
.3143
.3136
.313
.3124
.3118
.3112
.3106
.31
.3094
.3088
.3082
.3076
.307
.3064
.3058
.3052
.3046
.304
.3034
.3028
.3022
.3016
.301
.3004
.2998
.2992
.2986
.298
.2974
.2968
.2962
.2956
.295
.2944
.2938
.2933
.2927
.2921
.2915
.2909
.2903
.2897
.2892
.2886
.288
.2874
.2868
.2863
.2857
.2851
.2845
.2839
.2834
.2828
.2822
.2816
.2811
.2805
.2799
.2794
.2788
.2782
.2777
.2771
.2765
.276
.2754
.2748
.2743
.2737
.2731
.2726
.272
.2714
.2709
.2703
.2698
.2692
.2687
.2681
.2675
.267
.2664
.2659
.2653
.2648
.2642
.2637
.2631
.2626
.262
.2615
.261
.2604
.2599
.2593
.2588
.2582
.2577
.2572
.2566
.2561
.2556
.255
.2545
.254
.2534
.2529
.2524
.2518
.2513
.2508
.2502
.2497
.2492
.2487
.2482
.2476
.2471
.2466
.2461
.2456
.245
.2445
.244
.2435
.243
.2425
.242
.2414
.2409
.2404
.2399
.2394
.2389
.2384
.2379
.2374
.2369
.2364
.2359
.2354
.2349
.2344
.2339
.2334
.2329
.2325
.232
.2315
.231
.2305
.23
.2295
.2291
.2286
.2281
.2276
.2271
.2267
.2262
.2257
.2252
.2248
.2243
.2238
.2234
.2229
.2224
.222
.2215
.221
.2206
.2201
.2197
.2192
.2187
.2183
.2178
.2174
.2169
.2165
.216
.2156
.2151
.2147
.2142
.2138
.2134
.2129
.2125
.212
.2116
.2112
.2107
.2103
.2099
.2094
.209
.2086
.2082
.2077
.2073
.2069
.2065
.206
.2056
.2052
.2048
.2044
.204
.2036
.2031
.2027
.2023
.2019
.2015
.2011
.2007
.2003
.1999
.1995
.1991
.1987
.1983
.1979
.1975
.1971
.1967
.1963
.196
.1956
.1952
.1948
.1944
.194
.1936
.1933
.1929
.1925
.1921
.1917
.1914
.191
.1906
.1903
.1899
.1895
.1891
.1888
.1884
.1881
.1877
.1873
.187
.1866
.1862
.1859
.1855
.1852
.1848
.1845
.1841
.1838
.1834
.1831
.1827
.1824
.182
.1817
.1813
.181
.1807
.1803
.18
.1796
.1793
.179
.1786
.1783
.178
.1776
.1773
.177
.1766
.1763
.176
.1757
.1753
.175
.1747
.1744
.174
.1737
.1734
.1731
.1728
.1725
.1721
.1718
.1715
.1712
.1709
.1706
.1703
.17
.1697
.1694
.169
.1687
.1684
.1681
.1678
.1675
.1672
.1669
.1666
.1663
.166
.1657
.1654
.1652
.1649
.1646
.1643
.164
.1637
.1634
.1631
.1628
.1625
.1623
.162
.1617
.1614
.1611
.1608
.1606
.1603
.16
.1597
.1595
.1592
.1589
.1586
.1584
.1581
.1578
.1575
.1573
.157
.1567
.1565
.1562
.1559
.1557
.1554
.1551
.1549
.1546
.1543
.1541
.1538
.1535
.1533
.153
.1528
.1525
.1523
.152
.1517
.1515
.1512
.151
.1507
.1505
.1502
.15
.1497
.1495
.1492
.149
.1487
.1485
.1482
.148
.1477
.1475
.1473
.147
.1468
.1465
.1463
.1461
.1458
.1456
.1453
.1451
.1449
.1446
.1444
.1442
.1439
.1437
.1435
.1432
.143
.1428
.1425
.1423
.1421
.1418
.1416
.1414
.1412
.1409
.1407
.1405
.1403
.14
.1398
.1396
.1394
.1391
.1389
.1387
.1385
.1383
.138
.1378
.1376
.1374
.1372
.137
.1367
.1365
.1363
.1361
.1359
.1357
.1355
.1353
.135
.1348
.1346
.1344
.1342
.134
.1338
.1336
.1334
.1332
.133
.1328
.1325
.1323
.1321
.1319
.1317
.1315
.1313
.1311
.1309
.1307
.1305
.1303
.1301
.1299
.1297
.1295
.1293
.1291
.129
.1288
.1286
.1284
.1282
.128
.1278
.1276
.1274
.1272
.127
.1268
.1266
.1265
.1263
.1261
.1259
.1257
.1255
.1253
.1251
.125
.1248
.1246
.1244
.1242
.124
.1238
.1237
.1235
.1233
.1231
.1229
.1228
.1226
.1224
.1222
.122
.1219
.1217
.1215
.1213
.1212
.121
.1208
.1206
.1205
.1203
.1201
.1199
.1198
.1196
.1194
.1192
.1191
.1189
.1187
.1186
.1184
.1182
.118
.1179
.1177
.1175
.1174
.1172
.117
.1169
.1167
.1165
.1164
.1162
.116
.1159
.1157
.1156
.1154
.1152
.1151
.1149
.1147
.1146
.1144
.1143
.1141
.1139
.1138
.1136
.1135
.1133
.1132
.113
.1128
.1127
.1125
.1124
.1122
.1121
.1119
.1117
.1116
.1114
.1113
.1111
.111
.1108
.1107
.1105
.1104
.1102
.1101
.1099
.1098
.1096
.1095
.1093
.1092
.109
.1089
.1087
.1086
.1084
.1083
.1081
.108
.1079
.1077
.1076
.1074
.1073
.1071
.107
.1068
.1067
.1066
.1064
.1063
.1061
.106
.1059
.1057
.1056
.1054
.1053
.1052
.105
.1049
.1047
.1046
.1045
.1043
.1042
.104
.1039
.1038
.1036
.1035
.1034
.1032
.1031
.103
.1028
.1027
.1026
.1024
.1023
.1022
.102
.1019
.1018
.1016
.1015
.1014
.1012
.1011
.101
.1008
.1007
.1006
.1005
.1003
.1002
.1001
.0999
.0998
.0997
.0996
.0994
.0993
.0992
.0991
.0989
.0988
.0987
.0986
.0984
.0983
.0982
.0981
.0979
.0978
.0977
.0976
.0974
.0973
.0972
.0971
.097
.0968
.0967
.0966
.0965
.0964
.0962
.0961
.096
.0959
.0958
.0956
.0955
.0954
.0953
.0952
.095
.0949
.0948
.0947
.0946
.0945
.0943
.0942
.0941
.094
.0939
.0938
.0937
.0935
.0934
.0933
.0932
.0931
.093
.0929
.0927
.0926
.0925
.0924
.0923
.0922
.0921
.092
.0919
.0917
.0916
.0915
.0914
.0913
.0912
.0911
.091
.0909
.0908
.0906
.0905
.0904
.0903
.0902
.0901
.09
.0899
.0898
.0897
.0896
.0895
.0894
.0893
.0892
.089
.0889
.0888
.0887
.0886
.0885
.0884
.0883
.0882
.0881
.088
.0879
.0878
.0877
.0876
.0875
.0874
.0873
.0872
.0871
.087
.0869
.0868
.0867
.0866
.0865
.0864
.0863
.0862
.0861
.086
.0859
.0858
.0857
.0856
.0855
.0854
.0853
.0852
.0851
.085
.0849
.0848
.0847
.0846
.0845
.0844
.0843
.0842
.0841
.084
.084
.0839
.0838
.0837
.0836
.0835
.0834
.0833
.0832
.0831
.083
.0829
.0828
.0827
.0826
.0826
.0825
.0824
.0823
.0822
.0821
.082
.0819
.0818
.0817
.0816
.0815
.0815
.0814
.0813
.0812
.0811
.081
.0809
.0808
.0807
.0807
.0806
.0805
.0804
.0803
.0802
.0801
.08
.08
.0799
.0798
.0797
.0796
.0795
.0794
.0793
.0793
.0792
.0791
.079
.0789
.0788
.0787
.0787
.0786
.0785
.0784
.0783
.0782
.0782
.0781
.078
.0779
.0778
.0777
.0777
.0776
.0775
.0774
.0773
.0772
.0772
.0771
.077
.0769
.0768
.0768
.0767
.0766
.0765
.0764
.0763
.0763
.0762
.0761
.076
.0759
.0759
.0758
.0757
.0756
.0755
.0755
.0754
.0753
.0752
.0752
.0751
.075
.0749
.0748
.0748
.0747
.0746
.0745
.0745
.0744
.0743
.0742
.0741
.0741
.074
.0739
.0738
.0738
.0737
.0736
.0735
.0735
.0734
.0733
.0732
.0732
.0731
.073
.0729
.0729
.0728
.0727
.0726
.0726
.0725
.0724
.0724
.0723
.0722
.0721
.0721
.072
.0719
.0718
.0718
.0717
.0716
.0716
.0715
.0714
.0713
.0713
.0712
.0711
.0711
.071
.0709
.0708
.0708
.0707
.0706
.0706
.0705
.0704
.0703
.0703
.0702
.0701
.0701
.07
.0699
.0699
.0698
.0697
.0697
.0696
.0695
.0695
.0694
.0693
.0692
.0692
.0691
.069
.069
.0689
.0688
.0688
.0687
.0686
.0686
.0685
.0684
.0684
.0683
.0682
.0682
.0681
.068
.068
.0679
.0678
.0678
.0677
.0677
.0676
.0675
.0675
.0674
.0673
.0673
.0672
.0671
.0671
.067
.0669
.0669
.0668
.0668
.0667
.0666
.0666
.0665
.0664
.0664
.0663
.0662
.0662
.0661
.0661
.066
.0659
.0659
.0658
.0657
.0657
.0656
.0656
.0655
.0654
.0654
.0653
.0653
.0652
.0651
.0651
.065
.065
.0649
.0648
.0648
.0647
.0646
.0646
.0645
.0645
.0644
.0643
.0643
.0642
.0642
.0641
.0641
.064
.0639
.0639
.0638
.0638
.0637
.0636
.0636
.0635
.0635
.0634
.0633
.0633
.0632
.0632
.0631
.0631
.063
.0629
.0629
.0628
.0628
.0627
.0627
.0626
.0625
.0625
.0624
.0624
.0623
.0623
.0622
.0622
.0621
.062
.062
.0619
.0619
.0618
.0618
.0617
.0617
.0616
.0615
.0615
.0614
.0614
.0613
.0613
.0612
.0612
.0611
.061
.061
.0609
.0609
.0608
.0608
.0607
.0607
.0606
.0606
.0605
.0605
.0604
.0603
.0603
.0602
.0602
.0601
.0601
.06
.06
.0599
.0599
.0598
.0598
.0597
.0597
.0596
.0596
.0595
.0595
.0594
.0594
.0593
.0592
.0592
.0591
.0591
.059
.059
.0589
.0589
.0588
.0588
.0587
.0587
.0586
.0586
.0585
.0585
.0584
.0584
.0583
.0583
.0582
.0582
.0581
.0581
.058
.058
.0579
.0579
.0578
.0578
.0577
.0577
.0576
.0576
.0575
.0575
.0574
.0574
.0573
.0573
.0573
.0572
.0572
.0571
.0571
.057
.057
.0569
.0569
.0568
.0568
.0567
.0567
.0566
.0566
.0565
.0565
.0564
.0564
.0563
.0563
.0562
.0562
.0562
.0561
.0561
.056
.056
.0559
.0559
.0558
.0558
.0557
.0557
.0556
.0556
.0556
.0555
.0555
.0554
.0554
.0553
.0553
.0552
.0552
.0551
.0551
.0551
.055
.055
.0549
.0549
.0548
.0548
.0547
.0547
.0546
.0546
.0546
.0545
.0545
.0544
.0544
.0543
.0543
.0542
.0542
.0542
.0541
.0541
.054
.054
.0539
.0539
.0539
.0538
.0538
.0537
.0537
.0536
.0536
.0536
.0535
.0535
.0534
.0534
.0533
.0533
.0533
.0532
.0532
.0531
.0531
.053
.053
.053
.0529
.0529
.0528
.0528
.0527
.0527
.0527
.0526
.0526
.0525
.0525
.0525
.0524
.0524
.0523
.0523
.0522
.0522
.0522
.0521
.0521
.052
.052
.052
.0519
.0519
.0518
.0518
.0518
.0517
.0517
.0516
.0516
.0516
.0515
.0515
.0514
.0514
.0514
.0513
.0513
.0512
.0512
.0512
.0511
.0511
.051
.051
.051
.0509
.0509
.0508
.0508
.0508
.0507
.0507
.0506
.0506
.0506
.0505
.0505
.0505
.0504
.0504
.0503
.0503
.0503
.0502
.0502
.0501
.0501
.0501
.05
.05
