.5393
.5403
.5398
.5394
.539
.5386
.5382
.5379
.5376
.5373
.537
.5368
.5366
.5364
.5362
.5361
.5359
.5358
.5356
.5355
.5354
.5353
.5352
.5351
.5351
.535
.5349
.5349
.5348
.5347
.5347
.5346
.5346
.5345
.5345
.5344
.5344
.5344
.5343
.5343
.5342
.5342
.5342
.5341
.5341
.534
.534
.534
.5339
.5339
.5338
.5338
.5338
.5337
.5337
.5337
.5336
.5336
.5335
.5335
.5334
.5334
.5334
.5333
.5333
.5332
.5332
.5331
.5331
.5331
.533
.533
.5329
.5329
.5328
.5328
.5327
.5327
.5326
.5325
.5325
.5324
.5324
.5323
.5323
.5322
.5322
.5321
.532
.532
.5319
.5318
.5318
.5317
.5317
.5316
.5315
.5314
.5314
.5313
.5312
.5312
.5311
.531
.5309
.5309
.5308
.5307
.5306
.5305
.5304
.5304
.5303
.5302
.5301
.53
.5299
.5298
.5297
.5296
.5295
.5294
.5293
.5292
.5291
.529
.5289
.5288
.5287
.5286
.5285
.5283
.5282
.5281
.528
.5279
.5277
.5276
.5275
.5273
.5272
.5271
.5269
.5268
.5266
.5265
.5263
.5262
.526
.5259
.5257
.5256
.5254
.5252
.525
.5249
.5247
.5245
.5243
.5242
.524
.5238
.5236
.5234
.5232
.523
.5228
.5226
.5223
.5221
.5219
.5217
.5214
.5212
.521
.5207
.5205
.5202
.52
.5197
.5195
.5192
.5189
.5186
.5184
.5181
.5178
.5175
.5172
.5169
.5166
.5163
.516
.5156
.5153
.515
.5147
.5143
.514
.5136
.5133
.5129
.5125
.5122
.5118
.5114
.511
.5106
.5102
.5098
.5094
.509
.5086
.5081
.5077
.5073
.5068
.5064
.5059
.5054
.505
.5045
.504
.5035
.503
.5025
.502
.5015
.501
.5005
.5
.4994
.4989
.4983
.4978
.4972
.4967
.4961
.4955
.4949
.4943
.4938
.4932
.4925
.4919
.4913
.4907
.4901
.4894
.4888
.4882
.4875
.4869
.4862
.4855
.4849
.4842
.4835
.4828
.4821
.4814
.4807
.48
.4793
.4786
.4779
.4772
.4764
.4757
.475
.4742
.4735
.4727
.472
.4712
.4705
.4697
.4689
.4682
.4674
.4666
.4658
.465
.4642
.4634
.4626
.4618
.461
.4602
.4594
.4586
.4578
.457
.4562
.4553
.4545
.4537
.4528
.452
.4512
.4503
.4495
.4487
.4478
.447
.4461
.4453
.4444
.4435
.4427
.4418
.441
.4401
.4392
.4384
.4375
.4366
.4358
.4349
.434
.4331
.4323
.4314
.4305
.4296
.4287
.4279
.427
.4261
.4252
.4243
.4234
.4225
.4216
.4207
.4198
.4189
.418
.4172
.4163
.4154
.4145
.4136
.4127
.4117
.4108
.4099
.409
.4081
.4072
.4063
.4054
.4045
.4036
.4027
.4018
.4009
.3999
.399
.3981
.3972
.3963
.3954
.3945
.3935
.3926
.3917
.3908
.3899
.389
.388
.3871
.3862
.3853
.3844
.3835
.3825
.3816
.3807
.3798
.3789
.3779
.377
.3761
.3752
.3743
.3734
.3724
.3715
.3706
.3697
.3688
.3678
.3669
.366
.3651
.3642
.3633
.3623
.3614
.3605
.3596
.3587
.3578
.3568
.3559
.355
.3541
.3532
.3523
.3514
.3505
.3496
.3487
.3477
.3468
.3459
.345
.3441
.3432
.3423
.3414
.3405
.3396
.3387
.3378
.3369
.336
.3351
.3343
.3334
.3325
.3316
.3307
.3298
.3289
.328
.3272
.3263
.3254
.3245
.3236
.3228
.3219
.321
.3202
.3193
.3184
.3176
.3167
.3158
.315
.3141
.3133
.3124
.3115
.3107
.3098
.309
.3081
.3073
.3065
.3056
.3048
.3039
.3031
.3023
.3014
.3006
.2998
.299
.2981
.2973
.2965
.2957
.2949
.294
.2932
.2924
.2916
.2908
.29
.2892
.2884
.2876
.2868
.286
.2852
.2845
.2837
.2829
.2821
.2813
.2806
.2798
.279
.2782
.2775
.2767
.276
.2752
.2744
.2737
.2729
.2722
.2714
.2707
.2699
.2692
.2685
.2677
.267
.2663
.2655
.2648
.2641
.2633
.2626
.2619
.2612
.2605
.2598
.2591
.2583
.2576
.2569
.2562
.2555
.2549
.2542
.2535
.2528
.2521
.2514
.2507
.25
.2494
.2487
.248
.2474
.2467
.246
.2454
.2447
.244
.2434
.2427
.2421
.2414
.2408
.2401
.2395
.2388
.2382
.2376
.2369
.2363
.2357
.235
.2344
.2338
.2332
.2326
.2319
.2313
.2307
.2301
.2295
.2289
.2283
.2277
.2271
.2265
.2259
.2253
.2247
.2241
.2235
.2229
.2224
.2218
.2212
.2206
.22
.2195
.2189
.2183
.2178
.2172
.2166
.2161
.2155
.215
.2144
.2139
.2133
.2128
.2122
.2117
.2111
.2106
.21
.2095
.209
.2084
.2079
.2074
.2068
.2063
.2058
.2053
.2047
.2042
.2037
.2032
.2027
.2022
.2016
.2011
.2006
.2001
.1996
.1991
.1986
.1981
.1976
.1971
.1966
.1961
.1956
.1952
.1947
.1942
.1937
.1932
.1927
.1923
.1918
.1913
.1908
.1904
.1899
.1894
.189
.1885
.188
.1876
.1871
.1867
.1862
.1857
.1853
.1848
.1844
.1839
.1835
.183
.1826
.1821
.1817
.1813
.1808
.1804
.18
.1795
.1791
.1787
.1782
.1778
.1774
.1769
.1765
.1761
.1757
.1753
.1748
.1744
.174
.1736
.1732
.1728
.1724
.1719
.1715
.1711
.1707
.1703
.1699
.1695
.1691
.1687
.1683
.1679
.1675
.1671
.1667
.1664
.166
.1656
.1652
.1648
.1644
.164
.1637
.1633
.1629
.1625
.1621
.1618
.1614
.161
.1607
.1603
.1599
.1595
.1592
.1588
.1584
.1581
.1577
.1574
.157
.1566
.1563
.1559
.1556
.1552
.1549
.1545
.1542
.1538
.1535
.1531
.1528
.1524
.1521
.1517
.1514
.1511
.1507
.1504
.15
.1497
.1494
.149
.1487
.1484
.148
.1477
.1474
.147
.1467
.1464
.1461
.1457
.1454
.1451
.1448
.1445
.1441
.1438
.1435
.1432
.1429
.1426
.1422
.1419
.1416
.1413
.141
.1407
.1404
.1401
.1398
.1395
.1392
.1389
.1386
.1383
.138
.1377
.1374
.1371
.1368
.1365
.1362
.1359
.1356
.1353
.135
.1347
.1344
.1341
.1339
.1336
.1333
.133
.1327
.1324
.1322
.1319
.1316
.1313
.131
.1308
.1305
.1302
.1299
.1296
.1294
.1291
.1288
.1286
.1283
.128
.1277
.1275
.1272
.1269
.1267
.1264
.1261
.1259
.1256
.1254
.1251
.1248
.1246
.1243
.1241
.1238
.1235
.1233
.123
.1228
.1225
.1223
.122
.1218
.1215
.1213
.121
.1208
.1205
.1203
.12
.1198
.1195
.1193
.119
.1188
.1186
.1183
.1181
.1178
.1176
.1174
.1171
.1169
.1166
.1164
.1162
.1159
.1157
.1155
.1152
.115
.1148
.1145
.1143
.1141
.1138
.1136
.1134
.1132
.1129
.1127
.1125
.1123
.112
.1118
.1116
.1114
.1111
.1109
.1107
.1105
.1103
.11
.1098
.1096
.1094
.1092
.109
.1087
.1085
.1083
.1081
.1079
.1077
.1075
.1073
.1071
.1068
.1066
.1064
.1062
.106
.1058
.1056
.1054
.1052
.105
.1048
.1046
.1044
.1042
.104
.1038
.1036
.1034
.1032
.103
.1028
.1026
.1024
.1022
.102
.1018
.1016
.1014
.1012
.101
.1008
.1006
.1004
.1002
.1001
.0999
.0997
.0995
.0993
.0991
.0989
.0987
.0986
.0984
.0982
.098
.0978
.0976
.0974
.0973
.0971
.0969
.0967
.0965
.0964
.0962
.096
.0958
.0956
.0955
.0953
.0951
.0949
.0948
.0946
.0944
.0942
.0941
.0939
.0937
.0935
.0934
.0932
.093
.0929
.0927
.0925
.0923
.0922
.092
.0918
.0917
.0915
.0913
.0912
.091
.0908
.0907
.0905
.0903
.0902
.09
.0899
.0897
.0895
.0894
.0892
.0891
.0889
.0887
.0886
.0884
.0883
.0881
.0879
.0878
.0876
.0875
.0873
.0872
.087
.0869
.0867
.0866
.0864
.0862
.0861
.0859
.0858
.0856
.0855
.0853
.0852
.085
.0849
.0847
.0846
.0844
.0843
.0842
.084
.0839
.0837
.0836
.0834
.0833
.0831
.083
.0829
.0827
.0826
.0824
.0823
.0821
.082
.0819
.0817
.0816
.0814
.0813
.0812
.081
.0809
.0808
.0806
.0805
.0803
.0802
.0801
.0799
.0798
.0797
.0795
.0794
.0793
.0791
.079
.0789
.0787
.0786
.0785
.0783
.0782
.0781
.078
.0778
.0777
.0776
.0774
.0773
.0772
.0771
.0769
.0768
.0767
.0766
.0764
.0763
.0762
.0761
.0759
.0758
.0757
.0756
.0754
.0753
.0752
.0751
.075
.0748
.0747
.0746
.0745
.0743
.0742
.0741
.074
.0739
.0738
.0736
.0735
.0734
.0733
.0732
.0731
.0729
.0728
.0727
.0726
.0725
.0724
.0722
.0721
.072
.0719
.0718
.0717
.0716
.0715
.0713
.0712
.0711
.071
.0709
.0708
.0707
.0706
.0705
.0704
.0702
.0701
.07
.0699
.0698
.0697
.0696
.0695
.0694
.0693
.0692
.0691
.069
.0689
.0688
.0686
.0685
.0684
.0683
.0682
.0681
.068
.0679
.0678
.0677
.0676
.0675
.0674
.0673
.0672
.0671
.067
.0669
.0668
.0667
.0666
.0665
.0664
.0663
.0662
.0661
.066
.0659
.0658
.0657
.0656
.0655
.0654
.0653
.0653
.0652
.0651
.065
.0649
.0648
.0647
.0646
.0645
.0644
.0643
.0642
.0641
.064
.0639
.0638
.0638
.0637
.0636
.0635
.0634
.0633
.0632
.0631
.063
.0629
.0628
.0628
.0627
.0626
.0625
.0624
.0623
.0622
.0621
.0621
.062
.0619
.0618
.0617
.0616
.0615
.0614
.0614
.0613
.0612
.0611
.061
.0609
.0609
.0608
.0607
.0606
.0605
.0604
.0603
.0603
.0602
.0601
.06
.0599
.0599
.0598
.0597
.0596
.0595
.0594
.0594
.0593
.0592
.0591
.059
.059
.0589
.0588
.0587
.0586
.0586
.0585
.0584
.0583
.0583
.0582
.0581
.058
.0579
.0579
.0578
.0577
.0576
.0576
.0575
.0574
.0573
.0573
.0572
.0571
.057
.057
.0569
.0568
.0567
.0567
.0566
.0565
.0564
.0564
.0563
.0562
.0561
.0561
.056
.0559
.0559
.0558
.0557
.0556
.0556
.0555
.0554
.0554
.0553
.0552
.0551
.0551
.055
.0549
.0549
.0548
.0547
.0546
.0546
.0545
.0544
.0544
.0543
.0542
.0542
.0541
.054
.054
.0539
.0538
.0538
.0537
.0536
.0536
.0535
.0534
.0534
.0533
.0532
.0532
.0531
.053
.053
.0529
.0528
.0528
.0527
.0526
.0526
.0525
.0524
.0524
.0523
.0522
.0522
.0521
.0521
.052
.0519
.0519
.0518
.0517
.0517
.0516
.0516
.0515
.0514
.0514
.0513
.0512
.0512
.0511
.0511
.051
.0509
.0509
.0508
.0508
.0507
.0506
.0506
.0505
.0504
.0504
.0503
.0503
.0502
.0502
.0501
.05
.05
