.5614
.5601
.557
.5541
.5513
.5487
.5463
.544
.5418
.5398
.538
.5363
.5348
.5333
.532
.5309
.5298
.5288
.5279
.5271
.5264
.5258
.5252
.5247
.5242
.5238
.5234
.5231
.5228
.5226
.5223
.5221
.5219
.5217
.5216
.5214
.5213
.5212
.5211
.521
.5209
.5208
.5207
.5206
.5206
.5205
.5204
.5204
.5203
.5202
.5202
.5201
.5201
.52
.5199
.5199
.5198
.5198
.5197
.5197
.5196
.5196
.5195
.5194
.5194
.5193
.5193
.5192
.5191
.5191
.519
.519
.5189
.5188
.5188
.5187
.5187
.5186
.5185
.5185
.5184
.5183
.5183
.5182
.5181
.5181
.518
.5179
.5178
.5178
.5177
.5176
.5175
.5175
.5174
.5173
.5172
.5172
.5171
.517
.5169
.5168
.5167
.5167
.5166
.5165
.5164
.5163
.5162
.5161
.516
.516
.5159
.5158
.5157
.5156
.5155
.5154
.5153
.5152
.5151
.515
.5149
.5148
.5147
.5145
.5144
.5143
.5142
.5141
.514
.5139
.5138
.5136
.5135
.5134
.5133
.5131
.513
.5129
.5128
.5126
.5125
.5124
.5122
.5121
.512
.5118
.5117
.5115
.5114
.5112
.5111
.5109
.5108
.5106
.5105
.5103
.5102
.51
.5098
.5097
.5095
.5093
.5092
.509
.5088
.5086
.5085
.5083
.5081
.5079
.5077
.5075
.5073
.5071
.5069
.5067
.5065
.5063
.5061
.5059
.5057
.5055
.5052
.505
.5048
.5046
.5043
.5041
.5039
.5036
.5034
.5032
.5029
.5027
.5024
.5022
.5019
.5016
.5014
.5011
.5008
.5006
.5003
.5
.4997
.4994
.4992
.4989
.4986
.4983
.498
.4977
.4974
.4971
.4967
.4964
.4961
.4958
.4955
.4951
.4948
.4945
.4941
.4938
.4934
.4931
.4927
.4924
.492
.4916
.4913
.4909
.4905
.4901
.4898
.4894
.489
.4886
.4882
.4878
.4874
.487
.4866
.4862
.4857
.4853
.4849
.4845
.484
.4836
.4832
.4827
.4823
.4818
.4814
.4809
.4805
.48
.4795
.4791
.4786
.4781
.4776
.4771
.4767
.4762
.4757
.4752
.4747
.4742
.4737
.4732
.4726
.4721
.4716
.4711
.4706
.47
.4695
.469
.4684
.4679
.4673
.4668
.4663
.4657
.4651
.4646
.464
.4635
.4629
.4623
.4618
.4612
.4606
.46
.4594
.4589
.4583
.4577
.4571
.4565
.4559
.4553
.4547
.4541
.4535
.4529
.4523
.4517
.451
.4504
.4498
.4492
.4486
.4479
.4473
.4467
.446
.4454
.4448
.4441
.4435
.4429
.4422
.4416
.4409
.4403
.4396
.439
.4383
.4377
.437
.4364
.4357
.4351
.4344
.4337
.4331
.4324
.4318
.4311
.4304
.4298
.4291
.4284
.4277
.4271
.4264
.4257
.4251
.4244
.4237
.423
.4223
.4217
.421
.4203
.4196
.4189
.4183
.4176
.4169
.4162
.4155
.4148
.4141
.4134
.4128
.4121
.4114
.4107
.41
.4093
.4086
.4079
.4072
.4065
.4058
.4051
.4044
.4037
.403
.4023
.4016
.4009
.4002
.3995
.3988
.3981
.3974
.3967
.396
.3953
.3946
.3939
.3932
.3925
.3918
.3911
.3904
.3896
.3889
.3882
.3875
.3868
.3861
.3854
.3847
.3839
.3832
.3825
.3818
.3811
.3804
.3796
.3789
.3782
.3775
.3768
.376
.3753
.3746
.3739
.3731
.3724
.3717
.371
.3702
.3695
.3688
.368
.3673
.3666
.3658
.3651
.3644
.3636
.3629
.3622
.3614
.3607
.3599
.3592
.3584
.3577
.357
.3562
.3555
.3547
.354
.3532
.3525
.3517
.351
.3502
.3495
.3487
.3479
.3472
.3464
.3457
.3449
.3442
.3434
.3426
.3419
.3411
.3403
.3396
.3388
.338
.3373
.3365
.3357
.335
.3342
.3334
.3327
.3319
.3311
.3303
.3296
.3288
.328
.3272
.3265
.3257
.3249
.3241
.3234
.3226
.3218
.321
.3203
.3195
.3187
.3179
.3172
.3164
.3156
.3148
.3141
.3133
.3125
.3118
.311
.3102
.3094
.3087
.3079
.3071
.3064
.3056
.3048
.3041
.3033
.3026
.3018
.301
.3003
.2995
.2988
.298
.2973
.2965
.2958
.295
.2943
.2935
.2928
.292
.2913
.2905
.2898
.2891
.2883
.2876
.2869
.2861
.2854
.2847
.284
.2832
.2825
.2818
.2811
.2804
.2797
.279
.2782
.2775
.2768
.2761
.2754
.2747
.274
.2734
.2727
.272
.2713
.2706
.2699
.2692
.2686
.2679
.2672
.2665
.2659
.2652
.2645
.2639
.2632
.2626
.2619
.2613
.2606
.26
.2593
.2587
.258
.2574
.2568
.2561
.2555
.2549
.2542
.2536
.253
.2524
.2517
.2511
.2505
.2499
.2493
.2487
.2481
.2475
.2469
.2463
.2457
.2451
.2445
.2439
.2433
.2427
.2421
.2415
.241
.2404
.2398
.2392
.2387
.2381
.2375
.2369
.2364
.2358
.2353
.2347
.2341
.2336
.233
.2325
.2319
.2314
.2308
.2303
.2298
.2292
.2287
.2282
.2276
.2271
.2266
.226
.2255
.225
.2245
.2239
.2234
.2229
.2224
.2219
.2214
.2209
.2203
.2198
.2193
.2188
.2183
.2178
.2173
.2168
.2163
.2159
.2154
.2149
.2144
.2139
.2134
.2129
.2124
.212
.2115
.211
.2105
.2101
.2096
.2091
.2087
.2082
.2077
.2073
.2068
.2063
.2059
.2054
.205
.2045
.2041
.2036
.2032
.2027
.2023
.2018
.2014
.2009
.2005
.2001
.1996
.1992
.1987
.1983
.1979
.1974
.197
.1966
.1962
.1957
.1953
.1949
.1945
.1941
.1936
.1932
.1928
.1924
.192
.1916
.1912
.1907
.1903
.1899
.1895
.1891
.1887
.1883
.1879
.1875
.1871
.1867
.1863
.1859
.1855
.1852
.1848
.1844
.184
.1836
.1832
.1828
.1825
.1821
.1817
.1813
.1809
.1806
.1802
.1798
.1794
.1791
.1787
.1783
.178
.1776
.1772
.1769
.1765
.1761
.1758
.1754
.1751
.1747
.1743
.174
.1736
.1733
.1729
.1726
.1722
.1719
.1715
.1712
.1708
.1705
.1702
.1698
.1695
.1691
.1688
.1685
.1681
.1678
.1674
.1671
.1668
.1665
.1661
.1658
.1655
.1651
.1648
.1645
.1642
.1638
.1635
.1632
.1629
.1625
.1622
.1619
.1616
.1613
.161
.1607
.1603
.16
.1597
.1594
.1591
.1588
.1585
.1582
.1579
.1576
.1573
.157
.1567
.1564
.1561
.1558
.1555
.1552
.1549
.1546
.1543
.154
.1537
.1534
.1531
.1528
.1525
.1522
.152
.1517
.1514
.1511
.1508
.1505
.1502
.15
.1497
.1494
.1491
.1488
.1486
.1483
.148
.1477
.1475
.1472
.1469
.1467
.1464
.1461
.1458
.1456
.1453
.145
.1448
.1445
.1442
.144
.1437
.1435
.1432
.1429
.1427
.1424
.1422
.1419
.1416
.1414
.1411
.1409
.1406
.1404
.1401
.1399
.1396
.1394
.1391
.1389
.1386
.1384
.1381
.1379
.1376
.1374
.1371
.1369
.1366
.1364
.1362
.1359
.1357
.1354
.1352
.135
.1347
.1345
.1343
.134
.1338
.1336
.1333
.1331
.1329
.1326
.1324
.1322
.1319
.1317
.1315
.1313
.131
.1308
.1306
.1304
.1301
.1299
.1297
.1295
.1292
.129
.1288
.1286
.1284
.1281
.1279
.1277
.1275
.1273
.1271
.1268
.1266
.1264
.1262
.126
.1258
.1256
.1253
.1251
.1249
.1247
.1245
.1243
.1241
.1239
.1237
.1235
.1233
.1231
.1229
.1227
.1225
.1222
.122
.1218
.1216
.1214
.1212
.121
.1208
.1206
.1204
.1203
.1201
.1199
.1197
.1195
.1193
.1191
.1189
.1187
.1185
.1183
.1181
.1179
.1177
.1175
.1174
.1172
.117
.1168
.1166
.1164
.1162
.116
.1159
.1157
.1155
.1153
.1151
.1149
.1148
.1146
.1144
.1142
.114
.1138
.1137
.1135
.1133
.1131
.113
.1128
.1126
.1124
.1122
.1121
.1119
.1117
.1115
.1114
.1112
.111
.1108
.1107
.1105
.1103
.1102
.11
.1098
.1097
.1095
.1093
.1091
.109
.1088
.1086
.1085
.1083
.1081
.108
.1078
.1076
.1075
.1073
.1072
.107
.1068
.1067
.1065
.1063
.1062
.106
.1059
.1057
.1055
.1054
.1052
.1051
.1049
.1048
.1046
.1044
.1043
.1041
.104
.1038
.1037
.1035
.1034
.1032
.103
.1029
.1027
.1026
.1024
.1023
.1021
.102
.1018
.1017
.1015
.1014
.1012
.1011
.1009
.1008
.1006
.1005
.1004
.1002
.1001
.0999
.0998
.0996
.0995
.0993
.0992
.099
.0989
.0988
.0986
.0985
.0983
.0982
.0981
.0979
.0978
.0976
.0975
.0973
.0972
.0971
.0969
.0968
.0967
.0965
.0964
.0962
.0961
.096
.0958
.0957
.0956
.0954
.0953
.0952
.095
.0949
.0948
.0946
.0945
.0944
.0942
.0941
.094
.0938
.0937
.0936
.0934
.0933
.0932
.093
.0929
.0928
.0927
.0925
.0924
.0923
.0921
.092
.0919
.0918
.0916
.0915
.0914
.0913
.0911
.091
.0909
.0908
.0906
.0905
.0904
.0903
.0901
.09
.0899
.0898
.0897
.0895
.0894
.0893
.0892
.089
.0889
.0888
.0887
.0886
.0884
.0883
.0882
.0881
.088
.0879
.0877
.0876
.0875
.0874
.0873
.0871
.087
.0869
.0868
.0867
.0866
.0865
.0863
.0862
.0861
.086
.0859
.0858
.0857
.0855
.0854
.0853
.0852
.0851
.085
.0849
.0848
.0846
.0845
.0844
.0843
.0842
.0841
.084
.0839
.0838
.0837
.0835
.0834
.0833
.0832
.0831
.083
.0829
.0828
.0827
.0826
.0825
.0824
.0823
.0822
.082
.0819
.0818
.0817
.0816
.0815
.0814
.0813
.0812
.0811
.081
.0809
.0808
.0807
.0806
.0805
.0804
.0803
.0802
.0801
.08
.0799
.0798
.0797
.0796
.0795
.0794
.0793
.0792
.0791
.079
.0789
.0788
.0787
.0786
.0785
.0784
.0783
.0782
.0781
.078
.0779
.0778
.0777
.0776
.0775
.0774
.0773
.0772
.0771
.077
.0769
.0768
.0767
.0766
.0765
.0764
.0764
.0763
.0762
.0761
.076
.0759
.0758
.0757
.0756
.0755
.0754
.0753
.0752
.0751
.0751
.075
.0749
.0748
.0747
.0746
.0745
.0744
.0743
.0742
.0741
.0741
.074
.0739
.0738
.0737
.0736
.0735
.0734
.0733
.0733
.0732
.0731
.073
.0729
.0728
.0727
.0726
.0726
.0725
.0724
.0723
.0722
.0721
.072
.0719
.0719
.0718
.0717
.0716
.0715
.0714
.0714
.0713
.0712
.0711
.071
.0709
.0708
.0708
.0707
.0706
.0705
.0704
.0703
.0703
.0702
.0701
.07
.0699
.0699
.0698
.0697
.0696
.0695
.0694
.0694
.0693
.0692
.0691
.069
.069
.0689
.0688
.0687
.0686
.0686
.0685
.0684
.0683
.0682
.0682
.0681
.068
.0679
.0678
.0678
.0677
.0676
.0675
.0675
.0674
.0673
.0672
.0671
.0671
.067
.0669
.0668
.0668
.0667
.0666
.0665
.0665
.0664
.0663
.0662
.0662
.0661
.066
.0659
.0659
.0658
.0657
.0656
.0656
.0655
.0654
.0653
.0653
.0652
.0651
.065
.065
.0649
.0648
.0647
.0647
.0646
.0645
.0645
.0644
.0643
.0642
.0642
.0641
.064
.064
.0639
.0638
.0637
.0637
.0636
.0635
.0635
.0634
.0633
.0632
.0632
.0631
.063
.063
.0629
.0628
.0628
.0627
.0626
.0625
.0625
.0624
.0623
.0623
.0622
.0621
.0621
.062
.0619
.0619
.0618
.0617
.0617
.0616
.0615
.0615
.0614
.0613
.0613
.0612
.0611
.0611
.061
.0609
.0609
.0608
.0607
.0607
.0606
.0605
.0605
.0604
.0603
.0603
.0602
.0601
.0601
.06
.0599
.0599
.0598
.0597
.0597
.0596
.0595
.0595
.0594
.0594
.0593
.0592
.0592
.0591
.059
.059
.0589
.0588
.0588
.0587
.0587
.0586
.0585
.0585
.0584
.0583
.0583
.0582
.0582
.0581
.058
.058
.0579
.0579
.0578
.0577
.0577
.0576
.0575
.0575
.0574
.0574
.0573
.0572
.0572
.0571
.0571
.057
.0569
.0569
.0568
.0568
.0567
.0566
.0566
.0565
.0565
.0564
.0563
.0563
.0562
.0562
.0561
.0561
.056
.0559
.0559
.0558
.0558
.0557
.0556
.0556
.0555
.0555
.0554
.0554
.0553
.0552
.0552
.0551
.0551
.055
.055
.0549
.0548
.0548
.0547
.0547
.0546
.0546
.0545
.0545
.0544
.0543
.0543
.0542
.0542
.0541
.0541
.054
.054
.0539
.0538
.0538
.0537
.0537
.0536
.0536
.0535
.0535
.0534
.0533
.0533
.0532
.0532
.0531
.0531
.053
.053
.0529
.0529
.0528
.0528
.0527
.0527
.0526
.0525
.0525
.0524
.0524
.0523
.0523
.0522
.0522
.0521
.0521
.052
.052
.0519
.0519
.0518
.0518
.0517
.0517
.0516
.0516
.0515
.0515
.0514
.0514
.0513
.0512
.0512
.0511
.0511
.051
.051
.0509
.0509
.0508
.0508
.0507
.0507
.0506
.0506
.0505
.0505
.0504
.0504
.0503
.0503
.0502
.0502
.0501
.0501
.0501
.05
.05
