.6833
.6764
.6676
.6587
.6497
.6405
.6313
.6222
.6131
.6042
.5955
.5871
.5792
.5716
.5646
.5581
.5521
.5467
.542
.5377
.534
.5308
.5281
.5257
.5237
.5221
.5207
.5195
.5185
.5177
.5171
.5166
.5161
.5157
.5154
.5152
.515
.5148
.5147
.5145
.5144
.5143
.5142
.5142
.5141
.514
.514
.5139
.5138
.5138
.5137
.5136
.5136
.5135
.5135
.5134
.5133
.5133
.5132
.5131
.513
.513
.5129
.5128
.5128
.5127
.5126
.5125
.5124
.5124
.5123
.5122
.5121
.512
.5119
.5119
.5118
.5117
.5116
.5115
.5114
.5113
.5112
.5111
.511
.5109
.5108
.5107
.5106
.5105
.5104
.5103
.5102
.5101
.51
.5099
.5098
.5097
.5095
.5094
.5093
.5092
.5091
.509
.5088
.5087
.5086
.5085
.5083
.5082
.5081
.5079
.5078
.5077
.5075
.5074
.5072
.5071
.507
.5068
.5067
.5065
.5064
.5062
.5061
.5059
.5057
.5056
.5054
.5053
.5051
.5049
.5048
.5046
.5044
.5042
.5041
.5039
.5037
.5035
.5034
.5032
.503
.5028
.5026
.5024
.5022
.502
.5018
.5016
.5014
.5012
.501
.5008
.5006
.5004
.5001
.4999
.4997
.4995
.4992
.499
.4988
.4986
.4983
.4981
.4978
.4976
.4974
.4971
.4969
.4966
.4963
.4961
.4958
.4956
.4953
.495
.4948
.4945
.4942
.4939
.4937
.4934
.4931
.4928
.4925
.4922
.4919
.4916
.4913
.491
.4907
.4904
.4901
.4898
.4895
.4892
.4888
.4885
.4882
.4879
.4875
.4872
.4869
.4865
.4862
.4858
.4855
.4851
.4848
.4844
.4841
.4837
.4833
.483
.4826
.4822
.4818
.4815
.4811
.4807
.4803
.4799
.4795
.4791
.4787
.4783
.4779
.4775
.4771
.4767
.4763
.4759
.4755
.4751
.4746
.4742
.4738
.4733
.4729
.4725
.472
.4716
.4712
.4707
.4703
.4698
.4694
.4689
.4684
.468
.4675
.467
.4666
.4661
.4656
.4652
.4647
.4642
.4637
.4632
.4627
.4623
.4618
.4613
.4608
.4603
.4598
.4593
.4588
.4583
.4578
.4572
.4567
.4562
.4557
.4552
.4547
.4541
.4536
.4531
.4525
.452
.4515
.4509
.4504
.4499
.4493
.4488
.4482
.4477
.4471
.4466
.446
.4455
.4449
.4444
.4438
.4433
.4427
.4421
.4416
.441
.4404
.4399
.4393
.4387
.4381
.4376
.437
.4364
.4358
.4353
.4347
.4341
.4335
.4329
.4323
.4317
.4312
.4306
.43
.4294
.4288
.4282
.4276
.427
.4264
.4258
.4252
.4246
.424
.4234
.4228
.4222
.4216
.421
.4204
.4197
.4191
.4185
.4179
.4173
.4167
.4161
.4155
.4148
.4142
.4136
.413
.4124
.4118
.4111
.4105
.4099
.4093
.4087
.408
.4074
.4068
.4062
.4056
.4049
.4043
.4037
.4031
.4024
.4018
.4012
.4006
.3999
.3993
.3987
.3981
.3974
.3968
.3962
.3956
.3949
.3943
.3937
.393
.3924
.3918
.3912
.3905
.3899
.3893
.3887
.388
.3874
.3868
.3862
.3855
.3849
.3843
.3836
.383
.3824
.3818
.3811
.3805
.3799
.3793
.3787
.378
.3774
.3768
.3762
.3755
.3749
.3743
.3737
.3731
.3724
.3718
.3712
.3706
.37
.3693
.3687
.3681
.3675
.3669
.3662
.3656
.365
.3644
.3638
.3632
.3626
.362
.3613
.3607
.3601
.3595
.3589
.3583
.3577
.3571
.3565
.3559
.3553
.3547
.3541
.3534
.3528
.3522
.3516
.351
.3504
.3498
.3492
.3486
.3481
.3475
.3469
.3463
.3457
.3451
.3445
.3439
.3433
.3427
.3421
.3415
.341
.3404
.3398
.3392
.3386
.338
.3374
.3369
.3363
.3357
.3351
.3346
.334
.3334
.3328
.3322
.3317
.3311
.3305
.33
.3294
.3288
.3283
.3277
.3271
.3266
.326
.3254
.3249
.3243
.3237
.3232
.3226
.3221
.3215
.321
.3204
.3198
.3193
.3187
.3182
.3176
.3171
.3165
.316
.3155
.3149
.3144
.3138
.3133
.3127
.3122
.3117
.3111
.3106
.31
.3095
.309
.3084
.3079
.3074
.3069
.3063
.3058
.3053
.3047
.3042
.3037
.3032
.3026
.3021
.3016
.3011
.3006
.3001
.2995
.299
.2985
.298
.2975
.297
.2965
.296
.2954
.2949
.2944
.2939
.2934
.2929
.2924
.2919
.2914
.2909
.2904
.2899
.2894
.2889
.2884
.2879
.2875
.287
.2865
.286
.2855
.285
.2845
.284
.2836
.2831
.2826
.2821
.2816
.2811
.2807
.2802
.2797
.2792
.2788
.2783
.2778
.2773
.2769
.2764
.2759
.2755
.275
.2745
.2741
.2736
.2731
.2727
.2722
.2718
.2713
.2708
.2704
.2699
.2695
.269
.2686
.2681
.2677
.2672
.2668
.2663
.2659
.2654
.265
.2645
.2641
.2636
.2632
.2628
.2623
.2619
.2614
.261
.2606
.2601
.2597
.2593
.2588
.2584
.258
.2575
.2571
.2567
.2563
.2558
.2554
.255
.2546
.2541
.2537
.2533
.2529
.2524
.252
.2516
.2512
.2508
.2504
.2499
.2495
.2491
.2487
.2483
.2479
.2475
.2471
.2467
.2463
.2458
.2454
.245
.2446
.2442
.2438
.2434
.243
.2426
.2422
.2418
.2414
.241
.2406
.2402
.2399
.2395
.2391
.2387
.2383
.2379
.2375
.2371
.2367
.2363
.236
.2356
.2352
.2348
.2344
.234
.2337
.2333
.2329
.2325
.2321
.2318
.2314
.231
.2306
.2303
.2299
.2295
.2291
.2288
.2284
.228
.2277
.2273
.2269
.2266
.2262
.2258
.2255
.2251
.2247
.2244
.224
.2236
.2233
.2229
.2226
.2222
.2218
.2215
.2211
.2208
.2204
.2201
.2197
.2194
.219
.2187
.2183
.218
.2176
.2173
.2169
.2166
.2162
.2159
.2155
.2152
.2148
.2145
.2141
.2138
.2135
.2131
.2128
.2124
.2121
.2118
.2114
.2111
.2108
.2104
.2101
.2097
.2094
.2091
.2087
.2084
.2081
.2078
.2074
.2071
.2068
.2064
.2061
.2058
.2055
.2051
.2048
.2045
.2042
.2038
.2035
.2032
.2029
.2025
.2022
.2019
.2016
.2013
.2009
.2006
.2003
.2
.1997
.1994
.1991
.1987
.1984
.1981
.1978
.1975
.1972
.1969
.1966
.1962
.1959
.1956
.1953
.195
.1947
.1944
.1941
.1938
.1935
.1932
.1929
.1926
.1923
.192
.1917
.1914
.1911
.1908
.1905
.1902
.1899
.1896
.1893
.189
.1887
.1884
.1881
.1878
.1875
.1872
.1869
.1866
.1863
.186
.1857
.1854
.1852
.1849
.1846
.1843
.184
.1837
.1834
.1831
.1829
.1826
.1823
.182
.1817
.1814
.1811
.1809
.1806
.1803
.18
.1797
.1795
.1792
.1789
.1786
.1783
.1781
.1778
.1775
.1772
.1769
.1767
.1764
.1761
.1758
.1756
.1753
.175
.1747
.1745
.1742
.1739
.1737
.1734
.1731
.1728
.1726
.1723
.172
.1718
.1715
.1712
.171
.1707
.1704
.1702
.1699
.1696
.1694
.1691
.1688
.1686
.1683
.168
.1678
.1675
.1673
.167
.1667
.1665
.1662
.166
.1657
.1654
.1652
.1649
.1647
.1644
.1642
.1639
.1636
.1634
.1631
.1629
.1626
.1624
.1621
.1619
.1616
.1613
.1611
.1608
.1606
.1603
.1601
.1598
.1596
.1593
.1591
.1588
.1586
.1583
.1581
.1578
.1576
.1574
.1571
.1569
.1566
.1564
.1561
.1559
.1556
.1554
.1551
.1549
.1547
.1544
.1542
.1539
.1537
.1534
.1532
.153
.1527
.1525
.1522
.152
.1518
.1515
.1513
.151
.1508
.1506
.1503
.1501
.1499
.1496
.1494
.1492
.1489
.1487
.1484
.1482
.148
.1477
.1475
.1473
.147
.1468
.1466
.1463
.1461
.1459
.1457
.1454
.1452
.145
.1447
.1445
.1443
.144
.1438
.1436
.1434
.1431
.1429
.1427
.1425
.1422
.142
.1418
.1415
.1413
.1411
.1409
.1406
.1404
.1402
.14
.1398
.1395
.1393
.1391
.1389
.1386
.1384
.1382
.138
.1378
.1375
.1373
.1371
.1369
.1367
.1364
.1362
.136
.1358
.1356
.1353
.1351
.1349
.1347
.1345
.1343
.134
.1338
.1336
.1334
.1332
.133
.1328
.1325
.1323
.1321
.1319
.1317
.1315
.1313
.1311
.1308
.1306
.1304
.1302
.13
.1298
.1296
.1294
.1292
.1289
.1287
.1285
.1283
.1281
.1279
.1277
.1275
.1273
.1271
.1269
.1267
.1264
.1262
.126
.1258
.1256
.1254
.1252
.125
.1248
.1246
.1244
.1242
.124
.1238
.1236
.1234
.1232
.123
.1228
.1226
.1224
.1222
.122
.1218
.1216
.1214
.1212
.121
.1208
.1206
.1204
.1202
.12
.1198
.1196
.1194
.1192
.119
.1188
.1186
.1184
.1182
.118
.1178
.1176
.1174
.1172
.117
.1168
.1166
.1164
.1162
.116
.1158
.1156
.1155
.1153
.1151
.1149
.1147
.1145
.1143
.1141
.1139
.1137
.1135
.1133
.1131
.1129
.1128
.1126
.1124
.1122
.112
.1118
.1116
.1114
.1112
.111
.1109
.1107
.1105
.1103
.1101
.1099
.1097
.1095
.1094
.1092
.109
.1088
.1086
.1084
.1082
.1081
.1079
.1077
.1075
.1073
.1071
.1069
.1068
.1066
.1064
.1062
.106
.1058
.1056
.1055
.1053
.1051
.1049
.1047
.1046
.1044
.1042
.104
.1038
.1036
.1035
.1033
.1031
.1029
.1027
.1026
.1024
.1022
.102
.1018
.1017
.1015
.1013
.1011
.1009
.1008
.1006
.1004
.1002
.1
.0999
.0997
.0995
.0993
.0992
.099
.0988
.0986
.0985
.0983
.0981
.0979
.0977
.0976
.0974
.0972
.097
.0969
.0967
.0965
.0963
.0962
.096
.0958
.0957
.0955
.0953
.0951
.095
.0948
.0946
.0944
.0943
.0941
.0939
.0938
.0936
.0934
.0932
.0931
.0929
.0927
.0926
.0924
.0922
.092
.0919
.0917
.0915
.0914
.0912
.091
.0909
.0907
.0905
.0903
.0902
.09
.0898
.0897
.0895
.0893
.0892
.089
.0888
.0887
.0885
.0883
.0882
.088
.0878
.0877
.0875
.0873
.0872
.087
.0868
.0867
.0865
.0863
.0862
.086
.0858
.0857
.0855
.0854
.0852
.085
.0849
.0847
.0845
.0844
.0842
.0841
.0839
.0837
.0836
.0834
.0832
.0831
.0829
.0828
.0826
.0824
.0823
.0821
.082
.0818
.0816
.0815
.0813
.0812
.081
.0808
.0807
.0805
.0804
.0802
.08
.0799
.0797
.0796
.0794
.0793
.0791
.0789
.0788
.0786
.0785
.0783
.0782
.078
.0779
.0777
.0775
.0774
.0772
.0771
.0769
.0768
.0766
.0765
.0763
.0762
.076
.0759
.0757
.0755
.0754
.0752
.0751
.0749
.0748
.0746
.0745
.0743
.0742
.074
.0739
.0737
.0736
.0734
.0733
.0731
.073
.0728
.0727
.0725
.0724
.0722
.0721
.072
.0718
.0717
.0715
.0714
.0712
.0711
.0709
.0708
.0706
.0705
.0703
.0702
.0701
.0699
.0698
.0696
.0695
.0693
.0692
.0691
.0689
.0688
.0686
.0685
.0683
.0682
.0681
.0679
.0678
.0676
.0675
.0674
.0672
.0671
.0669
.0668
.0667
.0665
.0664
.0662
.0661
.066
.0658
.0657
.0656
.0654
.0653
.0652
.065
.0649
.0647
.0646
.0645
.0643
.0642
.0641
.0639
.0638
.0637
.0635
.0634
.0633
.0631
.063
.0629
.0627
.0626
.0625
.0624
.0622
.0621
.062
.0618
.0617
.0616
.0614
.0613
.0612
.0611
.0609
.0608
.0607
.0606
.0604
.0603
.0602
.06
.0599
.0598
.0597
.0595
.0594
.0593
.0592
.0591
.0589
.0588
.0587
.0586
.0584
.0583
.0582
.0581
.058
.0578
.0577
.0576
.0575
.0573
.0572
.0571
.057
.0569
.0568
.0566
.0565
.0564
.0563
.0562
.056
.0559
.0558
.0557
.0556
.0555
.0554
.0552
.0551
.055
.0549
.0548
.0547
.0546
.0544
.0543
.0542
.0541
.054
.0539
.0538
.0537
.0535
.0534
.0533
.0532
.0531
.053
.0529
.0528
.0527
.0526
.0525
.0523
.0522
.0521
.052
.0519
.0518
.0517
.0516
.0515
.0514
.0513
.0512
.0511
.051
.0509
.0508
.0507
.0506
.0504
.0503
.0502
.0501
.05
.0499
