.5376
.539
.5389
.5388
.5386
.5385
.5384
.5383
.5382
.538
.5379
.5378
.5377
.5376
.5374
.5373
.5372
.537
.5369
.5368
.5366
.5365
.5363
.5362
.5361
.5359
.5358
.5356
.5355
.5353
.5352
.535
.5348
.5347
.5345
.5344
.5342
.534
.5339
.5337
.5335
.5333
.5332
.533
.5328
.5326
.5324
.5322
.5321
.5319
.5317
.5315
.5313
.5311
.5309
.5307
.5304
.5302
.53
.5298
.5296
.5294
.5291
.5289
.5287
.5285
.5282
.528
.5278
.5275
.5273
.527
.5268
.5265
.5263
.526
.5257
.5255
.5252
.5249
.5247
.5244
.5241
.5238
.5236
.5233
.523
.5227
.5224
.5221
.5218
.5215
.5212
.5208
.5205
.5202
.5199
.5196
.5192
.5189
.5186
.5182
.5179
.5175
.5172
.5168
.5165
.5161
.5157
.5154
.515
.5146
.5143
.5139
.5135
.5131
.5127
.5123
.5119
.5115
.5111
.5107
.5103
.5099
.5094
.509
.5086
.5081
.5077
.5073
.5068
.5064
.5059
.5055
.505
.5046
.5041
.5036
.5031
.5027
.5022
.5017
.5012
.5007
.5002
.4997
.4992
.4987
.4982
.4977
.4972
.4967
.4962
.4956
.4951
.4946
.494
.4935
.4929
.4924
.4919
.4913
.4907
.4902
.4896
.4891
.4885
.4879
.4874
.4868
.4862
.4856
.485
.4844
.4838
.4832
.4827
.4821
.4814
.4808
.4802
.4796
.479
.4784
.4778
.4771
.4765
.4759
.4753
.4746
.474
.4734
.4727
.4721
.4714
.4708
.4701
.4695
.4688
.4682
.4675
.4669
.4662
.4655
.4649
.4642
.4635
.4629
.4622
.4615
.4609
.4602
.4595
.4588
.4581
.4574
.4568
.4561
.4554
.4547
.454
.4533
.4526
.4519
.4512
.4505
.4498
.4491
.4484
.4477
.447
.4463
.4456
.4449
.4442
.4435
.4427
.442
.4413
.4406
.4399
.4392
.4384
.4377
.437
.4363
.4356
.4348
.4341
.4334
.4327
.4319
.4312
.4305
.4298
.429
.4283
.4276
.4268
.4261
.4254
.4247
.4239
.4232
.4225
.4217
.421
.4203
.4195
.4188
.4181
.4173
.4166
.4158
.4151
.4144
.4136
.4129
.4122
.4114
.4107
.41
.4092
.4085
.4078
.407
.4063
.4055
.4048
.4041
.4033
.4026
.4019
.4011
.4004
.3997
.3989
.3982
.3974
.3967
.396
.3952
.3945
.3938
.393
.3923
.3916
.3908
.3901
.3894
.3887
.3879
.3872
.3865
.3857
.385
.3843
.3835
.3828
.3821
.3814
.3806
.3799
.3792
.3785
.3777
.377
.3763
.3756
.3749
.3741
.3734
.3727
.372
.3713
.3706
.3698
.3691
.3684
.3677
.367
.3663
.3656
.3649
.3641
.3634
.3627
.362
.3613
.3606
.3599
.3592
.3585
.3578
.3571
.3564
.3557
.355
.3543
.3536
.3529
.3522
.3515
.3508
.3502
.3495
.3488
.3481
.3474
.3467
.346
.3454
.3447
.344
.3433
.3426
.342
.3413
.3406
.3399
.3393
.3386
.3379
.3373
.3366
.3359
.3353
.3346
.3339
.3333
.3326
.3319
.3313
.3306
.33
.3293
.3287
.328
.3274
.3267
.3261
.3254
.3248
.3241
.3235
.3228
.3222
.3216
.3209
.3203
.3197
.319
.3184
.3178
.3171
.3165
.3159
.3152
.3146
.314
.3134
.3128
.3121
.3115
.3109
.3103
.3097
.3091
.3084
.3078
.3072
.3066
.306
.3054
.3048
.3042
.3036
.303
.3024
.3018
.3012
.3006
.3
.2994
.2988
.2983
.2977
.2971
.2965
.2959
.2953
.2948
.2942
.2936
.293
.2924
.2919
.2913
.2907
.2902
.2896
.289
.2885
.2879
.2873
.2868
.2862
.2856
.2851
.2845
.284
.2834
.2829
.2823
.2818
.2812
.2807
.2801
.2796
.279
.2785
.278
.2774
.2769
.2764
.2758
.2753
.2747
.2742
.2737
.2732
.2726
.2721
.2716
.2711
.2705
.27
.2695
.269
.2685
.2679
.2674
.2669
.2664
.2659
.2654
.2649
.2644
.2639
.2634
.2629
.2624
.2619
.2614
.2609
.2604
.2599
.2594
.2589
.2584
.2579
.2574
.2569
.2565
.256
.2555
.255
.2545
.254
.2536
.2531
.2526
.2521
.2517
.2512
.2507
.2503
.2498
.2493
.2488
.2484
.2479
.2475
.247
.2465
.2461
.2456
.2452
.2447
.2443
.2438
.2434
.2429
.2425
.242
.2416
.2411
.2407
.2402
.2398
.2393
.2389
.2385
.238
.2376
.2371
.2367
.2363
.2358
.2354
.235
.2346
.2341
.2337
.2333
.2329
.2324
.232
.2316
.2312
.2308
.2303
.2299
.2295
.2291
.2287
.2283
.2279
.2274
.227
.2266
.2262
.2258
.2254
.225
.2246
.2242
.2238
.2234
.223
.2226
.2222
.2218
.2214
.221
.2206
.2202
.2199
.2195
.2191
.2187
.2183
.2179
.2175
.2172
.2168
.2164
.216
.2156
.2153
.2149
.2145
.2141
.2138
.2134
.213
.2126
.2123
.2119
.2115
.2112
.2108
.2104
.2101
.2097
.2093
.209
.2086
.2083
.2079
.2075
.2072
.2068
.2065
.2061
.2058
.2054
.2051
.2047
.2044
.204
.2037
.2033
.203
.2026
.2023
.202
.2016
.2013
.2009
.2006
.2002
.1999
.1996
.1992
.1989
.1986
.1982
.1979
.1976
.1972
.1969
.1966
.1963
.1959
.1956
.1953
.1949
.1946
.1943
.194
.1937
.1933
.193
.1927
.1924
.1921
.1917
.1914
.1911
.1908
.1905
.1902
.1899
.1895
.1892
.1889
.1886
.1883
.188
.1877
.1874
.1871
.1868
.1865
.1862
.1859
.1856
.1853
.185
.1847
.1844
.1841
.1838
.1835
.1832
.1829
.1826
.1823
.182
.1817
.1814
.1811
.1809
.1806
.1803
.18
.1797
.1794
.1791
.1789
.1786
.1783
.178
.1777
.1774
.1772
.1769
.1766
.1763
.1761
.1758
.1755
.1752
.1749
.1747
.1744
.1741
.1739
.1736
.1733
.173
.1728
.1725
.1722
.172
.1717
.1714
.1712
.1709
.1706
.1704
.1701
.1699
.1696
.1693
.1691
.1688
.1686
.1683
.168
.1678
.1675
.1673
.167
.1668
.1665
.1662
.166
.1657
.1655
.1652
.165
.1647
.1645
.1642
.164
.1637
.1635
.1633
.163
.1628
.1625
.1623
.162
.1618
.1615
.1613
.1611
.1608
.1606
.1603
.1601
.1599
.1596
.1594
.1591
.1589
.1587
.1584
.1582
.158
.1577
.1575
.1573
.157
.1568
.1566
.1563
.1561
.1559
.1557
.1554
.1552
.155
.1547
.1545
.1543
.1541
.1538
.1536
.1534
.1532
.153
.1527
.1525
.1523
.1521
.1518
.1516
.1514
.1512
.151
.1507
.1505
.1503
.1501
.1499
.1497
.1495
.1492
.149
.1488
.1486
.1484
.1482
.148
.1477
.1475
.1473
.1471
.1469
.1467
.1465
.1463
.1461
.1459
.1457
.1455
.1452
.145
.1448
.1446
.1444
.1442
.144
.1438
.1436
.1434
.1432
.143
.1428
.1426
.1424
.1422
.142
.1418
.1416
.1414
.1412
.141
.1408
.1406
.1404
.1402
.14
.1398
.1396
.1395
.1393
.1391
.1389
.1387
.1385
.1383
.1381
.1379
.1377
.1375
.1373
.1372
.137
.1368
.1366
.1364
.1362
.136
.1358
.1357
.1355
.1353
.1351
.1349
.1347
.1345
.1344
.1342
.134
.1338
.1336
.1334
.1333
.1331
.1329
.1327
.1325
.1324
.1322
.132
.1318
.1316
.1315
.1313
.1311
.1309
.1308
.1306
.1304
.1302
.1301
.1299
.1297
.1295
.1294
.1292
.129
.1288
.1287
.1285
.1283
.1281
.128
.1278
.1276
.1275
.1273
.1271
.1269
.1268
.1266
.1264
.1263
.1261
.1259
.1258
.1256
.1254
.1253
.1251
.1249
.1248
.1246
.1244
.1243
.1241
.1239
.1238
.1236
.1234
.1233
.1231
.1229
.1228
.1226
.1225
.1223
.1221
.122
.1218
.1217
.1215
.1213
.1212
.121
.1209
.1207
.1205
.1204
.1202
.1201
.1199
.1197
.1196
.1194
.1193
.1191
.119
.1188
.1186
.1185
.1183
.1182
.118
.1179
.1177
.1176
.1174
.1172
.1171
.1169
.1168
.1166
.1165
.1163
.1162
.116
.1159
.1157
.1156
.1154
.1153
.1151
.115
.1148
.1147
.1145
.1144
.1142
.1141
.1139
.1138
.1136
.1135
.1133
.1132
.113
.1129
.1127
.1126
.1124
.1123
.1121
.112
.1118
.1117
.1115
.1114
.1112
.1111
.111
.1108
.1107
.1105
.1104
.1102
.1101
.1099
.1098
.1097
.1095
.1094
.1092
.1091
.1089
.1088
.1086
.1085
.1084
.1082
.1081
.1079
.1078
.1077
.1075
.1074
.1072
.1071
.1069
.1068
.1067
.1065
.1064
.1062
.1061
.106
.1058
.1057
.1055
.1054
.1053
.1051
.105
.1049
.1047
.1046
.1044
.1043
.1042
.104
.1039
.1037
.1036
.1035
.1033
.1032
.1031
.1029
.1028
.1027
.1025
.1024
.1022
.1021
.102
.1018
.1017
.1016
.1014
.1013
.1012
.101
.1009
.1008
.1006
.1005
.1004
.1002
.1001
.1
.0998
.0997
.0996
.0994
.0993
.0992
.099
.0989
.0988
.0986
.0985
.0984
.0982
.0981
.098
.0978
.0977
.0976
.0974
.0973
.0972
.0971
.0969
.0968
.0967
.0965
.0964
.0963
.0961
.096
.0959
.0958
.0956
.0955
.0954
.0952
.0951
.095
.0949
.0947
.0946
.0945
.0943
.0942
.0941
.094
.0938
.0937
.0936
.0934
.0933
.0932
.0931
.0929
.0928
.0927
.0926
.0924
.0923
.0922
.0921
.0919
.0918
.0917
.0916
.0914
.0913
.0912
.0911
.0909
.0908
.0907
.0906
.0904
.0903
.0902
.0901
.0899
.0898
.0897
.0896
.0895
.0893
.0892
.0891
.089
.0888
.0887
.0886
.0885
.0884
.0882
.0881
.088
.0879
.0878
.0876
.0875
.0874
.0873
.0872
.087
.0869
.0868
.0867
.0866
.0864
.0863
.0862
.0861
.086
.0859
.0857
.0856
.0855
.0854
.0853
.0852
.085
.0849
.0848
.0847
.0846
.0845
.0843
.0842
.0841
.084
.0839
.0838
.0837
.0835
.0834
.0833
.0832
.0831
.083
.0829
.0828
.0826
.0825
.0824
.0823
.0822
.0821
.082
.0819
.0818
.0816
.0815
.0814
.0813
.0812
.0811
.081
.0809
.0808
.0807
.0805
.0804
.0803
.0802
.0801
.08
.0799
.0798
.0797
.0796
.0795
.0794
.0793
.0792
.0791
.0789
.0788
.0787
.0786
.0785
.0784
.0783
.0782
.0781
.078
.0779
.0778
.0777
.0776
.0775
.0774
.0773
.0772
.0771
.077
.0769
.0768
.0767
.0766
.0765
.0764
.0763
.0762
.0761
.076
.0759
.0758
.0757
.0756
.0755
.0754
.0753
.0752
.0751
.075
.0749
.0748
.0747
.0746
.0745
.0745
.0744
.0743
.0742
.0741
.074
.0739
.0738
.0737
.0736
.0735
.0734
.0733
.0732
.0731
.0731
.073
.0729
.0728
.0727
.0726
.0725
.0724
.0723
.0722
.0722
.0721
.072
.0719
.0718
.0717
.0716
.0715
.0714
.0714
.0713
.0712
.0711
.071
.0709
.0708
.0708
.0707
.0706
.0705
.0704
.0703
.0702
.0702
.0701
.07
.0699
.0698
.0697
.0697
.0696
.0695
.0694
.0693
.0693
.0692
.0691
.069
.0689
.0688
.0688
.0687
.0686
.0685
.0684
.0684
.0683
.0682
.0681
.068
.068
.0679
.0678
.0677
.0677
.0676
.0675
.0674
.0674
.0673
.0672
.0671
.067
.067
.0669
.0668
.0667
.0667
.0666
.0665
.0664
.0664
.0663
.0662
.0661
.0661
.066
.0659
.0659
.0658
.0657
.0656
.0656
.0655
.0654
.0653
.0653
.0652
.0651
.0651
.065
.0649
.0649
.0648
.0647
.0646
.0646
.0645
.0644
.0644
.0643
.0642
.0642
.0641
.064
.064
.0639
.0638
.0637
.0637
.0636
.0635
.0635
.0634
.0633
.0633
.0632
.0631
.0631
.063
.0629
.0629
.0628
.0628
.0627
.0626
.0626
.0625
.0624
.0624
.0623
.0622
.0622
.0621
.062
.062
.0619
.0619
.0618
.0617
.0617
.0616
.0615
.0615
.0614
.0614
.0613
.0612
.0612
.0611
.061
.061
.0609
.0609
.0608
.0607
.0607
.0606
.0606
.0605
.0604
.0604
.0603
.0603
.0602
.0601
.0601
.06
.06
.0599
.0599
.0598
.0597
.0597
.0596
.0596
.0595
.0595
.0594
.0593
.0593
.0592
.0592
.0591
.0591
.059
.0589
.0589
.0588
.0588
.0587
.0587
.0586
.0585
.0585
.0584
.0584
.0583
.0583
.0582
.0582
.0581
.0581
.058
.0579
.0579
.0578
.0578
.0577
.0577
.0576
.0576
.0575
.0575
.0574
.0574
.0573
.0573
.0572
.0571
.0571
.057
.057
.0569
.0569
.0568
.0568
.0567
.0567
.0566
.0566
.0565
.0565
.0564
.0564
.0563
.0563
.0562
.0562
.0561
.0561
.056
.056
.0559
.0559
.0558
.0558
.0557
.0557
.0556
.0556
.0555
.0555
.0554
.0554
.0553
.0553
.0552
.0552
.0551
.0551
.055
.055
.0549
.0549
.0548
.0548
.0547
.0547
.0546
.0546
.0546
.0545
.0545
.0544
.0544
.0543
.0543
.0542
.0542
.0541
.0541
.054
.054
.0539
.0539
.0539
.0538
.0538
.0537
.0537
.0536
.0536
.0535
.0535
.0534
.0534
.0534
.0533
.0533
.0532
.0532
.0531
.0531
.053
.053
.053
.0529
.0529
.0528
.0528
.0527
.0527
.0526
.0526
.0526
.0525
.0525
.0524
.0524
.0523
.0523
.0523
.0522
.0522
.0521
.0521
.052
.052
.052
.0519
.0519
.0518
.0518
.0517
.0517
.0517
.0516
.0516
.0515
.0515
.0514
.0514
.0514
.0513
.0513
.0512
.0512
.0512
.0511
.0511
.051
.051
.051
.0509
.0509
.0508
.0508
.0507
.0507
.0507
.0506
.0506
.0505
.0505
.0505
.0504
.0504
.0503
.0503
.0503
.0502
.0502
.0501
.0501
.0501
.05
.05
