.6378
.6328
.6261
.6194
.6128
.6062
.5997
.5934
.5873
.5813
.5757
.5703
.5651
.5603
.5558
.5516
.5478
.5443
.5411
.5383
.5357
.5334
.5314
.5296
.5281
.5267
.5255
.5245
.5236
.5228
.5222
.5216
.5211
.5207
.5204
.5201
.5199
.5197
.5195
.5193
.5192
.5191
.519
.5189
.5189
.5188
.5188
.5187
.5187
.5187
.5186
.5186
.5186
.5186
.5186
.5185
.5185
.5185
.5185
.5185
.5185
.5184
.5184
.5184
.5184
.5184
.5184
.5184
.5183
.5183
.5183
.5183
.5183
.5183
.5183
.5182
.5182
.5182
.5182
.5182
.5182
.5181
.5181
.5181
.5181
.5181
.5181
.518
.518
.518
.518
.518
.5179
.5179
.5179
.5179
.5179
.5178
.5178
.5178
.5178
.5178
.5177
.5177
.5177
.5177
.5177
.5176
.5176
.5176
.5176
.5175
.5175
.5175
.5175
.5174
.5174
.5174
.5174
.5173
.5173
.5173
.5173
.5172
.5172
.5172
.5172
.5171
.5171
.5171
.5171
.517
.517
.517
.5169
.5169
.5169
.5169
.5168
.5168
.5168
.5167
.5167
.5167
.5166
.5166
.5166
.5165
.5165
.5165
.5164
.5164
.5164
.5163
.5163
.5162
.5162
.5162
.5161
.5161
.5161
.516
.516
.5159
.5159
.5159
.5158
.5158
.5157
.5157
.5156
.5156
.5155
.5155
.5155
.5154
.5154
.5153
.5153
.5152
.5152
.5151
.5151
.515
.5149
.5149
.5148
.5148
.5147
.5147
.5146
.5146
.5145
.5144
.5144
.5143
.5143
.5142
.5141
.5141
.514
.5139
.5139
.5138
.5137
.5136
.5136
.5135
.5134
.5134
.5133
.5132
.5131
.513
.513
.5129
.5128
.5127
.5126
.5125
.5125
.5124
.5123
.5122
.5121
.512
.5119
.5118
.5117
.5116
.5115
.5114
.5113
.5112
.5111
.511
.5109
.5108
.5106
.5105
.5104
.5103
.5102
.5101
.5099
.5098
.5097
.5095
.5094
.5093
.5092
.509
.5089
.5087
.5086
.5084
.5083
.5082
.508
.5078
.5077
.5075
.5074
.5072
.507
.5069
.5067
.5065
.5064
.5062
.506
.5058
.5056
.5055
.5053
.5051
.5049
.5047
.5045
.5043
.5041
.5039
.5037
.5034
.5032
.503
.5028
.5026
.5023
.5021
.5019
.5016
.5014
.5011
.5009
.5006
.5004
.5001
.4999
.4996
.4993
.4991
.4988
.4985
.4982
.4979
.4977
.4974
.4971
.4968
.4965
.4962
.4958
.4955
.4952
.4949
.4946
.4942
.4939
.4936
.4932
.4929
.4925
.4922
.4918
.4915
.4911
.4907
.4903
.49
.4896
.4892
.4888
.4884
.488
.4876
.4872
.4868
.4864
.486
.4855
.4851
.4847
.4843
.4838
.4834
.4829
.4825
.482
.4816
.4811
.4806
.4802
.4797
.4792
.4787
.4782
.4777
.4772
.4767
.4762
.4757
.4752
.4747
.4742
.4736
.4731
.4726
.472
.4715
.471
.4704
.4699
.4693
.4687
.4682
.4676
.467
.4665
.4659
.4653
.4647
.4641
.4635
.4629
.4623
.4617
.4611
.4605
.4599
.4593
.4587
.458
.4574
.4568
.4561
.4555
.4549
.4542
.4536
.4529
.4523
.4516
.451
.4503
.4496
.449
.4483
.4476
.447
.4463
.4456
.4449
.4442
.4435
.4428
.4422
.4415
.4408
.4401
.4394
.4387
.438
.4372
.4365
.4358
.4351
.4344
.4337
.4329
.4322
.4315
.4308
.43
.4293
.4286
.4279
.4271
.4264
.4256
.4249
.4242
.4234
.4227
.4219
.4212
.4204
.4197
.4189
.4182
.4174
.4167
.4159
.4152
.4144
.4136
.4129
.4121
.4114
.4106
.4098
.4091
.4083
.4075
.4068
.406
.4052
.4045
.4037
.4029
.4022
.4014
.4006
.3998
.3991
.3983
.3975
.3968
.396
.3952
.3944
.3937
.3929
.3921
.3913
.3905
.3898
.389
.3882
.3874
.3867
.3859
.3851
.3843
.3835
.3828
.382
.3812
.3804
.3796
.3789
.3781
.3773
.3765
.3758
.375
.3742
.3734
.3726
.3719
.3711
.3703
.3695
.3688
.368
.3672
.3664
.3657
.3649
.3641
.3633
.3626
.3618
.361
.3602
.3595
.3587
.3579
.3571
.3564
.3556
.3548
.3541
.3533
.3525
.3518
.351
.3502
.3495
.3487
.3479
.3472
.3464
.3456
.3449
.3441
.3434
.3426
.3418
.3411
.3403
.3396
.3388
.3381
.3373
.3365
.3358
.335
.3343
.3335
.3328
.332
.3313
.3305
.3298
.3291
.3283
.3276
.3268
.3261
.3253
.3246
.3239
.3231
.3224
.3216
.3209
.3202
.3194
.3187
.318
.3173
.3165
.3158
.3151
.3143
.3136
.3129
.3122
.3115
.3107
.31
.3093
.3086
.3079
.3072
.3064
.3057
.305
.3043
.3036
.3029
.3022
.3015
.3008
.3001
.2994
.2987
.298
.2973
.2966
.2959
.2952
.2945
.2938
.2932
.2925
.2918
.2911
.2904
.2897
.2891
.2884
.2877
.287
.2864
.2857
.285
.2844
.2837
.283
.2824
.2817
.281
.2804
.2797
.2791
.2784
.2778
.2771
.2765
.2758
.2752
.2745
.2739
.2732
.2726
.2719
.2713
.2707
.27
.2694
.2688
.2681
.2675
.2669
.2663
.2656
.265
.2644
.2638
.2632
.2626
.2619
.2613
.2607
.2601
.2595
.2589
.2583
.2577
.2571
.2565
.2559
.2553
.2547
.2541
.2535
.2529
.2524
.2518
.2512
.2506
.25
.2494
.2489
.2483
.2477
.2472
.2466
.246
.2454
.2449
.2443
.2438
.2432
.2426
.2421
.2415
.241
.2404
.2399
.2393
.2388
.2382
.2377
.2371
.2366
.2361
.2355
.235
.2345
.2339
.2334
.2329
.2323
.2318
.2313
.2308
.2302
.2297
.2292
.2287
.2282
.2277
.2272
.2266
.2261
.2256
.2251
.2246
.2241
.2236
.2231
.2226
.2221
.2216
.2211
.2207
.2202
.2197
.2192
.2187
.2182
.2177
.2173
.2168
.2163
.2158
.2154
.2149
.2144
.2139
.2135
.213
.2125
.2121
.2116
.2111
.2107
.2102
.2098
.2093
.2089
.2084
.208
.2075
.2071
.2066
.2062
.2057
.2053
.2048
.2044
.204
.2035
.2031
.2027
.2022
.2018
.2014
.2009
.2005
.2001
.1996
.1992
.1988
.1984
.198
.1975
.1971
.1967
.1963
.1959
.1955
.1951
.1946
.1942
.1938
.1934
.193
.1926
.1922
.1918
.1914
.191
.1906
.1902
.1898
.1894
.189
.1887
.1883
.1879
.1875
.1871
.1867
.1863
.186
.1856
.1852
.1848
.1844
.1841
.1837
.1833
.1829
.1826
.1822
.1818
.1815
.1811
.1807
.1804
.18
.1796
.1793
.1789
.1785
.1782
.1778
.1775
.1771
.1768
.1764
.1761
.1757
.1754
.175
.1747
.1743
.174
.1736
.1733
.1729
.1726
.1723
.1719
.1716
.1712
.1709
.1706
.1702
.1699
.1696
.1692
.1689
.1686
.1683
.1679
.1676
.1673
.1669
.1666
.1663
.166
.1657
.1653
.165
.1647
.1644
.1641
.1638
.1634
.1631
.1628
.1625
.1622
.1619
.1616
.1613
.161
.1607
.1604
.1601
.1598
.1594
.1591
.1588
.1585
.1582
.158
.1577
.1574
.1571
.1568
.1565
.1562
.1559
.1556
.1553
.155
.1547
.1544
.1542
.1539
.1536
.1533
.153
.1527
.1525
.1522
.1519
.1516
.1513
.1511
.1508
.1505
.1502
.15
.1497
.1494
.1491
.1489
.1486
.1483
.1481
.1478
.1475
.1473
.147
.1467
.1465
.1462
.1459
.1457
.1454
.1452
.1449
.1446
.1444
.1441
.1439
.1436
.1434
.1431
.1428
.1426
.1423
.1421
.1418
.1416
.1413
.1411
.1408
.1406
.1404
.1401
.1399
.1396
.1394
.1391
.1389
.1386
.1384
.1382
.1379
.1377
.1374
.1372
.137
.1367
.1365
.1363
.136
.1358
.1356
.1353
.1351
.1349
.1346
.1344
.1342
.1339
.1337
.1335
.1333
.133
.1328
.1326
.1324
.1321
.1319
.1317
.1315
.1312
.131
.1308
.1306
.1304
.1301
.1299
.1297
.1295
.1293
.1291
.1288
.1286
.1284
.1282
.128
.1278
.1276
.1274
.1271
.1269
.1267
.1265
.1263
.1261
.1259
.1257
.1255
.1253
.1251
.1249
.1247
.1245
.1243
.1241
.1239
.1237
.1235
.1233
.1231
.1229
.1227
.1225
.1223
.1221
.1219
.1217
.1215
.1213
.1211
.1209
.1207
.1205
.1203
.1201
.1199
.1197
.1196
.1194
.1192
.119
.1188
.1186
.1184
.1182
.1181
.1179
.1177
.1175
.1173
.1171
.1169
.1168
.1166
.1164
.1162
.116
.1159
.1157
.1155
.1153
.1151
.115
.1148
.1146
.1144
.1143
.1141
.1139
.1137
.1136
.1134
.1132
.113
.1129
.1127
.1125
.1123
.1122
.112
.1118
.1117
.1115
.1113
.1112
.111
.1108
.1106
.1105
.1103
.1101
.11
.1098
.1097
.1095
.1093
.1092
.109
.1088
.1087
.1085
.1083
.1082
.108
.1079
.1077
.1075
.1074
.1072
.1071
.1069
.1068
.1066
.1064
.1063
.1061
.106
.1058
.1057
.1055
.1054
.1052
.105
.1049
.1047
.1046
.1044
.1043
.1041
.104
.1038
.1037
.1035
.1034
.1032
.1031
.1029
.1028
.1026
.1025
.1024
.1022
.1021
.1019
.1018
.1016
.1015
.1013
.1012
.101
.1009
.1008
.1006
.1005
.1003
.1002
.1
.0999
.0998
.0996
.0995
.0993
.0992
.0991
.0989
.0988
.0987
.0985
.0984
.0982
.0981
.098
.0978
.0977
.0976
.0974
.0973
.0972
.097
.0969
.0968
.0966
.0965
.0964
.0962
.0961
.096
.0958
.0957
.0956
.0954
.0953
.0952
.095
.0949
.0948
.0947
.0945
.0944
.0943
.0942
.094
.0939
.0938
.0936
.0935
.0934
.0933
.0931
.093
.0929
.0928
.0926
.0925
.0924
.0923
.0922
.092
.0919
.0918
.0917
.0915
.0914
.0913
.0912
.0911
.0909
.0908
.0907
.0906
.0905
.0903
.0902
.0901
.09
.0899
.0898
.0896
.0895
.0894
.0893
.0892
.0891
.0889
.0888
.0887
.0886
.0885
.0884
.0882
.0881
.088
.0879
.0878
.0877
.0876
.0875
.0873
.0872
.0871
.087
.0869
.0868
.0867
.0866
.0865
.0863
.0862
.0861
.086
.0859
.0858
.0857
.0856
.0855
.0854
.0853
.0852
.085
.0849
.0848
.0847
.0846
.0845
.0844
.0843
.0842
.0841
.084
.0839
.0838
.0837
.0836
.0835
.0834
.0833
.0832
.0831
.083
.0828
.0827
.0826
.0825
.0824
.0823
.0822
.0821
.082
.0819
.0818
.0817
.0816
.0815
.0814
.0813
.0812
.0811
.081
.0809
.0808
.0807
.0807
.0806
.0805
.0804
.0803
.0802
.0801
.08
.0799
.0798
.0797
.0796
.0795
.0794
.0793
.0792
.0791
.079
.0789
.0788
.0787
.0786
.0786
.0785
.0784
.0783
.0782
.0781
.078
.0779
.0778
.0777
.0776
.0775
.0774
.0774
.0773
.0772
.0771
.077
.0769
.0768
.0767
.0766
.0765
.0765
.0764
.0763
.0762
.0761
.076
.0759
.0758
.0757
.0757
.0756
.0755
.0754
.0753
.0752
.0751
.0751
.075
.0749
.0748
.0747
.0746
.0745
.0745
.0744
.0743
.0742
.0741
.074
.0739
.0739
.0738
.0737
.0736
.0735
.0734
.0734
.0733
.0732
.0731
.073
.073
.0729
.0728
.0727
.0726
.0725
.0725
.0724
.0723
.0722
.0721
.0721
.072
.0719
.0718
.0717
.0717
.0716
.0715
.0714
.0713
.0713
.0712
.0711
.071
.071
.0709
.0708
.0707
.0706
.0706
.0705
.0704
.0703
.0703
.0702
.0701
.07
.0699
.0699
.0698
.0697
.0696
.0696
.0695
.0694
.0693
.0693
.0692
.0691
.069
.069
.0689
.0688
.0687
.0687
.0686
.0685
.0685
.0684
.0683
.0682
.0682
.0681
.068
.0679
.0679
.0678
.0677
.0677
.0676
.0675
.0674
.0674
.0673
.0672
.0672
.0671
.067
.0669
.0669
.0668
.0667
.0667
.0666
.0665
.0665
.0664
.0663
.0662
.0662
.0661
.066
.066
.0659
.0658
.0658
.0657
.0656
.0656
.0655
.0654
.0654
.0653
.0652
.0652
.0651
.065
.065
.0649
.0648
.0648
.0647
.0646
.0646
.0645
.0644
.0644
.0643
.0642
.0642
.0641
.064
.064
.0639
.0638
.0638
.0637
.0636
.0636
.0635
.0634
.0634
.0633
.0633
.0632
.0631
.0631
.063
.0629
.0629
.0628
.0627
.0627
.0626
.0626
.0625
.0624
.0624
.0623
.0622
.0622
.0621
.0621
.062
.0619
.0619
.0618
.0618
.0617
.0616
.0616
.0615
.0614
.0614
.0613
.0613
.0612
.0611
.0611
.061
.061
.0609
.0608
.0608
.0607
.0607
.0606
.0606
.0605
.0604
.0604
.0603
.0603
.0602
.0601
.0601
.06
.06
.0599
.0599
.0598
.0597
.0597
.0596
.0596
.0595
.0594
.0594
.0593
.0593
.0592
.0592
.0591
.059
.059
.0589
.0589
.0588
.0588
.0587
.0587
.0586
.0585
.0585
.0584
.0584
.0583
.0583
.0582
.0582
.0581
.058
.058
.0579
.0579
.0578
.0578
.0577
.0577
.0576
.0576
.0575
.0575
.0574
.0573
.0573
.0572
.0572
.0571
.0571
.057
.057
.0569
.0569
.0568
.0568
.0567
.0567
.0566
.0565
.0565
.0564
.0564
.0563
.0563
.0562
.0562
.0561
.0561
.056
.056
.0559
.0559
.0558
.0558
.0557
.0557
.0556
.0556
.0555
.0555
.0554
.0554
.0553
.0553
.0552
.0552
.0551
.0551
.055
.055
.0549
.0549
.0548
.0548
.0547
.0547
.0546
.0546
.0545
.0545
.0544
.0544
.0543
.0543
.0542
.0542
.0541
.0541
.054
.054
.0539
.0539
.0538
.0538
.0537
.0537
.0537
.0536
.0536
.0535
.0535
.0534
.0534
.0533
.0533
.0532
.0532
.0531
.0531
.053
.053
.0529
.0529
.0529
.0528
.0528
.0527
.0527
.0526
.0526
.0525
.0525
.0524
.0524
.0523
.0523
.0523
.0522
.0522
.0521
.0521
.052
.052
.0519
.0519
.0519
.0518
.0518
.0517
.0517
.0516
.0516
.0515
.0515
.0514
.0514
.0514
.0513
.0513
.0512
.0512
.0511
.0511
.0511
.051
.051
.0509
.0509
.0508
.0508
.0508
.0507
.0507
.0506
.0506
.0505
.0505
.0505
.0504
.0504
.0503
.0503
.0502
.0502
.0502
.0501
.0501
.05
.05
