.5462
.5458
.5432
.5409
.5388
.5368
.535
.5335
.532
.5307
.5296
.5286
.5276
.5268
.5261
.5254
.5249
.5244
.5239
.5235
.5231
.5228
.5224
.5222
.5219
.5217
.5214
.5212
.521
.5208
.5206
.5204
.5202
.52
.5199
.5197
.5195
.5193
.5192
.519
.5188
.5186
.5184
.5182
.5181
.5179
.5177
.5175
.5173
.5171
.5169
.5167
.5165
.5163
.5161
.5159
.5156
.5154
.5152
.515
.5148
.5145
.5143
.5141
.5138
.5136
.5133
.5131
.5129
.5126
.5124
.5121
.5118
.5116
.5113
.511
.5108
.5105
.5102
.51
.5097
.5094
.5091
.5088
.5085
.5082
.5079
.5076
.5073
.507
.5067
.5064
.5061
.5057
.5054
.5051
.5048
.5044
.5041
.5038
.5034
.5031
.5027
.5024
.502
.5017
.5013
.5009
.5006
.5002
.4998
.4995
.4991
.4987
.4983
.4979
.4975
.4971
.4967
.4963
.4959
.4955
.4951
.4947
.4943
.4939
.4934
.493
.4926
.4922
.4917
.4913
.4908
.4904
.4899
.4895
.489
.4886
.4881
.4877
.4872
.4867
.4862
.4858
.4853
.4848
.4843
.4838
.4833
.4829
.4824
.4819
.4814
.4809
.4803
.4798
.4793
.4788
.4783
.4778
.4772
.4767
.4762
.4757
.4751
.4746
.4741
.4735
.473
.4724
.4719
.4713
.4708
.4702
.4697
.4691
.4685
.468
.4674
.4668
.4663
.4657
.4651
.4645
.4639
.4634
.4628
.4622
.4616
.461
.4604
.4598
.4592
.4586
.458
.4574
.4568
.4562
.4556
.455
.4544
.4537
.4531
.4525
.4519
.4513
.4506
.45
.4494
.4488
.4481
.4475
.4469
.4462
.4456
.4449
.4443
.4437
.443
.4424
.4417
.4411
.4404
.4398
.4391
.4385
.4378
.4371
.4365
.4358
.4352
.4345
.4338
.4332
.4325
.4318
.4312
.4305
.4298
.4291
.4285
.4278
.4271
.4264
.4257
.4251
.4244
.4237
.423
.4223
.4216
.4209
.4202
.4195
.4189
.4182
.4175
.4168
.4161
.4154
.4147
.414
.4133
.4126
.4119
.4111
.4104
.4097
.409
.4083
.4076
.4069
.4062
.4055
.4048
.404
.4033
.4026
.4019
.4012
.4004
.3997
.399
.3983
.3976
.3968
.3961
.3954
.3947
.3939
.3932
.3925
.3917
.391
.3903
.3896
.3888
.3881
.3874
.3866
.3859
.3852
.3844
.3837
.383
.3822
.3815
.3808
.38
.3793
.3786
.3778
.3771
.3764
.3756
.3749
.3742
.3734
.3727
.3719
.3712
.3705
.3697
.369
.3683
.3675
.3668
.3661
.3653
.3646
.3638
.3631
.3624
.3616
.3609
.3602
.3594
.3587
.358
.3572
.3565
.3558
.3551
.3543
.3536
.3529
.3521
.3514
.3507
.35
.3492
.3485
.3478
.3471
.3463
.3456
.3449
.3442
.3434
.3427
.342
.3413
.3406
.3399
.3391
.3384
.3377
.337
.3363
.3356
.3349
.3341
.3334
.3327
.332
.3313
.3306
.3299
.3292
.3285
.3278
.3271
.3264
.3257
.325
.3243
.3236
.3229
.3222
.3215
.3208
.3201
.3195
.3188
.3181
.3174
.3167
.316
.3154
.3147
.314
.3133
.3126
.312
.3113
.3106
.3099
.3093
.3086
.3079
.3073
.3066
.3059
.3053
.3046
.3039
.3033
.3026
.302
.3013
.3006
.3
.2993
.2987
.298
.2974
.2967
.2961
.2954
.2948
.2942
.2935
.2929
.2922
.2916
.291
.2903
.2897
.2891
.2884
.2878
.2872
.2866
.2859
.2853
.2847
.2841
.2834
.2828
.2822
.2816
.281
.2804
.2798
.2792
.2785
.2779
.2773
.2767
.2761
.2755
.2749
.2743
.2737
.2731
.2725
.2719
.2714
.2708
.2702
.2696
.269
.2684
.2678
.2673
.2667
.2661
.2655
.2649
.2644
.2638
.2632
.2627
.2621
.2615
.261
.2604
.2598
.2593
.2587
.2582
.2576
.257
.2565
.2559
.2554
.2548
.2543
.2537
.2532
.2527
.2521
.2516
.251
.2505
.25
.2494
.2489
.2484
.2478
.2473
.2468
.2462
.2457
.2452
.2447
.2442
.2436
.2431
.2426
.2421
.2416
.2411
.2406
.24
.2395
.239
.2385
.238
.2375
.237
.2365
.236
.2355
.235
.2345
.2341
.2336
.2331
.2326
.2321
.2316
.2311
.2306
.2302
.2297
.2292
.2287
.2283
.2278
.2273
.2268
.2264
.2259
.2254
.225
.2245
.224
.2236
.2231
.2227
.2222
.2217
.2213
.2208
.2204
.2199
.2195
.219
.2186
.2181
.2177
.2173
.2168
.2164
.2159
.2155
.2151
.2146
.2142
.2138
.2133
.2129
.2125
.212
.2116
.2112
.2108
.2103
.2099
.2095
.2091
.2087
.2082
.2078
.2074
.207
.2066
.2062
.2058
.2053
.2049
.2045
.2041
.2037
.2033
.2029
.2025
.2021
.2017
.2013
.2009
.2005
.2001
.1997
.1994
.199
.1986
.1982
.1978
.1974
.197
.1966
.1963
.1959
.1955
.1951
.1947
.1944
.194
.1936
.1932
.1929
.1925
.1921
.1918
.1914
.191
.1907
.1903
.1899
.1896
.1892
.1888
.1885
.1881
.1878
.1874
.187
.1867
.1863
.186
.1856
.1853
.1849
.1846
.1842
.1839
.1835
.1832
.1829
.1825
.1822
.1818
.1815
.1811
.1808
.1805
.1801
.1798
.1795
.1791
.1788
.1785
.1781
.1778
.1775
.1772
.1768
.1765
.1762
.1758
.1755
.1752
.1749
.1746
.1742
.1739
.1736
.1733
.173
.1727
.1723
.172
.1717
.1714
.1711
.1708
.1705
.1702
.1699
.1696
.1692
.1689
.1686
.1683
.168
.1677
.1674
.1671
.1668
.1665
.1662
.1659
.1656
.1653
.1651
.1648
.1645
.1642
.1639
.1636
.1633
.163
.1627
.1624
.1622
.1619
.1616
.1613
.161
.1607
.1605
.1602
.1599
.1596
.1593
.1591
.1588
.1585
.1582
.158
.1577
.1574
.1571
.1569
.1566
.1563
.1561
.1558
.1555
.1553
.155
.1547
.1545
.1542
.1539
.1537
.1534
.1531
.1529
.1526
.1524
.1521
.1518
.1516
.1513
.1511
.1508
.1506
.1503
.1501
.1498
.1496
.1493
.1491
.1488
.1486
.1483
.1481
.1478
.1476
.1473
.1471
.1468
.1466
.1463
.1461
.1459
.1456
.1454
.1451
.1449
.1447
.1444
.1442
.1439
.1437
.1435
.1432
.143
.1428
.1425
.1423
.1421
.1418
.1416
.1414
.1411
.1409
.1407
.1405
.1402
.14
.1398
.1396
.1393
.1391
.1389
.1387
.1384
.1382
.138
.1378
.1376
.1373
.1371
.1369
.1367
.1365
.1362
.136
.1358
.1356
.1354
.1352
.135
.1347
.1345
.1343
.1341
.1339
.1337
.1335
.1333
.1331
.1328
.1326
.1324
.1322
.132
.1318
.1316
.1314
.1312
.131
.1308
.1306
.1304
.1302
.13
.1298
.1296
.1294
.1292
.129
.1288
.1286
.1284
.1282
.128
.1278
.1276
.1274
.1272
.127
.1268
.1266
.1264
.1263
.1261
.1259
.1257
.1255
.1253
.1251
.1249
.1247
.1245
.1244
.1242
.124
.1238
.1236
.1234
.1232
.1231
.1229
.1227
.1225
.1223
.1221
.122
.1218
.1216
.1214
.1212
.1211
.1209
.1207
.1205
.1204
.1202
.12
.1198
.1196
.1195
.1193
.1191
.119
.1188
.1186
.1184
.1183
.1181
.1179
.1177
.1176
.1174
.1172
.1171
.1169
.1167
.1166
.1164
.1162
.1161
.1159
.1157
.1156
.1154
.1152
.1151
.1149
.1147
.1146
.1144
.1142
.1141
.1139
.1138
.1136
.1134
.1133
.1131
.1129
.1128
.1126
.1125
.1123
.1122
.112
.1118
.1117
.1115
.1114
.1112
.1111
.1109
.1107
.1106
.1104
.1103
.1101
.11
.1098
.1097
.1095
.1094
.1092
.1091
.1089
.1088
.1086
.1085
.1083
.1082
.108
.1079
.1077
.1076
.1074
.1073
.1071
.107
.1068
.1067
.1066
.1064
.1063
.1061
.106
.1058
.1057
.1055
.1054
.1053
.1051
.105
.1048
.1047
.1046
.1044
.1043
.1041
.104
.1039
.1037
.1036
.1034
.1033
.1032
.103
.1029
.1028
.1026
.1025
.1023
.1022
.1021
.1019
.1018
.1017
.1015
.1014
.1013
.1011
.101
.1009
.1007
.1006
.1005
.1003
.1002
.1001
.0999
.0998
.0997
.0996
.0994
.0993
.0992
.099
.0989
.0988
.0987
.0985
.0984
.0983
.0981
.098
.0979
.0978
.0976
.0975
.0974
.0973
.0971
.097
.0969
.0968
.0966
.0965
.0964
.0963
.0962
.096
.0959
.0958
.0957
.0955
.0954
.0953
.0952
.0951
.0949
.0948
.0947
.0946
.0945
.0943
.0942
.0941
.094
.0939
.0938
.0936
.0935
.0934
.0933
.0932
.0931
.0929
.0928
.0927
.0926
.0925
.0924
.0922
.0921
.092
.0919
.0918
.0917
.0916
.0915
.0913
.0912
.0911
.091
.0909
.0908
.0907
.0906
.0904
.0903
.0902
.0901
.09
.0899
.0898
.0897
.0896
.0895
.0894
.0892
.0891
.089
.0889
.0888
.0887
.0886
.0885
.0884
.0883
.0882
.0881
.088
.0879
.0877
.0876
.0875
.0874
.0873
.0872
.0871
.087
.0869
.0868
.0867
.0866
.0865
.0864
.0863
.0862
.0861
.086
.0859
.0858
.0857
.0856
.0855
.0854
.0853
.0852
.0851
.085
.0849
.0848
.0847
.0846
.0845
.0844
.0843
.0842
.0841
.084
.0839
.0838
.0837
.0836
.0835
.0834
.0833
.0832
.0831
.083
.0829
.0828
.0827
.0826
.0825
.0824
.0824
.0823
.0822
.0821
.082
.0819
.0818
.0817
.0816
.0815
.0814
.0813
.0812
.0811
.081
.081
.0809
.0808
.0807
.0806
.0805
.0804
.0803
.0802
.0801
.08
.0799
.0799
.0798
.0797
.0796
.0795
.0794
.0793
.0792
.0791
.0791
.079
.0789
.0788
.0787
.0786
.0785
.0784
.0783
.0783
.0782
.0781
.078
.0779
.0778
.0777
.0777
.0776
.0775
.0774
.0773
.0772
.0771
.0771
.077
.0769
.0768
.0767
.0766
.0765
.0765
.0764
.0763
.0762
.0761
.076
.076
.0759
.0758
.0757
.0756
.0755
.0755
.0754
.0753
.0752
.0751
.0751
.075
.0749
.0748
.0747
.0747
.0746
.0745
.0744
.0743
.0743
.0742
.0741
.074
.0739
.0739
.0738
.0737
.0736
.0735
.0735
.0734
.0733
.0732
.0731
.0731
.073
.0729
.0728
.0728
.0727
.0726
.0725
.0724
.0724
.0723
.0722
.0721
.0721
.072
.0719
.0718
.0718
.0717
.0716
.0715
.0715
.0714
.0713
.0712
.0712
.0711
.071
.0709
.0709
.0708
.0707
.0706
.0706
.0705
.0704
.0703
.0703
.0702
.0701
.0701
.07
.0699
.0698
.0698
.0697
.0696
.0695
.0695
.0694
.0693
.0693
.0692
.0691
.069
.069
.0689
.0688
.0688
.0687
.0686
.0686
.0685
.0684
.0683
.0683
.0682
.0681
.0681
.068
.0679
.0679
.0678
.0677
.0676
.0676
.0675
.0674
.0674
.0673
.0672
.0672
.0671
.067
.067
.0669
.0668
.0668
.0667
.0666
.0666
.0665
.0664
.0664
.0663
.0662
.0662
.0661
.066
.066
.0659
.0658
.0658
.0657
.0656
.0656
.0655
.0654
.0654
.0653
.0652
.0652
.0651
.065
.065
.0649
.0649
.0648
.0647
.0647
.0646
.0645
.0645
.0644
.0643
.0643
.0642
.0642
.0641
.064
.064
.0639
.0638
.0638
.0637
.0636
.0636
.0635
.0635
.0634
.0633
.0633
.0632
.0632
.0631
.063
.063
.0629
.0628
.0628
.0627
.0627
.0626
.0625
.0625
.0624
.0624
.0623
.0622
.0622
.0621
.0621
.062
.0619
.0619
.0618
.0618
.0617
.0616
.0616
.0615
.0615
.0614
.0613
.0613
.0612
.0612
.0611
.0611
.061
.0609
.0609
.0608
.0608
.0607
.0606
.0606
.0605
.0605
.0604
.0604
.0603
.0602
.0602
.0601
.0601
.06
.06
.0599
.0598
.0598
.0597
.0597
.0596
.0596
.0595
.0594
.0594
.0593
.0593
.0592
.0592
.0591
.0591
.059
.0589
.0589
.0588
.0588
.0587
.0587
.0586
.0586
.0585
.0585
.0584
.0583
.0583
.0582
.0582
.0581
.0581
.058
.058
.0579
.0579
.0578
.0577
.0577
.0576
.0576
.0575
.0575
.0574
.0574
.0573
.0573
.0572
.0572
.0571
.0571
.057
.057
.0569
.0568
.0568
.0567
.0567
.0566
.0566
.0565
.0565
.0564
.0564
.0563
.0563
.0562
.0562
.0561
.0561
.056
.056
.0559
.0559
.0558
.0558
.0557
.0557
.0556
.0556
.0555
.0555
.0554
.0554
.0553
.0553
.0552
.0552
.0551
.0551
.055
.055
.0549
.0549
.0548
.0548
.0547
.0547
.0546
.0546
.0545
.0545
.0544
.0544
.0543
.0543
.0542
.0542
.0541
.0541
.054
.054
.0539
.0539
.0538
.0538
.0537
.0537
.0536
.0536
.0535
.0535
.0534
.0534
.0534
.0533
.0533
.0532
.0532
.0531
.0531
.053
.053
.0529
.0529
.0528
.0528
.0527
.0527
.0526
.0526
.0526
.0525
.0525
.0524
.0524
.0523
.0523
.0522
.0522
.0521
.0521
.052
.052
.052
.0519
.0519
.0518
.0518
.0517
.0517
.0516
.0516
.0515
.0515
.0515
.0514
.0514
.0513
.0513
.0512
.0512
.0511
.0511
.0511
.051
.051
.0509
.0509
.0508
.0508
.0507
.0507
.0507
.0506
.0506
.0505
.0505
.0504
.0504
.0503
.0503
.0503
.0502
.0502
.0501
.0501
.05
.05
.05
