.6238
.6195
.6136
.6078
.602
.5964
.5908
.5855
.5803
.5753
.5705
.5659
.5616
.5576
.5538
.5503
.547
.544
.5413
.5388
.5366
.5346
.5328
.5312
.5298
.5286
.5275
.5265
.5257
.5249
.5243
.5237
.5233
.5229
.5225
.5222
.5219
.5217
.5215
.5213
.5212
.5211
.521
.5209
.5208
.5207
.5207
.5206
.5205
.5205
.5205
.5204
.5204
.5203
.5203
.5203
.5202
.5202
.5202
.5202
.5201
.5201
.5201
.52
.52
.52
.52
.5199
.5199
.5199
.5198
.5198
.5198
.5198
.5197
.5197
.5197
.5196
.5196
.5196
.5195
.5195
.5195
.5194
.5194
.5194
.5193
.5193
.5192
.5192
.5192
.5191
.5191
.519
.519
.519
.5189
.5189
.5188
.5188
.5188
.5187
.5187
.5186
.5186
.5185
.5185
.5184
.5184
.5184
.5183
.5183
.5182
.5182
.5181
.5181
.518
.518
.5179
.5178
.5178
.5177
.5177
.5176
.5176
.5175
.5174
.5174
.5173
.5173
.5172
.5171
.5171
.517
.5169
.5169
.5168
.5167
.5167
.5166
.5165
.5165
.5164
.5163
.5162
.5162
.5161
.516
.5159
.5159
.5158
.5157
.5156
.5155
.5154
.5153
.5153
.5152
.5151
.515
.5149
.5148
.5147
.5146
.5145
.5144
.5143
.5142
.5141
.514
.5139
.5137
.5136
.5135
.5134
.5133
.5132
.513
.5129
.5128
.5127
.5125
.5124
.5123
.5121
.512
.5119
.5117
.5116
.5114
.5113
.5111
.511
.5108
.5107
.5105
.5103
.5102
.51
.5098
.5097
.5095
.5093
.5091
.5089
.5087
.5086
.5084
.5082
.508
.5078
.5076
.5074
.5071
.5069
.5067
.5065
.5063
.506
.5058
.5056
.5053
.5051
.5048
.5046
.5043
.5041
.5038
.5036
.5033
.503
.5027
.5025
.5022
.5019
.5016
.5013
.501
.5007
.5004
.5001
.4997
.4994
.4991
.4988
.4984
.4981
.4977
.4974
.497
.4967
.4963
.4959
.4956
.4952
.4948
.4944
.494
.4936
.4932
.4928
.4924
.492
.4916
.4911
.4907
.4903
.4898
.4894
.4889
.4885
.488
.4875
.487
.4866
.4861
.4856
.4851
.4846
.4841
.4836
.4831
.4825
.482
.4815
.4809
.4804
.4798
.4793
.4787
.4782
.4776
.477
.4764
.4759
.4753
.4747
.4741
.4735
.4728
.4722
.4716
.471
.4704
.4697
.4691
.4684
.4678
.4671
.4665
.4658
.4651
.4645
.4638
.4631
.4624
.4617
.461
.4603
.4596
.4589
.4582
.4575
.4568
.456
.4553
.4546
.4538
.4531
.4523
.4516
.4508
.4501
.4493
.4486
.4478
.447
.4462
.4455
.4447
.4439
.4431
.4423
.4415
.4407
.4399
.4391
.4383
.4375
.4367
.4359
.4351
.4342
.4334
.4326
.4318
.4309
.4301
.4293
.4284
.4276
.4268
.4259
.4251
.4242
.4234
.4225
.4217
.4208
.42
.4191
.4182
.4174
.4165
.4157
.4148
.4139
.4131
.4122
.4113
.4105
.4096
.4087
.4078
.407
.4061
.4052
.4043
.4035
.4026
.4017
.4008
.3999
.3991
.3982
.3973
.3964
.3955
.3946
.3938
.3929
.392
.3911
.3902
.3893
.3884
.3876
.3867
.3858
.3849
.384
.3831
.3822
.3814
.3805
.3796
.3787
.3778
.3769
.3761
.3752
.3743
.3734
.3725
.3716
.3708
.3699
.369
.3681
.3672
.3664
.3655
.3646
.3637
.3629
.362
.3611
.3602
.3594
.3585
.3576
.3568
.3559
.355
.3542
.3533
.3524
.3516
.3507
.3498
.349
.3481
.3473
.3464
.3456
.3447
.3439
.343
.3422
.3413
.3405
.3396
.3388
.3379
.3371
.3362
.3354
.3346
.3337
.3329
.3321
.3312
.3304
.3296
.3287
.3279
.3271
.3263
.3254
.3246
.3238
.323
.3222
.3214
.3205
.3197
.3189
.3181
.3173
.3165
.3157
.3149
.3141
.3133
.3125
.3117
.3109
.3101
.3094
.3086
.3078
.307
.3062
.3054
.3047
.3039
.3031
.3024
.3016
.3008
.3001
.2993
.2985
.2978
.297
.2963
.2955
.2947
.294
.2933
.2925
.2918
.291
.2903
.2895
.2888
.2881
.2873
.2866
.2859
.2852
.2844
.2837
.283
.2823
.2816
.2808
.2801
.2794
.2787
.278
.2773
.2766
.2759
.2752
.2745
.2738
.2731
.2724
.2717
.2711
.2704
.2697
.269
.2683
.2677
.267
.2663
.2656
.265
.2643
.2636
.263
.2623
.2617
.261
.2604
.2597
.2591
.2584
.2578
.2571
.2565
.2558
.2552
.2546
.2539
.2533
.2527
.252
.2514
.2508
.2502
.2496
.2489
.2483
.2477
.2471
.2465
.2459
.2453
.2447
.2441
.2435
.2429
.2423
.2417
.2411
.2405
.2399
.2393
.2387
.2382
.2376
.237
.2364
.2359
.2353
.2347
.2341
.2336
.233
.2324
.2319
.2313
.2308
.2302
.2297
.2291
.2285
.228
.2275
.2269
.2264
.2258
.2253
.2247
.2242
.2237
.2231
.2226
.2221
.2216
.221
.2205
.22
.2195
.2189
.2184
.2179
.2174
.2169
.2164
.2159
.2154
.2149
.2144
.2138
.2133
.2129
.2124
.2119
.2114
.2109
.2104
.2099
.2094
.2089
.2084
.208
.2075
.207
.2065
.206
.2056
.2051
.2046
.2042
.2037
.2032
.2028
.2023
.2018
.2014
.2009
.2005
.2
.1996
.1991
.1986
.1982
.1978
.1973
.1969
.1964
.196
.1955
.1951
.1947
.1942
.1938
.1934
.1929
.1925
.1921
.1916
.1912
.1908
.1904
.1899
.1895
.1891
.1887
.1883
.1878
.1874
.187
.1866
.1862
.1858
.1854
.185
.1846
.1842
.1838
.1834
.183
.1826
.1822
.1818
.1814
.181
.1806
.1802
.1798
.1794
.179
.1787
.1783
.1779
.1775
.1771
.1768
.1764
.176
.1756
.1753
.1749
.1745
.1741
.1738
.1734
.173
.1727
.1723
.1719
.1716
.1712
.1709
.1705
.1701
.1698
.1694
.1691
.1687
.1684
.168
.1677
.1673
.167
.1666
.1663
.1659
.1656
.1653
.1649
.1646
.1642
.1639
.1636
.1632
.1629
.1626
.1622
.1619
.1616
.1612
.1609
.1606
.1603
.1599
.1596
.1593
.159
.1586
.1583
.158
.1577
.1574
.1571
.1567
.1564
.1561
.1558
.1555
.1552
.1549
.1546
.1543
.1539
.1536
.1533
.153
.1527
.1524
.1521
.1518
.1515
.1512
.1509
.1506
.1503
.1501
.1498
.1495
.1492
.1489
.1486
.1483
.148
.1477
.1474
.1472
.1469
.1466
.1463
.146
.1457
.1455
.1452
.1449
.1446
.1444
.1441
.1438
.1435
.1433
.143
.1427
.1424
.1422
.1419
.1416
.1414
.1411
.1408
.1406
.1403
.14
.1398
.1395
.1392
.139
.1387
.1385
.1382
.138
.1377
.1374
.1372
.1369
.1367
.1364
.1362
.1359
.1357
.1354
.1352
.1349
.1347
.1344
.1342
.1339
.1337
.1334
.1332
.133
.1327
.1325
.1322
.132
.1318
.1315
.1313
.131
.1308
.1306
.1303
.1301
.1299
.1296
.1294
.1292
.1289
.1287
.1285
.1282
.128
.1278
.1276
.1273
.1271
.1269
.1267
.1264
.1262
.126
.1258
.1255
.1253
.1251
.1249
.1247
.1244
.1242
.124
.1238
.1236
.1234
.1232
.1229
.1227
.1225
.1223
.1221
.1219
.1217
.1215
.1212
.121
.1208
.1206
.1204
.1202
.12
.1198
.1196
.1194
.1192
.119
.1188
.1186
.1184
.1182
.118
.1178
.1176
.1174
.1172
.117
.1168
.1166
.1164
.1162
.116
.1158
.1156
.1154
.1152
.115
.1148
.1147
.1145
.1143
.1141
.1139
.1137
.1135
.1133
.1131
.113
.1128
.1126
.1124
.1122
.112
.1118
.1117
.1115
.1113
.1111
.1109
.1108
.1106
.1104
.1102
.11
.1099
.1097
.1095
.1093
.1091
.109
.1088
.1086
.1084
.1083
.1081
.1079
.1078
.1076
.1074
.1072
.1071
.1069
.1067
.1066
.1064
.1062
.106
.1059
.1057
.1055
.1054
.1052
.105
.1049
.1047
.1046
.1044
.1042
.1041
.1039
.1037
.1036
.1034
.1033
.1031
.1029
.1028
.1026
.1025
.1023
.1021
.102
.1018
.1017
.1015
.1014
.1012
.101
.1009
.1007
.1006
.1004
.1003
.1001
.1
.0998
.0997
.0995
.0994
.0992
.0991
.0989
.0988
.0986
.0985
.0983
.0982
.098
.0979
.0977
.0976
.0974
.0973
.0971
.097
.0968
.0967
.0966
.0964
.0963
.0961
.096
.0958
.0957
.0956
.0954
.0953
.0951
.095
.0948
.0947
.0946
.0944
.0943
.0942
.094
.0939
.0937
.0936
.0935
.0933
.0932
.0931
.0929
.0928
.0927
.0925
.0924
.0922
.0921
.092
.0918
.0917
.0916
.0915
.0913
.0912
.0911
.0909
.0908
.0907
.0905
.0904
.0903
.0901
.09
.0899
.0898
.0896
.0895
.0894
.0893
.0891
.089
.0889
.0888
.0886
.0885
.0884
.0883
.0881
.088
.0879
.0878
.0876
.0875
.0874
.0873
.0871
.087
.0869
.0868
.0867
.0865
.0864
.0863
.0862
.0861
.0859
.0858
.0857
.0856
.0855
.0853
.0852
.0851
.085
.0849
.0848
.0846
.0845
.0844
.0843
.0842
.0841
.084
.0838
.0837
.0836
.0835
.0834
.0833
.0832
.083
.0829
.0828
.0827
.0826
.0825
.0824
.0823
.0822
.082
.0819
.0818
.0817
.0816
.0815
.0814
.0813
.0812
.0811
.081
.0808
.0807
.0806
.0805
.0804
.0803
.0802
.0801
.08
.0799
.0798
.0797
.0796
.0795
.0794
.0793
.0792
.0791
.0789
.0788
.0787
.0786
.0785
.0784
.0783
.0782
.0781
.078
.0779
.0778
.0777
.0776
.0775
.0774
.0773
.0772
.0771
.077
.0769
.0768
.0767
.0766
.0765
.0764
.0763
.0762
.0761
.076
.0759
.0758
.0757
.0756
.0756
.0755
.0754
.0753
.0752
.0751
.075
.0749
.0748
.0747
.0746
.0745
.0744
.0743
.0742
.0741
.074
.0739
.0739
.0738
.0737
.0736
.0735
.0734
.0733
.0732
.0731
.073
.0729
.0728
.0728
.0727
.0726
.0725
.0724
.0723
.0722
.0721
.072
.0719
.0719
.0718
.0717
.0716
.0715
.0714
.0713
.0712
.0711
.0711
.071
.0709
.0708
.0707
.0706
.0705
.0705
.0704
.0703
.0702
.0701
.07
.0699
.0699
.0698
.0697
.0696
.0695
.0694
.0694
.0693
.0692
.0691
.069
.0689
.0689
.0688
.0687
.0686
.0685
.0684
.0684
.0683
.0682
.0681
.068
.0679
.0679
.0678
.0677
.0676
.0675
.0675
.0674
.0673
.0672
.0671
.0671
.067
.0669
.0668
.0667
.0667
.0666
.0665
.0664
.0664
.0663
.0662
.0661
.066
.066
.0659
.0658
.0657
.0657
.0656
.0655
.0654
.0654
.0653
.0652
.0651
.0651
.065
.0649
.0648
.0647
.0647
.0646
.0645
.0644
.0644
.0643
.0642
.0642
.0641
.064
.0639
.0639
.0638
.0637
.0636
.0636
.0635
.0634
.0633
.0633
.0632
.0631
.0631
.063
.0629
.0628
.0628
.0627
.0626
.0626
.0625
.0624
.0623
.0623
.0622
.0621
.0621
.062
.0619
.0619
.0618
.0617
.0616
.0616
.0615
.0614
.0614
.0613
.0612
.0612
.0611
.061
.061
.0609
.0608
.0607
.0607
.0606
.0605
.0605
.0604
.0603
.0603
.0602
.0601
.0601
.06
.0599
.0599
.0598
.0597
.0597
.0596
.0595
.0595
.0594
.0593
.0593
.0592
.0592
.0591
.059
.059
.0589
.0588
.0588
.0587
.0586
.0586
.0585
.0584
.0584
.0583
.0582
.0582
.0581
.0581
.058
.0579
.0579
.0578
.0577
.0577
.0576
.0576
.0575
.0574
.0574
.0573
.0572
.0572
.0571
.0571
.057
.0569
.0569
.0568
.0568
.0567
.0566
.0566
.0565
.0564
.0564
.0563
.0563
.0562
.0561
.0561
.056
.056
.0559
.0558
.0558
.0557
.0557
.0556
.0555
.0555
.0554
.0554
.0553
.0553
.0552
.0551
.0551
.055
.055
.0549
.0548
.0548
.0547
.0547
.0546
.0546
.0545
.0544
.0544
.0543
.0543
.0542
.0542
.0541
.054
.054
.0539
.0539
.0538
.0538
.0537
.0536
.0536
.0535
.0535
.0534
.0534
.0533
.0533
.0532
.0531
.0531
.053
.053
.0529
.0529
.0528
.0528
.0527
.0526
.0526
.0525
.0525
.0524
.0524
.0523
.0523
.0522
.0522
.0521
.052
.052
.0519
.0519
.0518
.0518
.0517
.0517
.0516
.0516
.0515
.0515
.0514
.0514
.0513
.0513
.0512
.0511
.0511
.051
.051
.0509
.0509
.0508
.0508
.0507
.0507
.0506
.0506
.0505
.0505
.0504
.0504
.0503
.0503
.0502
.0502
.0501
.0501
.05
.05
