.6137
.61
.6046
.5992
.5939
.5887
.5836
.5787
.5739
.5692
.5648
.5605
.5565
.5527
.5491
.5457
.5426
.5398
.5371
.5347
.5325
.5305
.5287
.527
.5256
.5242
.5231
.522
.5211
.5202
.5195
.5189
.5183
.5178
.5173
.5169
.5166
.5163
.516
.5158
.5156
.5154
.5152
.5151
.5149
.5148
.5147
.5146
.5145
.5145
.5144
.5143
.5143
.5142
.5142
.5141
.5141
.514
.514
.514
.5139
.5139
.5139
.5138
.5138
.5138
.5137
.5137
.5137
.5136
.5136
.5136
.5135
.5135
.5135
.5134
.5134
.5134
.5133
.5133
.5133
.5132
.5132
.5132
.5131
.5131
.5131
.513
.513
.513
.5129
.5129
.5129
.5128
.5128
.5128
.5127
.5127
.5127
.5126
.5126
.5125
.5125
.5125
.5124
.5124
.5123
.5123
.5123
.5122
.5122
.5121
.5121
.5121
.512
.512
.5119
.5119
.5118
.5118
.5118
.5117
.5117
.5116
.5116
.5115
.5115
.5114
.5114
.5113
.5113
.5112
.5112
.5111
.5111
.511
.511
.5109
.5109
.5108
.5108
.5107
.5107
.5106
.5105
.5105
.5104
.5104
.5103
.5103
.5102
.5101
.5101
.51
.5099
.5099
.5098
.5097
.5097
.5096
.5095
.5095
.5094
.5093
.5093
.5092
.5091
.509
.509
.5089
.5088
.5087
.5087
.5086
.5085
.5084
.5083
.5082
.5081
.5081
.508
.5079
.5078
.5077
.5076
.5075
.5074
.5073
.5072
.5071
.507
.5069
.5068
.5067
.5066
.5065
.5064
.5063
.5061
.506
.5059
.5058
.5057
.5055
.5054
.5053
.5052
.505
.5049
.5048
.5046
.5045
.5043
.5042
.5041
.5039
.5038
.5036
.5035
.5033
.5031
.503
.5028
.5027
.5025
.5023
.5022
.502
.5018
.5016
.5014
.5013
.5011
.5009
.5007
.5005
.5003
.5001
.4999
.4997
.4994
.4992
.499
.4988
.4986
.4983
.4981
.4979
.4976
.4974
.4972
.4969
.4967
.4964
.4961
.4959
.4956
.4953
.4951
.4948
.4945
.4942
.4939
.4936
.4933
.493
.4927
.4924
.4921
.4918
.4915
.4911
.4908
.4905
.4901
.4898
.4894
.4891
.4887
.4883
.488
.4876
.4872
.4868
.4865
.4861
.4857
.4853
.4849
.4844
.484
.4836
.4832
.4827
.4823
.4819
.4814
.481
.4805
.4801
.4796
.4791
.4786
.4782
.4777
.4772
.4767
.4762
.4757
.4752
.4746
.4741
.4736
.473
.4725
.472
.4714
.4709
.4703
.4697
.4692
.4686
.468
.4674
.4668
.4662
.4656
.465
.4644
.4638
.4632
.4626
.4619
.4613
.4606
.46
.4594
.4587
.458
.4574
.4567
.456
.4553
.4547
.454
.4533
.4526
.4519
.4512
.4505
.4497
.449
.4483
.4476
.4468
.4461
.4454
.4446
.4439
.4431
.4424
.4416
.4408
.4401
.4393
.4385
.4377
.437
.4362
.4354
.4346
.4338
.433
.4322
.4314
.4306
.4297
.4289
.4281
.4273
.4265
.4256
.4248
.424
.4231
.4223
.4214
.4206
.4197
.4189
.418
.4172
.4163
.4155
.4146
.4137
.4129
.412
.4111
.4103
.4094
.4085
.4076
.4068
.4059
.405
.4041
.4032
.4023
.4014
.4006
.3997
.3988
.3979
.397
.3961
.3952
.3943
.3934
.3925
.3916
.3907
.3898
.3889
.388
.3871
.3862
.3853
.3843
.3834
.3825
.3816
.3807
.3798
.3789
.378
.3771
.3762
.3753
.3744
.3735
.3726
.3716
.3707
.3698
.3689
.368
.3671
.3662
.3653
.3644
.3635
.3626
.3617
.3608
.3599
.359
.3581
.3572
.3563
.3554
.3545
.3536
.3527
.3518
.351
.3501
.3492
.3483
.3474
.3465
.3456
.3448
.3439
.343
.3421
.3413
.3404
.3395
.3386
.3378
.3369
.336
.3352
.3343
.3334
.3326
.3317
.3309
.33
.3292
.3283
.3275
.3266
.3258
.3249
.3241
.3233
.3224
.3216
.3208
.3199
.3191
.3183
.3175
.3166
.3158
.315
.3142
.3134
.3126
.3117
.3109
.3101
.3093
.3085
.3077
.3069
.3061
.3054
.3046
.3038
.303
.3022
.3014
.3007
.2999
.2991
.2983
.2976
.2968
.296
.2953
.2945
.2938
.293
.2923
.2915
.2908
.29
.2893
.2885
.2878
.2871
.2863
.2856
.2849
.2842
.2834
.2827
.282
.2813
.2806
.2799
.2791
.2784
.2777
.277
.2763
.2756
.2749
.2743
.2736
.2729
.2722
.2715
.2708
.2702
.2695
.2688
.2681
.2675
.2668
.2661
.2655
.2648
.2642
.2635
.2629
.2622
.2616
.2609
.2603
.2596
.259
.2584
.2577
.2571
.2565
.2559
.2552
.2546
.254
.2534
.2528
.2521
.2515
.2509
.2503
.2497
.2491
.2485
.2479
.2473
.2467
.2462
.2456
.245
.2444
.2438
.2432
.2427
.2421
.2415
.2409
.2404
.2398
.2392
.2387
.2381
.2376
.237
.2364
.2359
.2353
.2348
.2343
.2337
.2332
.2326
.2321
.2316
.231
.2305
.23
.2294
.2289
.2284
.2279
.2273
.2268
.2263
.2258
.2253
.2248
.2243
.2238
.2233
.2228
.2223
.2218
.2213
.2208
.2203
.2198
.2193
.2188
.2183
.2178
.2173
.2169
.2164
.2159
.2154
.215
.2145
.214
.2135
.2131
.2126
.2121
.2117
.2112
.2108
.2103
.2099
.2094
.209
.2085
.2081
.2076
.2072
.2067
.2063
.2058
.2054
.205
.2045
.2041
.2037
.2032
.2028
.2024
.2019
.2015
.2011
.2007
.2002
.1998
.1994
.199
.1986
.1982
.1978
.1973
.1969
.1965
.1961
.1957
.1953
.1949
.1945
.1941
.1937
.1933
.1929
.1925
.1921
.1918
.1914
.191
.1906
.1902
.1898
.1894
.1891
.1887
.1883
.1879
.1876
.1872
.1868
.1864
.1861
.1857
.1853
.185
.1846
.1842
.1839
.1835
.1831
.1828
.1824
.1821
.1817
.1814
.181
.1807
.1803
.18
.1796
.1793
.1789
.1786
.1782
.1779
.1775
.1772
.1769
.1765
.1762
.1759
.1755
.1752
.1749
.1745
.1742
.1739
.1735
.1732
.1729
.1726
.1722
.1719
.1716
.1713
.1709
.1706
.1703
.17
.1697
.1694
.169
.1687
.1684
.1681
.1678
.1675
.1672
.1669
.1666
.1663
.166
.1657
.1654
.1651
.1648
.1645
.1642
.1639
.1636
.1633
.163
.1627
.1624
.1621
.1618
.1615
.1612
.161
.1607
.1604
.1601
.1598
.1595
.1592
.159
.1587
.1584
.1581
.1578
.1576
.1573
.157
.1567
.1565
.1562
.1559
.1557
.1554
.1551
.1548
.1546
.1543
.154
.1538
.1535
.1532
.153
.1527
.1525
.1522
.1519
.1517
.1514
.1512
.1509
.1507
.1504
.1501
.1499
.1496
.1494
.1491
.1489
.1486
.1484
.1481
.1479
.1476
.1474
.1471
.1469
.1467
.1464
.1462
.1459
.1457
.1454
.1452
.145
.1447
.1445
.1443
.144
.1438
.1435
.1433
.1431
.1428
.1426
.1424
.1421
.1419
.1417
.1415
.1412
.141
.1408
.1405
.1403
.1401
.1399
.1396
.1394
.1392
.139
.1388
.1385
.1383
.1381
.1379
.1377
.1374
.1372
.137
.1368
.1366
.1364
.1361
.1359
.1357
.1355
.1353
.1351
.1349
.1347
.1344
.1342
.134
.1338
.1336
.1334
.1332
.133
.1328
.1326
.1324
.1322
.132
.1318
.1316
.1314
.1312
.131
.1308
.1306
.1304
.1302
.13
.1298
.1296
.1294
.1292
.129
.1288
.1286
.1284
.1282
.128
.1278
.1276
.1274
.1273
.1271
.1269
.1267
.1265
.1263
.1261
.1259
.1258
.1256
.1254
.1252
.125
.1248
.1246
.1245
.1243
.1241
.1239
.1237
.1236
.1234
.1232
.123
.1228
.1227
.1225
.1223
.1221
.1219
.1218
.1216
.1214
.1212
.1211
.1209
.1207
.1205
.1204
.1202
.12
.1199
.1197
.1195
.1193
.1192
.119
.1188
.1187
.1185
.1183
.1182
.118
.1178
.1177
.1175
.1173
.1172
.117
.1168
.1167
.1165
.1164
.1162
.116
.1159
.1157
.1155
.1154
.1152
.1151
.1149
.1147
.1146
.1144
.1143
.1141
.114
.1138
.1136
.1135
.1133
.1132
.113
.1129
.1127
.1126
.1124
.1123
.1121
.112
.1118
.1117
.1115
.1113
.1112
.111
.1109
.1108
.1106
.1105
.1103
.1102
.11
.1099
.1097
.1096
.1094
.1093
.1091
.109
.1088
.1087
.1086
.1084
.1083
.1081
.108
.1078
.1077
.1076
.1074
.1073
.1071
.107
.1069
.1067
.1066
.1064
.1063
.1062
.106
.1059
.1057
.1056
.1055
.1053
.1052
.1051
.1049
.1048
.1047
.1045
.1044
.1042
.1041
.104
.1038
.1037
.1036
.1035
.1033
.1032
.1031
.1029
.1028
.1027
.1025
.1024
.1023
.1021
.102
.1019
.1018
.1016
.1015
.1014
.1012
.1011
.101
.1009
.1007
.1006
.1005
.1004
.1002
.1001
.1
.0999
.0997
.0996
.0995
.0994
.0992
.0991
.099
.0989
.0988
.0986
.0985
.0984
.0983
.0981
.098
.0979
.0978
.0977
.0975
.0974
.0973
.0972
.0971
.097
.0968
.0967
.0966
.0965
.0964
.0963
.0961
.096
.0959
.0958
.0957
.0956
.0954
.0953
.0952
.0951
.095
.0949
.0948
.0946
.0945
.0944
.0943
.0942
.0941
.094
.0939
.0938
.0936
.0935
.0934
.0933
.0932
.0931
.093
.0929
.0928
.0927
.0925
.0924
.0923
.0922
.0921
.092
.0919
.0918
.0917
.0916
.0915
.0914
.0913
.0911
.091
.0909
.0908
.0907
.0906
.0905
.0904
.0903
.0902
.0901
.09
.0899
.0898
.0897
.0896
.0895
.0894
.0893
.0892
.0891
.089
.0889
.0888
.0887
.0886
.0885
.0884
.0883
.0882
.0881
.088
.0879
.0878
.0877
.0876
.0875
.0874
.0873
.0872
.0871
.087
.0869
.0868
.0867
.0866
.0865
.0864
.0863
.0862
.0861
.086
.0859
.0858
.0857
.0856
.0855
.0855
.0854
.0853
.0852
.0851
.085
.0849
.0848
.0847
.0846
.0845
.0844
.0843
.0842
.0842
.0841
.084
.0839
.0838
.0837
.0836
.0835
.0834
.0833
.0832
.0832
.0831
.083
.0829
.0828
.0827
.0826
.0825
.0824
.0823
.0823
.0822
.0821
.082
.0819
.0818
.0817
.0816
.0816
.0815
.0814
.0813
.0812
.0811
.081
.081
.0809
.0808
.0807
.0806
.0805
.0804
.0804
.0803
.0802
.0801
.08
.0799
.0799
.0798
.0797
.0796
.0795
.0794
.0794
.0793
.0792
.0791
.079
.0789
.0789
.0788
.0787
.0786
.0785
.0785
.0784
.0783
.0782
.0781
.0781
.078
.0779
.0778
.0777
.0777
.0776
.0775
.0774
.0773
.0773
.0772
.0771
.077
.0769
.0769
.0768
.0767
.0766
.0766
.0765
.0764
.0763
.0762
.0762
.0761
.076
.0759
.0759
.0758
.0757
.0756
.0756
.0755
.0754
.0753
.0753
.0752
.0751
.075
.075
.0749
.0748
.0747
.0747
.0746
.0745
.0744
.0744
.0743
.0742
.0741
.0741
.074
.0739
.0738
.0738
.0737
.0736
.0736
.0735
.0734
.0733
.0733
.0732
.0731
.0731
.073
.0729
.0728
.0728
.0727
.0726
.0726
.0725
.0724
.0723
.0723
.0722
.0721
.0721
.072
.0719
.0719
.0718
.0717
.0716
.0716
.0715
.0714
.0714
.0713
.0712
.0712
.0711
.071
.071
.0709
.0708
.0708
.0707
.0706
.0706
.0705
.0704
.0704
.0703
.0702
.0702
.0701
.07
.07
.0699
.0698
.0698
.0697
.0696
.0696
.0695
.0694
.0694
.0693
.0692
.0692
.0691
.069
.069
.0689
.0689
.0688
.0687
.0687
.0686
.0685
.0685
.0684
.0683
.0683
.0682
.0682
.0681
.068
.068
.0679
.0678
.0678
.0677
.0676
.0676
.0675
.0675
.0674
.0673
.0673
.0672
.0672
.0671
.067
.067
.0669
.0668
.0668
.0667
.0667
.0666
.0665
.0665
.0664
.0664
.0663
.0662
.0662
.0661
.0661
.066
.0659
.0659
.0658
.0658
.0657
.0656
.0656
.0655
.0655
.0654
.0654
.0653
.0652
.0652
.0651
.0651
.065
.0649
.0649
.0648
.0648
.0647
.0647
.0646
.0645
.0645
.0644
.0644
.0643
.0643
.0642
.0641
.0641
.064
.064
.0639
.0639
.0638
.0638
.0637
.0636
.0636
.0635
.0635
.0634
.0634
.0633
.0633
.0632
.0631
.0631
.063
.063
.0629
.0629
.0628
.0628
.0627
.0627
.0626
.0625
.0625
.0624
.0624
.0623
.0623
.0622
.0622
.0621
.0621
.062
.062
.0619
.0618
.0618
.0617
.0617
.0616
.0616
.0615
.0615
.0614
.0614
.0613
.0613
.0612
.0612
.0611
.0611
.061
.061
.0609
.0609
.0608
.0608
.0607
.0606
.0606
.0605
.0605
.0604
.0604
.0603
.0603
.0602
.0602
.0601
.0601
.06
.06
.0599
.0599
.0598
.0598
.0597
.0597
.0596
.0596
.0595
.0595
.0594
.0594
.0593
.0593
.0592
.0592
.0591
.0591
.0591
.059
.059
.0589
.0589
.0588
.0588
.0587
.0587
.0586
.0586
.0585
.0585
.0584
.0584
.0583
.0583
.0582
.0582
.0581
.0581
.058
.058
.0579
.0579
.0579
.0578
.0578
.0577
.0577
.0576
.0576
.0575
.0575
.0574
.0574
.0573
.0573
.0572
.0572
.0572
.0571
.0571
.057
.057
.0569
.0569
.0568
.0568
.0567
.0567
.0567
.0566
.0566
.0565
.0565
.0564
.0564
.0563
.0563
.0562
.0562
.0562
.0561
.0561
.056
.056
.0559
.0559
.0559
.0558
.0558
.0557
.0557
.0556
.0556
.0555
.0555
.0555
.0554
.0554
.0553
.0553
.0552
.0552
.0552
.0551
.0551
.055
.055
.0549
.0549
.0549
.0548
.0548
.0547
.0547
.0546
.0546
.0546
.0545
.0545
.0544
.0544
.0543
.0543
.0543
.0542
.0542
.0541
.0541
.0541
.054
.054
.0539
.0539
.0538
.0538
.0538
.0537
.0537
.0536
.0536
.0536
.0535
.0535
.0534
.0534
.0534
.0533
.0533
.0532
.0532
.0532
.0531
.0531
.053
.053
.053
.0529
.0529
.0528
.0528
.0528
.0527
.0527
.0526
.0526
.0526
.0525
.0525
.0524
.0524
.0524
.0523
.0523
.0522
.0522
.0522
.0521
.0521
.052
.052
.052
.0519
.0519
.0519
.0518
.0518
.0517
.0517
.0517
.0516
.0516
.0515
.0515
.0515
.0514
.0514
.0514
.0513
.0513
.0512
.0512
.0512
.0511
.0511
.0511
.051
.051
.0509
.0509
.0509
.0508
.0508
.0508
.0507
.0507
.0506
.0506
.0506
.0505
.0505
.0505
.0504
.0504
.0503
.0503
.0503
.0502
.0502
.0502
.0501
.0501
.0501
.05
.05
