.6717
.6677
.6626
.6573
.6519
.6465
.641
.6354
.6297
.624
.6183
.6125
.6068
.6011
.5954
.5899
.5844
.5791
.5739
.5689
.5641
.5596
.5553
.5512
.5475
.544
.5409
.538
.5353
.533
.5309
.529
.5274
.5259
.5246
.5235
.5226
.5217
.521
.5204
.5199
.5194
.5191
.5187
.5185
.5182
.518
.5179
.5177
.5176
.5175
.5174
.5173
.5172
.5172
.5171
.5171
.517
.517
.5169
.5169
.5169
.5168
.5168
.5168
.5167
.5167
.5167
.5167
.5166
.5166
.5166
.5165
.5165
.5165
.5164
.5164
.5164
.5163
.5163
.5163
.5162
.5162
.5162
.5161
.5161
.5161
.516
.516
.516
.5159
.5159
.5159
.5158
.5158
.5158
.5157
.5157
.5156
.5156
.5156
.5155
.5155
.5155
.5154
.5154
.5153
.5153
.5152
.5152
.5152
.5151
.5151
.515
.515
.515
.5149
.5149
.5148
.5148
.5147
.5147
.5146
.5146
.5145
.5145
.5144
.5144
.5143
.5143
.5142
.5142
.5141
.5141
.514
.514
.5139
.5139
.5138
.5138
.5137
.5137
.5136
.5136
.5135
.5134
.5134
.5133
.5133
.5132
.5131
.5131
.513
.513
.5129
.5128
.5128
.5127
.5126
.5126
.5125
.5124
.5124
.5123
.5122
.5121
.5121
.512
.5119
.5118
.5118
.5117
.5116
.5115
.5115
.5114
.5113
.5112
.5111
.511
.511
.5109
.5108
.5107
.5106
.5105
.5104
.5103
.5102
.5101
.51
.5099
.5098
.5097
.5096
.5095
.5094
.5093
.5092
.5091
.509
.5089
.5088
.5087
.5086
.5085
.5083
.5082
.5081
.508
.5078
.5077
.5076
.5075
.5073
.5072
.5071
.5069
.5068
.5067
.5065
.5064
.5062
.5061
.5059
.5058
.5056
.5055
.5053
.5052
.505
.5049
.5047
.5045
.5044
.5042
.504
.5038
.5037
.5035
.5033
.5031
.5029
.5027
.5026
.5024
.5022
.502
.5018
.5016
.5014
.5011
.5009
.5007
.5005
.5003
.5001
.4998
.4996
.4994
.4991
.4989
.4987
.4984
.4982
.4979
.4977
.4974
.4972
.4969
.4966
.4964
.4961
.4958
.4955
.4952
.495
.4947
.4944
.4941
.4938
.4935
.4932
.4928
.4925
.4922
.4919
.4916
.4912
.4909
.4906
.4902
.4899
.4895
.4892
.4888
.4884
.4881
.4877
.4873
.4869
.4866
.4862
.4858
.4854
.485
.4846
.4842
.4838
.4833
.4829
.4825
.4821
.4816
.4812
.4807
.4803
.4798
.4794
.4789
.4784
.478
.4775
.477
.4765
.476
.4755
.475
.4745
.474
.4735
.473
.4725
.4719
.4714
.4709
.4703
.4698
.4692
.4687
.4681
.4675
.467
.4664
.4658
.4652
.4647
.4641
.4635
.4629
.4623
.4617
.461
.4604
.4598
.4592
.4585
.4579
.4573
.4566
.456
.4553
.4547
.454
.4533
.4527
.452
.4513
.4507
.45
.4493
.4486
.4479
.4472
.4465
.4458
.4451
.4444
.4436
.4429
.4422
.4415
.4407
.44
.4393
.4385
.4378
.437
.4363
.4355
.4348
.434
.4332
.4325
.4317
.4309
.4301
.4294
.4286
.4278
.427
.4262
.4254
.4246
.4238
.423
.4222
.4214
.4206
.4198
.419
.4182
.4174
.4166
.4157
.4149
.4141
.4133
.4124
.4116
.4108
.41
.4091
.4083
.4075
.4066
.4058
.4049
.4041
.4032
.4024
.4016
.4007
.3999
.399
.3982
.3973
.3964
.3956
.3947
.3939
.393
.3922
.3913
.3904
.3896
.3887
.3879
.387
.3861
.3853
.3844
.3835
.3827
.3818
.3809
.3801
.3792
.3784
.3775
.3766
.3758
.3749
.374
.3732
.3723
.3714
.3706
.3697
.3688
.368
.3671
.3662
.3654
.3645
.3636
.3628
.3619
.3611
.3602
.3593
.3585
.3576
.3568
.3559
.355
.3542
.3533
.3525
.3516
.3508
.3499
.3491
.3482
.3474
.3465
.3457
.3448
.344
.3431
.3423
.3414
.3406
.3397
.3389
.3381
.3372
.3364
.3356
.3347
.3339
.3331
.3322
.3314
.3306
.3298
.3289
.3281
.3273
.3265
.3257
.3248
.324
.3232
.3224
.3216
.3208
.32
.3192
.3184
.3176
.3168
.316
.3152
.3144
.3136
.3128
.312
.3112
.3104
.3097
.3089
.3081
.3073
.3066
.3058
.305
.3042
.3035
.3027
.3019
.3012
.3004
.2997
.2989
.2981
.2974
.2966
.2959
.2952
.2944
.2937
.2929
.2922
.2915
.2907
.29
.2893
.2885
.2878
.2871
.2864
.2856
.2849
.2842
.2835
.2828
.2821
.2814
.2807
.28
.2793
.2786
.2779
.2772
.2765
.2758
.2751
.2744
.2738
.2731
.2724
.2717
.2711
.2704
.2697
.269
.2684
.2677
.2671
.2664
.2657
.2651
.2644
.2638
.2631
.2625
.2619
.2612
.2606
.2599
.2593
.2587
.258
.2574
.2568
.2562
.2555
.2549
.2543
.2537
.2531
.2525
.2519
.2513
.2506
.25
.2494
.2488
.2483
.2477
.2471
.2465
.2459
.2453
.2447
.2441
.2436
.243
.2424
.2418
.2413
.2407
.2401
.2396
.239
.2384
.2379
.2373
.2368
.2362
.2357
.2351
.2346
.234
.2335
.2329
.2324
.2318
.2313
.2308
.2302
.2297
.2292
.2287
.2281
.2276
.2271
.2266
.226
.2255
.225
.2245
.224
.2235
.223
.2225
.222
.2215
.221
.2205
.22
.2195
.219
.2185
.218
.2175
.217
.2166
.2161
.2156
.2151
.2146
.2142
.2137
.2132
.2128
.2123
.2118
.2114
.2109
.2104
.21
.2095
.2091
.2086
.2081
.2077
.2072
.2068
.2063
.2059
.2055
.205
.2046
.2041
.2037
.2033
.2028
.2024
.202
.2015
.2011
.2007
.2002
.1998
.1994
.199
.1986
.1981
.1977
.1973
.1969
.1965
.1961
.1957
.1952
.1948
.1944
.194
.1936
.1932
.1928
.1924
.192
.1916
.1912
.1908
.1905
.1901
.1897
.1893
.1889
.1885
.1881
.1877
.1874
.187
.1866
.1862
.1858
.1855
.1851
.1847
.1844
.184
.1836
.1832
.1829
.1825
.1821
.1818
.1814
.1811
.1807
.1803
.18
.1796
.1793
.1789
.1786
.1782
.1779
.1775
.1772
.1768
.1765
.1761
.1758
.1754
.1751
.1748
.1744
.1741
.1738
.1734
.1731
.1728
.1724
.1721
.1718
.1714
.1711
.1708
.1704
.1701
.1698
.1695
.1692
.1688
.1685
.1682
.1679
.1676
.1672
.1669
.1666
.1663
.166
.1657
.1654
.1651
.1648
.1644
.1641
.1638
.1635
.1632
.1629
.1626
.1623
.162
.1617
.1614
.1611
.1608
.1605
.1602
.16
.1597
.1594
.1591
.1588
.1585
.1582
.1579
.1576
.1574
.1571
.1568
.1565
.1562
.1559
.1557
.1554
.1551
.1548
.1546
.1543
.154
.1537
.1535
.1532
.1529
.1526
.1524
.1521
.1518
.1516
.1513
.151
.1508
.1505
.1502
.15
.1497
.1495
.1492
.1489
.1487
.1484
.1482
.1479
.1477
.1474
.1471
.1469
.1466
.1464
.1461
.1459
.1456
.1454
.1451
.1449
.1446
.1444
.1442
.1439
.1437
.1434
.1432
.1429
.1427
.1425
.1422
.142
.1417
.1415
.1413
.141
.1408
.1406
.1403
.1401
.1399
.1396
.1394
.1392
.1389
.1387
.1385
.1382
.138
.1378
.1376
.1373
.1371
.1369
.1367
.1364
.1362
.136
.1358
.1356
.1353
.1351
.1349
.1347
.1345
.1342
.134
.1338
.1336
.1334
.1332
.133
.1327
.1325
.1323
.1321
.1319
.1317
.1315
.1313
.1311
.1308
.1306
.1304
.1302
.13
.1298
.1296
.1294
.1292
.129
.1288
.1286
.1284
.1282
.128
.1278
.1276
.1274
.1272
.127
.1268
.1266
.1264
.1262
.126
.1258
.1256
.1254
.1253
.1251
.1249
.1247
.1245
.1243
.1241
.1239
.1237
.1235
.1234
.1232
.123
.1228
.1226
.1224
.1222
.1221
.1219
.1217
.1215
.1213
.1211
.121
.1208
.1206
.1204
.1202
.1201
.1199
.1197
.1195
.1193
.1192
.119
.1188
.1186
.1185
.1183
.1181
.1179
.1178
.1176
.1174
.1172
.1171
.1169
.1167
.1166
.1164
.1162
.1161
.1159
.1157
.1156
.1154
.1152
.1151
.1149
.1147
.1146
.1144
.1142
.1141
.1139
.1137
.1136
.1134
.1133
.1131
.1129
.1128
.1126
.1124
.1123
.1121
.112
.1118
.1117
.1115
.1113
.1112
.111
.1109
.1107
.1106
.1104
.1103
.1101
.1099
.1098
.1096
.1095
.1093
.1092
.109
.1089
.1087
.1086
.1084
.1083
.1081
.108
.1078
.1077
.1075
.1074
.1072
.1071
.1069
.1068
.1067
.1065
.1064
.1062
.1061
.1059
.1058
.1056
.1055
.1054
.1052
.1051
.1049
.1048
.1046
.1045
.1044
.1042
.1041
.1039
.1038
.1037
.1035
.1034
.1033
.1031
.103
.1028
.1027
.1026
.1024
.1023
.1022
.102
.1019
.1018
.1016
.1015
.1014
.1012
.1011
.101
.1008
.1007
.1006
.1004
.1003
.1002
.1
.0999
.0998
.0997
.0995
.0994
.0993
.0991
.099
.0989
.0988
.0986
.0985
.0984
.0982
.0981
.098
.0979
.0977
.0976
.0975
.0974
.0972
.0971
.097
.0969
.0968
.0966
.0965
.0964
.0963
.0961
.096
.0959
.0958
.0957
.0955
.0954
.0953
.0952
.0951
.0949
.0948
.0947
.0946
.0945
.0944
.0942
.0941
.094
.0939
.0938
.0937
.0935
.0934
.0933
.0932
.0931
.093
.0928
.0927
.0926
.0925
.0924
.0923
.0922
.0921
.0919
.0918
.0917
.0916
.0915
.0914
.0913
.0912
.0911
.0909
.0908
.0907
.0906
.0905
.0904
.0903
.0902
.0901
.09
.0899
.0897
.0896
.0895
.0894
.0893
.0892
.0891
.089
.0889
.0888
.0887
.0886
.0885
.0884
.0883
.0882
.0881
.0879
.0878
.0877
.0876
.0875
.0874
.0873
.0872
.0871
.087
.0869
.0868
.0867
.0866
.0865
.0864
.0863
.0862
.0861
.086
.0859
.0858
.0857
.0856
.0855
.0854
.0853
.0852
.0851
.085
.0849
.0848
.0847
.0846
.0845
.0844
.0843
.0843
.0842
.0841
.084
.0839
.0838
.0837
.0836
.0835
.0834
.0833
.0832
.0831
.083
.0829
.0828
.0827
.0826
.0826
.0825
.0824
.0823
.0822
.0821
.082
.0819
.0818
.0817
.0816
.0815
.0815
.0814
.0813
.0812
.0811
.081
.0809
.0808
.0807
.0806
.0806
.0805
.0804
.0803
.0802
.0801
.08
.0799
.0798
.0798
.0797
.0796
.0795
.0794
.0793
.0792
.0792
.0791
.079
.0789
.0788
.0787
.0786
.0786
.0785
.0784
.0783
.0782
.0781
.078
.078
.0779
.0778
.0777
.0776
.0775
.0775
.0774
.0773
.0772
.0771
.0771
.077
.0769
.0768
.0767
.0766
.0766
.0765
.0764
.0763
.0762
.0762
.0761
.076
.0759
.0758
.0758
.0757
.0756
.0755
.0754
.0754
.0753
.0752
.0751
.075
.075
.0749
.0748
.0747
.0747
.0746
.0745
.0744
.0743
.0743
.0742
.0741
.074
.074
.0739
.0738
.0737
.0737
.0736
.0735
.0734
.0734
.0733
.0732
.0731
.0731
.073
.0729
.0728
.0728
.0727
.0726
.0725
.0725
.0724
.0723
.0722
.0722
.0721
.072
.072
.0719
.0718
.0717
.0717
.0716
.0715
.0715
.0714
.0713
.0712
.0712
.0711
.071
.071
.0709
.0708
.0707
.0707
.0706
.0705
.0705
.0704
.0703
.0702
.0702
.0701
.07
.07
.0699
.0698
.0698
.0697
.0696
.0696
.0695
.0694
.0694
.0693
.0692
.0692
.0691
.069
.0689
.0689
.0688
.0687
.0687
.0686
.0685
.0685
.0684
.0683
.0683
.0682
.0681
.0681
.068
.068
.0679
.0678
.0678
.0677
.0676
.0676
.0675
.0674
.0674
.0673
.0672
.0672
.0671
.067
.067
.0669
.0669
.0668
.0667
.0667
.0666
.0665
.0665
.0664
.0663
.0663
.0662
.0662
.0661
.066
.066
.0659
.0658
.0658
.0657
.0657
.0656
.0655
.0655
.0654
.0654
.0653
.0652
.0652
.0651
.065
.065
.0649
.0649
.0648
.0647
.0647
.0646
.0646
.0645
.0644
.0644
.0643
.0643
.0642
.0642
.0641
.064
.064
.0639
.0639
.0638
.0637
.0637
.0636
.0636
.0635
.0634
.0634
.0633
.0633
.0632
.0632
.0631
.063
.063
.0629
.0629
.0628
.0628
.0627
.0626
.0626
.0625
.0625
.0624
.0624
.0623
.0623
.0622
.0621
.0621
.062
.062
.0619
.0619
.0618
.0618
.0617
.0616
.0616
.0615
.0615
.0614
.0614
.0613
.0613
.0612
.0611
.0611
.061
.061
.0609
.0609
.0608
.0608
.0607
.0607
.0606
.0606
.0605
.0605
.0604
.0603
.0603
.0602
.0602
.0601
.0601
.06
.06
.0599
.0599
.0598
.0598
.0597
.0597
.0596
.0596
.0595
.0595
.0594
.0594
.0593
.0592
.0592
.0591
.0591
.059
.059
.0589
.0589
.0588
.0588
.0587
.0587
.0586
.0586
.0585
.0585
.0584
.0584
.0583
.0583
.0582
.0582
.0581
.0581
.058
.058
.0579
.0579
.0578
.0578
.0577
.0577
.0576
.0576
.0576
.0575
.0575
.0574
.0574
.0573
.0573
.0572
.0572
.0571
.0571
.057
.057
.0569
.0569
.0568
.0568
.0567
.0567
.0566
.0566
.0565
.0565
.0565
.0564
.0564
.0563
.0563
.0562
.0562
.0561
.0561
.056
.056
.0559
.0559
.0558
.0558
.0558
.0557
.0557
.0556
.0556
.0555
.0555
.0554
.0554
.0553
.0553
.0553
.0552
.0552
.0551
.0551
.055
.055
.0549
.0549
.0549
.0548
.0548
.0547
.0547
.0546
.0546
.0545
.0545
.0545
.0544
.0544
.0543
.0543
.0542
.0542
.0541
.0541
.0541
.054
.054
.0539
.0539
.0538
.0538
.0538
.0537
.0537
.0536
.0536
.0535
.0535
.0535
.0534
.0534
.0533
.0533
.0532
.0532
.0532
.0531
.0531
.053
.053
.053
.0529
.0529
.0528
.0528
.0527
.0527
.0527
.0526
.0526
.0525
.0525
.0525
.0524
.0524
.0523
.0523
.0522
.0522
.0522
.0521
.0521
.052
.052
.052
.0519
.0519
.0518
.0518
.0518
.0517
.0517
.0516
.0516
.0516
.0515
.0515
.0514
.0514
.0514
.0513
.0513
.0512
.0512
.0512
.0511
.0511
.051
.051
.051
.0509
.0509
.0509
.0508
.0508
.0507
.0507
.0507
.0506
.0506
.0505
.0505
.0505
.0504
.0504
.0504
.0503
.0503
.0502
.0502
.0502
.0501
.0501
.05
.05
.05
