.5869
.5817
.5739
.5666
.5599
.5537
.5482
.5433
.539
.5352
.5319
.5292
.5268
.5248
.5232
.5218
.5207
.5198
.5191
.5184
.518
.5176
.5172
.517
.5168
.5166
.5165
.5164
.5163
.5162
.5162
.5161
.5161
.5161
.516
.516
.516
.516
.516
.516
.5159
.5159
.5159
.5159
.5159
.5159
.5158
.5158
.5158
.5158
.5158
.5157
.5157
.5157
.5157
.5157
.5156
.5156
.5156
.5156
.5156
.5155
.5155
.5155
.5155
.5154
.5154
.5154
.5154
.5153
.5153
.5153
.5153
.5152
.5152
.5152
.5151
.5151
.5151
.515
.515
.515
.515
.5149
.5149
.5149
.5148
.5148
.5147
.5147
.5147
.5146
.5146
.5146
.5145
.5145
.5145
.5144
.5144
.5143
.5143
.5142
.5142
.5142
.5141
.5141
.514
.514
.5139
.5139
.5138
.5138
.5137
.5137
.5136
.5136
.5135
.5135
.5134
.5134
.5133
.5133
.5132
.5131
.5131
.513
.513
.5129
.5128
.5128
.5127
.5127
.5126
.5125
.5125
.5124
.5123
.5122
.5122
.5121
.512
.5119
.5119
.5118
.5117
.5116
.5115
.5115
.5114
.5113
.5112
.5111
.511
.5109
.5108
.5107
.5107
.5106
.5105
.5104
.5103
.5102
.5101
.5099
.5098
.5097
.5096
.5095
.5094
.5093
.5092
.509
.5089
.5088
.5087
.5085
.5084
.5083
.5082
.508
.5079
.5077
.5076
.5075
.5073
.5072
.507
.5069
.5067
.5066
.5064
.5062
.5061
.5059
.5057
.5056
.5054
.5052
.5051
.5049
.5047
.5045
.5043
.5041
.5039
.5037
.5035
.5033
.5031
.5029
.5027
.5025
.5023
.5021
.5019
.5016
.5014
.5012
.5009
.5007
.5005
.5002
.5
.4997
.4995
.4992
.4989
.4987
.4984
.4981
.4979
.4976
.4973
.497
.4967
.4965
.4962
.4959
.4956
.4953
.4949
.4946
.4943
.494
.4937
.4933
.493
.4927
.4923
.492
.4916
.4913
.4909
.4906
.4902
.4898
.4895
.4891
.4887
.4883
.4879
.4876
.4872
.4868
.4864
.486
.4855
.4851
.4847
.4843
.4839
.4834
.483
.4825
.4821
.4817
.4812
.4807
.4803
.4798
.4793
.4789
.4784
.4779
.4774
.4769
.4764
.476
.4755
.4749
.4744
.4739
.4734
.4729
.4724
.4718
.4713
.4708
.4702
.4697
.4691
.4686
.468
.4675
.4669
.4663
.4658
.4652
.4646
.464
.4635
.4629
.4623
.4617
.4611
.4605
.4599
.4593
.4587
.4581
.4574
.4568
.4562
.4556
.455
.4543
.4537
.4531
.4524
.4518
.4511
.4505
.4498
.4492
.4485
.4479
.4472
.4465
.4459
.4452
.4445
.4439
.4432
.4425
.4418
.4411
.4405
.4398
.4391
.4384
.4377
.437
.4363
.4356
.4349
.4342
.4335
.4328
.4321
.4314
.4307
.43
.4293
.4286
.4279
.4271
.4264
.4257
.425
.4243
.4236
.4228
.4221
.4214
.4207
.4199
.4192
.4185
.4178
.417
.4163
.4156
.4148
.4141
.4134
.4126
.4119
.4112
.4104
.4097
.409
.4082
.4075
.4068
.406
.4053
.4046
.4038
.4031
.4024
.4016
.4009
.4002
.3994
.3987
.3979
.3972
.3965
.3957
.395
.3943
.3935
.3928
.3921
.3913
.3906
.3898
.3891
.3884
.3876
.3869
.3862
.3854
.3847
.384
.3832
.3825
.3818
.3811
.3803
.3796
.3789
.3781
.3774
.3767
.376
.3752
.3745
.3738
.3731
.3723
.3716
.3709
.3702
.3695
.3687
.368
.3673
.3666
.3659
.3651
.3644
.3637
.363
.3623
.3616
.3609
.3602
.3594
.3587
.358
.3573
.3566
.3559
.3552
.3545
.3538
.3531
.3524
.3517
.351
.3503
.3496
.3489
.3482
.3475
.3468
.3461
.3454
.3447
.344
.3433
.3427
.342
.3413
.3406
.3399
.3392
.3385
.3379
.3372
.3365
.3358
.3351
.3345
.3338
.3331
.3324
.3318
.3311
.3304
.3297
.3291
.3284
.3277
.3271
.3264
.3257
.3251
.3244
.3238
.3231
.3224
.3218
.3211
.3205
.3198
.3192
.3185
.3179
.3172
.3166
.3159
.3153
.3146
.314
.3133
.3127
.312
.3114
.3108
.3101
.3095
.3089
.3082
.3076
.307
.3063
.3057
.3051
.3044
.3038
.3032
.3026
.302
.3013
.3007
.3001
.2995
.2989
.2982
.2976
.297
.2964
.2958
.2952
.2946
.294
.2934
.2928
.2922
.2916
.291
.2904
.2898
.2892
.2886
.288
.2874
.2868
.2862
.2856
.2851
.2845
.2839
.2833
.2827
.2821
.2816
.281
.2804
.2798
.2793
.2787
.2781
.2776
.277
.2764
.2759
.2753
.2747
.2742
.2736
.2731
.2725
.272
.2714
.2709
.2703
.2698
.2692
.2687
.2681
.2676
.267
.2665
.2659
.2654
.2649
.2643
.2638
.2633
.2627
.2622
.2617
.2612
.2606
.2601
.2596
.2591
.2585
.258
.2575
.257
.2565
.256
.2554
.2549
.2544
.2539
.2534
.2529
.2524
.2519
.2514
.2509
.2504
.2499
.2494
.2489
.2484
.2479
.2474
.2469
.2465
.246
.2455
.245
.2445
.244
.2436
.2431
.2426
.2421
.2416
.2412
.2407
.2402
.2398
.2393
.2388
.2384
.2379
.2374
.237
.2365
.236
.2356
.2351
.2347
.2342
.2338
.2333
.2329
.2324
.232
.2315
.2311
.2306
.2302
.2297
.2293
.2288
.2284
.228
.2275
.2271
.2267
.2262
.2258
.2254
.2249
.2245
.2241
.2236
.2232
.2228
.2224
.2219
.2215
.2211
.2207
.2203
.2198
.2194
.219
.2186
.2182
.2178
.2174
.217
.2166
.2161
.2157
.2153
.2149
.2145
.2141
.2137
.2133
.2129
.2125
.2121
.2117
.2113
.211
.2106
.2102
.2098
.2094
.209
.2086
.2082
.2078
.2075
.2071
.2067
.2063
.2059
.2056
.2052
.2048
.2044
.204
.2037
.2033
.2029
.2026
.2022
.2018
.2015
.2011
.2007
.2004
.2
.1996
.1993
.1989
.1985
.1982
.1978
.1975
.1971
.1968
.1964
.196
.1957
.1953
.195
.1946
.1943
.1939
.1936
.1933
.1929
.1926
.1922
.1919
.1915
.1912
.1909
.1905
.1902
.1898
.1895
.1892
.1888
.1885
.1882
.1878
.1875
.1872
.1868
.1865
.1862
.1859
.1855
.1852
.1849
.1846
.1842
.1839
.1836
.1833
.183
.1826
.1823
.182
.1817
.1814
.1811
.1807
.1804
.1801
.1798
.1795
.1792
.1789
.1786
.1783
.178
.1777
.1773
.177
.1767
.1764
.1761
.1758
.1755
.1752
.1749
.1746
.1743
.174
.1737
.1735
.1732
.1729
.1726
.1723
.172
.1717
.1714
.1711
.1708
.1705
.1703
.17
.1697
.1694
.1691
.1688
.1686
.1683
.168
.1677
.1674
.1672
.1669
.1666
.1663
.166
.1658
.1655
.1652
.1649
.1647
.1644
.1641
.1639
.1636
.1633
.1631
.1628
.1625
.1623
.162
.1617
.1615
.1612
.1609
.1607
.1604
.1601
.1599
.1596
.1594
.1591
.1588
.1586
.1583
.1581
.1578
.1576
.1573
.1571
.1568
.1566
.1563
.1561
.1558
.1556
.1553
.1551
.1548
.1546
.1543
.1541
.1538
.1536
.1533
.1531
.1528
.1526
.1524
.1521
.1519
.1516
.1514
.1512
.1509
.1507
.1504
.1502
.15
.1497
.1495
.1493
.149
.1488
.1486
.1483
.1481
.1479
.1476
.1474
.1472
.147
.1467
.1465
.1463
.146
.1458
.1456
.1454
.1451
.1449
.1447
.1445
.1443
.144
.1438
.1436
.1434
.1431
.1429
.1427
.1425
.1423
.1421
.1418
.1416
.1414
.1412
.141
.1408
.1406
.1403
.1401
.1399
.1397
.1395
.1393
.1391
.1389
.1387
.1384
.1382
.138
.1378
.1376
.1374
.1372
.137
.1368
.1366
.1364
.1362
.136
.1358
.1356
.1354
.1352
.135
.1348
.1346
.1344
.1342
.134
.1338
.1336
.1334
.1332
.133
.1328
.1326
.1324
.1322
.132
.1318
.1316
.1314
.1312
.1311
.1309
.1307
.1305
.1303
.1301
.1299
.1297
.1295
.1294
.1292
.129
.1288
.1286
.1284
.1282
.1281
.1279
.1277
.1275
.1273
.1271
.127
.1268
.1266
.1264
.1262
.126
.1259
.1257
.1255
.1253
.1252
.125
.1248
.1246
.1244
.1243
.1241
.1239
.1237
.1236
.1234
.1232
.123
.1229
.1227
.1225
.1224
.1222
.122
.1218
.1217
.1215
.1213
.1212
.121
.1208
.1207
.1205
.1203
.1202
.12
.1198
.1197
.1195
.1193
.1192
.119
.1188
.1187
.1185
.1183
.1182
.118
.1179
.1177
.1175
.1174
.1172
.117
.1169
.1167
.1166
.1164
.1162
.1161
.1159
.1158
.1156
.1155
.1153
.1151
.115
.1148
.1147
.1145
.1144
.1142
.1141
.1139
.1138
.1136
.1134
.1133
.1131
.113
.1128
.1127
.1125
.1124
.1122
.1121
.1119
.1118
.1116
.1115
.1113
.1112
.111
.1109
.1107
.1106
.1105
.1103
.1102
.11
.1099
.1097
.1096
.1094
.1093
.1092
.109
.1089
.1087
.1086
.1084
.1083
.1082
.108
.1079
.1077
.1076
.1074
.1073
.1072
.107
.1069
.1067
.1066
.1065
.1063
.1062
.1061
.1059
.1058
.1056
.1055
.1054
.1052
.1051
.105
.1048
.1047
.1046
.1044
.1043
.1042
.104
.1039
.1038
.1036
.1035
.1034
.1032
.1031
.103
.1028
.1027
.1026
.1024
.1023
.1022
.102
.1019
.1018
.1017
.1015
.1014
.1013
.1011
.101
.1009
.1008
.1006
.1005
.1004
.1003
.1001
.1
.0999
.0998
.0996
.0995
.0994
.0993
.0991
.099
.0989
.0988
.0986
.0985
.0984
.0983
.0981
.098
.0979
.0978
.0977
.0975
.0974
.0973
.0972
.0971
.0969
.0968
.0967
.0966
.0965
.0963
.0962
.0961
.096
.0959
.0957
.0956
.0955
.0954
.0953
.0952
.095
.0949
.0948
.0947
.0946
.0945
.0944
.0942
.0941
.094
.0939
.0938
.0937
.0935
.0934
.0933
.0932
.0931
.093
.0929
.0928
.0926
.0925
.0924
.0923
.0922
.0921
.092
.0919
.0918
.0916
.0915
.0914
.0913
.0912
.0911
.091
.0909
.0908
.0907
.0906
.0904
.0903
.0902
.0901
.09
.0899
.0898
.0897
.0896
.0895
.0894
.0893
.0892
.0891
.0889
.0888
.0887
.0886
.0885
.0884
.0883
.0882
.0881
.088
.0879
.0878
.0877
.0876
.0875
.0874
.0873
.0872
.0871
.087
.0869
.0868
.0867
.0866
.0865
.0864
.0863
.0862
.0861
.086
.0859
.0858
.0857
.0856
.0855
.0854
.0853
.0852
.0851
.085
.0849
.0848
.0847
.0846
.0845
.0844
.0843
.0842
.0841
.084
.0839
.0838
.0837
.0836
.0835
.0834
.0833
.0832
.0831
.083
.0829
.0828
.0827
.0826
.0825
.0824
.0824
.0823
.0822
.0821
.082
.0819
.0818
.0817
.0816
.0815
.0814
.0813
.0812
.0811
.081
.0809
.0809
.0808
.0807
.0806
.0805
.0804
.0803
.0802
.0801
.08
.0799
.0798
.0798
.0797
.0796
.0795
.0794
.0793
.0792
.0791
.079
.0789
.0789
.0788
.0787
.0786
.0785
.0784
.0783
.0782
.0782
.0781
.078
.0779
.0778
.0777
.0776
.0775
.0775
.0774
.0773
.0772
.0771
.077
.0769
.0768
.0768
.0767
.0766
.0765
.0764
.0763
.0762
.0762
.0761
.076
.0759
.0758
.0757
.0756
.0756
.0755
.0754
.0753
.0752
.0751
.0751
.075
.0749
.0748
.0747
.0746
.0746
.0745
.0744
.0743
.0742
.0741
.0741
.074
.0739
.0738
.0737
.0737
.0736
.0735
.0734
.0733
.0733
.0732
.0731
.073
.0729
.0728
.0728
.0727
.0726
.0725
.0724
.0724
.0723
.0722
.0721
.072
.072
.0719
.0718
.0717
.0717
.0716
.0715
.0714
.0713
.0713
.0712
.0711
.071
.0709
.0709
.0708
.0707
.0706
.0706
.0705
.0704
.0703
.0702
.0702
.0701
.07
.0699
.0699
.0698
.0697
.0696
.0696
.0695
.0694
.0693
.0693
.0692
.0691
.069
.069
.0689
.0688
.0687
.0687
.0686
.0685
.0684
.0684
.0683
.0682
.0681
.0681
.068
.0679
.0678
.0678
.0677
.0676
.0675
.0675
.0674
.0673
.0672
.0672
.0671
.067
.067
.0669
.0668
.0667
.0667
.0666
.0665
.0664
.0664
.0663
.0662
.0662
.0661
.066
.0659
.0659
.0658
.0657
.0657
.0656
.0655
.0654
.0654
.0653
.0652
.0652
.0651
.065
.065
.0649
.0648
.0647
.0647
.0646
.0645
.0645
.0644
.0643
.0643
.0642
.0641
.064
.064
.0639
.0638
.0638
.0637
.0636
.0636
.0635
.0634
.0634
.0633
.0632
.0632
.0631
.063
.0629
.0629
.0628
.0627
.0627
.0626
.0625
.0625
.0624
.0623
.0623
.0622
.0621
.0621
.062
.0619
.0619
.0618
.0617
.0617
.0616
.0615
.0615
.0614
.0613
.0613
.0612
.0611
.0611
.061
.0609
.0609
.0608
.0607
.0607
.0606
.0606
.0605
.0604
.0604
.0603
.0602
.0602
.0601
.06
.06
.0599
.0598
.0598
.0597
.0596
.0596
.0595
.0595
.0594
.0593
.0593
.0592
.0591
.0591
.059
.0589
.0589
.0588
.0588
.0587
.0586
.0586
.0585
.0584
.0584
.0583
.0582
.0582
.0581
.0581
.058
.0579
.0579
.0578
.0577
.0577
.0576
.0576
.0575
.0574
.0574
.0573
.0573
.0572
.0571
.0571
.057
.0569
.0569
.0568
.0568
.0567
.0566
.0566
.0565
.0565
.0564
.0563
.0563
.0562
.0562
.0561
.056
.056
.0559
.0558
.0558
.0557
.0557
.0556
.0555
.0555
.0554
.0554
.0553
.0552
.0552
.0551
.0551
.055
.055
.0549
.0548
.0548
.0547
.0547
.0546
.0545
.0545
.0544
.0544
.0543
.0542
.0542
.0541
.0541
.054
.054
.0539
.0538
.0538
.0537
.0537
.0536
.0535
.0535
.0534
.0534
.0533
.0533
.0532
.0531
.0531
.053
.053
.0529
.0529
.0528
.0527
.0527
.0526
.0526
.0525
.0525
.0524
.0523
.0523
.0522
.0522
.0521
.0521
.052
.0519
.0519
.0518
.0518
.0517
.0517
.0516
.0516
.0515
.0514
.0514
.0513
.0513
.0512
.0512
.0511
.0511
.051
.0509
.0509
.0508
.0508
.0507
.0507
.0506
.0506
.0505
.0504
.0504
.0503
.0503
.0502
.0502
.0501
.0501
.05
.05
