.6252
.6219
.6174
.6128
.6083
.6039
.5995
.5952
.5909
.5868
.5827
.5787
.5749
.5712
.5677
.5643
.561
.558
.555
.5523
.5497
.5473
.545
.543
.541
.5393
.5377
.5362
.5348
.5336
.5325
.5315
.5306
.5297
.529
.5283
.5277
.5272
.5267
.5263
.5259
.5255
.5252
.5249
.5246
.5243
.5241
.5239
.5237
.5235
.5233
.5231
.523
.5228
.5227
.5225
.5224
.5222
.5221
.5219
.5218
.5216
.5215
.5214
.5212
.5211
.521
.5208
.5207
.5205
.5204
.5203
.5201
.52
.5198
.5197
.5195
.5194
.5192
.5191
.5189
.5188
.5186
.5185
.5183
.5182
.518
.5179
.5177
.5175
.5174
.5172
.517
.5169
.5167
.5165
.5164
.5162
.516
.5158
.5157
.5155
.5153
.5151
.5149
.5147
.5146
.5144
.5142
.514
.5138
.5136
.5134
.5132
.513
.5128
.5126
.5124
.5121
.5119
.5117
.5115
.5113
.5111
.5108
.5106
.5104
.5101
.5099
.5097
.5094
.5092
.5089
.5087
.5084
.5082
.5079
.5077
.5074
.5072
.5069
.5066
.5063
.5061
.5058
.5055
.5052
.5049
.5047
.5044
.5041
.5038
.5035
.5032
.5029
.5025
.5022
.5019
.5016
.5013
.5009
.5006
.5003
.4999
.4996
.4992
.4989
.4985
.4982
.4978
.4975
.4971
.4967
.4964
.496
.4956
.4952
.4948
.4944
.494
.4936
.4932
.4928
.4924
.492
.4916
.4911
.4907
.4903
.4898
.4894
.4889
.4885
.488
.4876
.4871
.4867
.4862
.4857
.4852
.4848
.4843
.4838
.4833
.4828
.4823
.4818
.4813
.4808
.4803
.4797
.4792
.4787
.4781
.4776
.4771
.4765
.476
.4754
.4749
.4743
.4737
.4732
.4726
.472
.4714
.4709
.4703
.4697
.4691
.4685
.4679
.4673
.4667
.4661
.4654
.4648
.4642
.4636
.4629
.4623
.4617
.461
.4604
.4597
.4591
.4584
.4578
.4571
.4565
.4558
.4551
.4545
.4538
.4531
.4524
.4518
.4511
.4504
.4497
.449
.4483
.4476
.4469
.4462
.4455
.4448
.4441
.4434
.4427
.442
.4413
.4405
.4398
.4391
.4384
.4377
.4369
.4362
.4355
.4347
.434
.4333
.4325
.4318
.431
.4303
.4296
.4288
.4281
.4273
.4266
.4258
.4251
.4243
.4236
.4228
.422
.4213
.4205
.4198
.419
.4183
.4175
.4167
.416
.4152
.4144
.4137
.4129
.4122
.4114
.4106
.4099
.4091
.4083
.4076
.4068
.406
.4053
.4045
.4037
.403
.4022
.4014
.4006
.3999
.3991
.3983
.3976
.3968
.396
.3953
.3945
.3937
.393
.3922
.3914
.3907
.3899
.3891
.3884
.3876
.3868
.3861
.3853
.3846
.3838
.383
.3823
.3815
.3807
.38
.3792
.3785
.3777
.377
.3762
.3754
.3747
.3739
.3732
.3724
.3717
.3709
.3702
.3694
.3687
.3679
.3672
.3664
.3657
.365
.3642
.3635
.3627
.362
.3613
.3605
.3598
.359
.3583
.3576
.3568
.3561
.3554
.3546
.3539
.3532
.3525
.3517
.351
.3503
.3496
.3489
.3481
.3474
.3467
.346
.3453
.3446
.3438
.3431
.3424
.3417
.341
.3403
.3396
.3389
.3382
.3375
.3368
.3361
.3354
.3347
.334
.3333
.3326
.3319
.3313
.3306
.3299
.3292
.3285
.3278
.3272
.3265
.3258
.3251
.3244
.3238
.3231
.3224
.3218
.3211
.3204
.3198
.3191
.3184
.3178
.3171
.3165
.3158
.3151
.3145
.3138
.3132
.3125
.3119
.3112
.3106
.3099
.3093
.3087
.308
.3074
.3068
.3061
.3055
.3049
.3042
.3036
.303
.3023
.3017
.3011
.3005
.2998
.2992
.2986
.298
.2974
.2968
.2962
.2955
.2949
.2943
.2937
.2931
.2925
.2919
.2913
.2907
.2901
.2895
.2889
.2883
.2877
.2872
.2866
.286
.2854
.2848
.2842
.2836
.2831
.2825
.2819
.2813
.2808
.2802
.2796
.279
.2785
.2779
.2773
.2768
.2762
.2757
.2751
.2745
.274
.2734
.2729
.2723
.2718
.2712
.2707
.2701
.2696
.269
.2685
.268
.2674
.2669
.2663
.2658
.2653
.2647
.2642
.2637
.2632
.2626
.2621
.2616
.2611
.2605
.26
.2595
.259
.2585
.258
.2574
.2569
.2564
.2559
.2554
.2549
.2544
.2539
.2534
.2529
.2524
.2519
.2514
.2509
.2504
.2499
.2494
.2489
.2484
.248
.2475
.247
.2465
.246
.2455
.2451
.2446
.2441
.2436
.2432
.2427
.2422
.2417
.2413
.2408
.2403
.2399
.2394
.2389
.2385
.238
.2376
.2371
.2366
.2362
.2357
.2353
.2348
.2344
.2339
.2335
.233
.2326
.2321
.2317
.2313
.2308
.2304
.2299
.2295
.2291
.2286
.2282
.2278
.2273
.2269
.2265
.226
.2256
.2252
.2248
.2243
.2239
.2235
.2231
.2227
.2222
.2218
.2214
.221
.2206
.2202
.2198
.2194
.2189
.2185
.2181
.2177
.2173
.2169
.2165
.2161
.2157
.2153
.2149
.2145
.2141
.2137
.2133
.2129
.2126
.2122
.2118
.2114
.211
.2106
.2102
.2098
.2095
.2091
.2087
.2083
.2079
.2076
.2072
.2068
.2064
.2061
.2057
.2053
.2049
.2046
.2042
.2038
.2035
.2031
.2027
.2024
.202
.2017
.2013
.2009
.2006
.2002
.1999
.1995
.1991
.1988
.1984
.1981
.1977
.1974
.197
.1967
.1963
.196
.1956
.1953
.195
.1946
.1943
.1939
.1936
.1933
.1929
.1926
.1922
.1919
.1916
.1912
.1909
.1906
.1902
.1899
.1896
.1893
.1889
.1886
.1883
.1879
.1876
.1873
.187
.1867
.1863
.186
.1857
.1854
.1851
.1847
.1844
.1841
.1838
.1835
.1832
.1829
.1825
.1822
.1819
.1816
.1813
.181
.1807
.1804
.1801
.1798
.1795
.1792
.1789
.1786
.1783
.178
.1777
.1774
.1771
.1768
.1765
.1762
.1759
.1756
.1753
.175
.1747
.1744
.1742
.1739
.1736
.1733
.173
.1727
.1724
.1722
.1719
.1716
.1713
.171
.1707
.1705
.1702
.1699
.1696
.1694
.1691
.1688
.1685
.1683
.168
.1677
.1674
.1672
.1669
.1666
.1664
.1661
.1658
.1656
.1653
.165
.1648
.1645
.1642
.164
.1637
.1634
.1632
.1629
.1627
.1624
.1621
.1619
.1616
.1614
.1611
.1609
.1606
.1604
.1601
.1598
.1596
.1593
.1591
.1588
.1586
.1583
.1581
.1578
.1576
.1574
.1571
.1569
.1566
.1564
.1561
.1559
.1556
.1554
.1552
.1549
.1547
.1544
.1542
.154
.1537
.1535
.1533
.153
.1528
.1526
.1523
.1521
.1519
.1516
.1514
.1512
.1509
.1507
.1505
.1502
.15
.1498
.1496
.1493
.1491
.1489
.1487
.1484
.1482
.148
.1478
.1475
.1473
.1471
.1469
.1467
.1464
.1462
.146
.1458
.1456
.1453
.1451
.1449
.1447
.1445
.1443
.1441
.1438
.1436
.1434
.1432
.143
.1428
.1426
.1424
.1422
.1419
.1417
.1415
.1413
.1411
.1409
.1407
.1405
.1403
.1401
.1399
.1397
.1395
.1393
.1391
.1389
.1387
.1385
.1383
.1381
.1379
.1377
.1375
.1373
.1371
.1369
.1367
.1365
.1363
.1361
.1359
.1357
.1355
.1353
.1351
.1349
.1348
.1346
.1344
.1342
.134
.1338
.1336
.1334
.1332
.133
.1329
.1327
.1325
.1323
.1321
.1319
.1317
.1316
.1314
.1312
.131
.1308
.1306
.1305
.1303
.1301
.1299
.1297
.1296
.1294
.1292
.129
.1288
.1287
.1285
.1283
.1281
.128
.1278
.1276
.1274
.1273
.1271
.1269
.1267
.1266
.1264
.1262
.1261
.1259
.1257
.1255
.1254
.1252
.125
.1249
.1247
.1245
.1244
.1242
.124
.1239
.1237
.1235
.1234
.1232
.123
.1229
.1227
.1225
.1224
.1222
.122
.1219
.1217
.1216
.1214
.1212
.1211
.1209
.1208
.1206
.1204
.1203
.1201
.12
.1198
.1196
.1195
.1193
.1192
.119
.1189
.1187
.1185
.1184
.1182
.1181
.1179
.1178
.1176
.1175
.1173
.1172
.117
.1169
.1167
.1166
.1164
.1163
.1161
.116
.1158
.1157
.1155
.1154
.1152
.1151
.1149
.1148
.1146
.1145
.1143
.1142
.114
.1139
.1138
.1136
.1135
.1133
.1132
.113
.1129
.1128
.1126
.1125
.1123
.1122
.112
.1119
.1118
.1116
.1115
.1113
.1112
.1111
.1109
.1108
.1106
.1105
.1104
.1102
.1101
.11
.1098
.1097
.1096
.1094
.1093
.1091
.109
.1089
.1087
.1086
.1085
.1083
.1082
.1081
.1079
.1078
.1077
.1075
.1074
.1073
.1072
.107
.1069
.1068
.1066
.1065
.1064
.1062
.1061
.106
.1059
.1057
.1056
.1055
.1054
.1052
.1051
.105
.1048
.1047
.1046
.1045
.1043
.1042
.1041
.104
.1038
.1037
.1036
.1035
.1034
.1032
.1031
.103
.1029
.1027
.1026
.1025
.1024
.1023
.1021
.102
.1019
.1018
.1017
.1015
.1014
.1013
.1012
.1011
.1009
.1008
.1007
.1006
.1005
.1004
.1002
.1001
.1
.0999
.0998
.0997
.0995
.0994
.0993
.0992
.0991
.099
.0988
.0987
.0986
.0985
.0984
.0983
.0982
.0981
.0979
.0978
.0977
.0976
.0975
.0974
.0973
.0972
.0971
.0969
.0968
.0967
.0966
.0965
.0964
.0963
.0962
.0961
.096
.0959
.0957
.0956
.0955
.0954
.0953
.0952
.0951
.095
.0949
.0948
.0947
.0946
.0945
.0944
.0943
.0941
.094
.0939
.0938
.0937
.0936
.0935
.0934
.0933
.0932
.0931
.093
.0929
.0928
.0927
.0926
.0925
.0924
.0923
.0922
.0921
.092
.0919
.0918
.0917
.0916
.0915
.0914
.0913
.0912
.0911
.091
.0909
.0908
.0907
.0906
.0905
.0904
.0903
.0902
.0901
.09
.0899
.0898
.0897
.0896
.0895
.0894
.0893
.0892
.0891
.089
.0889
.0889
.0888
.0887
.0886
.0885
.0884
.0883
.0882
.0881
.088
.0879
.0878
.0877
.0876
.0875
.0874
.0874
.0873
.0872
.0871
.087
.0869
.0868
.0867
.0866
.0865
.0864
.0864
.0863
.0862
.0861
.086
.0859
.0858
.0857
.0856
.0855
.0855
.0854
.0853
.0852
.0851
.085
.0849
.0848
.0848
.0847
.0846
.0845
.0844
.0843
.0842
.0841
.0841
.084
.0839
.0838
.0837
.0836
.0835
.0835
.0834
.0833
.0832
.0831
.083
.0829
.0829
.0828
.0827
.0826
.0825
.0824
.0824
.0823
.0822
.0821
.082
.0819
.0819
.0818
.0817
.0816
.0815
.0815
.0814
.0813
.0812
.0811
.081
.081
.0809
.0808
.0807
.0806
.0806
.0805
.0804
.0803
.0802
.0802
.0801
.08
.0799
.0798
.0798
.0797
.0796
.0795
.0795
.0794
.0793
.0792
.0791
.0791
.079
.0789
.0788
.0788
.0787
.0786
.0785
.0784
.0784
.0783
.0782
.0781
.0781
.078
.0779
.0778
.0778
.0777
.0776
.0775
.0775
.0774
.0773
.0772
.0772
.0771
.077
.0769
.0769
.0768
.0767
.0766
.0766
.0765
.0764
.0764
.0763
.0762
.0761
.0761
.076
.0759
.0758
.0758
.0757
.0756
.0756
.0755
.0754
.0753
.0753
.0752
.0751
.0751
.075
.0749
.0748
.0748
.0747
.0746
.0746
.0745
.0744
.0744
.0743
.0742
.0741
.0741
.074
.0739
.0739
.0738
.0737
.0737
.0736
.0735
.0735
.0734
.0733
.0733
.0732
.0731
.0731
.073
.0729
.0729
.0728
.0727
.0726
.0726
.0725
.0724
.0724
.0723
.0722
.0722
.0721
.0721
.072
.0719
.0719
.0718
.0717
.0717
.0716
.0715
.0715
.0714
.0713
.0713
.0712
.0711
.0711
.071
.0709
.0709
.0708
.0708
.0707
.0706
.0706
.0705
.0704
.0704
.0703
.0702
.0702
.0701
.0701
.07
.0699
.0699
.0698
.0697
.0697
.0696
.0696
.0695
.0694
.0694
.0693
.0692
.0692
.0691
.0691
.069
.0689
.0689
.0688
.0688
.0687
.0686
.0686
.0685
.0685
.0684
.0683
.0683
.0682
.0682
.0681
.068
.068
.0679
.0679
.0678
.0677
.0677
.0676
.0676
.0675
.0674
.0674
.0673
.0673
.0672
.0672
.0671
.067
.067
.0669
.0669
.0668
.0667
.0667
.0666
.0666
.0665
.0665
.0664
.0663
.0663
.0662
.0662
.0661
.0661
.066
.066
.0659
.0658
.0658
.0657
.0657
.0656
.0656
.0655
.0654
.0654
.0653
.0653
.0652
.0652
.0651
.0651
.065
.0649
.0649
.0648
.0648
.0647
.0647
.0646
.0646
.0645
.0645
.0644
.0644
.0643
.0642
.0642
.0641
.0641
.064
.064
.0639
.0639
.0638
.0638
.0637
.0637
.0636
.0635
.0635
.0634
.0634
.0633
.0633
.0632
.0632
.0631
.0631
.063
.063
.0629
.0629
.0628
.0628
.0627
.0627
.0626
.0626
.0625
.0625
.0624
.0624
.0623
.0623
.0622
.0622
.0621
.062
.062
.0619
.0619
.0618
.0618
.0617
.0617
.0616
.0616
.0615
.0615
.0614
.0614
.0613
.0613
.0612
.0612
.0611
.0611
.0611
.061
.061
.0609
.0609
.0608
.0608
.0607
.0607
.0606
.0606
.0605
.0605
.0604
.0604
.0603
.0603
.0602
.0602
.0601
.0601
.06
.06
.0599
.0599
.0598
.0598
.0597
.0597
.0597
.0596
.0596
.0595
.0595
.0594
.0594
.0593
.0593
.0592
.0592
.0591
.0591
.059
.059
.059
.0589
.0589
.0588
.0588
.0587
.0587
.0586
.0586
.0585
.0585
.0584
.0584
.0584
.0583
.0583
.0582
.0582
.0581
.0581
.058
.058
.058
.0579
.0579
.0578
.0578
.0577
.0577
.0576
.0576
.0576
.0575
.0575
.0574
.0574
.0573
.0573
.0572
.0572
.0572
.0571
.0571
.057
.057
.0569
.0569
.0569
.0568
.0568
.0567
.0567
.0566
.0566
.0565
.0565
.0565
.0564
.0564
.0563
.0563
.0562
.0562
.0562
.0561
.0561
.056
.056
.056
.0559
.0559
.0558
.0558
.0557
.0557
.0557
.0556
.0556
.0555
.0555
.0555
.0554
.0554
.0553
.0553
.0552
.0552
.0552
.0551
.0551
.055
.055
.055
.0549
.0549
.0548
.0548
.0548
.0547
.0547
.0546
.0546
.0546
.0545
.0545
.0544
.0544
.0544
.0543
.0543
.0542
.0542
.0542
.0541
.0541
.054
.054
.054
.0539
.0539
.0538
.0538
.0538
.0537
.0537
.0536
.0536
.0536
.0535
.0535
.0534
.0534
.0534
.0533
.0533
.0533
.0532
.0532
.0531
.0531
.0531
.053
.053
.0529
.0529
.0529
.0528
.0528
.0528
.0527
.0527
.0526
.0526
.0526
.0525
.0525
.0525
.0524
.0524
.0523
.0523
.0523
.0522
.0522
.0522
.0521
.0521
.052
.052
.052
.0519
.0519
.0519
.0518
.0518
.0518
.0517
.0517
.0516
.0516
.0516
.0515
.0515
.0515
.0514
.0514
.0514
.0513
.0513
.0512
.0512
.0512
.0511
.0511
.0511
.051
.051
.051
.0509
.0509
.0509
.0508
.0508
.0507
.0507
.0507
.0506
.0506
.0506
.0505
.0505
.0505
.0504
.0504
.0504
.0503
.0503
.0503
.0502
.0502
.0502
.0501
.0501
.05
.05
.05
