.572
.57
.5659
.5621
.5585
.5551
.552
.5491
.5464
.5439
.5416
.5395
.5376
.5359
.5344
.5331
.5318
.5307
.5298
.5289
.5282
.5275
.5269
.5264
.526
.5256
.5252
.5249
.5246
.5244
.5242
.524
.5238
.5236
.5235
.5233
.5232
.5231
.523
.5228
.5227
.5226
.5225
.5224
.5223
.5222
.5222
.5221
.522
.5219
.5218
.5217
.5216
.5215
.5214
.5213
.5212
.5211
.521
.5209
.5208
.5207
.5206
.5205
.5204
.5203
.5201
.52
.5199
.5198
.5197
.5196
.5195
.5193
.5192
.5191
.519
.5189
.5187
.5186
.5185
.5184
.5182
.5181
.518
.5178
.5177
.5176
.5174
.5173
.5172
.517
.5169
.5168
.5166
.5165
.5163
.5162
.516
.5159
.5158
.5156
.5155
.5153
.5152
.515
.5148
.5147
.5145
.5144
.5142
.5141
.5139
.5137
.5136
.5134
.5132
.5131
.5129
.5127
.5126
.5124
.5122
.512
.5119
.5117
.5115
.5113
.5111
.511
.5108
.5106
.5104
.5102
.51
.5098
.5097
.5095
.5093
.5091
.5089
.5087
.5085
.5083
.5081
.5079
.5077
.5075
.5073
.5071
.5069
.5066
.5064
.5062
.506
.5058
.5056
.5054
.5051
.5049
.5047
.5045
.5042
.504
.5038
.5036
.5033
.5031
.5029
.5026
.5024
.5021
.5019
.5017
.5014
.5012
.5009
.5007
.5004
.5002
.4999
.4997
.4994
.4992
.4989
.4987
.4984
.4981
.4979
.4976
.4974
.4971
.4968
.4965
.4963
.496
.4957
.4955
.4952
.4949
.4946
.4943
.494
.4938
.4935
.4932
.4929
.4926
.4923
.492
.4917
.4914
.4911
.4908
.4905
.4902
.4899
.4896
.4893
.489
.4887
.4884
.488
.4877
.4874
.4871
.4868
.4864
.4861
.4858
.4855
.4851
.4848
.4845
.4841
.4838
.4835
.4831
.4828
.4824
.4821
.4817
.4814
.481
.4807
.4803
.48
.4796
.4793
.4789
.4786
.4782
.4778
.4775
.4771
.4767
.4764
.476
.4756
.4752
.4749
.4745
.4741
.4737
.4733
.4729
.4726
.4722
.4718
.4714
.471
.4706
.4702
.4698
.4694
.469
.4686
.4682
.4678
.4674
.467
.4666
.4662
.4657
.4653
.4649
.4645
.4641
.4637
.4632
.4628
.4624
.4619
.4615
.4611
.4607
.4602
.4598
.4594
.4589
.4585
.458
.4576
.4571
.4567
.4563
.4558
.4554
.4549
.4545
.454
.4536
.4531
.4526
.4522
.4517
.4513
.4508
.4503
.4499
.4494
.4489
.4485
.448
.4475
.4471
.4466
.4461
.4456
.4452
.4447
.4442
.4437
.4432
.4428
.4423
.4418
.4413
.4408
.4403
.4398
.4394
.4389
.4384
.4379
.4374
.4369
.4364
.4359
.4354
.4349
.4344
.4339
.4334
.4329
.4324
.4319
.4314
.4309
.4304
.4299
.4294
.4289
.4284
.4279
.4274
.4269
.4264
.4259
.4254
.4249
.4244
.4238
.4233
.4228
.4223
.4218
.4213
.4208
.4203
.4198
.4193
.4187
.4182
.4177
.4172
.4167
.4162
.4157
.4151
.4146
.4141
.4136
.4131
.4126
.4121
.4116
.411
.4105
.41
.4095
.409
.4085
.4079
.4074
.4069
.4064
.4059
.4054
.4049
.4043
.4038
.4033
.4028
.4023
.4018
.4013
.4008
.4002
.3997
.3992
.3987
.3982
.3977
.3972
.3967
.3961
.3956
.3951
.3946
.3941
.3936
.3931
.3926
.3921
.3915
.391
.3905
.39
.3895
.389
.3885
.388
.3875
.387
.3865
.386
.3855
.385
.3845
.3839
.3834
.3829
.3824
.3819
.3814
.3809
.3804
.3799
.3794
.3789
.3784
.3779
.3774
.3769
.3764
.3759
.3754
.3749
.3744
.374
.3735
.373
.3725
.372
.3715
.371
.3705
.37
.3695
.369
.3685
.368
.3676
.3671
.3666
.3661
.3656
.3651
.3646
.3641
.3637
.3632
.3627
.3622
.3617
.3612
.3608
.3603
.3598
.3593
.3588
.3584
.3579
.3574
.3569
.3564
.356
.3555
.355
.3545
.3541
.3536
.3531
.3526
.3522
.3517
.3512
.3508
.3503
.3498
.3494
.3489
.3484
.3479
.3475
.347
.3466
.3461
.3456
.3452
.3447
.3442
.3438
.3433
.3429
.3424
.3419
.3415
.341
.3406
.3401
.3396
.3392
.3387
.3383
.3378
.3374
.3369
.3365
.336
.3356
.3351
.3347
.3342
.3338
.3333
.3329
.3324
.332
.3315
.3311
.3307
.3302
.3298
.3293
.3289
.3284
.328
.3276
.3271
.3267
.3262
.3258
.3254
.3249
.3245
.3241
.3236
.3232
.3228
.3223
.3219
.3215
.321
.3206
.3202
.3198
.3193
.3189
.3185
.3181
.3176
.3172
.3168
.3164
.3159
.3155
.3151
.3147
.3142
.3138
.3134
.313
.3126
.3122
.3117
.3113
.3109
.3105
.3101
.3097
.3093
.3088
.3084
.308
.3076
.3072
.3068
.3064
.306
.3056
.3052
.3048
.3044
.304
.3035
.3031
.3027
.3023
.3019
.3015
.3011
.3007
.3003
.2999
.2995
.2991
.2988
.2984
.298
.2976
.2972
.2968
.2964
.296
.2956
.2952
.2948
.2944
.294
.2937
.2933
.2929
.2925
.2921
.2917
.2913
.291
.2906
.2902
.2898
.2894
.289
.2887
.2883
.2879
.2875
.2871
.2868
.2864
.286
.2856
.2853
.2849
.2845
.2841
.2838
.2834
.283
.2827
.2823
.2819
.2815
.2812
.2808
.2804
.2801
.2797
.2793
.279
.2786
.2783
.2779
.2775
.2772
.2768
.2764
.2761
.2757
.2754
.275
.2746
.2743
.2739
.2736
.2732
.2729
.2725
.2722
.2718
.2714
.2711
.2707
.2704
.27
.2697
.2693
.269
.2686
.2683
.2679
.2676
.2673
.2669
.2666
.2662
.2659
.2655
.2652
.2648
.2645
.2642
.2638
.2635
.2631
.2628
.2625
.2621
.2618
.2615
.2611
.2608
.2604
.2601
.2598
.2594
.2591
.2588
.2585
.2581
.2578
.2575
.2571
.2568
.2565
.2561
.2558
.2555
.2552
.2548
.2545
.2542
.2539
.2535
.2532
.2529
.2526
.2522
.2519
.2516
.2513
.251
.2506
.2503
.25
.2497
.2494
.2491
.2487
.2484
.2481
.2478
.2475
.2472
.2469
.2465
.2462
.2459
.2456
.2453
.245
.2447
.2444
.2441
.2438
.2434
.2431
.2428
.2425
.2422
.2419
.2416
.2413
.241
.2407
.2404
.2401
.2398
.2395
.2392
.2389
.2386
.2383
.238
.2377
.2374
.2371
.2368
.2365
.2362
.2359
.2356
.2353
.235
.2347
.2345
.2342
.2339
.2336
.2333
.233
.2327
.2324
.2321
.2318
.2316
.2313
.231
.2307
.2304
.2301
.2298
.2295
.2293
.229
.2287
.2284
.2281
.2278
.2276
.2273
.227
.2267
.2264
.2262
.2259
.2256
.2253
.2251
.2248
.2245
.2242
.2239
.2237
.2234
.2231
.2229
.2226
.2223
.222
.2218
.2215
.2212
.2209
.2207
.2204
.2201
.2199
.2196
.2193
.2191
.2188
.2185
.2183
.218
.2177
.2175
.2172
.2169
.2167
.2164
.2161
.2159
.2156
.2154
.2151
.2148
.2146
.2143
.2141
.2138
.2135
.2133
.213
.2128
.2125
.2123
.212
.2117
.2115
.2112
.211
.2107
.2105
.2102
.21
.2097
.2095
.2092
.209
.2087
.2085
.2082
.208
.2077
.2075
.2072
.207
.2067
.2065
.2062
.206
.2057
.2055
.2052
.205
.2047
.2045
.2043
.204
.2038
.2035
.2033
.203
.2028
.2026
.2023
.2021
.2018
.2016
.2014
.2011
.2009
.2007
.2004
.2002
.1999
.1997
.1995
.1992
.199
.1988
.1985
.1983
.1981
.1978
.1976
.1974
.1971
.1969
.1967
.1964
.1962
.196
.1957
.1955
.1953
.1951
.1948
.1946
.1944
.1941
.1939
.1937
.1935
.1932
.193
.1928
.1926
.1923
.1921
.1919
.1917
.1914
.1912
.191
.1908
.1906
.1903
.1901
.1899
.1897
.1895
.1892
.189
.1888
.1886
.1884
.1881
.1879
.1877
.1875
.1873
.1871
.1868
.1866
.1864
.1862
.186
.1858
.1856
.1853
.1851
.1849
.1847
.1845
.1843
.1841
.1839
.1836
.1834
.1832
.183
.1828
.1826
.1824
.1822
.182
.1818
.1816
.1814
.1811
.1809
.1807
.1805
.1803
.1801
.1799
.1797
.1795
.1793
.1791
.1789
.1787
.1785
.1783
.1781
.1779
.1777
.1775
.1773
.1771
.1769
.1767
.1765
.1763
.1761
.1759
.1757
.1755
.1753
.1751
.1749
.1747
.1745
.1743
.1741
.1739
.1737
.1735
.1733
.1731
.173
.1728
.1726
.1724
.1722
.172
.1718
.1716
.1714
.1712
.171
.1708
.1707
.1705
.1703
.1701
.1699
.1697
.1695
.1693
.1691
.169
.1688
.1686
.1684
.1682
.168
.1678
.1676
.1675
.1673
.1671
.1669
.1667
.1665
.1664
.1662
.166
.1658
.1656
.1654
.1653
.1651
.1649
.1647
.1645
.1644
.1642
.164
.1638
.1636
.1635
.1633
.1631
.1629
.1628
.1626
.1624
.1622
.162
.1619
.1617
.1615
.1613
.1612
.161
.1608
.1606
.1605
.1603
.1601
.1599
.1598
.1596
.1594
.1593
.1591
.1589
.1587
.1586
.1584
.1582
.1581
.1579
.1577
.1575
.1574
.1572
.157
.1569
.1567
.1565
.1564
.1562
.156
.1559
.1557
.1555
.1554
.1552
.155
.1549
.1547
.1545
.1544
.1542
.154
.1539
.1537
.1535
.1534
.1532
.1531
.1529
.1527
.1526
.1524
.1522
.1521
.1519
.1518
.1516
.1514
.1513
.1511
.151
.1508
.1506
.1505
.1503
.1502
.15
.1499
.1497
.1495
.1494
.1492
.1491
.1489
.1488
.1486
.1484
.1483
.1481
.148
.1478
.1477
.1475
.1474
.1472
.147
.1469
.1467
.1466
.1464
.1463
.1461
.146
.1458
.1457
.1455
.1454
.1452
.1451
.1449
.1448
.1446
.1445
.1443
.1442
.144
.1439
.1437
.1436
.1434
.1433
.1431
.143
.1428
.1427
.1425
.1424
.1422
.1421
.1419
.1418
.1417
.1415
.1414
.1412
.1411
.1409
.1408
.1406
.1405
.1404
.1402
.1401
.1399
.1398
.1396
.1395
.1394
.1392
.1391
.1389
.1388
.1386
.1385
.1384
.1382
.1381
.1379
.1378
.1377
.1375
.1374
.1372
.1371
.137
.1368
.1367
.1365
.1364
.1363
.1361
.136
.1359
.1357
.1356
.1354
.1353
.1352
.135
.1349
.1348
.1346
.1345
.1344
.1342
.1341
.1339
.1338
.1337
.1335
.1334
.1333
.1331
.133
.1329
.1327
.1326
.1325
.1323
.1322
.1321
.132
.1318
.1317
.1316
.1314
.1313
.1312
.131
.1309
.1308
.1306
.1305
.1304
.1303
.1301
.13
.1299
.1297
.1296
.1295
.1293
.1292
.1291
.129
.1288
.1287
.1286
.1285
.1283
.1282
.1281
.1279
.1278
.1277
.1276
.1274
.1273
.1272
.1271
.1269
.1268
.1267
.1266
.1264
.1263
.1262
.1261
.126
.1258
.1257
.1256
.1255
.1253
.1252
.1251
.125
.1248
.1247
.1246
.1245
.1244
.1242
.1241
.124
.1239
.1238
.1236
.1235
.1234
.1233
.1232
.123
.1229
.1228
.1227
.1226
.1224
.1223
.1222
.1221
.122
.1218
.1217
.1216
.1215
.1214
.1213
.1211
.121
.1209
.1208
.1207
.1206
.1204
.1203
.1202
.1201
.12
.1199
.1197
.1196
.1195
.1194
.1193
.1192
.119
.1189
.1188
.1187
.1186
.1185
.1184
.1182
.1181
.118
.1179
.1178
.1177
.1176
.1175
.1173
.1172
.1171
.117
.1169
.1168
.1167
.1166
.1164
.1163
.1162
.1161
.116
.1159
.1158
.1157
.1156
.1155
.1153
.1152
.1151
.115
.1149
.1148
.1147
.1146
.1145
.1144
.1142
.1141
.114
.1139
.1138
.1137
.1136
.1135
.1134
.1133
.1132
.1131
.1129
.1128
.1127
.1126
.1125
.1124
.1123
.1122
.1121
.112
.1119
.1118
.1117
.1116
.1115
.1114
.1112
.1111
.111
.1109
.1108
.1107
.1106
.1105
.1104
.1103
.1102
.1101
.11
.1099
.1098
.1097
.1096
.1095
.1094
.1093
.1092
.1091
.109
.1089
.1087
.1086
.1085
.1084
.1083
.1082
.1081
.108
.1079
.1078
.1077
.1076
.1075
.1074
.1073
.1072
.1071
.107
.1069
.1068
.1067
.1066
.1065
.1064
.1063
.1062
.1061
.106
.1059
.1058
.1057
.1056
.1055
.1054
.1053
.1052
.1051
.105
.1049
.1048
.1047
.1046
.1045
.1044
.1043
.1042
.1041
.104
.1039
.1038
.1037
.1036
.1035
.1034
.1033
.1032
.1031
.103
.1029
.1028
.1028
.1027
.1026
.1025
.1024
.1023
.1022
.1021
.102
.1019
.1018
.1017
.1016
.1015
.1014
.1013
.1012
.1011
.101
.1009
.1008
.1007
.1006
.1005
.1004
.1003
.1002
.1001
.1001
.1
.0999
.0998
.0997
.0996
.0995
.0994
.0993
.0992
.0991
.099
.0989
.0988
.0987
.0986
.0985
.0984
.0983
.0983
.0982
.0981
.098
.0979
.0978
.0977
.0976
.0975
.0974
.0973
.0972
.0971
.097
.0969
.0968
.0967
.0967
.0966
.0965
.0964
.0963
.0962
.0961
.096
.0959
.0958
.0957
.0956
.0955
.0954
.0954
.0953
.0952
.0951
.095
.0949
.0948
.0947
.0946
.0945
.0944
.0943
.0942
.0941
.0941
.094
.0939
.0938
.0937
.0936
.0935
.0934
.0933
.0932
.0931
.093
.0929
.0929
.0928
.0927
.0926
.0925
.0924
.0923
.0922
.0921
.092
.0919
.0918
.0918
.0917
.0916
.0915
.0914
.0913
.0912
.0911
.091
.0909
.0908
.0907
.0907
.0906
.0905
.0904
.0903
.0902
.0901
.09
.0899
.0898
.0897
.0896
.0896
.0895
.0894
.0893
.0892
.0891
.089
.0889
.0888
.0887
.0886
.0886
.0885
.0884
.0883
.0882
.0881
.088
.0879
.0878
.0877
.0876
.0876
.0875
.0874
.0873
.0872
.0871
.087
.0869
.0868
.0867
.0866
.0866
.0865
.0864
.0863
.0862
.0861
.086
.0859
.0858
.0857
.0856
.0856
.0855
.0854
.0853
.0852
.0851
.085
.0849
.0848
.0847
.0846
.0846
.0845
.0844
.0843
.0842
.0841
.084
.0839
.0838
.0837
.0836
.0836
.0835
.0834
.0833
.0832
.0831
.083
.0829
.0828
.0827
.0827
.0826
.0825
.0824
.0823
.0822
.0821
.082
.0819
.0818
.0817
.0817
.0816
.0815
.0814
.0813
.0812
.0811
.081
.0809
.0808
.0808
.0807
.0806
.0805
.0804
.0803
.0802
.0801
.08
.0799
.0799
.0798
.0797
.0796
.0795
.0794
.0793
.0792
.0791
.0791
.079
.0789
.0788
.0787
.0786
.0785
.0784
.0783
.0783
.0782
.0781
.078
.0779
.0778
.0777
.0776
.0775
.0775
.0774
.0773
.0772
.0771
.077
.0769
.0768
.0767
.0767
.0766
.0765
.0764
.0763
.0762
.0761
.076
.076
.0759
.0758
.0757
.0756
.0755
.0754
.0754
.0753
.0752
.0751
.075
.0749
.0748
.0747
.0747
.0746
.0745
.0744
.0743
.0742
.0741
.0741
.074
.0739
.0738
.0737
.0736
.0736
.0735
.0734
.0733
.0732
.0731
.073
.073
.0729
.0728
.0727
.0726
.0725
.0725
.0724
.0723
.0722
.0721
.072
.072
.0719
.0718
.0717
.0716
.0715
.0715
.0714
.0713
.0712
.0711
.0711
.071
.0709
.0708
.0707
.0707
.0706
.0705
.0704
.0703
.0703
.0702
.0701
.07
.0699
.0699
.0698
.0697
.0696
.0695
.0695
.0694
.0693
.0692
.0691
.0691
.069
.0689
.0688
.0688
.0687
.0686
.0685
.0684
.0684
.0683
.0682
.0681
.0681
.068
.0679
.0678
.0678
.0677
.0676
.0675
.0675
.0674
.0673
.0672
.0672
.0671
.067
.0669
.0669
.0668
.0667
.0666
.0666
.0665
.0664
.0664
.0663
.0662
.0661
.0661
.066
.0659
.0659
.0658
.0657
.0656
.0656
.0655
.0654
.0654
.0653
.0652
.0651
.0651
.065
.0649
.0649
.0648
.0647
.0647
.0646
.0645
.0645
.0644
.0643
.0643
.0642
.0641
.0641
.064
.0639
.0639
.0638
.0637
.0637
.0636
.0635
.0635
.0634
.0633
.0633
.0632
.0631
.0631
.063
.0629
.0629
.0628
.0627
.0627
.0626
.0625
.0625
.0624
.0624
.0623
.0622
.0622
.0621
.062
.062
.0619
.0619
.0618
.0617
.0617
.0616
.0615
.0615
.0614
.0614
.0613
.0612
.0612
.0611
.0611
.061
.0609
.0609
.0608
.0608
.0607
.0606
.0606
.0605
.0605
.0604
.0603
.0603
.0602
.0602
.0601
.0601
.06
.0599
.0599
.0598
.0598
.0597
.0596
.0596
.0595
.0595
.0594
.0594
.0593
.0593
.0592
.0591
.0591
.059
.059
.0589
.0589
.0588
.0588
.0587
.0586
.0586
.0585
.0585
.0584
.0584
.0583
.0583
.0582
.0582
.0581
.058
.058
.0579
.0579
.0578
.0578
.0577
.0577
.0576
.0576
.0575
.0575
.0574
.0574
.0573
.0573
.0572
.0572
.0571
.0571
.057
.057
.0569
.0569
.0568
.0568
.0567
.0567
.0566
.0566
.0565
.0565
.0564
.0564
.0563
.0563
.0562
.0562
.0561
.0561
.056
.056
.0559
.0559
.0558
.0558
.0557
.0557
.0556
.0556
.0555
.0555
.0554
.0554
.0553
.0553
.0552
.0552
.0551
.0551
.0551
.055
.055
.0549
.0549
.0548
.0548
.0547
.0547
.0546
.0546
.0545
.0545
.0545
.0544
.0544
.0543
.0543
.0542
.0542
.0541
.0541
.054
.054
.054
.0539
.0539
.0538
.0538
.0537
.0537
.0536
.0536
.0536
.0535
.0535
.0534
.0534
.0533
.0533
.0533
.0532
.0532
.0531
.0531
.053
.053
.053
.0529
.0529
.0528
.0528
.0527
.0527
.0527
.0526
.0526
.0525
.0525
.0524
.0524
.0524
.0523
.0523
.0522
.0522
.0522
.0521
.0521
.052
.052
.052
.0519
.0519
.0518
.0518
.0517
.0517
.0517
.0516
.0516
.0515
.0515
.0515
.0514
.0514
.0513
.0513
.0513
.0512
.0512
.0511
.0511
.0511
.051
.051
.051
.0509
.0509
.0508
.0508
.0508
.0507
.0507
.0506
.0506
.0506
.0505
.0505
.0505
.0504
.0504
.0503
.0503
.0503
.0502
.0502
.0501
.0501
.0501
.05
.05
