.6687
.6633
.6563
.6492
.642
.6347
.6274
.6201
.6129
.6057
.5987
.5918
.5851
.5787
.5725
.5667
.5612
.5561
.5514
.5471
.5431
.5395
.5363
.5334
.5309
.5287
.5267
.525
.5235
.5222
.5211
.5202
.5193
.5186
.518
.5175
.5171
.5167
.5164
.5162
.5159
.5157
.5156
.5154
.5153
.5152
.5151
.515
.5149
.5149
.5148
.5148
.5147
.5147
.5146
.5146
.5145
.5145
.5145
.5144
.5144
.5144
.5143
.5143
.5143
.5142
.5142
.5142
.5141
.5141
.5141
.514
.514
.514
.5139
.5139
.5139
.5138
.5138
.5138
.5137
.5137
.5137
.5136
.5136
.5136
.5135
.5135
.5135
.5134
.5134
.5133
.5133
.5133
.5132
.5132
.5131
.5131
.5131
.513
.513
.513
.5129
.5129
.5128
.5128
.5127
.5127
.5127
.5126
.5126
.5125
.5125
.5124
.5124
.5124
.5123
.5123
.5122
.5122
.5121
.5121
.512
.512
.5119
.5119
.5118
.5118
.5117
.5117
.5116
.5116
.5115
.5115
.5114
.5114
.5113
.5113
.5112
.5111
.5111
.511
.511
.5109
.5108
.5108
.5107
.5107
.5106
.5105
.5105
.5104
.5104
.5103
.5102
.5102
.5101
.51
.5099
.5099
.5098
.5097
.5097
.5096
.5095
.5094
.5094
.5093
.5092
.5091
.509
.509
.5089
.5088
.5087
.5086
.5085
.5085
.5084
.5083
.5082
.5081
.508
.5079
.5078
.5077
.5076
.5075
.5074
.5073
.5072
.5071
.507
.5069
.5068
.5067
.5066
.5065
.5063
.5062
.5061
.506
.5059
.5057
.5056
.5055
.5054
.5052
.5051
.505
.5048
.5047
.5046
.5044
.5043
.5041
.504
.5038
.5037
.5035
.5034
.5032
.503
.5029
.5027
.5026
.5024
.5022
.502
.5019
.5017
.5015
.5013
.5011
.5009
.5008
.5006
.5004
.5002
.5
.4998
.4995
.4993
.4991
.4989
.4987
.4985
.4982
.498
.4978
.4975
.4973
.4971
.4968
.4966
.4963
.4961
.4958
.4955
.4953
.495
.4947
.4944
.4942
.4939
.4936
.4933
.493
.4927
.4924
.4921
.4918
.4915
.4911
.4908
.4905
.4902
.4898
.4895
.4891
.4888
.4884
.4881
.4877
.4873
.487
.4866
.4862
.4858
.4854
.4851
.4847
.4842
.4838
.4834
.483
.4826
.4822
.4817
.4813
.4809
.4804
.48
.4795
.479
.4786
.4781
.4776
.4771
.4767
.4762
.4757
.4752
.4747
.4742
.4736
.4731
.4726
.4721
.4715
.471
.4704
.4699
.4693
.4688
.4682
.4676
.4671
.4665
.4659
.4653
.4647
.4641
.4635
.4629
.4623
.4617
.461
.4604
.4598
.4591
.4585
.4578
.4572
.4565
.4559
.4552
.4545
.4539
.4532
.4525
.4518
.4511
.4504
.4497
.449
.4483
.4476
.4469
.4461
.4454
.4447
.4439
.4432
.4425
.4417
.441
.4402
.4394
.4387
.4379
.4371
.4364
.4356
.4348
.434
.4332
.4325
.4317
.4309
.4301
.4293
.4285
.4277
.4268
.426
.4252
.4244
.4236
.4228
.4219
.4211
.4203
.4194
.4186
.4178
.4169
.4161
.4152
.4144
.4135
.4127
.4118
.411
.4101
.4093
.4084
.4075
.4067
.4058
.4049
.4041
.4032
.4023
.4015
.4006
.3997
.3988
.398
.3971
.3962
.3953
.3944
.3936
.3927
.3918
.3909
.39
.3892
.3883
.3874
.3865
.3856
.3847
.3838
.383
.3821
.3812
.3803
.3794
.3785
.3776
.3768
.3759
.375
.3741
.3732
.3723
.3715
.3706
.3697
.3688
.3679
.367
.3662
.3653
.3644
.3635
.3626
.3618
.3609
.36
.3591
.3583
.3574
.3565
.3556
.3548
.3539
.353
.3522
.3513
.3504
.3496
.3487
.3478
.347
.3461
.3453
.3444
.3436
.3427
.3419
.341
.3402
.3393
.3385
.3376
.3368
.3359
.3351
.3342
.3334
.3326
.3317
.3309
.3301
.3293
.3284
.3276
.3268
.326
.3251
.3243
.3235
.3227
.3219
.3211
.3202
.3194
.3186
.3178
.317
.3162
.3154
.3146
.3138
.313
.3123
.3115
.3107
.3099
.3091
.3083
.3076
.3068
.306
.3052
.3045
.3037
.3029
.3022
.3014
.3006
.2999
.2991
.2984
.2976
.2969
.2961
.2954
.2946
.2939
.2931
.2924
.2917
.2909
.2902
.2895
.2888
.288
.2873
.2866
.2859
.2851
.2844
.2837
.283
.2823
.2816
.2809
.2802
.2795
.2788
.2781
.2774
.2767
.276
.2753
.2746
.274
.2733
.2726
.2719
.2712
.2706
.2699
.2692
.2686
.2679
.2672
.2666
.2659
.2653
.2646
.264
.2633
.2627
.262
.2614
.2607
.2601
.2595
.2588
.2582
.2576
.2569
.2563
.2557
.255
.2544
.2538
.2532
.2526
.252
.2513
.2507
.2501
.2495
.2489
.2483
.2477
.2471
.2465
.2459
.2453
.2447
.2442
.2436
.243
.2424
.2418
.2412
.2407
.2401
.2395
.2389
.2384
.2378
.2372
.2367
.2361
.2356
.235
.2344
.2339
.2333
.2328
.2322
.2317
.2311
.2306
.2301
.2295
.229
.2284
.2279
.2274
.2268
.2263
.2258
.2253
.2247
.2242
.2237
.2232
.2227
.2221
.2216
.2211
.2206
.2201
.2196
.2191
.2186
.2181
.2176
.2171
.2166
.2161
.2156
.2151
.2146
.2141
.2136
.2132
.2127
.2122
.2117
.2112
.2108
.2103
.2098
.2093
.2089
.2084
.2079
.2075
.207
.2065
.2061
.2056
.2051
.2047
.2042
.2038
.2033
.2029
.2024
.202
.2015
.2011
.2006
.2002
.1998
.1993
.1989
.1984
.198
.1976
.1971
.1967
.1963
.1959
.1954
.195
.1946
.1942
.1937
.1933
.1929
.1925
.1921
.1917
.1912
.1908
.1904
.19
.1896
.1892
.1888
.1884
.188
.1876
.1872
.1868
.1864
.186
.1856
.1852
.1848
.1844
.184
.1836
.1833
.1829
.1825
.1821
.1817
.1813
.181
.1806
.1802
.1798
.1795
.1791
.1787
.1783
.178
.1776
.1772
.1769
.1765
.1761
.1758
.1754
.1751
.1747
.1743
.174
.1736
.1733
.1729
.1726
.1722
.1719
.1715
.1712
.1708
.1705
.1701
.1698
.1695
.1691
.1688
.1684
.1681
.1678
.1674
.1671
.1668
.1664
.1661
.1658
.1654
.1651
.1648
.1644
.1641
.1638
.1635
.1631
.1628
.1625
.1622
.1619
.1616
.1612
.1609
.1606
.1603
.16
.1597
.1594
.159
.1587
.1584
.1581
.1578
.1575
.1572
.1569
.1566
.1563
.156
.1557
.1554
.1551
.1548
.1545
.1542
.1539
.1536
.1533
.1531
.1528
.1525
.1522
.1519
.1516
.1513
.151
.1508
.1505
.1502
.1499
.1496
.1493
.1491
.1488
.1485
.1482
.148
.1477
.1474
.1471
.1469
.1466
.1463
.1461
.1458
.1455
.1452
.145
.1447
.1445
.1442
.1439
.1437
.1434
.1431
.1429
.1426
.1424
.1421
.1418
.1416
.1413
.1411
.1408
.1406
.1403
.1401
.1398
.1396
.1393
.1391
.1388
.1386
.1383
.1381
.1378
.1376
.1373
.1371
.1369
.1366
.1364
.1361
.1359
.1356
.1354
.1352
.1349
.1347
.1345
.1342
.134
.1338
.1335
.1333
.1331
.1328
.1326
.1324
.1321
.1319
.1317
.1315
.1312
.131
.1308
.1306
.1303
.1301
.1299
.1297
.1294
.1292
.129
.1288
.1286
.1283
.1281
.1279
.1277
.1275
.1273
.127
.1268
.1266
.1264
.1262
.126
.1258
.1256
.1253
.1251
.1249
.1247
.1245
.1243
.1241
.1239
.1237
.1235
.1233
.1231
.1229
.1227
.1225
.1223
.1221
.1219
.1217
.1215
.1213
.1211
.1209
.1207
.1205
.1203
.1201
.1199
.1197
.1195
.1193
.1191
.1189
.1187
.1185
.1184
.1182
.118
.1178
.1176
.1174
.1172
.117
.1168
.1167
.1165
.1163
.1161
.1159
.1157
.1156
.1154
.1152
.115
.1148
.1146
.1145
.1143
.1141
.1139
.1137
.1136
.1134
.1132
.113
.1129
.1127
.1125
.1123
.1122
.112
.1118
.1116
.1115
.1113
.1111
.111
.1108
.1106
.1104
.1103
.1101
.1099
.1098
.1096
.1094
.1093
.1091
.1089
.1088
.1086
.1084
.1083
.1081
.108
.1078
.1076
.1075
.1073
.1071
.107
.1068
.1067
.1065
.1063
.1062
.106
.1059
.1057
.1055
.1054
.1052
.1051
.1049
.1048
.1046
.1045
.1043
.1042
.104
.1038
.1037
.1035
.1034
.1032
.1031
.1029
.1028
.1026
.1025
.1023
.1022
.102
.1019
.1017
.1016
.1015
.1013
.1012
.101
.1009
.1007
.1006
.1004
.1003
.1001
.1
.0999
.0997
.0996
.0994
.0993
.0991
.099
.0989
.0987
.0986
.0984
.0983
.0982
.098
.0979
.0978
.0976
.0975
.0973
.0972
.0971
.0969
.0968
.0967
.0965
.0964
.0963
.0961
.096
.0959
.0957
.0956
.0955
.0953
.0952
.0951
.0949
.0948
.0947
.0945
.0944
.0943
.0942
.094
.0939
.0938
.0936
.0935
.0934
.0933
.0931
.093
.0929
.0928
.0926
.0925
.0924
.0923
.0921
.092
.0919
.0918
.0916
.0915
.0914
.0913
.0911
.091
.0909
.0908
.0907
.0905
.0904
.0903
.0902
.0901
.0899
.0898
.0897
.0896
.0895
.0893
.0892
.0891
.089
.0889
.0888
.0886
.0885
.0884
.0883
.0882
.0881
.0879
.0878
.0877
.0876
.0875
.0874
.0873
.0871
.087
.0869
.0868
.0867
.0866
.0865
.0864
.0863
.0861
.086
.0859
.0858
.0857
.0856
.0855
.0854
.0853
.0852
.085
.0849
.0848
.0847
.0846
.0845
.0844
.0843
.0842
.0841
.084
.0839
.0838
.0837
.0836
.0835
.0833
.0832
.0831
.083
.0829
.0828
.0827
.0826
.0825
.0824
.0823
.0822
.0821
.082
.0819
.0818
.0817
.0816
.0815
.0814
.0813
.0812
.0811
.081
.0809
.0808
.0807
.0806
.0805
.0804
.0803
.0802
.0801
.08
.0799
.0798
.0797
.0796
.0795
.0794
.0793
.0792
.0792
.0791
.079
.0789
.0788
.0787
.0786
.0785
.0784
.0783
.0782
.0781
.078
.0779
.0778
.0777
.0776
.0776
.0775
.0774
.0773
.0772
.0771
.077
.0769
.0768
.0767
.0766
.0766
.0765
.0764
.0763
.0762
.0761
.076
.0759
.0758
.0758
.0757
.0756
.0755
.0754
.0753
.0752
.0751
.075
.075
.0749
.0748
.0747
.0746
.0745
.0744
.0744
.0743
.0742
.0741
.074
.0739
.0738
.0738
.0737
.0736
.0735
.0734
.0733
.0733
.0732
.0731
.073
.0729
.0728
.0728
.0727
.0726
.0725
.0724
.0724
.0723
.0722
.0721
.072
.0719
.0719
.0718
.0717
.0716
.0715
.0715
.0714
.0713
.0712
.0711
.0711
.071
.0709
.0708
.0708
.0707
.0706
.0705
.0704
.0704
.0703
.0702
.0701
.0701
.07
.0699
.0698
.0697
.0697
.0696
.0695
.0694
.0694
.0693
.0692
.0691
.0691
.069
.0689
.0688
.0688
.0687
.0686
.0685
.0685
.0684
.0683
.0683
.0682
.0681
.068
.068
.0679
.0678
.0677
.0677
.0676
.0675
.0675
.0674
.0673
.0672
.0672
.0671
.067
.0669
.0669
.0668
.0667
.0667
.0666
.0665
.0665
.0664
.0663
.0662
.0662
.0661
.066
.066
.0659
.0658
.0658
.0657
.0656
.0656
.0655
.0654
.0653
.0653
.0652
.0651
.0651
.065
.0649
.0649
.0648
.0647
.0647
.0646
.0645
.0645
.0644
.0643
.0643
.0642
.0641
.0641
.064
.0639
.0639
.0638
.0638
.0637
.0636
.0636
.0635
.0634
.0634
.0633
.0632
.0632
.0631
.063
.063
.0629
.0629
.0628
.0627
.0627
.0626
.0625
.0625
.0624
.0623
.0623
.0622
.0622
.0621
.062
.062
.0619
.0619
.0618
.0617
.0617
.0616
.0615
.0615
.0614
.0614
.0613
.0612
.0612
.0611
.0611
.061
.0609
.0609
.0608
.0608
.0607
.0606
.0606
.0605
.0605
.0604
.0603
.0603
.0602
.0602
.0601
.06
.06
.0599
.0599
.0598
.0598
.0597
.0596
.0596
.0595
.0595
.0594
.0594
.0593
.0592
.0592
.0591
.0591
.059
.059
.0589
.0588
.0588
.0587
.0587
.0586
.0586
.0585
.0584
.0584
.0583
.0583
.0582
.0582
.0581
.0581
.058
.058
.0579
.0578
.0578
.0577
.0577
.0576
.0576
.0575
.0575
.0574
.0574
.0573
.0572
.0572
.0571
.0571
.057
.057
.0569
.0569
.0568
.0568
.0567
.0567
.0566
.0566
.0565
.0564
.0564
.0563
.0563
.0562
.0562
.0561
.0561
.056
.056
.0559
.0559
.0558
.0558
.0557
.0557
.0556
.0556
.0555
.0555
.0554
.0554
.0553
.0553
.0552
.0552
.0551
.0551
.055
.055
.0549
.0549
.0548
.0548
.0547
.0547
.0546
.0546
.0545
.0545
.0544
.0544
.0543
.0543
.0542
.0542
.0541
.0541
.054
.054
.0539
.0539
.0538
.0538
.0537
.0537
.0536
.0536
.0536
.0535
.0535
.0534
.0534
.0533
.0533
.0532
.0532
.0531
.0531
.053
.053
.0529
.0529
.0528
.0528
.0528
.0527
.0527
.0526
.0526
.0525
.0525
.0524
.0524
.0523
.0523
.0522
.0522
.0522
.0521
.0521
.052
.052
.0519
.0519
.0518
.0518
.0518
.0517
.0517
.0516
.0516
.0515
.0515
.0514
.0514
.0514
.0513
.0513
.0512
.0512
.0511
.0511
.051
.051
.051
.0509
.0509
.0508
.0508
.0507
.0507
.0507
.0506
.0506
.0505
.0505
.0504
.0504
.0504
.0503
.0503
.0502
.0502
.0501
.0501
.0501
.05
.05
