.5417
.5417
.5397
.5379
.5362
.5347
.5332
.5319
.5307
.5295
.5285
.5276
.5267
.5259
.5252
.5245
.5239
.5233
.5228
.5223
.5219
.5215
.5211
.5207
.5203
.52
.5196
.5193
.519
.5187
.5184
.5181
.5177
.5174
.5171
.5168
.5165
.5162
.5159
.5156
.5153
.5149
.5146
.5143
.5139
.5136
.5132
.5129
.5125
.5122
.5118
.5114
.5111
.5107
.5103
.5099
.5095
.5091
.5087
.5083
.5079
.5075
.507
.5066
.5062
.5057
.5053
.5048
.5044
.5039
.5034
.503
.5025
.502
.5015
.501
.5006
.5001
.4996
.499
.4985
.498
.4975
.497
.4964
.4959
.4954
.4948
.4943
.4937
.4931
.4926
.492
.4914
.4909
.4903
.4897
.4891
.4885
.4879
.4873
.4867
.4861
.4855
.4848
.4842
.4836
.4829
.4823
.4817
.481
.4804
.4797
.4791
.4784
.4777
.4771
.4764
.4757
.475
.4743
.4737
.473
.4723
.4716
.4709
.4702
.4695
.4688
.468
.4673
.4666
.4659
.4652
.4644
.4637
.463
.4622
.4615
.4607
.46
.4592
.4585
.4577
.457
.4562
.4555
.4547
.4539
.4532
.4524
.4516
.4508
.4501
.4493
.4485
.4477
.4469
.4461
.4454
.4446
.4438
.443
.4422
.4414
.4406
.4398
.439
.4382
.4374
.4366
.4358
.435
.4341
.4333
.4325
.4317
.4309
.4301
.4293
.4284
.4276
.4268
.426
.4252
.4243
.4235
.4227
.4219
.421
.4202
.4194
.4186
.4177
.4169
.4161
.4153
.4144
.4136
.4128
.4119
.4111
.4103
.4095
.4086
.4078
.407
.4061
.4053
.4045
.4036
.4028
.402
.4012
.4003
.3995
.3987
.3978
.397
.3962
.3953
.3945
.3937
.3929
.392
.3912
.3904
.3895
.3887
.3879
.3871
.3862
.3854
.3846
.3838
.3829
.3821
.3813
.3805
.3796
.3788
.378
.3772
.3764
.3755
.3747
.3739
.3731
.3723
.3714
.3706
.3698
.369
.3682
.3674
.3666
.3657
.3649
.3641
.3633
.3625
.3617
.3609
.3601
.3593
.3585
.3577
.3569
.3561
.3553
.3545
.3537
.3529
.3521
.3513
.3505
.3497
.3489
.3481
.3473
.3465
.3457
.3449
.3441
.3434
.3426
.3418
.341
.3402
.3394
.3386
.3379
.3371
.3363
.3355
.3348
.334
.3332
.3324
.3317
.3309
.3301
.3294
.3286
.3278
.3271
.3263
.3255
.3248
.324
.3233
.3225
.3218
.321
.3202
.3195
.3187
.318
.3172
.3165
.3158
.315
.3143
.3135
.3128
.312
.3113
.3106
.3098
.3091
.3084
.3076
.3069
.3062
.3055
.3047
.304
.3033
.3026
.3018
.3011
.3004
.2997
.299
.2983
.2976
.2969
.2961
.2954
.2947
.294
.2933
.2926
.2919
.2912
.2905
.2898
.2891
.2884
.2878
.2871
.2864
.2857
.285
.2843
.2836
.283
.2823
.2816
.2809
.2803
.2796
.2789
.2782
.2776
.2769
.2762
.2756
.2749
.2743
.2736
.2729
.2723
.2716
.271
.2703
.2697
.269
.2684
.2677
.2671
.2665
.2658
.2652
.2645
.2639
.2633
.2626
.262
.2614
.2608
.2601
.2595
.2589
.2583
.2576
.257
.2564
.2558
.2552
.2546
.254
.2534
.2528
.2521
.2515
.2509
.2503
.2497
.2491
.2485
.248
.2474
.2468
.2462
.2456
.245
.2444
.2438
.2433
.2427
.2421
.2415
.2409
.2404
.2398
.2392
.2387
.2381
.2375
.237
.2364
.2358
.2353
.2347
.2342
.2336
.233
.2325
.2319
.2314
.2308
.2303
.2298
.2292
.2287
.2281
.2276
.2271
.2265
.226
.2255
.2249
.2244
.2239
.2233
.2228
.2223
.2218
.2212
.2207
.2202
.2197
.2192
.2187
.2182
.2176
.2171
.2166
.2161
.2156
.2151
.2146
.2141
.2136
.2131
.2126
.2121
.2116
.2112
.2107
.2102
.2097
.2092
.2087
.2082
.2078
.2073
.2068
.2063
.2059
.2054
.2049
.2044
.204
.2035
.203
.2026
.2021
.2016
.2012
.2007
.2003
.1998
.1994
.1989
.1984
.198
.1975
.1971
.1967
.1962
.1958
.1953
.1949
.1944
.194
.1936
.1931
.1927
.1923
.1918
.1914
.191
.1905
.1901
.1897
.1893
.1889
.1884
.188
.1876
.1872
.1868
.1863
.1859
.1855
.1851
.1847
.1843
.1839
.1835
.1831
.1827
.1823
.1819
.1815
.1811
.1807
.1803
.1799
.1795
.1791
.1787
.1783
.178
.1776
.1772
.1768
.1764
.176
.1757
.1753
.1749
.1745
.1741
.1738
.1734
.173
.1727
.1723
.1719
.1716
.1712
.1708
.1705
.1701
.1697
.1694
.169
.1687
.1683
.168
.1676
.1673
.1669
.1665
.1662
.1659
.1655
.1652
.1648
.1645
.1641
.1638
.1634
.1631
.1628
.1624
.1621
.1618
.1614
.1611
.1608
.1604
.1601
.1598
.1594
.1591
.1588
.1585
.1582
.1578
.1575
.1572
.1569
.1566
.1562
.1559
.1556
.1553
.155
.1547
.1544
.154
.1537
.1534
.1531
.1528
.1525
.1522
.1519
.1516
.1513
.151
.1507
.1504
.1501
.1498
.1495
.1492
.1489
.1486
.1483
.1481
.1478
.1475
.1472
.1469
.1466
.1463
.146
.1458
.1455
.1452
.1449
.1446
.1444
.1441
.1438
.1435
.1433
.143
.1427
.1424
.1422
.1419
.1416
.1414
.1411
.1408
.1406
.1403
.14
.1398
.1395
.1392
.139
.1387
.1384
.1382
.1379
.1377
.1374
.1372
.1369
.1366
.1364
.1361
.1359
.1356
.1354
.1351
.1349
.1346
.1344
.1341
.1339
.1337
.1334
.1332
.1329
.1327
.1324
.1322
.132
.1317
.1315
.1312
.131
.1308
.1305
.1303
.1301
.1298
.1296
.1294
.1291
.1289
.1287
.1284
.1282
.128
.1278
.1275
.1273
.1271
.1269
.1266
.1264
.1262
.126
.1257
.1255
.1253
.1251
.1249
.1246
.1244
.1242
.124
.1238
.1236
.1233
.1231
.1229
.1227
.1225
.1223
.1221
.1219
.1217
.1214
.1212
.121
.1208
.1206
.1204
.1202
.12
.1198
.1196
.1194
.1192
.119
.1188
.1186
.1184
.1182
.118
.1178
.1176
.1174
.1172
.117
.1168
.1166
.1164
.1162
.116
.1158
.1156
.1154
.1153
.1151
.1149
.1147
.1145
.1143
.1141
.1139
.1137
.1136
.1134
.1132
.113
.1128
.1126
.1125
.1123
.1121
.1119
.1117
.1115
.1114
.1112
.111
.1108
.1106
.1105
.1103
.1101
.1099
.1098
.1096
.1094
.1092
.1091
.1089
.1087
.1085
.1084
.1082
.108
.1079
.1077
.1075
.1073
.1072
.107
.1068
.1067
.1065
.1063
.1062
.106
.1058
.1057
.1055
.1053
.1052
.105
.1049
.1047
.1045
.1044
.1042
.1041
.1039
.1037
.1036
.1034
.1033
.1031
.1029
.1028
.1026
.1025
.1023
.1022
.102
.1018
.1017
.1015
.1014
.1012
.1011
.1009
.1008
.1006
.1005
.1003
.1002
.1
.0999
.0997
.0996
.0994
.0993
.0991
.099
.0988
.0987
.0985
.0984
.0983
.0981
.098
.0978
.0977
.0975
.0974
.0972
.0971
.097
.0968
.0967
.0965
.0964
.0963
.0961
.096
.0958
.0957
.0956
.0954
.0953
.0951
.095
.0949
.0947
.0946
.0945
.0943
.0942
.0941
.0939
.0938
.0937
.0935
.0934
.0933
.0931
.093
.0929
.0927
.0926
.0925
.0923
.0922
.0921
.0919
.0918
.0917
.0916
.0914
.0913
.0912
.091
.0909
.0908
.0907
.0905
.0904
.0903
.0902
.09
.0899
.0898
.0897
.0895
.0894
.0893
.0892
.089
.0889
.0888
.0887
.0886
.0884
.0883
.0882
.0881
.088
.0878
.0877
.0876
.0875
.0874
.0872
.0871
.087
.0869
.0868
.0867
.0865
.0864
.0863
.0862
.0861
.086
.0858
.0857
.0856
.0855
.0854
.0853
.0852
.085
.0849
.0848
.0847
.0846
.0845
.0844
.0843
.0841
.084
.0839
.0838
.0837
.0836
.0835
.0834
.0833
.0832
.0831
.0829
.0828
.0827
.0826
.0825
.0824
.0823
.0822
.0821
.082
.0819
.0818
.0817
.0816
.0815
.0813
.0812
.0811
.081
.0809
.0808
.0807
.0806
.0805
.0804
.0803
.0802
.0801
.08
.0799
.0798
.0797
.0796
.0795
.0794
.0793
.0792
.0791
.079
.0789
.0788
.0787
.0786
.0785
.0784
.0783
.0782
.0781
.078
.0779
.0778
.0777
.0776
.0775
.0774
.0773
.0773
.0772
.0771
.077
.0769
.0768
.0767
.0766
.0765
.0764
.0763
.0762
.0761
.076
.0759
.0758
.0757
.0757
.0756
.0755
.0754
.0753
.0752
.0751
.075
.0749
.0748
.0747
.0747
.0746
.0745
.0744
.0743
.0742
.0741
.074
.0739
.0739
.0738
.0737
.0736
.0735
.0734
.0733
.0732
.0732
.0731
.073
.0729
.0728
.0727
.0726
.0726
.0725
.0724
.0723
.0722
.0721
.072
.072
.0719
.0718
.0717
.0716
.0715
.0715
.0714
.0713
.0712
.0711
.071
.071
.0709
.0708
.0707
.0706
.0706
.0705
.0704
.0703
.0702
.0702
.0701
.07
.0699
.0698
.0697
.0697
.0696
.0695
.0694
.0694
.0693
.0692
.0691
.069
.069
.0689
.0688
.0687
.0687
.0686
.0685
.0684
.0683
.0683
.0682
.0681
.068
.068
.0679
.0678
.0677
.0677
.0676
.0675
.0674
.0674
.0673
.0672
.0671
.0671
.067
.0669
.0668
.0668
.0667
.0666
.0665
.0665
.0664
.0663
.0663
.0662
.0661
.066
.066
.0659
.0658
.0657
.0657
.0656
.0655
.0655
.0654
.0653
.0652
.0652
.0651
.065
.065
.0649
.0648
.0648
.0647
.0646
.0645
.0645
.0644
.0643
.0643
.0642
.0641
.0641
.064
.0639
.0639
.0638
.0637
.0637
.0636
.0635
.0635
.0634
.0633
.0633
.0632
.0631
.0631
.063
.0629
.0629
.0628
.0627
.0627
.0626
.0625
.0625
.0624
.0623
.0623
.0622
.0621
.0621
.062
.0619
.0619
.0618
.0618
.0617
.0616
.0616
.0615
.0614
.0614
.0613
.0612
.0612
.0611
.0611
.061
.0609
.0609
.0608
.0607
.0607
.0606
.0606
.0605
.0604
.0604
.0603
.0602
.0602
.0601
.0601
.06
.0599
.0599
.0598
.0598
.0597
.0596
.0596
.0595
.0595
.0594
.0593
.0593
.0592
.0592
.0591
.059
.059
.0589
.0589
.0588
.0588
.0587
.0586
.0586
.0585
.0585
.0584
.0583
.0583
.0582
.0582
.0581
.0581
.058
.0579
.0579
.0578
.0578
.0577
.0577
.0576
.0575
.0575
.0574
.0574
.0573
.0573
.0572
.0572
.0571
.057
.057
.0569
.0569
.0568
.0568
.0567
.0567
.0566
.0565
.0565
.0564
.0564
.0563
.0563
.0562
.0562
.0561
.0561
.056
.056
.0559
.0558
.0558
.0557
.0557
.0556
.0556
.0555
.0555
.0554
.0554
.0553
.0553
.0552
.0552
.0551
.0551
.055
.055
.0549
.0548
.0548
.0547
.0547
.0546
.0546
.0545
.0545
.0544
.0544
.0543
.0543
.0542
.0542
.0541
.0541
.054
.054
.0539
.0539
.0538
.0538
.0537
.0537
.0536
.0536
.0535
.0535
.0534
.0534
.0533
.0533
.0532
.0532
.0531
.0531
.053
.053
.0529
.0529
.0529
.0528
.0528
.0527
.0527
.0526
.0526
.0525
.0525
.0524
.0524
.0523
.0523
.0522
.0522
.0521
.0521
.052
.052
.0519
.0519
.0519
.0518
.0518
.0517
.0517
.0516
.0516
.0515
.0515
.0514
.0514
.0513
.0513
.0513
.0512
.0512
.0511
.0511
.051
.051
.0509
.0509
.0508
.0508
.0508
.0507
.0507
.0506
.0506
.0505
.0505
.0504
.0504
.0504
.0503
.0503
.0502
.0502
.0501
.0501
.05
.05
.05
