.5809
.5796
.5768
.5742
.5716
.5691
.5666
.5643
.562
.5598
.5577
.5557
.5538
.552
.5503
.5486
.5471
.5456
.5442
.5429
.5417
.5406
.5395
.5385
.5376
.5367
.5359
.5352
.5345
.5339
.5333
.5328
.5323
.5318
.5314
.531
.5306
.5303
.53
.5297
.5294
.5291
.5289
.5287
.5284
.5282
.528
.5278
.5277
.5275
.5273
.5271
.527
.5268
.5267
.5265
.5264
.5262
.5261
.5259
.5258
.5256
.5255
.5253
.5252
.525
.5249
.5247
.5246
.5244
.5242
.5241
.5239
.5238
.5236
.5234
.5233
.5231
.5229
.5228
.5226
.5224
.5222
.5221
.5219
.5217
.5215
.5213
.5211
.5209
.5207
.5205
.5204
.5202
.5199
.5197
.5195
.5193
.5191
.5189
.5187
.5185
.5182
.518
.5178
.5176
.5173
.5171
.5169
.5166
.5164
.5161
.5159
.5156
.5154
.5151
.5149
.5146
.5143
.5141
.5138
.5135
.5133
.513
.5127
.5124
.5121
.5118
.5115
.5113
.511
.5107
.5103
.51
.5097
.5094
.5091
.5088
.5085
.5081
.5078
.5075
.5071
.5068
.5065
.5061
.5058
.5054
.5051
.5047
.5044
.504
.5036
.5033
.5029
.5025
.5022
.5018
.5014
.501
.5006
.5002
.4998
.4994
.499
.4986
.4982
.4978
.4974
.497
.4966
.4962
.4957
.4953
.4949
.4945
.494
.4936
.4931
.4927
.4923
.4918
.4914
.4909
.4904
.49
.4895
.4891
.4886
.4881
.4876
.4872
.4867
.4862
.4857
.4852
.4848
.4843
.4838
.4833
.4828
.4823
.4818
.4813
.4808
.4803
.4798
.4792
.4787
.4782
.4777
.4772
.4766
.4761
.4756
.4751
.4745
.474
.4735
.4729
.4724
.4718
.4713
.4707
.4702
.4696
.4691
.4685
.468
.4674
.4669
.4663
.4658
.4652
.4646
.4641
.4635
.4629
.4624
.4618
.4612
.4606
.4601
.4595
.4589
.4583
.4577
.4572
.4566
.456
.4554
.4548
.4542
.4536
.453
.4524
.4518
.4513
.4507
.4501
.4495
.4489
.4483
.4477
.447
.4464
.4458
.4452
.4446
.444
.4434
.4428
.4422
.4416
.4409
.4403
.4397
.4391
.4385
.4379
.4372
.4366
.436
.4354
.4347
.4341
.4335
.4329
.4322
.4316
.431
.4303
.4297
.4291
.4284
.4278
.4272
.4265
.4259
.4253
.4246
.424
.4234
.4227
.4221
.4214
.4208
.4201
.4195
.4188
.4182
.4176
.4169
.4163
.4156
.415
.4143
.4136
.413
.4123
.4117
.411
.4104
.4097
.4091
.4084
.4077
.4071
.4064
.4058
.4051
.4044
.4038
.4031
.4024
.4018
.4011
.4004
.3998
.3991
.3984
.3977
.3971
.3964
.3957
.3951
.3944
.3937
.393
.3923
.3917
.391
.3903
.3896
.3889
.3883
.3876
.3869
.3862
.3855
.3848
.3842
.3835
.3828
.3821
.3814
.3807
.38
.3793
.3786
.3779
.3773
.3766
.3759
.3752
.3745
.3738
.3731
.3724
.3717
.371
.3703
.3696
.3689
.3682
.3675
.3668
.3661
.3654
.3647
.364
.3633
.3626
.3619
.3611
.3604
.3597
.359
.3583
.3576
.3569
.3562
.3555
.3548
.3541
.3534
.3527
.352
.3513
.3505
.3498
.3491
.3484
.3477
.347
.3463
.3456
.3449
.3442
.3435
.3428
.3421
.3414
.3407
.34
.3393
.3385
.3378
.3371
.3364
.3357
.335
.3343
.3336
.3329
.3322
.3315
.3308
.3301
.3295
.3288
.3281
.3274
.3267
.326
.3253
.3246
.3239
.3232
.3225
.3219
.3212
.3205
.3198
.3191
.3184
.3178
.3171
.3164
.3157
.3151
.3144
.3137
.313
.3124
.3117
.311
.3104
.3097
.309
.3084
.3077
.3071
.3064
.3057
.3051
.3044
.3038
.3031
.3025
.3018
.3012
.3005
.2999
.2993
.2986
.298
.2973
.2967
.2961
.2954
.2948
.2942
.2936
.2929
.2923
.2917
.2911
.2904
.2898
.2892
.2886
.288
.2874
.2867
.2861
.2855
.2849
.2843
.2837
.2831
.2825
.2819
.2813
.2807
.2801
.2795
.2789
.2783
.2778
.2772
.2766
.276
.2754
.2748
.2743
.2737
.2731
.2725
.272
.2714
.2708
.2702
.2697
.2691
.2685
.268
.2674
.2669
.2663
.2658
.2652
.2646
.2641
.2635
.263
.2624
.2619
.2614
.2608
.2603
.2597
.2592
.2587
.2581
.2576
.2571
.2565
.256
.2555
.2549
.2544
.2539
.2534
.2528
.2523
.2518
.2513
.2508
.2503
.2497
.2492
.2487
.2482
.2477
.2472
.2467
.2462
.2457
.2452
.2447
.2442
.2437
.2432
.2427
.2422
.2417
.2412
.2408
.2403
.2398
.2393
.2388
.2383
.2379
.2374
.2369
.2364
.2359
.2355
.235
.2345
.2341
.2336
.2331
.2327
.2322
.2317
.2313
.2308
.2303
.2299
.2294
.229
.2285
.2281
.2276
.2272
.2267
.2263
.2258
.2254
.2249
.2245
.224
.2236
.2232
.2227
.2223
.2218
.2214
.221
.2205
.2201
.2197
.2193
.2188
.2184
.218
.2175
.2171
.2167
.2163
.2159
.2154
.215
.2146
.2142
.2138
.2134
.2129
.2125
.2121
.2117
.2113
.2109
.2105
.2101
.2097
.2093
.2089
.2085
.2081
.2077
.2073
.2069
.2065
.2061
.2057
.2053
.2049
.2045
.2042
.2038
.2034
.203
.2026
.2022
.2018
.2015
.2011
.2007
.2003
.1999
.1996
.1992
.1988
.1984
.1981
.1977
.1973
.197
.1966
.1962
.1959
.1955
.1951
.1948
.1944
.194
.1937
.1933
.193
.1926
.1923
.1919
.1915
.1912
.1908
.1905
.1901
.1898
.1894
.1891
.1887
.1884
.188
.1877
.1874
.187
.1867
.1863
.186
.1857
.1853
.185
.1846
.1843
.184
.1836
.1833
.183
.1826
.1823
.182
.1817
.1813
.181
.1807
.1804
.18
.1797
.1794
.1791
.1787
.1784
.1781
.1778
.1775
.1772
.1768
.1765
.1762
.1759
.1756
.1753
.175
.1747
.1743
.174
.1737
.1734
.1731
.1728
.1725
.1722
.1719
.1716
.1713
.171
.1707
.1704
.1701
.1698
.1695
.1692
.1689
.1686
.1683
.168
.1677
.1675
.1672
.1669
.1666
.1663
.166
.1657
.1654
.1652
.1649
.1646
.1643
.164
.1637
.1635
.1632
.1629
.1626
.1623
.1621
.1618
.1615
.1612
.161
.1607
.1604
.1601
.1599
.1596
.1593
.1591
.1588
.1585
.1583
.158
.1577
.1575
.1572
.1569
.1567
.1564
.1561
.1559
.1556
.1554
.1551
.1548
.1546
.1543
.1541
.1538
.1536
.1533
.1531
.1528
.1525
.1523
.152
.1518
.1515
.1513
.151
.1508
.1505
.1503
.1501
.1498
.1496
.1493
.1491
.1488
.1486
.1483
.1481
.1479
.1476
.1474
.1471
.1469
.1467
.1464
.1462
.1459
.1457
.1455
.1452
.145
.1448
.1445
.1443
.1441
.1438
.1436
.1434
.1432
.1429
.1427
.1425
.1422
.142
.1418
.1416
.1413
.1411
.1409
.1407
.1404
.1402
.14
.1398
.1396
.1393
.1391
.1389
.1387
.1385
.1382
.138
.1378
.1376
.1374
.1372
.1369
.1367
.1365
.1363
.1361
.1359
.1357
.1355
.1353
.135
.1348
.1346
.1344
.1342
.134
.1338
.1336
.1334
.1332
.133
.1328
.1326
.1324
.1322
.1319
.1317
.1315
.1313
.1311
.1309
.1307
.1305
.1303
.1301
.1299
.1298
.1296
.1294
.1292
.129
.1288
.1286
.1284
.1282
.128
.1278
.1276
.1274
.1272
.127
.1268
.1267
.1265
.1263
.1261
.1259
.1257
.1255
.1253
.1251
.125
.1248
.1246
.1244
.1242
.124
.1239
.1237
.1235
.1233
.1231
.1229
.1228
.1226
.1224
.1222
.122
.1219
.1217
.1215
.1213
.1211
.121
.1208
.1206
.1204
.1203
.1201
.1199
.1197
.1196
.1194
.1192
.119
.1189
.1187
.1185
.1184
.1182
.118
.1178
.1177
.1175
.1173
.1172
.117
.1168
.1167
.1165
.1163
.1162
.116
.1158
.1157
.1155
.1153
.1152
.115
.1148
.1147
.1145
.1144
.1142
.114
.1139
.1137
.1136
.1134
.1132
.1131
.1129
.1128
.1126
.1124
.1123
.1121
.112
.1118
.1117
.1115
.1113
.1112
.111
.1109
.1107
.1106
.1104
.1103
.1101
.11
.1098
.1096
.1095
.1093
.1092
.109
.1089
.1087
.1086
.1084
.1083
.1081
.108
.1078
.1077
.1075
.1074
.1073
.1071
.107
.1068
.1067
.1065
.1064
.1062
.1061
.1059
.1058
.1057
.1055
.1054
.1052
.1051
.1049
.1048
.1047
.1045
.1044
.1042
.1041
.104
.1038
.1037
.1035
.1034
.1033
.1031
.103
.1028
.1027
.1026
.1024
.1023
.1022
.102
.1019
.1018
.1016
.1015
.1013
.1012
.1011
.1009
.1008
.1007
.1005
.1004
.1003
.1001
.1
.0999
.0998
.0996
.0995
.0994
.0992
.0991
.099
.0988
.0987
.0986
.0985
.0983
.0982
.0981
.0979
.0978
.0977
.0976
.0974
.0973
.0972
.0971
.0969
.0968
.0967
.0966
.0964
.0963
.0962
.0961
.0959
.0958
.0957
.0956
.0954
.0953
.0952
.0951
.0949
.0948
.0947
.0946
.0945
.0943
.0942
.0941
.094
.0939
.0937
.0936
.0935
.0934
.0933
.0932
.093
.0929
.0928
.0927
.0926
.0924
.0923
.0922
.0921
.092
.0919
.0917
.0916
.0915
.0914
.0913
.0912
.0911
.0909
.0908
.0907
.0906
.0905
.0904
.0903
.0902
.09
.0899
.0898
.0897
.0896
.0895
.0894
.0893
.0892
.089
.0889
.0888
.0887
.0886
.0885
.0884
.0883
.0882
.0881
.088
.0878
.0877
.0876
.0875
.0874
.0873
.0872
.0871
.087
.0869
.0868
.0867
.0866
.0865
.0864
.0862
.0861
.086
.0859
.0858
.0857
.0856
.0855
.0854
.0853
.0852
.0851
.085
.0849
.0848
.0847
.0846
.0845
.0844
.0843
.0842
.0841
.084
.0839
.0838
.0837
.0836
.0835
.0834
.0833
.0832
.0831
.083
.0829
.0828
.0827
.0826
.0825
.0824
.0823
.0822
.0821
.082
.0819
.0818
.0817
.0816
.0815
.0814
.0813
.0812
.0811
.081
.081
.0809
.0808
.0807
.0806
.0805
.0804
.0803
.0802
.0801
.08
.0799
.0798
.0797
.0796
.0795
.0795
.0794
.0793
.0792
.0791
.079
.0789
.0788
.0787
.0786
.0785
.0784
.0784
.0783
.0782
.0781
.078
.0779
.0778
.0777
.0776
.0775
.0775
.0774
.0773
.0772
.0771
.077
.0769
.0768
.0768
.0767
.0766
.0765
.0764
.0763
.0762
.0761
.0761
.076
.0759
.0758
.0757
.0756
.0755
.0755
.0754
.0753
.0752
.0751
.075
.0749
.0749
.0748
.0747
.0746
.0745
.0744
.0744
.0743
.0742
.0741
.074
.0739
.0739
.0738
.0737
.0736
.0735
.0734
.0734
.0733
.0732
.0731
.073
.073
.0729
.0728
.0727
.0726
.0726
.0725
.0724
.0723
.0722
.0722
.0721
.072
.0719
.0718
.0718
.0717
.0716
.0715
.0714
.0714
.0713
.0712
.0711
.0711
.071
.0709
.0708
.0707
.0707
.0706
.0705
.0704
.0704
.0703
.0702
.0701
.0701
.07
.0699
.0698
.0698
.0697
.0696
.0695
.0694
.0694
.0693
.0692
.0692
.0691
.069
.0689
.0689
.0688
.0687
.0686
.0686
.0685
.0684
.0683
.0683
.0682
.0681
.068
.068
.0679
.0678
.0678
.0677
.0676
.0675
.0675
.0674
.0673
.0673
.0672
.0671
.067
.067
.0669
.0668
.0668
.0667
.0666
.0665
.0665
.0664
.0663
.0663
.0662
.0661
.0661
.066
.0659
.0658
.0658
.0657
.0656
.0656
.0655
.0654
.0654
.0653
.0652
.0652
.0651
.065
.065
.0649
.0648
.0648
.0647
.0646
.0646
.0645
.0644
.0644
.0643
.0642
.0642
.0641
.064
.064
.0639
.0638
.0638
.0637
.0636
.0636
.0635
.0634
.0634
.0633
.0632
.0632
.0631
.063
.063
.0629
.0628
.0628
.0627
.0627
.0626
.0625
.0625
.0624
.0623
.0623
.0622
.0621
.0621
.062
.062
.0619
.0618
.0618
.0617
.0616
.0616
.0615
.0615
.0614
.0613
.0613
.0612
.0612
.0611
.061
.061
.0609
.0608
.0608
.0607
.0607
.0606
.0605
.0605
.0604
.0604
.0603
.0602
.0602
.0601
.0601
.06
.0599
.0599
.0598
.0598
.0597
.0596
.0596
.0595
.0595
.0594
.0593
.0593
.0592
.0592
.0591
.0591
.059
.0589
.0589
.0588
.0588
.0587
.0587
.0586
.0585
.0585
.0584
.0584
.0583
.0583
.0582
.0581
.0581
.058
.058
.0579
.0579
.0578
.0577
.0577
.0576
.0576
.0575
.0575
.0574
.0574
.0573
.0572
.0572
.0571
.0571
.057
.057
.0569
.0569
.0568
.0567
.0567
.0566
.0566
.0565
.0565
.0564
.0564
.0563
.0563
.0562
.0561
.0561
.056
.056
.0559
.0559
.0558
.0558
.0557
.0557
.0556
.0556
.0555
.0555
.0554
.0554
.0553
.0552
.0552
.0551
.0551
.055
.055
.0549
.0549
.0548
.0548
.0547
.0547
.0546
.0546
.0545
.0545
.0544
.0544
.0543
.0543
.0542
.0542
.0541
.0541
.054
.054
.0539
.0539
.0538
.0538
.0537
.0537
.0536
.0536
.0535
.0535
.0534
.0534
.0533
.0533
.0532
.0532
.0531
.0531
.053
.053
.0529
.0529
.0528
.0528
.0527
.0527
.0526
.0526
.0525
.0525
.0524
.0524
.0523
.0523
.0523
.0522
.0522
.0521
.0521
.052
.052
.0519
.0519
.0518
.0518
.0517
.0517
.0516
.0516
.0515
.0515
.0515
.0514
.0514
.0513
.0513
.0512
.0512
.0511
.0511
.051
.051
.0509
.0509
.0509
.0508
.0508
.0507
.0507
.0506
.0506
.0505
.0505
.0504
.0504
.0504
.0503
.0503
.0502
.0502
.0501
.0501
.05
.05
.05
