.5742
.5731
.5703
.5677
.5652
.5628
.5605
.5583
.5562
.5543
.5524
.5506
.549
.5474
.5459
.5446
.5433
.5421
.5411
.5401
.5391
.5383
.5375
.5367
.5361
.5354
.5349
.5343
.5339
.5334
.533
.5326
.5323
.5319
.5316
.5313
.531
.5308
.5305
.5303
.53
.5298
.5296
.5294
.5291
.5289
.5287
.5285
.5283
.5281
.5279
.5277
.5275
.5273
.5271
.5269
.5267
.5265
.5262
.526
.5258
.5256
.5254
.5252
.5249
.5247
.5245
.5242
.524
.5238
.5235
.5233
.523
.5228
.5225
.5223
.522
.5218
.5215
.5212
.521
.5207
.5204
.5201
.5199
.5196
.5193
.519
.5187
.5184
.5181
.5178
.5175
.5172
.5169
.5166
.5163
.516
.5157
.5154
.515
.5147
.5144
.5141
.5137
.5134
.513
.5127
.5124
.512
.5117
.5113
.511
.5106
.5102
.5099
.5095
.5091
.5088
.5084
.508
.5076
.5072
.5069
.5065
.5061
.5057
.5053
.5049
.5045
.5041
.5037
.5033
.5028
.5024
.502
.5016
.5012
.5007
.5003
.4999
.4995
.499
.4986
.4981
.4977
.4973
.4968
.4964
.4959
.4954
.495
.4945
.4941
.4936
.4931
.4927
.4922
.4917
.4912
.4908
.4903
.4898
.4893
.4888
.4883
.4878
.4873
.4869
.4864
.4859
.4854
.4848
.4843
.4838
.4833
.4828
.4823
.4818
.4813
.4807
.4802
.4797
.4792
.4786
.4781
.4776
.477
.4765
.476
.4754
.4749
.4744
.4738
.4733
.4727
.4722
.4716
.4711
.4705
.47
.4694
.4688
.4683
.4677
.4672
.4666
.466
.4655
.4649
.4643
.4637
.4632
.4626
.462
.4614
.4609
.4603
.4597
.4591
.4585
.4579
.4573
.4567
.4561
.4555
.455
.4544
.4538
.4532
.4525
.4519
.4513
.4507
.4501
.4495
.4489
.4483
.4477
.447
.4464
.4458
.4452
.4446
.4439
.4433
.4427
.4421
.4414
.4408
.4402
.4395
.4389
.4382
.4376
.437
.4363
.4357
.435
.4344
.4337
.4331
.4324
.4317
.4311
.4304
.4298
.4291
.4284
.4278
.4271
.4264
.4258
.4251
.4244
.4237
.423
.4224
.4217
.421
.4203
.4196
.4189
.4182
.4175
.4168
.4162
.4155
.4148
.414
.4133
.4126
.4119
.4112
.4105
.4098
.4091
.4084
.4076
.4069
.4062
.4055
.4048
.404
.4033
.4026
.4018
.4011
.4004
.3996
.3989
.3982
.3974
.3967
.3959
.3952
.3944
.3937
.3929
.3922
.3914
.3907
.3899
.3892
.3884
.3876
.3869
.3861
.3853
.3846
.3838
.383
.3823
.3815
.3807
.3799
.3792
.3784
.3776
.3768
.376
.3753
.3745
.3737
.3729
.3721
.3713
.3706
.3698
.369
.3682
.3674
.3666
.3658
.365
.3642
.3634
.3626
.3618
.361
.3602
.3594
.3586
.3578
.357
.3562
.3554
.3546
.3538
.353
.3522
.3514
.3506
.3498
.349
.3482
.3474
.3466
.3458
.3449
.3441
.3433
.3425
.3417
.3409
.3401
.3393
.3385
.3377
.3369
.3361
.3353
.3345
.3337
.3329
.3321
.3313
.3305
.3297
.3288
.328
.3272
.3264
.3256
.3249
.3241
.3233
.3225
.3217
.3209
.3201
.3193
.3185
.3177
.3169
.3161
.3153
.3146
.3138
.313
.3122
.3114
.3106
.3099
.3091
.3083
.3075
.3068
.306
.3052
.3045
.3037
.3029
.3022
.3014
.3006
.2999
.2991
.2984
.2976
.2968
.2961
.2953
.2946
.2938
.2931
.2924
.2916
.2909
.2901
.2894
.2887
.2879
.2872
.2865
.2858
.285
.2843
.2836
.2829
.2822
.2814
.2807
.28
.2793
.2786
.2779
.2772
.2765
.2758
.2751
.2744
.2737
.273
.2723
.2716
.271
.2703
.2696
.2689
.2682
.2676
.2669
.2662
.2656
.2649
.2642
.2636
.2629
.2623
.2616
.2609
.2603
.2596
.259
.2583
.2577
.2571
.2564
.2558
.2552
.2545
.2539
.2533
.2526
.252
.2514
.2508
.2502
.2495
.2489
.2483
.2477
.2471
.2465
.2459
.2453
.2447
.2441
.2435
.2429
.2423
.2417
.2411
.2405
.2399
.2394
.2388
.2382
.2376
.2371
.2365
.2359
.2353
.2348
.2342
.2336
.2331
.2325
.232
.2314
.2309
.2303
.2298
.2292
.2287
.2281
.2276
.227
.2265
.226
.2254
.2249
.2244
.2238
.2233
.2228
.2223
.2217
.2212
.2207
.2202
.2197
.2192
.2186
.2181
.2176
.2171
.2166
.2161
.2156
.2151
.2146
.2141
.2136
.2131
.2126
.2121
.2117
.2112
.2107
.2102
.2097
.2092
.2088
.2083
.2078
.2073
.2069
.2064
.2059
.2055
.205
.2045
.2041
.2036
.2032
.2027
.2022
.2018
.2013
.2009
.2004
.2
.1995
.1991
.1987
.1982
.1978
.1973
.1969
.1965
.196
.1956
.1952
.1947
.1943
.1939
.1935
.193
.1926
.1922
.1918
.1913
.1909
.1905
.1901
.1897
.1893
.1889
.1885
.188
.1876
.1872
.1868
.1864
.186
.1856
.1852
.1848
.1844
.1841
.1837
.1833
.1829
.1825
.1821
.1817
.1813
.181
.1806
.1802
.1798
.1794
.1791
.1787
.1783
.1779
.1776
.1772
.1768
.1765
.1761
.1757
.1754
.175
.1746
.1743
.1739
.1736
.1732
.1728
.1725
.1721
.1718
.1714
.1711
.1707
.1704
.17
.1697
.1693
.169
.1687
.1683
.168
.1676
.1673
.167
.1666
.1663
.166
.1656
.1653
.165
.1646
.1643
.164
.1637
.1633
.163
.1627
.1624
.162
.1617
.1614
.1611
.1608
.1605
.1601
.1598
.1595
.1592
.1589
.1586
.1583
.158
.1577
.1574
.157
.1567
.1564
.1561
.1558
.1555
.1552
.1549
.1546
.1543
.1541
.1538
.1535
.1532
.1529
.1526
.1523
.152
.1517
.1514
.1512
.1509
.1506
.1503
.15
.1497
.1495
.1492
.1489
.1486
.1483
.1481
.1478
.1475
.1472
.147
.1467
.1464
.1462
.1459
.1456
.1454
.1451
.1448
.1446
.1443
.144
.1438
.1435
.1432
.143
.1427
.1425
.1422
.1419
.1417
.1414
.1412
.1409
.1407
.1404
.1402
.1399
.1397
.1394
.1392
.1389
.1387
.1384
.1382
.1379
.1377
.1374
.1372
.137
.1367
.1365
.1362
.136
.1358
.1355
.1353
.135
.1348
.1346
.1343
.1341
.1339
.1336
.1334
.1332
.1329
.1327
.1325
.1323
.132
.1318
.1316
.1314
.1311
.1309
.1307
.1305
.1302
.13
.1298
.1296
.1294
.1291
.1289
.1287
.1285
.1283
.128
.1278
.1276
.1274
.1272
.127
.1268
.1266
.1263
.1261
.1259
.1257
.1255
.1253
.1251
.1249
.1247
.1245
.1243
.1241
.1239
.1236
.1234
.1232
.123
.1228
.1226
.1224
.1222
.122
.1218
.1216
.1214
.1213
.1211
.1209
.1207
.1205
.1203
.1201
.1199
.1197
.1195
.1193
.1191
.1189
.1187
.1186
.1184
.1182
.118
.1178
.1176
.1174
.1172
.1171
.1169
.1167
.1165
.1163
.1161
.116
.1158
.1156
.1154
.1152
.1151
.1149
.1147
.1145
.1143
.1142
.114
.1138
.1136
.1135
.1133
.1131
.1129
.1128
.1126
.1124
.1122
.1121
.1119
.1117
.1116
.1114
.1112
.111
.1109
.1107
.1105
.1104
.1102
.11
.1099
.1097
.1095
.1094
.1092
.1091
.1089
.1087
.1086
.1084
.1082
.1081
.1079
.1078
.1076
.1074
.1073
.1071
.107
.1068
.1066
.1065
.1063
.1062
.106
.1059
.1057
.1056
.1054
.1052
.1051
.1049
.1048
.1046
.1045
.1043
.1042
.104
.1039
.1037
.1036
.1034
.1033
.1031
.103
.1028
.1027
.1025
.1024
.1023
.1021
.102
.1018
.1017
.1015
.1014
.1012
.1011
.101
.1008
.1007
.1005
.1004
.1002
.1001
.1
.0998
.0997
.0995
.0994
.0993
.0991
.099
.0988
.0987
.0986
.0984
.0983
.0982
.098
.0979
.0978
.0976
.0975
.0974
.0972
.0971
.097
.0968
.0967
.0966
.0964
.0963
.0962
.096
.0959
.0958
.0956
.0955
.0954
.0952
.0951
.095
.0949
.0947
.0946
.0945
.0944
.0942
.0941
.094
.0938
.0937
.0936
.0935
.0933
.0932
.0931
.093
.0928
.0927
.0926
.0925
.0924
.0922
.0921
.092
.0919
.0918
.0916
.0915
.0914
.0913
.0912
.091
.0909
.0908
.0907
.0906
.0904
.0903
.0902
.0901
.09
.0899
.0897
.0896
.0895
.0894
.0893
.0892
.089
.0889
.0888
.0887
.0886
.0885
.0884
.0883
.0881
.088
.0879
.0878
.0877
.0876
.0875
.0874
.0872
.0871
.087
.0869
.0868
.0867
.0866
.0865
.0864
.0863
.0862
.086
.0859
.0858
.0857
.0856
.0855
.0854
.0853
.0852
.0851
.085
.0849
.0848
.0847
.0846
.0845
.0844
.0842
.0841
.084
.0839
.0838
.0837
.0836
.0835
.0834
.0833
.0832
.0831
.083
.0829
.0828
.0827
.0826
.0825
.0824
.0823
.0822
.0821
.082
.0819
.0818
.0817
.0816
.0815
.0814
.0813
.0812
.0811
.081
.0809
.0808
.0807
.0807
.0806
.0805
.0804
.0803
.0802
.0801
.08
.0799
.0798
.0797
.0796
.0795
.0794
.0793
.0792
.0791
.079
.079
.0789
.0788
.0787
.0786
.0785
.0784
.0783
.0782
.0781
.078
.078
.0779
.0778
.0777
.0776
.0775
.0774
.0773
.0772
.0771
.0771
.077
.0769
.0768
.0767
.0766
.0765
.0764
.0764
.0763
.0762
.0761
.076
.0759
.0758
.0757
.0757
.0756
.0755
.0754
.0753
.0752
.0752
.0751
.075
.0749
.0748
.0747
.0746
.0746
.0745
.0744
.0743
.0742
.0741
.0741
.074
.0739
.0738
.0737
.0737
.0736
.0735
.0734
.0733
.0732
.0732
.0731
.073
.0729
.0728
.0728
.0727
.0726
.0725
.0724
.0724
.0723
.0722
.0721
.0721
.072
.0719
.0718
.0717
.0717
.0716
.0715
.0714
.0714
.0713
.0712
.0711
.071
.071
.0709
.0708
.0707
.0707
.0706
.0705
.0704
.0704
.0703
.0702
.0701
.0701
.07
.0699
.0698
.0698
.0697
.0696
.0695
.0695
.0694
.0693
.0693
.0692
.0691
.069
.069
.0689
.0688
.0687
.0687
.0686
.0685
.0685
.0684
.0683
.0682
.0682
.0681
.068
.068
.0679
.0678
.0677
.0677
.0676
.0675
.0675
.0674
.0673
.0673
.0672
.0671
.067
.067
.0669
.0668
.0668
.0667
.0666
.0666
.0665
.0664
.0664
.0663
.0662
.0662
.0661
.066
.066
.0659
.0658
.0658
.0657
.0656
.0656
.0655
.0654
.0654
.0653
.0652
.0652
.0651
.065
.065
.0649
.0648
.0648
.0647
.0646
.0646
.0645
.0645
.0644
.0643
.0643
.0642
.0641
.0641
.064
.0639
.0639
.0638
.0638
.0637
.0636
.0636
.0635
.0634
.0634
.0633
.0633
.0632
.0631
.0631
.063
.0629
.0629
.0628
.0628
.0627
.0626
.0626
.0625
.0625
.0624
.0623
.0623
.0622
.0622
.0621
.062
.062
.0619
.0619
.0618
.0617
.0617
.0616
.0616
.0615
.0614
.0614
.0613
.0613
.0612
.0611
.0611
.061
.061
.0609
.0609
.0608
.0607
.0607
.0606
.0606
.0605
.0605
.0604
.0603
.0603
.0602
.0602
.0601
.0601
.06
.0599
.0599
.0598
.0598
.0597
.0597
.0596
.0595
.0595
.0594
.0594
.0593
.0593
.0592
.0592
.0591
.0591
.059
.0589
.0589
.0588
.0588
.0587
.0587
.0586
.0586
.0585
.0585
.0584
.0583
.0583
.0582
.0582
.0581
.0581
.058
.058
.0579
.0579
.0578
.0578
.0577
.0577
.0576
.0576
.0575
.0574
.0574
.0573
.0573
.0572
.0572
.0571
.0571
.057
.057
.0569
.0569
.0568
.0568
.0567
.0567
.0566
.0566
.0565
.0565
.0564
.0564
.0563
.0563
.0562
.0562
.0561
.0561
.056
.056
.0559
.0559
.0558
.0558
.0557
.0557
.0556
.0556
.0555
.0555
.0554
.0554
.0553
.0553
.0552
.0552
.0551
.0551
.055
.055
.0549
.0549
.0548
.0548
.0547
.0547
.0547
.0546
.0546
.0545
.0545
.0544
.0544
.0543
.0543
.0542
.0542
.0541
.0541
.054
.054
.0539
.0539
.0539
.0538
.0538
.0537
.0537
.0536
.0536
.0535
.0535
.0534
.0534
.0533
.0533
.0533
.0532
.0532
.0531
.0531
.053
.053
.0529
.0529
.0528
.0528
.0528
.0527
.0527
.0526
.0526
.0525
.0525
.0524
.0524
.0524
.0523
.0523
.0522
.0522
.0521
.0521
.0521
.052
.052
.0519
.0519
.0518
.0518
.0517
.0517
.0517
.0516
.0516
.0515
.0515
.0514
.0514
.0514
.0513
.0513
.0512
.0512
.0512
.0511
.0511
.051
.051
.0509
.0509
.0509
.0508
.0508
.0507
.0507
.0506
.0506
.0506
.0505
.0505
.0504
.0504
.0504
.0503
.0503
.0502
.0502
.0502
.0501
.0501
.05
.05
