.5952
.5938
.5911
.5885
.5859
.5834
.5809
.5785
.5762
.5739
.5717
.5695
.5674
.5654
.5634
.5615
.5597
.558
.5564
.5548
.5533
.5519
.5505
.5493
.5481
.547
.546
.545
.5441
.5432
.5425
.5418
.5411
.5405
.5399
.5394
.539
.5385
.5382
.5378
.5375
.5372
.5369
.5367
.5365
.5363
.5361
.5359
.5358
.5356
.5355
.5354
.5353
.5352
.5351
.535
.5349
.5348
.5348
.5347
.5346
.5345
.5345
.5344
.5343
.5343
.5342
.5342
.5341
.534
.534
.5339
.5338
.5338
.5337
.5336
.5336
.5335
.5334
.5334
.5333
.5332
.5332
.5331
.533
.5329
.5329
.5328
.5327
.5326
.5326
.5325
.5324
.5323
.5322
.5322
.5321
.532
.5319
.5318
.5317
.5316
.5316
.5315
.5314
.5313
.5312
.5311
.531
.5309
.5308
.5307
.5306
.5305
.5304
.5303
.5302
.5301
.53
.5299
.5298
.5297
.5295
.5294
.5293
.5292
.5291
.529
.5289
.5287
.5286
.5285
.5284
.5283
.5281
.528
.5279
.5277
.5276
.5275
.5274
.5272
.5271
.527
.5268
.5267
.5265
.5264
.5263
.5261
.526
.5258
.5257
.5255
.5254
.5252
.5251
.5249
.5247
.5246
.5244
.5243
.5241
.5239
.5238
.5236
.5234
.5233
.5231
.5229
.5227
.5226
.5224
.5222
.522
.5218
.5216
.5214
.5213
.5211
.5209
.5207
.5205
.5203
.5201
.5199
.5197
.5195
.5193
.519
.5188
.5186
.5184
.5182
.518
.5177
.5175
.5173
.5171
.5168
.5166
.5164
.5161
.5159
.5156
.5154
.5152
.5149
.5147
.5144
.5142
.5139
.5136
.5134
.5131
.5129
.5126
.5123
.5121
.5118
.5115
.5112
.5109
.5107
.5104
.5101
.5098
.5095
.5092
.5089
.5086
.5083
.508
.5077
.5074
.5071
.5068
.5065
.5062
.5058
.5055
.5052
.5049
.5045
.5042
.5039
.5035
.5032
.5028
.5025
.5022
.5018
.5015
.5011
.5007
.5004
.5
.4997
.4993
.4989
.4986
.4982
.4978
.4974
.4971
.4967
.4963
.4959
.4955
.4951
.4947
.4943
.4939
.4935
.4931
.4927
.4923
.4919
.4915
.491
.4906
.4902
.4898
.4894
.4889
.4885
.4881
.4876
.4872
.4867
.4863
.4859
.4854
.485
.4845
.484
.4836
.4831
.4827
.4822
.4817
.4813
.4808
.4803
.4798
.4794
.4789
.4784
.4779
.4774
.4769
.4764
.4759
.4754
.4749
.4744
.4739
.4734
.4729
.4724
.4719
.4714
.4709
.4703
.4698
.4693
.4688
.4682
.4677
.4672
.4667
.4661
.4656
.465
.4645
.464
.4634
.4629
.4623
.4618
.4612
.4606
.4601
.4595
.459
.4584
.4578
.4573
.4567
.4561
.4555
.455
.4544
.4538
.4532
.4526
.452
.4515
.4509
.4503
.4497
.4491
.4485
.4479
.4473
.4467
.4461
.4455
.4449
.4442
.4436
.443
.4424
.4418
.4412
.4405
.4399
.4393
.4387
.438
.4374
.4368
.4361
.4355
.4349
.4342
.4336
.4329
.4323
.4316
.431
.4303
.4297
.429
.4284
.4277
.4271
.4264
.4258
.4251
.4244
.4238
.4231
.4224
.4217
.4211
.4204
.4197
.419
.4184
.4177
.417
.4163
.4156
.4149
.4142
.4136
.4129
.4122
.4115
.4108
.4101
.4094
.4087
.408
.4073
.4066
.4058
.4051
.4044
.4037
.403
.4023
.4016
.4008
.4001
.3994
.3987
.398
.3972
.3965
.3958
.395
.3943
.3936
.3928
.3921
.3914
.3906
.3899
.3891
.3884
.3877
.3869
.3862
.3854
.3847
.3839
.3832
.3824
.3816
.3809
.3801
.3794
.3786
.3778
.3771
.3763
.3755
.3748
.374
.3732
.3725
.3717
.3709
.3701
.3694
.3686
.3678
.367
.3662
.3655
.3647
.3639
.3631
.3623
.3615
.3607
.3599
.3592
.3584
.3576
.3568
.356
.3552
.3544
.3536
.3528
.352
.3512
.3504
.3496
.3488
.348
.3472
.3463
.3455
.3447
.3439
.3431
.3423
.3415
.3407
.3399
.339
.3382
.3374
.3366
.3358
.335
.3341
.3333
.3325
.3317
.3309
.33
.3292
.3284
.3276
.3268
.3259
.3251
.3243
.3235
.3227
.3218
.321
.3202
.3194
.3185
.3177
.3169
.3161
.3152
.3144
.3136
.3128
.312
.3111
.3103
.3095
.3087
.3078
.307
.3062
.3054
.3046
.3038
.3029
.3021
.3013
.3005
.2997
.2989
.298
.2972
.2964
.2956
.2948
.294
.2932
.2924
.2916
.2908
.29
.2892
.2884
.2876
.2868
.286
.2852
.2844
.2836
.2828
.282
.2812
.2804
.2796
.2789
.2781
.2773
.2765
.2757
.275
.2742
.2734
.2727
.2719
.2711
.2704
.2696
.2688
.2681
.2673
.2666
.2658
.2651
.2643
.2636
.2628
.2621
.2613
.2606
.2599
.2591
.2584
.2577
.2569
.2562
.2555
.2548
.254
.2533
.2526
.2519
.2512
.2505
.2498
.2491
.2484
.2477
.247
.2463
.2456
.2449
.2442
.2435
.2428
.2422
.2415
.2408
.2401
.2395
.2388
.2381
.2375
.2368
.2362
.2355
.2348
.2342
.2335
.2329
.2323
.2316
.231
.2303
.2297
.2291
.2284
.2278
.2272
.2266
.2259
.2253
.2247
.2241
.2235
.2229
.2223
.2217
.2211
.2205
.2199
.2193
.2187
.2181
.2175
.2169
.2163
.2157
.2152
.2146
.214
.2134
.2129
.2123
.2117
.2112
.2106
.21
.2095
.2089
.2084
.2078
.2073
.2067
.2062
.2056
.2051
.2045
.204
.2035
.2029
.2024
.2019
.2013
.2008
.2003
.1998
.1992
.1987
.1982
.1977
.1972
.1967
.1962
.1957
.1952
.1947
.1941
.1936
.1932
.1927
.1922
.1917
.1912
.1907
.1902
.1897
.1892
.1888
.1883
.1878
.1873
.1868
.1864
.1859
.1854
.185
.1845
.184
.1836
.1831
.1827
.1822
.1817
.1813
.1808
.1804
.1799
.1795
.179
.1786
.1782
.1777
.1773
.1768
.1764
.176
.1755
.1751
.1747
.1743
.1738
.1734
.173
.1726
.1721
.1717
.1713
.1709
.1705
.1701
.1696
.1692
.1688
.1684
.168
.1676
.1672
.1668
.1664
.166
.1656
.1652
.1648
.1644
.164
.1636
.1633
.1629
.1625
.1621
.1617
.1613
.161
.1606
.1602
.1598
.1594
.1591
.1587
.1583
.158
.1576
.1572
.1569
.1565
.1561
.1558
.1554
.1551
.1547
.1543
.154
.1536
.1533
.1529
.1526
.1522
.1519
.1515
.1512
.1508
.1505
.1502
.1498
.1495
.1491
.1488
.1485
.1481
.1478
.1475
.1471
.1468
.1465
.1461
.1458
.1455
.1452
.1448
.1445
.1442
.1439
.1436
.1432
.1429
.1426
.1423
.142
.1417
.1414
.1411
.1407
.1404
.1401
.1398
.1395
.1392
.1389
.1386
.1383
.138
.1377
.1374
.1371
.1368
.1365
.1362
.1359
.1356
.1354
.1351
.1348
.1345
.1342
.1339
.1336
.1334
.1331
.1328
.1325
.1322
.1319
.1317
.1314
.1311
.1308
.1306
.1303
.13
.1297
.1295
.1292
.1289
.1287
.1284
.1281
.1279
.1276
.1273
.1271
.1268
.1266
.1263
.126
.1258
.1255
.1253
.125
.1248
.1245
.1243
.124
.1237
.1235
.1232
.123
.1228
.1225
.1223
.122
.1218
.1215
.1213
.121
.1208
.1206
.1203
.1201
.1198
.1196
.1194
.1191
.1189
.1187
.1184
.1182
.118
.1177
.1175
.1173
.117
.1168
.1166
.1163
.1161
.1159
.1157
.1154
.1152
.115
.1148
.1146
.1143
.1141
.1139
.1137
.1135
.1132
.113
.1128
.1126
.1124
.1122
.112
.1117
.1115
.1113
.1111
.1109
.1107
.1105
.1103
.1101
.1099
.1096
.1094
.1092
.109
.1088
.1086
.1084
.1082
.108
.1078
.1076
.1074
.1072
.107
.1068
.1066
.1064
.1062
.106
.1059
.1057
.1055
.1053
.1051
.1049
.1047
.1045
.1043
.1041
.1039
.1038
.1036
.1034
.1032
.103
.1028
.1026
.1025
.1023
.1021
.1019
.1017
.1015
.1014
.1012
.101
.1008
.1007
.1005
.1003
.1001
.0999
.0998
.0996
.0994
.0992
.0991
.0989
.0987
.0986
.0984
.0982
.098
.0979
.0977
.0975
.0974
.0972
.097
.0969
.0967
.0965
.0964
.0962
.096
.0959
.0957
.0955
.0954
.0952
.0951
.0949
.0947
.0946
.0944
.0943
.0941
.0939
.0938
.0936
.0935
.0933
.0932
.093
.0928
.0927
.0925
.0924
.0922
.0921
.0919
.0918
.0916
.0915
.0913
.0912
.091
.0909
.0907
.0906
.0904
.0903
.0901
.09
.0898
.0897
.0895
.0894
.0892
.0891
.089
.0888
.0887
.0885
.0884
.0882
.0881
.088
.0878
.0877
.0875
.0874
.0873
.0871
.087
.0868
.0867
.0866
.0864
.0863
.0862
.086
.0859
.0858
.0856
.0855
.0853
.0852
.0851
.0849
.0848
.0847
.0846
.0844
.0843
.0842
.084
.0839
.0838
.0836
.0835
.0834
.0833
.0831
.083
.0829
.0827
.0826
.0825
.0824
.0822
.0821
.082
.0819
.0817
.0816
.0815
.0814
.0812
.0811
.081
.0809
.0808
.0806
.0805
.0804
.0803
.0801
.08
.0799
.0798
.0797
.0796
.0794
.0793
.0792
.0791
.079
.0788
.0787
.0786
.0785
.0784
.0783
.0782
.078
.0779
.0778
.0777
.0776
.0775
.0774
.0772
.0771
.077
.0769
.0768
.0767
.0766
.0765
.0764
.0762
.0761
.076
.0759
.0758
.0757
.0756
.0755
.0754
.0753
.0752
.0751
.0749
.0748
.0747
.0746
.0745
.0744
.0743
.0742
.0741
.074
.0739
.0738
.0737
.0736
.0735
.0734
.0733
.0732
.0731
.073
.0729
.0728
.0727
.0726
.0725
.0724
.0723
.0722
.0721
.072
.0719
.0718
.0717
.0716
.0715
.0714
.0713
.0712
.0711
.071
.0709
.0708
.0707
.0706
.0705
.0704
.0703
.0702
.0701
.07
.0699
.0698
.0698
.0697
.0696
.0695
.0694
.0693
.0692
.0691
.069
.0689
.0688
.0687
.0686
.0686
.0685
.0684
.0683
.0682
.0681
.068
.0679
.0678
.0677
.0677
.0676
.0675
.0674
.0673
.0672
.0671
.067
.067
.0669
.0668
.0667
.0666
.0665
.0664
.0663
.0663
.0662
.0661
.066
.0659
.0658
.0658
.0657
.0656
.0655
.0654
.0653
.0653
.0652
.0651
.065
.0649
.0648
.0648
.0647
.0646
.0645
.0644
.0643
.0643
.0642
.0641
.064
.0639
.0639
.0638
.0637
.0636
.0635
.0635
.0634
.0633
.0632
.0632
.0631
.063
.0629
.0628
.0628
.0627
.0626
.0625
.0625
.0624
.0623
.0622
.0621
.0621
.062
.0619
.0618
.0618
.0617
.0616
.0615
.0615
.0614
.0613
.0612
.0612
.0611
.061
.061
.0609
.0608
.0607
.0607
.0606
.0605
.0604
.0604
.0603
.0602
.0602
.0601
.06
.0599
.0599
.0598
.0597
.0597
.0596
.0595
.0594
.0594
.0593
.0592
.0592
.0591
.059
.059
.0589
.0588
.0588
.0587
.0586
.0585
.0585
.0584
.0583
.0583
.0582
.0581
.0581
.058
.0579
.0579
.0578
.0577
.0577
.0576
.0575
.0575
.0574
.0573
.0573
.0572
.0571
.0571
.057
.0569
.0569
.0568
.0568
.0567
.0566
.0566
.0565
.0564
.0564
.0563
.0562
.0562
.0561
.0561
.056
.0559
.0559
.0558
.0557
.0557
.0556
.0556
.0555
.0554
.0554
.0553
.0552
.0552
.0551
.0551
.055
.0549
.0549
.0548
.0548
.0547
.0546
.0546
.0545
.0545
.0544
.0543
.0543
.0542
.0542
.0541
.054
.054
.0539
.0539
.0538
.0537
.0537
.0536
.0536
.0535
.0535
.0534
.0533
.0533
.0532
.0532
.0531
.0531
.053
.0529
.0529
.0528
.0528
.0527
.0527
.0526
.0525
.0525
.0524
.0524
.0523
.0523
.0522
.0522
.0521
.052
.052
.0519
.0519
.0518
.0518
.0517
.0517
.0516
.0516
.0515
.0515
.0514
.0513
.0513
.0512
.0512
.0511
.0511
.051
.051
.0509
.0509
.0508
.0508
.0507
.0507
.0506
.0506
.0505
.0504
.0504
.0503
.0503
.0502
.0502
.0501
.0501
.05
.05
