.6505
.6458
.6397
.6337
.6276
.6215
.6156
.6096
.6038
.5981
.5925
.5871
.5819
.5769
.5721
.5676
.5633
.5592
.5554
.5519
.5487
.5458
.543
.5406
.5384
.5364
.5346
.533
.5316
.5304
.5293
.5284
.5275
.5268
.5261
.5256
.5251
.5247
.5243
.524
.5237
.5234
.5232
.523
.5228
.5227
.5225
.5224
.5223
.5221
.522
.5219
.5218
.5217
.5216
.5215
.5214
.5213
.5212
.5211
.521
.5209
.5208
.5207
.5206
.5205
.5204
.5203
.5202
.5201
.52
.5199
.5197
.5196
.5195
.5194
.5193
.5192
.519
.5189
.5188
.5187
.5185
.5184
.5183
.5181
.518
.5178
.5177
.5176
.5174
.5173
.5171
.517
.5168
.5167
.5165
.5164
.5162
.516
.5159
.5157
.5155
.5154
.5152
.515
.5148
.5147
.5145
.5143
.5141
.5139
.5137
.5135
.5134
.5132
.513
.5128
.5125
.5123
.5121
.5119
.5117
.5115
.5113
.511
.5108
.5106
.5104
.5101
.5099
.5096
.5094
.5092
.5089
.5087
.5084
.5081
.5079
.5076
.5074
.5071
.5068
.5065
.5063
.506
.5057
.5054
.5051
.5048
.5045
.5042
.5039
.5036
.5033
.503
.5027
.5024
.5021
.5017
.5014
.5011
.5007
.5004
.5001
.4997
.4994
.499
.4987
.4983
.4979
.4976
.4972
.4968
.4964
.4961
.4957
.4953
.4949
.4945
.4941
.4937
.4933
.4929
.4925
.4921
.4917
.4913
.4908
.4904
.49
.4895
.4891
.4887
.4882
.4878
.4873
.4869
.4864
.486
.4855
.485
.4846
.4841
.4836
.4831
.4827
.4822
.4817
.4812
.4807
.4802
.4797
.4792
.4787
.4782
.4777
.4771
.4766
.4761
.4756
.4751
.4745
.474
.4735
.4729
.4724
.4718
.4713
.4708
.4702
.4697
.4691
.4685
.468
.4674
.4669
.4663
.4657
.4651
.4646
.464
.4634
.4628
.4622
.4617
.4611
.4605
.4599
.4593
.4587
.4581
.4575
.4569
.4563
.4557
.4551
.4545
.4539
.4533
.4526
.452
.4514
.4508
.4502
.4495
.4489
.4483
.4477
.447
.4464
.4458
.4451
.4445
.4439
.4432
.4426
.442
.4413
.4407
.44
.4394
.4387
.4381
.4374
.4368
.4361
.4355
.4348
.4342
.4335
.4329
.4322
.4316
.4309
.4302
.4296
.4289
.4282
.4276
.4269
.4262
.4256
.4249
.4242
.4236
.4229
.4222
.4216
.4209
.4202
.4195
.4189
.4182
.4175
.4168
.4162
.4155
.4148
.4141
.4134
.4127
.4121
.4114
.4107
.41
.4093
.4086
.408
.4073
.4066
.4059
.4052
.4045
.4038
.4031
.4024
.4017
.4011
.4004
.3997
.399
.3983
.3976
.3969
.3962
.3955
.3948
.3941
.3934
.3927
.392
.3913
.3906
.3899
.3892
.3885
.3878
.3871
.3864
.3857
.385
.3843
.3836
.3829
.3822
.3815
.3808
.3801
.3794
.3787
.378
.3772
.3765
.3758
.3751
.3744
.3737
.373
.3723
.3716
.3709
.3702
.3695
.3688
.3681
.3673
.3666
.3659
.3652
.3645
.3638
.3631
.3624
.3617
.361
.3603
.3595
.3588
.3581
.3574
.3567
.356
.3553
.3546
.3539
.3532
.3525
.3518
.3511
.3503
.3496
.3489
.3482
.3475
.3468
.3461
.3454
.3447
.344
.3433
.3426
.3419
.3412
.3405
.3398
.3391
.3384
.3377
.337
.3363
.3356
.3349
.3342
.3335
.3328
.3321
.3314
.3307
.33
.3293
.3286
.3279
.3272
.3265
.3258
.3251
.3244
.3237
.323
.3224
.3217
.321
.3203
.3196
.3189
.3182
.3176
.3169
.3162
.3155
.3148
.3142
.3135
.3128
.3121
.3115
.3108
.3101
.3094
.3088
.3081
.3074
.3068
.3061
.3054
.3048
.3041
.3035
.3028
.3021
.3015
.3008
.3002
.2995
.2989
.2982
.2976
.2969
.2963
.2956
.295
.2943
.2937
.2931
.2924
.2918
.2911
.2905
.2899
.2892
.2886
.288
.2874
.2867
.2861
.2855
.2849
.2842
.2836
.283
.2824
.2818
.2811
.2805
.2799
.2793
.2787
.2781
.2775
.2769
.2763
.2757
.2751
.2745
.2739
.2733
.2727
.2721
.2715
.2709
.2704
.2698
.2692
.2686
.268
.2674
.2669
.2663
.2657
.2651
.2646
.264
.2634
.2629
.2623
.2617
.2612
.2606
.2601
.2595
.2589
.2584
.2578
.2573
.2567
.2562
.2556
.2551
.2546
.254
.2535
.2529
.2524
.2519
.2513
.2508
.2503
.2497
.2492
.2487
.2481
.2476
.2471
.2466
.2461
.2455
.245
.2445
.244
.2435
.243
.2425
.242
.2415
.2409
.2404
.2399
.2394
.2389
.2384
.2379
.2375
.237
.2365
.236
.2355
.235
.2345
.234
.2335
.2331
.2326
.2321
.2316
.2312
.2307
.2302
.2297
.2293
.2288
.2283
.2279
.2274
.2269
.2265
.226
.2255
.2251
.2246
.2242
.2237
.2233
.2228
.2224
.2219
.2215
.221
.2206
.2201
.2197
.2192
.2188
.2184
.2179
.2175
.2171
.2166
.2162
.2158
.2153
.2149
.2145
.214
.2136
.2132
.2128
.2123
.2119
.2115
.2111
.2107
.2103
.2098
.2094
.209
.2086
.2082
.2078
.2074
.207
.2066
.2062
.2058
.2054
.205
.2046
.2042
.2038
.2034
.203
.2026
.2022
.2018
.2014
.201
.2006
.2002
.1999
.1995
.1991
.1987
.1983
.198
.1976
.1972
.1968
.1964
.1961
.1957
.1953
.195
.1946
.1942
.1938
.1935
.1931
.1927
.1924
.192
.1917
.1913
.1909
.1906
.1902
.1899
.1895
.1891
.1888
.1884
.1881
.1877
.1874
.187
.1867
.1863
.186
.1857
.1853
.185
.1846
.1843
.1839
.1836
.1833
.1829
.1826
.1823
.1819
.1816
.1813
.1809
.1806
.1803
.1799
.1796
.1793
.179
.1786
.1783
.178
.1777
.1773
.177
.1767
.1764
.1761
.1757
.1754
.1751
.1748
.1745
.1742
.1739
.1735
.1732
.1729
.1726
.1723
.172
.1717
.1714
.1711
.1708
.1705
.1702
.1699
.1696
.1693
.169
.1687
.1684
.1681
.1678
.1675
.1672
.1669
.1666
.1663
.166
.1657
.1655
.1652
.1649
.1646
.1643
.164
.1637
.1635
.1632
.1629
.1626
.1623
.1621
.1618
.1615
.1612
.1609
.1607
.1604
.1601
.1598
.1596
.1593
.159
.1588
.1585
.1582
.1579
.1577
.1574
.1571
.1569
.1566
.1564
.1561
.1558
.1556
.1553
.155
.1548
.1545
.1543
.154
.1537
.1535
.1532
.153
.1527
.1525
.1522
.152
.1517
.1515
.1512
.151
.1507
.1505
.1502
.15
.1497
.1495
.1492
.149
.1487
.1485
.1483
.148
.1478
.1475
.1473
.1471
.1468
.1466
.1463
.1461
.1459
.1456
.1454
.1452
.1449
.1447
.1445
.1442
.144
.1438
.1435
.1433
.1431
.1428
.1426
.1424
.1422
.1419
.1417
.1415
.1413
.141
.1408
.1406
.1404
.1401
.1399
.1397
.1395
.1393
.139
.1388
.1386
.1384
.1382
.138
.1377
.1375
.1373
.1371
.1369
.1367
.1365
.1363
.136
.1358
.1356
.1354
.1352
.135
.1348
.1346
.1344
.1342
.134
.1338
.1335
.1333
.1331
.1329
.1327
.1325
.1323
.1321
.1319
.1317
.1315
.1313
.1311
.1309
.1307
.1305
.1303
.1301
.1299
.1298
.1296
.1294
.1292
.129
.1288
.1286
.1284
.1282
.128
.1278
.1276
.1274
.1273
.1271
.1269
.1267
.1265
.1263
.1261
.1259
.1258
.1256
.1254
.1252
.125
.1248
.1247
.1245
.1243
.1241
.1239
.1237
.1236
.1234
.1232
.123
.1228
.1227
.1225
.1223
.1221
.122
.1218
.1216
.1214
.1213
.1211
.1209
.1207
.1206
.1204
.1202
.12
.1199
.1197
.1195
.1194
.1192
.119
.1189
.1187
.1185
.1184
.1182
.118
.1179
.1177
.1175
.1174
.1172
.117
.1169
.1167
.1165
.1164
.1162
.116
.1159
.1157
.1156
.1154
.1152
.1151
.1149
.1148
.1146
.1144
.1143
.1141
.114
.1138
.1137
.1135
.1133
.1132
.113
.1129
.1127
.1126
.1124
.1123
.1121
.112
.1118
.1117
.1115
.1113
.1112
.111
.1109
.1107
.1106
.1104
.1103
.1101
.11
.1099
.1097
.1096
.1094
.1093
.1091
.109
.1088
.1087
.1085
.1084
.1082
.1081
.108
.1078
.1077
.1075
.1074
.1072
.1071
.107
.1068
.1067
.1065
.1064
.1063
.1061
.106
.1058
.1057
.1056
.1054
.1053
.1051
.105
.1049
.1047
.1046
.1045
.1043
.1042
.1041
.1039
.1038
.1037
.1035
.1034
.1033
.1031
.103
.1029
.1027
.1026
.1025
.1023
.1022
.1021
.1019
.1018
.1017
.1016
.1014
.1013
.1012
.101
.1009
.1008
.1007
.1005
.1004
.1003
.1001
.1
.0999
.0998
.0996
.0995
.0994
.0993
.0991
.099
.0989
.0988
.0986
.0985
.0984
.0983
.0982
.098
.0979
.0978
.0977
.0975
.0974
.0973
.0972
.0971
.0969
.0968
.0967
.0966
.0965
.0964
.0962
.0961
.096
.0959
.0958
.0956
.0955
.0954
.0953
.0952
.0951
.095
.0948
.0947
.0946
.0945
.0944
.0943
.0941
.094
.0939
.0938
.0937
.0936
.0935
.0934
.0932
.0931
.093
.0929
.0928
.0927
.0926
.0925
.0924
.0922
.0921
.092
.0919
.0918
.0917
.0916
.0915
.0914
.0913
.0912
.0911
.0909
.0908
.0907
.0906
.0905
.0904
.0903
.0902
.0901
.09
.0899
.0898
.0897
.0896
.0895
.0894
.0893
.0892
.0891
.089
.0888
.0887
.0886
.0885
.0884
.0883
.0882
.0881
.088
.0879
.0878
.0877
.0876
.0875
.0874
.0873
.0872
.0871
.087
.0869
.0868
.0867
.0866
.0865
.0864
.0863
.0862
.0861
.086
.0859
.0859
.0858
.0857
.0856
.0855
.0854
.0853
.0852
.0851
.085
.0849
.0848
.0847
.0846
.0845
.0844
.0843
.0842
.0841
.084
.0839
.0839
.0838
.0837
.0836
.0835
.0834
.0833
.0832
.0831
.083
.0829
.0828
.0828
.0827
.0826
.0825
.0824
.0823
.0822
.0821
.082
.0819
.0819
.0818
.0817
.0816
.0815
.0814
.0813
.0812
.0811
.0811
.081
.0809
.0808
.0807
.0806
.0805
.0804
.0804
.0803
.0802
.0801
.08
.0799
.0798
.0798
.0797
.0796
.0795
.0794
.0793
.0792
.0792
.0791
.079
.0789
.0788
.0787
.0787
.0786
.0785
.0784
.0783
.0782
.0782
.0781
.078
.0779
.0778
.0778
.0777
.0776
.0775
.0774
.0773
.0773
.0772
.0771
.077
.0769
.0769
.0768
.0767
.0766
.0765
.0765
.0764
.0763
.0762
.0761
.0761
.076
.0759
.0758
.0758
.0757
.0756
.0755
.0754
.0754
.0753
.0752
.0751
.0751
.075
.0749
.0748
.0748
.0747
.0746
.0745
.0745
.0744
.0743
.0742
.0741
.0741
.074
.0739
.0739
.0738
.0737
.0736
.0736
.0735
.0734
.0733
.0733
.0732
.0731
.073
.073
.0729
.0728
.0727
.0727
.0726
.0725
.0725
.0724
.0723
.0722
.0722
.0721
.072
.072
.0719
.0718
.0717
.0717
.0716
.0715
.0715
.0714
.0713
.0712
.0712
.0711
.071
.071
.0709
.0708
.0708
.0707
.0706
.0706
.0705
.0704
.0703
.0703
.0702
.0701
.0701
.07
.0699
.0699
.0698
.0697
.0697
.0696
.0695
.0695
.0694
.0693
.0693
.0692
.0691
.0691
.069
.0689
.0689
.0688
.0687
.0687
.0686
.0685
.0685
.0684
.0683
.0683
.0682
.0681
.0681
.068
.068
.0679
.0678
.0678
.0677
.0676
.0676
.0675
.0674
.0674
.0673
.0673
.0672
.0671
.0671
.067
.0669
.0669
.0668
.0667
.0667
.0666
.0666
.0665
.0664
.0664
.0663
.0663
.0662
.0661
.0661
.066
.0659
.0659
.0658
.0658
.0657
.0656
.0656
.0655
.0655
.0654
.0653
.0653
.0652
.0652
.0651
.065
.065
.0649
.0649
.0648
.0647
.0647
.0646
.0646
.0645
.0644
.0644
.0643
.0643
.0642
.0642
.0641
.064
.064
.0639
.0639
.0638
.0637
.0637
.0636
.0636
.0635
.0635
.0634
.0633
.0633
.0632
.0632
.0631
.0631
.063
.0629
.0629
.0628
.0628
.0627
.0627
.0626
.0626
.0625
.0624
.0624
.0623
.0623
.0622
.0622
.0621
.0621
.062
.0619
.0619
.0618
.0618
.0617
.0617
.0616
.0616
.0615
.0615
.0614
.0614
.0613
.0612
.0612
.0611
.0611
.061
.061
.0609
.0609
.0608
.0608
.0607
.0607
.0606
.0606
.0605
.0604
.0604
.0603
.0603
.0602
.0602
.0601
.0601
.06
.06
.0599
.0599
.0598
.0598
.0597
.0597
.0596
.0596
.0595
.0595
.0594
.0594
.0593
.0593
.0592
.0592
.0591
.0591
.059
.059
.0589
.0589
.0588
.0588
.0587
.0587
.0586
.0586
.0585
.0585
.0584
.0584
.0583
.0583
.0582
.0582
.0581
.0581
.058
.058
.0579
.0579
.0578
.0578
.0577
.0577
.0576
.0576
.0575
.0575
.0574
.0574
.0573
.0573
.0572
.0572
.0571
.0571
.0571
.057
.057
.0569
.0569
.0568
.0568
.0567
.0567
.0566
.0566
.0565
.0565
.0564
.0564
.0563
.0563
.0563
.0562
.0562
.0561
.0561
.056
.056
.0559
.0559
.0558
.0558
.0558
.0557
.0557
.0556
.0556
.0555
.0555
.0554
.0554
.0553
.0553
.0553
.0552
.0552
.0551
.0551
.055
.055
.0549
.0549
.0549
.0548
.0548
.0547
.0547
.0546
.0546
.0545
.0545
.0545
.0544
.0544
.0543
.0543
.0542
.0542
.0542
.0541
.0541
.054
.054
.0539
.0539
.0539
.0538
.0538
.0537
.0537
.0536
.0536
.0536
.0535
.0535
.0534
.0534
.0533
.0533
.0533
.0532
.0532
.0531
.0531
.053
.053
.053
.0529
.0529
.0528
.0528
.0528
.0527
.0527
.0526
.0526
.0526
.0525
.0525
.0524
.0524
.0523
.0523
.0523
.0522
.0522
.0521
.0521
.0521
.052
.052
.0519
.0519
.0519
.0518
.0518
.0517
.0517
.0517
.0516
.0516
.0515
.0515
.0515
.0514
.0514
.0513
.0513
.0513
.0512
.0512
.0511
.0511
.0511
.051
.051
.051
.0509
.0509
.0508
.0508
.0508
.0507
.0507
.0506
.0506
.0506
.0505
.0505
.0505
.0504
.0504
.0503
.0503
.0503
.0502
.0502
.0501
.0501
.0501
.05
.05
