.5466
.5477
.5476
.5475
.5474
.5473
.5472
.5471
.547
.5469
.5468
.5467
.5467
.5466
.5465
.5464
.5464
.5463
.5462
.5462
.5461
.546
.546
.5459
.5458
.5458
.5457
.5456
.5456
.5455
.5454
.5454
.5453
.5452
.5452
.5451
.545
.545
.5449
.5448
.5448
.5447
.5446
.5446
.5445
.5444
.5444
.5443
.5442
.5442
.5441
.544
.5439
.5439
.5438
.5437
.5437
.5436
.5435
.5434
.5434
.5433
.5432
.5431
.5431
.543
.5429
.5428
.5427
.5427
.5426
.5425
.5424
.5423
.5422
.5422
.5421
.542
.5419
.5418
.5417
.5416
.5415
.5414
.5414
.5413
.5412
.5411
.541
.5409
.5408
.5407
.5406
.5405
.5404
.5403
.5402
.5401
.54
.5399
.5398
.5396
.5395
.5394
.5393
.5392
.5391
.539
.5389
.5387
.5386
.5385
.5384
.5383
.5381
.538
.5379
.5377
.5376
.5375
.5373
.5372
.5371
.5369
.5368
.5367
.5365
.5364
.5362
.5361
.5359
.5358
.5356
.5355
.5353
.5352
.535
.5348
.5347
.5345
.5343
.5342
.534
.5338
.5336
.5335
.5333
.5331
.5329
.5327
.5325
.5323
.5321
.5319
.5317
.5315
.5313
.5311
.5309
.5307
.5305
.5303
.5301
.5298
.5296
.5294
.5292
.5289
.5287
.5284
.5282
.528
.5277
.5275
.5272
.5269
.5267
.5264
.5262
.5259
.5256
.5253
.5251
.5248
.5245
.5242
.5239
.5236
.5233
.523
.5227
.5224
.5221
.5218
.5214
.5211
.5208
.5205
.5201
.5198
.5194
.5191
.5187
.5184
.518
.5177
.5173
.5169
.5166
.5162
.5158
.5154
.515
.5147
.5143
.5139
.5135
.5131
.5126
.5122
.5118
.5114
.511
.5105
.5101
.5097
.5092
.5088
.5083
.5079
.5074
.507
.5065
.5061
.5056
.5051
.5046
.5042
.5037
.5032
.5027
.5022
.5017
.5012
.5007
.5002
.4997
.4992
.4987
.4982
.4976
.4971
.4966
.496
.4955
.495
.4944
.4939
.4933
.4928
.4922
.4917
.4911
.4906
.49
.4894
.4889
.4883
.4877
.4871
.4866
.486
.4854
.4848
.4842
.4836
.483
.4824
.4818
.4812
.4806
.48
.4794
.4788
.4782
.4776
.477
.4764
.4757
.4751
.4745
.4739
.4732
.4726
.472
.4714
.4707
.4701
.4695
.4688
.4682
.4676
.4669
.4663
.4656
.465
.4643
.4637
.463
.4624
.4617
.4611
.4604
.4598
.4591
.4585
.4578
.4572
.4565
.4558
.4552
.4545
.4539
.4532
.4525
.4519
.4512
.4505
.4499
.4492
.4485
.4479
.4472
.4465
.4459
.4452
.4445
.4439
.4432
.4425
.4419
.4412
.4405
.4398
.4392
.4385
.4378
.4371
.4365
.4358
.4351
.4344
.4338
.4331
.4324
.4317
.4311
.4304
.4297
.429
.4284
.4277
.427
.4263
.4256
.425
.4243
.4236
.4229
.4223
.4216
.4209
.4202
.4196
.4189
.4182
.4175
.4168
.4162
.4155
.4148
.4141
.4135
.4128
.4121
.4114
.4108
.4101
.4094
.4087
.4081
.4074
.4067
.4061
.4054
.4047
.404
.4034
.4027
.402
.4014
.4007
.4
.3993
.3987
.398
.3973
.3967
.396
.3953
.3947
.394
.3933
.3927
.392
.3914
.3907
.39
.3894
.3887
.388
.3874
.3867
.3861
.3854
.3848
.3841
.3834
.3828
.3821
.3815
.3808
.3802
.3795
.3789
.3782
.3776
.3769
.3763
.3756
.375
.3743
.3737
.373
.3724
.3717
.3711
.3705
.3698
.3692
.3685
.3679
.3673
.3666
.366
.3654
.3647
.3641
.3634
.3628
.3622
.3616
.3609
.3603
.3597
.359
.3584
.3578
.3572
.3565
.3559
.3553
.3547
.354
.3534
.3528
.3522
.3516
.3509
.3503
.3497
.3491
.3485
.3479
.3473
.3466
.346
.3454
.3448
.3442
.3436
.343
.3424
.3418
.3412
.3406
.34
.3394
.3388
.3382
.3376
.337
.3364
.3358
.3352
.3346
.334
.3334
.3328
.3322
.3317
.3311
.3305
.3299
.3293
.3287
.3281
.3276
.327
.3264
.3258
.3252
.3247
.3241
.3235
.3229
.3224
.3218
.3212
.3206
.3201
.3195
.3189
.3184
.3178
.3172
.3167
.3161
.3156
.315
.3144
.3139
.3133
.3128
.3122
.3116
.3111
.3105
.31
.3094
.3089
.3083
.3078
.3072
.3067
.3061
.3056
.305
.3045
.304
.3034
.3029
.3023
.3018
.3013
.3007
.3002
.2996
.2991
.2986
.298
.2975
.297
.2964
.2959
.2954
.2949
.2943
.2938
.2933
.2928
.2922
.2917
.2912
.2907
.2902
.2896
.2891
.2886
.2881
.2876
.2871
.2866
.286
.2855
.285
.2845
.284
.2835
.283
.2825
.282
.2815
.281
.2805
.28
.2795
.279
.2785
.278
.2775
.277
.2765
.276
.2755
.275
.2745
.274
.2735
.273
.2726
.2721
.2716
.2711
.2706
.2701
.2696
.2692
.2687
.2682
.2677
.2672
.2668
.2663
.2658
.2653
.2649
.2644
.2639
.2634
.263
.2625
.262
.2615
.2611
.2606
.2601
.2597
.2592
.2587
.2583
.2578
.2573
.2569
.2564
.256
.2555
.255
.2546
.2541
.2537
.2532
.2527
.2523
.2518
.2514
.2509
.2505
.25
.2496
.2491
.2487
.2482
.2478
.2473
.2469
.2464
.246
.2455
.2451
.2446
.2442
.2437
.2433
.2428
.2424
.242
.2415
.2411
.2406
.2402
.2398
.2393
.2389
.2384
.238
.2376
.2371
.2367
.2363
.2358
.2354
.235
.2345
.2341
.2337
.2332
.2328
.2324
.232
.2315
.2311
.2307
.2302
.2298
.2294
.229
.2285
.2281
.2277
.2273
.2268
.2264
.226
.2256
.2252
.2247
.2243
.2239
.2235
.2231
.2226
.2222
.2218
.2214
.221
.2206
.2201
.2197
.2193
.2189
.2185
.2181
.2177
.2172
.2168
.2164
.216
.2156
.2152
.2148
.2144
.214
.2136
.2132
.2127
.2123
.2119
.2115
.2111
.2107
.2103
.2099
.2095
.2091
.2087
.2083
.2079
.2075
.2071
.2067
.2063
.2059
.2055
.2051
.2047
.2043
.2039
.2035
.2031
.2027
.2023
.2019
.2015
.2011
.2007
.2003
.1999
.1996
.1992
.1988
.1984
.198
.1976
.1972
.1968
.1964
.196
.1956
.1953
.1949
.1945
.1941
.1937
.1933
.1929
.1926
.1922
.1918
.1914
.191
.1906
.1903
.1899
.1895
.1891
.1887
.1884
.188
.1876
.1872
.1868
.1865
.1861
.1857
.1853
.185
.1846
.1842
.1838
.1835
.1831
.1827
.1824
.182
.1816
.1812
.1809
.1805
.1801
.1798
.1794
.179
.1787
.1783
.178
.1776
.1772
.1769
.1765
.1761
.1758
.1754
.1751
.1747
.1744
.174
.1736
.1733
.1729
.1726
.1722
.1719
.1715
.1712
.1708
.1705
.1701
.1698
.1694
.1691
.1687
.1684
.168
.1677
.1673
.167
.1667
.1663
.166
.1656
.1653
.165
.1646
.1643
.1639
.1636
.1633
.1629
.1626
.1623
.1619
.1616
.1613
.161
.1606
.1603
.16
.1596
.1593
.159
.1587
.1584
.158
.1577
.1574
.1571
.1568
.1564
.1561
.1558
.1555
.1552
.1549
.1545
.1542
.1539
.1536
.1533
.153
.1527
.1524
.1521
.1518
.1515
.1512
.1509
.1506
.1503
.15
.1497
.1494
.1491
.1488
.1485
.1482
.1479
.1476
.1473
.147
.1467
.1464
.1462
.1459
.1456
.1453
.145
.1447
.1445
.1442
.1439
.1436
.1433
.1431
.1428
.1425
.1422
.1419
.1417
.1414
.1411
.1409
.1406
.1403
.1401
.1398
.1395
.1393
.139
.1387
.1385
.1382
.1379
.1377
.1374
.1372
.1369
.1366
.1364
.1361
.1359
.1356
.1354
.1351
.1349
.1346
.1344
.1341
.1339
.1336
.1334
.1331
.1329
.1327
.1324
.1322
.1319
.1317
.1315
.1312
.131
.1307
.1305
.1303
.13
.1298
.1296
.1293
.1291
.1289
.1286
.1284
.1282
.128
.1277
.1275
.1273
.1271
.1268
.1266
.1264
.1262
.1259
.1257
.1255
.1253
.1251
.1248
.1246
.1244
.1242
.124
.1238
.1236
.1234
.1231
.1229
.1227
.1225
.1223
.1221
.1219
.1217
.1215
.1213
.1211
.1209
.1207
.1205
.1203
.12
.1198
.1196
.1194
.1193
.1191
.1189
.1187
.1185
.1183
.1181
.1179
.1177
.1175
.1173
.1171
.1169
.1167
.1165
.1163
.1162
.116
.1158
.1156
.1154
.1152
.115
.1149
.1147
.1145
.1143
.1141
.1139
.1138
.1136
.1134
.1132
.113
.1129
.1127
.1125
.1123
.1121
.112
.1118
.1116
.1114
.1113
.1111
.1109
.1108
.1106
.1104
.1102
.1101
.1099
.1097
.1096
.1094
.1092
.1091
.1089
.1087
.1086
.1084
.1082
.1081
.1079
.1077
.1076
.1074
.1072
.1071
.1069
.1068
.1066
.1064
.1063
.1061
.106
.1058
.1056
.1055
.1053
.1052
.105
.1049
.1047
.1046
.1044
.1042
.1041
.1039
.1038
.1036
.1035
.1033
.1032
.103
.1029
.1027
.1026
.1024
.1023
.1021
.102
.1018
.1017
.1016
.1014
.1013
.1011
.101
.1008
.1007
.1005
.1004
.1003
.1001
.1
.0998
.0997
.0995
.0994
.0993
.0991
.099
.0988
.0987
.0986
.0984
.0983
.0982
.098
.0979
.0977
.0976
.0975
.0973
.0972
.0971
.0969
.0968
.0967
.0965
.0964
.0963
.0961
.096
.0959
.0957
.0956
.0955
.0953
.0952
.0951
.095
.0948
.0947
.0946
.0944
.0943
.0942
.0941
.0939
.0938
.0937
.0936
.0934
.0933
.0932
.093
.0929
.0928
.0927
.0926
.0924
.0923
.0922
.0921
.0919
.0918
.0917
.0916
.0915
.0913
.0912
.0911
.091
.0909
.0907
.0906
.0905
.0904
.0903
.0901
.09
.0899
.0898
.0897
.0896
.0894
.0893
.0892
.0891
.089
.0889
.0888
.0886
.0885
.0884
.0883
.0882
.0881
.088
.0878
.0877
.0876
.0875
.0874
.0873
.0872
.0871
.087
.0868
.0867
.0866
.0865
.0864
.0863
.0862
.0861
.086
.0859
.0858
.0856
.0855
.0854
.0853
.0852
.0851
.085
.0849
.0848
.0847
.0846
.0845
.0844
.0843
.0842
.0841
.084
.0839
.0838
.0837
.0836
.0834
.0833
.0832
.0831
.083
.0829
.0828
.0827
.0826
.0825
.0824
.0823
.0822
.0821
.082
.0819
.0818
.0817
.0816
.0815
.0814
.0813
.0812
.0812
.0811
.081
.0809
.0808
.0807
.0806
.0805
.0804
.0803
.0802
.0801
.08
.0799
.0798
.0797
.0796
.0795
.0794
.0793
.0792
.0792
.0791
.079
.0789
.0788
.0787
.0786
.0785
.0784
.0783
.0782
.0781
.078
.078
.0779
.0778
.0777
.0776
.0775
.0774
.0773
.0772
.0772
.0771
.077
.0769
.0768
.0767
.0766
.0765
.0764
.0764
.0763
.0762
.0761
.076
.0759
.0758
.0758
.0757
.0756
.0755
.0754
.0753
.0752
.0752
.0751
.075
.0749
.0748
.0747
.0746
.0746
.0745
.0744
.0743
.0742
.0741
.0741
.074
.0739
.0738
.0737
.0737
.0736
.0735
.0734
.0733
.0732
.0732
.0731
.073
.0729
.0728
.0728
.0727
.0726
.0725
.0724
.0724
.0723
.0722
.0721
.072
.072
.0719
.0718
.0717
.0717
.0716
.0715
.0714
.0713
.0713
.0712
.0711
.071
.071
.0709
.0708
.0707
.0707
.0706
.0705
.0704
.0704
.0703
.0702
.0701
.0701
.07
.0699
.0698
.0698
.0697
.0696
.0695
.0695
.0694
.0693
.0692
.0692
.0691
.069
.069
.0689
.0688
.0687
.0687
.0686
.0685
.0684
.0684
.0683
.0682
.0682
.0681
.068
.0679
.0679
.0678
.0677
.0677
.0676
.0675
.0675
.0674
.0673
.0672
.0672
.0671
.067
.067
.0669
.0668
.0668
.0667
.0666
.0666
.0665
.0664
.0664
.0663
.0662
.0662
.0661
.066
.066
.0659
.0658
.0658
.0657
.0656
.0656
.0655
.0654
.0654
.0653
.0652
.0652
.0651
.065
.065
.0649
.0648
.0648
.0647
.0646
.0646
.0645
.0644
.0644
.0643
.0643
.0642
.0641
.0641
.064
.0639
.0639
.0638
.0637
.0637
.0636
.0636
.0635
.0634
.0634
.0633
.0632
.0632
.0631
.0631
.063
.0629
.0629
.0628
.0628
.0627
.0626
.0626
.0625
.0624
.0624
.0623
.0623
.0622
.0621
.0621
.062
.062
.0619
.0618
.0618
.0617
.0617
.0616
.0616
.0615
.0614
.0614
.0613
.0613
.0612
.0611
.0611
.061
.061
.0609
.0608
.0608
.0607
.0607
.0606
.0606
.0605
.0604
.0604
.0603
.0603
.0602
.0602
.0601
.06
.06
.0599
.0599
.0598
.0598
.0597
.0597
.0596
.0595
.0595
.0594
.0594
.0593
.0593
.0592
.0592
.0591
.059
.059
.0589
.0589
.0588
.0588
.0587
.0587
.0586
.0586
.0585
.0585
.0584
.0583
.0583
.0582
.0582
.0581
.0581
.058
.058
.0579
.0579
.0578
.0578
.0577
.0577
.0576
.0576
.0575
.0574
.0574
.0573
.0573
.0572
.0572
.0571
.0571
.057
.057
.0569
.0569
.0568
.0568
.0567
.0567
.0566
.0566
.0565
.0565
.0564
.0564
.0563
.0563
.0562
.0562
.0561
.0561
.056
.056
.0559
.0559
.0558
.0558
.0557
.0557
.0556
.0556
.0555
.0555
.0554
.0554
.0553
.0553
.0552
.0552
.0551
.0551
.055
.055
.055
.0549
.0549
.0548
.0548
.0547
.0547
.0546
.0546
.0545
.0545
.0544
.0544
.0543
.0543
.0542
.0542
.0541
.0541
.0541
.054
.054
.0539
.0539
.0538
.0538
.0537
.0537
.0536
.0536
.0535
.0535
.0535
.0534
.0534
.0533
.0533
.0532
.0532
.0531
.0531
.053
.053
.053
.0529
.0529
.0528
.0528
.0527
.0527
.0526
.0526
.0526
.0525
.0525
.0524
.0524
.0523
.0523
.0523
.0522
.0522
.0521
.0521
.052
.052
.0519
.0519
.0519
.0518
.0518
.0517
.0517
.0516
.0516
.0516
.0515
.0515
.0514
.0514
.0514
.0513
.0513
.0512
.0512
.0511
.0511
.0511
.051
.051
.0509
.0509
.0508
.0508
.0508
.0507
.0507
.0506
.0506
.0506
.0505
.0505
.0504
.0504
.0504
.0503
.0503
.0502
.0502
.0502
.0501
.0501
.05
.05
