.5694
.5696
.5686
.5676
.5666
.5656
.5647
.5638
.5629
.562
.5612
.5604
.5596
.5588
.558
.5573
.5566
.5559
.5552
.5546
.5539
.5533
.5527
.5521
.5516
.5511
.5505
.5501
.5496
.5491
.5487
.5482
.5478
.5474
.547
.5466
.5462
.5459
.5455
.5452
.5449
.5445
.5442
.5439
.5436
.5433
.543
.5427
.5424
.5422
.5419
.5416
.5413
.5411
.5408
.5405
.5402
.54
.5397
.5394
.5392
.5389
.5386
.5384
.5381
.5378
.5376
.5373
.537
.5367
.5364
.5362
.5359
.5356
.5353
.535
.5347
.5344
.5341
.5338
.5335
.5332
.5329
.5326
.5323
.532
.5317
.5313
.531
.5307
.5303
.53
.5297
.5293
.529
.5286
.5283
.5279
.5276
.5272
.5269
.5265
.5261
.5258
.5254
.525
.5246
.5242
.5239
.5235
.5231
.5227
.5223
.5219
.5215
.521
.5206
.5202
.5198
.5194
.5189
.5185
.5181
.5176
.5172
.5168
.5163
.5159
.5154
.5149
.5145
.514
.5135
.5131
.5126
.5121
.5116
.5112
.5107
.5102
.5097
.5092
.5087
.5082
.5077
.5072
.5067
.5061
.5056
.5051
.5046
.504
.5035
.503
.5024
.5019
.5014
.5008
.5003
.4997
.4992
.4986
.4981
.4975
.4969
.4964
.4958
.4952
.4947
.4941
.4935
.4929
.4923
.4918
.4912
.4906
.49
.4894
.4888
.4882
.4876
.487
.4864
.4858
.4852
.4846
.484
.4834
.4828
.4822
.4816
.4809
.4803
.4797
.4791
.4785
.4779
.4772
.4766
.476
.4754
.4747
.4741
.4735
.4729
.4722
.4716
.471
.4704
.4697
.4691
.4685
.4679
.4672
.4666
.466
.4653
.4647
.4641
.4634
.4628
.4622
.4616
.4609
.4603
.4597
.459
.4584
.4578
.4572
.4565
.4559
.4553
.4546
.454
.4534
.4528
.4521
.4515
.4509
.4503
.4496
.449
.4484
.4478
.4472
.4465
.4459
.4453
.4447
.4441
.4435
.4428
.4422
.4416
.441
.4404
.4398
.4392
.4386
.438
.4374
.4368
.4361
.4355
.4349
.4343
.4337
.4331
.4325
.4319
.4313
.4307
.4302
.4296
.429
.4284
.4278
.4272
.4266
.426
.4254
.4248
.4242
.4237
.4231
.4225
.4219
.4213
.4207
.4202
.4196
.419
.4184
.4179
.4173
.4167
.4161
.4156
.415
.4144
.4138
.4133
.4127
.4121
.4116
.411
.4104
.4099
.4093
.4087
.4082
.4076
.4071
.4065
.4059
.4054
.4048
.4043
.4037
.4032
.4026
.402
.4015
.4009
.4004
.3998
.3993
.3987
.3982
.3976
.3971
.3965
.396
.3954
.3949
.3944
.3938
.3933
.3927
.3922
.3916
.3911
.3906
.39
.3895
.3889
.3884
.3879
.3873
.3868
.3862
.3857
.3852
.3846
.3841
.3836
.383
.3825
.382
.3814
.3809
.3804
.3798
.3793
.3788
.3783
.3777
.3772
.3767
.3762
.3756
.3751
.3746
.3741
.3735
.373
.3725
.372
.3714
.3709
.3704
.3699
.3694
.3688
.3683
.3678
.3673
.3668
.3663
.3658
.3652
.3647
.3642
.3637
.3632
.3627
.3622
.3616
.3611
.3606
.3601
.3596
.3591
.3586
.3581
.3576
.3571
.3566
.3561
.3556
.355
.3545
.354
.3535
.353
.3525
.352
.3515
.351
.3505
.35
.3495
.349
.3485
.348
.3475
.347
.3465
.346
.3455
.345
.3446
.3441
.3436
.3431
.3426
.3421
.3416
.3411
.3406
.3401
.3396
.3391
.3386
.3381
.3377
.3372
.3367
.3362
.3357
.3352
.3347
.3342
.3338
.3333
.3328
.3323
.3318
.3313
.3308
.3303
.3299
.3294
.3289
.3284
.3279
.3274
.327
.3265
.326
.3255
.325
.3246
.3241
.3236
.3231
.3226
.3221
.3217
.3212
.3207
.3202
.3198
.3193
.3188
.3183
.3178
.3174
.3169
.3164
.3159
.3155
.315
.3145
.314
.3136
.3131
.3126
.3121
.3117
.3112
.3107
.3102
.3098
.3093
.3088
.3083
.3079
.3074
.3069
.3065
.306
.3055
.305
.3046
.3041
.3036
.3032
.3027
.3022
.3017
.3013
.3008
.3003
.2999
.2994
.2989
.2985
.298
.2975
.2971
.2966
.2961
.2957
.2952
.2947
.2943
.2938
.2933
.2929
.2924
.292
.2915
.291
.2906
.2901
.2896
.2892
.2887
.2883
.2878
.2873
.2869
.2864
.286
.2855
.285
.2846
.2841
.2837
.2832
.2827
.2823
.2818
.2814
.2809
.2805
.28
.2795
.2791
.2786
.2782
.2777
.2773
.2768
.2764
.2759
.2755
.275
.2745
.2741
.2736
.2732
.2727
.2723
.2718
.2714
.2709
.2705
.27
.2696
.2691
.2687
.2682
.2678
.2673
.2669
.2664
.266
.2655
.2651
.2647
.2642
.2638
.2633
.2629
.2624
.262
.2615
.2611
.2606
.2602
.2597
.2593
.2589
.2584
.258
.2575
.2571
.2566
.2562
.2558
.2553
.2549
.2544
.254
.2535
.2531
.2527
.2522
.2518
.2513
.2509
.2505
.25
.2496
.2491
.2487
.2483
.2478
.2474
.2469
.2465
.2461
.2456
.2452
.2447
.2443
.2439
.2434
.243
.2425
.2421
.2417
.2412
.2408
.2404
.2399
.2395
.239
.2386
.2382
.2377
.2373
.2369
.2364
.236
.2355
.2351
.2347
.2342
.2338
.2334
.2329
.2325
.232
.2316
.2312
.2307
.2303
.2299
.2294
.229
.2285
.2281
.2277
.2272
.2268
.2264
.2259
.2255
.2251
.2246
.2242
.2237
.2233
.2229
.2224
.222
.2216
.2211
.2207
.2203
.2198
.2194
.2189
.2185
.2181
.2176
.2172
.2168
.2163
.2159
.2154
.215
.2146
.2141
.2137
.2133
.2128
.2124
.2119
.2115
.2111
.2106
.2102
.2098
.2093
.2089
.2085
.208
.2076
.2071
.2067
.2063
.2058
.2054
.205
.2045
.2041
.2036
.2032
.2028
.2023
.2019
.2015
.201
.2006
.2002
.1997
.1993
.1988
.1984
.198
.1975
.1971
.1967
.1962
.1958
.1954
.1949
.1945
.1941
.1936
.1932
.1928
.1923
.1919
.1914
.191
.1906
.1901
.1897
.1893
.1888
.1884
.188
.1875
.1871
.1867
.1862
.1858
.1854
.1849
.1845
.1841
.1837
.1832
.1828
.1824
.1819
.1815
.1811
.1806
.1802
.1798
.1794
.1789
.1785
.1781
.1776
.1772
.1768
.1764
.1759
.1755
.1751
.1747
.1742
.1738
.1734
.173
.1725
.1721
.1717
.1713
.1708
.1704
.17
.1696
.1692
.1687
.1683
.1679
.1675
.1671
.1666
.1662
.1658
.1654
.165
.1646
.1642
.1637
.1633
.1629
.1625
.1621
.1617
.1613
.1609
.1604
.16
.1596
.1592
.1588
.1584
.158
.1576
.1572
.1568
.1564
.156
.1556
.1552
.1548
.1544
.154
.1536
.1532
.1528
.1524
.152
.1516
.1512
.1508
.1504
.15
.1496
.1493
.1489
.1485
.1481
.1477
.1473
.1469
.1466
.1462
.1458
.1454
.145
.1446
.1443
.1439
.1435
.1431
.1428
.1424
.142
.1416
.1413
.1409
.1405
.1402
.1398
.1394
.1391
.1387
.1383
.138
.1376
.1372
.1369
.1365
.1362
.1358
.1354
.1351
.1347
.1344
.134
.1337
.1333
.133
.1326
.1323
.1319
.1316
.1312
.1309
.1305
.1302
.1299
.1295
.1292
.1288
.1285
.1282
.1278
.1275
.1272
.1268
.1265
.1262
.1258
.1255
.1252
.1249
.1245
.1242
.1239
.1236
.1233
.1229
.1226
.1223
.122
.1217
.1214
.121
.1207
.1204
.1201
.1198
.1195
.1192
.1189
.1186
.1183
.118
.1177
.1174
.1171
.1168
.1165
.1162
.1159
.1156
.1153
.115
.1147
.1144
.1141
.1138
.1136
.1133
.113
.1127
.1124
.1121
.1119
.1116
.1113
.111
.1107
.1105
.1102
.1099
.1096
.1094
.1091
.1088
.1086
.1083
.108
.1078
.1075
.1072
.107
.1067
.1065
.1062
.1059
.1057
.1054
.1052
.1049
.1047
.1044
.1042
.1039
.1037
.1034
.1032
.1029
.1027
.1024
.1022
.1019
.1017
.1015
.1012
.101
.1007
.1005
.1003
.1
.0998
.0996
.0993
.0991
.0989
.0986
.0984
.0982
.098
.0977
.0975
.0973
.0971
.0968
.0966
.0964
.0962
.096
.0957
.0955
.0953
.0951
.0949
.0947
.0945
.0942
.094
.0938
.0936
.0934
.0932
.093
.0928
.0926
.0924
.0922
.092
.0918
.0916
.0914
.0912
.091
.0908
.0906
.0904
.0902
.09
.0898
.0896
.0894
.0892
.089
.0888
.0886
.0885
.0883
.0881
.0879
.0877
.0875
.0873
.0872
.087
.0868
.0866
.0864
.0862
.0861
.0859
.0857
.0855
.0854
.0852
.085
.0848
.0847
.0845
.0843
.0841
.084
.0838
.0836
.0835
.0833
.0831
.083
.0828
.0826
.0825
.0823
.0821
.082
.0818
.0817
.0815
.0813
.0812
.081
.0809
.0807
.0805
.0804
.0802
.0801
.0799
.0798
.0796
.0795
.0793
.0792
.079
.0789
.0787
.0786
.0784
.0783
.0781
.078
.0778
.0777
.0775
.0774
.0772
.0771
.0769
.0768
.0767
.0765
.0764
.0762
.0761
.076
.0758
.0757
.0755
.0754
.0753
.0751
.075
.0749
.0747
.0746
.0745
.0743
.0742
.0741
.0739
.0738
.0737
.0735
.0734
.0733
.0732
.073
.0729
.0728
.0726
.0725
.0724
.0723
.0721
.072
.0719
.0718
.0716
.0715
.0714
.0713
.0712
.071
.0709
.0708
.0707
.0706
.0704
.0703
.0702
.0701
.07
.0698
.0697
.0696
.0695
.0694
.0693
.0692
.069
.0689
.0688
.0687
.0686
.0685
.0684
.0682
.0681
.068
.0679
.0678
.0677
.0676
.0675
.0674
.0673
.0672
.0671
.0669
.0668
.0667
.0666
.0665
.0664
.0663
.0662
.0661
.066
.0659
.0658
.0657
.0656
.0655
.0654
.0653
.0652
.0651
.065
.0649
.0648
.0647
.0646
.0645
.0644
.0643
.0642
.0641
.064
.0639
.0638
.0637
.0636
.0635
.0634
.0633
.0632
.0631
.0631
.063
.0629
.0628
.0627
.0626
.0625
.0624
.0623
.0622
.0621
.062
.0619
.0619
.0618
.0617
.0616
.0615
.0614
.0613
.0612
.0612
.0611
.061
.0609
.0608
.0607
.0606
.0605
.0605
.0604
.0603
.0602
.0601
.06
.06
.0599
.0598
.0597
.0596
.0595
.0595
.0594
.0593
.0592
.0591
.059
.059
.0589
.0588
.0587
.0586
.0586
.0585
.0584
.0583
.0582
.0582
.0581
.058
.0579
.0579
.0578
.0577
.0576
.0575
.0575
.0574
.0573
.0572
.0572
.0571
.057
.0569
.0569
.0568
.0567
.0566
.0566
.0565
.0564
.0564
.0563
.0562
.0561
.0561
.056
.0559
.0558
.0558
.0557
.0556
.0556
.0555
.0554
.0553
.0553
.0552
.0551
.0551
.055
.0549
.0549
.0548
.0547
.0547
.0546
.0545
.0544
.0544
.0543
.0542
.0542
.0541
.054
.054
.0539
.0538
.0538
.0537
.0536
.0536
.0535
.0535
.0534
.0533
.0533
.0532
.0531
.0531
.053
.0529
.0529
.0528
.0527
.0527
.0526
.0526
.0525
.0524
.0524
.0523
.0522
.0522
.0521
.0521
.052
.0519
.0519
.0518
.0518
.0517
.0516
.0516
.0515
.0515
.0514
.0513
.0513
.0512
.0512
.0511
.051
.051
.0509
.0509
.0508
.0507
.0507
.0506
.0506
.0505
.0505
.0504
.0503
.0503
.0502
.0502
.0501
.0501
.05
.0499
