.5594
.5588
.5567
.5547
.5527
.5509
.5491
.5473
.5457
.5441
.5425
.5411
.5397
.5383
.5371
.5359
.5347
.5336
.5326
.5316
.5307
.5298
.529
.5282
.5274
.5267
.526
.5253
.5247
.5241
.5235
.5229
.5224
.5218
.5213
.5208
.5203
.5198
.5193
.5188
.5184
.5179
.5174
.517
.5165
.5161
.5156
.5151
.5147
.5142
.5137
.5133
.5128
.5123
.5118
.5113
.5108
.5103
.5098
.5093
.5088
.5083
.5078
.5073
.5068
.5062
.5057
.5051
.5046
.504
.5035
.5029
.5024
.5018
.5012
.5006
.5
.4994
.4988
.4982
.4976
.497
.4964
.4958
.4952
.4945
.4939
.4933
.4926
.492
.4913
.4907
.49
.4893
.4887
.488
.4873
.4866
.4859
.4853
.4846
.4839
.4832
.4825
.4818
.4811
.4803
.4796
.4789
.4782
.4774
.4767
.476
.4752
.4745
.4738
.473
.4723
.4715
.4708
.47
.4693
.4685
.4677
.467
.4662
.4654
.4647
.4639
.4631
.4623
.4615
.4607
.46
.4592
.4584
.4576
.4568
.456
.4552
.4544
.4536
.4528
.452
.4512
.4504
.4496
.4488
.448
.4471
.4463
.4455
.4447
.4439
.4431
.4422
.4414
.4406
.4398
.439
.4381
.4373
.4365
.4357
.4348
.434
.4332
.4323
.4315
.4307
.4298
.429
.4282
.4273
.4265
.4257
.4248
.424
.4232
.4223
.4215
.4207
.4198
.419
.4181
.4173
.4165
.4156
.4148
.4139
.4131
.4122
.4114
.4106
.4097
.4089
.408
.4072
.4063
.4055
.4047
.4038
.403
.4021
.4013
.4004
.3996
.3987
.3979
.3971
.3962
.3954
.3945
.3937
.3928
.392
.3911
.3903
.3894
.3886
.3878
.3869
.3861
.3852
.3844
.3835
.3827
.3818
.381
.3801
.3793
.3784
.3776
.3768
.3759
.3751
.3742
.3734
.3725
.3717
.3708
.37
.3691
.3683
.3675
.3666
.3658
.3649
.3641
.3632
.3624
.3615
.3607
.3599
.359
.3582
.3573
.3565
.3556
.3548
.354
.3531
.3523
.3514
.3506
.3498
.3489
.3481
.3472
.3464
.3456
.3447
.3439
.343
.3422
.3414
.3405
.3397
.3389
.338
.3372
.3363
.3355
.3347
.3338
.333
.3322
.3313
.3305
.3297
.3289
.328
.3272
.3264
.3255
.3247
.3239
.3231
.3222
.3214
.3206
.3198
.3189
.3181
.3173
.3165
.3157
.3148
.314
.3132
.3124
.3116
.3108
.31
.3091
.3083
.3075
.3067
.3059
.3051
.3043
.3035
.3027
.3019
.3011
.3003
.2995
.2987
.2979
.2971
.2963
.2955
.2947
.2939
.2932
.2924
.2916
.2908
.29
.2892
.2885
.2877
.2869
.2861
.2854
.2846
.2838
.2831
.2823
.2815
.2808
.28
.2793
.2785
.2777
.277
.2762
.2755
.2747
.274
.2733
.2725
.2718
.271
.2703
.2696
.2688
.2681
.2674
.2667
.2659
.2652
.2645
.2638
.2631
.2623
.2616
.2609
.2602
.2595
.2588
.2581
.2574
.2567
.256
.2553
.2546
.254
.2533
.2526
.2519
.2512
.2506
.2499
.2492
.2486
.2479
.2472
.2466
.2459
.2452
.2446
.2439
.2433
.2426
.242
.2414
.2407
.2401
.2394
.2388
.2382
.2375
.2369
.2363
.2357
.2351
.2344
.2338
.2332
.2326
.232
.2314
.2308
.2302
.2296
.229
.2284
.2278
.2272
.2266
.226
.2255
.2249
.2243
.2237
.2232
.2226
.222
.2214
.2209
.2203
.2198
.2192
.2186
.2181
.2175
.217
.2164
.2159
.2154
.2148
.2143
.2137
.2132
.2127
.2121
.2116
.2111
.2106
.21
.2095
.209
.2085
.208
.2075
.2069
.2064
.2059
.2054
.2049
.2044
.2039
.2034
.2029
.2024
.202
.2015
.201
.2005
.2
.1995
.1991
.1986
.1981
.1976
.1972
.1967
.1962
.1958
.1953
.1948
.1944
.1939
.1935
.193
.1925
.1921
.1916
.1912
.1907
.1903
.1899
.1894
.189
.1885
.1881
.1877
.1872
.1868
.1864
.1859
.1855
.1851
.1847
.1842
.1838
.1834
.183
.1826
.1822
.1818
.1813
.1809
.1805
.1801
.1797
.1793
.1789
.1785
.1781
.1777
.1773
.1769
.1765
.1761
.1758
.1754
.175
.1746
.1742
.1738
.1734
.1731
.1727
.1723
.1719
.1716
.1712
.1708
.1705
.1701
.1697
.1694
.169
.1686
.1683
.1679
.1675
.1672
.1668
.1665
.1661
.1658
.1654
.1651
.1647
.1644
.164
.1637
.1633
.163
.1626
.1623
.162
.1616
.1613
.161
.1606
.1603
.16
.1596
.1593
.159
.1586
.1583
.158
.1577
.1573
.157
.1567
.1564
.1561
.1558
.1554
.1551
.1548
.1545
.1542
.1539
.1536
.1533
.1529
.1526
.1523
.152
.1517
.1514
.1511
.1508
.1505
.1502
.1499
.1496
.1493
.1491
.1488
.1485
.1482
.1479
.1476
.1473
.147
.1467
.1465
.1462
.1459
.1456
.1453
.145
.1448
.1445
.1442
.1439
.1437
.1434
.1431
.1428
.1426
.1423
.142
.1418
.1415
.1412
.141
.1407
.1404
.1402
.1399
.1396
.1394
.1391
.1389
.1386
.1383
.1381
.1378
.1376
.1373
.1371
.1368
.1366
.1363
.1361
.1358
.1356
.1353
.1351
.1348
.1346
.1343
.1341
.1338
.1336
.1334
.1331
.1329
.1326
.1324
.1322
.1319
.1317
.1315
.1312
.131
.1308
.1305
.1303
.1301
.1298
.1296
.1294
.1291
.1289
.1287
.1285
.1282
.128
.1278
.1276
.1273
.1271
.1269
.1267
.1265
.1262
.126
.1258
.1256
.1254
.1252
.1249
.1247
.1245
.1243
.1241
.1239
.1237
.1235
.1232
.123
.1228
.1226
.1224
.1222
.122
.1218
.1216
.1214
.1212
.121
.1208
.1206
.1204
.1202
.12
.1198
.1196
.1194
.1192
.119
.1188
.1186
.1184
.1182
.118
.1178
.1176
.1174
.1172
.1171
.1169
.1167
.1165
.1163
.1161
.1159
.1157
.1155
.1154
.1152
.115
.1148
.1146
.1144
.1143
.1141
.1139
.1137
.1135
.1133
.1132
.113
.1128
.1126
.1125
.1123
.1121
.1119
.1117
.1116
.1114
.1112
.111
.1109
.1107
.1105
.1104
.1102
.11
.1098
.1097
.1095
.1093
.1092
.109
.1088
.1087
.1085
.1083
.1082
.108
.1078
.1077
.1075
.1073
.1072
.107
.1069
.1067
.1065
.1064
.1062
.1061
.1059
.1057
.1056
.1054
.1053
.1051
.105
.1048
.1046
.1045
.1043
.1042
.104
.1039
.1037
.1036
.1034
.1033
.1031
.103
.1028
.1027
.1025
.1024
.1022
.1021
.1019
.1018
.1016
.1015
.1013
.1012
.101
.1009
.1007
.1006
.1004
.1003
.1002
.1
.0999
.0997
.0996
.0994
.0993
.0992
.099
.0989
.0987
.0986
.0985
.0983
.0982
.098
.0979
.0978
.0976
.0975
.0974
.0972
.0971
.097
.0968
.0967
.0966
.0964
.0963
.0962
.096
.0959
.0958
.0956
.0955
.0954
.0952
.0951
.095
.0948
.0947
.0946
.0945
.0943
.0942
.0941
.0939
.0938
.0937
.0936
.0934
.0933
.0932
.0931
.0929
.0928
.0927
.0926
.0924
.0923
.0922
.0921
.0919
.0918
.0917
.0916
.0915
.0913
.0912
.0911
.091
.0908
.0907
.0906
.0905
.0904
.0903
.0901
.09
.0899
.0898
.0897
.0895
.0894
.0893
.0892
.0891
.089
.0889
.0887
.0886
.0885
.0884
.0883
.0882
.0881
.0879
.0878
.0877
.0876
.0875
.0874
.0873
.0872
.087
.0869
.0868
.0867
.0866
.0865
.0864
.0863
.0862
.0861
.086
.0858
.0857
.0856
.0855
.0854
.0853
.0852
.0851
.085
.0849
.0848
.0847
.0846
.0845
.0844
.0843
.0842
.084
.0839
.0838
.0837
.0836
.0835
.0834
.0833
.0832
.0831
.083
.0829
.0828
.0827
.0826
.0825
.0824
.0823
.0822
.0821
.082
.0819
.0818
.0817
.0816
.0815
.0814
.0813
.0812
.0811
.081
.0809
.0809
.0808
.0807
.0806
.0805
.0804
.0803
.0802
.0801
.08
.0799
.0798
.0797
.0796
.0795
.0794
.0793
.0792
.0791
.0791
.079
.0789
.0788
.0787
.0786
.0785
.0784
.0783
.0782
.0781
.0781
.078
.0779
.0778
.0777
.0776
.0775
.0774
.0773
.0772
.0772
.0771
.077
.0769
.0768
.0767
.0766
.0765
.0765
.0764
.0763
.0762
.0761
.076
.0759
.0759
.0758
.0757
.0756
.0755
.0754
.0753
.0753
.0752
.0751
.075
.0749
.0748
.0748
.0747
.0746
.0745
.0744
.0743
.0743
.0742
.0741
.074
.0739
.0739
.0738
.0737
.0736
.0735
.0734
.0734
.0733
.0732
.0731
.073
.073
.0729
.0728
.0727
.0727
.0726
.0725
.0724
.0723
.0723
.0722
.0721
.072
.0719
.0719
.0718
.0717
.0716
.0716
.0715
.0714
.0713
.0713
.0712
.0711
.071
.071
.0709
.0708
.0707
.0707
.0706
.0705
.0704
.0704
.0703
.0702
.0701
.0701
.07
.0699
.0698
.0698
.0697
.0696
.0695
.0695
.0694
.0693
.0693
.0692
.0691
.069
.069
.0689
.0688
.0688
.0687
.0686
.0685
.0685
.0684
.0683
.0683
.0682
.0681
.0681
.068
.0679
.0678
.0678
.0677
.0676
.0676
.0675
.0674
.0674
.0673
.0672
.0672
.0671
.067
.067
.0669
.0668
.0668
.0667
.0666
.0665
.0665
.0664
.0663
.0663
.0662
.0662
.0661
.066
.066
.0659
.0658
.0658
.0657
.0656
.0656
.0655
.0654
.0654
.0653
.0652
.0652
.0651
.065
.065
.0649
.0649
.0648
.0647
.0647
.0646
.0645
.0645
.0644
.0643
.0643
.0642
.0642
.0641
.064
.064
.0639
.0638
.0638
.0637
.0637
.0636
.0635
.0635
.0634
.0634
.0633
.0632
.0632
.0631
.0631
.063
.0629
.0629
.0628
.0628
.0627
.0626
.0626
.0625
.0625
.0624
.0623
.0623
.0622
.0622
.0621
.062
.062
.0619
.0619
.0618
.0617
.0617
.0616
.0616
.0615
.0615
.0614
.0613
.0613
.0612
.0612
.0611
.0611
.061
.0609
.0609
.0608
.0608
.0607
.0607
.0606
.0606
.0605
.0604
.0604
.0603
.0603
.0602
.0602
.0601
.0601
.06
.0599
.0599
.0598
.0598
.0597
.0597
.0596
.0596
.0595
.0595
.0594
.0593
.0593
.0592
.0592
.0591
.0591
.059
.059
.0589
.0589
.0588
.0588
.0587
.0587
.0586
.0585
.0585
.0584
.0584
.0583
.0583
.0582
.0582
.0581
.0581
.058
.058
.0579
.0579
.0578
.0578
.0577
.0577
.0576
.0576
.0575
.0575
.0574
.0574
.0573
.0573
.0572
.0572
.0571
.0571
.057
.057
.0569
.0569
.0568
.0568
.0567
.0567
.0566
.0566
.0565
.0565
.0564
.0564
.0563
.0563
.0562
.0562
.0561
.0561
.056
.056
.0559
.0559
.0558
.0558
.0557
.0557
.0556
.0556
.0555
.0555
.0555
.0554
.0554
.0553
.0553
.0552
.0552
.0551
.0551
.055
.055
.0549
.0549
.0548
.0548
.0548
.0547
.0547
.0546
.0546
.0545
.0545
.0544
.0544
.0543
.0543
.0542
.0542
.0542
.0541
.0541
.054
.054
.0539
.0539
.0538
.0538
.0538
.0537
.0537
.0536
.0536
.0535
.0535
.0534
.0534
.0534
.0533
.0533
.0532
.0532
.0531
.0531
.053
.053
.053
.0529
.0529
.0528
.0528
.0527
.0527
.0527
.0526
.0526
.0525
.0525
.0524
.0524
.0524
.0523
.0523
.0522
.0522
.0521
.0521
.0521
.052
.052
.0519
.0519
.0518
.0518
.0518
.0517
.0517
.0516
.0516
.0516
.0515
.0515
.0514
.0514
.0514
.0513
.0513
.0512
.0512
.0511
.0511
.0511
.051
.051
.0509
.0509
.0509
.0508
.0508
.0507
.0507
.0507
.0506
.0506
.0505
.0505
.0505
.0504
.0504
.0503
.0503
.0503
.0502
.0502
.0502
.0501
.0501
.05
.05
