.547
.5473
.546
.5448
.5436
.5425
.5415
.5405
.5396
.5387
.5379
.5372
.5365
.5358
.5352
.5346
.5341
.5336
.5331
.5327
.5322
.5318
.5315
.5311
.5308
.5305
.5302
.5299
.5296
.5293
.5291
.5288
.5286
.5284
.5281
.5279
.5277
.5275
.5273
.5271
.5269
.5267
.5265
.5263
.5261
.5259
.5257
.5255
.5253
.5251
.5249
.5247
.5245
.5243
.5241
.5239
.5237
.5235
.5232
.523
.5228
.5226
.5224
.5222
.5219
.5217
.5215
.5213
.521
.5208
.5205
.5203
.5201
.5198
.5196
.5193
.5191
.5188
.5185
.5183
.518
.5177
.5174
.5172
.5169
.5166
.5163
.516
.5157
.5154
.5151
.5148
.5145
.5142
.5139
.5135
.5132
.5129
.5125
.5122
.5119
.5115
.5112
.5108
.5105
.5101
.5097
.5094
.509
.5086
.5082
.5078
.5074
.507
.5066
.5062
.5058
.5054
.505
.5046
.5042
.5037
.5033
.5029
.5024
.502
.5015
.5011
.5006
.5002
.4997
.4992
.4987
.4983
.4978
.4973
.4968
.4963
.4958
.4953
.4948
.4943
.4938
.4933
.4928
.4922
.4917
.4912
.4906
.4901
.4896
.489
.4885
.4879
.4874
.4868
.4862
.4857
.4851
.4845
.484
.4834
.4828
.4822
.4816
.4811
.4805
.4799
.4793
.4787
.4781
.4775
.4768
.4762
.4756
.475
.4744
.4738
.4731
.4725
.4719
.4713
.4706
.47
.4693
.4687
.4681
.4674
.4668
.4661
.4655
.4648
.4642
.4635
.4628
.4622
.4615
.4609
.4602
.4595
.4589
.4582
.4575
.4568
.4562
.4555
.4548
.4541
.4534
.4527
.4521
.4514
.4507
.45
.4493
.4486
.4479
.4472
.4465
.4458
.4451
.4444
.4437
.443
.4423
.4416
.4409
.4402
.4394
.4387
.438
.4373
.4366
.4359
.4351
.4344
.4337
.433
.4322
.4315
.4308
.4301
.4293
.4286
.4279
.4271
.4264
.4257
.4249
.4242
.4234
.4227
.422
.4212
.4205
.4197
.419
.4182
.4175
.4167
.416
.4152
.4145
.4137
.413
.4122
.4115
.4107
.4099
.4092
.4084
.4077
.4069
.4061
.4054
.4046
.4039
.4031
.4023
.4016
.4008
.4
.3993
.3985
.3978
.397
.3962
.3955
.3947
.3939
.3932
.3924
.3916
.3909
.3901
.3893
.3886
.3878
.387
.3863
.3855
.3847
.384
.3832
.3824
.3817
.3809
.3801
.3794
.3786
.3779
.3771
.3763
.3756
.3748
.374
.3733
.3725
.3718
.371
.3703
.3695
.3688
.368
.3672
.3665
.3657
.365
.3642
.3635
.3627
.362
.3612
.3605
.3598
.359
.3583
.3575
.3568
.356
.3553
.3546
.3538
.3531
.3524
.3516
.3509
.3502
.3494
.3487
.348
.3473
.3465
.3458
.3451
.3444
.3436
.3429
.3422
.3415
.3408
.3401
.3393
.3386
.3379
.3372
.3365
.3358
.3351
.3344
.3337
.333
.3323
.3316
.3309
.3302
.3295
.3288
.3281
.3274
.3267
.326
.3253
.3246
.324
.3233
.3226
.3219
.3212
.3206
.3199
.3192
.3185
.3178
.3172
.3165
.3158
.3152
.3145
.3138
.3132
.3125
.3118
.3112
.3105
.3099
.3092
.3086
.3079
.3073
.3066
.306
.3053
.3047
.304
.3034
.3027
.3021
.3015
.3008
.3002
.2995
.2989
.2983
.2976
.297
.2964
.2958
.2951
.2945
.2939
.2933
.2927
.292
.2914
.2908
.2902
.2896
.289
.2884
.2878
.2871
.2865
.2859
.2853
.2847
.2841
.2835
.2829
.2824
.2818
.2812
.2806
.28
.2794
.2788
.2782
.2777
.2771
.2765
.2759
.2753
.2748
.2742
.2736
.2731
.2725
.2719
.2714
.2708
.2702
.2697
.2691
.2685
.268
.2674
.2669
.2663
.2658
.2652
.2647
.2641
.2636
.263
.2625
.262
.2614
.2609
.2604
.2598
.2593
.2588
.2582
.2577
.2572
.2566
.2561
.2556
.2551
.2546
.254
.2535
.253
.2525
.252
.2515
.251
.2505
.25
.2494
.2489
.2484
.2479
.2474
.2469
.2464
.246
.2455
.245
.2445
.244
.2435
.243
.2425
.242
.2416
.2411
.2406
.2401
.2396
.2392
.2387
.2382
.2378
.2373
.2368
.2364
.2359
.2354
.235
.2345
.234
.2336
.2331
.2327
.2322
.2318
.2313
.2309
.2304
.23
.2295
.2291
.2286
.2282
.2277
.2273
.2269
.2264
.226
.2255
.2251
.2247
.2242
.2238
.2234
.223
.2225
.2221
.2217
.2213
.2208
.2204
.22
.2196
.2192
.2188
.2183
.2179
.2175
.2171
.2167
.2163
.2159
.2155
.2151
.2147
.2143
.2139
.2135
.2131
.2127
.2123
.2119
.2115
.2111
.2107
.2103
.2099
.2095
.2091
.2088
.2084
.208
.2076
.2072
.2068
.2065
.2061
.2057
.2053
.2049
.2046
.2042
.2038
.2035
.2031
.2027
.2024
.202
.2016
.2013
.2009
.2005
.2002
.1998
.1994
.1991
.1987
.1984
.198
.1977
.1973
.197
.1966
.1963
.1959
.1956
.1952
.1949
.1945
.1942
.1938
.1935
.1931
.1928
.1925
.1921
.1918
.1915
.1911
.1908
.1904
.1901
.1898
.1895
.1891
.1888
.1885
.1881
.1878
.1875
.1872
.1868
.1865
.1862
.1859
.1855
.1852
.1849
.1846
.1843
.184
.1836
.1833
.183
.1827
.1824
.1821
.1818
.1815
.1812
.1808
.1805
.1802
.1799
.1796
.1793
.179
.1787
.1784
.1781
.1778
.1775
.1772
.1769
.1766
.1763
.176
.1758
.1755
.1752
.1749
.1746
.1743
.174
.1737
.1734
.1731
.1729
.1726
.1723
.172
.1717
.1714
.1712
.1709
.1706
.1703
.17
.1698
.1695
.1692
.1689
.1687
.1684
.1681
.1679
.1676
.1673
.167
.1668
.1665
.1662
.166
.1657
.1654
.1652
.1649
.1646
.1644
.1641
.1639
.1636
.1633
.1631
.1628
.1626
.1623
.162
.1618
.1615
.1613
.161
.1608
.1605
.1603
.16
.1598
.1595
.1593
.159
.1588
.1585
.1583
.158
.1578
.1575
.1573
.1571
.1568
.1566
.1563
.1561
.1558
.1556
.1554
.1551
.1549
.1547
.1544
.1542
.1539
.1537
.1535
.1532
.153
.1528
.1525
.1523
.1521
.1518
.1516
.1514
.1512
.1509
.1507
.1505
.1503
.15
.1498
.1496
.1494
.1491
.1489
.1487
.1485
.1482
.148
.1478
.1476
.1474
.1471
.1469
.1467
.1465
.1463
.1461
.1458
.1456
.1454
.1452
.145
.1448
.1446
.1444
.1441
.1439
.1437
.1435
.1433
.1431
.1429
.1427
.1425
.1423
.1421
.1419
.1417
.1414
.1412
.141
.1408
.1406
.1404
.1402
.14
.1398
.1396
.1394
.1392
.139
.1388
.1386
.1384
.1382
.138
.1379
.1377
.1375
.1373
.1371
.1369
.1367
.1365
.1363
.1361
.1359
.1357
.1355
.1354
.1352
.135
.1348
.1346
.1344
.1342
.134
.1339
.1337
.1335
.1333
.1331
.1329
.1327
.1326
.1324
.1322
.132
.1318
.1317
.1315
.1313
.1311
.1309
.1308
.1306
.1304
.1302
.13
.1299
.1297
.1295
.1293
.1292
.129
.1288
.1286
.1285
.1283
.1281
.128
.1278
.1276
.1274
.1273
.1271
.1269
.1268
.1266
.1264
.1263
.1261
.1259
.1257
.1256
.1254
.1252
.1251
.1249
.1248
.1246
.1244
.1243
.1241
.1239
.1238
.1236
.1234
.1233
.1231
.123
.1228
.1226
.1225
.1223
.1222
.122
.1218
.1217
.1215
.1214
.1212
.1211
.1209
.1207
.1206
.1204
.1203
.1201
.12
.1198
.1197
.1195
.1194
.1192
.1191
.1189
.1188
.1186
.1185
.1183
.1182
.118
.1179
.1177
.1176
.1174
.1173
.1171
.117
.1168
.1167
.1165
.1164
.1162
.1161
.1159
.1158
.1156
.1155
.1154
.1152
.1151
.1149
.1148
.1146
.1145
.1144
.1142
.1141
.1139
.1138
.1137
.1135
.1134
.1132
.1131
.113
.1128
.1127
.1125
.1124
.1123
.1121
.112
.1119
.1117
.1116
.1115
.1113
.1112
.111
.1109
.1108
.1106
.1105
.1104
.1102
.1101
.11
.1098
.1097
.1096
.1094
.1093
.1092
.1091
.1089
.1088
.1087
.1085
.1084
.1083
.1081
.108
.1079
.1078
.1076
.1075
.1074
.1073
.1071
.107
.1069
.1068
.1066
.1065
.1064
.1063
.1061
.106
.1059
.1058
.1056
.1055
.1054
.1053
.1051
.105
.1049
.1048
.1047
.1045
.1044
.1043
.1042
.104
.1039
.1038
.1037
.1036
.1034
.1033
.1032
.1031
.103
.1029
.1027
.1026
.1025
.1024
.1023
.1022
.102
.1019
.1018
.1017
.1016
.1015
.1013
.1012
.1011
.101
.1009
.1008
.1007
.1005
.1004
.1003
.1002
.1001
.1
.0999
.0998
.0996
.0995
.0994
.0993
.0992
.0991
.099
.0989
.0988
.0987
.0985
.0984
.0983
.0982
.0981
.098
.0979
.0978
.0977
.0976
.0975
.0974
.0972
.0971
.097
.0969
.0968
.0967
.0966
.0965
.0964
.0963
.0962
.0961
.096
.0959
.0958
.0957
.0956
.0955
.0954
.0953
.0952
.095
.0949
.0948
.0947
.0946
.0945
.0944
.0943
.0942
.0941
.094
.0939
.0938
.0937
.0936
.0935
.0934
.0933
.0932
.0931
.093
.0929
.0928
.0927
.0926
.0925
.0924
.0923
.0923
.0922
.0921
.092
.0919
.0918
.0917
.0916
.0915
.0914
.0913
.0912
.0911
.091
.0909
.0908
.0907
.0906
.0905
.0904
.0903
.0902
.0902
.0901
.09
.0899
.0898
.0897
.0896
.0895
.0894
.0893
.0892
.0891
.089
.089
.0889
.0888
.0887
.0886
.0885
.0884
.0883
.0882
.0881
.0881
.088
.0879
.0878
.0877
.0876
.0875
.0874
.0873
.0873
.0872
.0871
.087
.0869
.0868
.0867
.0866
.0866
.0865
.0864
.0863
.0862
.0861
.086
.0859
.0859
.0858
.0857
.0856
.0855
.0854
.0853
.0853
.0852
.0851
.085
.0849
.0848
.0848
.0847
.0846
.0845
.0844
.0843
.0843
.0842
.0841
.084
.0839
.0838
.0838
.0837
.0836
.0835
.0834
.0834
.0833
.0832
.0831
.083
.083
.0829
.0828
.0827
.0826
.0825
.0825
.0824
.0823
.0822
.0822
.0821
.082
.0819
.0818
.0818
.0817
.0816
.0815
.0814
.0814
.0813
.0812
.0811
.0811
.081
.0809
.0808
.0807
.0807
.0806
.0805
.0804
.0804
.0803
.0802
.0801
.0801
.08
.0799
.0798
.0798
.0797
.0796
.0795
.0795
.0794
.0793
.0792
.0792
.0791
.079
.0789
.0789
.0788
.0787
.0786
.0786
.0785
.0784
.0784
.0783
.0782
.0781
.0781
.078
.0779
.0778
.0778
.0777
.0776
.0776
.0775
.0774
.0773
.0773
.0772
.0771
.0771
.077
.0769
.0768
.0768
.0767
.0766
.0766
.0765
.0764
.0764
.0763
.0762
.0762
.0761
.076
.0759
.0759
.0758
.0757
.0757
.0756
.0755
.0755
.0754
.0753
.0753
.0752
.0751
.0751
.075
.0749
.0749
.0748
.0747
.0747
.0746
.0745
.0745
.0744
.0743
.0743
.0742
.0741
.0741
.074
.0739
.0739
.0738
.0737
.0737
.0736
.0735
.0735
.0734
.0733
.0733
.0732
.0731
.0731
.073
.073
.0729
.0728
.0728
.0727
.0726
.0726
.0725
.0724
.0724
.0723
.0723
.0722
.0721
.0721
.072
.0719
.0719
.0718
.0718
.0717
.0716
.0716
.0715
.0714
.0714
.0713
.0713
.0712
.0711
.0711
.071
.071
.0709
.0708
.0708
.0707
.0707
.0706
.0705
.0705
.0704
.0703
.0703
.0702
.0702
.0701
.07
.07
.0699
.0699
.0698
.0698
.0697
.0696
.0696
.0695
.0695
.0694
.0693
.0693
.0692
.0692
.0691
.069
.069
.0689
.0689
.0688
.0688
.0687
.0686
.0686
.0685
.0685
.0684
.0684
.0683
.0682
.0682
.0681
.0681
.068
.068
.0679
.0678
.0678
.0677
.0677
.0676
.0676
.0675
.0675
.0674
.0673
.0673
.0672
.0672
.0671
.0671
.067
.067
.0669
.0668
.0668
.0667
.0667
.0666
.0666
.0665
.0665
.0664
.0664
.0663
.0663
.0662
.0661
.0661
.066
.066
.0659
.0659
.0658
.0658
.0657
.0657
.0656
.0656
.0655
.0655
.0654
.0653
.0653
.0652
.0652
.0651
.0651
.065
.065
.0649
.0649
.0648
.0648
.0647
.0647
.0646
.0646
.0645
.0645
.0644
.0644
.0643
.0643
.0642
.0642
.0641
.0641
.064
.064
.0639
.0639
.0638
.0638
.0637
.0637
.0636
.0636
.0635
.0635
.0634
.0634
.0633
.0633
.0632
.0632
.0631
.0631
.063
.063
.0629
.0629
.0628
.0628
.0627
.0627
.0626
.0626
.0625
.0625
.0624
.0624
.0623
.0623
.0622
.0622
.0621
.0621
.062
.062
.0619
.0619
.0618
.0618
.0617
.0617
.0617
.0616
.0616
.0615
.0615
.0614
.0614
.0613
.0613
.0612
.0612
.0611
.0611
.061
.061
.0609
.0609
.0609
.0608
.0608
.0607
.0607
.0606
.0606
.0605
.0605
.0604
.0604
.0604
.0603
.0603
.0602
.0602
.0601
.0601
.06
.06
.0599
.0599
.0599
.0598
.0598
.0597
.0597
.0596
.0596
.0595
.0595
.0595
.0594
.0594
.0593
.0593
.0592
.0592
.0591
.0591
.0591
.059
.059
.0589
.0589
.0588
.0588
.0588
.0587
.0587
.0586
.0586
.0585
.0585
.0584
.0584
.0584
.0583
.0583
.0582
.0582
.0581
.0581
.0581
.058
.058
.0579
.0579
.0579
.0578
.0578
.0577
.0577
.0576
.0576
.0576
.0575
.0575
.0574
.0574
.0573
.0573
.0573
.0572
.0572
.0571
.0571
.0571
.057
.057
.0569
.0569
.0569
.0568
.0568
.0567
.0567
.0567
.0566
.0566
.0565
.0565
.0564
.0564
.0564
.0563
.0563
.0562
.0562
.0562
.0561
.0561
.056
.056
.056
.0559
.0559
.0558
.0558
.0558
.0557
.0557
.0557
.0556
.0556
.0555
.0555
.0555
.0554
.0554
.0553
.0553
.0553
.0552
.0552
.0551
.0551
.0551
.055
.055
.055
.0549
.0549
.0548
.0548
.0548
.0547
.0547
.0546
.0546
.0546
.0545
.0545
.0545
.0544
.0544
.0543
.0543
.0543
.0542
.0542
.0542
.0541
.0541
.054
.054
.054
.0539
.0539
.0539
.0538
.0538
.0537
.0537
.0537
.0536
.0536
.0536
.0535
.0535
.0535
.0534
.0534
.0533
.0533
.0533
.0532
.0532
.0532
.0531
.0531
.0531
.053
.053
.0529
.0529
.0529
.0528
.0528
.0528
.0527
.0527
.0527
.0526
.0526
.0526
.0525
.0525
.0524
.0524
.0524
.0523
.0523
.0523
.0522
.0522
.0522
.0521
.0521
.0521
.052
.052
.052
.0519
.0519
.0519
.0518
.0518
.0517
.0517
.0517
.0516
.0516
.0516
.0515
.0515
.0515
.0514
.0514
.0514
.0513
.0513
.0513
.0512
.0512
.0512
.0511
.0511
.0511
.051
.051
.051
.0509
.0509
.0509
.0508
.0508
.0508
.0507
.0507
.0507
.0506
.0506
.0506
.0505
.0505
.0505
.0504
.0504
.0504
.0503
.0503
.0503
.0502
.0502
.0502
.0501
.0501
.0501
.05
.05
.05
