.5374
.5383
.5374
.5366
.5359
.5352
.5346
.534
.5334
.5329
.5324
.5319
.5314
.531
.5306
.5302
.5298
.5295
.5291
.5288
.5284
.5281
.5278
.5275
.5272
.5269
.5267
.5264
.5261
.5258
.5256
.5253
.525
.5248
.5245
.5242
.5239
.5237
.5234
.5231
.5229
.5226
.5223
.522
.5218
.5215
.5212
.5209
.5206
.5204
.5201
.5198
.5195
.5192
.5189
.5186
.5183
.518
.5177
.5174
.5171
.5168
.5164
.5161
.5158
.5155
.5152
.5148
.5145
.5142
.5138
.5135
.5132
.5128
.5125
.5121
.5118
.5114
.5111
.5107
.5104
.51
.5096
.5093
.5089
.5085
.5082
.5078
.5074
.507
.5066
.5063
.5059
.5055
.5051
.5047
.5043
.5039
.5035
.5031
.5027
.5023
.5019
.5014
.501
.5006
.5002
.4998
.4993
.4989
.4985
.4981
.4976
.4972
.4968
.4963
.4959
.4954
.495
.4945
.4941
.4936
.4932
.4927
.4923
.4918
.4914
.4909
.4905
.49
.4895
.4891
.4886
.4881
.4877
.4872
.4867
.4862
.4858
.4853
.4848
.4843
.4838
.4834
.4829
.4824
.4819
.4814
.4809
.4804
.4799
.4795
.479
.4785
.478
.4775
.477
.4765
.476
.4755
.475
.4745
.474
.4735
.473
.4725
.472
.4715
.471
.4705
.47
.4695
.469
.4685
.468
.4675
.4669
.4664
.4659
.4654
.4649
.4644
.4639
.4634
.4629
.4624
.4618
.4613
.4608
.4603
.4598
.4593
.4588
.4583
.4577
.4572
.4567
.4562
.4557
.4552
.4546
.4541
.4536
.4531
.4526
.4521
.4515
.451
.4505
.45
.4495
.4489
.4484
.4479
.4474
.4469
.4463
.4458
.4453
.4448
.4442
.4437
.4432
.4427
.4421
.4416
.4411
.4406
.44
.4395
.439
.4385
.4379
.4374
.4369
.4363
.4358
.4353
.4347
.4342
.4337
.4332
.4326
.4321
.4316
.431
.4305
.43
.4294
.4289
.4283
.4278
.4273
.4267
.4262
.4257
.4251
.4246
.424
.4235
.423
.4224
.4219
.4214
.4208
.4203
.4197
.4192
.4187
.4181
.4176
.417
.4165
.4159
.4154
.4149
.4143
.4138
.4132
.4127
.4121
.4116
.4111
.4105
.41
.4094
.4089
.4083
.4078
.4073
.4067
.4062
.4056
.4051
.4046
.404
.4035
.4029
.4024
.4018
.4013
.4008
.4002
.3997
.3991
.3986
.3981
.3975
.397
.3965
.3959
.3954
.3948
.3943
.3938
.3932
.3927
.3922
.3916
.3911
.3906
.39
.3895
.389
.3884
.3879
.3874
.3869
.3863
.3858
.3853
.3848
.3842
.3837
.3832
.3827
.3821
.3816
.3811
.3806
.3801
.3795
.379
.3785
.378
.3775
.377
.3764
.3759
.3754
.3749
.3744
.3739
.3734
.3729
.3724
.3718
.3713
.3708
.3703
.3698
.3693
.3688
.3683
.3678
.3673
.3668
.3663
.3658
.3653
.3648
.3643
.3638
.3633
.3628
.3624
.3619
.3614
.3609
.3604
.3599
.3594
.3589
.3584
.358
.3575
.357
.3565
.356
.3555
.3551
.3546
.3541
.3536
.3532
.3527
.3522
.3517
.3513
.3508
.3503
.3498
.3494
.3489
.3484
.348
.3475
.347
.3466
.3461
.3456
.3452
.3447
.3442
.3438
.3433
.3429
.3424
.342
.3415
.341
.3406
.3401
.3397
.3392
.3388
.3383
.3379
.3374
.337
.3365
.3361
.3356
.3352
.3347
.3343
.3338
.3334
.333
.3325
.3321
.3316
.3312
.3308
.3303
.3299
.3295
.329
.3286
.3281
.3277
.3273
.3269
.3264
.326
.3256
.3251
.3247
.3243
.3239
.3234
.323
.3226
.3222
.3217
.3213
.3209
.3205
.32
.3196
.3192
.3188
.3184
.318
.3175
.3171
.3167
.3163
.3159
.3155
.3151
.3147
.3143
.3138
.3134
.313
.3126
.3122
.3118
.3114
.311
.3106
.3102
.3098
.3094
.309
.3086
.3082
.3078
.3074
.307
.3066
.3062
.3058
.3054
.305
.3046
.3043
.3039
.3035
.3031
.3027
.3023
.3019
.3015
.3011
.3008
.3004
.3
.2996
.2992
.2988
.2985
.2981
.2977
.2973
.2969
.2966
.2962
.2958
.2954
.2951
.2947
.2943
.2939
.2936
.2932
.2928
.2925
.2921
.2917
.2914
.291
.2906
.2903
.2899
.2895
.2892
.2888
.2884
.2881
.2877
.2874
.287
.2866
.2863
.2859
.2856
.2852
.2848
.2845
.2841
.2838
.2834
.2831
.2827
.2824
.282
.2817
.2813
.281
.2806
.2803
.2799
.2796
.2792
.2789
.2785
.2782
.2779
.2775
.2772
.2768
.2765
.2761
.2758
.2755
.2751
.2748
.2744
.2741
.2738
.2734
.2731
.2728
.2724
.2721
.2718
.2714
.2711
.2708
.2704
.2701
.2698
.2695
.2691
.2688
.2685
.2681
.2678
.2675
.2672
.2668
.2665
.2662
.2659
.2656
.2652
.2649
.2646
.2643
.264
.2636
.2633
.263
.2627
.2624
.262
.2617
.2614
.2611
.2608
.2605
.2602
.2599
.2595
.2592
.2589
.2586
.2583
.258
.2577
.2574
.2571
.2568
.2565
.2562
.2558
.2555
.2552
.2549
.2546
.2543
.254
.2537
.2534
.2531
.2528
.2525
.2522
.2519
.2516
.2513
.251
.2507
.2504
.2502
.2499
.2496
.2493
.249
.2487
.2484
.2481
.2478
.2475
.2472
.2469
.2466
.2464
.2461
.2458
.2455
.2452
.2449
.2446
.2444
.2441
.2438
.2435
.2432
.2429
.2427
.2424
.2421
.2418
.2415
.2412
.241
.2407
.2404
.2401
.2399
.2396
.2393
.239
.2387
.2385
.2382
.2379
.2376
.2374
.2371
.2368
.2366
.2363
.236
.2357
.2355
.2352
.2349
.2347
.2344
.2341
.2339
.2336
.2333
.2331
.2328
.2325
.2323
.232
.2317
.2315
.2312
.2309
.2307
.2304
.2301
.2299
.2296
.2294
.2291
.2288
.2286
.2283
.2281
.2278
.2276
.2273
.227
.2268
.2265
.2263
.226
.2258
.2255
.2253
.225
.2247
.2245
.2242
.224
.2237
.2235
.2232
.223
.2227
.2225
.2222
.222
.2217
.2215
.2212
.221
.2207
.2205
.2203
.22
.2198
.2195
.2193
.219
.2188
.2185
.2183
.2181
.2178
.2176
.2173
.2171
.2168
.2166
.2164
.2161
.2159
.2156
.2154
.2152
.2149
.2147
.2145
.2142
.214
.2137
.2135
.2133
.213
.2128
.2126
.2123
.2121
.2119
.2116
.2114
.2112
.2109
.2107
.2105
.2102
.21
.2098
.2095
.2093
.2091
.2089
.2086
.2084
.2082
.2079
.2077
.2075
.2073
.207
.2068
.2066
.2064
.2061
.2059
.2057
.2055
.2052
.205
.2048
.2046
.2043
.2041
.2039
.2037
.2035
.2032
.203
.2028
.2026
.2024
.2021
.2019
.2017
.2015
.2013
.201
.2008
.2006
.2004
.2002
.2
.1997
.1995
.1993
.1991
.1989
.1987
.1984
.1982
.198
.1978
.1976
.1974
.1972
.197
.1967
.1965
.1963
.1961
.1959
.1957
.1955
.1953
.195
.1948
.1946
.1944
.1942
.194
.1938
.1936
.1934
.1932
.193
.1928
.1926
.1923
.1921
.1919
.1917
.1915
.1913
.1911
.1909
.1907
.1905
.1903
.1901
.1899
.1897
.1895
.1893
.1891
.1889
.1887
.1885
.1883
.1881
.1879
.1877
.1875
.1873
.1871
.1869
.1867
.1865
.1863
.1861
.1859
.1857
.1855
.1853
.1851
.1849
.1847
.1845
.1843
.1841
.1839
.1837
.1835
.1833
.1831
.1829
.1827
.1825
.1823
.1821
.1819
.1817
.1816
.1814
.1812
.181
.1808
.1806
.1804
.1802
.18
.1798
.1796
.1794
.1792
.1791
.1789
.1787
.1785
.1783
.1781
.1779
.1777
.1775
.1773
.1772
.177
.1768
.1766
.1764
.1762
.176
.1758
.1756
.1755
.1753
.1751
.1749
.1747
.1745
.1743
.1741
.174
.1738
.1736
.1734
.1732
.173
.1728
.1727
.1725
.1723
.1721
.1719
.1717
.1716
.1714
.1712
.171
.1708
.1706
.1705
.1703
.1701
.1699
.1697
.1695
.1694
.1692
.169
.1688
.1686
.1684
.1683
.1681
.1679
.1677
.1675
.1674
.1672
.167
.1668
.1666
.1665
.1663
.1661
.1659
.1657
.1656
.1654
.1652
.165
.1648
.1647
.1645
.1643
.1641
.1639
.1638
.1636
.1634
.1632
.1631
.1629
.1627
.1625
.1623
.1622
.162
.1618
.1616
.1615
.1613
.1611
.1609
.1607
.1606
.1604
.1602
.16
.1599
.1597
.1595
.1593
.1592
.159
.1588
.1586
.1584
.1583
.1581
.1579
.1577
.1576
.1574
.1572
.157
.1569
.1567
.1565
.1563
.1562
.156
.1558
.1556
.1555
.1553
.1551
.1549
.1548
.1546
.1544
.1542
.1541
.1539
.1537
.1536
.1534
.1532
.153
.1529
.1527
.1525
.1523
.1522
.152
.1518
.1516
.1515
.1513
.1511
.1509
.1508
.1506
.1504
.1503
.1501
.1499
.1497
.1496
.1494
.1492
.149
.1489
.1487
.1485
.1483
.1482
.148
.1478
.1477
.1475
.1473
.1471
.147
.1468
.1466
.1464
.1463
.1461
.1459
.1458
.1456
.1454
.1452
.1451
.1449
.1447
.1446
.1444
.1442
.144
.1439
.1437
.1435
.1433
.1432
.143
.1428
.1427
.1425
.1423
.1421
.142
.1418
.1416
.1415
.1413
.1411
.1409
.1408
.1406
.1404
.1403
.1401
.1399
.1397
.1396
.1394
.1392
.1391
.1389
.1387
.1386
.1384
.1382
.138
.1379
.1377
.1375
.1374
.1372
.137
.1369
.1367
.1365
.1363
.1362
.136
.1358
.1357
.1355
.1353
.1352
.135
.1348
.1347
.1345
.1343
.1341
.134
.1338
.1336
.1335
.1333
.1331
.133
.1328
.1326
.1325
.1323
.1321
.132
.1318
.1316
.1315
.1313
.1311
.131
.1308
.1306
.1305
.1303
.1301
.13
.1298
.1296
.1295
.1293
.1292
.129
.1288
.1287
.1285
.1283
.1282
.128
.1278
.1277
.1275
.1274
.1272
.127
.1269
.1267
.1265
.1264
.1262
.1261
.1259
.1257
.1256
.1254
.1253
.1251
.1249
.1248
.1246
.1245
.1243
.1242
.124
.1238
.1237
.1235
.1234
.1232
.1231
.1229
.1227
.1226
.1224
.1223
.1221
.122
.1218
.1217
.1215
.1213
.1212
.121
.1209
.1207
.1206
.1204
.1203
.1201
.12
.1198
.1197
.1195
.1194
.1192
.1191
.1189
.1188
.1186
.1185
.1183
.1182
.118
.1179
.1177
.1176
.1174
.1173
.1171
.117
.1169
.1167
.1166
.1164
.1163
.1161
.116
.1158
.1157
.1156
.1154
.1153
.1151
.115
.1148
.1147
.1146
.1144
.1143
.1141
.114
.1139
.1137
.1136
.1135
.1133
.1132
.113
.1129
.1128
.1126
.1125
.1124
.1122
.1121
.1119
.1118
.1117
.1115
.1114
.1113
.1111
.111
.1109
.1107
.1106
.1105
.1104
.1102
.1101
.11
.1098
.1097
.1096
.1094
.1093
.1092
.1091
.1089
.1088
.1087
.1085
.1084
.1083
.1082
.108
.1079
.1078
.1077
.1075
.1074
.1073
.1072
.107
.1069
.1068
.1067
.1065
.1064
.1063
.1062
.106
.1059
.1058
.1057
.1056
.1054
.1053
.1052
.1051
.105
.1048
.1047
.1046
.1045
.1044
.1043
.1041
.104
.1039
.1038
.1037
.1035
.1034
.1033
.1032
.1031
.103
.1029
.1027
.1026
.1025
.1024
.1023
.1022
.1021
.1019
.1018
.1017
.1016
.1015
.1014
.1013
.1012
.1011
.1009
.1008
.1007
.1006
.1005
.1004
.1003
.1002
.1001
.1
.0998
.0997
.0996
.0995
.0994
.0993
.0992
.0991
.099
.0989
.0988
.0987
.0986
.0985
.0983
.0982
.0981
.098
.0979
.0978
.0977
.0976
.0975
.0974
.0973
.0972
.0971
.097
.0969
.0968
.0967
.0966
.0965
.0964
.0963
.0962
.0961
.096
.0959
.0958
.0957
.0956
.0955
.0954
.0953
.0952
.0951
.095
.0949
.0948
.0947
.0946
.0945
.0944
.0943
.0942
.0941
.094
.0939
.0938
.0937
.0936
.0935
.0934
.0933
.0932
.0931
.093
.093
.0929
.0928
.0927
.0926
.0925
.0924
.0923
.0922
.0921
.092
.0919
.0918
.0917
.0916
.0916
.0915
.0914
.0913
.0912
.0911
.091
.0909
.0908
.0907
.0906
.0905
.0905
.0904
.0903
.0902
.0901
.09
.0899
.0898
.0897
.0897
.0896
.0895
.0894
.0893
.0892
.0891
.089
.089
.0889
.0888
.0887
.0886
.0885
.0884
.0883
.0883
.0882
.0881
.088
.0879
.0878
.0877
.0877
.0876
.0875
.0874
.0873
.0872
.0872
.0871
.087
.0869
.0868
.0867
.0866
.0866
.0865
.0864
.0863
.0862
.0862
.0861
.086
.0859
.0858
.0857
.0857
.0856
.0855
.0854
.0853
.0853
.0852
.0851
.085
.0849
.0849
.0848
.0847
.0846
.0845
.0845
.0844
.0843
.0842
.0841
.0841
.084
.0839
.0838
.0837
.0837
.0836
.0835
.0834
.0834
.0833
.0832
.0831
.0831
.083
.0829
.0828
.0827
.0827
.0826
.0825
.0824
.0824
.0823
.0822
.0821
.0821
.082
.0819
.0818
.0818
.0817
.0816
.0815
.0815
.0814
.0813
.0812
.0812
.0811
.081
.081
.0809
.0808
.0807
.0807
.0806
.0805
.0804
.0804
.0803
.0802
.0802
.0801
.08
.0799
.0799
.0798
.0797
.0797
.0796
.0795
.0795
.0794
.0793
.0792
.0792
.0791
.079
.079
.0789
.0788
.0788
.0787
.0786
.0785
.0785
.0784
.0783
.0783
.0782
.0781
.0781
.078
.0779
.0779
.0778
.0777
.0777
.0776
.0775
.0775
.0774
.0773
.0773
.0772
.0771
.0771
.077
.0769
.0769
.0768
.0767
.0767
.0766
.0765
.0765
.0764
.0763
.0763
.0762
.0762
.0761
.076
.076
.0759
.0758
.0758
.0757
.0756
.0756
.0755
.0754
.0754
.0753
.0753
.0752
.0751
.0751
.075
.0749
.0749
.0748
.0748
.0747
.0746
.0746
.0745
.0745
.0744
.0743
.0743
.0742
.0741
.0741
.074
.074
.0739
.0738
.0738
.0737
.0737
.0736
.0735
.0735
.0734
.0734
.0733
.0732
.0732
.0731
.0731
.073
.073
.0729
.0728
.0728
.0727
.0727
.0726
.0725
.0725
.0724
.0724
.0723
.0723
.0722
.0721
.0721
.072
.072
.0719
.0719
.0718
.0717
.0717
.0716
.0716
.0715
.0715
.0714
.0713
.0713
.0712
.0712
.0711
.0711
.071
.071
.0709
.0708
.0708
.0707
.0707
.0706
.0706
.0705
.0705
.0704
.0704
.0703
.0702
.0702
.0701
.0701
.07
.07
.0699
.0699
.0698
.0698
.0697
.0697
.0696
.0695
.0695
.0694
.0694
.0693
.0693
.0692
.0692
.0691
.0691
.069
.069
.0689
.0689
.0688
.0688
.0687
.0687
.0686
.0686
.0685
.0685
.0684
.0683
.0683
.0682
.0682
.0681
.0681
.068
.068
.0679
.0679
.0678
.0678
.0677
.0677
.0676
.0676
.0675
.0675
.0674
.0674
.0673
.0673
.0672
.0672
.0671
.0671
.0671
.067
.067
.0669
.0669
.0668
.0668
.0667
.0667
.0666
.0666
.0665
.0665
.0664
.0664
.0663
.0663
.0662
.0662
.0661
.0661
.066
.066
.0659
.0659
.0659
.0658
.0658
.0657
.0657
.0656
.0656
.0655
.0655
.0654
.0654
.0653
.0653
.0652
.0652
.0652
.0651
.0651
.065
.065
.0649
.0649
.0648
.0648
.0647
.0647
.0647
.0646
.0646
.0645
.0645
.0644
.0644
.0643
.0643
.0642
.0642
.0642
.0641
.0641
.064
.064
.0639
.0639
.0638
.0638
.0638
.0637
.0637
.0636
.0636
.0635
.0635
.0635
.0634
.0634
.0633
.0633
.0632
.0632
.0632
.0631
.0631
.063
.063
.0629
.0629
.0629
.0628
.0628
.0627
.0627
.0626
.0626
.0626
.0625
.0625
.0624
.0624
.0623
.0623
.0623
.0622
.0622
.0621
.0621
.0621
.062
.062
.0619
.0619
.0618
.0618
.0618
.0617
.0617
.0616
.0616
.0616
.0615
.0615
.0614
.0614
.0614
.0613
.0613
.0612
.0612
.0612
.0611
.0611
.061
.061
.061
.0609
.0609
.0608
.0608
.0608
.0607
.0607
.0606
.0606
.0606
.0605
.0605
.0604
.0604
.0604
.0603
.0603
.0602
.0602
.0602
.0601
.0601
.0601
.06
.06
.0599
.0599
.0599
.0598
.0598
.0597
.0597
.0597
.0596
.0596
.0596
.0595
.0595
.0594
.0594
.0594
.0593
.0593
.0592
.0592
.0592
.0591
.0591
.0591
.059
.059
.0589
.0589
.0589
.0588
.0588
.0588
.0587
.0587
.0587
.0586
.0586
.0585
.0585
.0585
.0584
.0584
.0584
.0583
.0583
.0582
.0582
.0582
.0581
.0581
.0581
.058
.058
.058
.0579
.0579
.0579
.0578
.0578
.0577
.0577
.0577
.0576
.0576
.0576
.0575
.0575
.0575
.0574
.0574
.0574
.0573
.0573
.0572
.0572
.0572
.0571
.0571
.0571
.057
.057
.057
.0569
.0569
.0569
.0568
.0568
.0568
.0567
.0567
.0567
.0566
.0566
.0566
.0565
.0565
.0565
.0564
.0564
.0564
.0563
.0563
.0562
.0562
.0562
.0561
.0561
.0561
.056
.056
.056
.0559
.0559
.0559
.0558
.0558
.0558
.0557
.0557
.0557
.0556
.0556
.0556
.0555
.0555
.0555
.0554
.0554
.0554
.0553
.0553
.0553
.0552
.0552
.0552
.0552
.0551
.0551
.0551
.055
.055
.055
.0549
.0549
.0549
.0548
.0548
.0548
.0547
.0547
.0547
.0546
.0546
.0546
.0545
.0545
.0545
.0544
.0544
.0544
.0543
.0543
.0543
.0543
.0542
.0542
.0542
.0541
.0541
.0541
.054
.054
.054
.0539
.0539
.0539
.0538
.0538
.0538
.0538
.0537
.0537
.0537
.0536
.0536
.0536
.0535
.0535
.0535
.0534
.0534
.0534
.0534
.0533
.0533
.0533
.0532
.0532
.0532
.0531
.0531
.0531
.053
.053
.053
.053
.0529
.0529
.0529
.0528
.0528
.0528
.0527
.0527
.0527
.0527
.0526
.0526
.0526
.0525
.0525
.0525
.0525
.0524
.0524
.0524
.0523
.0523
.0523
.0522
.0522
.0522
.0522
.0521
.0521
.0521
.052
.052
.052
.052
.0519
.0519
.0519
.0518
.0518
.0518
.0518
.0517
.0517
.0517
.0516
.0516
.0516
.0516
.0515
.0515
.0515
.0514
.0514
.0514
.0514
.0513
.0513
.0513
.0512
.0512
.0512
.0512
.0511
.0511
.0511
.051
.051
.051
.051
.0509
.0509
.0509
.0508
.0508
.0508
.0508
.0507
.0507
.0507
.0507
.0506
.0506
.0506
.0505
.0505
.0505
.0505
.0504
.0504
.0504
.0504
.0503
.0503
.0503
.0502
.0502
.0502
.0502
.0501
.0501
.0501
.0501
.05
.05
