.5445
.5444
.5428
.5413
.5398
.5385
.5373
.5362
.5351
.5342
.5333
.5325
.5317
.5311
.5304
.5299
.5294
.5289
.5285
.5281
.5278
.5275
.5272
.5269
.5267
.5265
.5263
.5261
.526
.5258
.5257
.5256
.5255
.5254
.5253
.5252
.5251
.525
.525
.5249
.5248
.5248
.5247
.5247
.5246
.5246
.5246
.5245
.5245
.5244
.5244
.5244
.5243
.5243
.5242
.5242
.5242
.5241
.5241
.5241
.524
.524
.524
.5239
.5239
.5239
.5238
.5238
.5238
.5237
.5237
.5237
.5236
.5236
.5236
.5235
.5235
.5235
.5234
.5234
.5234
.5233
.5233
.5233
.5232
.5232
.5232
.5231
.5231
.5231
.523
.523
.5229
.5229
.5229
.5228
.5228
.5228
.5227
.5227
.5226
.5226
.5226
.5225
.5225
.5224
.5224
.5224
.5223
.5223
.5222
.5222
.5222
.5221
.5221
.522
.522
.522
.5219
.5219
.5218
.5218
.5217
.5217
.5216
.5216
.5216
.5215
.5215
.5214
.5214
.5213
.5213
.5212
.5212
.5211
.5211
.5211
.521
.521
.5209
.5209
.5208
.5208
.5207
.5207
.5206
.5206
.5205
.5205
.5204
.5204
.5203
.5202
.5202
.5201
.5201
.52
.52
.5199
.5199
.5198
.5198
.5197
.5196
.5196
.5195
.5195
.5194
.5193
.5193
.5192
.5192
.5191
.519
.519
.5189
.5189
.5188
.5187
.5187
.5186
.5185
.5185
.5184
.5183
.5183
.5182
.5181
.5181
.518
.5179
.5179
.5178
.5177
.5177
.5176
.5175
.5174
.5174
.5173
.5172
.5171
.5171
.517
.5169
.5168
.5168
.5167
.5166
.5165
.5164
.5163
.5163
.5162
.5161
.516
.5159
.5158
.5158
.5157
.5156
.5155
.5154
.5153
.5152
.5151
.515
.5149
.5148
.5148
.5147
.5146
.5145
.5144
.5143
.5142
.5141
.514
.5139
.5137
.5136
.5135
.5134
.5133
.5132
.5131
.513
.5129
.5128
.5126
.5125
.5124
.5123
.5122
.5121
.5119
.5118
.5117
.5116
.5114
.5113
.5112
.511
.5109
.5108
.5106
.5105
.5104
.5102
.5101
.51
.5098
.5097
.5095
.5094
.5092
.5091
.5089
.5088
.5086
.5085
.5083
.5081
.508
.5078
.5077
.5075
.5073
.5072
.507
.5068
.5066
.5065
.5063
.5061
.5059
.5057
.5055
.5053
.5052
.505
.5048
.5046
.5044
.5042
.504
.5038
.5036
.5033
.5031
.5029
.5027
.5025
.5023
.502
.5018
.5016
.5013
.5011
.5009
.5006
.5004
.5001
.4999
.4997
.4994
.4991
.4989
.4986
.4984
.4981
.4978
.4976
.4973
.497
.4967
.4964
.4962
.4959
.4956
.4953
.495
.4947
.4944
.4941
.4938
.4935
.4931
.4928
.4925
.4922
.4918
.4915
.4912
.4908
.4905
.4901
.4898
.4894
.4891
.4887
.4884
.488
.4876
.4873
.4869
.4865
.4861
.4857
.4854
.485
.4846
.4842
.4838
.4834
.4829
.4825
.4821
.4817
.4813
.4808
.4804
.48
.4795
.4791
.4786
.4782
.4777
.4773
.4768
.4764
.4759
.4754
.4749
.4745
.474
.4735
.473
.4725
.472
.4715
.471
.4705
.47
.4695
.469
.4685
.4679
.4674
.4669
.4663
.4658
.4653
.4647
.4642
.4636
.4631
.4625
.4619
.4614
.4608
.4602
.4597
.4591
.4585
.4579
.4573
.4567
.4561
.4555
.4549
.4543
.4537
.4531
.4525
.4519
.4513
.4507
.45
.4494
.4488
.4481
.4475
.4469
.4462
.4456
.4449
.4443
.4436
.443
.4423
.4416
.441
.4403
.4396
.439
.4383
.4376
.4369
.4363
.4356
.4349
.4342
.4335
.4328
.4321
.4314
.4307
.43
.4293
.4286
.4279
.4272
.4265
.4258
.4251
.4244
.4236
.4229
.4222
.4215
.4208
.42
.4193
.4186
.4179
.4171
.4164
.4157
.4149
.4142
.4135
.4127
.412
.4112
.4105
.4098
.409
.4083
.4075
.4068
.406
.4053
.4046
.4038
.4031
.4023
.4016
.4008
.4001
.3993
.3986
.3978
.3971
.3963
.3956
.3948
.3941
.3933
.3926
.3918
.3911
.3903
.3896
.3888
.3881
.3874
.3866
.3859
.3851
.3844
.3836
.3829
.3821
.3814
.3806
.3799
.3791
.3784
.3777
.3769
.3762
.3754
.3747
.374
.3732
.3725
.3717
.371
.3703
.3695
.3688
.3681
.3673
.3666
.3659
.3651
.3644
.3637
.363
.3622
.3615
.3608
.3601
.3593
.3586
.3579
.3572
.3565
.3557
.355
.3543
.3536
.3529
.3522
.3515
.3507
.35
.3493
.3486
.3479
.3472
.3465
.3458
.3451
.3444
.3437
.343
.3423
.3416
.3409
.3402
.3395
.3388
.3382
.3375
.3368
.3361
.3354
.3347
.3341
.3334
.3327
.332
.3313
.3307
.33
.3293
.3286
.328
.3273
.3266
.326
.3253
.3246
.324
.3233
.3227
.322
.3213
.3207
.32
.3194
.3187
.3181
.3174
.3168
.3161
.3155
.3148
.3142
.3135
.3129
.3123
.3116
.311
.3103
.3097
.3091
.3084
.3078
.3072
.3065
.3059
.3053
.3047
.304
.3034
.3028
.3022
.3016
.3009
.3003
.2997
.2991
.2985
.2979
.2973
.2967
.296
.2954
.2948
.2942
.2936
.293
.2924
.2918
.2912
.2906
.29
.2894
.2889
.2883
.2877
.2871
.2865
.2859
.2853
.2847
.2842
.2836
.283
.2824
.2818
.2813
.2807
.2801
.2795
.279
.2784
.2778
.2773
.2767
.2761
.2756
.275
.2744
.2739
.2733
.2727
.2722
.2716
.2711
.2705
.27
.2694
.2689
.2683
.2678
.2672
.2667
.2661
.2656
.265
.2645
.264
.2634
.2629
.2623
.2618
.2613
.2607
.2602
.2597
.2591
.2586
.2581
.2576
.257
.2565
.256
.2555
.2549
.2544
.2539
.2534
.2529
.2523
.2518
.2513
.2508
.2503
.2498
.2493
.2487
.2482
.2477
.2472
.2467
.2462
.2457
.2452
.2447
.2442
.2437
.2432
.2427
.2422
.2417
.2412
.2407
.2402
.2398
.2393
.2388
.2383
.2378
.2373
.2368
.2363
.2359
.2354
.2349
.2344
.2339
.2335
.233
.2325
.232
.2316
.2311
.2306
.2301
.2297
.2292
.2287
.2283
.2278
.2273
.2269
.2264
.2259
.2255
.225
.2245
.2241
.2236
.2232
.2227
.2223
.2218
.2214
.2209
.2204
.22
.2195
.2191
.2186
.2182
.2178
.2173
.2169
.2164
.216
.2155
.2151
.2147
.2142
.2138
.2133
.2129
.2125
.212
.2116
.2112
.2107
.2103
.2099
.2094
.209
.2086
.2081
.2077
.2073
.2069
.2064
.206
.2056
.2052
.2048
.2043
.2039
.2035
.2031
.2027
.2022
.2018
.2014
.201
.2006
.2002
.1998
.1994
.199
.1985
.1981
.1977
.1973
.1969
.1965
.1961
.1957
.1953
.1949
.1945
.1941
.1937
.1933
.1929
.1925
.1921
.1917
.1913
.1909
.1905
.1902
.1898
.1894
.189
.1886
.1882
.1878
.1874
.187
.1867
.1863
.1859
.1855
.1851
.1848
.1844
.184
.1836
.1832
.1829
.1825
.1821
.1817
.1814
.181
.1806
.1802
.1799
.1795
.1791
.1788
.1784
.178
.1777
.1773
.1769
.1766
.1762
.1758
.1755
.1751
.1748
.1744
.174
.1737
.1733
.173
.1726
.1723
.1719
.1715
.1712
.1708
.1705
.1701
.1698
.1694
.1691
.1687
.1684
.168
.1677
.1674
.167
.1667
.1663
.166
.1656
.1653
.165
.1646
.1643
.1639
.1636
.1633
.1629
.1626
.1623
.1619
.1616
.1613
.1609
.1606
.1603
.1599
.1596
.1593
.159
.1586
.1583
.158
.1577
.1573
.157
.1567
.1564
.156
.1557
.1554
.1551
.1548
.1544
.1541
.1538
.1535
.1532
.1529
.1526
.1522
.1519
.1516
.1513
.151
.1507
.1504
.1501
.1498
.1495
.1492
.1488
.1485
.1482
.1479
.1476
.1473
.147
.1467
.1464
.1461
.1458
.1455
.1452
.1449
.1446
.1443
.144
.1438
.1435
.1432
.1429
.1426
.1423
.142
.1417
.1414
.1411
.1408
.1406
.1403
.14
.1397
.1394
.1391
.1389
.1386
.1383
.138
.1377
.1374
.1372
.1369
.1366
.1363
.1361
.1358
.1355
.1352
.135
.1347
.1344
.1341
.1339
.1336
.1333
.1331
.1328
.1325
.1322
.132
.1317
.1314
.1312
.1309
.1306
.1304
.1301
.1299
.1296
.1293
.1291
.1288
.1286
.1283
.128
.1278
.1275
.1273
.127
.1268
.1265
.1262
.126
.1257
.1255
.1252
.125
.1247
.1245
.1242
.124
.1237
.1235
.1232
.123
.1228
.1225
.1223
.122
.1218
.1215
.1213
.121
.1208
.1206
.1203
.1201
.1198
.1196
.1194
.1191
.1189
.1187
.1184
.1182
.118
.1177
.1175
.1173
.117
.1168
.1166
.1163
.1161
.1159
.1156
.1154
.1152
.115
.1147
.1145
.1143
.1141
.1138
.1136
.1134
.1132
.1129
.1127
.1125
.1123
.1121
.1118
.1116
.1114
.1112
.111
.1108
.1105
.1103
.1101
.1099
.1097
.1095
.1093
.109
.1088
.1086
.1084
.1082
.108
.1078
.1076
.1074
.1072
.107
.1067
.1065
.1063
.1061
.1059
.1057
.1055
.1053
.1051
.1049
.1047
.1045
.1043
.1041
.1039
.1037
.1035
.1033
.1031
.1029
.1027
.1025
.1023
.1022
.102
.1018
.1016
.1014
.1012
.101
.1008
.1006
.1004
.1002
.1001
.0999
.0997
.0995
.0993
.0991
.0989
.0987
.0986
.0984
.0982
.098
.0978
.0976
.0975
.0973
.0971
.0969
.0967
.0966
.0964
.0962
.096
.0959
.0957
.0955
.0953
.0952
.095
.0948
.0946
.0945
.0943
.0941
.0939
.0938
.0936
.0934
.0933
.0931
.0929
.0928
.0926
.0924
.0923
.0921
.0919
.0918
.0916
.0914
.0913
.0911
.0909
.0908
.0906
.0905
.0903
.0901
.09
.0898
.0897
.0895
.0893
.0892
.089
.0889
.0887
.0885
.0884
.0882
.0881
.0879
.0878
.0876
.0875
.0873
.0872
.087
.0869
.0867
.0866
.0864
.0863
.0861
.086
.0858
.0857
.0855
.0854
.0852
.0851
.0849
.0848
.0846
.0845
.0844
.0842
.0841
.0839
.0838
.0836
.0835
.0834
.0832
.0831
.0829
.0828
.0827
.0825
.0824
.0823
.0821
.082
.0818
.0817
.0816
.0814
.0813
.0812
.081
.0809
.0808
.0806
.0805
.0804
.0802
.0801
.08
.0799
.0797
.0796
.0795
.0793
.0792
.0791
.079
.0788
.0787
.0786
.0784
.0783
.0782
.0781
.0779
.0778
.0777
.0776
.0775
.0773
.0772
.0771
.077
.0768
.0767
.0766
.0765
.0764
.0762
.0761
.076
.0759
.0758
.0757
.0755
.0754
.0753
.0752
.0751
.075
.0748
.0747
.0746
.0745
.0744
.0743
.0742
.074
.0739
.0738
.0737
.0736
.0735
.0734
.0733
.0732
.073
.0729
.0728
.0727
.0726
.0725
.0724
.0723
.0722
.0721
.072
.0719
.0717
.0716
.0715
.0714
.0713
.0712
.0711
.071
.0709
.0708
.0707
.0706
.0705
.0704
.0703
.0702
.0701
.07
.0699
.0698
.0697
.0696
.0695
.0694
.0693
.0692
.0691
.069
.0689
.0688
.0687
.0686
.0685
.0684
.0683
.0682
.0681
.068
.0679
.0678
.0677
.0677
.0676
.0675
.0674
.0673
.0672
.0671
.067
.0669
.0668
.0667
.0666
.0665
.0664
.0664
.0663
.0662
.0661
.066
.0659
.0658
.0657
.0656
.0656
.0655
.0654
.0653
.0652
.0651
.065
.0649
.0649
.0648
.0647
.0646
.0645
.0644
.0643
.0643
.0642
.0641
.064
.0639
.0638
.0637
.0637
.0636
.0635
.0634
.0633
.0632
.0632
.0631
.063
.0629
.0628
.0628
.0627
.0626
.0625
.0624
.0624
.0623
.0622
.0621
.062
.062
.0619
.0618
.0617
.0616
.0616
.0615
.0614
.0613
.0613
.0612
.0611
.061
.0609
.0609
.0608
.0607
.0606
.0606
.0605
.0604
.0603
.0603
.0602
.0601
.06
.06
.0599
.0598
.0597
.0597
.0596
.0595
.0595
.0594
.0593
.0592
.0592
.0591
.059
.059
.0589
.0588
.0587
.0587
.0586
.0585
.0585
.0584
.0583
.0582
.0582
.0581
.058
.058
.0579
.0578
.0578
.0577
.0576
.0576
.0575
.0574
.0574
.0573
.0572
.0571
.0571
.057
.0569
.0569
.0568
.0567
.0567
.0566
.0565
.0565
.0564
.0564
.0563
.0562
.0562
.0561
.056
.056
.0559
.0558
.0558
.0557
.0556
.0556
.0555
.0555
.0554
.0553
.0553
.0552
.0551
.0551
.055
.0549
.0549
.0548
.0548
.0547
.0546
.0546
.0545
.0545
.0544
.0543
.0543
.0542
.0542
.0541
.054
.054
.0539
.0538
.0538
.0537
.0537
.0536
.0536
.0535
.0534
.0534
.0533
.0533
.0532
.0531
.0531
.053
.053
.0529
.0529
.0528
.0527
.0527
.0526
.0526
.0525
.0525
.0524
.0523
.0523
.0522
.0522
.0521
.0521
.052
.0519
.0519
.0518
.0518
.0517
.0517
.0516
.0516
.0515
.0514
.0514
.0513
.0513
.0512
.0512
.0511
.0511
.051
.051
.0509
.0509
.0508
.0507
.0507
.0506
.0506
.0505
.0505
.0504
.0504
.0503
.0503
.0502
.0502
.0501
.0501
.05
.05
