.5907
.5898
.5877
.5856
.5836
.5815
.5795
.5775
.5754
.5735
.5715
.5695
.5676
.5657
.5639
.562
.5603
.5585
.5568
.5552
.5536
.552
.5506
.5491
.5478
.5465
.5452
.5441
.543
.5419
.5409
.54
.5391
.5383
.5376
.5369
.5362
.5356
.535
.5345
.534
.5336
.5332
.5328
.5324
.5321
.5318
.5315
.5312
.531
.5307
.5305
.5303
.5301
.5299
.5297
.5295
.5293
.5292
.529
.5288
.5287
.5285
.5283
.5282
.528
.5278
.5277
.5275
.5273
.5272
.527
.5268
.5267
.5265
.5263
.5261
.5259
.5257
.5256
.5254
.5252
.525
.5248
.5246
.5243
.5241
.5239
.5237
.5235
.5232
.523
.5228
.5225
.5223
.5221
.5218
.5216
.5213
.521
.5208
.5205
.5202
.5199
.5197
.5194
.5191
.5188
.5185
.5182
.5179
.5175
.5172
.5169
.5166
.5162
.5159
.5155
.5152
.5148
.5145
.5141
.5137
.5133
.513
.5126
.5122
.5118
.5114
.511
.5105
.5101
.5097
.5093
.5088
.5084
.5079
.5074
.507
.5065
.506
.5055
.5051
.5046
.504
.5035
.503
.5025
.502
.5014
.5009
.5003
.4998
.4992
.4987
.4981
.4975
.4969
.4963
.4957
.4951
.4945
.4939
.4933
.4926
.492
.4913
.4907
.49
.4894
.4887
.488
.4873
.4867
.486
.4853
.4846
.4838
.4831
.4824
.4817
.4809
.4802
.4795
.4787
.478
.4772
.4764
.4757
.4749
.4741
.4733
.4725
.4717
.4709
.4701
.4693
.4685
.4677
.4668
.466
.4652
.4643
.4635
.4627
.4618
.4609
.4601
.4592
.4584
.4575
.4566
.4558
.4549
.454
.4531
.4522
.4513
.4504
.4496
.4487
.4478
.4469
.4459
.445
.4441
.4432
.4423
.4414
.4405
.4395
.4386
.4377
.4368
.4359
.4349
.434
.4331
.4321
.4312
.4303
.4293
.4284
.4274
.4265
.4256
.4246
.4237
.4227
.4218
.4208
.4199
.4189
.418
.417
.4161
.4151
.4142
.4132
.4123
.4113
.4104
.4094
.4085
.4075
.4066
.4056
.4047
.4037
.4028
.4018
.4009
.3999
.399
.398
.3971
.3961
.3951
.3942
.3932
.3923
.3913
.3904
.3894
.3885
.3875
.3866
.3856
.3847
.3837
.3828
.3818
.3809
.3799
.379
.378
.3771
.3761
.3752
.3743
.3733
.3724
.3714
.3705
.3695
.3686
.3677
.3667
.3658
.3648
.3639
.363
.362
.3611
.3602
.3592
.3583
.3574
.3564
.3555
.3546
.3537
.3527
.3518
.3509
.35
.349
.3481
.3472
.3463
.3454
.3444
.3435
.3426
.3417
.3408
.3399
.339
.3381
.3372
.3363
.3354
.3344
.3335
.3326
.3318
.3309
.33
.3291
.3282
.3273
.3264
.3255
.3246
.3237
.3229
.322
.3211
.3202
.3193
.3185
.3176
.3167
.3159
.315
.3141
.3133
.3124
.3115
.3107
.3098
.309
.3081
.3073
.3064
.3056
.3047
.3039
.3031
.3022
.3014
.3006
.2997
.2989
.2981
.2972
.2964
.2956
.2948
.294
.2932
.2923
.2915
.2907
.2899
.2891
.2883
.2875
.2867
.2859
.2851
.2844
.2836
.2828
.282
.2812
.2804
.2797
.2789
.2781
.2774
.2766
.2758
.2751
.2743
.2736
.2728
.2721
.2713
.2706
.2698
.2691
.2683
.2676
.2669
.2661
.2654
.2647
.264
.2632
.2625
.2618
.2611
.2604
.2597
.259
.2583
.2576
.2569
.2562
.2555
.2548
.2541
.2534
.2527
.252
.2513
.2507
.25
.2493
.2486
.248
.2473
.2467
.246
.2453
.2447
.244
.2434
.2427
.2421
.2414
.2408
.2401
.2395
.2389
.2382
.2376
.237
.2364
.2357
.2351
.2345
.2339
.2333
.2326
.232
.2314
.2308
.2302
.2296
.229
.2284
.2278
.2272
.2266
.226
.2255
.2249
.2243
.2237
.2231
.2226
.222
.2214
.2208
.2203
.2197
.2191
.2186
.218
.2175
.2169
.2164
.2158
.2153
.2147
.2142
.2136
.2131
.2125
.212
.2115
.2109
.2104
.2099
.2093
.2088
.2083
.2078
.2072
.2067
.2062
.2057
.2052
.2047
.2042
.2037
.2032
.2027
.2022
.2017
.2012
.2007
.2002
.1997
.1992
.1987
.1982
.1977
.1972
.1968
.1963
.1958
.1953
.1948
.1944
.1939
.1934
.193
.1925
.192
.1916
.1911
.1906
.1902
.1897
.1893
.1888
.1884
.1879
.1875
.187
.1866
.1861
.1857
.1852
.1848
.1844
.1839
.1835
.1831
.1826
.1822
.1818
.1813
.1809
.1805
.1801
.1796
.1792
.1788
.1784
.178
.1776
.1771
.1767
.1763
.1759
.1755
.1751
.1747
.1743
.1739
.1735
.1731
.1727
.1723
.1719
.1715
.1711
.1707
.1704
.17
.1696
.1692
.1688
.1684
.168
.1677
.1673
.1669
.1665
.1662
.1658
.1654
.165
.1647
.1643
.1639
.1636
.1632
.1628
.1625
.1621
.1618
.1614
.161
.1607
.1603
.16
.1596
.1593
.1589
.1586
.1582
.1579
.1575
.1572
.1568
.1565
.1562
.1558
.1555
.1551
.1548
.1545
.1541
.1538
.1535
.1531
.1528
.1525
.1522
.1518
.1515
.1512
.1509
.1505
.1502
.1499
.1496
.1493
.1489
.1486
.1483
.148
.1477
.1474
.147
.1467
.1464
.1461
.1458
.1455
.1452
.1449
.1446
.1443
.144
.1437
.1434
.1431
.1428
.1425
.1422
.1419
.1416
.1413
.141
.1407
.1404
.1401
.1399
.1396
.1393
.139
.1387
.1384
.1381
.1379
.1376
.1373
.137
.1367
.1365
.1362
.1359
.1356
.1354
.1351
.1348
.1345
.1343
.134
.1337
.1335
.1332
.1329
.1327
.1324
.1321
.1319
.1316
.1313
.1311
.1308
.1305
.1303
.13
.1298
.1295
.1293
.129
.1287
.1285
.1282
.128
.1277
.1275
.1272
.127
.1267
.1265
.1262
.126
.1257
.1255
.1253
.125
.1248
.1245
.1243
.124
.1238
.1236
.1233
.1231
.1228
.1226
.1224
.1221
.1219
.1217
.1214
.1212
.121
.1207
.1205
.1203
.12
.1198
.1196
.1194
.1191
.1189
.1187
.1184
.1182
.118
.1178
.1175
.1173
.1171
.1169
.1167
.1164
.1162
.116
.1158
.1156
.1154
.1151
.1149
.1147
.1145
.1143
.1141
.1138
.1136
.1134
.1132
.113
.1128
.1126
.1124
.1122
.112
.1118
.1115
.1113
.1111
.1109
.1107
.1105
.1103
.1101
.1099
.1097
.1095
.1093
.1091
.1089
.1087
.1085
.1083
.1081
.1079
.1077
.1075
.1073
.1071
.1069
.1067
.1066
.1064
.1062
.106
.1058
.1056
.1054
.1052
.105
.1048
.1046
.1045
.1043
.1041
.1039
.1037
.1035
.1033
.1032
.103
.1028
.1026
.1024
.1022
.1021
.1019
.1017
.1015
.1013
.1012
.101
.1008
.1006
.1004
.1003
.1001
.0999
.0997
.0996
.0994
.0992
.099
.0989
.0987
.0985
.0983
.0982
.098
.0978
.0977
.0975
.0973
.0971
.097
.0968
.0966
.0965
.0963
.0961
.096
.0958
.0956
.0955
.0953
.0951
.095
.0948
.0947
.0945
.0943
.0942
.094
.0938
.0937
.0935
.0934
.0932
.093
.0929
.0927
.0926
.0924
.0923
.0921
.0919
.0918
.0916
.0915
.0913
.0912
.091
.0909
.0907
.0905
.0904
.0902
.0901
.0899
.0898
.0896
.0895
.0893
.0892
.089
.0889
.0887
.0886
.0884
.0883
.0882
.088
.0879
.0877
.0876
.0874
.0873
.0871
.087
.0868
.0867
.0866
.0864
.0863
.0861
.086
.0858
.0857
.0856
.0854
.0853
.0851
.085
.0849
.0847
.0846
.0844
.0843
.0842
.084
.0839
.0838
.0836
.0835
.0834
.0832
.0831
.083
.0828
.0827
.0826
.0824
.0823
.0822
.082
.0819
.0818
.0816
.0815
.0814
.0812
.0811
.081
.0809
.0807
.0806
.0805
.0803
.0802
.0801
.08
.0798
.0797
.0796
.0795
.0793
.0792
.0791
.079
.0788
.0787
.0786
.0785
.0783
.0782
.0781
.078
.0778
.0777
.0776
.0775
.0774
.0772
.0771
.077
.0769
.0768
.0766
.0765
.0764
.0763
.0762
.0761
.0759
.0758
.0757
.0756
.0755
.0754
.0752
.0751
.075
.0749
.0748
.0747
.0746
.0745
.0743
.0742
.0741
.074
.0739
.0738
.0737
.0736
.0734
.0733
.0732
.0731
.073
.0729
.0728
.0727
.0726
.0725
.0724
.0722
.0721
.072
.0719
.0718
.0717
.0716
.0715
.0714
.0713
.0712
.0711
.071
.0709
.0708
.0707
.0706
.0705
.0704
.0703
.0702
.0701
.07
.0699
.0697
.0696
.0695
.0694
.0693
.0692
.0691
.069
.0689
.0688
.0688
.0687
.0686
.0685
.0684
.0683
.0682
.0681
.068
.0679
.0678
.0677
.0676
.0675
.0674
.0673
.0672
.0671
.067
.0669
.0668
.0667
.0666
.0666
.0665
.0664
.0663
.0662
.0661
.066
.0659
.0658
.0657
.0656
.0655
.0655
.0654
.0653
.0652
.0651
.065
.0649
.0648
.0647
.0647
.0646
.0645
.0644
.0643
.0642
.0641
.064
.064
.0639
.0638
.0637
.0636
.0635
.0634
.0634
.0633
.0632
.0631
.063
.0629
.0628
.0628
.0627
.0626
.0625
.0624
.0623
.0623
.0622
.0621
.062
.0619
.0619
.0618
.0617
.0616
.0615
.0615
.0614
.0613
.0612
.0611
.0611
.061
.0609
.0608
.0607
.0607
.0606
.0605
.0604
.0604
.0603
.0602
.0601
.06
.06
.0599
.0598
.0597
.0597
.0596
.0595
.0594
.0594
.0593
.0592
.0591
.0591
.059
.0589
.0588
.0588
.0587
.0586
.0585
.0585
.0584
.0583
.0583
.0582
.0581
.058
.058
.0579
.0578
.0578
.0577
.0576
.0575
.0575
.0574
.0573
.0573
.0572
.0571
.0571
.057
.0569
.0568
.0568
.0567
.0566
.0566
.0565
.0564
.0564
.0563
.0562
.0562
.0561
.056
.056
.0559
.0558
.0558
.0557
.0556
.0556
.0555
.0554
.0554
.0553
.0552
.0552
.0551
.055
.055
.0549
.0548
.0548
.0547
.0547
.0546
.0545
.0545
.0544
.0543
.0543
.0542
.0542
.0541
.054
.054
.0539
.0538
.0538
.0537
.0537
.0536
.0535
.0535
.0534
.0533
.0533
.0532
.0532
.0531
.053
.053
.0529
.0529
.0528
.0527
.0527
.0526
.0526
.0525
.0525
.0524
.0523
.0523
.0522
.0522
.0521
.052
.052
.0519
.0519
.0518
.0518
.0517
.0516
.0516
.0515
.0515
.0514
.0514
.0513
.0512
.0512
.0511
.0511
.051
.051
.0509
.0509
.0508
.0507
.0507
.0506
.0506
.0505
.0505
.0504
.0504
.0503
.0503
.0502
.0501
.0501
.05
.05
