.5843
.5821
.5781
.5743
.5706
.5671
.5637
.5605
.5575
.5546
.552
.5495
.5472
.545
.5431
.5413
.5397
.5382
.5368
.5356
.5346
.5336
.5327
.532
.5313
.5307
.5301
.5297
.5292
.5289
.5285
.5282
.5279
.5277
.5275
.5273
.5271
.5269
.5268
.5266
.5265
.5264
.5262
.5261
.526
.5259
.5258
.5256
.5255
.5254
.5253
.5252
.5251
.525
.5248
.5247
.5246
.5245
.5244
.5243
.5241
.524
.5239
.5238
.5236
.5235
.5234
.5232
.5231
.523
.5228
.5227
.5225
.5224
.5223
.5221
.522
.5218
.5217
.5215
.5214
.5212
.5211
.5209
.5207
.5206
.5204
.5202
.5201
.5199
.5197
.5196
.5194
.5192
.5191
.5189
.5187
.5185
.5183
.5181
.518
.5178
.5176
.5174
.5172
.517
.5168
.5166
.5164
.5162
.516
.5158
.5156
.5154
.5151
.5149
.5147
.5145
.5143
.514
.5138
.5136
.5133
.5131
.5129
.5126
.5124
.5122
.5119
.5117
.5114
.5112
.5109
.5106
.5104
.5101
.5099
.5096
.5093
.509
.5088
.5085
.5082
.5079
.5076
.5074
.5071
.5068
.5065
.5062
.5059
.5056
.5053
.505
.5046
.5043
.504
.5037
.5034
.503
.5027
.5024
.5021
.5017
.5014
.501
.5007
.5003
.5
.4996
.4993
.4989
.4985
.4982
.4978
.4974
.4971
.4967
.4963
.4959
.4955
.4951
.4947
.4943
.4939
.4935
.4931
.4927
.4923
.4919
.4915
.4911
.4906
.4902
.4898
.4894
.4889
.4885
.488
.4876
.4871
.4867
.4862
.4858
.4853
.4849
.4844
.4839
.4835
.483
.4825
.482
.4815
.4811
.4806
.4801
.4796
.4791
.4786
.4781
.4776
.4771
.4766
.476
.4755
.475
.4745
.474
.4734
.4729
.4724
.4718
.4713
.4708
.4702
.4697
.4691
.4686
.468
.4675
.4669
.4663
.4658
.4652
.4647
.4641
.4635
.4629
.4624
.4618
.4612
.4606
.46
.4594
.4589
.4583
.4577
.4571
.4565
.4559
.4553
.4547
.4541
.4535
.4528
.4522
.4516
.451
.4504
.4498
.4491
.4485
.4479
.4473
.4466
.446
.4454
.4447
.4441
.4435
.4428
.4422
.4415
.4409
.4403
.4396
.439
.4383
.4377
.437
.4364
.4357
.435
.4344
.4337
.4331
.4324
.4317
.4311
.4304
.4297
.4291
.4284
.4277
.4271
.4264
.4257
.425
.4244
.4237
.423
.4223
.4217
.421
.4203
.4196
.4189
.4182
.4176
.4169
.4162
.4155
.4148
.4141
.4134
.4127
.412
.4113
.4106
.4099
.4092
.4086
.4079
.4072
.4065
.4058
.4051
.4044
.4036
.4029
.4022
.4015
.4008
.4001
.3994
.3987
.398
.3973
.3966
.3959
.3952
.3945
.3937
.393
.3923
.3916
.3909
.3902
.3895
.3887
.388
.3873
.3866
.3859
.3852
.3844
.3837
.383
.3823
.3816
.3808
.3801
.3794
.3787
.378
.3772
.3765
.3758
.3751
.3743
.3736
.3729
.3722
.3714
.3707
.37
.3692
.3685
.3678
.3671
.3663
.3656
.3649
.3641
.3634
.3627
.3619
.3612
.3605
.3597
.359
.3583
.3575
.3568
.3561
.3553
.3546
.3539
.3531
.3524
.3517
.3509
.3502
.3495
.3487
.348
.3473
.3465
.3458
.345
.3443
.3436
.3428
.3421
.3414
.3406
.3399
.3391
.3384
.3377
.3369
.3362
.3355
.3347
.334
.3332
.3325
.3318
.331
.3303
.3295
.3288
.3281
.3273
.3266
.3259
.3251
.3244
.3237
.3229
.3222
.3214
.3207
.32
.3192
.3185
.3178
.317
.3163
.3156
.3148
.3141
.3134
.3126
.3119
.3112
.3105
.3097
.309
.3083
.3075
.3068
.3061
.3054
.3046
.3039
.3032
.3025
.3018
.301
.3003
.2996
.2989
.2982
.2975
.2967
.296
.2953
.2946
.2939
.2932
.2925
.2918
.2911
.2904
.2897
.289
.2883
.2876
.2869
.2862
.2855
.2848
.2841
.2834
.2827
.282
.2813
.2807
.28
.2793
.2786
.2779
.2773
.2766
.2759
.2752
.2746
.2739
.2732
.2726
.2719
.2712
.2706
.2699
.2693
.2686
.268
.2673
.2667
.266
.2654
.2647
.2641
.2634
.2628
.2622
.2615
.2609
.2603
.2596
.259
.2584
.2578
.2571
.2565
.2559
.2553
.2547
.254
.2534
.2528
.2522
.2516
.251
.2504
.2498
.2492
.2486
.248
.2474
.2468
.2463
.2457
.2451
.2445
.2439
.2434
.2428
.2422
.2416
.2411
.2405
.2399
.2394
.2388
.2382
.2377
.2371
.2366
.236
.2355
.2349
.2344
.2338
.2333
.2327
.2322
.2317
.2311
.2306
.23
.2295
.229
.2285
.2279
.2274
.2269
.2264
.2258
.2253
.2248
.2243
.2238
.2233
.2228
.2223
.2218
.2213
.2208
.2203
.2198
.2193
.2188
.2183
.2178
.2173
.2168
.2163
.2158
.2154
.2149
.2144
.2139
.2134
.213
.2125
.212
.2116
.2111
.2106
.2102
.2097
.2092
.2088
.2083
.2079
.2074
.2069
.2065
.206
.2056
.2051
.2047
.2043
.2038
.2034
.2029
.2025
.2021
.2016
.2012
.2007
.2003
.1999
.1995
.199
.1986
.1982
.1978
.1973
.1969
.1965
.1961
.1957
.1952
.1948
.1944
.194
.1936
.1932
.1928
.1924
.192
.1916
.1912
.1908
.1904
.19
.1896
.1892
.1888
.1884
.188
.1876
.1872
.1868
.1864
.1861
.1857
.1853
.1849
.1845
.1842
.1838
.1834
.183
.1827
.1823
.1819
.1815
.1812
.1808
.1804
.1801
.1797
.1793
.179
.1786
.1783
.1779
.1775
.1772
.1768
.1765
.1761
.1758
.1754
.1751
.1747
.1744
.174
.1737
.1733
.173
.1727
.1723
.172
.1716
.1713
.171
.1706
.1703
.17
.1696
.1693
.169
.1686
.1683
.168
.1676
.1673
.167
.1667
.1663
.166
.1657
.1654
.1651
.1647
.1644
.1641
.1638
.1635
.1632
.1629
.1626
.1622
.1619
.1616
.1613
.161
.1607
.1604
.1601
.1598
.1595
.1592
.1589
.1586
.1583
.158
.1577
.1574
.1571
.1568
.1565
.1562
.1559
.1557
.1554
.1551
.1548
.1545
.1542
.1539
.1536
.1534
.1531
.1528
.1525
.1522
.152
.1517
.1514
.1511
.1509
.1506
.1503
.15
.1498
.1495
.1492
.1489
.1487
.1484
.1481
.1479
.1476
.1473
.1471
.1468
.1466
.1463
.146
.1458
.1455
.1452
.145
.1447
.1445
.1442
.144
.1437
.1435
.1432
.143
.1427
.1424
.1422
.1419
.1417
.1415
.1412
.141
.1407
.1405
.1402
.14
.1397
.1395
.1392
.139
.1388
.1385
.1383
.138
.1378
.1376
.1373
.1371
.1369
.1366
.1364
.1362
.1359
.1357
.1355
.1352
.135
.1348
.1346
.1343
.1341
.1339
.1336
.1334
.1332
.133
.1327
.1325
.1323
.1321
.1319
.1316
.1314
.1312
.131
.1308
.1305
.1303
.1301
.1299
.1297
.1295
.1293
.129
.1288
.1286
.1284
.1282
.128
.1278
.1276
.1274
.1272
.1269
.1267
.1265
.1263
.1261
.1259
.1257
.1255
.1253
.1251
.1249
.1247
.1245
.1243
.1241
.1239
.1237
.1235
.1233
.1231
.1229
.1227
.1225
.1223
.1221
.1219
.1217
.1216
.1214
.1212
.121
.1208
.1206
.1204
.1202
.12
.1198
.1197
.1195
.1193
.1191
.1189
.1187
.1185
.1184
.1182
.118
.1178
.1176
.1174
.1173
.1171
.1169
.1167
.1165
.1164
.1162
.116
.1158
.1156
.1155
.1153
.1151
.1149
.1148
.1146
.1144
.1142
.1141
.1139
.1137
.1136
.1134
.1132
.113
.1129
.1127
.1125
.1124
.1122
.112
.1119
.1117
.1115
.1114
.1112
.111
.1109
.1107
.1105
.1104
.1102
.11
.1099
.1097
.1096
.1094
.1092
.1091
.1089
.1088
.1086
.1084
.1083
.1081
.108
.1078
.1077
.1075
.1073
.1072
.107
.1069
.1067
.1066
.1064
.1063
.1061
.106
.1058
.1056
.1055
.1053
.1052
.105
.1049
.1047
.1046
.1044
.1043
.1042
.104
.1039
.1037
.1036
.1034
.1033
.1031
.103
.1028
.1027
.1025
.1024
.1023
.1021
.102
.1018
.1017
.1015
.1014
.1013
.1011
.101
.1008
.1007
.1006
.1004
.1003
.1001
.1
.0999
.0997
.0996
.0995
.0993
.0992
.0991
.0989
.0988
.0986
.0985
.0984
.0982
.0981
.098
.0978
.0977
.0976
.0974
.0973
.0972
.0971
.0969
.0968
.0967
.0965
.0964
.0963
.0961
.096
.0959
.0958
.0956
.0955
.0954
.0952
.0951
.095
.0949
.0947
.0946
.0945
.0944
.0942
.0941
.094
.0939
.0937
.0936
.0935
.0934
.0933
.0931
.093
.0929
.0928
.0926
.0925
.0924
.0923
.0922
.092
.0919
.0918
.0917
.0916
.0915
.0913
.0912
.0911
.091
.0909
.0907
.0906
.0905
.0904
.0903
.0902
.0901
.0899
.0898
.0897
.0896
.0895
.0894
.0893
.0891
.089
.0889
.0888
.0887
.0886
.0885
.0884
.0882
.0881
.088
.0879
.0878
.0877
.0876
.0875
.0874
.0873
.0871
.087
.0869
.0868
.0867
.0866
.0865
.0864
.0863
.0862
.0861
.086
.0859
.0858
.0857
.0855
.0854
.0853
.0852
.0851
.085
.0849
.0848
.0847
.0846
.0845
.0844
.0843
.0842
.0841
.084
.0839
.0838
.0837
.0836
.0835
.0834
.0833
.0832
.0831
.083
.0829
.0828
.0827
.0826
.0825
.0824
.0823
.0822
.0821
.082
.0819
.0818
.0817
.0816
.0815
.0814
.0813
.0812
.0811
.081
.0809
.0808
.0807
.0807
.0806
.0805
.0804
.0803
.0802
.0801
.08
.0799
.0798
.0797
.0796
.0795
.0794
.0793
.0793
.0792
.0791
.079
.0789
.0788
.0787
.0786
.0785
.0784
.0783
.0783
.0782
.0781
.078
.0779
.0778
.0777
.0776
.0775
.0775
.0774
.0773
.0772
.0771
.077
.0769
.0768
.0768
.0767
.0766
.0765
.0764
.0763
.0762
.0761
.0761
.076
.0759
.0758
.0757
.0756
.0756
.0755
.0754
.0753
.0752
.0751
.075
.075
.0749
.0748
.0747
.0746
.0745
.0745
.0744
.0743
.0742
.0741
.0741
.074
.0739
.0738
.0737
.0737
.0736
.0735
.0734
.0733
.0732
.0732
.0731
.073
.0729
.0729
.0728
.0727
.0726
.0725
.0725
.0724
.0723
.0722
.0721
.0721
.072
.0719
.0718
.0718
.0717
.0716
.0715
.0714
.0714
.0713
.0712
.0711
.0711
.071
.0709
.0708
.0708
.0707
.0706
.0705
.0705
.0704
.0703
.0702
.0702
.0701
.07
.0699
.0699
.0698
.0697
.0697
.0696
.0695
.0694
.0694
.0693
.0692
.0691
.0691
.069
.0689
.0689
.0688
.0687
.0686
.0686
.0685
.0684
.0684
.0683
.0682
.0681
.0681
.068
.0679
.0679
.0678
.0677
.0677
.0676
.0675
.0674
.0674
.0673
.0672
.0672
.0671
.067
.067
.0669
.0668
.0668
.0667
.0666
.0666
.0665
.0664
.0664
.0663
.0662
.0662
.0661
.066
.066
.0659
.0658
.0658
.0657
.0656
.0656
.0655
.0654
.0654
.0653
.0652
.0652
.0651
.065
.065
.0649
.0648
.0648
.0647
.0647
.0646
.0645
.0645
.0644
.0643
.0643
.0642
.0641
.0641
.064
.064
.0639
.0638
.0638
.0637
.0636
.0636
.0635
.0635
.0634
.0633
.0633
.0632
.0631
.0631
.063
.063
.0629
.0628
.0628
.0627
.0627
.0626
.0625
.0625
.0624
.0624
.0623
.0622
.0622
.0621
.0621
.062
.0619
.0619
.0618
.0618
.0617
.0616
.0616
.0615
.0615
.0614
.0613
.0613
.0612
.0612
.0611
.0611
.061
.0609
.0609
.0608
.0608
.0607
.0606
.0606
.0605
.0605
.0604
.0604
.0603
.0603
.0602
.0601
.0601
.06
.06
.0599
.0599
.0598
.0597
.0597
.0596
.0596
.0595
.0595
.0594
.0594
.0593
.0592
.0592
.0591
.0591
.059
.059
.0589
.0589
.0588
.0588
.0587
.0586
.0586
.0585
.0585
.0584
.0584
.0583
.0583
.0582
.0582
.0581
.0581
.058
.058
.0579
.0578
.0578
.0577
.0577
.0576
.0576
.0575
.0575
.0574
.0574
.0573
.0573
.0572
.0572
.0571
.0571
.057
.057
.0569
.0569
.0568
.0568
.0567
.0567
.0566
.0566
.0565
.0565
.0564
.0564
.0563
.0563
.0562
.0562
.0561
.0561
.056
.056
.0559
.0559
.0558
.0558
.0557
.0557
.0556
.0556
.0555
.0555
.0554
.0554
.0553
.0553
.0552
.0552
.0551
.0551
.055
.055
.0549
.0549
.0548
.0548
.0547
.0547
.0546
.0546
.0545
.0545
.0545
.0544
.0544
.0543
.0543
.0542
.0542
.0541
.0541
.054
.054
.0539
.0539
.0538
.0538
.0538
.0537
.0537
.0536
.0536
.0535
.0535
.0534
.0534
.0533
.0533
.0532
.0532
.0532
.0531
.0531
.053
.053
.0529
.0529
.0528
.0528
.0528
.0527
.0527
.0526
.0526
.0525
.0525
.0524
.0524
.0524
.0523
.0523
.0522
.0522
.0521
.0521
.052
.052
.052
.0519
.0519
.0518
.0518
.0517
.0517
.0517
.0516
.0516
.0515
.0515
.0514
.0514
.0514
.0513
.0513
.0512
.0512
.0511
.0511
.0511
.051
.051
.0509
.0509
.0508
.0508
.0508
.0507
.0507
.0506
.0506
.0506
.0505
.0505
.0504
.0504
.0503
.0503
.0503
.0502
.0502
.0501
.0501
.0501
.05
.05
