.6032
.6002
.5956
.5911
.5866
.5824
.5782
.5742
.5704
.5667
.5633
.56
.557
.5541
.5514
.5489
.5467
.5446
.5426
.5409
.5393
.5379
.5366
.5354
.5344
.5334
.5326
.5318
.5312
.5306
.53
.5295
.5291
.5287
.5284
.5281
.5278
.5275
.5273
.527
.5268
.5266
.5264
.5263
.5261
.526
.5258
.5257
.5255
.5254
.5252
.5251
.525
.5248
.5247
.5246
.5245
.5243
.5242
.5241
.5239
.5238
.5237
.5236
.5234
.5233
.5232
.523
.5229
.5228
.5226
.5225
.5224
.5222
.5221
.522
.5218
.5217
.5216
.5214
.5213
.5212
.521
.5209
.5207
.5206
.5204
.5203
.5202
.52
.5199
.5197
.5196
.5194
.5193
.5191
.519
.5188
.5187
.5185
.5184
.5182
.5181
.5179
.5177
.5176
.5174
.5173
.5171
.5169
.5168
.5166
.5164
.5163
.5161
.5159
.5158
.5156
.5154
.5153
.5151
.5149
.5147
.5146
.5144
.5142
.514
.5138
.5137
.5135
.5133
.5131
.5129
.5127
.5125
.5124
.5122
.512
.5118
.5116
.5114
.5112
.511
.5108
.5106
.5104
.5102
.51
.5098
.5096
.5093
.5091
.5089
.5087
.5085
.5083
.508
.5078
.5076
.5074
.5072
.5069
.5067
.5065
.5062
.506
.5058
.5055
.5053
.5051
.5048
.5046
.5043
.5041
.5038
.5036
.5033
.5031
.5028
.5026
.5023
.5021
.5018
.5015
.5013
.501
.5007
.5005
.5002
.4999
.4997
.4994
.4991
.4988
.4985
.4983
.498
.4977
.4974
.4971
.4968
.4965
.4962
.4959
.4956
.4953
.495
.4947
.4944
.4941
.4938
.4935
.4932
.4928
.4925
.4922
.4919
.4916
.4912
.4909
.4906
.4902
.4899
.4896
.4892
.4889
.4886
.4882
.4879
.4875
.4872
.4868
.4865
.4861
.4858
.4854
.4851
.4847
.4844
.484
.4836
.4833
.4829
.4825
.4822
.4818
.4814
.4811
.4807
.4803
.4799
.4795
.4792
.4788
.4784
.478
.4776
.4772
.4768
.4765
.4761
.4757
.4753
.4749
.4745
.4741
.4737
.4733
.4729
.4725
.4721
.4716
.4712
.4708
.4704
.47
.4696
.4692
.4688
.4683
.4679
.4675
.4671
.4666
.4662
.4658
.4654
.4649
.4645
.4641
.4637
.4632
.4628
.4624
.4619
.4615
.4611
.4606
.4602
.4597
.4593
.4588
.4584
.458
.4575
.4571
.4566
.4562
.4557
.4553
.4548
.4544
.4539
.4535
.453
.4526
.4521
.4516
.4512
.4507
.4503
.4498
.4494
.4489
.4484
.448
.4475
.447
.4466
.4461
.4456
.4452
.4447
.4442
.4438
.4433
.4428
.4423
.4419
.4414
.4409
.4404
.44
.4395
.439
.4385
.4381
.4376
.4371
.4366
.4361
.4357
.4352
.4347
.4342
.4337
.4332
.4328
.4323
.4318
.4313
.4308
.4303
.4298
.4293
.4289
.4284
.4279
.4274
.4269
.4264
.4259
.4254
.4249
.4244
.4239
.4234
.4229
.4224
.422
.4215
.421
.4205
.42
.4195
.419
.4185
.418
.4175
.417
.4165
.416
.4155
.415
.4145
.4139
.4134
.4129
.4124
.4119
.4114
.4109
.4104
.4099
.4094
.4089
.4084
.4079
.4074
.4069
.4064
.4058
.4053
.4048
.4043
.4038
.4033
.4028
.4023
.4018
.4012
.4007
.4002
.3997
.3992
.3987
.3982
.3976
.3971
.3966
.3961
.3956
.3951
.3945
.394
.3935
.393
.3925
.3919
.3914
.3909
.3904
.3899
.3893
.3888
.3883
.3878
.3872
.3867
.3862
.3857
.3851
.3846
.3841
.3836
.383
.3825
.382
.3815
.3809
.3804
.3799
.3793
.3788
.3783
.3777
.3772
.3767
.3761
.3756
.3751
.3745
.374
.3734
.3729
.3724
.3718
.3713
.3708
.3702
.3697
.3691
.3686
.368
.3675
.3669
.3664
.3659
.3653
.3648
.3642
.3637
.3631
.3626
.362
.3615
.3609
.3604
.3598
.3592
.3587
.3581
.3576
.357
.3565
.3559
.3553
.3548
.3542
.3537
.3531
.3525
.352
.3514
.3508
.3503
.3497
.3491
.3486
.348
.3474
.3469
.3463
.3457
.3451
.3446
.344
.3434
.3429
.3423
.3417
.3411
.3405
.34
.3394
.3388
.3382
.3377
.3371
.3365
.3359
.3353
.3348
.3342
.3336
.333
.3324
.3319
.3313
.3307
.3301
.3295
.329
.3284
.3278
.3272
.3266
.326
.3255
.3249
.3243
.3237
.3231
.3226
.322
.3214
.3208
.3202
.3196
.3191
.3185
.3179
.3173
.3168
.3162
.3156
.315
.3144
.3139
.3133
.3127
.3121
.3116
.311
.3104
.3099
.3093
.3087
.3081
.3076
.307
.3064
.3059
.3053
.3047
.3042
.3036
.3031
.3025
.3019
.3014
.3008
.3003
.2997
.2992
.2986
.2981
.2975
.297
.2964
.2959
.2953
.2948
.2942
.2937
.2931
.2926
.2921
.2915
.291
.2905
.2899
.2894
.2889
.2883
.2878
.2873
.2867
.2862
.2857
.2852
.2847
.2841
.2836
.2831
.2826
.2821
.2816
.281
.2805
.28
.2795
.279
.2785
.278
.2775
.277
.2765
.276
.2755
.275
.2745
.274
.2735
.273
.2725
.2721
.2716
.2711
.2706
.2701
.2696
.2692
.2687
.2682
.2677
.2673
.2668
.2663
.2658
.2654
.2649
.2644
.264
.2635
.263
.2626
.2621
.2617
.2612
.2607
.2603
.2598
.2594
.2589
.2585
.258
.2576
.2571
.2567
.2562
.2558
.2553
.2549
.2545
.254
.2536
.2532
.2527
.2523
.2518
.2514
.251
.2506
.2501
.2497
.2493
.2488
.2484
.248
.2476
.2472
.2467
.2463
.2459
.2455
.2451
.2446
.2442
.2438
.2434
.243
.2426
.2422
.2418
.2414
.241
.2406
.2402
.2398
.2394
.239
.2386
.2382
.2378
.2374
.237
.2366
.2362
.2358
.2354
.235
.2346
.2342
.2338
.2335
.2331
.2327
.2323
.2319
.2315
.2312
.2308
.2304
.23
.2296
.2293
.2289
.2285
.2281
.2278
.2274
.227
.2267
.2263
.2259
.2256
.2252
.2248
.2245
.2241
.2237
.2234
.223
.2227
.2223
.2219
.2216
.2212
.2209
.2205
.2202
.2198
.2195
.2191
.2188
.2184
.2181
.2177
.2174
.217
.2167
.2163
.216
.2157
.2153
.215
.2146
.2143
.214
.2136
.2133
.2129
.2126
.2123
.2119
.2116
.2113
.2109
.2106
.2103
.21
.2096
.2093
.209
.2086
.2083
.208
.2077
.2074
.207
.2067
.2064
.2061
.2058
.2054
.2051
.2048
.2045
.2042
.2039
.2035
.2032
.2029
.2026
.2023
.202
.2017
.2014
.2011
.2008
.2004
.2001
.1998
.1995
.1992
.1989
.1986
.1983
.198
.1977
.1974
.1971
.1968
.1965
.1962
.1959
.1956
.1953
.1951
.1948
.1945
.1942
.1939
.1936
.1933
.193
.1927
.1924
.1922
.1919
.1916
.1913
.191
.1907
.1905
.1902
.1899
.1896
.1893
.189
.1888
.1885
.1882
.1879
.1877
.1874
.1871
.1868
.1866
.1863
.186
.1857
.1855
.1852
.1849
.1847
.1844
.1841
.1839
.1836
.1833
.1831
.1828
.1825
.1823
.182
.1817
.1815
.1812
.181
.1807
.1804
.1802
.1799
.1797
.1794
.1791
.1789
.1786
.1784
.1781
.1779
.1776
.1774
.1771
.1769
.1766
.1764
.1761
.1759
.1756
.1754
.1751
.1749
.1746
.1744
.1741
.1739
.1736
.1734
.1731
.1729
.1727
.1724
.1722
.1719
.1717
.1715
.1712
.171
.1707
.1705
.1703
.17
.1698
.1696
.1693
.1691
.1689
.1686
.1684
.1682
.1679
.1677
.1675
.1672
.167
.1668
.1666
.1663
.1661
.1659
.1656
.1654
.1652
.165
.1647
.1645
.1643
.1641
.1638
.1636
.1634
.1632
.163
.1627
.1625
.1623
.1621
.1619
.1616
.1614
.1612
.161
.1608
.1606
.1603
.1601
.1599
.1597
.1595
.1593
.1591
.1589
.1586
.1584
.1582
.158
.1578
.1576
.1574
.1572
.157
.1568
.1566
.1563
.1561
.1559
.1557
.1555
.1553
.1551
.1549
.1547
.1545
.1543
.1541
.1539
.1537
.1535
.1533
.1531
.1529
.1527
.1525
.1523
.1521
.1519
.1517
.1515
.1513
.1511
.1509
.1507
.1506
.1504
.1502
.15
.1498
.1496
.1494
.1492
.149
.1488
.1486
.1484
.1483
.1481
.1479
.1477
.1475
.1473
.1471
.1469
.1468
.1466
.1464
.1462
.146
.1458
.1456
.1455
.1453
.1451
.1449
.1447
.1445
.1444
.1442
.144
.1438
.1436
.1435
.1433
.1431
.1429
.1428
.1426
.1424
.1422
.142
.1419
.1417
.1415
.1413
.1412
.141
.1408
.1406
.1405
.1403
.1401
.14
.1398
.1396
.1394
.1393
.1391
.1389
.1388
.1386
.1384
.1383
.1381
.1379
.1378
.1376
.1374
.1372
.1371
.1369
.1368
.1366
.1364
.1363
.1361
.1359
.1358
.1356
.1354
.1353
.1351
.135
.1348
.1346
.1345
.1343
.1341
.134
.1338
.1337
.1335
.1333
.1332
.133
.1329
.1327
.1326
.1324
.1322
.1321
.1319
.1318
.1316
.1315
.1313
.1312
.131
.1308
.1307
.1305
.1304
.1302
.1301
.1299
.1298
.1296
.1295
.1293
.1292
.129
.1289
.1287
.1286
.1284
.1283
.1281
.128
.1278
.1277
.1275
.1274
.1272
.1271
.1269
.1268
.1267
.1265
.1264
.1262
.1261
.1259
.1258
.1256
.1255
.1254
.1252
.1251
.1249
.1248
.1246
.1245
.1244
.1242
.1241
.1239
.1238
.1237
.1235
.1234
.1232
.1231
.123
.1228
.1227
.1225
.1224
.1223
.1221
.122
.1219
.1217
.1216
.1215
.1213
.1212
.121
.1209
.1208
.1206
.1205
.1204
.1202
.1201
.12
.1198
.1197
.1196
.1194
.1193
.1192
.119
.1189
.1188
.1187
.1185
.1184
.1183
.1181
.118
.1179
.1177
.1176
.1175
.1174
.1172
.1171
.117
.1169
.1167
.1166
.1165
.1163
.1162
.1161
.116
.1158
.1157
.1156
.1155
.1153
.1152
.1151
.115
.1148
.1147
.1146
.1145
.1144
.1142
.1141
.114
.1139
.1137
.1136
.1135
.1134
.1133
.1131
.113
.1129
.1128
.1127
.1125
.1124
.1123
.1122
.1121
.1119
.1118
.1117
.1116
.1115
.1114
.1112
.1111
.111
.1109
.1108
.1107
.1105
.1104
.1103
.1102
.1101
.11
.1098
.1097
.1096
.1095
.1094
.1093
.1092
.109
.1089
.1088
.1087
.1086
.1085
.1084
.1083
.1081
.108
.1079
.1078
.1077
.1076
.1075
.1074
.1073
.1072
.107
.1069
.1068
.1067
.1066
.1065
.1064
.1063
.1062
.1061
.106
.1058
.1057
.1056
.1055
.1054
.1053
.1052
.1051
.105
.1049
.1048
.1047
.1046
.1045
.1044
.1043
.1041
.104
.1039
.1038
.1037
.1036
.1035
.1034
.1033
.1032
.1031
.103
.1029
.1028
.1027
.1026
.1025
.1024
.1023
.1022
.1021
.102
.1019
.1018
.1017
.1016
.1015
.1014
.1013
.1012
.1011
.101
.1009
.1008
.1007
.1006
.1005
.1004
.1003
.1002
.1001
.1
.0999
.0998
.0997
.0996
.0995
.0994
.0993
.0992
.0991
.099
.0989
.0988
.0987
.0986
.0986
.0985
.0984
.0983
.0982
.0981
.098
.0979
.0978
.0977
.0976
.0975
.0974
.0973
.0972
.0971
.097
.097
.0969
.0968
.0967
.0966
.0965
.0964
.0963
.0962
.0961
.096
.0959
.0959
.0958
.0957
.0956
.0955
.0954
.0953
.0952
.0951
.095
.095
.0949
.0948
.0947
.0946
.0945
.0944
.0943
.0942
.0942
.0941
.094
.0939
.0938
.0937
.0936
.0935
.0935
.0934
.0933
.0932
.0931
.093
.0929
.0928
.0928
.0927
.0926
.0925
.0924
.0923
.0922
.0922
.0921
.092
.0919
.0918
.0917
.0917
.0916
.0915
.0914
.0913
.0912
.0911
.0911
.091
.0909
.0908
.0907
.0907
.0906
.0905
.0904
.0903
.0902
.0902
.0901
.09
.0899
.0898
.0898
.0897
.0896
.0895
.0894
.0893
.0893
.0892
.0891
.089
.0889
.0889
.0888
.0887
.0886
.0885
.0885
.0884
.0883
.0882
.0881
.0881
.088
.0879
.0878
.0878
.0877
.0876
.0875
.0874
.0874
.0873
.0872
.0871
.0871
.087
.0869
.0868
.0868
.0867
.0866
.0865
.0864
.0864
.0863
.0862
.0861
.0861
.086
.0859
.0858
.0858
.0857
.0856
.0855
.0855
.0854
.0853
.0852
.0852
.0851
.085
.0849
.0849
.0848
.0847
.0846
.0846
.0845
.0844
.0844
.0843
.0842
.0841
.0841
.084
.0839
.0838
.0838
.0837
.0836
.0836
.0835
.0834
.0833
.0833
.0832
.0831
.0831
.083
.0829
.0828
.0828
.0827
.0826
.0826
.0825
.0824
.0823
.0823
.0822
.0821
.0821
.082
.0819
.0819
.0818
.0817
.0817
.0816
.0815
.0814
.0814
.0813
.0812
.0812
.0811
.081
.081
.0809
.0808
.0808
.0807
.0806
.0806
.0805
.0804
.0804
.0803
.0802
.0802
.0801
.08
.08
.0799
.0798
.0798
.0797
.0796
.0796
.0795
.0794
.0794
.0793
.0792
.0792
.0791
.079
.079
.0789
.0788
.0788
.0787
.0786
.0786
.0785
.0784
.0784
.0783
.0782
.0782
.0781
.0781
.078
.0779
.0779
.0778
.0777
.0777
.0776
.0775
.0775
.0774
.0774
.0773
.0772
.0772
.0771
.077
.077
.0769
.0769
.0768
.0767
.0767
.0766
.0765
.0765
.0764
.0764
.0763
.0762
.0762
.0761
.0761
.076
.0759
.0759
.0758
.0757
.0757
.0756
.0756
.0755
.0754
.0754
.0753
.0753
.0752
.0751
.0751
.075
.075
.0749
.0748
.0748
.0747
.0747
.0746
.0745
.0745
.0744
.0744
.0743
.0742
.0742
.0741
.0741
.074
.074
.0739
.0738
.0738
.0737
.0737
.0736
.0735
.0735
.0734
.0734
.0733
.0733
.0732
.0731
.0731
.073
.073
.0729
.0729
.0728
.0727
.0727
.0726
.0726
.0725
.0725
.0724
.0723
.0723
.0722
.0722
.0721
.0721
.072
.072
.0719
.0718
.0718
.0717
.0717
.0716
.0716
.0715
.0715
.0714
.0713
.0713
.0712
.0712
.0711
.0711
.071
.071
.0709
.0708
.0708
.0707
.0707
.0706
.0706
.0705
.0705
.0704
.0704
.0703
.0703
.0702
.0701
.0701
.07
.07
.0699
.0699
.0698
.0698
.0697
.0697
.0696
.0696
.0695
.0695
.0694
.0693
.0693
.0692
.0692
.0691
.0691
.069
.069
.0689
.0689
.0688
.0688
.0687
.0687
.0686
.0686
.0685
.0685
.0684
.0684
.0683
.0683
.0682
.0682
.0681
.0681
.068
.0679
.0679
.0678
.0678
.0677
.0677
.0676
.0676
.0675
.0675
.0674
.0674
.0673
.0673
.0672
.0672
.0671
.0671
.067
.067
.0669
.0669
.0668
.0668
.0667
.0667
.0666
.0666
.0665
.0665
.0664
.0664
.0664
.0663
.0663
.0662
.0662
.0661
.0661
.066
.066
.0659
.0659
.0658
.0658
.0657
.0657
.0656
.0656
.0655
.0655
.0654
.0654
.0653
.0653
.0652
.0652
.0651
.0651
.065
.065
.065
.0649
.0649
.0648
.0648
.0647
.0647
.0646
.0646
.0645
.0645
.0644
.0644
.0643
.0643
.0642
.0642
.0642
.0641
.0641
.064
.064
.0639
.0639
.0638
.0638
.0637
.0637
.0636
.0636
.0636
.0635
.0635
.0634
.0634
.0633
.0633
.0632
.0632
.0631
.0631
.0631
.063
.063
.0629
.0629
.0628
.0628
.0627
.0627
.0627
.0626
.0626
.0625
.0625
.0624
.0624
.0623
.0623
.0623
.0622
.0622
.0621
.0621
.062
.062
.0619
.0619
.0619
.0618
.0618
.0617
.0617
.0616
.0616
.0615
.0615
.0615
.0614
.0614
.0613
.0613
.0612
.0612
.0612
.0611
.0611
.061
.061
.0609
.0609
.0609
.0608
.0608
.0607
.0607
.0606
.0606
.0606
.0605
.0605
.0604
.0604
.0603
.0603
.0603
.0602
.0602
.0601
.0601
.06
.06
.06
.0599
.0599
.0598
.0598
.0598
.0597
.0597
.0596
.0596
.0595
.0595
.0595
.0594
.0594
.0593
.0593
.0593
.0592
.0592
.0591
.0591
.0591
.059
.059
.0589
.0589
.0588
.0588
.0588
.0587
.0587
.0586
.0586
.0586
.0585
.0585
.0584
.0584
.0584
.0583
.0583
.0582
.0582
.0582
.0581
.0581
.058
.058
.058
.0579
.0579
.0578
.0578
.0578
.0577
.0577
.0576
.0576
.0576
.0575
.0575
.0574
.0574
.0574
.0573
.0573
.0573
.0572
.0572
.0571
.0571
.0571
.057
.057
.0569
.0569
.0569
.0568
.0568
.0567
.0567
.0567
.0566
.0566
.0566
.0565
.0565
.0564
.0564
.0564
.0563
.0563
.0562
.0562
.0562
.0561
.0561
.0561
.056
.056
.0559
.0559
.0559
.0558
.0558
.0558
.0557
.0557
.0556
.0556
.0556
.0555
.0555
.0555
.0554
.0554
.0553
.0553
.0553
.0552
.0552
.0552
.0551
.0551
.055
.055
.055
.0549
.0549
.0549
.0548
.0548
.0547
.0547
.0547
.0546
.0546
.0546
.0545
.0545
.0545
.0544
.0544
.0543
.0543
.0543
.0542
.0542
.0542
.0541
.0541
.0541
.054
.054
.0539
.0539
.0539
.0538
.0538
.0538
.0537
.0537
.0537
.0536
.0536
.0535
.0535
.0535
.0534
.0534
.0534
.0533
.0533
.0533
.0532
.0532
.0532
.0531
.0531
.053
.053
.053
.0529
.0529
.0529
.0528
.0528
.0528
.0527
.0527
.0527
.0526
.0526
.0526
.0525
.0525
.0525
.0524
.0524
.0523
.0523
.0523
.0522
.0522
.0522
.0521
.0521
.0521
.052
.052
.052
.0519
.0519
.0519
.0518
.0518
.0518
.0517
.0517
.0517
.0516
.0516
.0516
.0515
.0515
.0515
.0514
.0514
.0514
.0513
.0513
.0513
.0512
.0512
.0512
.0511
.0511
.0511
.051
.051
.051
.0509
.0509
.0509
.0508
.0508
.0508
.0507
.0507
.0507
.0506
.0506
.0506
.0505
.0505
.0505
.0504
.0504
.0504
.0503
.0503
.0503
.0502
.0502
.0502
.0501
.0501
.0501
.05
.05
