.5563
.5559
.5539
.552
.5502
.5485
.5469
.5454
.544
.5427
.5414
.5403
.5393
.5383
.5374
.5366
.5358
.5351
.5345
.5339
.5334
.5329
.5325
.5321
.5317
.5314
.5311
.5308
.5306
.5303
.5301
.5299
.5297
.5296
.5294
.5292
.5291
.529
.5288
.5287
.5286
.5285
.5284
.5283
.5282
.5281
.528
.5279
.5278
.5277
.5276
.5275
.5274
.5273
.5271
.527
.5269
.5268
.5267
.5266
.5265
.5264
.5263
.5262
.5261
.526
.5258
.5257
.5256
.5255
.5254
.5253
.5251
.525
.5249
.5248
.5246
.5245
.5244
.5242
.5241
.524
.5238
.5237
.5236
.5234
.5233
.5231
.523
.5228
.5227
.5225
.5224
.5222
.5221
.5219
.5218
.5216
.5214
.5213
.5211
.521
.5208
.5206
.5205
.5203
.5201
.5199
.5198
.5196
.5194
.5192
.519
.5188
.5187
.5185
.5183
.5181
.5179
.5177
.5175
.5173
.5171
.5169
.5167
.5165
.5163
.5161
.5158
.5156
.5154
.5152
.515
.5147
.5145
.5143
.5141
.5138
.5136
.5134
.5131
.5129
.5126
.5124
.5121
.5119
.5116
.5114
.5111
.5109
.5106
.5104
.5101
.5098
.5096
.5093
.509
.5087
.5085
.5082
.5079
.5076
.5073
.507
.5067
.5064
.5061
.5058
.5055
.5052
.5049
.5046
.5043
.504
.5037
.5034
.503
.5027
.5024
.5021
.5017
.5014
.5011
.5007
.5004
.5
.4997
.4993
.499
.4986
.4983
.4979
.4976
.4972
.4968
.4965
.4961
.4957
.4954
.495
.4946
.4942
.4938
.4934
.4931
.4927
.4923
.4919
.4915
.4911
.4907
.4903
.4898
.4894
.489
.4886
.4882
.4878
.4873
.4869
.4865
.4861
.4856
.4852
.4847
.4843
.4839
.4834
.483
.4825
.4821
.4816
.4812
.4807
.4802
.4798
.4793
.4788
.4784
.4779
.4774
.4769
.4765
.476
.4755
.475
.4745
.474
.4735
.4731
.4726
.4721
.4716
.4711
.4705
.47
.4695
.469
.4685
.468
.4675
.467
.4664
.4659
.4654
.4648
.4643
.4638
.4633
.4627
.4622
.4616
.4611
.4605
.46
.4594
.4589
.4583
.4578
.4572
.4567
.4561
.4556
.455
.4544
.4538
.4533
.4527
.4521
.4516
.451
.4504
.4498
.4492
.4486
.448
.4475
.4469
.4463
.4457
.4451
.4445
.4439
.4433
.4427
.442
.4414
.4408
.4402
.4396
.439
.4383
.4377
.4371
.4365
.4358
.4352
.4346
.4339
.4333
.4327
.432
.4314
.4307
.4301
.4294
.4288
.4281
.4275
.4268
.4261
.4255
.4248
.4241
.4235
.4228
.4221
.4214
.4208
.4201
.4194
.4187
.418
.4173
.4167
.416
.4153
.4146
.4139
.4132
.4124
.4117
.411
.4103
.4096
.4089
.4082
.4074
.4067
.406
.4053
.4045
.4038
.4031
.4023
.4016
.4008
.4001
.3993
.3986
.3978
.3971
.3963
.3956
.3948
.3941
.3933
.3925
.3917
.391
.3902
.3894
.3886
.3879
.3871
.3863
.3855
.3847
.3839
.3831
.3823
.3815
.3807
.3799
.3791
.3783
.3775
.3767
.3759
.3751
.3743
.3735
.3726
.3718
.371
.3702
.3694
.3685
.3677
.3669
.366
.3652
.3644
.3636
.3627
.3619
.361
.3602
.3594
.3585
.3577
.3568
.356
.3552
.3543
.3535
.3526
.3518
.3509
.3501
.3492
.3484
.3475
.3467
.3458
.345
.3442
.3433
.3425
.3416
.3408
.3399
.3391
.3382
.3374
.3365
.3357
.3348
.334
.3331
.3323
.3314
.3306
.3297
.3289
.3281
.3272
.3264
.3255
.3247
.3238
.323
.3222
.3213
.3205
.3197
.3188
.318
.3172
.3163
.3155
.3147
.3139
.313
.3122
.3114
.3106
.3097
.3089
.3081
.3073
.3065
.3057
.3049
.304
.3032
.3024
.3016
.3008
.3
.2992
.2984
.2976
.2968
.296
.2952
.2945
.2937
.2929
.2921
.2913
.2905
.2898
.289
.2882
.2874
.2867
.2859
.2851
.2844
.2836
.2828
.2821
.2813
.2806
.2798
.2791
.2783
.2776
.2768
.2761
.2753
.2746
.2739
.2731
.2724
.2717
.2709
.2702
.2695
.2688
.268
.2673
.2666
.2659
.2652
.2645
.2638
.263
.2623
.2616
.2609
.2602
.2596
.2589
.2582
.2575
.2568
.2561
.2554
.2547
.2541
.2534
.2527
.252
.2514
.2507
.25
.2494
.2487
.2481
.2474
.2467
.2461
.2454
.2448
.2441
.2435
.2429
.2422
.2416
.2409
.2403
.2397
.239
.2384
.2378
.2372
.2365
.2359
.2353
.2347
.2341
.2335
.2329
.2323
.2317
.2311
.2305
.2299
.2293
.2287
.2281
.2275
.2269
.2263
.2257
.2251
.2246
.224
.2234
.2228
.2223
.2217
.2211
.2206
.22
.2194
.2189
.2183
.2178
.2172
.2167
.2161
.2156
.215
.2145
.2139
.2134
.2128
.2123
.2118
.2112
.2107
.2102
.2097
.2091
.2086
.2081
.2076
.207
.2065
.206
.2055
.205
.2045
.204
.2035
.203
.2025
.202
.2015
.201
.2005
.2
.1995
.199
.1985
.198
.1976
.1971
.1966
.1961
.1956
.1952
.1947
.1942
.1937
.1933
.1928
.1923
.1919
.1914
.191
.1905
.19
.1896
.1891
.1887
.1882
.1878
.1873
.1869
.1865
.186
.1856
.1851
.1847
.1843
.1838
.1834
.183
.1825
.1821
.1817
.1812
.1808
.1804
.18
.1796
.1791
.1787
.1783
.1779
.1775
.1771
.1767
.1763
.1758
.1754
.175
.1746
.1742
.1738
.1734
.173
.1726
.1722
.1719
.1715
.1711
.1707
.1703
.1699
.1695
.1691
.1688
.1684
.168
.1676
.1672
.1669
.1665
.1661
.1658
.1654
.165
.1646
.1643
.1639
.1635
.1632
.1628
.1625
.1621
.1617
.1614
.161
.1607
.1603
.16
.1596
.1593
.1589
.1586
.1582
.1579
.1575
.1572
.1569
.1565
.1562
.1558
.1555
.1552
.1548
.1545
.1542
.1538
.1535
.1532
.1528
.1525
.1522
.1519
.1515
.1512
.1509
.1506
.1503
.1499
.1496
.1493
.149
.1487
.1484
.148
.1477
.1474
.1471
.1468
.1465
.1462
.1459
.1456
.1453
.145
.1447
.1444
.1441
.1438
.1435
.1432
.1429
.1426
.1423
.142
.1417
.1414
.1411
.1408
.1405
.1403
.14
.1397
.1394
.1391
.1388
.1386
.1383
.138
.1377
.1374
.1372
.1369
.1366
.1363
.1361
.1358
.1355
.1352
.135
.1347
.1344
.1342
.1339
.1336
.1334
.1331
.1328
.1326
.1323
.132
.1318
.1315
.1313
.131
.1307
.1305
.1302
.13
.1297
.1295
.1292
.129
.1287
.1285
.1282
.128
.1277
.1275
.1272
.127
.1267
.1265
.1262
.126
.1258
.1255
.1253
.125
.1248
.1246
.1243
.1241
.1238
.1236
.1234
.1231
.1229
.1227
.1224
.1222
.122
.1218
.1215
.1213
.1211
.1208
.1206
.1204
.1202
.1199
.1197
.1195
.1193
.119
.1188
.1186
.1184
.1182
.1179
.1177
.1175
.1173
.1171
.1169
.1166
.1164
.1162
.116
.1158
.1156
.1154
.1152
.1149
.1147
.1145
.1143
.1141
.1139
.1137
.1135
.1133
.1131
.1129
.1127
.1125
.1123
.1121
.1119
.1117
.1115
.1113
.1111
.1109
.1107
.1105
.1103
.1101
.1099
.1097
.1095
.1093
.1091
.1089
.1087
.1085
.1083
.1081
.108
.1078
.1076
.1074
.1072
.107
.1068
.1066
.1065
.1063
.1061
.1059
.1057
.1055
.1054
.1052
.105
.1048
.1046
.1044
.1043
.1041
.1039
.1037
.1036
.1034
.1032
.103
.1028
.1027
.1025
.1023
.1021
.102
.1018
.1016
.1015
.1013
.1011
.1009
.1008
.1006
.1004
.1003
.1001
.0999
.0998
.0996
.0994
.0993
.0991
.0989
.0988
.0986
.0984
.0983
.0981
.098
.0978
.0976
.0975
.0973
.0971
.097
.0968
.0967
.0965
.0964
.0962
.096
.0959
.0957
.0956
.0954
.0953
.0951
.0949
.0948
.0946
.0945
.0943
.0942
.094
.0939
.0937
.0936
.0934
.0933
.0931
.093
.0928
.0927
.0925
.0924
.0922
.0921
.0919
.0918
.0916
.0915
.0914
.0912
.0911
.0909
.0908
.0906
.0905
.0904
.0902
.0901
.0899
.0898
.0896
.0895
.0894
.0892
.0891
.0889
.0888
.0887
.0885
.0884
.0883
.0881
.088
.0878
.0877
.0876
.0874
.0873
.0872
.087
.0869
.0868
.0866
.0865
.0864
.0862
.0861
.086
.0858
.0857
.0856
.0855
.0853
.0852
.0851
.0849
.0848
.0847
.0846
.0844
.0843
.0842
.084
.0839
.0838
.0837
.0835
.0834
.0833
.0832
.083
.0829
.0828
.0827
.0826
.0824
.0823
.0822
.0821
.0819
.0818
.0817
.0816
.0815
.0813
.0812
.0811
.081
.0809
.0807
.0806
.0805
.0804
.0803
.0802
.08
.0799
.0798
.0797
.0796
.0795
.0793
.0792
.0791
.079
.0789
.0788
.0787
.0785
.0784
.0783
.0782
.0781
.078
.0779
.0778
.0776
.0775
.0774
.0773
.0772
.0771
.077
.0769
.0768
.0767
.0765
.0764
.0763
.0762
.0761
.076
.0759
.0758
.0757
.0756
.0755
.0754
.0753
.0752
.075
.0749
.0748
.0747
.0746
.0745
.0744
.0743
.0742
.0741
.074
.0739
.0738
.0737
.0736
.0735
.0734
.0733
.0732
.0731
.073
.0729
.0728
.0727
.0726
.0725
.0724
.0723
.0722
.0721
.072
.0719
.0718
.0717
.0716
.0715
.0714
.0713
.0712
.0711
.071
.0709
.0708
.0707
.0706
.0706
.0705
.0704
.0703
.0702
.0701
.07
.0699
.0698
.0697
.0696
.0695
.0694
.0693
.0692
.0691
.0691
.069
.0689
.0688
.0687
.0686
.0685
.0684
.0683
.0682
.0681
.0681
.068
.0679
.0678
.0677
.0676
.0675
.0674
.0673
.0673
.0672
.0671
.067
.0669
.0668
.0667
.0666
.0666
.0665
.0664
.0663
.0662
.0661
.066
.066
.0659
.0658
.0657
.0656
.0655
.0655
.0654
.0653
.0652
.0651
.065
.065
.0649
.0648
.0647
.0646
.0645
.0645
.0644
.0643
.0642
.0641
.064
.064
.0639
.0638
.0637
.0636
.0636
.0635
.0634
.0633
.0632
.0632
.0631
.063
.0629
.0628
.0628
.0627
.0626
.0625
.0625
.0624
.0623
.0622
.0621
.0621
.062
.0619
.0618
.0618
.0617
.0616
.0615
.0615
.0614
.0613
.0612
.0612
.0611
.061
.0609
.0609
.0608
.0607
.0606
.0606
.0605
.0604
.0603
.0603
.0602
.0601
.06
.06
.0599
.0598
.0597
.0597
.0596
.0595
.0595
.0594
.0593
.0592
.0592
.0591
.059
.059
.0589
.0588
.0587
.0587
.0586
.0585
.0585
.0584
.0583
.0583
.0582
.0581
.058
.058
.0579
.0578
.0578
.0577
.0576
.0576
.0575
.0574
.0574
.0573
.0572
.0572
.0571
.057
.057
.0569
.0568
.0568
.0567
.0566
.0566
.0565
.0564
.0564
.0563
.0562
.0562
.0561
.056
.056
.0559
.0558
.0558
.0557
.0556
.0556
.0555
.0554
.0554
.0553
.0552
.0552
.0551
.0551
.055
.0549
.0549
.0548
.0547
.0547
.0546
.0546
.0545
.0544
.0544
.0543
.0542
.0542
.0541
.0541
.054
.0539
.0539
.0538
.0537
.0537
.0536
.0536
.0535
.0534
.0534
.0533
.0533
.0532
.0531
.0531
.053
.053
.0529
.0528
.0528
.0527
.0527
.0526
.0525
.0525
.0524
.0524
.0523
.0522
.0522
.0521
.0521
.052
.052
.0519
.0518
.0518
.0517
.0517
.0516
.0515
.0515
.0514
.0514
.0513
.0513
.0512
.0512
.0511
.051
.051
.0509
.0509
.0508
.0508
.0507
.0506
.0506
.0505
.0505
.0504
.0504
.0503
.0503
.0502
.0501
.0501
.05
.05
