.6445
.639
.6316
.6242
.6169
.6096
.6023
.5953
.5884
.5817
.5754
.5693
.5636
.5582
.5532
.5486
.5445
.5407
.5373
.5343
.5316
.5293
.5272
.5254
.5239
.5226
.5215
.5205
.5197
.519
.5184
.5179
.5175
.5171
.5168
.5165
.5163
.5161
.516
.5158
.5157
.5156
.5155
.5154
.5153
.5153
.5152
.5151
.5151
.515
.5149
.5149
.5148
.5148
.5147
.5147
.5146
.5145
.5145
.5144
.5144
.5143
.5143
.5142
.5141
.5141
.514
.514
.5139
.5138
.5138
.5137
.5136
.5136
.5135
.5134
.5134
.5133
.5132
.5132
.5131
.513
.513
.5129
.5128
.5127
.5127
.5126
.5125
.5124
.5123
.5123
.5122
.5121
.512
.5119
.5119
.5118
.5117
.5116
.5115
.5114
.5113
.5112
.5111
.5111
.511
.5109
.5108
.5107
.5106
.5105
.5104
.5103
.5102
.5101
.51
.5099
.5097
.5096
.5095
.5094
.5093
.5092
.5091
.5089
.5088
.5087
.5086
.5085
.5083
.5082
.5081
.5079
.5078
.5077
.5075
.5074
.5073
.5071
.507
.5068
.5067
.5065
.5064
.5062
.5061
.5059
.5057
.5056
.5054
.5053
.5051
.5049
.5047
.5046
.5044
.5042
.504
.5038
.5036
.5035
.5033
.5031
.5029
.5027
.5025
.5023
.502
.5018
.5016
.5014
.5012
.501
.5007
.5005
.5003
.5
.4998
.4995
.4993
.499
.4988
.4985
.4983
.498
.4977
.4975
.4972
.4969
.4966
.4964
.4961
.4958
.4955
.4952
.4949
.4946
.4943
.4939
.4936
.4933
.493
.4926
.4923
.4919
.4916
.4913
.4909
.4905
.4902
.4898
.4894
.4891
.4887
.4883
.4879
.4875
.4871
.4867
.4863
.4859
.4855
.485
.4846
.4842
.4837
.4833
.4828
.4824
.4819
.4815
.481
.4805
.48
.4796
.4791
.4786
.4781
.4776
.4771
.4766
.476
.4755
.475
.4745
.4739
.4734
.4728
.4723
.4717
.4711
.4706
.47
.4694
.4688
.4682
.4677
.4671
.4664
.4658
.4652
.4646
.464
.4633
.4627
.4621
.4614
.4608
.4601
.4595
.4588
.4581
.4575
.4568
.4561
.4554
.4547
.454
.4533
.4526
.4519
.4512
.4505
.4498
.449
.4483
.4476
.4468
.4461
.4453
.4446
.4438
.4431
.4423
.4416
.4408
.44
.4392
.4385
.4377
.4369
.4361
.4353
.4345
.4337
.4329
.4321
.4313
.4305
.4297
.4288
.428
.4272
.4264
.4255
.4247
.4239
.423
.4222
.4214
.4205
.4197
.4188
.418
.4171
.4163
.4154
.4146
.4137
.4128
.412
.4111
.4102
.4094
.4085
.4076
.4067
.4059
.405
.4041
.4032
.4024
.4015
.4006
.3997
.3988
.398
.3971
.3962
.3953
.3944
.3935
.3926
.3917
.3909
.39
.3891
.3882
.3873
.3864
.3855
.3846
.3837
.3828
.3819
.3811
.3802
.3793
.3784
.3775
.3766
.3757
.3748
.3739
.373
.3721
.3713
.3704
.3695
.3686
.3677
.3668
.3659
.3651
.3642
.3633
.3624
.3615
.3606
.3598
.3589
.358
.3571
.3563
.3554
.3545
.3536
.3528
.3519
.351
.3502
.3493
.3484
.3476
.3467
.3458
.345
.3441
.3433
.3424
.3415
.3407
.3398
.339
.3381
.3373
.3364
.3356
.3348
.3339
.3331
.3322
.3314
.3306
.3297
.3289
.3281
.3272
.3264
.3256
.3248
.3239
.3231
.3223
.3215
.3207
.3199
.3191
.3183
.3174
.3166
.3158
.315
.3142
.3134
.3126
.3119
.3111
.3103
.3095
.3087
.3079
.3071
.3064
.3056
.3048
.304
.3033
.3025
.3017
.301
.3002
.2994
.2987
.2979
.2972
.2964
.2957
.2949
.2942
.2934
.2927
.2919
.2912
.2905
.2897
.289
.2883
.2875
.2868
.2861
.2854
.2846
.2839
.2832
.2825
.2818
.2811
.2804
.2797
.279
.2783
.2776
.2769
.2762
.2755
.2748
.2741
.2734
.2727
.272
.2714
.2707
.27
.2693
.2687
.268
.2673
.2667
.266
.2653
.2647
.264
.2634
.2627
.262
.2614
.2608
.2601
.2595
.2588
.2582
.2575
.2569
.2563
.2556
.255
.2544
.2538
.2531
.2525
.2519
.2513
.2507
.2501
.2494
.2488
.2482
.2476
.247
.2464
.2458
.2452
.2446
.244
.2434
.2429
.2423
.2417
.2411
.2405
.2399
.2394
.2388
.2382
.2376
.2371
.2365
.2359
.2354
.2348
.2342
.2337
.2331
.2326
.232
.2315
.2309
.2304
.2298
.2293
.2287
.2282
.2276
.2271
.2266
.226
.2255
.225
.2244
.2239
.2234
.2229
.2223
.2218
.2213
.2208
.2203
.2198
.2192
.2187
.2182
.2177
.2172
.2167
.2162
.2157
.2152
.2147
.2142
.2137
.2132
.2127
.2123
.2118
.2113
.2108
.2103
.2098
.2094
.2089
.2084
.2079
.2075
.207
.2065
.2061
.2056
.2051
.2047
.2042
.2037
.2033
.2028
.2024
.2019
.2015
.201
.2006
.2001
.1997
.1992
.1988
.1983
.1979
.1975
.197
.1966
.1962
.1957
.1953
.1949
.1944
.194
.1936
.1932
.1927
.1923
.1919
.1915
.1911
.1906
.1902
.1898
.1894
.189
.1886
.1882
.1878
.1874
.1869
.1865
.1861
.1857
.1853
.1849
.1845
.1842
.1838
.1834
.183
.1826
.1822
.1818
.1814
.181
.1807
.1803
.1799
.1795
.1791
.1788
.1784
.178
.1776
.1773
.1769
.1765
.1761
.1758
.1754
.175
.1747
.1743
.174
.1736
.1732
.1729
.1725
.1722
.1718
.1715
.1711
.1707
.1704
.17
.1697
.1694
.169
.1687
.1683
.168
.1676
.1673
.167
.1666
.1663
.1659
.1656
.1653
.1649
.1646
.1643
.1639
.1636
.1633
.163
.1626
.1623
.162
.1617
.1613
.161
.1607
.1604
.1601
.1597
.1594
.1591
.1588
.1585
.1582
.1579
.1576
.1572
.1569
.1566
.1563
.156
.1557
.1554
.1551
.1548
.1545
.1542
.1539
.1536
.1533
.153
.1527
.1524
.1521
.1518
.1515
.1513
.151
.1507
.1504
.1501
.1498
.1495
.1492
.149
.1487
.1484
.1481
.1478
.1476
.1473
.147
.1467
.1465
.1462
.1459
.1456
.1454
.1451
.1448
.1445
.1443
.144
.1437
.1435
.1432
.1429
.1427
.1424
.1421
.1419
.1416
.1414
.1411
.1408
.1406
.1403
.1401
.1398
.1396
.1393
.139
.1388
.1385
.1383
.138
.1378
.1375
.1373
.137
.1368
.1366
.1363
.1361
.1358
.1356
.1353
.1351
.1348
.1346
.1344
.1341
.1339
.1336
.1334
.1332
.1329
.1327
.1325
.1322
.132
.1318
.1315
.1313
.1311
.1308
.1306
.1304
.1302
.1299
.1297
.1295
.1293
.129
.1288
.1286
.1284
.1281
.1279
.1277
.1275
.1273
.127
.1268
.1266
.1264
.1262
.1259
.1257
.1255
.1253
.1251
.1249
.1247
.1245
.1242
.124
.1238
.1236
.1234
.1232
.123
.1228
.1226
.1224
.1222
.122
.1217
.1215
.1213
.1211
.1209
.1207
.1205
.1203
.1201
.1199
.1197
.1195
.1193
.1191
.1189
.1188
.1186
.1184
.1182
.118
.1178
.1176
.1174
.1172
.117
.1168
.1166
.1164
.1162
.1161
.1159
.1157
.1155
.1153
.1151
.1149
.1148
.1146
.1144
.1142
.114
.1138
.1137
.1135
.1133
.1131
.1129
.1127
.1126
.1124
.1122
.112
.1119
.1117
.1115
.1113
.1112
.111
.1108
.1106
.1105
.1103
.1101
.1099
.1098
.1096
.1094
.1092
.1091
.1089
.1087
.1086
.1084
.1082
.1081
.1079
.1077
.1076
.1074
.1072
.1071
.1069
.1067
.1066
.1064
.1063
.1061
.1059
.1058
.1056
.1054
.1053
.1051
.105
.1048
.1046
.1045
.1043
.1042
.104
.1039
.1037
.1035
.1034
.1032
.1031
.1029
.1028
.1026
.1025
.1023
.1022
.102
.1019
.1017
.1016
.1014
.1013
.1011
.101
.1008
.1007
.1005
.1004
.1002
.1001
.0999
.0998
.0996
.0995
.0993
.0992
.099
.0989
.0988
.0986
.0985
.0983
.0982
.098
.0979
.0978
.0976
.0975
.0973
.0972
.0971
.0969
.0968
.0966
.0965
.0964
.0962
.0961
.0959
.0958
.0957
.0955
.0954
.0953
.0951
.095
.0949
.0947
.0946
.0945
.0943
.0942
.0941
.0939
.0938
.0937
.0935
.0934
.0933
.0931
.093
.0929
.0928
.0926
.0925
.0924
.0922
.0921
.092
.0919
.0917
.0916
.0915
.0913
.0912
.0911
.091
.0908
.0907
.0906
.0905
.0903
.0902
.0901
.09
.0899
.0897
.0896
.0895
.0894
.0892
.0891
.089
.0889
.0888
.0886
.0885
.0884
.0883
.0882
.088
.0879
.0878
.0877
.0876
.0875
.0873
.0872
.0871
.087
.0869
.0868
.0866
.0865
.0864
.0863
.0862
.0861
.086
.0858
.0857
.0856
.0855
.0854
.0853
.0852
.0851
.085
.0848
.0847
.0846
.0845
.0844
.0843
.0842
.0841
.084
.0838
.0837
.0836
.0835
.0834
.0833
.0832
.0831
.083
.0829
.0828
.0827
.0826
.0825
.0823
.0822
.0821
.082
.0819
.0818
.0817
.0816
.0815
.0814
.0813
.0812
.0811
.081
.0809
.0808
.0807
.0806
.0805
.0804
.0803
.0802
.0801
.08
.0799
.0798
.0797
.0796
.0795
.0794
.0793
.0792
.0791
.079
.0789
.0788
.0787
.0786
.0785
.0784
.0783
.0782
.0781
.078
.0779
.0778
.0777
.0776
.0775
.0774
.0773
.0773
.0772
.0771
.077
.0769
.0768
.0767
.0766
.0765
.0764
.0763
.0762
.0761
.076
.0759
.0759
.0758
.0757
.0756
.0755
.0754
.0753
.0752
.0751
.075
.075
.0749
.0748
.0747
.0746
.0745
.0744
.0743
.0742
.0742
.0741
.074
.0739
.0738
.0737
.0736
.0735
.0735
.0734
.0733
.0732
.0731
.073
.0729
.0728
.0728
.0727
.0726
.0725
.0724
.0723
.0723
.0722
.0721
.072
.0719
.0718
.0718
.0717
.0716
.0715
.0714
.0713
.0713
.0712
.0711
.071
.0709
.0708
.0708
.0707
.0706
.0705
.0704
.0704
.0703
.0702
.0701
.07
.07
.0699
.0698
.0697
.0696
.0696
.0695
.0694
.0693
.0693
.0692
.0691
.069
.0689
.0689
.0688
.0687
.0686
.0686
.0685
.0684
.0683
.0682
.0682
.0681
.068
.0679
.0679
.0678
.0677
.0676
.0676
.0675
.0674
.0673
.0673
.0672
.0671
.067
.067
.0669
.0668
.0667
.0667
.0666
.0665
.0665
.0664
.0663
.0662
.0662
.0661
.066
.066
.0659
.0658
.0657
.0657
.0656
.0655
.0655
.0654
.0653
.0652
.0652
.0651
.065
.065
.0649
.0648
.0647
.0647
.0646
.0645
.0645
.0644
.0643
.0643
.0642
.0641
.0641
.064
.0639
.0639
.0638
.0637
.0637
.0636
.0635
.0634
.0634
.0633
.0632
.0632
.0631
.063
.063
.0629
.0628
.0628
.0627
.0627
.0626
.0625
.0625
.0624
.0623
.0623
.0622
.0621
.0621
.062
.0619
.0619
.0618
.0617
.0617
.0616
.0615
.0615
.0614
.0614
.0613
.0612
.0612
.0611
.061
.061
.0609
.0609
.0608
.0607
.0607
.0606
.0605
.0605
.0604
.0604
.0603
.0602
.0602
.0601
.0601
.06
.0599
.0599
.0598
.0597
.0597
.0596
.0596
.0595
.0594
.0594
.0593
.0593
.0592
.0591
.0591
.059
.059
.0589
.0589
.0588
.0587
.0587
.0586
.0586
.0585
.0584
.0584
.0583
.0583
.0582
.0582
.0581
.058
.058
.0579
.0579
.0578
.0577
.0577
.0576
.0576
.0575
.0575
.0574
.0574
.0573
.0572
.0572
.0571
.0571
.057
.057
.0569
.0568
.0568
.0567
.0567
.0566
.0566
.0565
.0565
.0564
.0564
.0563
.0562
.0562
.0561
.0561
.056
.056
.0559
.0559
.0558
.0558
.0557
.0557
.0556
.0555
.0555
.0554
.0554
.0553
.0553
.0552
.0552
.0551
.0551
.055
.055
.0549
.0549
.0548
.0548
.0547
.0547
.0546
.0545
.0545
.0544
.0544
.0543
.0543
.0542
.0542
.0541
.0541
.054
.054
.0539
.0539
.0538
.0538
.0537
.0537
.0536
.0536
.0535
.0535
.0534
.0534
.0533
.0533
.0532
.0532
.0531
.0531
.053
.053
.0529
.0529
.0528
.0528
.0527
.0527
.0526
.0526
.0525
.0525
.0525
.0524
.0524
.0523
.0523
.0522
.0522
.0521
.0521
.052
.052
.0519
.0519
.0518
.0518
.0517
.0517
.0516
.0516
.0515
.0515
.0515
.0514
.0514
.0513
.0513
.0512
.0512
.0511
.0511
.051
.051
.0509
.0509
.0509
.0508
.0508
.0507
.0507
.0506
.0506
.0505
.0505
.0504
.0504
.0504
.0503
.0503
.0502
.0502
.0501
.0501
.05
.05
