.556
.5566
.5559
.5553
.5547
.5541
.5536
.5531
.5526
.5521
.5516
.5512
.5508
.5504
.55
.5497
.5494
.5491
.5488
.5485
.5482
.548
.5478
.5476
.5474
.5472
.547
.5469
.5467
.5466
.5465
.5463
.5462
.5461
.546
.5459
.5458
.5458
.5457
.5456
.5456
.5455
.5454
.5454
.5453
.5453
.5452
.5452
.5452
.5451
.5451
.5451
.545
.545
.545
.5449
.5449
.5449
.5449
.5448
.5448
.5448
.5448
.5447
.5447
.5447
.5447
.5447
.5446
.5446
.5446
.5446
.5446
.5445
.5445
.5445
.5445
.5445
.5444
.5444
.5444
.5444
.5444
.5443
.5443
.5443
.5443
.5443
.5442
.5442
.5442
.5442
.5442
.5441
.5441
.5441
.5441
.5441
.544
.544
.544
.544
.544
.5439
.5439
.5439
.5439
.5439
.5438
.5438
.5438
.5438
.5437
.5437
.5437
.5437
.5437
.5436
.5436
.5436
.5436
.5435
.5435
.5435
.5435
.5434
.5434
.5434
.5434
.5433
.5433
.5433
.5433
.5432
.5432
.5432
.5432
.5431
.5431
.5431
.543
.543
.543
.543
.5429
.5429
.5429
.5428
.5428
.5428
.5428
.5427
.5427
.5427
.5426
.5426
.5426
.5425
.5425
.5425
.5424
.5424
.5424
.5423
.5423
.5423
.5422
.5422
.5422
.5421
.5421
.542
.542
.542
.5419
.5419
.5418
.5418
.5418
.5417
.5417
.5416
.5416
.5416
.5415
.5415
.5414
.5414
.5413
.5413
.5412
.5412
.5411
.5411
.541
.541
.5409
.5409
.5408
.5408
.5407
.5407
.5406
.5406
.5405
.5405
.5404
.5403
.5403
.5402
.5402
.5401
.54
.54
.5399
.5399
.5398
.5397
.5397
.5396
.5395
.5395
.5394
.5393
.5392
.5392
.5391
.539
.5389
.5389
.5388
.5387
.5386
.5386
.5385
.5384
.5383
.5382
.5381
.538
.538
.5379
.5378
.5377
.5376
.5375
.5374
.5373
.5372
.5371
.537
.5369
.5368
.5367
.5366
.5365
.5364
.5363
.5362
.5361
.5359
.5358
.5357
.5356
.5355
.5354
.5352
.5351
.535
.5349
.5347
.5346
.5345
.5343
.5342
.5341
.5339
.5338
.5336
.5335
.5333
.5332
.533
.5329
.5327
.5326
.5324
.5323
.5321
.5319
.5318
.5316
.5314
.5313
.5311
.5309
.5307
.5305
.5304
.5302
.53
.5298
.5296
.5294
.5292
.529
.5288
.5286
.5284
.5282
.528
.5277
.5275
.5273
.5271
.5268
.5266
.5264
.5261
.5259
.5256
.5254
.5251
.5249
.5246
.5243
.5241
.5238
.5235
.5233
.523
.5227
.5224
.5221
.5218
.5215
.5212
.5209
.5206
.5203
.5199
.5196
.5193
.5189
.5186
.5182
.5179
.5175
.5172
.5168
.5164
.5161
.5157
.5153
.5149
.5145
.5141
.5137
.5133
.5129
.5124
.512
.5116
.5111
.5107
.5102
.5098
.5093
.5088
.5083
.5078
.5074
.5069
.5064
.5058
.5053
.5048
.5043
.5037
.5032
.5026
.5021
.5015
.501
.5004
.4998
.4992
.4986
.498
.4974
.4968
.4961
.4955
.4949
.4942
.4936
.4929
.4922
.4916
.4909
.4902
.4895
.4888
.4881
.4874
.4867
.4859
.4852
.4845
.4837
.483
.4822
.4814
.4806
.4799
.4791
.4783
.4775
.4767
.4759
.475
.4742
.4734
.4725
.4717
.4708
.47
.4691
.4682
.4674
.4665
.4656
.4647
.4638
.4629
.462
.4611
.4602
.4593
.4583
.4574
.4565
.4555
.4546
.4536
.4527
.4517
.4507
.4498
.4488
.4478
.4468
.4459
.4449
.4439
.4429
.4419
.4409
.4399
.4389
.4378
.4368
.4358
.4348
.4338
.4327
.4317
.4307
.4296
.4286
.4275
.4265
.4255
.4244
.4234
.4223
.4213
.4202
.4191
.4181
.417
.416
.4149
.4138
.4128
.4117
.4106
.4095
.4085
.4074
.4063
.4053
.4042
.4031
.402
.401
.3999
.3988
.3977
.3966
.3956
.3945
.3934
.3923
.3912
.3902
.3891
.388
.3869
.3859
.3848
.3837
.3826
.3816
.3805
.3794
.3783
.3773
.3762
.3751
.3741
.373
.3719
.3708
.3698
.3687
.3677
.3666
.3655
.3645
.3634
.3624
.3613
.3603
.3592
.3582
.3571
.3561
.355
.354
.353
.3519
.3509
.3498
.3488
.3478
.3468
.3457
.3447
.3437
.3427
.3417
.3406
.3396
.3386
.3376
.3366
.3356
.3346
.3336
.3326
.3316
.3306
.3297
.3287
.3277
.3267
.3257
.3248
.3238
.3228
.3219
.3209
.3199
.319
.318
.3171
.3161
.3152
.3142
.3133
.3124
.3114
.3105
.3096
.3086
.3077
.3068
.3059
.305
.3041
.3031
.3022
.3013
.3004
.2995
.2986
.2978
.2969
.296
.2951
.2942
.2933
.2925
.2916
.2907
.2899
.289
.2882
.2873
.2865
.2856
.2848
.2839
.2831
.2822
.2814
.2806
.2797
.2789
.2781
.2773
.2765
.2757
.2748
.274
.2732
.2724
.2716
.2708
.27
.2693
.2685
.2677
.2669
.2661
.2654
.2646
.2638
.263
.2623
.2615
.2608
.26
.2593
.2585
.2578
.257
.2563
.2555
.2548
.2541
.2533
.2526
.2519
.2512
.2505
.2497
.249
.2483
.2476
.2469
.2462
.2455
.2448
.2441
.2434
.2427
.242
.2414
.2407
.24
.2393
.2387
.238
.2373
.2366
.236
.2353
.2347
.234
.2334
.2327
.2321
.2314
.2308
.2301
.2295
.2289
.2282
.2276
.227
.2263
.2257
.2251
.2245
.2239
.2233
.2226
.222
.2214
.2208
.2202
.2196
.219
.2184
.2178
.2173
.2167
.2161
.2155
.2149
.2143
.2138
.2132
.2126
.2121
.2115
.2109
.2104
.2098
.2092
.2087
.2081
.2076
.207
.2065
.2059
.2054
.2049
.2043
.2038
.2032
.2027
.2022
.2016
.2011
.2006
.2001
.1996
.199
.1985
.198
.1975
.197
.1965
.196
.1955
.195
.1945
.194
.1935
.193
.1925
.192
.1915
.191
.1905
.19
.1896
.1891
.1886
.1881
.1876
.1872
.1867
.1862
.1858
.1853
.1848
.1844
.1839
.1835
.183
.1825
.1821
.1816
.1812
.1807
.1803
.1798
.1794
.179
.1785
.1781
.1776
.1772
.1768
.1763
.1759
.1755
.1751
.1746
.1742
.1738
.1734
.173
.1725
.1721
.1717
.1713
.1709
.1705
.1701
.1697
.1693
.1689
.1685
.1681
.1677
.1673
.1669
.1665
.1661
.1657
.1653
.1649
.1645
.1641
.1637
.1634
.163
.1626
.1622
.1618
.1615
.1611
.1607
.1603
.16
.1596
.1592
.1589
.1585
.1581
.1578
.1574
.1571
.1567
.1563
.156
.1556
.1553
.1549
.1546
.1542
.1539
.1535
.1532
.1528
.1525
.1522
.1518
.1515
.1511
.1508
.1505
.1501
.1498
.1495
.1491
.1488
.1485
.1482
.1478
.1475
.1472
.1469
.1465
.1462
.1459
.1456
.1453
.1449
.1446
.1443
.144
.1437
.1434
.1431
.1428
.1425
.1421
.1418
.1415
.1412
.1409
.1406
.1403
.14
.1397
.1394
.1391
.1389
.1386
.1383
.138
.1377
.1374
.1371
.1368
.1365
.1362
.136
.1357
.1354
.1351
.1348
.1346
.1343
.134
.1337
.1334
.1332
.1329
.1326
.1323
.1321
.1318
.1315
.1313
.131
.1307
.1305
.1302
.1299
.1297
.1294
.1292
.1289
.1286
.1284
.1281
.1279
.1276
.1274
.1271
.1268
.1266
.1263
.1261
.1258
.1256
.1253
.1251
.1248
.1246
.1244
.1241
.1239
.1236
.1234
.1231
.1229
.1227
.1224
.1222
.1219
.1217
.1215
.1212
.121
.1208
.1205
.1203
.1201
.1198
.1196
.1194
.1192
.1189
.1187
.1185
.1183
.118
.1178
.1176
.1174
.1171
.1169
.1167
.1165
.1163
.116
.1158
.1156
.1154
.1152
.115
.1147
.1145
.1143
.1141
.1139
.1137
.1135
.1133
.1131
.1129
.1126
.1124
.1122
.112
.1118
.1116
.1114
.1112
.111
.1108
.1106
.1104
.1102
.11
.1098
.1096
.1094
.1092
.109
.1088
.1086
.1084
.1082
.1081
.1079
.1077
.1075
.1073
.1071
.1069
.1067
.1065
.1063
.1062
.106
.1058
.1056
.1054
.1052
.105
.1049
.1047
.1045
.1043
.1041
.104
.1038
.1036
.1034
.1032
.1031
.1029
.1027
.1025
.1024
.1022
.102
.1018
.1017
.1015
.1013
.1011
.101
.1008
.1006
.1005
.1003
.1001
.1
.0998
.0996
.0994
.0993
.0991
.099
.0988
.0986
.0985
.0983
.0981
.098
.0978
.0976
.0975
.0973
.0972
.097
.0968
.0967
.0965
.0964
.0962
.0961
.0959
.0957
.0956
.0954
.0953
.0951
.095
.0948
.0947
.0945
.0944
.0942
.0941
.0939
.0938
.0936
.0935
.0933
.0932
.093
.0929
.0927
.0926
.0924
.0923
.0921
.092
.0918
.0917
.0915
.0914
.0913
.0911
.091
.0908
.0907
.0905
.0904
.0903
.0901
.09
.0898
.0897
.0896
.0894
.0893
.0892
.089
.0889
.0887
.0886
.0885
.0883
.0882
.0881
.0879
.0878
.0877
.0875
.0874
.0873
.0871
.087
.0869
.0867
.0866
.0865
.0864
.0862
.0861
.086
.0858
.0857
.0856
.0855
.0853
.0852
.0851
.0849
.0848
.0847
.0846
.0844
.0843
.0842
.0841
.0839
.0838
.0837
.0836
.0835
.0833
.0832
.0831
.083
.0829
.0827
.0826
.0825
.0824
.0823
.0821
.082
.0819
.0818
.0817
.0815
.0814
.0813
.0812
.0811
.081
.0808
.0807
.0806
.0805
.0804
.0803
.0802
.0801
.0799
.0798
.0797
.0796
.0795
.0794
.0793
.0792
.079
.0789
.0788
.0787
.0786
.0785
.0784
.0783
.0782
.0781
.078
.0778
.0777
.0776
.0775
.0774
.0773
.0772
.0771
.077
.0769
.0768
.0767
.0766
.0765
.0764
.0763
.0762
.0761
.076
.0759
.0757
.0756
.0755
.0754
.0753
.0752
.0751
.075
.0749
.0748
.0747
.0746
.0745
.0744
.0743
.0742
.0741
.074
.0739
.0738
.0738
.0737
.0736
.0735
.0734
.0733
.0732
.0731
.073
.0729
.0728
.0727
.0726
.0725
.0724
.0723
.0722
.0721
.072
.0719
.0719
.0718
.0717
.0716
.0715
.0714
.0713
.0712
.0711
.071
.0709
.0708
.0708
.0707
.0706
.0705
.0704
.0703
.0702
.0701
.07
.0699
.0699
.0698
.0697
.0696
.0695
.0694
.0693
.0692
.0692
.0691
.069
.0689
.0688
.0687
.0686
.0686
.0685
.0684
.0683
.0682
.0681
.0681
.068
.0679
.0678
.0677
.0676
.0676
.0675
.0674
.0673
.0672
.0671
.0671
.067
.0669
.0668
.0667
.0667
.0666
.0665
.0664
.0663
.0663
.0662
.0661
.066
.0659
.0659
.0658
.0657
.0656
.0655
.0655
.0654
.0653
.0652
.0652
.0651
.065
.0649
.0648
.0648
.0647
.0646
.0645
.0645
.0644
.0643
.0642
.0642
.0641
.064
.0639
.0639
.0638
.0637
.0636
.0636
.0635
.0634
.0633
.0633
.0632
.0631
.0631
.063
.0629
.0628
.0628
.0627
.0626
.0625
.0625
.0624
.0623
.0623
.0622
.0621
.062
.062
.0619
.0618
.0618
.0617
.0616
.0616
.0615
.0614
.0613
.0613
.0612
.0611
.0611
.061
.0609
.0609
.0608
.0607
.0607
.0606
.0605
.0605
.0604
.0603
.0603
.0602
.0601
.0601
.06
.0599
.0599
.0598
.0597
.0597
.0596
.0595
.0595
.0594
.0593
.0593
.0592
.0591
.0591
.059
.059
.0589
.0588
.0588
.0587
.0586
.0586
.0585
.0584
.0584
.0583
.0583
.0582
.0581
.0581
.058
.0579
.0579
.0578
.0578
.0577
.0576
.0576
.0575
.0574
.0574
.0573
.0573
.0572
.0571
.0571
.057
.057
.0569
.0568
.0568
.0567
.0567
.0566
.0565
.0565
.0564
.0564
.0563
.0563
.0562
.0561
.0561
.056
.056
.0559
.0558
.0558
.0557
.0557
.0556
.0556
.0555
.0554
.0554
.0553
.0553
.0552
.0552
.0551
.055
.055
.0549
.0549
.0548
.0548
.0547
.0547
.0546
.0545
.0545
.0544
.0544
.0543
.0543
.0542
.0542
.0541
.054
.054
.0539
.0539
.0538
.0538
.0537
.0537
.0536
.0536
.0535
.0535
.0534
.0533
.0533
.0532
.0532
.0531
.0531
.053
.053
.0529
.0529
.0528
.0528
.0527
.0527
.0526
.0526
.0525
.0525
.0524
.0524
.0523
.0523
.0522
.0522
.0521
.0521
.052
.052
.0519
.0518
.0518
.0517
.0517
.0516
.0516
.0515
.0515
.0515
.0514
.0514
.0513
.0513
.0512
.0512
.0511
.0511
.051
.051
.0509
.0509
.0508
.0508
.0507
.0507
.0506
.0506
.0505
.0505
.0504
.0504
.0503
.0503
.0502
.0502
.0501
.0501
.0501
.05
.05
