.5769
.5744
.57
.5658
.5618
.5579
.5542
.5507
.5475
.5444
.5415
.5389
.5364
.5342
.5322
.5303
.5287
.5272
.5258
.5246
.5236
.5226
.5218
.521
.5204
.5198
.5193
.5189
.5185
.5182
.5179
.5176
.5174
.5172
.517
.5169
.5167
.5166
.5165
.5164
.5163
.5162
.5161
.5161
.516
.5159
.5159
.5158
.5158
.5157
.5156
.5156
.5155
.5155
.5154
.5154
.5153
.5153
.5152
.5151
.5151
.515
.515
.5149
.5148
.5148
.5147
.5147
.5146
.5145
.5145
.5144
.5143
.5143
.5142
.5141
.514
.514
.5139
.5138
.5137
.5137
.5136
.5135
.5134
.5133
.5132
.5132
.5131
.513
.5129
.5128
.5127
.5126
.5125
.5124
.5123
.5122
.5121
.512
.5119
.5118
.5117
.5116
.5115
.5114
.5113
.5112
.511
.5109
.5108
.5107
.5106
.5104
.5103
.5102
.51
.5099
.5098
.5096
.5095
.5093
.5092
.5091
.5089
.5088
.5086
.5085
.5083
.5081
.508
.5078
.5076
.5075
.5073
.5071
.5069
.5068
.5066
.5064
.5062
.506
.5058
.5056
.5054
.5052
.505
.5048
.5046
.5044
.5042
.5039
.5037
.5035
.5033
.503
.5028
.5025
.5023
.502
.5018
.5015
.5013
.501
.5007
.5005
.5002
.4999
.4996
.4994
.4991
.4988
.4985
.4982
.4979
.4975
.4972
.4969
.4966
.4963
.4959
.4956
.4952
.4949
.4945
.4942
.4938
.4935
.4931
.4927
.4923
.492
.4916
.4912
.4908
.4904
.49
.4896
.4891
.4887
.4883
.4878
.4874
.487
.4865
.4861
.4856
.4851
.4847
.4842
.4837
.4832
.4827
.4822
.4817
.4812
.4807
.4802
.4797
.4791
.4786
.4781
.4775
.477
.4764
.4759
.4753
.4747
.4741
.4736
.473
.4724
.4718
.4712
.4706
.4699
.4693
.4687
.4681
.4674
.4668
.4661
.4655
.4648
.4642
.4635
.4628
.4621
.4615
.4608
.4601
.4594
.4587
.458
.4572
.4565
.4558
.4551
.4543
.4536
.4529
.4521
.4514
.4506
.4498
.4491
.4483
.4475
.4467
.446
.4452
.4444
.4436
.4428
.442
.4412
.4404
.4395
.4387
.4379
.4371
.4362
.4354
.4346
.4337
.4329
.432
.4312
.4303
.4295
.4286
.4277
.4269
.426
.4251
.4242
.4233
.4225
.4216
.4207
.4198
.4189
.418
.4171
.4162
.4153
.4144
.4135
.4126
.4117
.4107
.4098
.4089
.408
.4071
.4061
.4052
.4043
.4034
.4024
.4015
.4006
.3996
.3987
.3977
.3968
.3959
.3949
.394
.393
.3921
.3912
.3902
.3893
.3883
.3874
.3864
.3855
.3845
.3836
.3826
.3817
.3807
.3798
.3788
.3779
.3769
.376
.375
.3741
.3731
.3722
.3712
.3703
.3693
.3684
.3674
.3665
.3655
.3646
.3636
.3627
.3617
.3608
.3598
.3589
.358
.357
.3561
.3551
.3542
.3533
.3523
.3514
.3504
.3495
.3486
.3476
.3467
.3458
.3449
.3439
.343
.3421
.3412
.3402
.3393
.3384
.3375
.3366
.3357
.3348
.3338
.3329
.332
.3311
.3302
.3293
.3284
.3275
.3266
.3257
.3248
.3239
.3231
.3222
.3213
.3204
.3195
.3186
.3178
.3169
.316
.3151
.3143
.3134
.3125
.3117
.3108
.31
.3091
.3082
.3074
.3065
.3057
.3049
.304
.3032
.3023
.3015
.3007
.2998
.299
.2982
.2973
.2965
.2957
.2949
.2941
.2933
.2924
.2916
.2908
.29
.2892
.2884
.2876
.2868
.286
.2852
.2845
.2837
.2829
.2821
.2813
.2806
.2798
.279
.2782
.2775
.2767
.276
.2752
.2744
.2737
.2729
.2722
.2714
.2707
.27
.2692
.2685
.2677
.267
.2663
.2656
.2648
.2641
.2634
.2627
.262
.2613
.2605
.2598
.2591
.2584
.2577
.257
.2563
.2556
.255
.2543
.2536
.2529
.2522
.2515
.2509
.2502
.2495
.2489
.2482
.2475
.2469
.2462
.2455
.2449
.2442
.2436
.2429
.2423
.2417
.241
.2404
.2397
.2391
.2385
.2379
.2372
.2366
.236
.2354
.2347
.2341
.2335
.2329
.2323
.2317
.2311
.2305
.2299
.2293
.2287
.2281
.2275
.2269
.2263
.2258
.2252
.2246
.224
.2235
.2229
.2223
.2217
.2212
.2206
.22
.2195
.2189
.2184
.2178
.2173
.2167
.2162
.2156
.2151
.2145
.214
.2135
.2129
.2124
.2119
.2113
.2108
.2103
.2098
.2092
.2087
.2082
.2077
.2072
.2067
.2062
.2057
.2052
.2046
.2041
.2036
.2031
.2027
.2022
.2017
.2012
.2007
.2002
.1997
.1992
.1988
.1983
.1978
.1973
.1968
.1964
.1959
.1954
.195
.1945
.194
.1936
.1931
.1927
.1922
.1917
.1913
.1908
.1904
.1899
.1895
.1891
.1886
.1882
.1877
.1873
.1869
.1864
.186
.1856
.1851
.1847
.1843
.1838
.1834
.183
.1826
.1822
.1817
.1813
.1809
.1805
.1801
.1797
.1793
.1789
.1785
.1781
.1776
.1772
.1768
.1764
.1761
.1757
.1753
.1749
.1745
.1741
.1737
.1733
.1729
.1725
.1722
.1718
.1714
.171
.1706
.1703
.1699
.1695
.1692
.1688
.1684
.168
.1677
.1673
.167
.1666
.1662
.1659
.1655
.1652
.1648
.1644
.1641
.1637
.1634
.163
.1627
.1623
.162
.1616
.1613
.161
.1606
.1603
.1599
.1596
.1593
.1589
.1586
.1583
.1579
.1576
.1573
.1569
.1566
.1563
.156
.1556
.1553
.155
.1547
.1544
.154
.1537
.1534
.1531
.1528
.1525
.1521
.1518
.1515
.1512
.1509
.1506
.1503
.15
.1497
.1494
.1491
.1488
.1485
.1482
.1479
.1476
.1473
.147
.1467
.1464
.1461
.1458
.1455
.1453
.145
.1447
.1444
.1441
.1438
.1435
.1433
.143
.1427
.1424
.1421
.1419
.1416
.1413
.141
.1408
.1405
.1402
.14
.1397
.1394
.1391
.1389
.1386
.1383
.1381
.1378
.1376
.1373
.137
.1368
.1365
.1363
.136
.1357
.1355
.1352
.135
.1347
.1345
.1342
.134
.1337
.1335
.1332
.133
.1327
.1325
.1322
.132
.1317
.1315
.1312
.131
.1308
.1305
.1303
.13
.1298
.1296
.1293
.1291
.1289
.1286
.1284
.1282
.1279
.1277
.1275
.1272
.127
.1268
.1265
.1263
.1261
.1259
.1256
.1254
.1252
.125
.1247
.1245
.1243
.1241
.1239
.1236
.1234
.1232
.123
.1228
.1226
.1223
.1221
.1219
.1217
.1215
.1213
.1211
.1209
.1206
.1204
.1202
.12
.1198
.1196
.1194
.1192
.119
.1188
.1186
.1184
.1182
.118
.1178
.1176
.1174
.1172
.117
.1168
.1166
.1164
.1162
.116
.1158
.1156
.1154
.1152
.115
.1148
.1146
.1144
.1142
.114
.1139
.1137
.1135
.1133
.1131
.1129
.1127
.1125
.1124
.1122
.112
.1118
.1116
.1114
.1113
.1111
.1109
.1107
.1105
.1103
.1102
.11
.1098
.1096
.1095
.1093
.1091
.1089
.1087
.1086
.1084
.1082
.1081
.1079
.1077
.1075
.1074
.1072
.107
.1069
.1067
.1065
.1063
.1062
.106
.1058
.1057
.1055
.1053
.1052
.105
.1048
.1047
.1045
.1044
.1042
.104
.1039
.1037
.1035
.1034
.1032
.1031
.1029
.1027
.1026
.1024
.1023
.1021
.102
.1018
.1016
.1015
.1013
.1012
.101
.1009
.1007
.1006
.1004
.1003
.1001
.1
.0998
.0997
.0995
.0994
.0992
.0991
.0989
.0988
.0986
.0985
.0983
.0982
.098
.0979
.0977
.0976
.0974
.0973
.0972
.097
.0969
.0967
.0966
.0964
.0963
.0962
.096
.0959
.0957
.0956
.0955
.0953
.0952
.095
.0949
.0948
.0946
.0945
.0944
.0942
.0941
.094
.0938
.0937
.0935
.0934
.0933
.0931
.093
.0929
.0927
.0926
.0925
.0924
.0922
.0921
.092
.0918
.0917
.0916
.0914
.0913
.0912
.0911
.0909
.0908
.0907
.0905
.0904
.0903
.0902
.09
.0899
.0898
.0897
.0895
.0894
.0893
.0892
.089
.0889
.0888
.0887
.0886
.0884
.0883
.0882
.0881
.0879
.0878
.0877
.0876
.0875
.0873
.0872
.0871
.087
.0869
.0868
.0866
.0865
.0864
.0863
.0862
.0861
.0859
.0858
.0857
.0856
.0855
.0854
.0853
.0851
.085
.0849
.0848
.0847
.0846
.0845
.0843
.0842
.0841
.084
.0839
.0838
.0837
.0836
.0835
.0834
.0832
.0831
.083
.0829
.0828
.0827
.0826
.0825
.0824
.0823
.0822
.0821
.082
.0818
.0817
.0816
.0815
.0814
.0813
.0812
.0811
.081
.0809
.0808
.0807
.0806
.0805
.0804
.0803
.0802
.0801
.08
.0799
.0798
.0797
.0796
.0795
.0794
.0793
.0792
.0791
.079
.0789
.0788
.0787
.0786
.0785
.0784
.0783
.0782
.0781
.078
.0779
.0778
.0777
.0776
.0775
.0774
.0773
.0772
.0771
.077
.0769
.0768
.0767
.0766
.0766
.0765
.0764
.0763
.0762
.0761
.076
.0759
.0758
.0757
.0756
.0755
.0754
.0754
.0753
.0752
.0751
.075
.0749
.0748
.0747
.0746
.0745
.0744
.0744
.0743
.0742
.0741
.074
.0739
.0738
.0737
.0737
.0736
.0735
.0734
.0733
.0732
.0731
.073
.073
.0729
.0728
.0727
.0726
.0725
.0724
.0724
.0723
.0722
.0721
.072
.0719
.0718
.0718
.0717
.0716
.0715
.0714
.0713
.0713
.0712
.0711
.071
.0709
.0709
.0708
.0707
.0706
.0705
.0704
.0704
.0703
.0702
.0701
.07
.07
.0699
.0698
.0697
.0696
.0696
.0695
.0694
.0693
.0693
.0692
.0691
.069
.0689
.0689
.0688
.0687
.0686
.0686
.0685
.0684
.0683
.0682
.0682
.0681
.068
.0679
.0679
.0678
.0677
.0676
.0676
.0675
.0674
.0673
.0673
.0672
.0671
.067
.067
.0669
.0668
.0668
.0667
.0666
.0665
.0665
.0664
.0663
.0662
.0662
.0661
.066
.066
.0659
.0658
.0657
.0657
.0656
.0655
.0655
.0654
.0653
.0652
.0652
.0651
.065
.065
.0649
.0648
.0648
.0647
.0646
.0645
.0645
.0644
.0643
.0643
.0642
.0641
.0641
.064
.0639
.0639
.0638
.0637
.0637
.0636
.0635
.0635
.0634
.0633
.0633
.0632
.0631
.0631
.063
.0629
.0629
.0628
.0627
.0627
.0626
.0625
.0625
.0624
.0623
.0623
.0622
.0621
.0621
.062
.0619
.0619
.0618
.0618
.0617
.0616
.0616
.0615
.0614
.0614
.0613
.0613
.0612
.0611
.0611
.061
.0609
.0609
.0608
.0608
.0607
.0606
.0606
.0605
.0604
.0604
.0603
.0603
.0602
.0601
.0601
.06
.06
.0599
.0598
.0598
.0597
.0597
.0596
.0595
.0595
.0594
.0594
.0593
.0592
.0592
.0591
.0591
.059
.0589
.0589
.0588
.0588
.0587
.0587
.0586
.0585
.0585
.0584
.0584
.0583
.0583
.0582
.0581
.0581
.058
.058
.0579
.0579
.0578
.0577
.0577
.0576
.0576
.0575
.0575
.0574
.0573
.0573
.0572
.0572
.0571
.0571
.057
.057
.0569
.0569
.0568
.0567
.0567
.0566
.0566
.0565
.0565
.0564
.0564
.0563
.0563
.0562
.0561
.0561
.056
.056
.0559
.0559
.0558
.0558
.0557
.0557
.0556
.0556
.0555
.0555
.0554
.0554
.0553
.0553
.0552
.0551
.0551
.055
.055
.0549
.0549
.0548
.0548
.0547
.0547
.0546
.0546
.0545
.0545
.0544
.0544
.0543
.0543
.0542
.0542
.0541
.0541
.054
.054
.0539
.0539
.0538
.0538
.0537
.0537
.0536
.0536
.0535
.0535
.0534
.0534
.0533
.0533
.0532
.0532
.0531
.0531
.053
.053
.0529
.0529
.0529
.0528
.0528
.0527
.0527
.0526
.0526
.0525
.0525
.0524
.0524
.0523
.0523
.0522
.0522
.0521
.0521
.0521
.052
.052
.0519
.0519
.0518
.0518
.0517
.0517
.0516
.0516
.0515
.0515
.0515
.0514
.0514
.0513
.0513
.0512
.0512
.0511
.0511
.051
.051
.051
.0509
.0509
.0508
.0508
.0507
.0507
.0506
.0506
.0506
.0505
.0505
.0504
.0504
.0503
.0503
.0502
.0502
.0502
.0501
.0501
.05
.05
