.5553
.5547
.5519
.5493
.5468
.5446
.5427
.5409
.5392
.5378
.5365
.5354
.5343
.5335
.5327
.532
.5314
.5308
.5304
.53
.5296
.5293
.5291
.5288
.5286
.5284
.5283
.5281
.528
.5279
.5277
.5276
.5275
.5275
.5274
.5273
.5272
.5271
.5271
.527
.5269
.5268
.5268
.5267
.5266
.5266
.5265
.5264
.5263
.5263
.5262
.5261
.5261
.526
.5259
.5258
.5258
.5257
.5256
.5256
.5255
.5254
.5253
.5252
.5252
.5251
.525
.5249
.5249
.5248
.5247
.5246
.5245
.5245
.5244
.5243
.5242
.5241
.524
.5239
.5239
.5238
.5237
.5236
.5235
.5234
.5233
.5232
.5232
.5231
.523
.5229
.5228
.5227
.5226
.5225
.5224
.5223
.5222
.5221
.522
.5219
.5218
.5217
.5216
.5215
.5214
.5213
.5212
.5211
.521
.5209
.5208
.5207
.5205
.5204
.5203
.5202
.5201
.52
.5199
.5197
.5196
.5195
.5194
.5193
.5191
.519
.5189
.5188
.5186
.5185
.5184
.5183
.5181
.518
.5179
.5177
.5176
.5174
.5173
.5172
.517
.5169
.5167
.5166
.5164
.5163
.5161
.516
.5158
.5157
.5155
.5154
.5152
.515
.5149
.5147
.5145
.5144
.5142
.514
.5139
.5137
.5135
.5133
.5131
.513
.5128
.5126
.5124
.5122
.512
.5118
.5116
.5114
.5112
.511
.5108
.5106
.5104
.5102
.51
.5097
.5095
.5093
.5091
.5088
.5086
.5084
.5081
.5079
.5077
.5074
.5072
.5069
.5067
.5064
.5062
.5059
.5056
.5054
.5051
.5048
.5046
.5043
.504
.5037
.5034
.5032
.5029
.5026
.5023
.502
.5017
.5014
.5011
.5007
.5004
.5001
.4998
.4994
.4991
.4988
.4984
.4981
.4978
.4974
.4971
.4967
.4964
.496
.4956
.4953
.4949
.4945
.4941
.4937
.4934
.493
.4926
.4922
.4918
.4914
.491
.4905
.4901
.4897
.4893
.4889
.4884
.488
.4875
.4871
.4867
.4862
.4857
.4853
.4848
.4844
.4839
.4834
.4829
.4824
.482
.4815
.481
.4805
.48
.4795
.479
.4784
.4779
.4774
.4769
.4763
.4758
.4753
.4747
.4742
.4736
.4731
.4725
.472
.4714
.4708
.4703
.4697
.4691
.4685
.468
.4674
.4668
.4662
.4656
.465
.4644
.4638
.4631
.4625
.4619
.4613
.4607
.46
.4594
.4588
.4581
.4575
.4568
.4562
.4555
.4549
.4542
.4535
.4529
.4522
.4515
.4509
.4502
.4495
.4488
.4482
.4475
.4468
.4461
.4454
.4447
.444
.4433
.4426
.4419
.4412
.4405
.4398
.4391
.4383
.4376
.4369
.4362
.4355
.4347
.434
.4333
.4325
.4318
.4311
.4303
.4296
.4289
.4281
.4274
.4266
.4259
.4251
.4244
.4237
.4229
.4222
.4214
.4206
.4199
.4191
.4184
.4176
.4169
.4161
.4154
.4146
.4138
.4131
.4123
.4116
.4108
.41
.4093
.4085
.4077
.407
.4062
.4055
.4047
.4039
.4032
.4024
.4016
.4009
.4001
.3993
.3986
.3978
.3971
.3963
.3955
.3948
.394
.3932
.3925
.3917
.391
.3902
.3894
.3887
.3879
.3872
.3864
.3856
.3849
.3841
.3834
.3826
.3819
.3811
.3804
.3796
.3789
.3781
.3774
.3766
.3759
.3751
.3744
.3736
.3729
.3722
.3714
.3707
.3699
.3692
.3685
.3677
.367
.3663
.3655
.3648
.3641
.3633
.3626
.3619
.3612
.3605
.3597
.359
.3583
.3576
.3569
.3561
.3554
.3547
.354
.3533
.3526
.3519
.3512
.3505
.3498
.3491
.3484
.3477
.347
.3463
.3456
.3449
.3442
.3435
.3429
.3422
.3415
.3408
.3401
.3395
.3388
.3381
.3374
.3368
.3361
.3354
.3347
.3341
.3334
.3328
.3321
.3314
.3308
.3301
.3295
.3288
.3282
.3275
.3269
.3262
.3256
.3249
.3243
.3237
.323
.3224
.3217
.3211
.3205
.3199
.3192
.3186
.318
.3174
.3167
.3161
.3155
.3149
.3143
.3136
.313
.3124
.3118
.3112
.3106
.31
.3094
.3088
.3082
.3076
.307
.3064
.3058
.3052
.3046
.3041
.3035
.3029
.3023
.3017
.3011
.3006
.3
.2994
.2988
.2983
.2977
.2971
.2966
.296
.2954
.2949
.2943
.2938
.2932
.2927
.2921
.2915
.291
.2904
.2899
.2894
.2888
.2883
.2877
.2872
.2866
.2861
.2856
.285
.2845
.284
.2835
.2829
.2824
.2819
.2814
.2808
.2803
.2798
.2793
.2788
.2783
.2777
.2772
.2767
.2762
.2757
.2752
.2747
.2742
.2737
.2732
.2727
.2722
.2717
.2712
.2707
.2702
.2698
.2693
.2688
.2683
.2678
.2673
.2669
.2664
.2659
.2654
.265
.2645
.264
.2635
.2631
.2626
.2621
.2617
.2612
.2608
.2603
.2598
.2594
.2589
.2585
.258
.2576
.2571
.2567
.2562
.2558
.2553
.2549
.2544
.254
.2536
.2531
.2527
.2522
.2518
.2514
.2509
.2505
.2501
.2497
.2492
.2488
.2484
.248
.2475
.2471
.2467
.2463
.2459
.2454
.245
.2446
.2442
.2438
.2434
.243
.2426
.2422
.2418
.2413
.2409
.2405
.2401
.2397
.2393
.2389
.2386
.2382
.2378
.2374
.237
.2366
.2362
.2358
.2354
.235
.2347
.2343
.2339
.2335
.2331
.2328
.2324
.232
.2316
.2313
.2309
.2305
.2301
.2298
.2294
.229
.2287
.2283
.2279
.2276
.2272
.2268
.2265
.2261
.2258
.2254
.2251
.2247
.2243
.224
.2236
.2233
.2229
.2226
.2222
.2219
.2215
.2212
.2209
.2205
.2202
.2198
.2195
.2191
.2188
.2185
.2181
.2178
.2175
.2171
.2168
.2165
.2161
.2158
.2155
.2151
.2148
.2145
.2142
.2138
.2135
.2132
.2129
.2125
.2122
.2119
.2116
.2113
.211
.2106
.2103
.21
.2097
.2094
.2091
.2088
.2085
.2081
.2078
.2075
.2072
.2069
.2066
.2063
.206
.2057
.2054
.2051
.2048
.2045
.2042
.2039
.2036
.2033
.203
.2027
.2024
.2021
.2018
.2015
.2013
.201
.2007
.2004
.2001
.1998
.1995
.1992
.199
.1987
.1984
.1981
.1978
.1975
.1973
.197
.1967
.1964
.1961
.1959
.1956
.1953
.195
.1948
.1945
.1942
.194
.1937
.1934
.1931
.1929
.1926
.1923
.1921
.1918
.1915
.1913
.191
.1907
.1905
.1902
.19
.1897
.1894
.1892
.1889
.1887
.1884
.1881
.1879
.1876
.1874
.1871
.1869
.1866
.1864
.1861
.1858
.1856
.1853
.1851
.1848
.1846
.1844
.1841
.1839
.1836
.1834
.1831
.1829
.1826
.1824
.1821
.1819
.1817
.1814
.1812
.1809
.1807
.1805
.1802
.18
.1797
.1795
.1793
.179
.1788
.1786
.1783
.1781
.1779
.1776
.1774
.1772
.1769
.1767
.1765
.1763
.176
.1758
.1756
.1753
.1751
.1749
.1747
.1744
.1742
.174
.1738
.1735
.1733
.1731
.1729
.1727
.1724
.1722
.172
.1718
.1716
.1713
.1711
.1709
.1707
.1705
.1703
.17
.1698
.1696
.1694
.1692
.169
.1688
.1686
.1683
.1681
.1679
.1677
.1675
.1673
.1671
.1669
.1667
.1665
.1663
.166
.1658
.1656
.1654
.1652
.165
.1648
.1646
.1644
.1642
.164
.1638
.1636
.1634
.1632
.163
.1628
.1626
.1624
.1622
.162
.1618
.1616
.1614
.1612
.161
.1608
.1606
.1604
.1602
.1601
.1599
.1597
.1595
.1593
.1591
.1589
.1587
.1585
.1583
.1581
.1579
.1578
.1576
.1574
.1572
.157
.1568
.1566
.1564
.1563
.1561
.1559
.1557
.1555
.1553
.1551
.155
.1548
.1546
.1544
.1542
.154
.1539
.1537
.1535
.1533
.1531
.153
.1528
.1526
.1524
.1522
.1521
.1519
.1517
.1515
.1514
.1512
.151
.1508
.1507
.1505
.1503
.1501
.15
.1498
.1496
.1494
.1493
.1491
.1489
.1487
.1486
.1484
.1482
.1481
.1479
.1477
.1476
.1474
.1472
.147
.1469
.1467
.1465
.1464
.1462
.146
.1459
.1457
.1455
.1454
.1452
.145
.1449
.1447
.1445
.1444
.1442
.1441
.1439
.1437
.1436
.1434
.1432
.1431
.1429
.1428
.1426
.1424
.1423
.1421
.142
.1418
.1416
.1415
.1413
.1412
.141
.1408
.1407
.1405
.1404
.1402
.1401
.1399
.1397
.1396
.1394
.1393
.1391
.139
.1388
.1387
.1385
.1384
.1382
.138
.1379
.1377
.1376
.1374
.1373
.1371
.137
.1368
.1367
.1365
.1364
.1362
.1361
.1359
.1358
.1356
.1355
.1353
.1352
.135
.1349
.1347
.1346
.1344
.1343
.1341
.134
.1339
.1337
.1336
.1334
.1333
.1331
.133
.1328
.1327
.1325
.1324
.1323
.1321
.132
.1318
.1317
.1315
.1314
.1313
.1311
.131
.1308
.1307
.1305
.1304
.1303
.1301
.13
.1298
.1297
.1296
.1294
.1293
.1291
.129
.1289
.1287
.1286
.1284
.1283
.1282
.128
.1279
.1278
.1276
.1275
.1273
.1272
.1271
.1269
.1268
.1267
.1265
.1264
.1263
.1261
.126
.1259
.1257
.1256
.1255
.1253
.1252
.1251
.1249
.1248
.1247
.1245
.1244
.1243
.1241
.124
.1239
.1237
.1236
.1235
.1233
.1232
.1231
.1229
.1228
.1227
.1225
.1224
.1223
.1222
.122
.1219
.1218
.1216
.1215
.1214
.1213
.1211
.121
.1209
.1207
.1206
.1205
.1204
.1202
.1201
.12
.1199
.1197
.1196
.1195
.1194
.1192
.1191
.119
.1189
.1187
.1186
.1185
.1184
.1182
.1181
.118
.1179
.1177
.1176
.1175
.1174
.1172
.1171
.117
.1169
.1167
.1166
.1165
.1164
.1163
.1161
.116
.1159
.1158
.1157
.1155
.1154
.1153
.1152
.115
.1149
.1148
.1147
.1146
.1145
.1143
.1142
.1141
.114
.1139
.1137
.1136
.1135
.1134
.1133
.1131
.113
.1129
.1128
.1127
.1126
.1124
.1123
.1122
.1121
.112
.1119
.1117
.1116
.1115
.1114
.1113
.1112
.111
.1109
.1108
.1107
.1106
.1105
.1104
.1102
.1101
.11
.1099
.1098
.1097
.1096
.1094
.1093
.1092
.1091
.109
.1089
.1088
.1086
.1085
.1084
.1083
.1082
.1081
.108
.1079
.1077
.1076
.1075
.1074
.1073
.1072
.1071
.107
.1069
.1067
.1066
.1065
.1064
.1063
.1062
.1061
.106
.1059
.1058
.1056
.1055
.1054
.1053
.1052
.1051
.105
.1049
.1048
.1047
.1046
.1045
.1043
.1042
.1041
.104
.1039
.1038
.1037
.1036
.1035
.1034
.1033
.1032
.1031
.103
.1028
.1027
.1026
.1025
.1024
.1023
.1022
.1021
.102
.1019
.1018
.1017
.1016
.1015
.1014
.1013
.1012
.1011
.1009
.1008
.1007
.1006
.1005
.1004
.1003
.1002
.1001
.1
.0999
.0998
.0997
.0996
.0995
.0994
.0993
.0992
.0991
.099
.0989
.0988
.0987
.0986
.0985
.0984
.0983
.0982
.0981
.098
.0979
.0978
.0977
.0976
.0975
.0974
.0973
.0972
.0971
.097
.0969
.0968
.0967
.0966
.0965
.0964
.0963
.0962
.0961
.096
.0959
.0958
.0957
.0956
.0955
.0954
.0953
.0952
.0951
.095
.0949
.0948
.0947
.0946
.0945
.0944
.0943
.0942
.0941
.094
.0939
.0938
.0937
.0936
.0935
.0934
.0933
.0933
.0932
.0931
.093
.0929
.0928
.0927
.0926
.0925
.0924
.0923
.0922
.0921
.092
.0919
.0918
.0917
.0916
.0915
.0914
.0914
.0913
.0912
.0911
.091
.0909
.0908
.0907
.0906
.0905
.0904
.0903
.0902
.0901
.0901
.09
.0899
.0898
.0897
.0896
.0895
.0894
.0893
.0892
.0891
.089
.089
.0889
.0888
.0887
.0886
.0885
.0884
.0883
.0882
.0881
.0881
.088
.0879
.0878
.0877
.0876
.0875
.0874
.0873
.0872
.0872
.0871
.087
.0869
.0868
.0867
.0866
.0865
.0865
.0864
.0863
.0862
.0861
.086
.0859
.0858
.0858
.0857
.0856
.0855
.0854
.0853
.0852
.0851
.0851
.085
.0849
.0848
.0847
.0846
.0845
.0845
.0844
.0843
.0842
.0841
.084
.084
.0839
.0838
.0837
.0836
.0835
.0834
.0834
.0833
.0832
.0831
.083
.0829
.0829
.0828
.0827
.0826
.0825
.0824
.0824
.0823
.0822
.0821
.082
.082
.0819
.0818
.0817
.0816
.0815
.0815
.0814
.0813
.0812
.0811
.0811
.081
.0809
.0808
.0807
.0807
.0806
.0805
.0804
.0803
.0803
.0802
.0801
.08
.0799
.0799
.0798
.0797
.0796
.0795
.0795
.0794
.0793
.0792
.0791
.0791
.079
.0789
.0788
.0788
.0787
.0786
.0785
.0785
.0784
.0783
.0782
.0781
.0781
.078
.0779
.0778
.0778
.0777
.0776
.0775
.0775
.0774
.0773
.0772
.0772
.0771
.077
.0769
.0769
.0768
.0767
.0766
.0766
.0765
.0764
.0763
.0763
.0762
.0761
.076
.076
.0759
.0758
.0757
.0757
.0756
.0755
.0755
.0754
.0753
.0752
.0752
.0751
.075
.0749
.0749
.0748
.0747
.0747
.0746
.0745
.0744
.0744
.0743
.0742
.0742
.0741
.074
.0739
.0739
.0738
.0737
.0737
.0736
.0735
.0735
.0734
.0733
.0733
.0732
.0731
.073
.073
.0729
.0728
.0728
.0727
.0726
.0726
.0725
.0724
.0724
.0723
.0722
.0722
.0721
.072
.072
.0719
.0718
.0718
.0717
.0716
.0716
.0715
.0714
.0714
.0713
.0712
.0712
.0711
.071
.071
.0709
.0708
.0708
.0707
.0706
.0706
.0705
.0704
.0704
.0703
.0702
.0702
.0701
.07
.07
.0699
.0699
.0698
.0697
.0697
.0696
.0695
.0695
.0694
.0693
.0693
.0692
.0692
.0691
.069
.069
.0689
.0688
.0688
.0687
.0687
.0686
.0685
.0685
.0684
.0683
.0683
.0682
.0682
.0681
.068
.068
.0679
.0679
.0678
.0677
.0677
.0676
.0676
.0675
.0674
.0674
.0673
.0673
.0672
.0671
.0671
.067
.067
.0669
.0668
.0668
.0667
.0667
.0666
.0665
.0665
.0664
.0664
.0663
.0662
.0662
.0661
.0661
.066
.066
.0659
.0658
.0658
.0657
.0657
.0656
.0656
.0655
.0654
.0654
.0653
.0653
.0652
.0652
.0651
.065
.065
.0649
.0649
.0648
.0648
.0647
.0647
.0646
.0645
.0645
.0644
.0644
.0643
.0643
.0642
.0642
.0641
.064
.064
.0639
.0639
.0638
.0638
.0637
.0637
.0636
.0636
.0635
.0635
.0634
.0633
.0633
.0632
.0632
.0631
.0631
.063
.063
.0629
.0629
.0628
.0628
.0627
.0627
.0626
.0626
.0625
.0624
.0624
.0623
.0623
.0622
.0622
.0621
.0621
.062
.062
.0619
.0619
.0618
.0618
.0617
.0617
.0616
.0616
.0615
.0615
.0614
.0614
.0613
.0613
.0612
.0612
.0611
.0611
.061
.061
.0609
.0609
.0608
.0608
.0607
.0607
.0606
.0606
.0605
.0605
.0604
.0604
.0603
.0603
.0602
.0602
.0601
.0601
.06
.06
.0599
.0599
.0598
.0598
.0597
.0597
.0597
.0596
.0596
.0595
.0595
.0594
.0594
.0593
.0593
.0592
.0592
.0591
.0591
.059
.059
.0589
.0589
.0589
.0588
.0588
.0587
.0587
.0586
.0586
.0585
.0585
.0584
.0584
.0583
.0583
.0583
.0582
.0582
.0581
.0581
.058
.058
.0579
.0579
.0578
.0578
.0578
.0577
.0577
.0576
.0576
.0575
.0575
.0574
.0574
.0574
.0573
.0573
.0572
.0572
.0571
.0571
.057
.057
.057
.0569
.0569
.0568
.0568
.0567
.0567
.0567
.0566
.0566
.0565
.0565
.0564
.0564
.0564
.0563
.0563
.0562
.0562
.0561
.0561
.0561
.056
.056
.0559
.0559
.0558
.0558
.0558
.0557
.0557
.0556
.0556
.0556
.0555
.0555
.0554
.0554
.0553
.0553
.0553
.0552
.0552
.0551
.0551
.0551
.055
.055
.0549
.0549
.0549
.0548
.0548
.0547
.0547
.0547
.0546
.0546
.0545
.0545
.0544
.0544
.0544
.0543
.0543
.0542
.0542
.0542
.0541
.0541
.0541
.054
.054
.0539
.0539
.0539
.0538
.0538
.0537
.0537
.0537
.0536
.0536
.0535
.0535
.0535
.0534
.0534
.0533
.0533
.0533
.0532
.0532
.0532
.0531
.0531
.053
.053
.053
.0529
.0529
.0529
.0528
.0528
.0527
.0527
.0527
.0526
.0526
.0526
.0525
.0525
.0524
.0524
.0524
.0523
.0523
.0523
.0522
.0522
.0521
.0521
.0521
.052
.052
.052
.0519
.0519
.0518
.0518
.0518
.0517
.0517
.0517
.0516
.0516
.0516
.0515
.0515
.0515
.0514
.0514
.0513
.0513
.0513
.0512
.0512
.0512
.0511
.0511
.0511
.051
.051
.051
.0509
.0509
.0508
.0508
.0508
.0507
.0507
.0507
.0506
.0506
.0506
.0505
.0505
.0505
.0504
.0504
.0504
.0503
.0503
.0503
.0502
.0502
.0502
.0501
.0501
.0501
.05
.05
