.5557
.556
.5552
.5544
.5537
.553
.5523
.5516
.5509
.5503
.5497
.5491
.5486
.5481
.5476
.5471
.5466
.5462
.5458
.5454
.545
.5447
.5443
.544
.5437
.5434
.5431
.5429
.5426
.5424
.5422
.5419
.5417
.5415
.5413
.5412
.541
.5408
.5407
.5405
.5404
.5402
.5401
.5399
.5398
.5397
.5396
.5394
.5393
.5392
.5391
.539
.5389
.5388
.5387
.5386
.5385
.5384
.5383
.5382
.5381
.538
.5379
.5378
.5377
.5376
.5375
.5374
.5373
.5372
.5371
.537
.5369
.5368
.5367
.5366
.5365
.5364
.5363
.5362
.5361
.5361
.536
.5359
.5358
.5357
.5356
.5355
.5354
.5353
.5352
.5351
.535
.5349
.5347
.5346
.5345
.5344
.5343
.5342
.5341
.534
.5339
.5338
.5337
.5336
.5335
.5334
.5332
.5331
.533
.5329
.5328
.5327
.5326
.5324
.5323
.5322
.5321
.532
.5318
.5317
.5316
.5315
.5314
.5312
.5311
.531
.5309
.5307
.5306
.5305
.5303
.5302
.5301
.5299
.5298
.5297
.5295
.5294
.5293
.5291
.529
.5289
.5287
.5286
.5284
.5283
.5281
.528
.5279
.5277
.5276
.5274
.5273
.5271
.527
.5268
.5267
.5265
.5263
.5262
.526
.5259
.5257
.5255
.5254
.5252
.5251
.5249
.5247
.5245
.5244
.5242
.524
.5239
.5237
.5235
.5233
.5232
.523
.5228
.5226
.5224
.5222
.5221
.5219
.5217
.5215
.5213
.5211
.5209
.5207
.5205
.5203
.5201
.5199
.5197
.5195
.5193
.5191
.5188
.5186
.5184
.5182
.518
.5177
.5175
.5173
.5171
.5168
.5166
.5164
.5161
.5159
.5156
.5154
.5152
.5149
.5147
.5144
.5141
.5139
.5136
.5134
.5131
.5128
.5126
.5123
.512
.5117
.5115
.5112
.5109
.5106
.5103
.51
.5097
.5094
.5091
.5088
.5085
.5082
.5079
.5076
.5072
.5069
.5066
.5062
.5059
.5056
.5052
.5049
.5045
.5042
.5038
.5035
.5031
.5027
.5024
.502
.5016
.5012
.5009
.5005
.5001
.4997
.4993
.4989
.4985
.498
.4976
.4972
.4968
.4964
.4959
.4955
.495
.4946
.4941
.4937
.4932
.4928
.4923
.4918
.4913
.4908
.4904
.4899
.4894
.4889
.4884
.4878
.4873
.4868
.4863
.4857
.4852
.4847
.4841
.4836
.483
.4825
.4819
.4813
.4807
.4802
.4796
.479
.4784
.4778
.4772
.4766
.4759
.4753
.4747
.474
.4734
.4728
.4721
.4715
.4708
.4701
.4695
.4688
.4681
.4674
.4667
.466
.4653
.4646
.4639
.4631
.4624
.4617
.4609
.4602
.4595
.4587
.4579
.4572
.4564
.4556
.4548
.454
.4532
.4524
.4516
.4508
.45
.4492
.4484
.4475
.4467
.4458
.445
.4441
.4433
.4424
.4415
.4407
.4398
.4389
.438
.4371
.4362
.4353
.4344
.4335
.4325
.4316
.4307
.4297
.4288
.4278
.4269
.4259
.425
.424
.423
.422
.4211
.4201
.4191
.4181
.4171
.4161
.4151
.4141
.4131
.412
.411
.41
.409
.4079
.4069
.4059
.4048
.4038
.4027
.4017
.4006
.3996
.3985
.3975
.3964
.3953
.3943
.3932
.3921
.391
.39
.3889
.3878
.3867
.3857
.3846
.3835
.3824
.3813
.3802
.3792
.3781
.377
.3759
.3748
.3737
.3726
.3715
.3705
.3694
.3683
.3672
.3661
.365
.3639
.3629
.3618
.3607
.3596
.3585
.3575
.3564
.3553
.3543
.3532
.3521
.3511
.35
.3489
.3479
.3468
.3458
.3447
.3437
.3426
.3416
.3405
.3395
.3385
.3374
.3364
.3354
.3344
.3334
.3323
.3313
.3303
.3293
.3283
.3273
.3263
.3253
.3244
.3234
.3224
.3214
.3205
.3195
.3185
.3176
.3166
.3157
.3147
.3138
.3128
.3119
.311
.3101
.3091
.3082
.3073
.3064
.3055
.3046
.3037
.3028
.3019
.301
.3002
.2993
.2984
.2976
.2967
.2958
.295
.2941
.2933
.2925
.2916
.2908
.29
.2891
.2883
.2875
.2867
.2859
.2851
.2843
.2835
.2827
.2819
.2812
.2804
.2796
.2788
.2781
.2773
.2766
.2758
.2751
.2743
.2736
.2729
.2721
.2714
.2707
.27
.2693
.2685
.2678
.2671
.2664
.2657
.2651
.2644
.2637
.263
.2623
.2617
.261
.2603
.2597
.259
.2584
.2577
.2571
.2564
.2558
.2551
.2545
.2539
.2533
.2526
.252
.2514
.2508
.2502
.2496
.249
.2484
.2478
.2472
.2466
.2461
.2455
.2449
.2443
.2438
.2432
.2426
.2421
.2415
.241
.2404
.2399
.2393
.2388
.2382
.2377
.2372
.2366
.2361
.2356
.2351
.2345
.234
.2335
.233
.2325
.232
.2315
.231
.2305
.23
.2295
.229
.2286
.2281
.2276
.2271
.2266
.2262
.2257
.2252
.2248
.2243
.2239
.2234
.223
.2225
.2221
.2216
.2212
.2207
.2203
.2199
.2194
.219
.2186
.2181
.2177
.2173
.2169
.2165
.216
.2156
.2152
.2148
.2144
.214
.2136
.2132
.2128
.2124
.212
.2116
.2112
.2108
.2104
.2101
.2097
.2093
.2089
.2085
.2082
.2078
.2074
.2071
.2067
.2063
.206
.2056
.2052
.2049
.2045
.2042
.2038
.2035
.2031
.2028
.2024
.2021
.2017
.2014
.2011
.2007
.2004
.2
.1997
.1994
.1991
.1987
.1984
.1981
.1977
.1974
.1971
.1968
.1965
.1961
.1958
.1955
.1952
.1949
.1946
.1943
.194
.1937
.1934
.193
.1927
.1924
.1921
.1918
.1916
.1913
.191
.1907
.1904
.1901
.1898
.1895
.1892
.1889
.1886
.1884
.1881
.1878
.1875
.1872
.1869
.1867
.1864
.1861
.1858
.1856
.1853
.185
.1848
.1845
.1842
.1839
.1837
.1834
.1831
.1829
.1826
.1824
.1821
.1818
.1816
.1813
.1811
.1808
.1805
.1803
.18
.1798
.1795
.1793
.179
.1788
.1785
.1783
.178
.1778
.1775
.1773
.177
.1768
.1765
.1763
.1761
.1758
.1756
.1753
.1751
.1748
.1746
.1744
.1741
.1739
.1737
.1734
.1732
.173
.1727
.1725
.1723
.172
.1718
.1716
.1713
.1711
.1709
.1706
.1704
.1702
.17
.1697
.1695
.1693
.1691
.1688
.1686
.1684
.1682
.1679
.1677
.1675
.1673
.1671
.1668
.1666
.1664
.1662
.166
.1658
.1655
.1653
.1651
.1649
.1647
.1645
.1642
.164
.1638
.1636
.1634
.1632
.163
.1628
.1625
.1623
.1621
.1619
.1617
.1615
.1613
.1611
.1609
.1607
.1605
.1602
.16
.1598
.1596
.1594
.1592
.159
.1588
.1586
.1584
.1582
.158
.1578
.1576
.1574
.1572
.157
.1568
.1566
.1564
.1562
.156
.1558
.1556
.1554
.1552
.155
.1548
.1546
.1544
.1542
.154
.1538
.1536
.1534
.1532
.153
.1528
.1526
.1524
.1523
.1521
.1519
.1517
.1515
.1513
.1511
.1509
.1507
.1505
.1503
.1501
.1499
.1497
.1496
.1494
.1492
.149
.1488
.1486
.1484
.1482
.148
.1479
.1477
.1475
.1473
.1471
.1469
.1467
.1465
.1464
.1462
.146
.1458
.1456
.1454
.1452
.1451
.1449
.1447
.1445
.1443
.1441
.1439
.1438
.1436
.1434
.1432
.143
.1428
.1427
.1425
.1423
.1421
.1419
.1418
.1416
.1414
.1412
.141
.1409
.1407
.1405
.1403
.1401
.14
.1398
.1396
.1394
.1392
.1391
.1389
.1387
.1385
.1384
.1382
.138
.1378
.1376
.1375
.1373
.1371
.1369
.1368
.1366
.1364
.1362
.1361
.1359
.1357
.1355
.1354
.1352
.135
.1348
.1347
.1345
.1343
.1341
.134
.1338
.1336
.1335
.1333
.1331
.1329
.1328
.1326
.1324
.1323
.1321
.1319
.1317
.1316
.1314
.1312
.1311
.1309
.1307
.1306
.1304
.1302
.1301
.1299
.1297
.1295
.1294
.1292
.129
.1289
.1287
.1285
.1284
.1282
.128
.1279
.1277
.1275
.1274
.1272
.1271
.1269
.1267
.1266
.1264
.1262
.1261
.1259
.1257
.1256
.1254
.1252
.1251
.1249
.1248
.1246
.1244
.1243
.1241
.124
.1238
.1236
.1235
.1233
.1231
.123
.1228
.1227
.1225
.1223
.1222
.122
.1219
.1217
.1215
.1214
.1212
.1211
.1209
.1208
.1206
.1204
.1203
.1201
.12
.1198
.1197
.1195
.1193
.1192
.119
.1189
.1187
.1186
.1184
.1183
.1181
.118
.1178
.1176
.1175
.1173
.1172
.117
.1169
.1167
.1166
.1164
.1163
.1161
.116
.1158
.1157
.1155
.1154
.1152
.1151
.1149
.1148
.1146
.1145
.1143
.1142
.114
.1139
.1137
.1136
.1134
.1133
.1131
.113
.1128
.1127
.1125
.1124
.1122
.1121
.1119
.1118
.1116
.1115
.1114
.1112
.1111
.1109
.1108
.1106
.1105
.1103
.1102
.11
.1099
.1098
.1096
.1095
.1093
.1092
.109
.1089
.1088
.1086
.1085
.1083
.1082
.1081
.1079
.1078
.1076
.1075
.1074
.1072
.1071
.1069
.1068
.1067
.1065
.1064
.1062
.1061
.106
.1058
.1057
.1055
.1054
.1053
.1051
.105
.1049
.1047
.1046
.1045
.1043
.1042
.104
.1039
.1038
.1036
.1035
.1034
.1032
.1031
.103
.1028
.1027
.1026
.1024
.1023
.1022
.102
.1019
.1018
.1016
.1015
.1014
.1012
.1011
.101
.1009
.1007
.1006
.1005
.1003
.1002
.1001
.0999
.0998
.0997
.0996
.0994
.0993
.0992
.099
.0989
.0988
.0987
.0985
.0984
.0983
.0982
.098
.0979
.0978
.0977
.0975
.0974
.0973
.0972
.097
.0969
.0968
.0967
.0965
.0964
.0963
.0962
.096
.0959
.0958
.0957
.0955
.0954
.0953
.0952
.0951
.0949
.0948
.0947
.0946
.0945
.0943
.0942
.0941
.094
.0939
.0937
.0936
.0935
.0934
.0933
.0931
.093
.0929
.0928
.0927
.0926
.0924
.0923
.0922
.0921
.092
.0919
.0917
.0916
.0915
.0914
.0913
.0912
.091
.0909
.0908
.0907
.0906
.0905
.0904
.0902
.0901
.09
.0899
.0898
.0897
.0896
.0895
.0893
.0892
.0891
.089
.0889
.0888
.0887
.0886
.0885
.0883
.0882
.0881
.088
.0879
.0878
.0877
.0876
.0875
.0874
.0872
.0871
.087
.0869
.0868
.0867
.0866
.0865
.0864
.0863
.0862
.0861
.086
.0859
.0857
.0856
.0855
.0854
.0853
.0852
.0851
.085
.0849
.0848
.0847
.0846
.0845
.0844
.0843
.0842
.0841
.084
.0839
.0838
.0837
.0836
.0835
.0834
.0833
.0832
.0831
.083
.0829
.0828
.0827
.0826
.0825
.0824
.0823
.0822
.0821
.082
.0819
.0818
.0817
.0816
.0815
.0814
.0813
.0812
.0811
.081
.0809
.0808
.0807
.0806
.0805
.0804
.0803
.0802
.0801
.08
.0799
.0798
.0797
.0796
.0795
.0794
.0793
.0792
.0791
.079
.079
.0789
.0788
.0787
.0786
.0785
.0784
.0783
.0782
.0781
.078
.0779
.0778
.0777
.0776
.0776
.0775
.0774
.0773
.0772
.0771
.077
.0769
.0768
.0767
.0766
.0766
.0765
.0764
.0763
.0762
.0761
.076
.0759
.0758
.0758
.0757
.0756
.0755
.0754
.0753
.0752
.0751
.075
.075
.0749
.0748
.0747
.0746
.0745
.0744
.0744
.0743
.0742
.0741
.074
.0739
.0738
.0738
.0737
.0736
.0735
.0734
.0733
.0732
.0732
.0731
.073
.0729
.0728
.0727
.0727
.0726
.0725
.0724
.0723
.0722
.0722
.0721
.072
.0719
.0718
.0717
.0717
.0716
.0715
.0714
.0713
.0713
.0712
.0711
.071
.0709
.0709
.0708
.0707
.0706
.0705
.0705
.0704
.0703
.0702
.0701
.0701
.07
.0699
.0698
.0698
.0697
.0696
.0695
.0694
.0694
.0693
.0692
.0691
.0691
.069
.0689
.0688
.0687
.0687
.0686
.0685
.0684
.0684
.0683
.0682
.0681
.0681
.068
.0679
.0678
.0678
.0677
.0676
.0675
.0675
.0674
.0673
.0672
.0672
.0671
.067
.0669
.0669
.0668
.0667
.0667
.0666
.0665
.0664
.0664
.0663
.0662
.0661
.0661
.066
.0659
.0659
.0658
.0657
.0656
.0656
.0655
.0654
.0654
.0653
.0652
.0651
.0651
.065
.0649
.0649
.0648
.0647
.0647
.0646
.0645
.0644
.0644
.0643
.0642
.0642
.0641
.064
.064
.0639
.0638
.0638
.0637
.0636
.0636
.0635
.0634
.0634
.0633
.0632
.0632
.0631
.063
.063
.0629
.0628
.0628
.0627
.0626
.0626
.0625
.0624
.0624
.0623
.0622
.0622
.0621
.062
.062
.0619
.0618
.0618
.0617
.0616
.0616
.0615
.0614
.0614
.0613
.0613
.0612
.0611
.0611
.061
.0609
.0609
.0608
.0607
.0607
.0606
.0606
.0605
.0604
.0604
.0603
.0602
.0602
.0601
.0601
.06
.0599
.0599
.0598
.0597
.0597
.0596
.0596
.0595
.0594
.0594
.0593
.0593
.0592
.0591
.0591
.059
.059
.0589
.0588
.0588
.0587
.0587
.0586
.0585
.0585
.0584
.0584
.0583
.0582
.0582
.0581
.0581
.058
.0579
.0579
.0578
.0578
.0577
.0577
.0576
.0575
.0575
.0574
.0574
.0573
.0572
.0572
.0571
.0571
.057
.057
.0569
.0568
.0568
.0567
.0567
.0566
.0566
.0565
.0565
.0564
.0563
.0563
.0562
.0562
.0561
.0561
.056
.056
.0559
.0558
.0558
.0557
.0557
.0556
.0556
.0555
.0555
.0554
.0553
.0553
.0552
.0552
.0551
.0551
.055
.055
.0549
.0549
.0548
.0548
.0547
.0546
.0546
.0545
.0545
.0544
.0544
.0543
.0543
.0542
.0542
.0541
.0541
.054
.054
.0539
.0539
.0538
.0537
.0537
.0536
.0536
.0535
.0535
.0534
.0534
.0533
.0533
.0532
.0532
.0531
.0531
.053
.053
.0529
.0529
.0528
.0528
.0527
.0527
.0526
.0526
.0525
.0525
.0524
.0524
.0523
.0523
.0522
.0522
.0521
.0521
.052
.052
.0519
.0519
.0518
.0518
.0517
.0517
.0516
.0516
.0515
.0515
.0514
.0514
.0513
.0513
.0512
.0512
.0511
.0511
.0511
.051
.051
.0509
.0509
.0508
.0508
.0507
.0507
.0506
.0506
.0505
.0505
.0504
.0504
.0503
.0503
.0502
.0502
.0502
.0501
.0501
.05
.05
