.552
.5526
.5519
.5511
.5504
.5498
.5491
.5485
.5479
.5473
.5468
.5463
.5458
.5453
.5449
.5445
.5441
.5437
.5433
.543
.5426
.5423
.542
.5417
.5414
.5411
.5409
.5406
.5404
.5401
.5399
.5396
.5394
.5392
.5389
.5387
.5385
.5383
.5381
.5379
.5376
.5374
.5372
.537
.5368
.5366
.5363
.5361
.5359
.5357
.5355
.5352
.535
.5348
.5345
.5343
.5341
.5338
.5336
.5333
.5331
.5328
.5326
.5323
.532
.5318
.5315
.5312
.5309
.5306
.5304
.5301
.5298
.5295
.5292
.5288
.5285
.5282
.5279
.5276
.5272
.5269
.5265
.5262
.5258
.5255
.5251
.5247
.5244
.524
.5236
.5232
.5228
.5224
.522
.5216
.5212
.5208
.5203
.5199
.5195
.519
.5186
.5181
.5177
.5172
.5167
.5162
.5158
.5153
.5148
.5143
.5138
.5132
.5127
.5122
.5117
.5111
.5106
.51
.5095
.5089
.5084
.5078
.5072
.5066
.506
.5054
.5048
.5042
.5036
.503
.5024
.5017
.5011
.5005
.4998
.4992
.4985
.4979
.4972
.4965
.4958
.4952
.4945
.4938
.4931
.4924
.4917
.491
.4903
.4895
.4888
.4881
.4874
.4866
.4859
.4851
.4844
.4836
.4829
.4821
.4813
.4806
.4798
.479
.4782
.4775
.4767
.4759
.4751
.4743
.4735
.4727
.4719
.4711
.4703
.4695
.4686
.4678
.467
.4662
.4654
.4645
.4637
.4629
.462
.4612
.4603
.4595
.4587
.4578
.457
.4561
.4553
.4544
.4536
.4527
.4518
.451
.4501
.4493
.4484
.4475
.4467
.4458
.4449
.4441
.4432
.4423
.4414
.4406
.4397
.4388
.4379
.437
.4362
.4353
.4344
.4335
.4326
.4317
.4308
.43
.4291
.4282
.4273
.4264
.4255
.4246
.4237
.4228
.4219
.421
.4201
.4192
.4183
.4174
.4165
.4156
.4147
.4138
.4129
.412
.4111
.4102
.4093
.4084
.4075
.4066
.4057
.4048
.4039
.403
.4021
.4012
.4003
.3994
.3985
.3976
.3967
.3958
.3948
.3939
.393
.3921
.3912
.3903
.3894
.3885
.3876
.3867
.3858
.3849
.384
.3831
.3822
.3813
.3804
.3795
.3786
.3777
.3768
.3759
.375
.3741
.3732
.3723
.3714
.3705
.3696
.3687
.3678
.3669
.366
.3651
.3642
.3634
.3625
.3616
.3607
.3598
.3589
.3581
.3572
.3563
.3554
.3546
.3537
.3528
.3519
.3511
.3502
.3493
.3485
.3476
.3468
.3459
.345
.3442
.3433
.3425
.3416
.3408
.3399
.3391
.3382
.3374
.3366
.3357
.3349
.3341
.3332
.3324
.3316
.3307
.3299
.3291
.3283
.3275
.3266
.3258
.325
.3242
.3234
.3226
.3218
.321
.3202
.3194
.3186
.3178
.317
.3162
.3155
.3147
.3139
.3131
.3123
.3116
.3108
.31
.3093
.3085
.3077
.307
.3062
.3055
.3047
.304
.3032
.3025
.3017
.301
.3002
.2995
.2988
.298
.2973
.2966
.2959
.2951
.2944
.2937
.293
.2923
.2916
.2909
.2901
.2894
.2887
.288
.2873
.2866
.286
.2853
.2846
.2839
.2832
.2825
.2818
.2812
.2805
.2798
.2792
.2785
.2778
.2772
.2765
.2758
.2752
.2745
.2739
.2732
.2726
.2719
.2713
.2707
.27
.2694
.2687
.2681
.2675
.2669
.2662
.2656
.265
.2644
.2638
.2631
.2625
.2619
.2613
.2607
.2601
.2595
.2589
.2583
.2577
.2571
.2565
.2559
.2554
.2548
.2542
.2536
.253
.2525
.2519
.2513
.2507
.2502
.2496
.249
.2485
.2479
.2474
.2468
.2462
.2457
.2451
.2446
.2441
.2435
.243
.2424
.2419
.2414
.2408
.2403
.2398
.2392
.2387
.2382
.2376
.2371
.2366
.2361
.2356
.2351
.2345
.234
.2335
.233
.2325
.232
.2315
.231
.2305
.23
.2295
.229
.2285
.228
.2276
.2271
.2266
.2261
.2256
.2251
.2247
.2242
.2237
.2232
.2228
.2223
.2218
.2214
.2209
.2204
.22
.2195
.2191
.2186
.2182
.2177
.2173
.2168
.2164
.2159
.2155
.215
.2146
.2141
.2137
.2133
.2128
.2124
.212
.2115
.2111
.2107
.2102
.2098
.2094
.209
.2085
.2081
.2077
.2073
.2069
.2065
.206
.2056
.2052
.2048
.2044
.204
.2036
.2032
.2028
.2024
.202
.2016
.2012
.2008
.2004
.2
.1996
.1992
.1989
.1985
.1981
.1977
.1973
.1969
.1965
.1962
.1958
.1954
.195
.1947
.1943
.1939
.1935
.1932
.1928
.1924
.1921
.1917
.1913
.191
.1906
.1903
.1899
.1895
.1892
.1888
.1885
.1881
.1878
.1874
.1871
.1867
.1864
.186
.1857
.1853
.185
.1847
.1843
.184
.1836
.1833
.183
.1826
.1823
.182
.1816
.1813
.181
.1806
.1803
.18
.1797
.1793
.179
.1787
.1784
.1781
.1777
.1774
.1771
.1768
.1765
.1762
.1758
.1755
.1752
.1749
.1746
.1743
.174
.1737
.1734
.1731
.1728
.1725
.1722
.1719
.1716
.1713
.171
.1707
.1704
.1701
.1698
.1695
.1692
.1689
.1686
.1683
.168
.1677
.1675
.1672
.1669
.1666
.1663
.166
.1657
.1655
.1652
.1649
.1646
.1644
.1641
.1638
.1635
.1632
.163
.1627
.1624
.1622
.1619
.1616
.1614
.1611
.1608
.1605
.1603
.16
.1598
.1595
.1592
.159
.1587
.1584
.1582
.1579
.1577
.1574
.1572
.1569
.1566
.1564
.1561
.1559
.1556
.1554
.1551
.1549
.1546
.1544
.1541
.1539
.1536
.1534
.1532
.1529
.1527
.1524
.1522
.1519
.1517
.1515
.1512
.151
.1507
.1505
.1503
.15
.1498
.1496
.1493
.1491
.1489
.1486
.1484
.1482
.1479
.1477
.1475
.1473
.147
.1468
.1466
.1464
.1461
.1459
.1457
.1455
.1452
.145
.1448
.1446
.1444
.1441
.1439
.1437
.1435
.1433
.143
.1428
.1426
.1424
.1422
.142
.1418
.1416
.1413
.1411
.1409
.1407
.1405
.1403
.1401
.1399
.1397
.1395
.1393
.1391
.1388
.1386
.1384
.1382
.138
.1378
.1376
.1374
.1372
.137
.1368
.1366
.1364
.1362
.136
.1358
.1356
.1354
.1353
.1351
.1349
.1347
.1345
.1343
.1341
.1339
.1337
.1335
.1333
.1331
.133
.1328
.1326
.1324
.1322
.132
.1318
.1316
.1315
.1313
.1311
.1309
.1307
.1305
.1304
.1302
.13
.1298
.1296
.1294
.1293
.1291
.1289
.1287
.1286
.1284
.1282
.128
.1278
.1277
.1275
.1273
.1271
.127
.1268
.1266
.1265
.1263
.1261
.1259
.1258
.1256
.1254
.1253
.1251
.1249
.1248
.1246
.1244
.1243
.1241
.1239
.1238
.1236
.1234
.1233
.1231
.1229
.1228
.1226
.1224
.1223
.1221
.122
.1218
.1216
.1215
.1213
.1212
.121
.1208
.1207
.1205
.1204
.1202
.12
.1199
.1197
.1196
.1194
.1193
.1191
.119
.1188
.1187
.1185
.1183
.1182
.118
.1179
.1177
.1176
.1174
.1173
.1171
.117
.1168
.1167
.1165
.1164
.1162
.1161
.1159
.1158
.1157
.1155
.1154
.1152
.1151
.1149
.1148
.1146
.1145
.1144
.1142
.1141
.1139
.1138
.1136
.1135
.1134
.1132
.1131
.1129
.1128
.1127
.1125
.1124
.1122
.1121
.112
.1118
.1117
.1115
.1114
.1113
.1111
.111
.1109
.1107
.1106
.1105
.1103
.1102
.1101
.1099
.1098
.1097
.1095
.1094
.1093
.1091
.109
.1089
.1087
.1086
.1085
.1083
.1082
.1081
.108
.1078
.1077
.1076
.1074
.1073
.1072
.1071
.1069
.1068
.1067
.1066
.1064
.1063
.1062
.1061
.1059
.1058
.1057
.1056
.1054
.1053
.1052
.1051
.1049
.1048
.1047
.1046
.1045
.1043
.1042
.1041
.104
.1038
.1037
.1036
.1035
.1034
.1033
.1031
.103
.1029
.1028
.1027
.1025
.1024
.1023
.1022
.1021
.102
.1018
.1017
.1016
.1015
.1014
.1013
.1012
.101
.1009
.1008
.1007
.1006
.1005
.1004
.1002
.1001
.1
.0999
.0998
.0997
.0996
.0995
.0993
.0992
.0991
.099
.0989
.0988
.0987
.0986
.0985
.0984
.0983
.0981
.098
.0979
.0978
.0977
.0976
.0975
.0974
.0973
.0972
.0971
.097
.0969
.0968
.0966
.0965
.0964
.0963
.0962
.0961
.096
.0959
.0958
.0957
.0956
.0955
.0954
.0953
.0952
.0951
.095
.0949
.0948
.0947
.0946
.0945
.0944
.0943
.0942
.0941
.094
.0939
.0938
.0937
.0936
.0935
.0934
.0933
.0932
.0931
.093
.0929
.0928
.0927
.0926
.0925
.0924
.0923
.0922
.0921
.092
.0919
.0918
.0917
.0916
.0915
.0914
.0913
.0912
.0912
.0911
.091
.0909
.0908
.0907
.0906
.0905
.0904
.0903
.0902
.0901
.09
.0899
.0898
.0898
.0897
.0896
.0895
.0894
.0893
.0892
.0891
.089
.0889
.0888
.0887
.0887
.0886
.0885
.0884
.0883
.0882
.0881
.088
.0879
.0879
.0878
.0877
.0876
.0875
.0874
.0873
.0872
.0872
.0871
.087
.0869
.0868
.0867
.0866
.0865
.0865
.0864
.0863
.0862
.0861
.086
.0859
.0859
.0858
.0857
.0856
.0855
.0854
.0854
.0853
.0852
.0851
.085
.0849
.0849
.0848
.0847
.0846
.0845
.0844
.0844
.0843
.0842
.0841
.084
.0839
.0839
.0838
.0837
.0836
.0835
.0835
.0834
.0833
.0832
.0831
.0831
.083
.0829
.0828
.0827
.0827
.0826
.0825
.0824
.0823
.0823
.0822
.0821
.082
.082
.0819
.0818
.0817
.0816
.0816
.0815
.0814
.0813
.0813
.0812
.0811
.081
.0809
.0809
.0808
.0807
.0806
.0806
.0805
.0804
.0803
.0803
.0802
.0801
.08
.08
.0799
.0798
.0797
.0797
.0796
.0795
.0794
.0794
.0793
.0792
.0792
.0791
.079
.0789
.0789
.0788
.0787
.0786
.0786
.0785
.0784
.0784
.0783
.0782
.0781
.0781
.078
.0779
.0779
.0778
.0777
.0776
.0776
.0775
.0774
.0774
.0773
.0772
.0771
.0771
.077
.0769
.0769
.0768
.0767
.0767
.0766
.0765
.0765
.0764
.0763
.0762
.0762
.0761
.076
.076
.0759
.0758
.0758
.0757
.0756
.0756
.0755
.0754
.0754
.0753
.0752
.0752
.0751
.075
.075
.0749
.0748
.0748
.0747
.0746
.0746
.0745
.0744
.0744
.0743
.0742
.0742
.0741
.074
.074
.0739
.0738
.0738
.0737
.0737
.0736
.0735
.0735
.0734
.0733
.0733
.0732
.0731
.0731
.073
.073
.0729
.0728
.0728
.0727
.0726
.0726
.0725
.0725
.0724
.0723
.0723
.0722
.0721
.0721
.072
.072
.0719
.0718
.0718
.0717
.0716
.0716
.0715
.0715
.0714
.0713
.0713
.0712
.0712
.0711
.071
.071
.0709
.0709
.0708
.0707
.0707
.0706
.0706
.0705
.0704
.0704
.0703
.0703
.0702
.0701
.0701
.07
.07
.0699
.0699
.0698
.0697
.0697
.0696
.0696
.0695
.0694
.0694
.0693
.0693
.0692
.0692
.0691
.069
.069
.0689
.0689
.0688
.0688
.0687
.0686
.0686
.0685
.0685
.0684
.0684
.0683
.0682
.0682
.0681
.0681
.068
.068
.0679
.0679
.0678
.0677
.0677
.0676
.0676
.0675
.0675
.0674
.0674
.0673
.0672
.0672
.0671
.0671
.067
.067
.0669
.0669
.0668
.0668
.0667
.0667
.0666
.0665
.0665
.0664
.0664
.0663
.0663
.0662
.0662
.0661
.0661
.066
.066
.0659
.0659
.0658
.0658
.0657
.0656
.0656
.0655
.0655
.0654
.0654
.0653
.0653
.0652
.0652
.0651
.0651
.065
.065
.0649
.0649
.0648
.0648
.0647
.0647
.0646
.0646
.0645
.0645
.0644
.0644
.0643
.0643
.0642
.0642
.0641
.0641
.064
.064
.0639
.0639
.0638
.0638
.0637
.0637
.0636
.0636
.0635
.0635
.0634
.0634
.0633
.0633
.0632
.0632
.0631
.0631
.063
.063
.0629
.0629
.0628
.0628
.0627
.0627
.0626
.0626
.0625
.0625
.0624
.0624
.0623
.0623
.0623
.0622
.0622
.0621
.0621
.062
.062
.0619
.0619
.0618
.0618
.0617
.0617
.0616
.0616
.0615
.0615
.0615
.0614
.0614
.0613
.0613
.0612
.0612
.0611
.0611
.061
.061
.0609
.0609
.0609
.0608
.0608
.0607
.0607
.0606
.0606
.0605
.0605
.0604
.0604
.0604
.0603
.0603
.0602
.0602
.0601
.0601
.06
.06
.06
.0599
.0599
.0598
.0598
.0597
.0597
.0596
.0596
.0596
.0595
.0595
.0594
.0594
.0593
.0593
.0593
.0592
.0592
.0591
.0591
.059
.059
.0589
.0589
.0589
.0588
.0588
.0587
.0587
.0586
.0586
.0586
.0585
.0585
.0584
.0584
.0583
.0583
.0583
.0582
.0582
.0581
.0581
.0581
.058
.058
.0579
.0579
.0578
.0578
.0578
.0577
.0577
.0576
.0576
.0576
.0575
.0575
.0574
.0574
.0573
.0573
.0573
.0572
.0572
.0571
.0571
.0571
.057
.057
.0569
.0569
.0569
.0568
.0568
.0567
.0567
.0567
.0566
.0566
.0565
.0565
.0565
.0564
.0564
.0563
.0563
.0563
.0562
.0562
.0561
.0561
.0561
.056
.056
.0559
.0559
.0559
.0558
.0558
.0557
.0557
.0557
.0556
.0556
.0556
.0555
.0555
.0554
.0554
.0554
.0553
.0553
.0552
.0552
.0552
.0551
.0551
.0551
.055
.055
.0549
.0549
.0549
.0548
.0548
.0548
.0547
.0547
.0546
.0546
.0546
.0545
.0545
.0545
.0544
.0544
.0543
.0543
.0543
.0542
.0542
.0542
.0541
.0541
.054
.054
.054
.0539
.0539
.0539
.0538
.0538
.0537
.0537
.0537
.0536
.0536
.0536
.0535
.0535
.0535
.0534
.0534
.0533
.0533
.0533
.0532
.0532
.0532
.0531
.0531
.0531
.053
.053
.053
.0529
.0529
.0528
.0528
.0528
.0527
.0527
.0527
.0526
.0526
.0526
.0525
.0525
.0525
.0524
.0524
.0524
.0523
.0523
.0523
.0522
.0522
.0521
.0521
.0521
.052
.052
.052
.0519
.0519
.0519
.0518
.0518
.0518
.0517
.0517
.0517
.0516
.0516
.0516
.0515
.0515
.0515
.0514
.0514
.0514
.0513
.0513
.0513
.0512
.0512
.0512
.0511
.0511
.0511
.051
.051
.051
.0509
.0509
.0509
.0508
.0508
.0508
.0507
.0507
.0507
.0506
.0506
.0506
.0505
.0505
.0505
.0504
.0504
.0504
.0503
.0503
.0503
.0502
.0502
.0502
.0501
.0501
.0501
.05
.05
.05
