.5756
.5719
.5658
.5602
.5549
.55
.5456
.5415
.5379
.5346
.5318
.5293
.5271
.5252
.5235
.5221
.5209
.5199
.5191
.5183
.5177
.5172
.5168
.5165
.5162
.5159
.5157
.5155
.5154
.5153
.5151
.5151
.515
.5149
.5148
.5148
.5147
.5147
.5146
.5146
.5146
.5145
.5145
.5144
.5144
.5144
.5143
.5143
.5142
.5142
.5141
.5141
.5141
.514
.514
.5139
.5139
.5138
.5138
.5137
.5137
.5137
.5136
.5136
.5135
.5134
.5134
.5133
.5133
.5132
.5132
.5131
.5131
.513
.513
.5129
.5128
.5128
.5127
.5126
.5126
.5125
.5125
.5124
.5123
.5123
.5122
.5121
.512
.512
.5119
.5118
.5118
.5117
.5116
.5115
.5114
.5114
.5113
.5112
.5111
.511
.5109
.5109
.5108
.5107
.5106
.5105
.5104
.5103
.5102
.5101
.51
.5099
.5098
.5097
.5096
.5095
.5094
.5093
.5092
.509
.5089
.5088
.5087
.5086
.5084
.5083
.5082
.5081
.5079
.5078
.5077
.5075
.5074
.5072
.5071
.507
.5068
.5067
.5065
.5064
.5062
.506
.5059
.5057
.5055
.5054
.5052
.505
.5049
.5047
.5045
.5043
.5041
.5039
.5037
.5035
.5033
.5031
.5029
.5027
.5025
.5023
.5021
.5019
.5016
.5014
.5012
.501
.5007
.5005
.5002
.5
.4997
.4995
.4992
.499
.4987
.4984
.4982
.4979
.4976
.4973
.497
.4967
.4964
.4961
.4958
.4955
.4952
.4949
.4946
.4943
.4939
.4936
.4933
.4929
.4926
.4922
.4919
.4915
.4911
.4908
.4904
.49
.4896
.4893
.4889
.4885
.4881
.4877
.4872
.4868
.4864
.486
.4856
.4851
.4847
.4842
.4838
.4833
.4829
.4824
.4819
.4815
.481
.4805
.48
.4795
.479
.4785
.478
.4775
.477
.4765
.4759
.4754
.4749
.4743
.4738
.4732
.4727
.4721
.4715
.471
.4704
.4698
.4692
.4686
.4681
.4675
.4669
.4662
.4656
.465
.4644
.4638
.4631
.4625
.4619
.4612
.4606
.4599
.4593
.4586
.4579
.4573
.4566
.4559
.4552
.4545
.4539
.4532
.4525
.4518
.4511
.4503
.4496
.4489
.4482
.4475
.4468
.446
.4453
.4446
.4438
.4431
.4423
.4416
.4408
.4401
.4393
.4385
.4378
.437
.4362
.4355
.4347
.4339
.4331
.4324
.4316
.4308
.43
.4292
.4284
.4276
.4268
.426
.4252
.4244
.4236
.4228
.422
.4212
.4203
.4195
.4187
.4179
.4171
.4162
.4154
.4146
.4138
.4129
.4121
.4113
.4104
.4096
.4088
.4079
.4071
.4063
.4054
.4046
.4038
.4029
.4021
.4012
.4004
.3995
.3987
.3979
.397
.3962
.3953
.3945
.3936
.3928
.3919
.3911
.3902
.3894
.3885
.3877
.3869
.386
.3852
.3843
.3835
.3826
.3818
.3809
.3801
.3792
.3784
.3775
.3767
.3758
.375
.3741
.3733
.3725
.3716
.3708
.3699
.3691
.3682
.3674
.3666
.3657
.3649
.364
.3632
.3624
.3615
.3607
.3599
.359
.3582
.3574
.3565
.3557
.3549
.3541
.3532
.3524
.3516
.3508
.3499
.3491
.3483
.3475
.3467
.3458
.345
.3442
.3434
.3426
.3418
.341
.3401
.3393
.3385
.3377
.3369
.3361
.3353
.3345
.3337
.3329
.3321
.3313
.3306
.3298
.329
.3282
.3274
.3266
.3258
.3251
.3243
.3235
.3227
.3219
.3212
.3204
.3196
.3189
.3181
.3173
.3166
.3158
.315
.3143
.3135
.3128
.312
.3113
.3105
.3098
.309
.3083
.3075
.3068
.3061
.3053
.3046
.3039
.3031
.3024
.3017
.3009
.3002
.2995
.2988
.298
.2973
.2966
.2959
.2952
.2945
.2938
.2931
.2924
.2916
.2909
.2902
.2896
.2889
.2882
.2875
.2868
.2861
.2854
.2847
.284
.2834
.2827
.282
.2813
.2807
.28
.2793
.2786
.278
.2773
.2767
.276
.2753
.2747
.274
.2734
.2727
.2721
.2714
.2708
.2701
.2695
.2689
.2682
.2676
.267
.2663
.2657
.2651
.2644
.2638
.2632
.2626
.262
.2613
.2607
.2601
.2595
.2589
.2583
.2577
.2571
.2565
.2559
.2553
.2547
.2541
.2535
.2529
.2523
.2517
.2511
.2506
.25
.2494
.2488
.2482
.2477
.2471
.2465
.246
.2454
.2448
.2443
.2437
.2431
.2426
.242
.2415
.2409
.2404
.2398
.2393
.2387
.2382
.2376
.2371
.2366
.236
.2355
.2349
.2344
.2339
.2334
.2328
.2323
.2318
.2313
.2307
.2302
.2297
.2292
.2287
.2281
.2276
.2271
.2266
.2261
.2256
.2251
.2246
.2241
.2236
.2231
.2226
.2221
.2216
.2211
.2206
.2202
.2197
.2192
.2187
.2182
.2177
.2173
.2168
.2163
.2158
.2154
.2149
.2144
.214
.2135
.213
.2126
.2121
.2116
.2112
.2107
.2103
.2098
.2094
.2089
.2085
.208
.2076
.2071
.2067
.2062
.2058
.2054
.2049
.2045
.204
.2036
.2032
.2027
.2023
.2019
.2015
.201
.2006
.2002
.1998
.1993
.1989
.1985
.1981
.1977
.1972
.1968
.1964
.196
.1956
.1952
.1948
.1944
.194
.1936
.1932
.1928
.1924
.192
.1916
.1912
.1908
.1904
.19
.1896
.1892
.1888
.1884
.1881
.1877
.1873
.1869
.1865
.1861
.1858
.1854
.185
.1846
.1843
.1839
.1835
.1832
.1828
.1824
.182
.1817
.1813
.181
.1806
.1802
.1799
.1795
.1791
.1788
.1784
.1781
.1777
.1774
.177
.1767
.1763
.176
.1756
.1753
.1749
.1746
.1742
.1739
.1736
.1732
.1729
.1725
.1722
.1719
.1715
.1712
.1709
.1705
.1702
.1699
.1696
.1692
.1689
.1686
.1682
.1679
.1676
.1673
.167
.1666
.1663
.166
.1657
.1654
.1651
.1647
.1644
.1641
.1638
.1635
.1632
.1629
.1626
.1623
.162
.1616
.1613
.161
.1607
.1604
.1601
.1598
.1595
.1592
.1589
.1587
.1584
.1581
.1578
.1575
.1572
.1569
.1566
.1563
.156
.1557
.1555
.1552
.1549
.1546
.1543
.154
.1538
.1535
.1532
.1529
.1526
.1524
.1521
.1518
.1515
.1513
.151
.1507
.1504
.1502
.1499
.1496
.1494
.1491
.1488
.1486
.1483
.148
.1478
.1475
.1472
.147
.1467
.1465
.1462
.1459
.1457
.1454
.1452
.1449
.1447
.1444
.1441
.1439
.1436
.1434
.1431
.1429
.1426
.1424
.1421
.1419
.1416
.1414
.1412
.1409
.1407
.1404
.1402
.1399
.1397
.1395
.1392
.139
.1387
.1385
.1383
.138
.1378
.1376
.1373
.1371
.1369
.1366
.1364
.1362
.1359
.1357
.1355
.1352
.135
.1348
.1346
.1343
.1341
.1339
.1337
.1334
.1332
.133
.1328
.1325
.1323
.1321
.1319
.1317
.1315
.1312
.131
.1308
.1306
.1304
.1302
.1299
.1297
.1295
.1293
.1291
.1289
.1287
.1285
.1282
.128
.1278
.1276
.1274
.1272
.127
.1268
.1266
.1264
.1262
.126
.1258
.1256
.1254
.1252
.125
.1248
.1246
.1244
.1242
.124
.1238
.1236
.1234
.1232
.123
.1228
.1226
.1224
.1222
.122
.1218
.1216
.1215
.1213
.1211
.1209
.1207
.1205
.1203
.1201
.1199
.1198
.1196
.1194
.1192
.119
.1188
.1186
.1185
.1183
.1181
.1179
.1177
.1175
.1174
.1172
.117
.1168
.1167
.1165
.1163
.1161
.1159
.1158
.1156
.1154
.1152
.1151
.1149
.1147
.1145
.1144
.1142
.114
.1139
.1137
.1135
.1133
.1132
.113
.1128
.1127
.1125
.1123
.1122
.112
.1118
.1117
.1115
.1113
.1112
.111
.1108
.1107
.1105
.1103
.1102
.11
.1099
.1097
.1095
.1094
.1092
.1091
.1089
.1087
.1086
.1084
.1083
.1081
.108
.1078
.1076
.1075
.1073
.1072
.107
.1069
.1067
.1066
.1064
.1063
.1061
.1059
.1058
.1056
.1055
.1053
.1052
.105
.1049
.1047
.1046
.1044
.1043
.1042
.104
.1039
.1037
.1036
.1034
.1033
.1031
.103
.1028
.1027
.1026
.1024
.1023
.1021
.102
.1018
.1017
.1016
.1014
.1013
.1011
.101
.1009
.1007
.1006
.1004
.1003
.1002
.1
.0999
.0997
.0996
.0995
.0993
.0992
.0991
.0989
.0988
.0987
.0985
.0984
.0983
.0981
.098
.0979
.0977
.0976
.0975
.0973
.0972
.0971
.0969
.0968
.0967
.0966
.0964
.0963
.0962
.096
.0959
.0958
.0957
.0955
.0954
.0953
.0951
.095
.0949
.0948
.0946
.0945
.0944
.0943
.0941
.094
.0939
.0938
.0937
.0935
.0934
.0933
.0932
.093
.0929
.0928
.0927
.0926
.0924
.0923
.0922
.0921
.092
.0918
.0917
.0916
.0915
.0914
.0912
.0911
.091
.0909
.0908
.0907
.0905
.0904
.0903
.0902
.0901
.09
.0899
.0897
.0896
.0895
.0894
.0893
.0892
.0891
.089
.0888
.0887
.0886
.0885
.0884
.0883
.0882
.0881
.0879
.0878
.0877
.0876
.0875
.0874
.0873
.0872
.0871
.087
.0869
.0868
.0866
.0865
.0864
.0863
.0862
.0861
.086
.0859
.0858
.0857
.0856
.0855
.0854
.0853
.0852
.0851
.085
.0849
.0847
.0846
.0845
.0844
.0843
.0842
.0841
.084
.0839
.0838
.0837
.0836
.0835
.0834
.0833
.0832
.0831
.083
.0829
.0828
.0827
.0826
.0825
.0824
.0823
.0822
.0821
.082
.0819
.0818
.0817
.0816
.0816
.0815
.0814
.0813
.0812
.0811
.081
.0809
.0808
.0807
.0806
.0805
.0804
.0803
.0802
.0801
.08
.0799
.0798
.0798
.0797
.0796
.0795
.0794
.0793
.0792
.0791
.079
.0789
.0788
.0787
.0786
.0786
.0785
.0784
.0783
.0782
.0781
.078
.0779
.0778
.0778
.0777
.0776
.0775
.0774
.0773
.0772
.0771
.077
.077
.0769
.0768
.0767
.0766
.0765
.0764
.0764
.0763
.0762
.0761
.076
.0759
.0758
.0758
.0757
.0756
.0755
.0754
.0753
.0752
.0752
.0751
.075
.0749
.0748
.0747
.0747
.0746
.0745
.0744
.0743
.0743
.0742
.0741
.074
.0739
.0738
.0738
.0737
.0736
.0735
.0734
.0734
.0733
.0732
.0731
.073
.073
.0729
.0728
.0727
.0726
.0726
.0725
.0724
.0723
.0723
.0722
.0721
.072
.0719
.0719
.0718
.0717
.0716
.0716
.0715
.0714
.0713
.0713
.0712
.0711
.071
.0709
.0709
.0708
.0707
.0706
.0706
.0705
.0704
.0703
.0703
.0702
.0701
.07
.07
.0699
.0698
.0698
.0697
.0696
.0695
.0695
.0694
.0693
.0692
.0692
.0691
.069
.069
.0689
.0688
.0687
.0687
.0686
.0685
.0685
.0684
.0683
.0682
.0682
.0681
.068
.068
.0679
.0678
.0678
.0677
.0676
.0675
.0675
.0674
.0673
.0673
.0672
.0671
.0671
.067
.0669
.0669
.0668
.0667
.0667
.0666
.0665
.0665
.0664
.0663
.0663
.0662
.0661
.0661
.066
.0659
.0659
.0658
.0657
.0657
.0656
.0655
.0655
.0654
.0653
.0653
.0652
.0651
.0651
.065
.0649
.0649
.0648
.0647
.0647
.0646
.0646
.0645
.0644
.0644
.0643
.0642
.0642
.0641
.064
.064
.0639
.0639
.0638
.0637
.0637
.0636
.0635
.0635
.0634
.0634
.0633
.0632
.0632
.0631
.063
.063
.0629
.0629
.0628
.0627
.0627
.0626
.0626
.0625
.0624
.0624
.0623
.0623
.0622
.0621
.0621
.062
.062
.0619
.0618
.0618
.0617
.0617
.0616
.0615
.0615
.0614
.0614
.0613
.0613
.0612
.0611
.0611
.061
.061
.0609
.0609
.0608
.0607
.0607
.0606
.0606
.0605
.0605
.0604
.0603
.0603
.0602
.0602
.0601
.0601
.06
.0599
.0599
.0598
.0598
.0597
.0597
.0596
.0596
.0595
.0594
.0594
.0593
.0593
.0592
.0592
.0591
.0591
.059
.059
.0589
.0588
.0588
.0587
.0587
.0586
.0586
.0585
.0585
.0584
.0584
.0583
.0583
.0582
.0581
.0581
.058
.058
.0579
.0579
.0578
.0578
.0577
.0577
.0576
.0576
.0575
.0575
.0574
.0574
.0573
.0573
.0572
.0572
.0571
.0571
.057
.0569
.0569
.0568
.0568
.0567
.0567
.0566
.0566
.0565
.0565
.0564
.0564
.0563
.0563
.0562
.0562
.0561
.0561
.056
.056
.0559
.0559
.0558
.0558
.0557
.0557
.0556
.0556
.0556
.0555
.0555
.0554
.0554
.0553
.0553
.0552
.0552
.0551
.0551
.055
.055
.0549
.0549
.0548
.0548
.0547
.0547
.0546
.0546
.0545
.0545
.0544
.0544
.0544
.0543
.0543
.0542
.0542
.0541
.0541
.054
.054
.0539
.0539
.0538
.0538
.0538
.0537
.0537
.0536
.0536
.0535
.0535
.0534
.0534
.0533
.0533
.0532
.0532
.0532
.0531
.0531
.053
.053
.0529
.0529
.0528
.0528
.0528
.0527
.0527
.0526
.0526
.0525
.0525
.0524
.0524
.0524
.0523
.0523
.0522
.0522
.0521
.0521
.0521
.052
.052
.0519
.0519
.0518
.0518
.0518
.0517
.0517
.0516
.0516
.0515
.0515
.0515
.0514
.0514
.0513
.0513
.0512
.0512
.0512
.0511
.0511
.051
.051
.0509
.0509
.0509
.0508
.0508
.0507
.0507
.0507
.0506
.0506
.0505
.0505
.0504
.0504
.0504
.0503
.0503
.0502
.0502
.0502
.0501
.0501
.05
.05
.05
