.5341
.5355
.5354
.5353
.5352
.5351
.5349
.5348
.5347
.5346
.5345
.5343
.5342
.5341
.534
.5338
.5337
.5336
.5334
.5333
.5332
.533
.5329
.5327
.5326
.5324
.5323
.5321
.5319
.5318
.5316
.5314
.5313
.5311
.5309
.5307
.5306
.5304
.5302
.53
.5298
.5296
.5294
.5292
.529
.5288
.5285
.5283
.5281
.5279
.5276
.5274
.5271
.5269
.5266
.5264
.5261
.5259
.5256
.5253
.5251
.5248
.5245
.5242
.5239
.5236
.5233
.523
.5227
.5224
.522
.5217
.5214
.521
.5207
.5204
.52
.5196
.5193
.5189
.5185
.5181
.5178
.5174
.517
.5166
.5161
.5157
.5153
.5149
.5144
.514
.5136
.5131
.5127
.5122
.5117
.5112
.5108
.5103
.5098
.5093
.5088
.5082
.5077
.5072
.5067
.5061
.5056
.505
.5045
.5039
.5033
.5028
.5022
.5016
.501
.5004
.4998
.4992
.4985
.4979
.4973
.4966
.496
.4954
.4947
.494
.4934
.4927
.492
.4913
.4906
.4899
.4892
.4885
.4878
.4871
.4863
.4856
.4849
.4841
.4834
.4826
.4819
.4811
.4803
.4796
.4788
.478
.4772
.4764
.4756
.4748
.474
.4732
.4724
.4716
.4707
.4699
.4691
.4682
.4674
.4666
.4657
.4649
.464
.4631
.4623
.4614
.4605
.4597
.4588
.4579
.457
.4562
.4553
.4544
.4535
.4526
.4517
.4508
.4499
.449
.4481
.4472
.4462
.4453
.4444
.4435
.4426
.4416
.4407
.4398
.4389
.4379
.437
.4361
.4351
.4342
.4332
.4323
.4314
.4304
.4295
.4285
.4276
.4266
.4257
.4247
.4238
.4228
.4219
.4209
.42
.419
.4181
.4171
.4162
.4152
.4143
.4133
.4123
.4114
.4104
.4095
.4085
.4076
.4066
.4056
.4047
.4037
.4028
.4018
.4008
.3999
.3989
.398
.397
.396
.3951
.3941
.3932
.3922
.3913
.3903
.3893
.3884
.3874
.3865
.3855
.3846
.3836
.3827
.3817
.3807
.3798
.3788
.3779
.3769
.376
.375
.3741
.3731
.3722
.3713
.3703
.3694
.3684
.3675
.3665
.3656
.3647
.3637
.3628
.3618
.3609
.36
.359
.3581
.3572
.3562
.3553
.3544
.3535
.3525
.3516
.3507
.3498
.3488
.3479
.347
.3461
.3452
.3443
.3433
.3424
.3415
.3406
.3397
.3388
.3379
.337
.3361
.3352
.3343
.3334
.3325
.3316
.3307
.3298
.3289
.328
.3272
.3263
.3254
.3245
.3236
.3227
.3219
.321
.3201
.3192
.3184
.3175
.3166
.3158
.3149
.3141
.3132
.3123
.3115
.3106
.3098
.3089
.3081
.3072
.3064
.3055
.3047
.3039
.303
.3022
.3014
.3005
.2997
.2989
.2981
.2972
.2964
.2956
.2948
.294
.2931
.2923
.2915
.2907
.2899
.2891
.2883
.2875
.2867
.2859
.2851
.2843
.2836
.2828
.282
.2812
.2804
.2796
.2789
.2781
.2773
.2766
.2758
.275
.2743
.2735
.2727
.272
.2712
.2705
.2697
.269
.2682
.2675
.2668
.266
.2653
.2645
.2638
.2631
.2624
.2616
.2609
.2602
.2595
.2588
.258
.2573
.2566
.2559
.2552
.2545
.2538
.2531
.2524
.2517
.251
.2503
.2496
.249
.2483
.2476
.2469
.2462
.2456
.2449
.2442
.2436
.2429
.2422
.2416
.2409
.2403
.2396
.2389
.2383
.2377
.237
.2364
.2357
.2351
.2344
.2338
.2332
.2326
.2319
.2313
.2307
.2301
.2294
.2288
.2282
.2276
.227
.2264
.2258
.2252
.2246
.224
.2234
.2228
.2222
.2216
.221
.2204
.2198
.2192
.2187
.2181
.2175
.2169
.2164
.2158
.2152
.2147
.2141
.2135
.213
.2124
.2119
.2113
.2107
.2102
.2096
.2091
.2086
.208
.2075
.2069
.2064
.2059
.2053
.2048
.2043
.2038
.2032
.2027
.2022
.2017
.2012
.2006
.2001
.1996
.1991
.1986
.1981
.1976
.1971
.1966
.1961
.1956
.1951
.1946
.1941
.1937
.1932
.1927
.1922
.1917
.1912
.1908
.1903
.1898
.1894
.1889
.1884
.1879
.1875
.187
.1866
.1861
.1856
.1852
.1847
.1843
.1838
.1834
.1829
.1825
.1821
.1816
.1812
.1807
.1803
.1799
.1794
.179
.1786
.1781
.1777
.1773
.1769
.1764
.176
.1756
.1752
.1748
.1744
.1739
.1735
.1731
.1727
.1723
.1719
.1715
.1711
.1707
.1703
.1699
.1695
.1691
.1687
.1683
.1679
.1676
.1672
.1668
.1664
.166
.1656
.1653
.1649
.1645
.1641
.1638
.1634
.163
.1626
.1623
.1619
.1615
.1612
.1608
.1605
.1601
.1597
.1594
.159
.1587
.1583
.158
.1576
.1573
.1569
.1566
.1562
.1559
.1555
.1552
.1548
.1545
.1542
.1538
.1535
.1532
.1528
.1525
.1522
.1518
.1515
.1512
.1509
.1505
.1502
.1499
.1496
.1492
.1489
.1486
.1483
.148
.1477
.1473
.147
.1467
.1464
.1461
.1458
.1455
.1452
.1449
.1446
.1443
.144
.1437
.1434
.1431
.1428
.1425
.1422
.1419
.1416
.1413
.141
.1407
.1404
.1401
.1399
.1396
.1393
.139
.1387
.1384
.1382
.1379
.1376
.1373
.137
.1368
.1365
.1362
.1359
.1357
.1354
.1351
.1349
.1346
.1343
.1341
.1338
.1335
.1333
.133
.1327
.1325
.1322
.1319
.1317
.1314
.1312
.1309
.1307
.1304
.1302
.1299
.1296
.1294
.1291
.1289
.1286
.1284
.1282
.1279
.1277
.1274
.1272
.1269
.1267
.1264
.1262
.126
.1257
.1255
.1253
.125
.1248
.1245
.1243
.1241
.1238
.1236
.1234
.1232
.1229
.1227
.1225
.1222
.122
.1218
.1216
.1213
.1211
.1209
.1207
.1204
.1202
.12
.1198
.1196
.1193
.1191
.1189
.1187
.1185
.1183
.1181
.1178
.1176
.1174
.1172
.117
.1168
.1166
.1164
.1162
.116
.1157
.1155
.1153
.1151
.1149
.1147
.1145
.1143
.1141
.1139
.1137
.1135
.1133
.1131
.1129
.1127
.1125
.1123
.1121
.1119
.1117
.1115
.1114
.1112
.111
.1108
.1106
.1104
.1102
.11
.1098
.1096
.1095
.1093
.1091
.1089
.1087
.1085
.1083
.1082
.108
.1078
.1076
.1074
.1073
.1071
.1069
.1067
.1065
.1064
.1062
.106
.1058
.1057
.1055
.1053
.1051
.105
.1048
.1046
.1044
.1043
.1041
.1039
.1038
.1036
.1034
.1032
.1031
.1029
.1027
.1026
.1024
.1022
.1021
.1019
.1017
.1016
.1014
.1013
.1011
.1009
.1008
.1006
.1004
.1003
.1001
.1
.0998
.0997
.0995
.0993
.0992
.099
.0989
.0987
.0986
.0984
.0982
.0981
.0979
.0978
.0976
.0975
.0973
.0972
.097
.0969
.0967
.0966
.0964
.0963
.0961
.096
.0958
.0957
.0955
.0954
.0952
.0951
.095
.0948
.0947
.0945
.0944
.0942
.0941
.0939
.0938
.0937
.0935
.0934
.0932
.0931
.093
.0928
.0927
.0925
.0924
.0923
.0921
.092
.0919
.0917
.0916
.0914
.0913
.0912
.091
.0909
.0908
.0906
.0905
.0904
.0902
.0901
.09
.0898
.0897
.0896
.0895
.0893
.0892
.0891
.0889
.0888
.0887
.0886
.0884
.0883
.0882
.088
.0879
.0878
.0877
.0875
.0874
.0873
.0872
.087
.0869
.0868
.0867
.0866
.0864
.0863
.0862
.0861
.0859
.0858
.0857
.0856
.0855
.0853
.0852
.0851
.085
.0849
.0847
.0846
.0845
.0844
.0843
.0842
.084
.0839
.0838
.0837
.0836
.0835
.0834
.0832
.0831
.083
.0829
.0828
.0827
.0826
.0824
.0823
.0822
.0821
.082
.0819
.0818
.0817
.0816
.0814
.0813
.0812
.0811
.081
.0809
.0808
.0807
.0806
.0805
.0804
.0803
.0801
.08
.0799
.0798
.0797
.0796
.0795
.0794
.0793
.0792
.0791
.079
.0789
.0788
.0787
.0786
.0785
.0784
.0783
.0782
.0781
.078
.0779
.0778
.0777
.0776
.0775
.0774
.0773
.0772
.0771
.077
.0769
.0768
.0767
.0766
.0765
.0764
.0763
.0762
.0761
.076
.0759
.0758
.0757
.0756
.0755
.0754
.0753
.0752
.0751
.075
.0749
.0748
.0747
.0747
.0746
.0745
.0744
.0743
.0742
.0741
.074
.0739
.0738
.0737
.0736
.0735
.0735
.0734
.0733
.0732
.0731
.073
.0729
.0728
.0727
.0726
.0726
.0725
.0724
.0723
.0722
.0721
.072
.0719
.0718
.0718
.0717
.0716
.0715
.0714
.0713
.0712
.0712
.0711
.071
.0709
.0708
.0707
.0706
.0706
.0705
.0704
.0703
.0702
.0701
.0701
.07
.0699
.0698
.0697
.0696
.0696
.0695
.0694
.0693
.0692
.0692
.0691
.069
.0689
.0688
.0688
.0687
.0686
.0685
.0684
.0684
.0683
.0682
.0681
.068
.068
.0679
.0678
.0677
.0676
.0676
.0675
.0674
.0673
.0673
.0672
.0671
.067
.0669
.0669
.0668
.0667
.0666
.0666
.0665
.0664
.0663
.0663
.0662
.0661
.066
.066
.0659
.0658
.0657
.0657
.0656
.0655
.0654
.0654
.0653
.0652
.0652
.0651
.065
.0649
.0649
.0648
.0647
.0646
.0646
.0645
.0644
.0644
.0643
.0642
.0641
.0641
.064
.0639
.0639
.0638
.0637
.0637
.0636
.0635
.0634
.0634
.0633
.0632
.0632
.0631
.063
.063
.0629
.0628
.0628
.0627
.0626
.0626
.0625
.0624
.0624
.0623
.0622
.0622
.0621
.062
.062
.0619
.0618
.0618
.0617
.0616
.0616
.0615
.0614
.0614
.0613
.0612
.0612
.0611
.061
.061
.0609
.0608
.0608
.0607
.0607
.0606
.0605
.0605
.0604
.0603
.0603
.0602
.0602
.0601
.06
.06
.0599
.0598
.0598
.0597
.0597
.0596
.0595
.0595
.0594
.0593
.0593
.0592
.0592
.0591
.059
.059
.0589
.0589
.0588
.0587
.0587
.0586
.0586
.0585
.0584
.0584
.0583
.0583
.0582
.0581
.0581
.058
.058
.0579
.0579
.0578
.0577
.0577
.0576
.0576
.0575
.0574
.0574
.0573
.0573
.0572
.0572
.0571
.057
.057
.0569
.0569
.0568
.0568
.0567
.0566
.0566
.0565
.0565
.0564
.0564
.0563
.0563
.0562
.0561
.0561
.056
.056
.0559
.0559
.0558
.0558
.0557
.0557
.0556
.0555
.0555
.0554
.0554
.0553
.0553
.0552
.0552
.0551
.0551
.055
.055
.0549
.0549
.0548
.0547
.0547
.0546
.0546
.0545
.0545
.0544
.0544
.0543
.0543
.0542
.0542
.0541
.0541
.054
.054
.0539
.0539
.0538
.0538
.0537
.0537
.0536
.0536
.0535
.0535
.0534
.0534
.0533
.0533
.0532
.0532
.0531
.0531
.053
.053
.0529
.0529
.0528
.0528
.0527
.0527
.0526
.0526
.0525
.0525
.0524
.0524
.0523
.0523
.0522
.0522
.0521
.0521
.052
.052
.0519
.0519
.0518
.0518
.0517
.0517
.0517
.0516
.0516
.0515
.0515
.0514
.0514
.0513
.0513
.0512
.0512
.0511
.0511
.051
.051
.051
.0509
.0509
.0508
.0508
.0507
.0507
.0506
.0506
.0505
.0505
.0505
.0504
.0504
.0503
.0503
.0502
.0502
.0501
.0501
.0501
.05
.05
