.5617
.5603
.5571
.554
.5512
.5485
.5459
.5436
.5414
.5394
.5375
.5358
.5343
.5329
.5316
.5304
.5294
.5284
.5276
.5268
.5261
.5255
.525
.5245
.5241
.5237
.5234
.5231
.5228
.5226
.5224
.5222
.522
.5219
.5217
.5216
.5215
.5214
.5213
.5213
.5212
.5211
.5211
.521
.521
.521
.5209
.5209
.5208
.5208
.5208
.5208
.5207
.5207
.5207
.5207
.5206
.5206
.5206
.5206
.5205
.5205
.5205
.5205
.5205
.5204
.5204
.5204
.5204
.5203
.5203
.5203
.5203
.5202
.5202
.5202
.5202
.5202
.5201
.5201
.5201
.5201
.52
.52
.52
.5199
.5199
.5199
.5199
.5198
.5198
.5198
.5198
.5197
.5197
.5197
.5196
.5196
.5196
.5195
.5195
.5195
.5194
.5194
.5194
.5193
.5193
.5193
.5192
.5192
.5192
.5191
.5191
.5191
.519
.519
.5189
.5189
.5189
.5188
.5188
.5187
.5187
.5187
.5186
.5186
.5185
.5185
.5184
.5184
.5184
.5183
.5183
.5182
.5182
.5181
.5181
.518
.518
.5179
.5179
.5178
.5178
.5177
.5177
.5176
.5175
.5175
.5174
.5174
.5173
.5173
.5172
.5171
.5171
.517
.5169
.5169
.5168
.5167
.5167
.5166
.5165
.5165
.5164
.5163
.5163
.5162
.5161
.516
.5159
.5159
.5158
.5157
.5156
.5155
.5155
.5154
.5153
.5152
.5151
.515
.5149
.5148
.5147
.5146
.5145
.5144
.5143
.5142
.5141
.514
.5139
.5138
.5137
.5136
.5135
.5134
.5133
.5132
.513
.5129
.5128
.5127
.5125
.5124
.5123
.5122
.512
.5119
.5118
.5116
.5115
.5113
.5112
.511
.5109
.5107
.5106
.5104
.5103
.5101
.51
.5098
.5096
.5095
.5093
.5091
.5089
.5088
.5086
.5084
.5082
.508
.5078
.5076
.5075
.5073
.5071
.5068
.5066
.5064
.5062
.506
.5058
.5056
.5053
.5051
.5049
.5047
.5044
.5042
.5039
.5037
.5034
.5032
.5029
.5027
.5024
.5022
.5019
.5016
.5014
.5011
.5008
.5005
.5002
.4999
.4996
.4993
.499
.4987
.4984
.4981
.4978
.4975
.4972
.4968
.4965
.4962
.4959
.4955
.4952
.4948
.4945
.4941
.4938
.4934
.493
.4927
.4923
.4919
.4915
.4912
.4908
.4904
.49
.4896
.4892
.4888
.4884
.488
.4876
.4871
.4867
.4863
.4859
.4854
.485
.4846
.4841
.4837
.4832
.4828
.4823
.4819
.4814
.4809
.4805
.48
.4795
.479
.4786
.4781
.4776
.4771
.4766
.4761
.4756
.4751
.4746
.4741
.4735
.473
.4725
.472
.4715
.4709
.4704
.4699
.4693
.4688
.4682
.4677
.4672
.4666
.466
.4655
.4649
.4644
.4638
.4632
.4627
.4621
.4615
.4609
.4604
.4598
.4592
.4586
.458
.4574
.4568
.4562
.4556
.455
.4544
.4538
.4532
.4526
.452
.4514
.4507
.4501
.4495
.4489
.4483
.4476
.447
.4464
.4457
.4451
.4445
.4438
.4432
.4425
.4419
.4412
.4406
.4399
.4393
.4386
.438
.4373
.4366
.436
.4353
.4346
.434
.4333
.4326
.4319
.4313
.4306
.4299
.4292
.4285
.4278
.4272
.4265
.4258
.4251
.4244
.4237
.423
.4223
.4216
.4209
.4202
.4195
.4188
.4181
.4173
.4166
.4159
.4152
.4145
.4138
.413
.4123
.4116
.4109
.4101
.4094
.4087
.4079
.4072
.4065
.4057
.405
.4043
.4035
.4028
.402
.4013
.4006
.3998
.3991
.3983
.3976
.3968
.396
.3953
.3945
.3938
.393
.3923
.3915
.3907
.39
.3892
.3884
.3877
.3869
.3861
.3854
.3846
.3838
.3831
.3823
.3815
.3807
.38
.3792
.3784
.3776
.3768
.3761
.3753
.3745
.3737
.3729
.3722
.3714
.3706
.3698
.369
.3682
.3674
.3666
.3659
.3651
.3643
.3635
.3627
.3619
.3611
.3603
.3595
.3587
.358
.3572
.3564
.3556
.3548
.354
.3532
.3524
.3516
.3508
.35
.3492
.3484
.3476
.3469
.3461
.3453
.3445
.3437
.3429
.3421
.3413
.3405
.3397
.3389
.3382
.3374
.3366
.3358
.335
.3342
.3334
.3327
.3319
.3311
.3303
.3295
.3287
.328
.3272
.3264
.3256
.3248
.3241
.3233
.3225
.3217
.321
.3202
.3194
.3187
.3179
.3171
.3164
.3156
.3148
.3141
.3133
.3126
.3118
.311
.3103
.3095
.3088
.308
.3073
.3065
.3058
.305
.3043
.3035
.3028
.3021
.3013
.3006
.2998
.2991
.2984
.2976
.2969
.2962
.2955
.2947
.294
.2933
.2926
.2918
.2911
.2904
.2897
.289
.2883
.2875
.2868
.2861
.2854
.2847
.284
.2833
.2826
.2819
.2812
.2805
.2798
.2791
.2784
.2778
.2771
.2764
.2757
.275
.2743
.2737
.273
.2723
.2716
.271
.2703
.2696
.2689
.2683
.2676
.267
.2663
.2656
.265
.2643
.2637
.263
.2624
.2617
.2611
.2604
.2598
.2591
.2585
.2578
.2572
.2566
.2559
.2553
.2546
.254
.2534
.2528
.2521
.2515
.2509
.2503
.2496
.249
.2484
.2478
.2472
.2466
.2459
.2453
.2447
.2441
.2435
.2429
.2423
.2417
.2411
.2405
.2399
.2393
.2387
.2381
.2375
.2369
.2364
.2358
.2352
.2346
.234
.2334
.2329
.2323
.2317
.2311
.2306
.23
.2294
.2288
.2283
.2277
.2271
.2266
.226
.2255
.2249
.2243
.2238
.2232
.2227
.2221
.2216
.221
.2205
.2199
.2194
.2189
.2183
.2178
.2172
.2167
.2162
.2156
.2151
.2146
.214
.2135
.213
.2125
.2119
.2114
.2109
.2104
.2099
.2094
.2088
.2083
.2078
.2073
.2068
.2063
.2058
.2053
.2048
.2043
.2038
.2033
.2028
.2023
.2018
.2013
.2008
.2003
.1998
.1993
.1989
.1984
.1979
.1974
.1969
.1965
.196
.1955
.195
.1946
.1941
.1936
.1932
.1927
.1922
.1918
.1913
.1908
.1904
.1899
.1895
.189
.1886
.1881
.1877
.1872
.1868
.1863
.1859
.1854
.185
.1846
.1841
.1837
.1832
.1828
.1824
.1819
.1815
.1811
.1807
.1802
.1798
.1794
.179
.1786
.1781
.1777
.1773
.1769
.1765
.1761
.1757
.1752
.1748
.1744
.174
.1736
.1732
.1728
.1724
.172
.1716
.1712
.1708
.1705
.1701
.1697
.1693
.1689
.1685
.1681
.1678
.1674
.167
.1666
.1662
.1659
.1655
.1651
.1647
.1644
.164
.1636
.1633
.1629
.1625
.1622
.1618
.1615
.1611
.1607
.1604
.16
.1597
.1593
.159
.1586
.1583
.1579
.1576
.1572
.1569
.1565
.1562
.1559
.1555
.1552
.1548
.1545
.1542
.1538
.1535
.1532
.1529
.1525
.1522
.1519
.1515
.1512
.1509
.1506
.1503
.1499
.1496
.1493
.149
.1487
.1484
.148
.1477
.1474
.1471
.1468
.1465
.1462
.1459
.1456
.1453
.145
.1447
.1444
.1441
.1438
.1435
.1432
.1429
.1426
.1423
.142
.1417
.1414
.1411
.1409
.1406
.1403
.14
.1397
.1394
.1391
.1389
.1386
.1383
.138
.1378
.1375
.1372
.1369
.1367
.1364
.1361
.1358
.1356
.1353
.135
.1348
.1345
.1342
.134
.1337
.1334
.1332
.1329
.1327
.1324
.1321
.1319
.1316
.1314
.1311
.1309
.1306
.1304
.1301
.1299
.1296
.1294
.1291
.1289
.1286
.1284
.1281
.1279
.1276
.1274
.1272
.1269
.1267
.1264
.1262
.126
.1257
.1255
.1253
.125
.1248
.1245
.1243
.1241
.1239
.1236
.1234
.1232
.1229
.1227
.1225
.1223
.122
.1218
.1216
.1214
.1211
.1209
.1207
.1205
.1203
.12
.1198
.1196
.1194
.1192
.119
.1187
.1185
.1183
.1181
.1179
.1177
.1175
.1173
.117
.1168
.1166
.1164
.1162
.116
.1158
.1156
.1154
.1152
.115
.1148
.1146
.1144
.1142
.114
.1138
.1136
.1134
.1132
.113
.1128
.1126
.1124
.1122
.112
.1118
.1116
.1114
.1112
.111
.1109
.1107
.1105
.1103
.1101
.1099
.1097
.1095
.1094
.1092
.109
.1088
.1086
.1084
.1082
.1081
.1079
.1077
.1075
.1073
.1072
.107
.1068
.1066
.1064
.1063
.1061
.1059
.1057
.1056
.1054
.1052
.105
.1049
.1047
.1045
.1044
.1042
.104
.1038
.1037
.1035
.1033
.1032
.103
.1028
.1027
.1025
.1023
.1022
.102
.1018
.1017
.1015
.1013
.1012
.101
.1009
.1007
.1005
.1004
.1002
.1001
.0999
.0997
.0996
.0994
.0993
.0991
.099
.0988
.0986
.0985
.0983
.0982
.098
.0979
.0977
.0976
.0974
.0973
.0971
.097
.0968
.0967
.0965
.0964
.0962
.0961
.0959
.0958
.0956
.0955
.0953
.0952
.095
.0949
.0947
.0946
.0945
.0943
.0942
.094
.0939
.0937
.0936
.0935
.0933
.0932
.093
.0929
.0928
.0926
.0925
.0923
.0922
.0921
.0919
.0918
.0916
.0915
.0914
.0912
.0911
.091
.0908
.0907
.0906
.0904
.0903
.0902
.09
.0899
.0898
.0896
.0895
.0894
.0892
.0891
.089
.0889
.0887
.0886
.0885
.0883
.0882
.0881
.088
.0878
.0877
.0876
.0875
.0873
.0872
.0871
.087
.0868
.0867
.0866
.0865
.0863
.0862
.0861
.086
.0858
.0857
.0856
.0855
.0854
.0852
.0851
.085
.0849
.0848
.0846
.0845
.0844
.0843
.0842
.0841
.0839
.0838
.0837
.0836
.0835
.0834
.0832
.0831
.083
.0829
.0828
.0827
.0826
.0824
.0823
.0822
.0821
.082
.0819
.0818
.0817
.0815
.0814
.0813
.0812
.0811
.081
.0809
.0808
.0807
.0806
.0804
.0803
.0802
.0801
.08
.0799
.0798
.0797
.0796
.0795
.0794
.0793
.0792
.0791
.079
.0788
.0787
.0786
.0785
.0784
.0783
.0782
.0781
.078
.0779
.0778
.0777
.0776
.0775
.0774
.0773
.0772
.0771
.077
.0769
.0768
.0767
.0766
.0765
.0764
.0763
.0762
.0761
.076
.0759
.0758
.0757
.0756
.0755
.0754
.0753
.0752
.0751
.075
.0749
.0749
.0748
.0747
.0746
.0745
.0744
.0743
.0742
.0741
.074
.0739
.0738
.0737
.0736
.0735
.0734
.0734
.0733
.0732
.0731
.073
.0729
.0728
.0727
.0726
.0725
.0724
.0724
.0723
.0722
.0721
.072
.0719
.0718
.0717
.0716
.0716
.0715
.0714
.0713
.0712
.0711
.071
.0709
.0709
.0708
.0707
.0706
.0705
.0704
.0703
.0703
.0702
.0701
.07
.0699
.0698
.0697
.0697
.0696
.0695
.0694
.0693
.0692
.0692
.0691
.069
.0689
.0688
.0688
.0687
.0686
.0685
.0684
.0683
.0683
.0682
.0681
.068
.0679
.0679
.0678
.0677
.0676
.0675
.0675
.0674
.0673
.0672
.0672
.0671
.067
.0669
.0668
.0668
.0667
.0666
.0665
.0665
.0664
.0663
.0662
.0661
.0661
.066
.0659
.0658
.0658
.0657
.0656
.0655
.0655
.0654
.0653
.0652
.0652
.0651
.065
.0649
.0649
.0648
.0647
.0646
.0646
.0645
.0644
.0644
.0643
.0642
.0641
.0641
.064
.0639
.0639
.0638
.0637
.0636
.0636
.0635
.0634
.0634
.0633
.0632
.0631
.0631
.063
.0629
.0629
.0628
.0627
.0627
.0626
.0625
.0624
.0624
.0623
.0622
.0622
.0621
.062
.062
.0619
.0618
.0618
.0617
.0616
.0616
.0615
.0614
.0614
.0613
.0612
.0612
.0611
.061
.061
.0609
.0608
.0608
.0607
.0606
.0606
.0605
.0604
.0604
.0603
.0602
.0602
.0601
.0601
.06
.0599
.0599
.0598
.0597
.0597
.0596
.0595
.0595
.0594
.0594
.0593
.0592
.0592
.0591
.059
.059
.0589
.0589
.0588
.0587
.0587
.0586
.0586
.0585
.0584
.0584
.0583
.0582
.0582
.0581
.0581
.058
.0579
.0579
.0578
.0578
.0577
.0576
.0576
.0575
.0575
.0574
.0574
.0573
.0572
.0572
.0571
.0571
.057
.0569
.0569
.0568
.0568
.0567
.0567
.0566
.0565
.0565
.0564
.0564
.0563
.0563
.0562
.0561
.0561
.056
.056
.0559
.0559
.0558
.0557
.0557
.0556
.0556
.0555
.0555
.0554
.0554
.0553
.0552
.0552
.0551
.0551
.055
.055
.0549
.0549
.0548
.0548
.0547
.0546
.0546
.0545
.0545
.0544
.0544
.0543
.0543
.0542
.0542
.0541
.0541
.054
.054
.0539
.0538
.0538
.0537
.0537
.0536
.0536
.0535
.0535
.0534
.0534
.0533
.0533
.0532
.0532
.0531
.0531
.053
.053
.0529
.0529
.0528
.0528
.0527
.0527
.0526
.0526
.0525
.0525
.0524
.0524
.0523
.0523
.0522
.0522
.0521
.0521
.052
.052
.0519
.0519
.0518
.0518
.0517
.0517
.0516
.0516
.0515
.0515
.0514
.0514
.0513
.0513
.0512
.0512
.0511
.0511
.051
.051
.0509
.0509
.0509
.0508
.0508
.0507
.0507
.0506
.0506
.0505
.0505
.0504
.0504
.0503
.0503
.0502
.0502
.0502
.0501
.0501
.05
.05
