.5829
.5811
.5778
.5745
.5713
.5681
.5651
.5622
.5593
.5566
.554
.5516
.5492
.547
.545
.543
.5412
.5395
.538
.5365
.5352
.534
.5329
.5319
.531
.5301
.5294
.5287
.5281
.5275
.527
.5265
.5261
.5257
.5254
.5251
.5248
.5245
.5243
.524
.5238
.5236
.5234
.5232
.523
.5229
.5227
.5225
.5224
.5222
.5221
.5219
.5218
.5216
.5215
.5213
.5211
.521
.5208
.5207
.5205
.5204
.5202
.52
.5199
.5197
.5195
.5194
.5192
.519
.5188
.5186
.5185
.5183
.5181
.5179
.5177
.5175
.5173
.5171
.5169
.5167
.5165
.5163
.5161
.5159
.5156
.5154
.5152
.515
.5147
.5145
.5143
.514
.5138
.5135
.5133
.513
.5128
.5125
.5122
.512
.5117
.5114
.5112
.5109
.5106
.5103
.51
.5097
.5094
.5091
.5088
.5085
.5082
.5079
.5075
.5072
.5069
.5066
.5062
.5059
.5055
.5052
.5048
.5045
.5041
.5037
.5034
.503
.5026
.5022
.5018
.5014
.501
.5006
.5002
.4998
.4994
.499
.4986
.4981
.4977
.4973
.4968
.4964
.4959
.4955
.495
.4945
.4941
.4936
.4931
.4926
.4921
.4916
.4911
.4906
.4901
.4896
.4891
.4886
.488
.4875
.487
.4864
.4859
.4853
.4848
.4842
.4836
.4831
.4825
.4819
.4813
.4808
.4802
.4796
.479
.4784
.4778
.4771
.4765
.4759
.4753
.4747
.474
.4734
.4727
.4721
.4715
.4708
.4701
.4695
.4688
.4682
.4675
.4668
.4661
.4655
.4648
.4641
.4634
.4627
.462
.4613
.4606
.4599
.4592
.4585
.4577
.457
.4563
.4556
.4549
.4541
.4534
.4527
.4519
.4512
.4504
.4497
.4489
.4482
.4474
.4467
.4459
.4452
.4444
.4437
.4429
.4421
.4414
.4406
.4398
.4391
.4383
.4375
.4367
.4359
.4352
.4344
.4336
.4328
.432
.4313
.4305
.4297
.4289
.4281
.4273
.4265
.4257
.4249
.4241
.4234
.4226
.4218
.421
.4202
.4194
.4186
.4178
.417
.4162
.4154
.4146
.4138
.413
.4122
.4114
.4106
.4098
.409
.4082
.4074
.4066
.4058
.405
.4042
.4034
.4026
.4018
.401
.4002
.3994
.3986
.3978
.397
.3963
.3955
.3947
.3939
.3931
.3923
.3915
.3907
.3899
.3891
.3884
.3876
.3868
.386
.3852
.3844
.3837
.3829
.3821
.3813
.3805
.3798
.379
.3782
.3774
.3767
.3759
.3751
.3744
.3736
.3728
.3721
.3713
.3705
.3698
.369
.3683
.3675
.3668
.366
.3652
.3645
.3637
.363
.3623
.3615
.3608
.36
.3593
.3585
.3578
.3571
.3563
.3556
.3549
.3542
.3534
.3527
.352
.3513
.3505
.3498
.3491
.3484
.3477
.347
.3462
.3455
.3448
.3441
.3434
.3427
.342
.3413
.3406
.3399
.3392
.3386
.3379
.3372
.3365
.3358
.3351
.3345
.3338
.3331
.3324
.3318
.3311
.3304
.3298
.3291
.3284
.3278
.3271
.3265
.3258
.3251
.3245
.3239
.3232
.3226
.3219
.3213
.3206
.32
.3194
.3187
.3181
.3175
.3169
.3162
.3156
.315
.3144
.3138
.3131
.3125
.3119
.3113
.3107
.3101
.3095
.3089
.3083
.3077
.3071
.3065
.3059
.3053
.3047
.3042
.3036
.303
.3024
.3018
.3013
.3007
.3001
.2995
.299
.2984
.2978
.2973
.2967
.2962
.2956
.2951
.2945
.2939
.2934
.2929
.2923
.2918
.2912
.2907
.2901
.2896
.2891
.2885
.288
.2875
.2869
.2864
.2859
.2854
.2849
.2843
.2838
.2833
.2828
.2823
.2818
.2813
.2808
.2802
.2797
.2792
.2787
.2782
.2777
.2772
.2768
.2763
.2758
.2753
.2748
.2743
.2738
.2733
.2729
.2724
.2719
.2714
.271
.2705
.27
.2695
.2691
.2686
.2681
.2677
.2672
.2668
.2663
.2658
.2654
.2649
.2645
.264
.2636
.2631
.2627
.2622
.2618
.2613
.2609
.2605
.26
.2596
.2592
.2587
.2583
.2579
.2574
.257
.2566
.2561
.2557
.2553
.2549
.2545
.254
.2536
.2532
.2528
.2524
.252
.2515
.2511
.2507
.2503
.2499
.2495
.2491
.2487
.2483
.2479
.2475
.2471
.2467
.2463
.2459
.2455
.2451
.2447
.2444
.244
.2436
.2432
.2428
.2424
.242
.2417
.2413
.2409
.2405
.2401
.2398
.2394
.239
.2387
.2383
.2379
.2375
.2372
.2368
.2364
.2361
.2357
.2354
.235
.2346
.2343
.2339
.2336
.2332
.2329
.2325
.2322
.2318
.2315
.2311
.2308
.2304
.2301
.2297
.2294
.229
.2287
.2283
.228
.2277
.2273
.227
.2267
.2263
.226
.2257
.2253
.225
.2247
.2243
.224
.2237
.2234
.223
.2227
.2224
.2221
.2217
.2214
.2211
.2208
.2205
.2201
.2198
.2195
.2192
.2189
.2186
.2183
.2179
.2176
.2173
.217
.2167
.2164
.2161
.2158
.2155
.2152
.2149
.2146
.2143
.214
.2137
.2134
.2131
.2128
.2125
.2122
.2119
.2116
.2113
.211
.2107
.2104
.2101
.2099
.2096
.2093
.209
.2087
.2084
.2081
.2079
.2076
.2073
.207
.2067
.2064
.2062
.2059
.2056
.2053
.2051
.2048
.2045
.2042
.204
.2037
.2034
.2031
.2029
.2026
.2023
.2021
.2018
.2015
.2013
.201
.2007
.2005
.2002
.1999
.1997
.1994
.1992
.1989
.1986
.1984
.1981
.1979
.1976
.1973
.1971
.1968
.1966
.1963
.1961
.1958
.1956
.1953
.1951
.1948
.1946
.1943
.1941
.1938
.1936
.1933
.1931
.1928
.1926
.1923
.1921
.1919
.1916
.1914
.1911
.1909
.1907
.1904
.1902
.1899
.1897
.1895
.1892
.189
.1888
.1885
.1883
.1881
.1878
.1876
.1874
.1871
.1869
.1867
.1864
.1862
.186
.1857
.1855
.1853
.1851
.1848
.1846
.1844
.1842
.1839
.1837
.1835
.1833
.183
.1828
.1826
.1824
.1822
.1819
.1817
.1815
.1813
.1811
.1808
.1806
.1804
.1802
.18
.1798
.1795
.1793
.1791
.1789
.1787
.1785
.1783
.1781
.1779
.1776
.1774
.1772
.177
.1768
.1766
.1764
.1762
.176
.1758
.1756
.1754
.1752
.1749
.1747
.1745
.1743
.1741
.1739
.1737
.1735
.1733
.1731
.1729
.1727
.1725
.1723
.1721
.1719
.1717
.1715
.1713
.1711
.1709
.1708
.1706
.1704
.1702
.17
.1698
.1696
.1694
.1692
.169
.1688
.1686
.1684
.1682
.1681
.1679
.1677
.1675
.1673
.1671
.1669
.1667
.1665
.1664
.1662
.166
.1658
.1656
.1654
.1652
.1651
.1649
.1647
.1645
.1643
.1641
.164
.1638
.1636
.1634
.1632
.1631
.1629
.1627
.1625
.1623
.1622
.162
.1618
.1616
.1615
.1613
.1611
.1609
.1607
.1606
.1604
.1602
.16
.1599
.1597
.1595
.1594
.1592
.159
.1588
.1587
.1585
.1583
.1581
.158
.1578
.1576
.1575
.1573
.1571
.157
.1568
.1566
.1565
.1563
.1561
.156
.1558
.1556
.1555
.1553
.1551
.155
.1548
.1546
.1545
.1543
.1541
.154
.1538
.1537
.1535
.1533
.1532
.153
.1528
.1527
.1525
.1524
.1522
.152
.1519
.1517
.1516
.1514
.1512
.1511
.1509
.1508
.1506
.1505
.1503
.1501
.15
.1498
.1497
.1495
.1494
.1492
.1491
.1489
.1487
.1486
.1484
.1483
.1481
.148
.1478
.1477
.1475
.1474
.1472
.1471
.1469
.1468
.1466
.1465
.1463
.1462
.146
.1459
.1457
.1456
.1454
.1453
.1451
.145
.1448
.1447
.1445
.1444
.1442
.1441
.144
.1438
.1437
.1435
.1434
.1432
.1431
.1429
.1428
.1427
.1425
.1424
.1422
.1421
.1419
.1418
.1417
.1415
.1414
.1412
.1411
.1409
.1408
.1407
.1405
.1404
.1402
.1401
.14
.1398
.1397
.1395
.1394
.1393
.1391
.139
.1389
.1387
.1386
.1384
.1383
.1382
.138
.1379
.1378
.1376
.1375
.1374
.1372
.1371
.137
.1368
.1367
.1365
.1364
.1363
.1361
.136
.1359
.1357
.1356
.1355
.1354
.1352
.1351
.135
.1348
.1347
.1346
.1344
.1343
.1342
.134
.1339
.1338
.1337
.1335
.1334
.1333
.1331
.133
.1329
.1327
.1326
.1325
.1324
.1322
.1321
.132
.1319
.1317
.1316
.1315
.1314
.1312
.1311
.131
.1308
.1307
.1306
.1305
.1304
.1302
.1301
.13
.1299
.1297
.1296
.1295
.1294
.1292
.1291
.129
.1289
.1287
.1286
.1285
.1284
.1283
.1281
.128
.1279
.1278
.1277
.1275
.1274
.1273
.1272
.1271
.1269
.1268
.1267
.1266
.1265
.1263
.1262
.1261
.126
.1259
.1258
.1256
.1255
.1254
.1253
.1252
.125
.1249
.1248
.1247
.1246
.1245
.1243
.1242
.1241
.124
.1239
.1238
.1237
.1235
.1234
.1233
.1232
.1231
.123
.1229
.1227
.1226
.1225
.1224
.1223
.1222
.1221
.122
.1218
.1217
.1216
.1215
.1214
.1213
.1212
.1211
.121
.1208
.1207
.1206
.1205
.1204
.1203
.1202
.1201
.12
.1199
.1197
.1196
.1195
.1194
.1193
.1192
.1191
.119
.1189
.1188
.1187
.1186
.1184
.1183
.1182
.1181
.118
.1179
.1178
.1177
.1176
.1175
.1174
.1173
.1172
.1171
.117
.1168
.1167
.1166
.1165
.1164
.1163
.1162
.1161
.116
.1159
.1158
.1157
.1156
.1155
.1154
.1153
.1152
.1151
.115
.1149
.1148
.1147
.1146
.1145
.1144
.1143
.1142
.1141
.114
.1139
.1138
.1137
.1136
.1135
.1134
.1133
.1132
.1131
.113
.1129
.1128
.1127
.1126
.1125
.1124
.1123
.1122
.1121
.112
.1119
.1118
.1117
.1116
.1115
.1114
.1113
.1112
.1111
.111
.1109
.1108
.1107
.1106
.1105
.1104
.1103
.1102
.1101
.11
.1099
.1098
.1097
.1096
.1095
.1094
.1094
.1093
.1092
.1091
.109
.1089
.1088
.1087
.1086
.1085
.1084
.1083
.1082
.1081
.108
.1079
.1079
.1078
.1077
.1076
.1075
.1074
.1073
.1072
.1071
.107
.1069
.1068
.1067
.1067
.1066
.1065
.1064
.1063
.1062
.1061
.106
.1059
.1058
.1057
.1057
.1056
.1055
.1054
.1053
.1052
.1051
.105
.1049
.1049
.1048
.1047
.1046
.1045
.1044
.1043
.1042
.1041
.1041
.104
.1039
.1038
.1037
.1036
.1035
.1034
.1034
.1033
.1032
.1031
.103
.1029
.1028
.1028
.1027
.1026
.1025
.1024
.1023
.1022
.1022
.1021
.102
.1019
.1018
.1017
.1016
.1016
.1015
.1014
.1013
.1012
.1011
.1011
.101
.1009
.1008
.1007
.1006
.1006
.1005
.1004
.1003
.1002
.1001
.1001
.1
.0999
.0998
.0997
.0996
.0996
.0995
.0994
.0993
.0992
.0992
.0991
.099
.0989
.0988
.0987
.0987
.0986
.0985
.0984
.0983
.0983
.0982
.0981
.098
.0979
.0979
.0978
.0977
.0976
.0975
.0975
.0974
.0973
.0972
.0971
.0971
.097
.0969
.0968
.0968
.0967
.0966
.0965
.0964
.0964
.0963
.0962
.0961
.0961
.096
.0959
.0958
.0957
.0957
.0956
.0955
.0954
.0954
.0953
.0952
.0951
.0951
.095
.0949
.0948
.0948
.0947
.0946
.0945
.0945
.0944
.0943
.0942
.0942
.0941
.094
.0939
.0939
.0938
.0937
.0936
.0936
.0935
.0934
.0933
.0933
.0932
.0931
.093
.093
.0929
.0928
.0927
.0927
.0926
.0925
.0925
.0924
.0923
.0922
.0922
.0921
.092
.0919
.0919
.0918
.0917
.0917
.0916
.0915
.0914
.0914
.0913
.0912
.0912
.0911
.091
.0909
.0909
.0908
.0907
.0907
.0906
.0905
.0905
.0904
.0903
.0902
.0902
.0901
.09
.09
.0899
.0898
.0898
.0897
.0896
.0896
.0895
.0894
.0893
.0893
.0892
.0891
.0891
.089
.0889
.0889
.0888
.0887
.0887
.0886
.0885
.0885
.0884
.0883
.0883
.0882
.0881
.0881
.088
.0879
.0879
.0878
.0877
.0877
.0876
.0875
.0875
.0874
.0873
.0873
.0872
.0871
.0871
.087
.0869
.0869
.0868
.0867
.0867
.0866
.0865
.0865
.0864
.0863
.0863
.0862
.0861
.0861
.086
.0859
.0859
.0858
.0858
.0857
.0856
.0856
.0855
.0854
.0854
.0853
.0852
.0852
.0851
.0851
.085
.0849
.0849
.0848
.0847
.0847
.0846
.0846
.0845
.0844
.0844
.0843
.0842
.0842
.0841
.0841
.084
.0839
.0839
.0838
.0837
.0837
.0836
.0836
.0835
.0834
.0834
.0833
.0833
.0832
.0831
.0831
.083
.0829
.0829
.0828
.0828
.0827
.0826
.0826
.0825
.0825
.0824
.0823
.0823
.0822
.0822
.0821
.082
.082
.0819
.0819
.0818
.0817
.0817
.0816
.0816
.0815
.0815
.0814
.0813
.0813
.0812
.0812
.0811
.081
.081
.0809
.0809
.0808
.0808
.0807
.0806
.0806
.0805
.0805
.0804
.0803
.0803
.0802
.0802
.0801
.0801
.08
.0799
.0799
.0798
.0798
.0797
.0797
.0796
.0796
.0795
.0794
.0794
.0793
.0793
.0792
.0792
.0791
.079
.079
.0789
.0789
.0788
.0788
.0787
.0787
.0786
.0785
.0785
.0784
.0784
.0783
.0783
.0782
.0782
.0781
.0781
.078
.0779
.0779
.0778
.0778
.0777
.0777
.0776
.0776
.0775
.0775
.0774
.0773
.0773
.0772
.0772
.0771
.0771
.077
.077
.0769
.0769
.0768
.0768
.0767
.0767
.0766
.0765
.0765
.0764
.0764
.0763
.0763
.0762
.0762
.0761
.0761
.076
.076
.0759
.0759
.0758
.0758
.0757
.0757
.0756
.0756
.0755
.0754
.0754
.0753
.0753
.0752
.0752
.0751
.0751
.075
.075
.0749
.0749
.0748
.0748
.0747
.0747
.0746
.0746
.0745
.0745
.0744
.0744
.0743
.0743
.0742
.0742
.0741
.0741
.074
.074
.0739
.0739
.0738
.0738
.0737
.0737
.0736
.0736
.0735
.0735
.0734
.0734
.0733
.0733
.0732
.0732
.0731
.0731
.073
.073
.0729
.0729
.0728
.0728
.0728
.0727
.0727
.0726
.0726
.0725
.0725
.0724
.0724
.0723
.0723
.0722
.0722
.0721
.0721
.072
.072
.0719
.0719
.0718
.0718
.0717
.0717
.0717
.0716
.0716
.0715
.0715
.0714
.0714
.0713
.0713
.0712
.0712
.0711
.0711
.071
.071
.071
.0709
.0709
.0708
.0708
.0707
.0707
.0706
.0706
.0705
.0705
.0704
.0704
.0704
.0703
.0703
.0702
.0702
.0701
.0701
.07
.07
.0699
.0699
.0699
.0698
.0698
.0697
.0697
.0696
.0696
.0695
.0695
.0695
.0694
.0694
.0693
.0693
.0692
.0692
.0691
.0691
.0691
.069
.069
.0689
.0689
.0688
.0688
.0687
.0687
.0687
.0686
.0686
.0685
.0685
.0684
.0684
.0684
.0683
.0683
.0682
.0682
.0681
.0681
.068
.068
.068
.0679
.0679
.0678
.0678
.0677
.0677
.0677
.0676
.0676
.0675
.0675
.0675
.0674
.0674
.0673
.0673
.0672
.0672
.0672
.0671
.0671
.067
.067
.0669
.0669
.0669
.0668
.0668
.0667
.0667
.0667
.0666
.0666
.0665
.0665
.0664
.0664
.0664
.0663
.0663
.0662
.0662
.0662
.0661
.0661
.066
.066
.066
.0659
.0659
.0658
.0658
.0657
.0657
.0657
.0656
.0656
.0655
.0655
.0655
.0654
.0654
.0653
.0653
.0653
.0652
.0652
.0651
.0651
.0651
.065
.065
.0649
.0649
.0649
.0648
.0648
.0647
.0647
.0647
.0646
.0646
.0646
.0645
.0645
.0644
.0644
.0644
.0643
.0643
.0642
.0642
.0642
.0641
.0641
.064
.064
.064
.0639
.0639
.0639
.0638
.0638
.0637
.0637
.0637
.0636
.0636
.0635
.0635
.0635
.0634
.0634
.0634
.0633
.0633
.0632
.0632
.0632
.0631
.0631
.063
.063
.063
.0629
.0629
.0629
.0628
.0628
.0627
.0627
.0627
.0626
.0626
.0626
.0625
.0625
.0625
.0624
.0624
.0623
.0623
.0623
.0622
.0622
.0622
.0621
.0621
.062
.062
.062
.0619
.0619
.0619
.0618
.0618
.0618
.0617
.0617
.0616
.0616
.0616
.0615
.0615
.0615
.0614
.0614
.0614
.0613
.0613
.0612
.0612
.0612
.0611
.0611
.0611
.061
.061
.061
.0609
.0609
.0609
.0608
.0608
.0607
.0607
.0607
.0606
.0606
.0606
.0605
.0605
.0605
.0604
.0604
.0604
.0603
.0603
.0603
.0602
.0602
.0601
.0601
.0601
.06
.06
.06
.0599
.0599
.0599
.0598
.0598
.0598
.0597
.0597
.0597
.0596
.0596
.0596
.0595
.0595
.0595
.0594
.0594
.0594
.0593
.0593
.0593
.0592
.0592
.0592
.0591
.0591
.0591
.059
.059
.059
.0589
.0589
.0589
.0588
.0588
.0587
.0587
.0587
.0586
.0586
.0586
.0585
.0585
.0585
.0584
.0584
.0584
.0584
.0583
.0583
.0583
.0582
.0582
.0582
.0581
.0581
.0581
.058
.058
.058
.0579
.0579
.0579
.0578
.0578
.0578
.0577
.0577
.0577
.0576
.0576
.0576
.0575
.0575
.0575
.0574
.0574
.0574
.0573
.0573
.0573
.0572
.0572
.0572
.0571
.0571
.0571
.0571
.057
.057
.057
.0569
.0569
.0569
.0568
.0568
.0568
.0567
.0567
.0567
.0566
.0566
.0566
.0565
.0565
.0565
.0565
.0564
.0564
.0564
.0563
.0563
.0563
.0562
.0562
.0562
.0561
.0561
.0561
.056
.056
.056
.056
.0559
.0559
.0559
.0558
.0558
.0558
.0557
.0557
.0557
.0556
.0556
.0556
.0556
.0555
.0555
.0555
.0554
.0554
.0554
.0553
.0553
.0553
.0552
.0552
.0552
.0552
.0551
.0551
.0551
.055
.055
.055
.0549
.0549
.0549
.0549
.0548
.0548
.0548
.0547
.0547
.0547
.0546
.0546
.0546
.0546
.0545
.0545
.0545
.0544
.0544
.0544
.0544
.0543
.0543
.0543
.0542
.0542
.0542
.0541
.0541
.0541
.0541
.054
.054
.054
.0539
.0539
.0539
.0539
.0538
.0538
.0538
.0537
.0537
.0537
.0537
.0536
.0536
.0536
.0535
.0535
.0535
.0535
.0534
.0534
.0534
.0533
.0533
.0533
.0533
.0532
.0532
.0532
.0531
.0531
.0531
.0531
.053
.053
.053
.0529
.0529
.0529
.0529
.0528
.0528
.0528
.0527
.0527
.0527
.0527
.0526
.0526
.0526
.0525
.0525
.0525
.0525
.0524
.0524
.0524
.0523
.0523
.0523
.0523
.0522
.0522
.0522
.0522
.0521
.0521
.0521
.052
.052
.052
.052
.0519
.0519
.0519
.0518
.0518
.0518
.0518
.0517
.0517
.0517
.0517
.0516
.0516
.0516
.0515
.0515
.0515
.0515
.0514
.0514
.0514
.0514
.0513
.0513
.0513
.0513
.0512
.0512
.0512
.0511
.0511
.0511
.0511
.051
.051
.051
.051
.0509
.0509
.0509
.0508
.0508
.0508
.0508
.0507
.0507
.0507
.0507
.0506
.0506
.0506
.0506
.0505
.0505
.0505
.0505
.0504
.0504
.0504
.0503
.0503
.0503
.0503
.0502
.0502
.0502
.0502
.0501
.0501
.0501
.0501
.05
.05
.05
