.5387
.5398
.5391
.5384
.5378
.5373
.5368
.5363
.5359
.5355
.5352
.5349
.5346
.5343
.5341
.5339
.5337
.5335
.5333
.5331
.533
.5329
.5327
.5326
.5325
.5324
.5323
.5322
.5321
.532
.5319
.5318
.5317
.5317
.5316
.5315
.5314
.5314
.5313
.5312
.5311
.5311
.531
.5309
.5309
.5308
.5307
.5307
.5306
.5305
.5304
.5304
.5303
.5302
.5302
.5301
.53
.53
.5299
.5298
.5297
.5297
.5296
.5295
.5295
.5294
.5293
.5293
.5292
.5291
.529
.529
.5289
.5288
.5287
.5287
.5286
.5285
.5285
.5284
.5283
.5282
.5282
.5281
.528
.5279
.5279
.5278
.5277
.5276
.5275
.5275
.5274
.5273
.5272
.5272
.5271
.527
.5269
.5268
.5268
.5267
.5266
.5265
.5264
.5264
.5263
.5262
.5261
.526
.5259
.5259
.5258
.5257
.5256
.5255
.5254
.5253
.5252
.5252
.5251
.525
.5249
.5248
.5247
.5246
.5245
.5244
.5243
.5242
.5241
.524
.5239
.5238
.5237
.5236
.5235
.5234
.5233
.5232
.5231
.523
.5229
.5228
.5227
.5226
.5225
.5224
.5223
.5222
.522
.5219
.5218
.5217
.5216
.5215
.5213
.5212
.5211
.521
.5208
.5207
.5206
.5205
.5203
.5202
.5201
.5199
.5198
.5197
.5195
.5194
.5192
.5191
.519
.5188
.5187
.5185
.5184
.5182
.5181
.5179
.5177
.5176
.5174
.5173
.5171
.5169
.5168
.5166
.5164
.5162
.5161
.5159
.5157
.5155
.5153
.5152
.515
.5148
.5146
.5144
.5142
.514
.5138
.5136
.5134
.5132
.5129
.5127
.5125
.5123
.5121
.5118
.5116
.5114
.5111
.5109
.5107
.5104
.5102
.5099
.5097
.5094
.5092
.5089
.5086
.5084
.5081
.5078
.5075
.5073
.507
.5067
.5064
.5061
.5058
.5055
.5052
.5049
.5046
.5043
.504
.5037
.5033
.503
.5027
.5023
.502
.5017
.5013
.501
.5006
.5003
.4999
.4995
.4992
.4988
.4984
.498
.4976
.4973
.4969
.4965
.4961
.4957
.4953
.4949
.4944
.494
.4936
.4932
.4927
.4923
.4919
.4914
.491
.4905
.4901
.4896
.4892
.4887
.4882
.4878
.4873
.4868
.4863
.4858
.4853
.4848
.4843
.4838
.4833
.4828
.4823
.4818
.4813
.4807
.4802
.4797
.4791
.4786
.478
.4775
.4769
.4764
.4758
.4753
.4747
.4741
.4736
.473
.4724
.4718
.4712
.4707
.4701
.4695
.4689
.4683
.4677
.4671
.4664
.4658
.4652
.4646
.464
.4633
.4627
.4621
.4615
.4608
.4602
.4595
.4589
.4583
.4576
.457
.4563
.4557
.455
.4543
.4537
.453
.4523
.4517
.451
.4503
.4497
.449
.4483
.4476
.447
.4463
.4456
.4449
.4442
.4435
.4428
.4421
.4415
.4408
.4401
.4394
.4387
.438
.4373
.4366
.4359
.4352
.4345
.4338
.433
.4323
.4316
.4309
.4302
.4295
.4288
.4281
.4274
.4267
.4259
.4252
.4245
.4238
.4231
.4224
.4217
.4209
.4202
.4195
.4188
.4181
.4174
.4166
.4159
.4152
.4145
.4138
.4131
.4123
.4116
.4109
.4102
.4095
.4087
.408
.4073
.4066
.4059
.4052
.4045
.4037
.403
.4023
.4016
.4009
.4002
.3995
.3988
.398
.3973
.3966
.3959
.3952
.3945
.3938
.3931
.3924
.3917
.391
.3903
.3896
.3889
.3882
.3875
.3868
.3861
.3854
.3847
.384
.3833
.3826
.3819
.3812
.3805
.3798
.3791
.3784
.3778
.3771
.3764
.3757
.375
.3743
.3736
.373
.3723
.3716
.3709
.3703
.3696
.3689
.3682
.3676
.3669
.3662
.3656
.3649
.3642
.3636
.3629
.3622
.3616
.3609
.3603
.3596
.3589
.3583
.3576
.357
.3563
.3557
.355
.3544
.3537
.3531
.3524
.3518
.3512
.3505
.3499
.3492
.3486
.348
.3473
.3467
.3461
.3454
.3448
.3442
.3435
.3429
.3423
.3417
.341
.3404
.3398
.3392
.3386
.338
.3373
.3367
.3361
.3355
.3349
.3343
.3337
.3331
.3325
.3319
.3313
.3307
.3301
.3295
.3289
.3283
.3277
.3271
.3265
.3259
.3253
.3247
.3242
.3236
.323
.3224
.3218
.3212
.3207
.3201
.3195
.3189
.3184
.3178
.3172
.3166
.3161
.3155
.3149
.3144
.3138
.3133
.3127
.3121
.3116
.311
.3105
.3099
.3093
.3088
.3082
.3077
.3071
.3066
.306
.3055
.305
.3044
.3039
.3033
.3028
.3022
.3017
.3012
.3006
.3001
.2996
.299
.2985
.298
.2975
.2969
.2964
.2959
.2953
.2948
.2943
.2938
.2933
.2927
.2922
.2917
.2912
.2907
.2902
.2897
.2891
.2886
.2881
.2876
.2871
.2866
.2861
.2856
.2851
.2846
.2841
.2836
.2831
.2826
.2821
.2816
.2811
.2806
.2801
.2796
.2791
.2787
.2782
.2777
.2772
.2767
.2762
.2757
.2753
.2748
.2743
.2738
.2733
.2729
.2724
.2719
.2714
.2709
.2705
.27
.2695
.2691
.2686
.2681
.2677
.2672
.2667
.2663
.2658
.2653
.2649
.2644
.2639
.2635
.263
.2626
.2621
.2616
.2612
.2607
.2603
.2598
.2594
.2589
.2585
.258
.2576
.2571
.2567
.2562
.2558
.2553
.2549
.2544
.254
.2535
.2531
.2526
.2522
.2518
.2513
.2509
.2504
.25
.2496
.2491
.2487
.2482
.2478
.2474
.2469
.2465
.2461
.2456
.2452
.2448
.2443
.2439
.2435
.2431
.2426
.2422
.2418
.2413
.2409
.2405
.2401
.2396
.2392
.2388
.2384
.2379
.2375
.2371
.2367
.2362
.2358
.2354
.235
.2346
.2341
.2337
.2333
.2329
.2325
.2321
.2316
.2312
.2308
.2304
.23
.2296
.2291
.2287
.2283
.2279
.2275
.2271
.2267
.2263
.2258
.2254
.225
.2246
.2242
.2238
.2234
.223
.2226
.2222
.2218
.2213
.2209
.2205
.2201
.2197
.2193
.2189
.2185
.2181
.2177
.2173
.2169
.2165
.2161
.2157
.2153
.2149
.2145
.2141
.2137
.2133
.2129
.2125
.2121
.2117
.2113
.2109
.2105
.2101
.2097
.2093
.2089
.2085
.2081
.2077
.2073
.2069
.2065
.2061
.2057
.2053
.2049
.2045
.2042
.2038
.2034
.203
.2026
.2022
.2018
.2014
.201
.2006
.2003
.1999
.1995
.1991
.1987
.1983
.1979
.1976
.1972
.1968
.1964
.196
.1956
.1953
.1949
.1945
.1941
.1937
.1934
.193
.1926
.1922
.1919
.1915
.1911
.1908
.1904
.19
.1896
.1893
.1889
.1885
.1882
.1878
.1874
.1871
.1867
.1863
.186
.1856
.1853
.1849
.1845
.1842
.1838
.1835
.1831
.1828
.1824
.1821
.1817
.1814
.181
.1807
.1803
.18
.1796
.1793
.1789
.1786
.1783
.1779
.1776
.1772
.1769
.1766
.1762
.1759
.1756
.1752
.1749
.1746
.1742
.1739
.1736
.1733
.1729
.1726
.1723
.172
.1717
.1713
.171
.1707
.1704
.1701
.1698
.1695
.1691
.1688
.1685
.1682
.1679
.1676
.1673
.167
.1667
.1664
.1661
.1658
.1655
.1652
.1649
.1646
.1643
.164
.1638
.1635
.1632
.1629
.1626
.1623
.162
.1618
.1615
.1612
.1609
.1606
.1604
.1601
.1598
.1595
.1593
.159
.1587
.1585
.1582
.1579
.1577
.1574
.1571
.1569
.1566
.1564
.1561
.1558
.1556
.1553
.1551
.1548
.1546
.1543
.1541
.1538
.1536
.1533
.1531
.1528
.1526
.1523
.1521
.1519
.1516
.1514
.1511
.1509
.1507
.1504
.1502
.15
.1497
.1495
.1493
.149
.1488
.1486
.1483
.1481
.1479
.1477
.1474
.1472
.147
.1468
.1465
.1463
.1461
.1459
.1457
.1455
.1452
.145
.1448
.1446
.1444
.1442
.144
.1437
.1435
.1433
.1431
.1429
.1427
.1425
.1423
.1421
.1419
.1417
.1415
.1413
.1411
.1409
.1407
.1405
.1403
.1401
.1399
.1397
.1395
.1393
.1391
.1389
.1387
.1385
.1383
.1382
.138
.1378
.1376
.1374
.1372
.137
.1368
.1367
.1365
.1363
.1361
.1359
.1357
.1356
.1354
.1352
.135
.1348
.1347
.1345
.1343
.1341
.1339
.1338
.1336
.1334
.1332
.1331
.1329
.1327
.1326
.1324
.1322
.132
.1319
.1317
.1315
.1314
.1312
.131
.1309
.1307
.1305
.1304
.1302
.13
.1299
.1297
.1295
.1294
.1292
.1291
.1289
.1287
.1286
.1284
.1283
.1281
.1279
.1278
.1276
.1275
.1273
.1272
.127
.1269
.1267
.1265
.1264
.1262
.1261
.1259
.1258
.1256
.1255
.1253
.1252
.125
.1249
.1247
.1246
.1244
.1243
.1241
.124
.1238
.1237
.1236
.1234
.1233
.1231
.123
.1228
.1227
.1225
.1224
.1223
.1221
.122
.1218
.1217
.1216
.1214
.1213
.1211
.121
.1209
.1207
.1206
.1205
.1203
.1202
.12
.1199
.1198
.1196
.1195
.1194
.1192
.1191
.119
.1188
.1187
.1186
.1184
.1183
.1182
.118
.1179
.1178
.1176
.1175
.1174
.1173
.1171
.117
.1169
.1167
.1166
.1165
.1164
.1162
.1161
.116
.1159
.1157
.1156
.1155
.1154
.1152
.1151
.115
.1149
.1147
.1146
.1145
.1144
.1143
.1141
.114
.1139
.1138
.1136
.1135
.1134
.1133
.1132
.113
.1129
.1128
.1127
.1126
.1125
.1123
.1122
.1121
.112
.1119
.1118
.1116
.1115
.1114
.1113
.1112
.1111
.111
.1108
.1107
.1106
.1105
.1104
.1103
.1102
.11
.1099
.1098
.1097
.1096
.1095
.1094
.1093
.1092
.109
.1089
.1088
.1087
.1086
.1085
.1084
.1083
.1082
.1081
.108
.1079
.1077
.1076
.1075
.1074
.1073
.1072
.1071
.107
.1069
.1068
.1067
.1066
.1065
.1064
.1063
.1062
.1061
.106
.1059
.1058
.1057
.1055
.1054
.1053
.1052
.1051
.105
.1049
.1048
.1047
.1046
.1045
.1044
.1043
.1042
.1041
.104
.1039
.1038
.1037
.1036
.1035
.1034
.1033
.1032
.1032
.1031
.103
.1029
.1028
.1027
.1026
.1025
.1024
.1023
.1022
.1021
.102
.1019
.1018
.1017
.1016
.1015
.1014
.1013
.1012
.1011
.1011
.101
.1009
.1008
.1007
.1006
.1005
.1004
.1003
.1002
.1001
.1
.0999
.0999
.0998
.0997
.0996
.0995
.0994
.0993
.0992
.0991
.099
.099
.0989
.0988
.0987
.0986
.0985
.0984
.0983
.0982
.0982
.0981
.098
.0979
.0978
.0977
.0976
.0975
.0975
.0974
.0973
.0972
.0971
.097
.0969
.0969
.0968
.0967
.0966
.0965
.0964
.0964
.0963
.0962
.0961
.096
.0959
.0959
.0958
.0957
.0956
.0955
.0954
.0954
.0953
.0952
.0951
.095
.0949
.0949
.0948
.0947
.0946
.0945
.0945
.0944
.0943
.0942
.0941
.0941
.094
.0939
.0938
.0937
.0937
.0936
.0935
.0934
.0933
.0933
.0932
.0931
.093
.0929
.0929
.0928
.0927
.0926
.0926
.0925
.0924
.0923
.0922
.0922
.0921
.092
.0919
.0919
.0918
.0917
.0916
.0916
.0915
.0914
.0913
.0913
.0912
.0911
.091
.091
.0909
.0908
.0907
.0907
.0906
.0905
.0904
.0904
.0903
.0902
.0901
.0901
.09
.0899
.0898
.0898
.0897
.0896
.0896
.0895
.0894
.0893
.0893
.0892
.0891
.0891
.089
.0889
.0888
.0888
.0887
.0886
.0886
.0885
.0884
.0883
.0883
.0882
.0881
.0881
.088
.0879
.0879
.0878
.0877
.0876
.0876
.0875
.0874
.0874
.0873
.0872
.0872
.0871
.087
.087
.0869
.0868
.0868
.0867
.0866
.0865
.0865
.0864
.0863
.0863
.0862
.0861
.0861
.086
.0859
.0859
.0858
.0857
.0857
.0856
.0855
.0855
.0854
.0854
.0853
.0852
.0852
.0851
.085
.085
.0849
.0848
.0848
.0847
.0846
.0846
.0845
.0844
.0844
.0843
.0842
.0842
.0841
.0841
.084
.0839
.0839
.0838
.0837
.0837
.0836
.0836
.0835
.0834
.0834
.0833
.0832
.0832
.0831
.0831
.083
.0829
.0829
.0828
.0827
.0827
.0826
.0826
.0825
.0824
.0824
.0823
.0823
.0822
.0821
.0821
.082
.082
.0819
.0818
.0818
.0817
.0816
.0816
.0815
.0815
.0814
.0814
.0813
.0812
.0812
.0811
.0811
.081
.0809
.0809
.0808
.0808
.0807
.0806
.0806
.0805
.0805
.0804
.0804
.0803
.0802
.0802
.0801
.0801
.08
.0799
.0799
.0798
.0798
.0797
.0797
.0796
.0795
.0795
.0794
.0794
.0793
.0793
.0792
.0792
.0791
.079
.079
.0789
.0789
.0788
.0788
.0787
.0786
.0786
.0785
.0785
.0784
.0784
.0783
.0783
.0782
.0781
.0781
.078
.078
.0779
.0779
.0778
.0778
.0777
.0777
.0776
.0776
.0775
.0774
.0774
.0773
.0773
.0772
.0772
.0771
.0771
.077
.077
.0769
.0769
.0768
.0767
.0767
.0766
.0766
.0765
.0765
.0764
.0764
.0763
.0763
.0762
.0762
.0761
.0761
.076
.076
.0759
.0759
.0758
.0758
.0757
.0757
.0756
.0755
.0755
.0754
.0754
.0753
.0753
.0752
.0752
.0751
.0751
.075
.075
.0749
.0749
.0748
.0748
.0747
.0747
.0746
.0746
.0745
.0745
.0744
.0744
.0743
.0743
.0742
.0742
.0741
.0741
.074
.074
.0739
.0739
.0738
.0738
.0737
.0737
.0736
.0736
.0736
.0735
.0735
.0734
.0734
.0733
.0733
.0732
.0732
.0731
.0731
.073
.073
.0729
.0729
.0728
.0728
.0727
.0727
.0726
.0726
.0725
.0725
.0724
.0724
.0724
.0723
.0723
.0722
.0722
.0721
.0721
.072
.072
.0719
.0719
.0718
.0718
.0717
.0717
.0717
.0716
.0716
.0715
.0715
.0714
.0714
.0713
.0713
.0712
.0712
.0712
.0711
.0711
.071
.071
.0709
.0709
.0708
.0708
.0707
.0707
.0707
.0706
.0706
.0705
.0705
.0704
.0704
.0703
.0703
.0703
.0702
.0702
.0701
.0701
.07
.07
.0699
.0699
.0699
.0698
.0698
.0697
.0697
.0696
.0696
.0695
.0695
.0695
.0694
.0694
.0693
.0693
.0692
.0692
.0692
.0691
.0691
.069
.069
.0689
.0689
.0689
.0688
.0688
.0687
.0687
.0686
.0686
.0686
.0685
.0685
.0684
.0684
.0683
.0683
.0683
.0682
.0682
.0681
.0681
.0681
.068
.068
.0679
.0679
.0678
.0678
.0678
.0677
.0677
.0676
.0676
.0676
.0675
.0675
.0674
.0674
.0674
.0673
.0673
.0672
.0672
.0671
.0671
.0671
.067
.067
.0669
.0669
.0669
.0668
.0668
.0667
.0667
.0667
.0666
.0666
.0665
.0665
.0665
.0664
.0664
.0663
.0663
.0663
.0662
.0662
.0661
.0661
.0661
.066
.066
.066
.0659
.0659
.0658
.0658
.0658
.0657
.0657
.0656
.0656
.0656
.0655
.0655
.0654
.0654
.0654
.0653
.0653
.0653
.0652
.0652
.0651
.0651
.0651
.065
.065
.0649
.0649
.0649
.0648
.0648
.0648
.0647
.0647
.0646
.0646
.0646
.0645
.0645
.0645
.0644
.0644
.0643
.0643
.0643
.0642
.0642
.0642
.0641
.0641
.064
.064
.064
.0639
.0639
.0639
.0638
.0638
.0637
.0637
.0637
.0636
.0636
.0636
.0635
.0635
.0635
.0634
.0634
.0633
.0633
.0633
.0632
.0632
.0632
.0631
.0631
.0631
.063
.063
.063
.0629
.0629
.0628
.0628
.0628
.0627
.0627
.0627
.0626
.0626
.0626
.0625
.0625
.0625
.0624
.0624
.0623
.0623
.0623
.0622
.0622
.0622
.0621
.0621
.0621
.062
.062
.062
.0619
.0619
.0619
.0618
.0618
.0618
.0617
.0617
.0617
.0616
.0616
.0615
.0615
.0615
.0614
.0614
.0614
.0613
.0613
.0613
.0612
.0612
.0612
.0611
.0611
.0611
.061
.061
.061
.0609
.0609
.0609
.0608
.0608
.0608
.0607
.0607
.0607
.0606
.0606
.0606
.0605
.0605
.0605
.0604
.0604
.0604
.0603
.0603
.0603
.0602
.0602
.0602
.0601
.0601
.0601
.06
.06
.06
.0599
.0599
.0599
.0598
.0598
.0598
.0597
.0597
.0597
.0596
.0596
.0596
.0596
.0595
.0595
.0595
.0594
.0594
.0594
.0593
.0593
.0593
.0592
.0592
.0592
.0591
.0591
.0591
.059
.059
.059
.0589
.0589
.0589
.0589
.0588
.0588
.0588
.0587
.0587
.0587
.0586
.0586
.0586
.0585
.0585
.0585
.0584
.0584
.0584
.0584
.0583
.0583
.0583
.0582
.0582
.0582
.0581
.0581
.0581
.058
.058
.058
.058
.0579
.0579
.0579
.0578
.0578
.0578
.0577
.0577
.0577
.0576
.0576
.0576
.0576
.0575
.0575
.0575
.0574
.0574
.0574
.0573
.0573
.0573
.0573
.0572
.0572
.0572
.0571
.0571
.0571
.0571
.057
.057
.057
.0569
.0569
.0569
.0568
.0568
.0568
.0568
.0567
.0567
.0567
.0566
.0566
.0566
.0566
.0565
.0565
.0565
.0564
.0564
.0564
.0563
.0563
.0563
.0563
.0562
.0562
.0562
.0561
.0561
.0561
.0561
.056
.056
.056
.0559
.0559
.0559
.0559
.0558
.0558
.0558
.0557
.0557
.0557
.0557
.0556
.0556
.0556
.0555
.0555
.0555
.0555
.0554
.0554
.0554
.0554
.0553
.0553
.0553
.0552
.0552
.0552
.0552
.0551
.0551
.0551
.055
.055
.055
.055
.0549
.0549
.0549
.0549
.0548
.0548
.0548
.0547
.0547
.0547
.0547
.0546
.0546
.0546
.0546
.0545
.0545
.0545
.0544
.0544
.0544
.0544
.0543
.0543
.0543
.0543
.0542
.0542
.0542
.0541
.0541
.0541
.0541
.054
.054
.054
.054
.0539
.0539
.0539
.0539
.0538
.0538
.0538
.0537
.0537
.0537
.0537
.0536
.0536
.0536
.0536
.0535
.0535
.0535
.0535
.0534
.0534
.0534
.0534
.0533
.0533
.0533
.0532
.0532
.0532
.0532
.0531
.0531
.0531
.0531
.053
.053
.053
.053
.0529
.0529
.0529
.0529
.0528
.0528
.0528
.0528
.0527
.0527
.0527
.0527
.0526
.0526
.0526
.0526
.0525
.0525
.0525
.0525
.0524
.0524
.0524
.0524
.0523
.0523
.0523
.0523
.0522
.0522
.0522
.0522
.0521
.0521
.0521
.0521
.052
.052
.052
.052
.0519
.0519
.0519
.0519
.0518
.0518
.0518
.0518
.0517
.0517
.0517
.0517
.0516
.0516
.0516
.0516
.0515
.0515
.0515
.0515
.0514
.0514
.0514
.0514
.0513
.0513
.0513
.0513
.0512
.0512
.0512
.0512
.0511
.0511
.0511
.0511
.0511
.051
.051
.051
.051
.0509
.0509
.0509
.0509
.0508
.0508
.0508
.0508
.0507
.0507
.0507
.0507
.0506
.0506
.0506
.0506
.0506
.0505
.0505
.0505
.0505
.0504
.0504
.0504
.0504
.0503
.0503
.0503
.0503
.0503
.0502
.0502
.0502
.0502
.0501
.0501
.0501
.0501
.05
.05
.05
