.5649
.5647
.563
.5614
.5599
.5584
.557
.5556
.5543
.5531
.5519
.5508
.5497
.5487
.5478
.5469
.546
.5452
.5444
.5437
.543
.5423
.5417
.5412
.5406
.5401
.5396
.5392
.5387
.5383
.5379
.5376
.5372
.5369
.5366
.5362
.5359
.5357
.5354
.5351
.5349
.5346
.5344
.5341
.5339
.5336
.5334
.5332
.5329
.5327
.5325
.5322
.532
.5318
.5315
.5313
.5311
.5308
.5306
.5303
.5301
.5299
.5296
.5294
.5291
.5288
.5286
.5283
.5281
.5278
.5275
.5272
.527
.5267
.5264
.5261
.5258
.5256
.5253
.525
.5247
.5244
.5241
.5238
.5234
.5231
.5228
.5225
.5222
.5219
.5215
.5212
.5209
.5205
.5202
.5199
.5195
.5192
.5188
.5185
.5181
.5178
.5174
.517
.5167
.5163
.5159
.5156
.5152
.5148
.5144
.514
.5137
.5133
.5129
.5125
.5121
.5117
.5113
.5109
.5105
.5101
.5097
.5092
.5088
.5084
.508
.5076
.5071
.5067
.5063
.5058
.5054
.505
.5045
.5041
.5036
.5032
.5027
.5023
.5018
.5014
.5009
.5004
.5
.4995
.499
.4985
.4981
.4976
.4971
.4966
.4961
.4957
.4952
.4947
.4942
.4937
.4932
.4927
.4922
.4917
.4912
.4907
.4901
.4896
.4891
.4886
.4881
.4875
.487
.4865
.486
.4854
.4849
.4844
.4838
.4833
.4827
.4822
.4817
.4811
.4806
.48
.4795
.4789
.4783
.4778
.4772
.4767
.4761
.4755
.475
.4744
.4738
.4733
.4727
.4721
.4715
.471
.4704
.4698
.4692
.4686
.468
.4674
.4669
.4663
.4657
.4651
.4645
.4639
.4633
.4627
.4621
.4615
.4609
.4603
.4597
.4591
.4585
.4578
.4572
.4566
.456
.4554
.4548
.4542
.4535
.4529
.4523
.4517
.4511
.4504
.4498
.4492
.4486
.4479
.4473
.4467
.4461
.4454
.4448
.4442
.4435
.4429
.4423
.4416
.441
.4404
.4397
.4391
.4384
.4378
.4372
.4365
.4359
.4352
.4346
.434
.4333
.4327
.432
.4314
.4307
.4301
.4295
.4288
.4282
.4275
.4269
.4262
.4256
.4249
.4243
.4236
.423
.4223
.4217
.421
.4204
.4197
.4191
.4184
.4178
.4171
.4165
.4158
.4152
.4145
.4139
.4132
.4126
.4119
.4113
.4106
.41
.4093
.4087
.408
.4074
.4067
.4061
.4054
.4048
.4041
.4035
.4028
.4022
.4015
.4009
.4002
.3996
.3989
.3983
.3976
.397
.3963
.3957
.395
.3944
.3937
.3931
.3924
.3918
.3911
.3905
.3898
.3892
.3885
.3879
.3873
.3866
.386
.3853
.3847
.384
.3834
.3827
.3821
.3815
.3808
.3802
.3795
.3789
.3782
.3776
.377
.3763
.3757
.375
.3744
.3738
.3731
.3725
.3719
.3712
.3706
.37
.3693
.3687
.368
.3674
.3668
.3662
.3655
.3649
.3643
.3636
.363
.3624
.3617
.3611
.3605
.3599
.3592
.3586
.358
.3574
.3567
.3561
.3555
.3549
.3542
.3536
.353
.3524
.3518
.3511
.3505
.3499
.3493
.3487
.3481
.3474
.3468
.3462
.3456
.345
.3444
.3438
.3431
.3425
.3419
.3413
.3407
.3401
.3395
.3389
.3383
.3377
.3371
.3365
.3359
.3353
.3347
.3341
.3335
.3329
.3323
.3317
.3311
.3305
.3299
.3293
.3287
.3281
.3275
.3269
.3263
.3257
.3251
.3245
.324
.3234
.3228
.3222
.3216
.321
.3204
.3198
.3193
.3187
.3181
.3175
.3169
.3164
.3158
.3152
.3146
.314
.3135
.3129
.3123
.3117
.3112
.3106
.31
.3095
.3089
.3083
.3077
.3072
.3066
.306
.3055
.3049
.3043
.3038
.3032
.3027
.3021
.3015
.301
.3004
.2999
.2993
.2987
.2982
.2976
.2971
.2965
.296
.2954
.2949
.2943
.2938
.2932
.2927
.2921
.2916
.291
.2905
.2899
.2894
.2889
.2883
.2878
.2872
.2867
.2861
.2856
.2851
.2845
.284
.2835
.2829
.2824
.2819
.2813
.2808
.2803
.2797
.2792
.2787
.2781
.2776
.2771
.2766
.276
.2755
.275
.2745
.2739
.2734
.2729
.2724
.2719
.2713
.2708
.2703
.2698
.2693
.2688
.2682
.2677
.2672
.2667
.2662
.2657
.2652
.2647
.2642
.2637
.2631
.2626
.2621
.2616
.2611
.2606
.2601
.2596
.2591
.2586
.2581
.2576
.2571
.2566
.2561
.2556
.2551
.2546
.2541
.2537
.2532
.2527
.2522
.2517
.2512
.2507
.2502
.2497
.2492
.2488
.2483
.2478
.2473
.2468
.2463
.2459
.2454
.2449
.2444
.2439
.2435
.243
.2425
.242
.2416
.2411
.2406
.2401
.2397
.2392
.2387
.2382
.2378
.2373
.2368
.2364
.2359
.2354
.235
.2345
.234
.2336
.2331
.2326
.2322
.2317
.2313
.2308
.2303
.2299
.2294
.229
.2285
.228
.2276
.2271
.2267
.2262
.2258
.2253
.2249
.2244
.224
.2235
.2231
.2226
.2222
.2217
.2213
.2208
.2204
.2199
.2195
.2191
.2186
.2182
.2177
.2173
.2168
.2164
.216
.2155
.2151
.2147
.2142
.2138
.2133
.2129
.2125
.212
.2116
.2112
.2108
.2103
.2099
.2095
.209
.2086
.2082
.2078
.2073
.2069
.2065
.2061
.2056
.2052
.2048
.2044
.2039
.2035
.2031
.2027
.2023
.2018
.2014
.201
.2006
.2002
.1998
.1994
.1989
.1985
.1981
.1977
.1973
.1969
.1965
.1961
.1957
.1953
.1949
.1944
.194
.1936
.1932
.1928
.1924
.192
.1916
.1912
.1908
.1904
.19
.1896
.1892
.1888
.1884
.188
.1877
.1873
.1869
.1865
.1861
.1857
.1853
.1849
.1845
.1841
.1838
.1834
.183
.1826
.1822
.1818
.1814
.1811
.1807
.1803
.1799
.1795
.1792
.1788
.1784
.178
.1777
.1773
.1769
.1765
.1762
.1758
.1754
.175
.1747
.1743
.1739
.1736
.1732
.1728
.1725
.1721
.1717
.1714
.171
.1707
.1703
.1699
.1696
.1692
.1689
.1685
.1681
.1678
.1674
.1671
.1667
.1664
.166
.1657
.1653
.165
.1646
.1643
.1639
.1636
.1632
.1629
.1626
.1622
.1619
.1615
.1612
.1609
.1605
.1602
.1598
.1595
.1592
.1588
.1585
.1582
.1578
.1575
.1572
.1568
.1565
.1562
.1559
.1555
.1552
.1549
.1546
.1542
.1539
.1536
.1533
.1529
.1526
.1523
.152
.1517
.1514
.151
.1507
.1504
.1501
.1498
.1495
.1492
.1489
.1486
.1482
.1479
.1476
.1473
.147
.1467
.1464
.1461
.1458
.1455
.1452
.1449
.1446
.1443
.144
.1437
.1434
.1431
.1429
.1426
.1423
.142
.1417
.1414
.1411
.1408
.1405
.1403
.14
.1397
.1394
.1391
.1389
.1386
.1383
.138
.1377
.1375
.1372
.1369
.1366
.1364
.1361
.1358
.1355
.1353
.135
.1347
.1345
.1342
.1339
.1337
.1334
.1331
.1329
.1326
.1324
.1321
.1318
.1316
.1313
.1311
.1308
.1306
.1303
.13
.1298
.1295
.1293
.129
.1288
.1285
.1283
.128
.1278
.1275
.1273
.1271
.1268
.1266
.1263
.1261
.1258
.1256
.1254
.1251
.1249
.1247
.1244
.1242
.1239
.1237
.1235
.1232
.123
.1228
.1225
.1223
.1221
.1219
.1216
.1214
.1212
.121
.1207
.1205
.1203
.1201
.1198
.1196
.1194
.1192
.119
.1187
.1185
.1183
.1181
.1179
.1176
.1174
.1172
.117
.1168
.1166
.1164
.1162
.1159
.1157
.1155
.1153
.1151
.1149
.1147
.1145
.1143
.1141
.1139
.1137
.1135
.1133
.1131
.1129
.1127
.1125
.1123
.1121
.1119
.1117
.1115
.1113
.1111
.1109
.1107
.1105
.1103
.1101
.1099
.1097
.1095
.1093
.1092
.109
.1088
.1086
.1084
.1082
.108
.1078
.1077
.1075
.1073
.1071
.1069
.1067
.1065
.1064
.1062
.106
.1058
.1056
.1055
.1053
.1051
.1049
.1048
.1046
.1044
.1042
.104
.1039
.1037
.1035
.1034
.1032
.103
.1028
.1027
.1025
.1023
.1022
.102
.1018
.1016
.1015
.1013
.1011
.101
.1008
.1006
.1005
.1003
.1002
.1
.0998
.0997
.0995
.0993
.0992
.099
.0989
.0987
.0985
.0984
.0982
.0981
.0979
.0977
.0976
.0974
.0973
.0971
.097
.0968
.0966
.0965
.0963
.0962
.096
.0959
.0957
.0956
.0954
.0953
.0951
.095
.0948
.0947
.0945
.0944
.0942
.0941
.0939
.0938
.0936
.0935
.0933
.0932
.0931
.0929
.0928
.0926
.0925
.0923
.0922
.0921
.0919
.0918
.0916
.0915
.0913
.0912
.0911
.0909
.0908
.0906
.0905
.0904
.0902
.0901
.09
.0898
.0897
.0896
.0894
.0893
.0891
.089
.0889
.0887
.0886
.0885
.0883
.0882
.0881
.0879
.0878
.0877
.0876
.0874
.0873
.0872
.087
.0869
.0868
.0866
.0865
.0864
.0863
.0861
.086
.0859
.0858
.0856
.0855
.0854
.0852
.0851
.085
.0849
.0848
.0846
.0845
.0844
.0843
.0841
.084
.0839
.0838
.0836
.0835
.0834
.0833
.0832
.083
.0829
.0828
.0827
.0826
.0825
.0823
.0822
.0821
.082
.0819
.0817
.0816
.0815
.0814
.0813
.0812
.0811
.0809
.0808
.0807
.0806
.0805
.0804
.0803
.0801
.08
.0799
.0798
.0797
.0796
.0795
.0794
.0792
.0791
.079
.0789
.0788
.0787
.0786
.0785
.0784
.0783
.0782
.078
.0779
.0778
.0777
.0776
.0775
.0774
.0773
.0772
.0771
.077
.0769
.0768
.0767
.0766
.0765
.0764
.0762
.0761
.076
.0759
.0758
.0757
.0756
.0755
.0754
.0753
.0752
.0751
.075
.0749
.0748
.0747
.0746
.0745
.0744
.0743
.0742
.0741
.074
.0739
.0738
.0737
.0736
.0735
.0734
.0733
.0732
.0731
.073
.073
.0729
.0728
.0727
.0726
.0725
.0724
.0723
.0722
.0721
.072
.0719
.0718
.0717
.0716
.0715
.0714
.0713
.0713
.0712
.0711
.071
.0709
.0708
.0707
.0706
.0705
.0704
.0703
.0702
.0702
.0701
.07
.0699
.0698
.0697
.0696
.0695
.0694
.0694
.0693
.0692
.0691
.069
.0689
.0688
.0687
.0687
.0686
.0685
.0684
.0683
.0682
.0681
.0681
.068
.0679
.0678
.0677
.0676
.0675
.0675
.0674
.0673
.0672
.0671
.067
.067
.0669
.0668
.0667
.0666
.0665
.0665
.0664
.0663
.0662
.0661
.066
.066
.0659
.0658
.0657
.0656
.0656
.0655
.0654
.0653
.0652
.0652
.0651
.065
.0649
.0648
.0648
.0647
.0646
.0645
.0645
.0644
.0643
.0642
.0641
.0641
.064
.0639
.0638
.0638
.0637
.0636
.0635
.0635
.0634
.0633
.0632
.0632
.0631
.063
.0629
.0629
.0628
.0627
.0626
.0626
.0625
.0624
.0623
.0623
.0622
.0621
.062
.062
.0619
.0618
.0618
.0617
.0616
.0615
.0615
.0614
.0613
.0612
.0612
.0611
.061
.061
.0609
.0608
.0608
.0607
.0606
.0605
.0605
.0604
.0603
.0603
.0602
.0601
.0601
.06
.0599
.0598
.0598
.0597
.0596
.0596
.0595
.0594
.0594
.0593
.0592
.0592
.0591
.059
.059
.0589
.0588
.0588
.0587
.0586
.0586
.0585
.0584
.0584
.0583
.0582
.0582
.0581
.058
.058
.0579
.0578
.0578
.0577
.0577
.0576
.0575
.0575
.0574
.0573
.0573
.0572
.0571
.0571
.057
.057
.0569
.0568
.0568
.0567
.0566
.0566
.0565
.0565
.0564
.0563
.0563
.0562
.0561
.0561
.056
.056
.0559
.0558
.0558
.0557
.0557
.0556
.0555
.0555
.0554
.0554
.0553
.0552
.0552
.0551
.0551
.055
.0549
.0549
.0548
.0548
.0547
.0546
.0546
.0545
.0545
.0544
.0544
.0543
.0542
.0542
.0541
.0541
.054
.0539
.0539
.0538
.0538
.0537
.0537
.0536
.0535
.0535
.0534
.0534
.0533
.0533
.0532
.0532
.0531
.053
.053
.0529
.0529
.0528
.0528
.0527
.0527
.0526
.0525
.0525
.0524
.0524
.0523
.0523
.0522
.0522
.0521
.0521
.052
.052
.0519
.0518
.0518
.0517
.0517
.0516
.0516
.0515
.0515
.0514
.0514
.0513
.0513
.0512
.0512
.0511
.0511
.051
.0509
.0509
.0508
.0508
.0507
.0507
.0506
.0506
.0505
.0505
.0504
.0504
.0503
.0503
.0502
.0502
.0501
.0501
.05
.05
