.5517
.5515
.5497
.548
.5464
.5448
.5434
.5421
.5408
.5397
.5386
.5376
.5367
.5359
.5351
.5344
.5337
.5331
.5325
.532
.5316
.5311
.5307
.5304
.5301
.5298
.5295
.5292
.529
.5288
.5286
.5284
.5282
.528
.5279
.5277
.5276
.5274
.5273
.5272
.5271
.5269
.5268
.5267
.5266
.5265
.5264
.5263
.5262
.5261
.526
.5259
.5258
.5257
.5256
.5255
.5254
.5253
.5252
.5251
.525
.5249
.5248
.5247
.5246
.5245
.5244
.5243
.5242
.5241
.524
.5239
.5238
.5237
.5235
.5234
.5233
.5232
.5231
.523
.5228
.5227
.5226
.5225
.5223
.5222
.5221
.522
.5218
.5217
.5215
.5214
.5213
.5211
.521
.5208
.5207
.5205
.5204
.5202
.5201
.5199
.5198
.5196
.5195
.5193
.5191
.519
.5188
.5186
.5184
.5183
.5181
.5179
.5177
.5175
.5173
.5171
.5169
.5167
.5165
.5163
.5161
.5159
.5157
.5155
.5153
.5151
.5148
.5146
.5144
.5142
.5139
.5137
.5134
.5132
.5129
.5127
.5124
.5122
.5119
.5117
.5114
.5111
.5108
.5106
.5103
.51
.5097
.5094
.5091
.5088
.5085
.5082
.5079
.5076
.5073
.5069
.5066
.5063
.5059
.5056
.5053
.5049
.5046
.5042
.5038
.5035
.5031
.5027
.5024
.502
.5016
.5012
.5008
.5004
.5
.4996
.4992
.4988
.4984
.4979
.4975
.4971
.4967
.4962
.4958
.4953
.4949
.4944
.4939
.4935
.493
.4925
.4921
.4916
.4911
.4906
.4901
.4896
.4891
.4886
.4881
.4876
.4871
.4866
.486
.4855
.485
.4844
.4839
.4833
.4828
.4822
.4817
.4811
.4806
.48
.4794
.4789
.4783
.4777
.4771
.4766
.476
.4754
.4748
.4742
.4736
.473
.4724
.4718
.4712
.4705
.4699
.4693
.4687
.4681
.4674
.4668
.4662
.4655
.4649
.4643
.4636
.463
.4623
.4617
.461
.4604
.4597
.4591
.4584
.4578
.4571
.4564
.4558
.4551
.4544
.4538
.4531
.4524
.4517
.4511
.4504
.4497
.449
.4483
.4476
.447
.4463
.4456
.4449
.4442
.4435
.4428
.4421
.4414
.4407
.44
.4393
.4386
.4379
.4372
.4365
.4358
.4351
.4344
.4337
.433
.4323
.4315
.4308
.4301
.4294
.4287
.428
.4273
.4265
.4258
.4251
.4244
.4237
.4229
.4222
.4215
.4208
.4201
.4193
.4186
.4179
.4171
.4164
.4157
.415
.4142
.4135
.4128
.412
.4113
.4106
.4099
.4091
.4084
.4077
.4069
.4062
.4055
.4047
.404
.4033
.4025
.4018
.401
.4003
.3996
.3988
.3981
.3974
.3966
.3959
.3951
.3944
.3937
.3929
.3922
.3914
.3907
.3899
.3892
.3885
.3877
.387
.3862
.3855
.3848
.384
.3833
.3825
.3818
.381
.3803
.3795
.3788
.3781
.3773
.3766
.3758
.3751
.3743
.3736
.3728
.3721
.3714
.3706
.3699
.3691
.3684
.3676
.3669
.3661
.3654
.3647
.3639
.3632
.3624
.3617
.3609
.3602
.3594
.3587
.358
.3572
.3565
.3557
.355
.3542
.3535
.3528
.352
.3513
.3505
.3498
.3491
.3483
.3476
.3468
.3461
.3454
.3446
.3439
.3432
.3424
.3417
.341
.3402
.3395
.3388
.338
.3373
.3366
.3359
.3351
.3344
.3337
.3329
.3322
.3315
.3308
.3301
.3293
.3286
.3279
.3272
.3265
.3258
.325
.3243
.3236
.3229
.3222
.3215
.3208
.3201
.3194
.3187
.318
.3173
.3166
.3159
.3152
.3145
.3138
.3131
.3124
.3117
.311
.3103
.3097
.309
.3083
.3076
.3069
.3062
.3056
.3049
.3042
.3036
.3029
.3022
.3016
.3009
.3002
.2996
.2989
.2982
.2976
.2969
.2963
.2956
.295
.2943
.2937
.293
.2924
.2918
.2911
.2905
.2898
.2892
.2886
.2879
.2873
.2867
.2861
.2854
.2848
.2842
.2836
.283
.2823
.2817
.2811
.2805
.2799
.2793
.2787
.2781
.2775
.2769
.2763
.2757
.2751
.2745
.2739
.2733
.2728
.2722
.2716
.271
.2704
.2698
.2693
.2687
.2681
.2676
.267
.2664
.2659
.2653
.2647
.2642
.2636
.2631
.2625
.2619
.2614
.2608
.2603
.2597
.2592
.2587
.2581
.2576
.257
.2565
.256
.2554
.2549
.2544
.2538
.2533
.2528
.2523
.2517
.2512
.2507
.2502
.2497
.2491
.2486
.2481
.2476
.2471
.2466
.2461
.2456
.2451
.2446
.2441
.2436
.2431
.2426
.2421
.2416
.2411
.2406
.2401
.2396
.2391
.2387
.2382
.2377
.2372
.2367
.2363
.2358
.2353
.2348
.2344
.2339
.2334
.233
.2325
.232
.2316
.2311
.2306
.2302
.2297
.2293
.2288
.2283
.2279
.2274
.227
.2265
.2261
.2256
.2252
.2248
.2243
.2239
.2234
.223
.2226
.2221
.2217
.2212
.2208
.2204
.2199
.2195
.2191
.2187
.2182
.2178
.2174
.217
.2165
.2161
.2157
.2153
.2149
.2144
.214
.2136
.2132
.2128
.2124
.212
.2116
.2112
.2108
.2103
.2099
.2095
.2091
.2087
.2083
.2079
.2075
.2071
.2068
.2064
.206
.2056
.2052
.2048
.2044
.204
.2036
.2032
.2029
.2025
.2021
.2017
.2013
.201
.2006
.2002
.1998
.1995
.1991
.1987
.1983
.198
.1976
.1972
.1969
.1965
.1961
.1958
.1954
.195
.1947
.1943
.1939
.1936
.1932
.1929
.1925
.1922
.1918
.1915
.1911
.1908
.1904
.1901
.1897
.1894
.189
.1887
.1883
.188
.1876
.1873
.187
.1866
.1863
.1859
.1856
.1853
.1849
.1846
.1843
.1839
.1836
.1833
.1829
.1826
.1823
.182
.1816
.1813
.181
.1807
.1804
.18
.1797
.1794
.1791
.1788
.1784
.1781
.1778
.1775
.1772
.1769
.1766
.1763
.1759
.1756
.1753
.175
.1747
.1744
.1741
.1738
.1735
.1732
.1729
.1726
.1723
.172
.1717
.1714
.1711
.1708
.1705
.1703
.17
.1697
.1694
.1691
.1688
.1685
.1682
.168
.1677
.1674
.1671
.1668
.1665
.1663
.166
.1657
.1654
.1652
.1649
.1646
.1643
.1641
.1638
.1635
.1632
.163
.1627
.1624
.1622
.1619
.1616
.1614
.1611
.1609
.1606
.1603
.1601
.1598
.1596
.1593
.159
.1588
.1585
.1583
.158
.1578
.1575
.1573
.157
.1568
.1565
.1563
.156
.1558
.1555
.1553
.155
.1548
.1545
.1543
.1541
.1538
.1536
.1533
.1531
.1529
.1526
.1524
.1522
.1519
.1517
.1515
.1512
.151
.1508
.1505
.1503
.1501
.1498
.1496
.1494
.1492
.1489
.1487
.1485
.1483
.148
.1478
.1476
.1474
.1472
.1469
.1467
.1465
.1463
.1461
.1458
.1456
.1454
.1452
.145
.1448
.1446
.1444
.1441
.1439
.1437
.1435
.1433
.1431
.1429
.1427
.1425
.1423
.1421
.1419
.1417
.1415
.1413
.1411
.1409
.1407
.1405
.1403
.1401
.1399
.1397
.1395
.1393
.1391
.1389
.1387
.1385
.1383
.1381
.1379
.1377
.1375
.1373
.1371
.137
.1368
.1366
.1364
.1362
.136
.1358
.1356
.1355
.1353
.1351
.1349
.1347
.1345
.1344
.1342
.134
.1338
.1336
.1335
.1333
.1331
.1329
.1328
.1326
.1324
.1322
.132
.1319
.1317
.1315
.1313
.1312
.131
.1308
.1307
.1305
.1303
.1301
.13
.1298
.1296
.1295
.1293
.1291
.129
.1288
.1286
.1285
.1283
.1281
.128
.1278
.1277
.1275
.1273
.1272
.127
.1268
.1267
.1265
.1264
.1262
.126
.1259
.1257
.1256
.1254
.1253
.1251
.1249
.1248
.1246
.1245
.1243
.1242
.124
.1239
.1237
.1236
.1234
.1232
.1231
.1229
.1228
.1226
.1225
.1223
.1222
.122
.1219
.1218
.1216
.1215
.1213
.1212
.121
.1209
.1207
.1206
.1204
.1203
.1201
.12
.1199
.1197
.1196
.1194
.1193
.1191
.119
.1189
.1187
.1186
.1184
.1183
.1182
.118
.1179
.1177
.1176
.1175
.1173
.1172
.1171
.1169
.1168
.1167
.1165
.1164
.1162
.1161
.116
.1158
.1157
.1156
.1154
.1153
.1152
.1151
.1149
.1148
.1147
.1145
.1144
.1143
.1141
.114
.1139
.1137
.1136
.1135
.1134
.1132
.1131
.113
.1129
.1127
.1126
.1125
.1123
.1122
.1121
.112
.1118
.1117
.1116
.1115
.1114
.1112
.1111
.111
.1109
.1107
.1106
.1105
.1104
.1103
.1101
.11
.1099
.1098
.1097
.1095
.1094
.1093
.1092
.1091
.1089
.1088
.1087
.1086
.1085
.1084
.1082
.1081
.108
.1079
.1078
.1077
.1075
.1074
.1073
.1072
.1071
.107
.1069
.1067
.1066
.1065
.1064
.1063
.1062
.1061
.1059
.1058
.1057
.1056
.1055
.1054
.1053
.1052
.1051
.105
.1048
.1047
.1046
.1045
.1044
.1043
.1042
.1041
.104
.1039
.1038
.1036
.1035
.1034
.1033
.1032
.1031
.103
.1029
.1028
.1027
.1026
.1025
.1024
.1023
.1022
.1021
.102
.1019
.1018
.1017
.1015
.1014
.1013
.1012
.1011
.101
.1009
.1008
.1007
.1006
.1005
.1004
.1003
.1002
.1001
.1
.0999
.0998
.0997
.0996
.0995
.0994
.0993
.0992
.0991
.099
.0989
.0988
.0987
.0986
.0985
.0984
.0984
.0983
.0982
.0981
.098
.0979
.0978
.0977
.0976
.0975
.0974
.0973
.0972
.0971
.097
.0969
.0968
.0967
.0966
.0965
.0965
.0964
.0963
.0962
.0961
.096
.0959
.0958
.0957
.0956
.0955
.0954
.0953
.0953
.0952
.0951
.095
.0949
.0948
.0947
.0946
.0945
.0944
.0943
.0943
.0942
.0941
.094
.0939
.0938
.0937
.0936
.0936
.0935
.0934
.0933
.0932
.0931
.093
.0929
.0929
.0928
.0927
.0926
.0925
.0924
.0923
.0922
.0922
.0921
.092
.0919
.0918
.0917
.0917
.0916
.0915
.0914
.0913
.0912
.0911
.0911
.091
.0909
.0908
.0907
.0906
.0906
.0905
.0904
.0903
.0902
.0902
.0901
.09
.0899
.0898
.0897
.0897
.0896
.0895
.0894
.0893
.0893
.0892
.0891
.089
.0889
.0889
.0888
.0887
.0886
.0885
.0885
.0884
.0883
.0882
.0881
.0881
.088
.0879
.0878
.0878
.0877
.0876
.0875
.0874
.0874
.0873
.0872
.0871
.0871
.087
.0869
.0868
.0867
.0867
.0866
.0865
.0864
.0864
.0863
.0862
.0861
.0861
.086
.0859
.0858
.0858
.0857
.0856
.0855
.0855
.0854
.0853
.0852
.0852
.0851
.085
.085
.0849
.0848
.0847
.0847
.0846
.0845
.0844
.0844
.0843
.0842
.0842
.0841
.084
.0839
.0839
.0838
.0837
.0837
.0836
.0835
.0834
.0834
.0833
.0832
.0832
.0831
.083
.0829
.0829
.0828
.0827
.0827
.0826
.0825
.0825
.0824
.0823
.0822
.0822
.0821
.082
.082
.0819
.0818
.0818
.0817
.0816
.0816
.0815
.0814
.0814
.0813
.0812
.0812
.0811
.081
.081
.0809
.0808
.0808
.0807
.0806
.0806
.0805
.0804
.0804
.0803
.0802
.0802
.0801
.08
.08
.0799
.0798
.0798
.0797
.0796
.0796
.0795
.0794
.0794
.0793
.0792
.0792
.0791
.0791
.079
.0789
.0789
.0788
.0787
.0787
.0786
.0785
.0785
.0784
.0784
.0783
.0782
.0782
.0781
.078
.078
.0779
.0779
.0778
.0777
.0777
.0776
.0775
.0775
.0774
.0774
.0773
.0772
.0772
.0771
.077
.077
.0769
.0769
.0768
.0767
.0767
.0766
.0766
.0765
.0764
.0764
.0763
.0763
.0762
.0761
.0761
.076
.076
.0759
.0758
.0758
.0757
.0757
.0756
.0755
.0755
.0754
.0754
.0753
.0753
.0752
.0751
.0751
.075
.075
.0749
.0748
.0748
.0747
.0747
.0746
.0746
.0745
.0744
.0744
.0743
.0743
.0742
.0742
.0741
.074
.074
.0739
.0739
.0738
.0738
.0737
.0736
.0736
.0735
.0735
.0734
.0734
.0733
.0733
.0732
.0731
.0731
.073
.073
.0729
.0729
.0728
.0728
.0727
.0726
.0726
.0725
.0725
.0724
.0724
.0723
.0723
.0722
.0722
.0721
.0721
.072
.0719
.0719
.0718
.0718
.0717
.0717
.0716
.0716
.0715
.0715
.0714
.0714
.0713
.0713
.0712
.0711
.0711
.071
.071
.0709
.0709
.0708
.0708
.0707
.0707
.0706
.0706
.0705
.0705
.0704
.0704
.0703
.0703
.0702
.0702
.0701
.0701
.07
.07
.0699
.0698
.0698
.0697
.0697
.0696
.0696
.0695
.0695
.0694
.0694
.0693
.0693
.0692
.0692
.0691
.0691
.069
.069
.0689
.0689
.0688
.0688
.0687
.0687
.0686
.0686
.0685
.0685
.0684
.0684
.0684
.0683
.0683
.0682
.0682
.0681
.0681
.068
.068
.0679
.0679
.0678
.0678
.0677
.0677
.0676
.0676
.0675
.0675
.0674
.0674
.0673
.0673
.0672
.0672
.0671
.0671
.0671
.067
.067
.0669
.0669
.0668
.0668
.0667
.0667
.0666
.0666
.0665
.0665
.0664
.0664
.0663
.0663
.0663
.0662
.0662
.0661
.0661
.066
.066
.0659
.0659
.0658
.0658
.0658
.0657
.0657
.0656
.0656
.0655
.0655
.0654
.0654
.0653
.0653
.0653
.0652
.0652
.0651
.0651
.065
.065
.0649
.0649
.0649
.0648
.0648
.0647
.0647
.0646
.0646
.0645
.0645
.0645
.0644
.0644
.0643
.0643
.0642
.0642
.0641
.0641
.0641
.064
.064
.0639
.0639
.0638
.0638
.0638
.0637
.0637
.0636
.0636
.0635
.0635
.0635
.0634
.0634
.0633
.0633
.0632
.0632
.0632
.0631
.0631
.063
.063
.063
.0629
.0629
.0628
.0628
.0627
.0627
.0627
.0626
.0626
.0625
.0625
.0624
.0624
.0624
.0623
.0623
.0622
.0622
.0622
.0621
.0621
.062
.062
.062
.0619
.0619
.0618
.0618
.0618
.0617
.0617
.0616
.0616
.0616
.0615
.0615
.0614
.0614
.0613
.0613
.0613
.0612
.0612
.0611
.0611
.0611
.061
.061
.061
.0609
.0609
.0608
.0608
.0608
.0607
.0607
.0606
.0606
.0606
.0605
.0605
.0604
.0604
.0604
.0603
.0603
.0602
.0602
.0602
.0601
.0601
.0601
.06
.06
.0599
.0599
.0599
.0598
.0598
.0597
.0597
.0597
.0596
.0596
.0596
.0595
.0595
.0594
.0594
.0594
.0593
.0593
.0593
.0592
.0592
.0591
.0591
.0591
.059
.059
.059
.0589
.0589
.0588
.0588
.0588
.0587
.0587
.0587
.0586
.0586
.0585
.0585
.0585
.0584
.0584
.0584
.0583
.0583
.0583
.0582
.0582
.0581
.0581
.0581
.058
.058
.058
.0579
.0579
.0579
.0578
.0578
.0577
.0577
.0577
.0576
.0576
.0576
.0575
.0575
.0575
.0574
.0574
.0574
.0573
.0573
.0572
.0572
.0572
.0571
.0571
.0571
.057
.057
.057
.0569
.0569
.0569
.0568
.0568
.0568
.0567
.0567
.0567
.0566
.0566
.0566
.0565
.0565
.0564
.0564
.0564
.0563
.0563
.0563
.0562
.0562
.0562
.0561
.0561
.0561
.056
.056
.056
.0559
.0559
.0559
.0558
.0558
.0558
.0557
.0557
.0557
.0556
.0556
.0556
.0555
.0555
.0555
.0554
.0554
.0554
.0553
.0553
.0553
.0552
.0552
.0552
.0551
.0551
.0551
.055
.055
.055
.0549
.0549
.0549
.0548
.0548
.0548
.0547
.0547
.0547
.0546
.0546
.0546
.0545
.0545
.0545
.0545
.0544
.0544
.0544
.0543
.0543
.0543
.0542
.0542
.0542
.0541
.0541
.0541
.054
.054
.054
.0539
.0539
.0539
.0538
.0538
.0538
.0538
.0537
.0537
.0537
.0536
.0536
.0536
.0535
.0535
.0535
.0534
.0534
.0534
.0533
.0533
.0533
.0533
.0532
.0532
.0532
.0531
.0531
.0531
.053
.053
.053
.0529
.0529
.0529
.0529
.0528
.0528
.0528
.0527
.0527
.0527
.0526
.0526
.0526
.0526
.0525
.0525
.0525
.0524
.0524
.0524
.0523
.0523
.0523
.0523
.0522
.0522
.0522
.0521
.0521
.0521
.052
.052
.052
.052
.0519
.0519
.0519
.0518
.0518
.0518
.0517
.0517
.0517
.0517
.0516
.0516
.0516
.0515
.0515
.0515
.0515
.0514
.0514
.0514
.0513
.0513
.0513
.0513
.0512
.0512
.0512
.0511
.0511
.0511
.0511
.051
.051
.051
.0509
.0509
.0509
.0509
.0508
.0508
.0508
.0507
.0507
.0507
.0507
.0506
.0506
.0506
.0505
.0505
.0505
.0505
.0504
.0504
.0504
.0503
.0503
.0503
.0503
.0502
.0502
.0502
.0502
.0501
.0501
.0501
.05
.05
.05
