.6723
.6687
.6641
.6594
.6547
.6499
.645
.6401
.6352
.6302
.6252
.6202
.6152
.6102
.6053
.6004
.5956
.5908
.5862
.5817
.5773
.573
.5689
.565
.5612
.5577
.5543
.5512
.5482
.5454
.5428
.5405
.5383
.5362
.5344
.5327
.5311
.5297
.5285
.5273
.5263
.5253
.5245
.5237
.5231
.5225
.5219
.5214
.521
.5206
.5202
.5199
.5196
.5194
.5191
.5189
.5187
.5186
.5184
.5183
.5181
.518
.5179
.5178
.5177
.5176
.5175
.5175
.5174
.5173
.5173
.5172
.5171
.5171
.517
.517
.5169
.5169
.5168
.5168
.5167
.5167
.5166
.5166
.5165
.5165
.5165
.5164
.5164
.5163
.5163
.5162
.5162
.5162
.5161
.5161
.516
.516
.516
.5159
.5159
.5158
.5158
.5157
.5157
.5157
.5156
.5156
.5155
.5155
.5155
.5154
.5154
.5153
.5153
.5153
.5152
.5152
.5151
.5151
.515
.515
.515
.5149
.5149
.5148
.5148
.5148
.5147
.5147
.5146
.5146
.5145
.5145
.5145
.5144
.5144
.5143
.5143
.5143
.5142
.5142
.5141
.5141
.514
.514
.514
.5139
.5139
.5138
.5138
.5138
.5137
.5137
.5136
.5136
.5135
.5135
.5135
.5134
.5134
.5133
.5133
.5132
.5132
.5132
.5131
.5131
.513
.513
.513
.5129
.5129
.5128
.5128
.5127
.5127
.5127
.5126
.5126
.5125
.5125
.5124
.5124
.5124
.5123
.5123
.5122
.5122
.5121
.5121
.512
.512
.512
.5119
.5119
.5118
.5118
.5117
.5117
.5117
.5116
.5116
.5115
.5115
.5114
.5114
.5113
.5113
.5113
.5112
.5112
.5111
.5111
.511
.511
.5109
.5109
.5108
.5108
.5108
.5107
.5107
.5106
.5106
.5105
.5105
.5104
.5104
.5103
.5103
.5102
.5102
.5102
.5101
.5101
.51
.51
.5099
.5099
.5098
.5098
.5097
.5097
.5096
.5096
.5095
.5095
.5094
.5094
.5093
.5093
.5092
.5092
.5091
.5091
.509
.509
.5089
.5089
.5088
.5088
.5087
.5087
.5086
.5086
.5085
.5085
.5084
.5084
.5083
.5083
.5082
.5082
.5081
.5081
.508
.5079
.5079
.5078
.5078
.5077
.5077
.5076
.5076
.5075
.5075
.5074
.5073
.5073
.5072
.5072
.5071
.5071
.507
.5069
.5069
.5068
.5068
.5067
.5066
.5066
.5065
.5065
.5064
.5063
.5063
.5062
.5062
.5061
.506
.506
.5059
.5058
.5058
.5057
.5057
.5056
.5055
.5055
.5054
.5053
.5053
.5052
.5051
.5051
.505
.5049
.5049
.5048
.5047
.5047
.5046
.5045
.5044
.5044
.5043
.5042
.5042
.5041
.504
.5039
.5039
.5038
.5037
.5036
.5036
.5035
.5034
.5033
.5033
.5032
.5031
.503
.5029
.5029
.5028
.5027
.5026
.5025
.5025
.5024
.5023
.5022
.5021
.502
.5019
.5019
.5018
.5017
.5016
.5015
.5014
.5013
.5012
.5012
.5011
.501
.5009
.5008
.5007
.5006
.5005
.5004
.5003
.5002
.5001
.5
.4999
.4998
.4997
.4996
.4995
.4994
.4993
.4992
.4991
.499
.4989
.4988
.4987
.4986
.4984
.4983
.4982
.4981
.498
.4979
.4978
.4977
.4975
.4974
.4973
.4972
.4971
.4969
.4968
.4967
.4966
.4965
.4963
.4962
.4961
.496
.4958
.4957
.4956
.4954
.4953
.4952
.495
.4949
.4948
.4946
.4945
.4943
.4942
.4941
.4939
.4938
.4936
.4935
.4933
.4932
.493
.4929
.4927
.4926
.4924
.4923
.4921
.492
.4918
.4917
.4915
.4913
.4912
.491
.4908
.4907
.4905
.4903
.4902
.49
.4898
.4897
.4895
.4893
.4891
.4889
.4888
.4886
.4884
.4882
.488
.4879
.4877
.4875
.4873
.4871
.4869
.4867
.4865
.4863
.4861
.4859
.4857
.4855
.4853
.4851
.4849
.4847
.4845
.4843
.4841
.4838
.4836
.4834
.4832
.483
.4828
.4825
.4823
.4821
.4819
.4816
.4814
.4812
.4809
.4807
.4805
.4802
.48
.4798
.4795
.4793
.479
.4788
.4786
.4783
.4781
.4778
.4776
.4773
.477
.4768
.4765
.4763
.476
.4757
.4755
.4752
.475
.4747
.4744
.4741
.4739
.4736
.4733
.473
.4728
.4725
.4722
.4719
.4716
.4713
.4711
.4708
.4705
.4702
.4699
.4696
.4693
.469
.4687
.4684
.4681
.4678
.4675
.4672
.4669
.4666
.4663
.4659
.4656
.4653
.465
.4647
.4643
.464
.4637
.4634
.463
.4627
.4624
.4621
.4617
.4614
.461
.4607
.4604
.46
.4597
.4593
.459
.4586
.4583
.4579
.4576
.4572
.4569
.4565
.4562
.4558
.4554
.4551
.4547
.4543
.4539
.4536
.4532
.4528
.4524
.4521
.4517
.4513
.4509
.4505
.4501
.4497
.4493
.4489
.4485
.4481
.4477
.4473
.4469
.4465
.4461
.4457
.4453
.4448
.4444
.444
.4436
.4431
.4427
.4423
.4418
.4414
.4409
.4405
.44
.4396
.4391
.4387
.4382
.4377
.4373
.4368
.4363
.4359
.4354
.4349
.4344
.4339
.4334
.4329
.4324
.4319
.4314
.4309
.4304
.4299
.4293
.4288
.4283
.4277
.4272
.4267
.4261
.4256
.425
.4244
.4239
.4233
.4227
.4222
.4216
.421
.4204
.4198
.4192
.4186
.418
.4174
.4167
.4161
.4155
.4148
.4142
.4135
.4129
.4122
.4116
.4109
.4102
.4095
.4089
.4082
.4075
.4068
.4061
.4053
.4046
.4039
.4032
.4024
.4017
.4009
.4002
.3994
.3987
.3979
.3971
.3963
.3955
.3948
.394
.3931
.3923
.3915
.3907
.3899
.389
.3882
.3873
.3865
.3856
.3848
.3839
.383
.3822
.3813
.3804
.3795
.3786
.3777
.3768
.3759
.3749
.374
.3731
.3722
.3712
.3703
.3693
.3684
.3674
.3665
.3655
.3645
.3636
.3626
.3616
.3606
.3596
.3587
.3577
.3567
.3557
.3547
.3537
.3527
.3517
.3507
.3496
.3486
.3476
.3466
.3456
.3446
.3436
.3425
.3415
.3405
.3395
.3384
.3374
.3364
.3354
.3343
.3333
.3323
.3313
.3302
.3292
.3282
.3272
.3261
.3251
.3241
.3231
.3221
.3211
.32
.319
.318
.317
.316
.315
.314
.313
.312
.311
.31
.309
.308
.3071
.3061
.3051
.3041
.3031
.3022
.3012
.3002
.2993
.2983
.2974
.2964
.2955
.2945
.2936
.2927
.2917
.2908
.2899
.289
.2881
.2872
.2863
.2854
.2845
.2836
.2827
.2818
.2809
.28
.2792
.2783
.2774
.2766
.2757
.2749
.274
.2732
.2723
.2715
.2707
.2698
.269
.2682
.2674
.2666
.2658
.265
.2642
.2634
.2626
.2618
.2611
.2603
.2595
.2587
.258
.2572
.2565
.2557
.255
.2542
.2535
.2528
.252
.2513
.2506
.2499
.2492
.2485
.2478
.2471
.2464
.2457
.245
.2443
.2436
.2429
.2423
.2416
.2409
.2403
.2396
.2389
.2383
.2376
.237
.2363
.2357
.2351
.2344
.2338
.2332
.2325
.2319
.2313
.2307
.2301
.2295
.2289
.2283
.2277
.2271
.2265
.2259
.2253
.2247
.2241
.2236
.223
.2224
.2218
.2213
.2207
.2201
.2196
.219
.2184
.2179
.2173
.2168
.2162
.2157
.2152
.2146
.2141
.2135
.213
.2125
.2119
.2114
.2109
.2104
.2098
.2093
.2088
.2083
.2078
.2073
.2068
.2063
.2058
.2052
.2047
.2042
.2037
.2032
.2028
.2023
.2018
.2013
.2008
.2003
.1998
.1993
.1989
.1984
.1979
.1974
.1969
.1965
.196
.1955
.1951
.1946
.1941
.1937
.1932
.1927
.1923
.1918
.1913
.1909
.1904
.19
.1895
.1891
.1886
.1882
.1877
.1873
.1868
.1864
.1859
.1855
.185
.1846
.1842
.1837
.1833
.1829
.1824
.182
.1815
.1811
.1807
.1803
.1798
.1794
.179
.1785
.1781
.1777
.1773
.1768
.1764
.176
.1756
.1752
.1747
.1743
.1739
.1735
.1731
.1727
.1723
.1718
.1714
.171
.1706
.1702
.1698
.1694
.169
.1686
.1682
.1678
.1674
.167
.1666
.1662
.1658
.1654
.165
.1646
.1642
.1638
.1634
.163
.1626
.1622
.1618
.1614
.1611
.1607
.1603
.1599
.1595
.1591
.1587
.1584
.158
.1576
.1572
.1568
.1564
.1561
.1557
.1553
.1549
.1546
.1542
.1538
.1534
.1531
.1527
.1523
.1519
.1516
.1512
.1508
.1505
.1501
.1497
.1494
.149
.1486
.1483
.1479
.1475
.1472
.1468
.1465
.1461
.1457
.1454
.145
.1447
.1443
.144
.1436
.1433
.1429
.1425
.1422
.1418
.1415
.1411
.1408
.1405
.1401
.1398
.1394
.1391
.1387
.1384
.138
.1377
.1374
.137
.1367
.1363
.136
.1357
.1353
.135
.1347
.1343
.134
.1337
.1333
.133
.1327
.1323
.132
.1317
.1313
.131
.1307
.1304
.13
.1297
.1294
.1291
.1288
.1284
.1281
.1278
.1275
.1272
.1268
.1265
.1262
.1259
.1256
.1253
.1249
.1246
.1243
.124
.1237
.1234
.1231
.1228
.1225
.1222
.1219
.1216
.1213
.121
.1206
.1203
.12
.1197
.1194
.1191
.1189
.1186
.1183
.118
.1177
.1174
.1171
.1168
.1165
.1162
.1159
.1156
.1153
.115
.1148
.1145
.1142
.1139
.1136
.1133
.113
.1128
.1125
.1122
.1119
.1116
.1114
.1111
.1108
.1105
.1103
.11
.1097
.1094
.1092
.1089
.1086
.1083
.1081
.1078
.1075
.1073
.107
.1067
.1065
.1062
.1059
.1057
.1054
.1052
.1049
.1046
.1044
.1041
.1039
.1036
.1033
.1031
.1028
.1026
.1023
.1021
.1018
.1016
.1013
.1011
.1008
.1006
.1003
.1001
.0998
.0996
.0993
.0991
.0988
.0986
.0983
.0981
.0978
.0976
.0974
.0971
.0969
.0966
.0964
.0962
.0959
.0957
.0955
.0952
.095
.0948
.0945
.0943
.0941
.0938
.0936
.0934
.0931
.0929
.0927
.0925
.0922
.092
.0918
.0916
.0913
.0911
.0909
.0907
.0904
.0902
.09
.0898
.0896
.0893
.0891
.0889
.0887
.0885
.0883
.088
.0878
.0876
.0874
.0872
.087
.0868
.0866
.0863
.0861
.0859
.0857
.0855
.0853
.0851
.0849
.0847
.0845
.0843
.0841
.0839
.0837
.0835
.0833
.0831
.0829
.0827
.0825
.0823
.0821
.0819
.0817
.0815
.0813
.0811
.0809
.0807
.0805
.0803
.0801
.0799
.0797
.0796
.0794
.0792
.079
.0788
.0786
.0784
.0782
.078
.0779
.0777
.0775
.0773
.0771
.0769
.0768
.0766
.0764
.0762
.076
.0759
.0757
.0755
.0753
.0751
.075
.0748
.0746
.0744
.0743
.0741
.0739
.0737
.0736
.0734
.0732
.073
.0729
.0727
.0725
.0724
.0722
.072
.0719
.0717
.0715
.0714
.0712
.071
.0709
.0707
.0705
.0704
.0702
.07
.0699
.0697
.0696
.0694
.0692
.0691
.0689
.0688
.0686
.0684
.0683
.0681
.068
.0678
.0677
.0675
.0674
.0672
.067
.0669
.0667
.0666
.0664
.0663
.0661
.066
.0658
.0657
.0655
.0654
.0652
.0651
.0649
.0648
.0646
.0645
.0644
.0642
.0641
.0639
.0638
.0636
.0635
.0633
.0632
.0631
.0629
.0628
.0626
.0625
.0624
.0622
.0621
.0619
.0618
.0617
.0615
.0614
.0613
.0611
.061
.0608
.0607
.0606
.0604
.0603
.0602
.06
.0599
.0598
.0596
.0595
.0594
.0593
.0591
.059
.0589
.0587
.0586
.0585
.0584
.0582
.0581
.058
.0578
.0577
.0576
.0575
.0573
.0572
.0571
.057
.0569
.0567
.0566
.0565
.0564
.0562
.0561
.056
.0559
.0558
.0556
.0555
.0554
.0553
.0552
.0551
.0549
.0548
.0547
.0546
.0545
.0544
.0542
.0541
.054
.0539
.0538
.0537
.0536
.0534
.0533
.0532
.0531
.053
.0529
.0528
.0527
.0526
.0524
.0523
.0522
.0521
.052
.0519
.0518
.0517
.0516
.0515
.0514
.0513
.0512
.0511
.0509
.0508
.0507
.0506
.0505
.0504
.0503
.0502
.0501
.05
.0499
