.5791
.5773
.5737
.5702
.5669
.5638
.5608
.558
.5553
.5529
.5506
.5484
.5464
.5446
.5429
.5414
.54
.5387
.5375
.5365
.5356
.5347
.534
.5333
.5327
.5322
.5317
.5313
.5309
.5306
.5303
.53
.5298
.5296
.5294
.5292
.5291
.5289
.5288
.5287
.5286
.5285
.5284
.5283
.5282
.5281
.528
.528
.5279
.5278
.5277
.5277
.5276
.5275
.5274
.5274
.5273
.5272
.5271
.527
.527
.5269
.5268
.5267
.5266
.5266
.5265
.5264
.5263
.5262
.5261
.526
.5259
.5259
.5258
.5257
.5256
.5255
.5254
.5253
.5252
.5251
.525
.5249
.5248
.5247
.5246
.5245
.5243
.5242
.5241
.524
.5239
.5238
.5237
.5236
.5234
.5233
.5232
.5231
.523
.5228
.5227
.5226
.5225
.5223
.5222
.5221
.5219
.5218
.5217
.5215
.5214
.5212
.5211
.521
.5208
.5207
.5205
.5204
.5202
.5201
.5199
.5198
.5196
.5194
.5193
.5191
.5189
.5188
.5186
.5184
.5183
.5181
.5179
.5177
.5176
.5174
.5172
.517
.5168
.5166
.5164
.5163
.5161
.5159
.5157
.5155
.5153
.515
.5148
.5146
.5144
.5142
.514
.5138
.5135
.5133
.5131
.5129
.5126
.5124
.5121
.5119
.5117
.5114
.5112
.5109
.5107
.5104
.5102
.5099
.5096
.5094
.5091
.5088
.5085
.5083
.508
.5077
.5074
.5071
.5068
.5065
.5062
.5059
.5056
.5053
.505
.5047
.5043
.504
.5037
.5034
.503
.5027
.5024
.502
.5017
.5013
.501
.5006
.5002
.4999
.4995
.4991
.4988
.4984
.498
.4976
.4972
.4969
.4965
.4961
.4957
.4952
.4948
.4944
.494
.4936
.4932
.4927
.4923
.4919
.4914
.491
.4905
.4901
.4896
.4892
.4887
.4883
.4878
.4873
.4868
.4864
.4859
.4854
.4849
.4844
.4839
.4834
.4829
.4824
.4819
.4814
.4809
.4803
.4798
.4793
.4787
.4782
.4777
.4771
.4766
.476
.4755
.4749
.4744
.4738
.4732
.4727
.4721
.4715
.4709
.4703
.4698
.4692
.4686
.468
.4674
.4668
.4662
.4656
.465
.4643
.4637
.4631
.4625
.4618
.4612
.4606
.46
.4593
.4587
.458
.4574
.4567
.4561
.4554
.4548
.4541
.4535
.4528
.4521
.4515
.4508
.4501
.4494
.4488
.4481
.4474
.4467
.446
.4453
.4446
.4439
.4433
.4426
.4419
.4412
.4404
.4397
.439
.4383
.4376
.4369
.4362
.4355
.4347
.434
.4333
.4326
.4319
.4311
.4304
.4297
.4289
.4282
.4275
.4267
.426
.4253
.4245
.4238
.423
.4223
.4215
.4208
.4201
.4193
.4186
.4178
.4171
.4163
.4155
.4148
.414
.4133
.4125
.4118
.411
.4102
.4095
.4087
.408
.4072
.4064
.4057
.4049
.4041
.4034
.4026
.4018
.4011
.4003
.3995
.3988
.398
.3972
.3965
.3957
.3949
.3942
.3934
.3926
.3918
.3911
.3903
.3895
.3888
.388
.3872
.3864
.3857
.3849
.3841
.3833
.3826
.3818
.381
.3803
.3795
.3787
.3779
.3772
.3764
.3756
.3748
.3741
.3733
.3725
.3718
.371
.3702
.3695
.3687
.3679
.3672
.3664
.3656
.3649
.3641
.3633
.3626
.3618
.361
.3603
.3595
.3587
.358
.3572
.3565
.3557
.3549
.3542
.3534
.3527
.3519
.3511
.3504
.3496
.3489
.3481
.3474
.3466
.3459
.3451
.3444
.3436
.3429
.3421
.3414
.3407
.3399
.3392
.3384
.3377
.3369
.3362
.3355
.3347
.334
.3333
.3325
.3318
.3311
.3303
.3296
.3289
.3282
.3274
.3267
.326
.3253
.3245
.3238
.3231
.3224
.3217
.321
.3202
.3195
.3188
.3181
.3174
.3167
.316
.3153
.3146
.3139
.3132
.3125
.3118
.3111
.3104
.3097
.309
.3083
.3076
.3069
.3062
.3055
.3048
.3041
.3035
.3028
.3021
.3014
.3007
.3001
.2994
.2987
.298
.2974
.2967
.296
.2954
.2947
.294
.2934
.2927
.292
.2914
.2907
.2901
.2894
.2888
.2881
.2875
.2868
.2862
.2855
.2849
.2842
.2836
.2829
.2823
.2817
.281
.2804
.2798
.2791
.2785
.2779
.2772
.2766
.276
.2754
.2747
.2741
.2735
.2729
.2723
.2716
.271
.2704
.2698
.2692
.2686
.268
.2674
.2668
.2662
.2656
.265
.2644
.2638
.2632
.2626
.262
.2614
.2608
.2602
.2596
.259
.2584
.2579
.2573
.2567
.2561
.2555
.255
.2544
.2538
.2533
.2527
.2521
.2515
.251
.2504
.2498
.2493
.2487
.2482
.2476
.2471
.2465
.2459
.2454
.2448
.2443
.2437
.2432
.2426
.2421
.2416
.241
.2405
.2399
.2394
.2389
.2383
.2378
.2373
.2367
.2362
.2357
.2352
.2346
.2341
.2336
.2331
.2325
.232
.2315
.231
.2305
.23
.2294
.2289
.2284
.2279
.2274
.2269
.2264
.2259
.2254
.2249
.2244
.2239
.2234
.2229
.2224
.2219
.2214
.2209
.2205
.22
.2195
.219
.2185
.218
.2175
.2171
.2166
.2161
.2156
.2152
.2147
.2142
.2137
.2133
.2128
.2123
.2119
.2114
.2109
.2105
.21
.2095
.2091
.2086
.2082
.2077
.2073
.2068
.2064
.2059
.2054
.205
.2046
.2041
.2037
.2032
.2028
.2023
.2019
.2014
.201
.2006
.2001
.1997
.1993
.1988
.1984
.198
.1975
.1971
.1967
.1963
.1958
.1954
.195
.1946
.1941
.1937
.1933
.1929
.1925
.192
.1916
.1912
.1908
.1904
.19
.1896
.1892
.1888
.1883
.1879
.1875
.1871
.1867
.1863
.1859
.1855
.1851
.1847
.1843
.1839
.1835
.1831
.1828
.1824
.182
.1816
.1812
.1808
.1804
.18
.1796
.1793
.1789
.1785
.1781
.1777
.1774
.177
.1766
.1762
.1758
.1755
.1751
.1747
.1744
.174
.1736
.1732
.1729
.1725
.1721
.1718
.1714
.171
.1707
.1703
.17
.1696
.1692
.1689
.1685
.1682
.1678
.1674
.1671
.1667
.1664
.166
.1657
.1653
.165
.1646
.1643
.1639
.1636
.1632
.1629
.1626
.1622
.1619
.1615
.1612
.1608
.1605
.1602
.1598
.1595
.1592
.1588
.1585
.1581
.1578
.1575
.1571
.1568
.1565
.1562
.1558
.1555
.1552
.1548
.1545
.1542
.1539
.1535
.1532
.1529
.1526
.1522
.1519
.1516
.1513
.151
.1506
.1503
.15
.1497
.1494
.1491
.1488
.1484
.1481
.1478
.1475
.1472
.1469
.1466
.1463
.146
.1456
.1453
.145
.1447
.1444
.1441
.1438
.1435
.1432
.1429
.1426
.1423
.142
.1417
.1414
.1411
.1408
.1405
.1402
.1399
.1396
.1393
.139
.1387
.1384
.1381
.1379
.1376
.1373
.137
.1367
.1364
.1361
.1358
.1355
.1352
.135
.1347
.1344
.1341
.1338
.1335
.1332
.133
.1327
.1324
.1321
.1318
.1315
.1313
.131
.1307
.1304
.1301
.1299
.1296
.1293
.129
.1288
.1285
.1282
.1279
.1277
.1274
.1271
.1268
.1266
.1263
.126
.1257
.1255
.1252
.1249
.1247
.1244
.1241
.1239
.1236
.1233
.1231
.1228
.1225
.1223
.122
.1217
.1215
.1212
.1209
.1207
.1204
.1201
.1199
.1196
.1194
.1191
.1188
.1186
.1183
.1181
.1178
.1175
.1173
.117
.1168
.1165
.1163
.116
.1157
.1155
.1152
.115
.1147
.1145
.1142
.114
.1137
.1134
.1132
.1129
.1127
.1124
.1122
.1119
.1117
.1114
.1112
.1109
.1107
.1104
.1102
.1099
.1097
.1094
.1092
.109
.1087
.1085
.1082
.108
.1077
.1075
.1072
.107
.1067
.1065
.1063
.106
.1058
.1055
.1053
.105
.1048
.1046
.1043
.1041
.1038
.1036
.1034
.1031
.1029
.1026
.1024
.1022
.1019
.1017
.1015
.1012
.101
.1007
.1005
.1003
.1
.0998
.0996
.0993
.0991
.0989
.0986
.0984
.0982
.0979
.0977
.0975
.0972
.097
.0968
.0966
.0963
.0961
.0959
.0956
.0954
.0952
.0949
.0947
.0945
.0943
.094
.0938
.0936
.0934
.0931
.0929
.0927
.0925
.0922
.092
.0918
.0916
.0913
.0911
.0909
.0907
.0904
.0902
.09
.0898
.0896
.0893
.0891
.0889
.0887
.0885
.0882
.088
.0878
.0876
.0874
.0871
.0869
.0867
.0865
.0863
.0861
.0858
.0856
.0854
.0852
.085
.0848
.0846
.0843
.0841
.0839
.0837
.0835
.0833
.0831
.0829
.0827
.0824
.0822
.082
.0818
.0816
.0814
.0812
.081
.0808
.0806
.0804
.0802
.08
.0797
.0795
.0793
.0791
.0789
.0787
.0785
.0783
.0781
.0779
.0777
.0775
.0773
.0771
.0769
.0767
.0765
.0763
.0761
.0759
.0757
.0755
.0753
.0751
.0749
.0747
.0745
.0743
.0741
.0739
.0737
.0736
.0734
.0732
.073
.0728
.0726
.0724
.0722
.072
.0718
.0716
.0714
.0713
.0711
.0709
.0707
.0705
.0703
.0701
.0699
.0698
.0696
.0694
.0692
.069
.0688
.0687
.0685
.0683
.0681
.0679
.0677
.0676
.0674
.0672
.067
.0668
.0667
.0665
.0663
.0661
.0659
.0658
.0656
.0654
.0652
.0651
.0649
.0647
.0645
.0644
.0642
.064
.0639
.0637
.0635
.0633
.0632
.063
.0628
.0627
.0625
.0623
.0622
.062
.0618
.0617
.0615
.0613
.0612
.061
.0608
.0607
.0605
.0603
.0602
.06
.0599
.0597
.0595
.0594
.0592
.0591
.0589
.0587
.0586
.0584
.0583
.0581
.058
.0578
.0576
.0575
.0573
.0572
.057
.0569
.0567
.0566
.0564
.0563
.0561
.056
.0558
.0557
.0555
.0554
.0552
.0551
.0549
.0548
.0546
.0545
.0543
.0542
.054
.0539
.0538
.0536
.0535
.0533
.0532
.0531
.0529
.0528
.0526
.0525
.0523
.0522
.0521
.0519
.0518
.0517
.0515
.0514
.0512
.0511
.051
.0508
.0507
.0506
.0504
.0503
.0502
.05
.0499
