.5383
.5395
.5392
.5389
.5386
.5383
.5381
.5379
.5377
.5375
.5373
.5372
.537
.5369
.5368
.5366
.5365
.5364
.5363
.5363
.5362
.5361
.536
.536
.5359
.5359
.5358
.5357
.5357
.5356
.5356
.5356
.5355
.5355
.5354
.5354
.5353
.5353
.5353
.5352
.5352
.5351
.5351
.5351
.535
.535
.5349
.5349
.5349
.5348
.5348
.5347
.5347
.5347
.5346
.5346
.5345
.5345
.5344
.5344
.5344
.5343
.5343
.5342
.5342
.5341
.5341
.534
.534
.534
.5339
.5339
.5338
.5338
.5337
.5337
.5336
.5336
.5335
.5335
.5334
.5333
.5333
.5332
.5332
.5331
.5331
.533
.533
.5329
.5328
.5328
.5327
.5327
.5326
.5325
.5325
.5324
.5323
.5323
.5322
.5322
.5321
.532
.5319
.5319
.5318
.5317
.5317
.5316
.5315
.5314
.5314
.5313
.5312
.5311
.5311
.531
.5309
.5308
.5307
.5307
.5306
.5305
.5304
.5303
.5302
.5301
.53
.53
.5299
.5298
.5297
.5296
.5295
.5294
.5293
.5292
.5291
.529
.5289
.5288
.5287
.5286
.5284
.5283
.5282
.5281
.528
.5279
.5278
.5276
.5275
.5274
.5273
.5271
.527
.5269
.5268
.5266
.5265
.5264
.5262
.5261
.5259
.5258
.5256
.5255
.5253
.5252
.525
.5249
.5247
.5246
.5244
.5242
.5241
.5239
.5237
.5236
.5234
.5232
.523
.5229
.5227
.5225
.5223
.5221
.5219
.5217
.5215
.5213
.5211
.5209
.5207
.5205
.5203
.5201
.5198
.5196
.5194
.5192
.5189
.5187
.5185
.5182
.518
.5177
.5175
.5172
.517
.5167
.5165
.5162
.5159
.5156
.5154
.5151
.5148
.5145
.5142
.5139
.5137
.5134
.5131
.5127
.5124
.5121
.5118
.5115
.5112
.5108
.5105
.5102
.5098
.5095
.5092
.5088
.5085
.5081
.5077
.5074
.507
.5066
.5063
.5059
.5055
.5051
.5047
.5043
.5039
.5035
.5031
.5027
.5023
.5019
.5015
.501
.5006
.5002
.4998
.4993
.4989
.4984
.498
.4975
.4971
.4966
.4961
.4957
.4952
.4947
.4942
.4938
.4933
.4928
.4923
.4918
.4913
.4908
.4903
.4898
.4893
.4887
.4882
.4877
.4872
.4866
.4861
.4856
.485
.4845
.4839
.4834
.4828
.4823
.4817
.4812
.4806
.48
.4794
.4789
.4783
.4777
.4771
.4766
.476
.4754
.4748
.4742
.4736
.473
.4724
.4718
.4712
.4706
.47
.4693
.4687
.4681
.4675
.4669
.4662
.4656
.465
.4644
.4637
.4631
.4625
.4618
.4612
.4605
.4599
.4593
.4586
.458
.4573
.4567
.456
.4554
.4547
.4541
.4534
.4527
.4521
.4514
.4508
.4501
.4494
.4488
.4481
.4474
.4468
.4461
.4454
.4448
.4441
.4434
.4427
.4421
.4414
.4407
.44
.4394
.4387
.438
.4373
.4367
.436
.4353
.4346
.4339
.4333
.4326
.4319
.4312
.4305
.4299
.4292
.4285
.4278
.4271
.4264
.4258
.4251
.4244
.4237
.423
.4224
.4217
.421
.4203
.4196
.4189
.4183
.4176
.4169
.4162
.4155
.4149
.4142
.4135
.4128
.4122
.4115
.4108
.4101
.4095
.4088
.4081
.4074
.4068
.4061
.4054
.4047
.4041
.4034
.4027
.4021
.4014
.4007
.4001
.3994
.3987
.3981
.3974
.3967
.3961
.3954
.3948
.3941
.3934
.3928
.3921
.3915
.3908
.3902
.3895
.3889
.3882
.3876
.3869
.3863
.3856
.385
.3843
.3837
.383
.3824
.3818
.3811
.3805
.3798
.3792
.3786
.3779
.3773
.3767
.376
.3754
.3748
.3741
.3735
.3729
.3723
.3716
.371
.3704
.3698
.3692
.3685
.3679
.3673
.3667
.3661
.3655
.3649
.3642
.3636
.363
.3624
.3618
.3612
.3606
.36
.3594
.3588
.3582
.3576
.357
.3564
.3558
.3552
.3546
.354
.3535
.3529
.3523
.3517
.3511
.3505
.3499
.3494
.3488
.3482
.3476
.347
.3465
.3459
.3453
.3447
.3442
.3436
.343
.3425
.3419
.3413
.3408
.3402
.3396
.3391
.3385
.3379
.3374
.3368
.3363
.3357
.3352
.3346
.334
.3335
.3329
.3324
.3318
.3313
.3307
.3302
.3297
.3291
.3286
.328
.3275
.327
.3264
.3259
.3253
.3248
.3243
.3237
.3232
.3227
.3221
.3216
.3211
.3206
.32
.3195
.319
.3185
.3179
.3174
.3169
.3164
.3159
.3154
.3148
.3143
.3138
.3133
.3128
.3123
.3118
.3113
.3108
.3102
.3097
.3092
.3087
.3082
.3077
.3072
.3067
.3062
.3057
.3052
.3047
.3043
.3038
.3033
.3028
.3023
.3018
.3013
.3008
.3003
.2998
.2994
.2989
.2984
.2979
.2974
.297
.2965
.296
.2955
.295
.2946
.2941
.2936
.2932
.2927
.2922
.2917
.2913
.2908
.2903
.2899
.2894
.2889
.2885
.288
.2876
.2871
.2866
.2862
.2857
.2853
.2848
.2844
.2839
.2835
.283
.2826
.2821
.2817
.2812
.2808
.2803
.2799
.2794
.279
.2785
.2781
.2777
.2772
.2768
.2763
.2759
.2755
.275
.2746
.2742
.2737
.2733
.2729
.2724
.272
.2716
.2712
.2707
.2703
.2699
.2695
.269
.2686
.2682
.2678
.2673
.2669
.2665
.2661
.2657
.2653
.2648
.2644
.264
.2636
.2632
.2628
.2624
.262
.2616
.2612
.2607
.2603
.2599
.2595
.2591
.2587
.2583
.2579
.2575
.2571
.2567
.2563
.2559
.2555
.2551
.2548
.2544
.254
.2536
.2532
.2528
.2524
.252
.2516
.2512
.2509
.2505
.2501
.2497
.2493
.2489
.2486
.2482
.2478
.2474
.247
.2467
.2463
.2459
.2455
.2452
.2448
.2444
.244
.2437
.2433
.2429
.2426
.2422
.2418
.2415
.2411
.2407
.2404
.24
.2396
.2393
.2389
.2385
.2382
.2378
.2375
.2371
.2367
.2364
.236
.2357
.2353
.235
.2346
.2343
.2339
.2336
.2332
.2329
.2325
.2322
.2318
.2315
.2311
.2308
.2304
.2301
.2297
.2294
.2291
.2287
.2284
.228
.2277
.2274
.227
.2267
.2263
.226
.2257
.2253
.225
.2247
.2243
.224
.2237
.2233
.223
.2227
.2224
.222
.2217
.2214
.221
.2207
.2204
.2201
.2197
.2194
.2191
.2188
.2185
.2181
.2178
.2175
.2172
.2169
.2165
.2162
.2159
.2156
.2153
.215
.2146
.2143
.214
.2137
.2134
.2131
.2128
.2125
.2121
.2118
.2115
.2112
.2109
.2106
.2103
.21
.2097
.2094
.2091
.2088
.2085
.2082
.2079
.2076
.2073
.207
.2067
.2064
.2061
.2058
.2055
.2052
.2049
.2046
.2043
.204
.2037
.2034
.2031
.2028
.2026
.2023
.202
.2017
.2014
.2011
.2008
.2005
.2002
.2
.1997
.1994
.1991
.1988
.1985
.1982
.198
.1977
.1974
.1971
.1968
.1966
.1963
.196
.1957
.1954
.1952
.1949
.1946
.1943
.194
.1938
.1935
.1932
.1929
.1927
.1924
.1921
.1919
.1916
.1913
.191
.1908
.1905
.1902
.19
.1897
.1894
.1892
.1889
.1886
.1884
.1881
.1878
.1876
.1873
.187
.1868
.1865
.1862
.186
.1857
.1855
.1852
.1849
.1847
.1844
.1842
.1839
.1836
.1834
.1831
.1829
.1826
.1824
.1821
.1818
.1816
.1813
.1811
.1808
.1806
.1803
.1801
.1798
.1796
.1793
.1791
.1788
.1786
.1783
.1781
.1778
.1776
.1773
.1771
.1768
.1766
.1763
.1761
.1758
.1756
.1753
.1751
.1748
.1746
.1743
.1741
.1739
.1736
.1734
.1731
.1729
.1726
.1724
.1722
.1719
.1717
.1714
.1712
.171
.1707
.1705
.1702
.17
.1698
.1695
.1693
.1691
.1688
.1686
.1683
.1681
.1679
.1676
.1674
.1672
.1669
.1667
.1665
.1662
.166
.1658
.1655
.1653
.1651
.1648
.1646
.1644
.1641
.1639
.1637
.1634
.1632
.163
.1628
.1625
.1623
.1621
.1618
.1616
.1614
.1612
.1609
.1607
.1605
.1602
.16
.1598
.1596
.1593
.1591
.1589
.1587
.1584
.1582
.158
.1578
.1575
.1573
.1571
.1569
.1566
.1564
.1562
.156
.1558
.1555
.1553
.1551
.1549
.1546
.1544
.1542
.154
.1538
.1535
.1533
.1531
.1529
.1527
.1524
.1522
.152
.1518
.1516
.1513
.1511
.1509
.1507
.1505
.1502
.15
.1498
.1496
.1494
.1492
.1489
.1487
.1485
.1483
.1481
.1479
.1476
.1474
.1472
.147
.1468
.1466
.1463
.1461
.1459
.1457
.1455
.1453
.1451
.1448
.1446
.1444
.1442
.144
.1438
.1436
.1433
.1431
.1429
.1427
.1425
.1423
.1421
.1418
.1416
.1414
.1412
.141
.1408
.1406
.1404
.1401
.1399
.1397
.1395
.1393
.1391
.1389
.1387
.1385
.1382
.138
.1378
.1376
.1374
.1372
.137
.1368
.1366
.1363
.1361
.1359
.1357
.1355
.1353
.1351
.1349
.1347
.1345
.1343
.134
.1338
.1336
.1334
.1332
.133
.1328
.1326
.1324
.1322
.132
.1318
.1315
.1313
.1311
.1309
.1307
.1305
.1303
.1301
.1299
.1297
.1295
.1293
.1291
.1289
.1287
.1285
.1283
.128
.1278
.1276
.1274
.1272
.127
.1268
.1266
.1264
.1262
.126
.1258
.1256
.1254
.1252
.125
.1248
.1246
.1244
.1242
.124
.1238
.1236
.1234
.1232
.123
.1228
.1226
.1224
.1222
.122
.1218
.1216
.1214
.1212
.121
.1208
.1206
.1204
.1202
.12
.1198
.1196
.1194
.1193
.1191
.1189
.1187
.1185
.1183
.1181
.1179
.1177
.1175
.1173
.1171
.1169
.1167
.1166
.1164
.1162
.116
.1158
.1156
.1154
.1152
.115
.1149
.1147
.1145
.1143
.1141
.1139
.1137
.1136
.1134
.1132
.113
.1128
.1126
.1125
.1123
.1121
.1119
.1117
.1115
.1114
.1112
.111
.1108
.1106
.1105
.1103
.1101
.1099
.1098
.1096
.1094
.1092
.1091
.1089
.1087
.1085
.1084
.1082
.108
.1078
.1077
.1075
.1073
.1072
.107
.1068
.1066
.1065
.1063
.1061
.106
.1058
.1056
.1055
.1053
.1051
.105
.1048
.1046
.1045
.1043
.1041
.104
.1038
.1037
.1035
.1033
.1032
.103
.1029
.1027
.1025
.1024
.1022
.1021
.1019
.1017
.1016
.1014
.1013
.1011
.101
.1008
.1007
.1005
.1004
.1002
.1
.0999
.0997
.0996
.0994
.0993
.0991
.099
.0988
.0987
.0985
.0984
.0983
.0981
.098
.0978
.0977
.0975
.0974
.0972
.0971
.0969
.0968
.0967
.0965
.0964
.0962
.0961
.0959
.0958
.0957
.0955
.0954
.0952
.0951
.095
.0948
.0947
.0946
.0944
.0943
.0941
.094
.0939
.0937
.0936
.0935
.0933
.0932
.0931
.0929
.0928
.0927
.0925
.0924
.0923
.0921
.092
.0919
.0918
.0916
.0915
.0914
.0912
.0911
.091
.0909
.0907
.0906
.0905
.0904
.0902
.0901
.09
.0899
.0897
.0896
.0895
.0894
.0892
.0891
.089
.0889
.0887
.0886
.0885
.0884
.0883
.0881
.088
.0879
.0878
.0877
.0876
.0874
.0873
.0872
.0871
.087
.0868
.0867
.0866
.0865
.0864
.0863
.0862
.086
.0859
.0858
.0857
.0856
.0855
.0854
.0852
.0851
.085
.0849
.0848
.0847
.0846
.0845
.0844
.0842
.0841
.084
.0839
.0838
.0837
.0836
.0835
.0834
.0833
.0832
.0831
.083
.0828
.0827
.0826
.0825
.0824
.0823
.0822
.0821
.082
.0819
.0818
.0817
.0816
.0815
.0814
.0813
.0812
.0811
.081
.0809
.0808
.0807
.0806
.0805
.0804
.0803
.0802
.0801
.08
.0799
.0798
.0797
.0796
.0795
.0794
.0793
.0792
.0791
.079
.0789
.0788
.0787
.0786
.0785
.0784
.0783
.0782
.0781
.078
.0779
.0778
.0778
.0777
.0776
.0775
.0774
.0773
.0772
.0771
.077
.0769
.0768
.0767
.0766
.0765
.0765
.0764
.0763
.0762
.0761
.076
.0759
.0758
.0757
.0756
.0756
.0755
.0754
.0753
.0752
.0751
.075
.0749
.0748
.0748
.0747
.0746
.0745
.0744
.0743
.0742
.0742
.0741
.074
.0739
.0738
.0737
.0736
.0736
.0735
.0734
.0733
.0732
.0731
.073
.073
.0729
.0728
.0727
.0726
.0725
.0725
.0724
.0723
.0722
.0721
.0721
.072
.0719
.0718
.0717
.0717
.0716
.0715
.0714
.0713
.0712
.0712
.0711
.071
.0709
.0709
.0708
.0707
.0706
.0705
.0705
.0704
.0703
.0702
.0701
.0701
.07
.0699
.0698
.0698
.0697
.0696
.0695
.0695
.0694
.0693
.0692
.0691
.0691
.069
.0689
.0688
.0688
.0687
.0686
.0685
.0685
.0684
.0683
.0683
.0682
.0681
.068
.068
.0679
.0678
.0677
.0677
.0676
.0675
.0674
.0674
.0673
.0672
.0672
.0671
.067
.0669
.0669
.0668
.0667
.0667
.0666
.0665
.0664
.0664
.0663
.0662
.0662
.0661
.066
.066
.0659
.0658
.0658
.0657
.0656
.0655
.0655
.0654
.0653
.0653
.0652
.0651
.0651
.065
.0649
.0649
.0648
.0647
.0647
.0646
.0645
.0645
.0644
.0643
.0643
.0642
.0641
.0641
.064
.0639
.0639
.0638
.0637
.0637
.0636
.0635
.0635
.0634
.0633
.0633
.0632
.0632
.0631
.063
.063
.0629
.0628
.0628
.0627
.0626
.0626
.0625
.0625
.0624
.0623
.0623
.0622
.0621
.0621
.062
.062
.0619
.0618
.0618
.0617
.0616
.0616
.0615
.0615
.0614
.0613
.0613
.0612
.0612
.0611
.061
.061
.0609
.0609
.0608
.0607
.0607
.0606
.0606
.0605
.0604
.0604
.0603
.0603
.0602
.0601
.0601
.06
.06
.0599
.0599
.0598
.0597
.0597
.0596
.0596
.0595
.0594
.0594
.0593
.0593
.0592
.0592
.0591
.059
.059
.0589
.0589
.0588
.0588
.0587
.0587
.0586
.0585
.0585
.0584
.0584
.0583
.0583
.0582
.0582
.0581
.058
.058
.0579
.0579
.0578
.0578
.0577
.0577
.0576
.0575
.0575
.0574
.0574
.0573
.0573
.0572
.0572
.0571
.0571
.057
.057
.0569
.0569
.0568
.0567
.0567
.0566
.0566
.0565
.0565
.0564
.0564
.0563
.0563
.0562
.0562
.0561
.0561
.056
.056
.0559
.0559
.0558
.0558
.0557
.0557
.0556
.0556
.0555
.0554
.0554
.0553
.0553
.0552
.0552
.0551
.0551
.055
.055
.0549
.0549
.0548
.0548
.0547
.0547
.0546
.0546
.0545
.0545
.0545
.0544
.0544
.0543
.0543
.0542
.0542
.0541
.0541
.054
.054
.0539
.0539
.0538
.0538
.0537
.0537
.0536
.0536
.0535
.0535
.0534
.0534
.0533
.0533
.0532
.0532
.0532
.0531
.0531
.053
.053
.0529
.0529
.0528
.0528
.0527
.0527
.0526
.0526
.0525
.0525
.0525
.0524
.0524
.0523
.0523
.0522
.0522
.0521
.0521
.052
.052
.052
.0519
.0519
.0518
.0518
.0517
.0517
.0516
.0516
.0516
.0515
.0515
.0514
.0514
.0513
.0513
.0512
.0512
.0512
.0511
.0511
.051
.051
.0509
.0509
.0508
.0508
.0508
.0507
.0507
.0506
.0506
.0505
.0505
.0505
.0504
.0504
.0503
.0503
.0502
.0502
.0502
.0501
.0501
.05
.05
