.6433
.6394
.6341
.6287
.6233
.6178
.6124
.607
.6016
.5962
.591
.5858
.5808
.5759
.5712
.5667
.5624
.5583
.5545
.5508
.5475
.5444
.5415
.5389
.5365
.5344
.5324
.5307
.5292
.5278
.5266
.5255
.5246
.5238
.5231
.5224
.5219
.5214
.521
.5207
.5204
.5201
.5199
.5197
.5195
.5194
.5193
.5192
.5191
.519
.5189
.5189
.5188
.5187
.5187
.5187
.5186
.5186
.5186
.5185
.5185
.5185
.5184
.5184
.5184
.5184
.5183
.5183
.5183
.5183
.5183
.5182
.5182
.5182
.5182
.5181
.5181
.5181
.5181
.518
.518
.518
.518
.5179
.5179
.5179
.5179
.5178
.5178
.5178
.5178
.5177
.5177
.5177
.5177
.5176
.5176
.5176
.5176
.5175
.5175
.5175
.5174
.5174
.5174
.5173
.5173
.5173
.5173
.5172
.5172
.5172
.5171
.5171
.5171
.517
.517
.517
.5169
.5169
.5169
.5168
.5168
.5168
.5167
.5167
.5167
.5166
.5166
.5166
.5165
.5165
.5165
.5164
.5164
.5163
.5163
.5163
.5162
.5162
.5161
.5161
.5161
.516
.516
.5159
.5159
.5159
.5158
.5158
.5157
.5157
.5156
.5156
.5156
.5155
.5155
.5154
.5154
.5153
.5153
.5152
.5152
.5151
.5151
.515
.515
.5149
.5149
.5148
.5148
.5147
.5146
.5146
.5145
.5145
.5144
.5144
.5143
.5142
.5142
.5141
.514
.514
.5139
.5139
.5138
.5137
.5137
.5136
.5135
.5134
.5134
.5133
.5132
.5132
.5131
.513
.5129
.5129
.5128
.5127
.5126
.5125
.5124
.5124
.5123
.5122
.5121
.512
.5119
.5118
.5117
.5117
.5116
.5115
.5114
.5113
.5112
.5111
.511
.5109
.5107
.5106
.5105
.5104
.5103
.5102
.5101
.51
.5099
.5097
.5096
.5095
.5094
.5092
.5091
.509
.5088
.5087
.5086
.5084
.5083
.5082
.508
.5079
.5077
.5076
.5074
.5073
.5071
.507
.5068
.5066
.5065
.5063
.5061
.506
.5058
.5056
.5054
.5053
.5051
.5049
.5047
.5045
.5043
.5041
.5039
.5037
.5035
.5033
.5031
.5029
.5027
.5024
.5022
.502
.5018
.5015
.5013
.5011
.5008
.5006
.5003
.5001
.4998
.4996
.4993
.499
.4988
.4985
.4982
.498
.4977
.4974
.4971
.4968
.4965
.4962
.4959
.4956
.4953
.495
.4947
.4943
.494
.4937
.4934
.493
.4927
.4923
.492
.4916
.4913
.4909
.4906
.4902
.4898
.4894
.4891
.4887
.4883
.4879
.4875
.4871
.4867
.4863
.4859
.4854
.485
.4846
.4842
.4837
.4833
.4828
.4824
.4819
.4815
.481
.4806
.4801
.4796
.4791
.4786
.4782
.4777
.4772
.4767
.4762
.4757
.4751
.4746
.4741
.4736
.4731
.4725
.472
.4714
.4709
.4703
.4698
.4692
.4687
.4681
.4675
.467
.4664
.4658
.4652
.4646
.464
.4634
.4628
.4622
.4616
.461
.4604
.4597
.4591
.4585
.4578
.4572
.4566
.4559
.4553
.4546
.454
.4533
.4526
.452
.4513
.4506
.45
.4493
.4486
.4479
.4472
.4465
.4458
.4451
.4444
.4437
.443
.4423
.4416
.4409
.4402
.4394
.4387
.438
.4372
.4365
.4358
.435
.4343
.4336
.4328
.4321
.4313
.4306
.4298
.429
.4283
.4275
.4267
.426
.4252
.4244
.4237
.4229
.4221
.4213
.4206
.4198
.419
.4182
.4174
.4166
.4158
.415
.4142
.4134
.4127
.4119
.4111
.4103
.4094
.4086
.4078
.407
.4062
.4054
.4046
.4038
.403
.4022
.4014
.4005
.3997
.3989
.3981
.3973
.3965
.3956
.3948
.394
.3932
.3924
.3915
.3907
.3899
.3891
.3882
.3874
.3866
.3858
.3849
.3841
.3833
.3825
.3816
.3808
.38
.3792
.3783
.3775
.3767
.3759
.375
.3742
.3734
.3726
.3717
.3709
.3701
.3693
.3685
.3676
.3668
.366
.3652
.3643
.3635
.3627
.3619
.3611
.3603
.3594
.3586
.3578
.357
.3562
.3554
.3546
.3538
.3529
.3521
.3513
.3505
.3497
.3489
.3481
.3473
.3465
.3457
.3449
.3441
.3433
.3425
.3417
.3409
.3402
.3394
.3386
.3378
.337
.3362
.3354
.3347
.3339
.3331
.3323
.3315
.3308
.33
.3292
.3285
.3277
.3269
.3262
.3254
.3246
.3239
.3231
.3224
.3216
.3208
.3201
.3193
.3186
.3178
.3171
.3164
.3156
.3149
.3141
.3134
.3127
.3119
.3112
.3105
.3098
.309
.3083
.3076
.3069
.3061
.3054
.3047
.304
.3033
.3026
.3019
.3012
.3005
.2998
.2991
.2984
.2977
.297
.2963
.2956
.2949
.2943
.2936
.2929
.2922
.2915
.2909
.2902
.2895
.2889
.2882
.2875
.2869
.2862
.2855
.2849
.2842
.2836
.2829
.2823
.2816
.281
.2804
.2797
.2791
.2785
.2778
.2772
.2766
.2759
.2753
.2747
.2741
.2734
.2728
.2722
.2716
.271
.2704
.2698
.2692
.2686
.268
.2674
.2668
.2662
.2656
.265
.2644
.2638
.2632
.2627
.2621
.2615
.2609
.2604
.2598
.2592
.2586
.2581
.2575
.257
.2564
.2558
.2553
.2547
.2542
.2536
.2531
.2525
.252
.2514
.2509
.2504
.2498
.2493
.2487
.2482
.2477
.2472
.2466
.2461
.2456
.2451
.2445
.244
.2435
.243
.2425
.242
.2415
.241
.2405
.24
.2394
.2389
.2385
.238
.2375
.237
.2365
.236
.2355
.235
.2345
.2341
.2336
.2331
.2326
.2321
.2317
.2312
.2307
.2303
.2298
.2293
.2289
.2284
.2279
.2275
.227
.2266
.2261
.2256
.2252
.2247
.2243
.2239
.2234
.223
.2225
.2221
.2216
.2212
.2208
.2203
.2199
.2195
.219
.2186
.2182
.2178
.2173
.2169
.2165
.2161
.2156
.2152
.2148
.2144
.214
.2136
.2132
.2128
.2123
.2119
.2115
.2111
.2107
.2103
.2099
.2095
.2091
.2087
.2083
.2079
.2076
.2072
.2068
.2064
.206
.2056
.2052
.2048
.2045
.2041
.2037
.2033
.203
.2026
.2022
.2018
.2015
.2011
.2007
.2003
.2
.1996
.1993
.1989
.1985
.1982
.1978
.1974
.1971
.1967
.1964
.196
.1957
.1953
.195
.1946
.1943
.1939
.1936
.1932
.1929
.1925
.1922
.1919
.1915
.1912
.1908
.1905
.1902
.1898
.1895
.1892
.1888
.1885
.1882
.1878
.1875
.1872
.1869
.1865
.1862
.1859
.1856
.1853
.1849
.1846
.1843
.184
.1837
.1834
.183
.1827
.1824
.1821
.1818
.1815
.1812
.1809
.1806
.1803
.18
.1797
.1793
.179
.1787
.1784
.1781
.1778
.1776
.1773
.177
.1767
.1764
.1761
.1758
.1755
.1752
.1749
.1746
.1743
.1741
.1738
.1735
.1732
.1729
.1726
.1723
.1721
.1718
.1715
.1712
.171
.1707
.1704
.1701
.1698
.1696
.1693
.169
.1688
.1685
.1682
.1679
.1677
.1674
.1671
.1669
.1666
.1663
.1661
.1658
.1656
.1653
.165
.1648
.1645
.1643
.164
.1637
.1635
.1632
.163
.1627
.1625
.1622
.162
.1617
.1615
.1612
.161
.1607
.1605
.1602
.16
.1597
.1595
.1592
.159
.1587
.1585
.1583
.158
.1578
.1575
.1573
.1571
.1568
.1566
.1563
.1561
.1559
.1556
.1554
.1552
.1549
.1547
.1545
.1542
.154
.1538
.1536
.1533
.1531
.1529
.1526
.1524
.1522
.152
.1517
.1515
.1513
.1511
.1508
.1506
.1504
.1502
.15
.1497
.1495
.1493
.1491
.1489
.1487
.1484
.1482
.148
.1478
.1476
.1474
.1472
.1469
.1467
.1465
.1463
.1461
.1459
.1457
.1455
.1453
.1451
.1449
.1446
.1444
.1442
.144
.1438
.1436
.1434
.1432
.143
.1428
.1426
.1424
.1422
.142
.1418
.1416
.1414
.1412
.141
.1408
.1406
.1404
.1402
.14
.1399
.1397
.1395
.1393
.1391
.1389
.1387
.1385
.1383
.1381
.1379
.1377
.1376
.1374
.1372
.137
.1368
.1366
.1364
.1363
.1361
.1359
.1357
.1355
.1353
.1352
.135
.1348
.1346
.1344
.1342
.1341
.1339
.1337
.1335
.1333
.1332
.133
.1328
.1326
.1325
.1323
.1321
.1319
.1318
.1316
.1314
.1312
.1311
.1309
.1307
.1306
.1304
.1302
.13
.1299
.1297
.1295
.1294
.1292
.129
.1289
.1287
.1285
.1284
.1282
.128
.1279
.1277
.1275
.1274
.1272
.127
.1269
.1267
.1265
.1264
.1262
.1261
.1259
.1257
.1256
.1254
.1253
.1251
.1249
.1248
.1246
.1245
.1243
.1242
.124
.1238
.1237
.1235
.1234
.1232
.1231
.1229
.1228
.1226
.1225
.1223
.1221
.122
.1218
.1217
.1215
.1214
.1212
.1211
.1209
.1208
.1206
.1205
.1203
.1202
.12
.1199
.1198
.1196
.1195
.1193
.1192
.119
.1189
.1187
.1186
.1184
.1183
.1182
.118
.1179
.1177
.1176
.1174
.1173
.1172
.117
.1169
.1167
.1166
.1165
.1163
.1162
.116
.1159
.1158
.1156
.1155
.1153
.1152
.1151
.1149
.1148
.1147
.1145
.1144
.1143
.1141
.114
.1138
.1137
.1136
.1134
.1133
.1132
.113
.1129
.1128
.1126
.1125
.1124
.1123
.1121
.112
.1119
.1117
.1116
.1115
.1113
.1112
.1111
.111
.1108
.1107
.1106
.1104
.1103
.1102
.1101
.1099
.1098
.1097
.1096
.1094
.1093
.1092
.1091
.1089
.1088
.1087
.1086
.1084
.1083
.1082
.1081
.108
.1078
.1077
.1076
.1075
.1073
.1072
.1071
.107
.1069
.1067
.1066
.1065
.1064
.1063
.1061
.106
.1059
.1058
.1057
.1056
.1054
.1053
.1052
.1051
.105
.1049
.1047
.1046
.1045
.1044
.1043
.1042
.104
.1039
.1038
.1037
.1036
.1035
.1034
.1033
.1031
.103
.1029
.1028
.1027
.1026
.1025
.1024
.1022
.1021
.102
.1019
.1018
.1017
.1016
.1015
.1014
.1013
.1011
.101
.1009
.1008
.1007
.1006
.1005
.1004
.1003
.1002
.1001
.1
.0999
.0997
.0996
.0995
.0994
.0993
.0992
.0991
.099
.0989
.0988
.0987
.0986
.0985
.0984
.0983
.0982
.0981
.098
.0979
.0978
.0977
.0976
.0975
.0974
.0973
.0972
.0971
.097
.0969
.0967
.0966
.0965
.0964
.0963
.0962
.0961
.0961
.096
.0959
.0958
.0957
.0956
.0955
.0954
.0953
.0952
.0951
.095
.0949
.0948
.0947
.0946
.0945
.0944
.0943
.0942
.0941
.094
.0939
.0938
.0937
.0936
.0935
.0934
.0933
.0932
.0932
.0931
.093
.0929
.0928
.0927
.0926
.0925
.0924
.0923
.0922
.0921
.092
.0919
.0919
.0918
.0917
.0916
.0915
.0914
.0913
.0912
.0911
.091
.0909
.0909
.0908
.0907
.0906
.0905
.0904
.0903
.0902
.0901
.0901
.09
.0899
.0898
.0897
.0896
.0895
.0894
.0893
.0893
.0892
.0891
.089
.0889
.0888
.0887
.0887
.0886
.0885
.0884
.0883
.0882
.0881
.0881
.088
.0879
.0878
.0877
.0876
.0875
.0875
.0874
.0873
.0872
.0871
.087
.087
.0869
.0868
.0867
.0866
.0865
.0865
.0864
.0863
.0862
.0861
.0861
.086
.0859
.0858
.0857
.0857
.0856
.0855
.0854
.0853
.0852
.0852
.0851
.085
.0849
.0848
.0848
.0847
.0846
.0845
.0845
.0844
.0843
.0842
.0841
.0841
.084
.0839
.0838
.0837
.0837
.0836
.0835
.0834
.0834
.0833
.0832
.0831
.0831
.083
.0829
.0828
.0827
.0827
.0826
.0825
.0824
.0824
.0823
.0822
.0821
.0821
.082
.0819
.0818
.0818
.0817
.0816
.0815
.0815
.0814
.0813
.0813
.0812
.0811
.081
.081
.0809
.0808
.0807
.0807
.0806
.0805
.0804
.0804
.0803
.0802
.0802
.0801
.08
.0799
.0799
.0798
.0797
.0797
.0796
.0795
.0794
.0794
.0793
.0792
.0792
.0791
.079
.079
.0789
.0788
.0787
.0787
.0786
.0785
.0785
.0784
.0783
.0783
.0782
.0781
.0781
.078
.0779
.0778
.0778
.0777
.0776
.0776
.0775
.0774
.0774
.0773
.0772
.0772
.0771
.077
.077
.0769
.0768
.0768
.0767
.0766
.0766
.0765
.0764
.0764
.0763
.0762
.0762
.0761
.076
.076
.0759
.0758
.0758
.0757
.0757
.0756
.0755
.0755
.0754
.0753
.0753
.0752
.0751
.0751
.075
.0749
.0749
.0748
.0748
.0747
.0746
.0746
.0745
.0744
.0744
.0743
.0743
.0742
.0741
.0741
.074
.0739
.0739
.0738
.0738
.0737
.0736
.0736
.0735
.0734
.0734
.0733
.0733
.0732
.0731
.0731
.073
.073
.0729
.0728
.0728
.0727
.0727
.0726
.0725
.0725
.0724
.0724
.0723
.0722
.0722
.0721
.0721
.072
.0719
.0719
.0718
.0718
.0717
.0716
.0716
.0715
.0715
.0714
.0713
.0713
.0712
.0712
.0711
.0711
.071
.0709
.0709
.0708
.0708
.0707
.0707
.0706
.0705
.0705
.0704
.0704
.0703
.0703
.0702
.0701
.0701
.07
.07
.0699
.0699
.0698
.0697
.0697
.0696
.0696
.0695
.0695
.0694
.0694
.0693
.0692
.0692
.0691
.0691
.069
.069
.0689
.0689
.0688
.0688
.0687
.0686
.0686
.0685
.0685
.0684
.0684
.0683
.0683
.0682
.0682
.0681
.0681
.068
.0679
.0679
.0678
.0678
.0677
.0677
.0676
.0676
.0675
.0675
.0674
.0674
.0673
.0673
.0672
.0672
.0671
.067
.067
.0669
.0669
.0668
.0668
.0667
.0667
.0666
.0666
.0665
.0665
.0664
.0664
.0663
.0663
.0662
.0662
.0661
.0661
.066
.066
.0659
.0659
.0658
.0658
.0657
.0657
.0656
.0656
.0655
.0655
.0654
.0654
.0653
.0653
.0652
.0652
.0651
.0651
.065
.065
.0649
.0649
.0648
.0648
.0647
.0647
.0646
.0646
.0645
.0645
.0644
.0644
.0643
.0643
.0642
.0642
.0641
.0641
.064
.064
.0639
.0639
.0639
.0638
.0638
.0637
.0637
.0636
.0636
.0635
.0635
.0634
.0634
.0633
.0633
.0632
.0632
.0631
.0631
.063
.063
.063
.0629
.0629
.0628
.0628
.0627
.0627
.0626
.0626
.0625
.0625
.0624
.0624
.0624
.0623
.0623
.0622
.0622
.0621
.0621
.062
.062
.0619
.0619
.0619
.0618
.0618
.0617
.0617
.0616
.0616
.0615
.0615
.0615
.0614
.0614
.0613
.0613
.0612
.0612
.0611
.0611
.0611
.061
.061
.0609
.0609
.0608
.0608
.0607
.0607
.0607
.0606
.0606
.0605
.0605
.0604
.0604
.0604
.0603
.0603
.0602
.0602
.0601
.0601
.0601
.06
.06
.0599
.0599
.0598
.0598
.0598
.0597
.0597
.0596
.0596
.0595
.0595
.0595
.0594
.0594
.0593
.0593
.0593
.0592
.0592
.0591
.0591
.059
.059
.059
.0589
.0589
.0588
.0588
.0588
.0587
.0587
.0586
.0586
.0585
.0585
.0585
.0584
.0584
.0583
.0583
.0583
.0582
.0582
.0581
.0581
.0581
.058
.058
.0579
.0579
.0579
.0578
.0578
.0577
.0577
.0577
.0576
.0576
.0575
.0575
.0575
.0574
.0574
.0573
.0573
.0573
.0572
.0572
.0571
.0571
.0571
.057
.057
.057
.0569
.0569
.0568
.0568
.0568
.0567
.0567
.0566
.0566
.0566
.0565
.0565
.0565
.0564
.0564
.0563
.0563
.0563
.0562
.0562
.0561
.0561
.0561
.056
.056
.056
.0559
.0559
.0558
.0558
.0558
.0557
.0557
.0557
.0556
.0556
.0555
.0555
.0555
.0554
.0554
.0554
.0553
.0553
.0553
.0552
.0552
.0551
.0551
.0551
.055
.055
.055
.0549
.0549
.0549
.0548
.0548
.0547
.0547
.0547
.0546
.0546
.0546
.0545
.0545
.0545
.0544
.0544
.0543
.0543
.0543
.0542
.0542
.0542
.0541
.0541
.0541
.054
.054
.054
.0539
.0539
.0539
.0538
.0538
.0537
.0537
.0537
.0536
.0536
.0536
.0535
.0535
.0535
.0534
.0534
.0534
.0533
.0533
.0533
.0532
.0532
.0532
.0531
.0531
.0531
.053
.053
.053
.0529
.0529
.0529
.0528
.0528
.0527
.0527
.0527
.0526
.0526
.0526
.0525
.0525
.0525
.0524
.0524
.0524
.0523
.0523
.0523
.0522
.0522
.0522
.0521
.0521
.0521
.052
.052
.052
.0519
.0519
.0519
.0518
.0518
.0518
.0518
.0517
.0517
.0517
.0516
.0516
.0516
.0515
.0515
.0515
.0514
.0514
.0514
.0513
.0513
.0513
.0512
.0512
.0512
.0511
.0511
.0511
.051
.051
.051
.0509
.0509
.0509
.0509
.0508
.0508
.0508
.0507
.0507
.0507
.0506
.0506
.0506
.0505
.0505
.0505
.0504
.0504
.0504
.0503
.0503
.0503
.0503
.0502
.0502
.0502
.0501
.0501
.0501
.05
.05
.05
