.566
.5652
.5623
.5596
.557
.5546
.5524
.5503
.5484
.5466
.545
.5435
.5422
.5409
.5398
.5388
.5379
.5371
.5364
.5358
.5352
.5347
.5342
.5338
.5334
.5331
.5328
.5325
.5323
.532
.5318
.5316
.5315
.5313
.5312
.531
.5309
.5308
.5306
.5305
.5304
.5303
.5302
.5301
.53
.5299
.5298
.5297
.5296
.5296
.5295
.5294
.5293
.5292
.5291
.529
.5289
.5288
.5287
.5287
.5286
.5285
.5284
.5283
.5282
.5281
.528
.528
.5279
.5278
.5277
.5276
.5275
.5274
.5273
.5273
.5272
.5271
.527
.5269
.5268
.5267
.5266
.5266
.5265
.5264
.5263
.5262
.5261
.526
.526
.5259
.5258
.5257
.5256
.5255
.5254
.5253
.5253
.5252
.5251
.525
.5249
.5248
.5247
.5247
.5246
.5245
.5244
.5243
.5242
.5241
.524
.524
.5239
.5238
.5237
.5236
.5235
.5234
.5234
.5233
.5232
.5231
.523
.5229
.5228
.5227
.5226
.5226
.5225
.5224
.5223
.5222
.5221
.522
.5219
.5218
.5217
.5217
.5216
.5215
.5214
.5213
.5212
.5211
.521
.5209
.5208
.5207
.5206
.5205
.5204
.5203
.5202
.5201
.52
.5199
.5198
.5197
.5196
.5195
.5194
.5193
.5192
.5191
.519
.5189
.5188
.5187
.5186
.5185
.5184
.5183
.5182
.5181
.518
.5179
.5178
.5176
.5175
.5174
.5173
.5172
.5171
.517
.5168
.5167
.5166
.5165
.5164
.5162
.5161
.516
.5159
.5158
.5156
.5155
.5154
.5152
.5151
.515
.5149
.5147
.5146
.5145
.5143
.5142
.514
.5139
.5138
.5136
.5135
.5133
.5132
.5131
.5129
.5128
.5126
.5125
.5123
.5122
.512
.5118
.5117
.5115
.5114
.5112
.511
.5109
.5107
.5105
.5104
.5102
.51
.5099
.5097
.5095
.5093
.5091
.509
.5088
.5086
.5084
.5082
.508
.5078
.5077
.5075
.5073
.5071
.5069
.5067
.5065
.5063
.506
.5058
.5056
.5054
.5052
.505
.5048
.5045
.5043
.5041
.5039
.5036
.5034
.5032
.5029
.5027
.5025
.5022
.502
.5017
.5015
.5012
.501
.5007
.5005
.5002
.5
.4997
.4994
.4992
.4989
.4986
.4984
.4981
.4978
.4975
.4972
.497
.4967
.4964
.4961
.4958
.4955
.4952
.4949
.4946
.4943
.494
.4937
.4933
.493
.4927
.4924
.4921
.4917
.4914
.4911
.4907
.4904
.4901
.4897
.4894
.489
.4887
.4883
.488
.4876
.4873
.4869
.4865
.4862
.4858
.4854
.485
.4847
.4843
.4839
.4835
.4831
.4827
.4823
.482
.4816
.4812
.4807
.4803
.4799
.4795
.4791
.4787
.4783
.4778
.4774
.477
.4766
.4761
.4757
.4753
.4748
.4744
.4739
.4735
.473
.4726
.4721
.4717
.4712
.4707
.4703
.4698
.4693
.4689
.4684
.4679
.4674
.467
.4665
.466
.4655
.465
.4645
.464
.4635
.463
.4625
.462
.4615
.461
.4605
.46
.4594
.4589
.4584
.4579
.4574
.4568
.4563
.4558
.4552
.4547
.4542
.4536
.4531
.4525
.452
.4514
.4509
.4503
.4498
.4492
.4487
.4481
.4475
.447
.4464
.4458
.4453
.4447
.4441
.4435
.443
.4424
.4418
.4412
.4406
.44
.4394
.4389
.4383
.4377
.4371
.4365
.4359
.4353
.4347
.4341
.4335
.4329
.4323
.4317
.431
.4304
.4298
.4292
.4286
.428
.4273
.4267
.4261
.4255
.4249
.4242
.4236
.423
.4224
.4217
.4211
.4205
.4198
.4192
.4186
.4179
.4173
.4166
.416
.4154
.4147
.4141
.4134
.4128
.4122
.4115
.4109
.4102
.4096
.4089
.4083
.4076
.407
.4063
.4057
.405
.4044
.4037
.4031
.4024
.4018
.4011
.4004
.3998
.3991
.3985
.3978
.3972
.3965
.3959
.3952
.3945
.3939
.3932
.3926
.3919
.3912
.3906
.3899
.3893
.3886
.3879
.3873
.3866
.386
.3853
.3847
.384
.3833
.3827
.382
.3814
.3807
.38
.3794
.3787
.3781
.3774
.3768
.3761
.3755
.3748
.3741
.3735
.3728
.3722
.3715
.3709
.3702
.3696
.3689
.3683
.3676
.367
.3663
.3657
.365
.3644
.3637
.3631
.3624
.3618
.3612
.3605
.3599
.3592
.3586
.3579
.3573
.3567
.356
.3554
.3548
.3541
.3535
.3529
.3522
.3516
.351
.3503
.3497
.3491
.3485
.3478
.3472
.3466
.346
.3453
.3447
.3441
.3435
.3429
.3422
.3416
.341
.3404
.3398
.3392
.3386
.3379
.3373
.3367
.3361
.3355
.3349
.3343
.3337
.3331
.3325
.3319
.3313
.3307
.3301
.3295
.3289
.3283
.3277
.3272
.3266
.326
.3254
.3248
.3242
.3236
.3231
.3225
.3219
.3213
.3207
.3202
.3196
.319
.3184
.3179
.3173
.3167
.3162
.3156
.315
.3145
.3139
.3133
.3128
.3122
.3116
.3111
.3105
.31
.3094
.3089
.3083
.3078
.3072
.3067
.3061
.3056
.305
.3045
.3039
.3034
.3028
.3023
.3018
.3012
.3007
.3002
.2996
.2991
.2986
.298
.2975
.297
.2964
.2959
.2954
.2949
.2943
.2938
.2933
.2928
.2922
.2917
.2912
.2907
.2902
.2897
.2892
.2886
.2881
.2876
.2871
.2866
.2861
.2856
.2851
.2846
.2841
.2836
.2831
.2826
.2821
.2816
.2811
.2806
.2801
.2796
.2791
.2786
.2781
.2776
.2771
.2767
.2762
.2757
.2752
.2747
.2742
.2738
.2733
.2728
.2723
.2718
.2714
.2709
.2704
.2699
.2695
.269
.2685
.2681
.2676
.2671
.2667
.2662
.2657
.2653
.2648
.2643
.2639
.2634
.263
.2625
.262
.2616
.2611
.2607
.2602
.2598
.2593
.2589
.2584
.258
.2575
.2571
.2566
.2562
.2557
.2553
.2549
.2544
.254
.2535
.2531
.2527
.2522
.2518
.2513
.2509
.2505
.25
.2496
.2492
.2488
.2483
.2479
.2475
.247
.2466
.2462
.2458
.2453
.2449
.2445
.2441
.2437
.2432
.2428
.2424
.242
.2416
.2412
.2408
.2403
.2399
.2395
.2391
.2387
.2383
.2379
.2375
.2371
.2367
.2363
.2359
.2355
.2351
.2347
.2343
.2339
.2335
.2331
.2327
.2323
.2319
.2315
.2311
.2307
.2303
.2299
.2295
.2291
.2287
.2284
.228
.2276
.2272
.2268
.2264
.226
.2257
.2253
.2249
.2245
.2241
.2238
.2234
.223
.2226
.2223
.2219
.2215
.2211
.2208
.2204
.22
.2197
.2193
.2189
.2185
.2182
.2178
.2174
.2171
.2167
.2164
.216
.2156
.2153
.2149
.2145
.2142
.2138
.2135
.2131
.2128
.2124
.212
.2117
.2113
.211
.2106
.2103
.2099
.2096
.2092
.2089
.2085
.2082
.2078
.2075
.2071
.2068
.2065
.2061
.2058
.2054
.2051
.2047
.2044
.2041
.2037
.2034
.203
.2027
.2024
.202
.2017
.2014
.201
.2007
.2004
.2
.1997
.1994
.199
.1987
.1984
.1981
.1977
.1974
.1971
.1967
.1964
.1961
.1958
.1954
.1951
.1948
.1945
.1942
.1938
.1935
.1932
.1929
.1926
.1922
.1919
.1916
.1913
.191
.1907
.1904
.19
.1897
.1894
.1891
.1888
.1885
.1882
.1879
.1876
.1872
.1869
.1866
.1863
.186
.1857
.1854
.1851
.1848
.1845
.1842
.1839
.1836
.1833
.183
.1827
.1824
.1821
.1818
.1815
.1812
.1809
.1806
.1803
.18
.1797
.1794
.1791
.1788
.1785
.1782
.178
.1777
.1774
.1771
.1768
.1765
.1762
.1759
.1756
.1754
.1751
.1748
.1745
.1742
.1739
.1736
.1734
.1731
.1728
.1725
.1722
.1719
.1717
.1714
.1711
.1708
.1705
.1703
.17
.1697
.1694
.1692
.1689
.1686
.1683
.168
.1678
.1675
.1672
.167
.1667
.1664
.1661
.1659
.1656
.1653
.165
.1648
.1645
.1642
.164
.1637
.1634
.1632
.1629
.1626
.1624
.1621
.1618
.1616
.1613
.161
.1608
.1605
.1603
.16
.1597
.1595
.1592
.1589
.1587
.1584
.1582
.1579
.1577
.1574
.1571
.1569
.1566
.1564
.1561
.1559
.1556
.1553
.1551
.1548
.1546
.1543
.1541
.1538
.1536
.1533
.1531
.1528
.1526
.1523
.1521
.1518
.1516
.1513
.1511
.1508
.1506
.1503
.1501
.1498
.1496
.1493
.1491
.1488
.1486
.1484
.1481
.1479
.1476
.1474
.1471
.1469
.1467
.1464
.1462
.1459
.1457
.1455
.1452
.145
.1447
.1445
.1443
.144
.1438
.1435
.1433
.1431
.1428
.1426
.1424
.1421
.1419
.1417
.1414
.1412
.141
.1407
.1405
.1403
.14
.1398
.1396
.1393
.1391
.1389
.1386
.1384
.1382
.138
.1377
.1375
.1373
.137
.1368
.1366
.1364
.1361
.1359
.1357
.1355
.1352
.135
.1348
.1346
.1343
.1341
.1339
.1337
.1334
.1332
.133
.1328
.1326
.1323
.1321
.1319
.1317
.1315
.1312
.131
.1308
.1306
.1304
.1301
.1299
.1297
.1295
.1293
.1291
.1288
.1286
.1284
.1282
.128
.1278
.1276
.1273
.1271
.1269
.1267
.1265
.1263
.1261
.1259
.1256
.1254
.1252
.125
.1248
.1246
.1244
.1242
.124
.1238
.1236
.1233
.1231
.1229
.1227
.1225
.1223
.1221
.1219
.1217
.1215
.1213
.1211
.1209
.1207
.1205
.1203
.1201
.1199
.1197
.1195
.1193
.1191
.1189
.1187
.1185
.1183
.1181
.1179
.1177
.1175
.1173
.1171
.1169
.1167
.1165
.1163
.1161
.1159
.1157
.1155
.1153
.1151
.1149
.1147
.1145
.1143
.1141
.1139
.1138
.1136
.1134
.1132
.113
.1128
.1126
.1124
.1122
.112
.1119
.1117
.1115
.1113
.1111
.1109
.1107
.1105
.1104
.1102
.11
.1098
.1096
.1094
.1092
.1091
.1089
.1087
.1085
.1083
.1081
.108
.1078
.1076
.1074
.1072
.107
.1069
.1067
.1065
.1063
.1061
.106
.1058
.1056
.1054
.1053
.1051
.1049
.1047
.1046
.1044
.1042
.104
.1039
.1037
.1035
.1033
.1032
.103
.1028
.1026
.1025
.1023
.1021
.1019
.1018
.1016
.1014
.1013
.1011
.1009
.1008
.1006
.1004
.1003
.1001
.0999
.0998
.0996
.0994
.0993
.0991
.0989
.0988
.0986
.0984
.0983
.0981
.0979
.0978
.0976
.0974
.0973
.0971
.097
.0968
.0966
.0965
.0963
.0962
.096
.0958
.0957
.0955
.0954
.0952
.0951
.0949
.0947
.0946
.0944
.0943
.0941
.094
.0938
.0936
.0935
.0933
.0932
.093
.0929
.0927
.0926
.0924
.0923
.0921
.092
.0918
.0917
.0915
.0914
.0912
.0911
.0909
.0908
.0906
.0905
.0903
.0902
.09
.0899
.0897
.0896
.0895
.0893
.0892
.089
.0889
.0887
.0886
.0884
.0883
.0882
.088
.0879
.0877
.0876
.0874
.0873
.0872
.087
.0869
.0867
.0866
.0865
.0863
.0862
.0861
.0859
.0858
.0856
.0855
.0854
.0852
.0851
.085
.0848
.0847
.0846
.0844
.0843
.0842
.084
.0839
.0838
.0836
.0835
.0834
.0832
.0831
.083
.0828
.0827
.0826
.0825
.0823
.0822
.0821
.0819
.0818
.0817
.0816
.0814
.0813
.0812
.081
.0809
.0808
.0807
.0805
.0804
.0803
.0802
.0801
.0799
.0798
.0797
.0796
.0794
.0793
.0792
.0791
.079
.0788
.0787
.0786
.0785
.0784
.0782
.0781
.078
.0779
.0778
.0776
.0775
.0774
.0773
.0772
.0771
.0769
.0768
.0767
.0766
.0765
.0764
.0762
.0761
.076
.0759
.0758
.0757
.0756
.0755
.0753
.0752
.0751
.075
.0749
.0748
.0747
.0746
.0745
.0743
.0742
.0741
.074
.0739
.0738
.0737
.0736
.0735
.0734
.0733
.0732
.0731
.0729
.0728
.0727
.0726
.0725
.0724
.0723
.0722
.0721
.072
.0719
.0718
.0717
.0716
.0715
.0714
.0713
.0712
.0711
.071
.0709
.0708
.0707
.0706
.0705
.0704
.0703
.0702
.0701
.07
.0699
.0698
.0697
.0696
.0695
.0694
.0693
.0692
.0691
.069
.0689
.0688
.0687
.0686
.0685
.0684
.0683
.0682
.0681
.0681
.068
.0679
.0678
.0677
.0676
.0675
.0674
.0673
.0672
.0671
.067
.0669
.0669
.0668
.0667
.0666
.0665
.0664
.0663
.0662
.0661
.066
.066
.0659
.0658
.0657
.0656
.0655
.0654
.0653
.0653
.0652
.0651
.065
.0649
.0648
.0647
.0647
.0646
.0645
.0644
.0643
.0642
.0641
.0641
.064
.0639
.0638
.0637
.0636
.0636
.0635
.0634
.0633
.0632
.0631
.0631
.063
.0629
.0628
.0627
.0627
.0626
.0625
.0624
.0623
.0623
.0622
.0621
.062
.0619
.0619
.0618
.0617
.0616
.0616
.0615
.0614
.0613
.0612
.0612
.0611
.061
.0609
.0609
.0608
.0607
.0606
.0606
.0605
.0604
.0603
.0603
.0602
.0601
.06
.06
.0599
.0598
.0597
.0597
.0596
.0595
.0595
.0594
.0593
.0592
.0592
.0591
.059
.0589
.0589
.0588
.0587
.0587
.0586
.0585
.0585
.0584
.0583
.0582
.0582
.0581
.058
.058
.0579
.0578
.0578
.0577
.0576
.0576
.0575
.0574
.0573
.0573
.0572
.0571
.0571
.057
.0569
.0569
.0568
.0567
.0567
.0566
.0565
.0565
.0564
.0564
.0563
.0562
.0562
.0561
.056
.056
.0559
.0558
.0558
.0557
.0556
.0556
.0555
.0555
.0554
.0553
.0553
.0552
.0551
.0551
.055
.055
.0549
.0548
.0548
.0547
.0546
.0546
.0545
.0545
.0544
.0543
.0543
.0542
.0542
.0541
.054
.054
.0539
.0539
.0538
.0537
.0537
.0536
.0536
.0535
.0534
.0534
.0533
.0533
.0532
.0532
.0531
.053
.053
.0529
.0529
.0528
.0527
.0527
.0526
.0526
.0525
.0525
.0524
.0524
.0523
.0522
.0522
.0521
.0521
.052
.052
.0519
.0518
.0518
.0517
.0517
.0516
.0516
.0515
.0515
.0514
.0514
.0513
.0513
.0512
.0511
.0511
.051
.051
.0509
.0509
.0508
.0508
.0507
.0507
.0506
.0506
.0505
.0505
.0504
.0504
.0503
.0502
.0502
.0501
.0501
.05
.05
