.5895
.5882
.5857
.5832
.5808
.5783
.576
.5736
.5713
.569
.5668
.5646
.5624
.5603
.5583
.5563
.5544
.5526
.5508
.5491
.5475
.5459
.5444
.543
.5416
.5403
.5391
.538
.5369
.5359
.535
.5341
.5332
.5325
.5317
.531
.5304
.5298
.5292
.5287
.5282
.5277
.5273
.5269
.5265
.5261
.5257
.5253
.525
.5247
.5243
.524
.5237
.5234
.5231
.5228
.5225
.5222
.522
.5217
.5214
.5211
.5208
.5205
.5202
.52
.5197
.5194
.5191
.5188
.5185
.5182
.5179
.5176
.5172
.5169
.5166
.5163
.516
.5156
.5153
.515
.5146
.5143
.5139
.5136
.5132
.5129
.5125
.5121
.5118
.5114
.511
.5106
.5102
.5098
.5094
.509
.5086
.5082
.5078
.5074
.507
.5066
.5061
.5057
.5053
.5048
.5044
.5039
.5035
.503
.5025
.5021
.5016
.5011
.5006
.5002
.4997
.4992
.4987
.4982
.4977
.4972
.4967
.4961
.4956
.4951
.4946
.494
.4935
.4929
.4924
.4918
.4913
.4907
.4902
.4896
.489
.4885
.4879
.4873
.4867
.4861
.4855
.4849
.4844
.4837
.4831
.4825
.4819
.4813
.4807
.4801
.4794
.4788
.4782
.4775
.4769
.4763
.4756
.475
.4743
.4737
.473
.4724
.4717
.471
.4704
.4697
.469
.4684
.4677
.467
.4663
.4656
.465
.4643
.4636
.4629
.4622
.4615
.4608
.4601
.4594
.4587
.458
.4573
.4566
.4559
.4552
.4545
.4538
.4531
.4523
.4516
.4509
.4502
.4495
.4488
.448
.4473
.4466
.4459
.4452
.4444
.4437
.443
.4422
.4415
.4408
.4401
.4393
.4386
.4379
.4371
.4364
.4357
.4349
.4342
.4335
.4327
.432
.4313
.4305
.4298
.4291
.4283
.4276
.4269
.4261
.4254
.4247
.4239
.4232
.4225
.4217
.421
.4203
.4195
.4188
.418
.4173
.4166
.4158
.4151
.4144
.4136
.4129
.4122
.4114
.4107
.41
.4092
.4085
.4078
.407
.4063
.4056
.4048
.4041
.4034
.4027
.4019
.4012
.4005
.3997
.399
.3983
.3976
.3968
.3961
.3954
.3946
.3939
.3932
.3925
.3917
.391
.3903
.3896
.3888
.3881
.3874
.3867
.3859
.3852
.3845
.3838
.383
.3823
.3816
.3809
.3801
.3794
.3787
.378
.3773
.3765
.3758
.3751
.3744
.3736
.3729
.3722
.3715
.3708
.37
.3693
.3686
.3679
.3672
.3664
.3657
.365
.3643
.3636
.3628
.3621
.3614
.3607
.36
.3592
.3585
.3578
.3571
.3564
.3556
.3549
.3542
.3535
.3528
.352
.3513
.3506
.3499
.3492
.3484
.3477
.347
.3463
.3456
.3448
.3441
.3434
.3427
.342
.3413
.3405
.3398
.3391
.3384
.3377
.337
.3362
.3355
.3348
.3341
.3334
.3326
.3319
.3312
.3305
.3298
.3291
.3284
.3276
.3269
.3262
.3255
.3248
.3241
.3234
.3227
.3219
.3212
.3205
.3198
.3191
.3184
.3177
.317
.3163
.3156
.3149
.3142
.3135
.3128
.3121
.3114
.3107
.31
.3093
.3086
.3079
.3072
.3065
.3058
.3051
.3044
.3037
.303
.3024
.3017
.301
.3003
.2996
.2989
.2983
.2976
.2969
.2962
.2956
.2949
.2942
.2936
.2929
.2922
.2916
.2909
.2902
.2896
.2889
.2883
.2876
.2869
.2863
.2856
.285
.2844
.2837
.2831
.2824
.2818
.2811
.2805
.2799
.2792
.2786
.278
.2774
.2767
.2761
.2755
.2749
.2742
.2736
.273
.2724
.2718
.2712
.2706
.27
.2694
.2688
.2682
.2676
.267
.2664
.2658
.2652
.2646
.264
.2635
.2629
.2623
.2617
.2611
.2606
.26
.2594
.2589
.2583
.2577
.2572
.2566
.256
.2555
.2549
.2544
.2538
.2533
.2527
.2522
.2516
.2511
.2506
.25
.2495
.249
.2484
.2479
.2474
.2468
.2463
.2458
.2453
.2448
.2442
.2437
.2432
.2427
.2422
.2417
.2412
.2407
.2402
.2397
.2392
.2387
.2382
.2377
.2372
.2367
.2362
.2357
.2352
.2347
.2342
.2338
.2333
.2328
.2323
.2318
.2314
.2309
.2304
.23
.2295
.229
.2286
.2281
.2276
.2272
.2267
.2262
.2258
.2253
.2249
.2244
.224
.2235
.2231
.2226
.2222
.2218
.2213
.2209
.2204
.22
.2196
.2191
.2187
.2183
.2178
.2174
.217
.2165
.2161
.2157
.2153
.2148
.2144
.214
.2136
.2132
.2128
.2123
.2119
.2115
.2111
.2107
.2103
.2099
.2095
.2091
.2087
.2083
.2079
.2075
.2071
.2067
.2063
.2059
.2055
.2051
.2047
.2043
.2039
.2036
.2032
.2028
.2024
.202
.2016
.2013
.2009
.2005
.2001
.1997
.1994
.199
.1986
.1983
.1979
.1975
.1971
.1968
.1964
.1961
.1957
.1953
.195
.1946
.1942
.1939
.1935
.1932
.1928
.1925
.1921
.1918
.1914
.1911
.1907
.1904
.19
.1897
.1893
.189
.1886
.1883
.188
.1876
.1873
.1869
.1866
.1863
.1859
.1856
.1853
.1849
.1846
.1843
.1839
.1836
.1833
.183
.1826
.1823
.182
.1817
.1814
.181
.1807
.1804
.1801
.1798
.1794
.1791
.1788
.1785
.1782
.1779
.1776
.1773
.177
.1767
.1764
.176
.1757
.1754
.1751
.1748
.1745
.1742
.1739
.1736
.1733
.173
.1728
.1725
.1722
.1719
.1716
.1713
.171
.1707
.1704
.1701
.1699
.1696
.1693
.169
.1687
.1684
.1682
.1679
.1676
.1673
.167
.1668
.1665
.1662
.1659
.1657
.1654
.1651
.1649
.1646
.1643
.1641
.1638
.1635
.1633
.163
.1627
.1625
.1622
.1619
.1617
.1614
.1612
.1609
.1607
.1604
.1601
.1599
.1596
.1594
.1591
.1589
.1586
.1584
.1581
.1579
.1576
.1574
.1571
.1569
.1567
.1564
.1562
.1559
.1557
.1554
.1552
.155
.1547
.1545
.1543
.154
.1538
.1536
.1533
.1531
.1529
.1526
.1524
.1522
.1519
.1517
.1515
.1513
.151
.1508
.1506
.1504
.1501
.1499
.1497
.1495
.1493
.149
.1488
.1486
.1484
.1482
.1479
.1477
.1475
.1473
.1471
.1469
.1467
.1465
.1462
.146
.1458
.1456
.1454
.1452
.145
.1448
.1446
.1444
.1442
.144
.1438
.1436
.1434
.1432
.143
.1428
.1426
.1424
.1422
.142
.1418
.1416
.1414
.1412
.141
.1408
.1406
.1404
.1402
.14
.1398
.1397
.1395
.1393
.1391
.1389
.1387
.1385
.1383
.1382
.138
.1378
.1376
.1374
.1372
.1371
.1369
.1367
.1365
.1363
.1362
.136
.1358
.1356
.1354
.1353
.1351
.1349
.1347
.1346
.1344
.1342
.134
.1339
.1337
.1335
.1334
.1332
.133
.1328
.1327
.1325
.1323
.1322
.132
.1318
.1317
.1315
.1313
.1312
.131
.1308
.1307
.1305
.1304
.1302
.13
.1299
.1297
.1296
.1294
.1292
.1291
.1289
.1288
.1286
.1284
.1283
.1281
.128
.1278
.1277
.1275
.1274
.1272
.1271
.1269
.1267
.1266
.1264
.1263
.1261
.126
.1258
.1257
.1255
.1254
.1252
.1251
.125
.1248
.1247
.1245
.1244
.1242
.1241
.1239
.1238
.1236
.1235
.1234
.1232
.1231
.1229
.1228
.1226
.1225
.1224
.1222
.1221
.1219
.1218
.1217
.1215
.1214
.1212
.1211
.121
.1208
.1207
.1206
.1204
.1203
.1202
.12
.1199
.1198
.1196
.1195
.1194
.1192
.1191
.119
.1188
.1187
.1186
.1184
.1183
.1182
.118
.1179
.1178
.1177
.1175
.1174
.1173
.1171
.117
.1169
.1168
.1166
.1165
.1164
.1163
.1161
.116
.1159
.1158
.1156
.1155
.1154
.1153
.1151
.115
.1149
.1148
.1146
.1145
.1144
.1143
.1142
.114
.1139
.1138
.1137
.1136
.1134
.1133
.1132
.1131
.113
.1128
.1127
.1126
.1125
.1124
.1123
.1121
.112
.1119
.1118
.1117
.1116
.1115
.1113
.1112
.1111
.111
.1109
.1108
.1107
.1105
.1104
.1103
.1102
.1101
.11
.1099
.1098
.1096
.1095
.1094
.1093
.1092
.1091
.109
.1089
.1088
.1087
.1085
.1084
.1083
.1082
.1081
.108
.1079
.1078
.1077
.1076
.1075
.1074
.1073
.1072
.1071
.1069
.1068
.1067
.1066
.1065
.1064
.1063
.1062
.1061
.106
.1059
.1058
.1057
.1056
.1055
.1054
.1053
.1052
.1051
.105
.1049
.1048
.1047
.1046
.1045
.1044
.1043
.1042
.1041
.104
.1039
.1038
.1037
.1036
.1035
.1034
.1033
.1032
.1031
.103
.1029
.1028
.1027
.1026
.1025
.1024
.1023
.1022
.1021
.102
.1019
.1018
.1017
.1016
.1016
.1015
.1014
.1013
.1012
.1011
.101
.1009
.1008
.1007
.1006
.1005
.1004
.1003
.1002
.1002
.1001
.1
.0999
.0998
.0997
.0996
.0995
.0994
.0993
.0992
.0991
.0991
.099
.0989
.0988
.0987
.0986
.0985
.0984
.0983
.0983
.0982
.0981
.098
.0979
.0978
.0977
.0976
.0976
.0975
.0974
.0973
.0972
.0971
.097
.0969
.0969
.0968
.0967
.0966
.0965
.0964
.0963
.0963
.0962
.0961
.096
.0959
.0958
.0957
.0957
.0956
.0955
.0954
.0953
.0952
.0952
.0951
.095
.0949
.0948
.0947
.0947
.0946
.0945
.0944
.0943
.0943
.0942
.0941
.094
.0939
.0938
.0938
.0937
.0936
.0935
.0934
.0934
.0933
.0932
.0931
.093
.093
.0929
.0928
.0927
.0926
.0926
.0925
.0924
.0923
.0923
.0922
.0921
.092
.0919
.0919
.0918
.0917
.0916
.0916
.0915
.0914
.0913
.0912
.0912
.0911
.091
.0909
.0909
.0908
.0907
.0906
.0906
.0905
.0904
.0903
.0903
.0902
.0901
.09
.09
.0899
.0898
.0897
.0897
.0896
.0895
.0894
.0894
.0893
.0892
.0891
.0891
.089
.0889
.0889
.0888
.0887
.0886
.0886
.0885
.0884
.0884
.0883
.0882
.0881
.0881
.088
.0879
.0878
.0878
.0877
.0876
.0876
.0875
.0874
.0874
.0873
.0872
.0871
.0871
.087
.0869
.0869
.0868
.0867
.0867
.0866
.0865
.0864
.0864
.0863
.0862
.0862
.0861
.086
.086
.0859
.0858
.0858
.0857
.0856
.0856
.0855
.0854
.0854
.0853
.0852
.0852
.0851
.085
.085
.0849
.0848
.0848
.0847
.0846
.0846
.0845
.0844
.0844
.0843
.0842
.0842
.0841
.084
.084
.0839
.0838
.0838
.0837
.0836
.0836
.0835
.0834
.0834
.0833
.0832
.0832
.0831
.0831
.083
.0829
.0829
.0828
.0827
.0827
.0826
.0825
.0825
.0824
.0824
.0823
.0822
.0822
.0821
.082
.082
.0819
.0819
.0818
.0817
.0817
.0816
.0815
.0815
.0814
.0814
.0813
.0812
.0812
.0811
.0811
.081
.0809
.0809
.0808
.0808
.0807
.0806
.0806
.0805
.0804
.0804
.0803
.0803
.0802
.0801
.0801
.08
.08
.0799
.0799
.0798
.0797
.0797
.0796
.0796
.0795
.0794
.0794
.0793
.0793
.0792
.0791
.0791
.079
.079
.0789
.0789
.0788
.0787
.0787
.0786
.0786
.0785
.0785
.0784
.0783
.0783
.0782
.0782
.0781
.0781
.078
.0779
.0779
.0778
.0778
.0777
.0777
.0776
.0775
.0775
.0774
.0774
.0773
.0773
.0772
.0772
.0771
.077
.077
.0769
.0769
.0768
.0768
.0767
.0767
.0766
.0765
.0765
.0764
.0764
.0763
.0763
.0762
.0762
.0761
.0761
.076
.0759
.0759
.0758
.0758
.0757
.0757
.0756
.0756
.0755
.0755
.0754
.0754
.0753
.0753
.0752
.0751
.0751
.075
.075
.0749
.0749
.0748
.0748
.0747
.0747
.0746
.0746
.0745
.0745
.0744
.0744
.0743
.0743
.0742
.0742
.0741
.074
.074
.0739
.0739
.0738
.0738
.0737
.0737
.0736
.0736
.0735
.0735
.0734
.0734
.0733
.0733
.0732
.0732
.0731
.0731
.073
.073
.0729
.0729
.0728
.0728
.0727
.0727
.0726
.0726
.0725
.0725
.0724
.0724
.0723
.0723
.0722
.0722
.0721
.0721
.072
.072
.0719
.0719
.0718
.0718
.0717
.0717
.0717
.0716
.0716
.0715
.0715
.0714
.0714
.0713
.0713
.0712
.0712
.0711
.0711
.071
.071
.0709
.0709
.0708
.0708
.0707
.0707
.0707
.0706
.0706
.0705
.0705
.0704
.0704
.0703
.0703
.0702
.0702
.0701
.0701
.07
.07
.07
.0699
.0699
.0698
.0698
.0697
.0697
.0696
.0696
.0695
.0695
.0694
.0694
.0694
.0693
.0693
.0692
.0692
.0691
.0691
.069
.069
.0689
.0689
.0689
.0688
.0688
.0687
.0687
.0686
.0686
.0685
.0685
.0685
.0684
.0684
.0683
.0683
.0682
.0682
.0681
.0681
.0681
.068
.068
.0679
.0679
.0678
.0678
.0678
.0677
.0677
.0676
.0676
.0675
.0675
.0674
.0674
.0674
.0673
.0673
.0672
.0672
.0671
.0671
.0671
.067
.067
.0669
.0669
.0668
.0668
.0668
.0667
.0667
.0666
.0666
.0666
.0665
.0665
.0664
.0664
.0663
.0663
.0663
.0662
.0662
.0661
.0661
.066
.066
.066
.0659
.0659
.0658
.0658
.0658
.0657
.0657
.0656
.0656
.0656
.0655
.0655
.0654
.0654
.0653
.0653
.0653
.0652
.0652
.0651
.0651
.0651
.065
.065
.0649
.0649
.0649
.0648
.0648
.0647
.0647
.0647
.0646
.0646
.0645
.0645
.0645
.0644
.0644
.0643
.0643
.0643
.0642
.0642
.0641
.0641
.0641
.064
.064
.064
.0639
.0639
.0638
.0638
.0638
.0637
.0637
.0636
.0636
.0636
.0635
.0635
.0634
.0634
.0634
.0633
.0633
.0633
.0632
.0632
.0631
.0631
.0631
.063
.063
.0629
.0629
.0629
.0628
.0628
.0628
.0627
.0627
.0626
.0626
.0626
.0625
.0625
.0625
.0624
.0624
.0623
.0623
.0623
.0622
.0622
.0622
.0621
.0621
.0621
.062
.062
.0619
.0619
.0619
.0618
.0618
.0618
.0617
.0617
.0616
.0616
.0616
.0615
.0615
.0615
.0614
.0614
.0614
.0613
.0613
.0612
.0612
.0612
.0611
.0611
.0611
.061
.061
.061
.0609
.0609
.0609
.0608
.0608
.0607
.0607
.0607
.0606
.0606
.0606
.0605
.0605
.0605
.0604
.0604
.0604
.0603
.0603
.0603
.0602
.0602
.0601
.0601
.0601
.06
.06
.06
.0599
.0599
.0599
.0598
.0598
.0598
.0597
.0597
.0597
.0596
.0596
.0596
.0595
.0595
.0595
.0594
.0594
.0594
.0593
.0593
.0593
.0592
.0592
.0591
.0591
.0591
.059
.059
.059
.0589
.0589
.0589
.0588
.0588
.0588
.0587
.0587
.0587
.0586
.0586
.0586
.0585
.0585
.0585
.0584
.0584
.0584
.0583
.0583
.0583
.0582
.0582
.0582
.0582
.0581
.0581
.0581
.058
.058
.058
.0579
.0579
.0579
.0578
.0578
.0578
.0577
.0577
.0577
.0576
.0576
.0576
.0575
.0575
.0575
.0574
.0574
.0574
.0573
.0573
.0573
.0572
.0572
.0572
.0572
.0571
.0571
.0571
.057
.057
.057
.0569
.0569
.0569
.0568
.0568
.0568
.0567
.0567
.0567
.0566
.0566
.0566
.0566
.0565
.0565
.0565
.0564
.0564
.0564
.0563
.0563
.0563
.0562
.0562
.0562
.0562
.0561
.0561
.0561
.056
.056
.056
.0559
.0559
.0559
.0558
.0558
.0558
.0558
.0557
.0557
.0557
.0556
.0556
.0556
.0555
.0555
.0555
.0555
.0554
.0554
.0554
.0553
.0553
.0553
.0552
.0552
.0552
.0552
.0551
.0551
.0551
.055
.055
.055
.0549
.0549
.0549
.0549
.0548
.0548
.0548
.0547
.0547
.0547
.0547
.0546
.0546
.0546
.0545
.0545
.0545
.0544
.0544
.0544
.0544
.0543
.0543
.0543
.0542
.0542
.0542
.0542
.0541
.0541
.0541
.054
.054
.054
.054
.0539
.0539
.0539
.0538
.0538
.0538
.0538
.0537
.0537
.0537
.0536
.0536
.0536
.0536
.0535
.0535
.0535
.0535
.0534
.0534
.0534
.0533
.0533
.0533
.0533
.0532
.0532
.0532
.0531
.0531
.0531
.0531
.053
.053
.053
.0529
.0529
.0529
.0529
.0528
.0528
.0528
.0528
.0527
.0527
.0527
.0526
.0526
.0526
.0526
.0525
.0525
.0525
.0525
.0524
.0524
.0524
.0523
.0523
.0523
.0523
.0522
.0522
.0522
.0522
.0521
.0521
.0521
.0521
.052
.052
.052
.0519
.0519
.0519
.0519
.0518
.0518
.0518
.0518
.0517
.0517
.0517
.0517
.0516
.0516
.0516
.0516
.0515
.0515
.0515
.0514
.0514
.0514
.0514
.0513
.0513
.0513
.0513
.0512
.0512
.0512
.0512
.0511
.0511
.0511
.0511
.051
.051
.051
.051
.0509
.0509
.0509
.0509
.0508
.0508
.0508
.0508
.0507
.0507
.0507
.0506
.0506
.0506
.0506
.0505
.0505
.0505
.0505
.0504
.0504
.0504
.0504
.0503
.0503
.0503
.0503
.0502
.0502
.0502
.0502
.0501
.0501
.0501
.0501
.05
.05
.05
