.5857
.5835
.5798
.5762
.5728
.5694
.5662
.5631
.5601
.5572
.5545
.552
.5495
.5472
.545
.543
.5411
.5393
.5377
.5361
.5347
.5334
.5322
.5311
.5301
.5291
.5283
.5275
.5268
.5261
.5255
.5249
.5244
.5239
.5234
.523
.5225
.5222
.5218
.5214
.5211
.5207
.5204
.5201
.5198
.5195
.5192
.5189
.5186
.5183
.518
.5177
.5173
.517
.5167
.5164
.5161
.5158
.5155
.5151
.5148
.5145
.5142
.5138
.5135
.5131
.5128
.5124
.5121
.5117
.5114
.511
.5106
.5102
.5099
.5095
.5091
.5087
.5083
.5079
.5075
.5071
.5067
.5063
.5059
.5054
.505
.5046
.5042
.5037
.5033
.5028
.5024
.5019
.5015
.501
.5006
.5001
.4996
.4992
.4987
.4982
.4977
.4972
.4967
.4963
.4958
.4953
.4947
.4942
.4937
.4932
.4927
.4922
.4916
.4911
.4906
.49
.4895
.489
.4884
.4879
.4873
.4867
.4862
.4856
.485
.4845
.4839
.4833
.4827
.4821
.4816
.481
.4804
.4798
.4792
.4786
.478
.4773
.4767
.4761
.4755
.4749
.4742
.4736
.473
.4723
.4717
.471
.4704
.4698
.4691
.4684
.4678
.4671
.4665
.4658
.4651
.4645
.4638
.4631
.4624
.4617
.4611
.4604
.4597
.459
.4583
.4576
.4569
.4562
.4555
.4548
.4541
.4534
.4526
.4519
.4512
.4505
.4498
.449
.4483
.4476
.4468
.4461
.4454
.4446
.4439
.4431
.4424
.4417
.4409
.4402
.4394
.4386
.4379
.4371
.4364
.4356
.4349
.4341
.4333
.4326
.4318
.431
.4302
.4295
.4287
.4279
.4271
.4263
.4256
.4248
.424
.4232
.4224
.4216
.4208
.4201
.4193
.4185
.4177
.4169
.4161
.4153
.4145
.4137
.4129
.4121
.4113
.4105
.4097
.4089
.408
.4072
.4064
.4056
.4048
.404
.4032
.4024
.4016
.4007
.3999
.3991
.3983
.3975
.3966
.3958
.395
.3942
.3934
.3925
.3917
.3909
.3901
.3893
.3884
.3876
.3868
.386
.3851
.3843
.3835
.3827
.3818
.381
.3802
.3793
.3785
.3777
.3769
.376
.3752
.3744
.3735
.3727
.3719
.371
.3702
.3694
.3686
.3677
.3669
.3661
.3652
.3644
.3636
.3628
.3619
.3611
.3603
.3594
.3586
.3578
.3569
.3561
.3553
.3545
.3536
.3528
.352
.3512
.3503
.3495
.3487
.3479
.347
.3462
.3454
.3446
.3437
.3429
.3421
.3413
.3405
.3396
.3388
.338
.3372
.3364
.3355
.3347
.3339
.3331
.3323
.3315
.3307
.3298
.329
.3282
.3274
.3266
.3258
.325
.3242
.3234
.3226
.3218
.321
.3202
.3194
.3186
.3178
.317
.3162
.3154
.3146
.3138
.313
.3122
.3114
.3107
.3099
.3091
.3083
.3075
.3067
.306
.3052
.3044
.3036
.3029
.3021
.3013
.3006
.2998
.299
.2983
.2975
.2967
.296
.2952
.2945
.2937
.293
.2922
.2915
.2907
.29
.2892
.2885
.2877
.287
.2863
.2855
.2848
.284
.2833
.2826
.2819
.2811
.2804
.2797
.279
.2782
.2775
.2768
.2761
.2754
.2747
.274
.2733
.2726
.2719
.2712
.2705
.2698
.2691
.2684
.2677
.267
.2663
.2656
.2649
.2643
.2636
.2629
.2622
.2616
.2609
.2602
.2596
.2589
.2582
.2576
.2569
.2562
.2556
.2549
.2543
.2536
.253
.2523
.2517
.2511
.2504
.2498
.2492
.2485
.2479
.2473
.2466
.246
.2454
.2448
.2441
.2435
.2429
.2423
.2417
.2411
.2405
.2399
.2393
.2387
.2381
.2375
.2369
.2363
.2357
.2351
.2345
.2339
.2333
.2328
.2322
.2316
.231
.2304
.2299
.2293
.2287
.2282
.2276
.227
.2265
.2259
.2254
.2248
.2243
.2237
.2232
.2226
.2221
.2215
.221
.2204
.2199
.2194
.2188
.2183
.2178
.2172
.2167
.2162
.2157
.2151
.2146
.2141
.2136
.2131
.2126
.212
.2115
.211
.2105
.21
.2095
.209
.2085
.208
.2075
.207
.2065
.206
.2056
.2051
.2046
.2041
.2036
.2031
.2027
.2022
.2017
.2012
.2008
.2003
.1998
.1994
.1989
.1984
.198
.1975
.1971
.1966
.1961
.1957
.1952
.1948
.1943
.1939
.1934
.193
.1926
.1921
.1917
.1912
.1908
.1904
.1899
.1895
.1891
.1886
.1882
.1878
.1874
.1869
.1865
.1861
.1857
.1853
.1848
.1844
.184
.1836
.1832
.1828
.1824
.182
.1816
.1812
.1808
.1804
.18
.1796
.1792
.1788
.1784
.178
.1776
.1772
.1768
.1764
.1761
.1757
.1753
.1749
.1745
.1741
.1738
.1734
.173
.1726
.1723
.1719
.1715
.1712
.1708
.1704
.1701
.1697
.1693
.169
.1686
.1683
.1679
.1675
.1672
.1668
.1665
.1661
.1658
.1654
.1651
.1647
.1644
.1641
.1637
.1634
.163
.1627
.1624
.162
.1617
.1613
.161
.1607
.1604
.16
.1597
.1594
.159
.1587
.1584
.1581
.1577
.1574
.1571
.1568
.1565
.1561
.1558
.1555
.1552
.1549
.1546
.1543
.154
.1536
.1533
.153
.1527
.1524
.1521
.1518
.1515
.1512
.1509
.1506
.1503
.15
.1497
.1494
.1491
.1488
.1486
.1483
.148
.1477
.1474
.1471
.1468
.1465
.1463
.146
.1457
.1454
.1451
.1448
.1446
.1443
.144
.1437
.1435
.1432
.1429
.1426
.1424
.1421
.1418
.1416
.1413
.141
.1408
.1405
.1402
.14
.1397
.1394
.1392
.1389
.1387
.1384
.1381
.1379
.1376
.1374
.1371
.1369
.1366
.1364
.1361
.1359
.1356
.1354
.1351
.1349
.1346
.1344
.1341
.1339
.1336
.1334
.1331
.1329
.1327
.1324
.1322
.132
.1317
.1315
.1312
.131
.1308
.1305
.1303
.1301
.1298
.1296
.1294
.1291
.1289
.1287
.1285
.1282
.128
.1278
.1276
.1273
.1271
.1269
.1267
.1264
.1262
.126
.1258
.1256
.1254
.1251
.1249
.1247
.1245
.1243
.1241
.1238
.1236
.1234
.1232
.123
.1228
.1226
.1224
.1222
.122
.1217
.1215
.1213
.1211
.1209
.1207
.1205
.1203
.1201
.1199
.1197
.1195
.1193
.1191
.1189
.1187
.1185
.1183
.1181
.1179
.1177
.1175
.1173
.1171
.117
.1168
.1166
.1164
.1162
.116
.1158
.1156
.1154
.1152
.1151
.1149
.1147
.1145
.1143
.1141
.1139
.1138
.1136
.1134
.1132
.113
.1129
.1127
.1125
.1123
.1121
.112
.1118
.1116
.1114
.1112
.1111
.1109
.1107
.1105
.1104
.1102
.11
.1099
.1097
.1095
.1093
.1092
.109
.1088
.1087
.1085
.1083
.1082
.108
.1078
.1077
.1075
.1073
.1072
.107
.1068
.1067
.1065
.1063
.1062
.106
.1059
.1057
.1055
.1054
.1052
.1051
.1049
.1047
.1046
.1044
.1043
.1041
.104
.1038
.1036
.1035
.1033
.1032
.103
.1029
.1027
.1026
.1024
.1023
.1021
.102
.1018
.1017
.1015
.1014
.1012
.1011
.1009
.1008
.1006
.1005
.1003
.1002
.1
.0999
.0998
.0996
.0995
.0993
.0992
.099
.0989
.0987
.0986
.0985
.0983
.0982
.098
.0979
.0978
.0976
.0975
.0973
.0972
.0971
.0969
.0968
.0967
.0965
.0964
.0963
.0961
.096
.0958
.0957
.0956
.0954
.0953
.0952
.095
.0949
.0948
.0947
.0945
.0944
.0943
.0941
.094
.0939
.0937
.0936
.0935
.0934
.0932
.0931
.093
.0928
.0927
.0926
.0925
.0923
.0922
.0921
.092
.0918
.0917
.0916
.0915
.0913
.0912
.0911
.091
.0909
.0907
.0906
.0905
.0904
.0903
.0901
.09
.0899
.0898
.0897
.0895
.0894
.0893
.0892
.0891
.0889
.0888
.0887
.0886
.0885
.0884
.0882
.0881
.088
.0879
.0878
.0877
.0876
.0874
.0873
.0872
.0871
.087
.0869
.0868
.0867
.0865
.0864
.0863
.0862
.0861
.086
.0859
.0858
.0857
.0856
.0854
.0853
.0852
.0851
.085
.0849
.0848
.0847
.0846
.0845
.0844
.0843
.0842
.0841
.0839
.0838
.0837
.0836
.0835
.0834
.0833
.0832
.0831
.083
.0829
.0828
.0827
.0826
.0825
.0824
.0823
.0822
.0821
.082
.0819
.0818
.0817
.0816
.0815
.0814
.0813
.0812
.0811
.081
.0809
.0808
.0807
.0806
.0805
.0804
.0803
.0802
.0801
.08
.0799
.0798
.0797
.0796
.0795
.0795
.0794
.0793
.0792
.0791
.079
.0789
.0788
.0787
.0786
.0785
.0784
.0783
.0782
.0781
.0781
.078
.0779
.0778
.0777
.0776
.0775
.0774
.0773
.0772
.0771
.0771
.077
.0769
.0768
.0767
.0766
.0765
.0764
.0763
.0763
.0762
.0761
.076
.0759
.0758
.0757
.0756
.0756
.0755
.0754
.0753
.0752
.0751
.075
.075
.0749
.0748
.0747
.0746
.0745
.0744
.0744
.0743
.0742
.0741
.074
.0739
.0739
.0738
.0737
.0736
.0735
.0735
.0734
.0733
.0732
.0731
.073
.073
.0729
.0728
.0727
.0726
.0726
.0725
.0724
.0723
.0722
.0722
.0721
.072
.0719
.0718
.0718
.0717
.0716
.0715
.0715
.0714
.0713
.0712
.0711
.0711
.071
.0709
.0708
.0708
.0707
.0706
.0705
.0705
.0704
.0703
.0702
.0702
.0701
.07
.0699
.0699
.0698
.0697
.0696
.0696
.0695
.0694
.0693
.0693
.0692
.0691
.069
.069
.0689
.0688
.0688
.0687
.0686
.0685
.0685
.0684
.0683
.0683
.0682
.0681
.068
.068
.0679
.0678
.0678
.0677
.0676
.0675
.0675
.0674
.0673
.0673
.0672
.0671
.0671
.067
.0669
.0669
.0668
.0667
.0666
.0666
.0665
.0664
.0664
.0663
.0662
.0662
.0661
.066
.066
.0659
.0658
.0658
.0657
.0656
.0656
.0655
.0654
.0654
.0653
.0652
.0652
.0651
.065
.065
.0649
.0649
.0648
.0647
.0647
.0646
.0645
.0645
.0644
.0643
.0643
.0642
.0641
.0641
.064
.064
.0639
.0638
.0638
.0637
.0636
.0636
.0635
.0635
.0634
.0633
.0633
.0632
.0631
.0631
.063
.063
.0629
.0628
.0628
.0627
.0627
.0626
.0625
.0625
.0624
.0624
.0623
.0622
.0622
.0621
.0621
.062
.0619
.0619
.0618
.0618
.0617
.0616
.0616
.0615
.0615
.0614
.0613
.0613
.0612
.0612
.0611
.0611
.061
.0609
.0609
.0608
.0608
.0607
.0607
.0606
.0605
.0605
.0604
.0604
.0603
.0603
.0602
.0601
.0601
.06
.06
.0599
.0599
.0598
.0598
.0597
.0596
.0596
.0595
.0595
.0594
.0594
.0593
.0593
.0592
.0592
.0591
.059
.059
.0589
.0589
.0588
.0588
.0587
.0587
.0586
.0586
.0585
.0585
.0584
.0583
.0583
.0582
.0582
.0581
.0581
.058
.058
.0579
.0579
.0578
.0578
.0577
.0577
.0576
.0576
.0575
.0575
.0574
.0574
.0573
.0573
.0572
.0572
.0571
.057
.057
.0569
.0569
.0568
.0568
.0567
.0567
.0566
.0566
.0565
.0565
.0564
.0564
.0563
.0563
.0562
.0562
.0561
.0561
.0561
.056
.056
.0559
.0559
.0558
.0558
.0557
.0557
.0556
.0556
.0555
.0555
.0554
.0554
.0553
.0553
.0552
.0552
.0551
.0551
.055
.055
.0549
.0549
.0548
.0548
.0548
.0547
.0547
.0546
.0546
.0545
.0545
.0544
.0544
.0543
.0543
.0542
.0542
.0542
.0541
.0541
.054
.054
.0539
.0539
.0538
.0538
.0537
.0537
.0536
.0536
.0536
.0535
.0535
.0534
.0534
.0533
.0533
.0532
.0532
.0532
.0531
.0531
.053
.053
.0529
.0529
.0528
.0528
.0528
.0527
.0527
.0526
.0526
.0525
.0525
.0525
.0524
.0524
.0523
.0523
.0522
.0522
.0522
.0521
.0521
.052
.052
.0519
.0519
.0519
.0518
.0518
.0517
.0517
.0516
.0516
.0516
.0515
.0515
.0514
.0514
.0514
.0513
.0513
.0512
.0512
.0511
.0511
.0511
.051
.051
.0509
.0509
.0509
.0508
.0508
.0507
.0507
.0507
.0506
.0506
.0505
.0505
.0505
.0504
.0504
.0503
.0503
.0503
.0502
.0502
.0501
.0501
.0501
.05
.05
