.6815
.6766
.6704
.664
.6576
.651
.6444
.6377
.631
.6242
.6175
.6107
.604
.5975
.591
.5847
.5787
.5728
.5673
.562
.557
.5524
.5481
.5442
.5406
.5373
.5344
.5318
.5295
.5274
.5256
.524
.5226
.5214
.5204
.5195
.5187
.518
.5175
.5169
.5165
.5161
.5158
.5155
.5152
.5149
.5147
.5145
.5143
.5141
.5139
.5138
.5136
.5135
.5133
.5132
.513
.5129
.5127
.5126
.5124
.5123
.5121
.512
.5118
.5117
.5115
.5114
.5112
.511
.5109
.5107
.5105
.5104
.5102
.51
.5099
.5097
.5095
.5093
.5092
.509
.5088
.5086
.5084
.5082
.508
.5078
.5076
.5074
.5072
.507
.5068
.5066
.5064
.5062
.506
.5058
.5055
.5053
.5051
.5049
.5046
.5044
.5042
.5039
.5037
.5034
.5032
.5029
.5027
.5024
.5022
.5019
.5016
.5014
.5011
.5008
.5006
.5003
.5
.4997
.4994
.4992
.4989
.4986
.4983
.498
.4977
.4974
.497
.4967
.4964
.4961
.4958
.4954
.4951
.4948
.4944
.4941
.4938
.4934
.4931
.4927
.4923
.492
.4916
.4913
.4909
.4905
.4901
.4897
.4894
.489
.4886
.4882
.4878
.4874
.487
.4866
.4862
.4857
.4853
.4849
.4845
.484
.4836
.4832
.4827
.4823
.4818
.4814
.4809
.4805
.48
.4795
.4791
.4786
.4781
.4776
.4772
.4767
.4762
.4757
.4752
.4747
.4742
.4737
.4732
.4727
.4722
.4716
.4711
.4706
.4701
.4695
.469
.4685
.4679
.4674
.4668
.4663
.4657
.4652
.4646
.464
.4635
.4629
.4623
.4618
.4612
.4606
.46
.4594
.4589
.4583
.4577
.4571
.4565
.4559
.4553
.4547
.4541
.4535
.4528
.4522
.4516
.451
.4504
.4498
.4491
.4485
.4479
.4472
.4466
.446
.4453
.4447
.4441
.4434
.4428
.4421
.4415
.4408
.4402
.4395
.4389
.4382
.4375
.4369
.4362
.4356
.4349
.4342
.4336
.4329
.4322
.4316
.4309
.4302
.4295
.4289
.4282
.4275
.4268
.4261
.4255
.4248
.4241
.4234
.4227
.422
.4213
.4207
.42
.4193
.4186
.4179
.4172
.4165
.4158
.4151
.4144
.4137
.413
.4123
.4116
.4109
.4102
.4095
.4088
.4081
.4074
.4067
.406
.4053
.4046
.4039
.4032
.4025
.4018
.4011
.4004
.3997
.399
.3983
.3976
.3969
.3962
.3955
.3948
.394
.3933
.3926
.3919
.3912
.3905
.3898
.3891
.3884
.3877
.387
.3863
.3856
.3849
.3842
.3834
.3827
.382
.3813
.3806
.3799
.3792
.3785
.3778
.3771
.3764
.3757
.375
.3743
.3736
.3729
.3722
.3715
.3708
.3701
.3694
.3687
.368
.3673
.3666
.3659
.3652
.3645
.3638
.3631
.3624
.3617
.361
.3603
.3596
.3589
.3582
.3575
.3568
.3561
.3554
.3547
.354
.3533
.3526
.3519
.3513
.3506
.3499
.3492
.3485
.3478
.3471
.3464
.3457
.3451
.3444
.3437
.343
.3423
.3416
.341
.3403
.3396
.3389
.3382
.3375
.3369
.3362
.3355
.3348
.3342
.3335
.3328
.3321
.3314
.3308
.3301
.3294
.3288
.3281
.3274
.3267
.3261
.3254
.3247
.3241
.3234
.3227
.3221
.3214
.3207
.3201
.3194
.3187
.3181
.3174
.3167
.3161
.3154
.3148
.3141
.3134
.3128
.3121
.3115
.3108
.3102
.3095
.3089
.3082
.3076
.3069
.3062
.3056
.3049
.3043
.3037
.303
.3024
.3017
.3011
.3004
.2998
.2991
.2985
.2979
.2972
.2966
.2959
.2953
.2947
.294
.2934
.2927
.2921
.2915
.2908
.2902
.2896
.2889
.2883
.2877
.2871
.2864
.2858
.2852
.2846
.2839
.2833
.2827
.2821
.2814
.2808
.2802
.2796
.279
.2784
.2777
.2771
.2765
.2759
.2753
.2747
.2741
.2735
.2729
.2723
.2716
.271
.2704
.2698
.2692
.2686
.268
.2674
.2669
.2663
.2657
.2651
.2645
.2639
.2633
.2627
.2621
.2615
.261
.2604
.2598
.2592
.2586
.2581
.2575
.2569
.2563
.2558
.2552
.2546
.2541
.2535
.2529
.2524
.2518
.2512
.2507
.2501
.2496
.249
.2484
.2479
.2473
.2468
.2462
.2457
.2452
.2446
.2441
.2435
.243
.2424
.2419
.2414
.2408
.2403
.2398
.2392
.2387
.2382
.2377
.2371
.2366
.2361
.2356
.2351
.2346
.234
.2335
.233
.2325
.232
.2315
.231
.2305
.23
.2295
.229
.2285
.228
.2275
.227
.2265
.226
.2255
.2251
.2246
.2241
.2236
.2231
.2227
.2222
.2217
.2212
.2208
.2203
.2198
.2194
.2189
.2184
.218
.2175
.2171
.2166
.2161
.2157
.2152
.2148
.2143
.2139
.2134
.213
.2125
.2121
.2117
.2112
.2108
.2104
.2099
.2095
.2091
.2086
.2082
.2078
.2073
.2069
.2065
.2061
.2056
.2052
.2048
.2044
.204
.2036
.2032
.2027
.2023
.2019
.2015
.2011
.2007
.2003
.1999
.1995
.1991
.1987
.1983
.1979
.1975
.1971
.1968
.1964
.196
.1956
.1952
.1948
.1944
.1941
.1937
.1933
.1929
.1925
.1922
.1918
.1914
.1911
.1907
.1903
.19
.1896
.1892
.1889
.1885
.1881
.1878
.1874
.1871
.1867
.1863
.186
.1856
.1853
.1849
.1846
.1842
.1839
.1835
.1832
.1829
.1825
.1822
.1818
.1815
.1811
.1808
.1805
.1801
.1798
.1795
.1791
.1788
.1785
.1781
.1778
.1775
.1772
.1768
.1765
.1762
.1759
.1755
.1752
.1749
.1746
.1743
.174
.1736
.1733
.173
.1727
.1724
.1721
.1718
.1715
.1712
.1708
.1705
.1702
.1699
.1696
.1693
.169
.1687
.1684
.1681
.1678
.1675
.1672
.1669
.1667
.1664
.1661
.1658
.1655
.1652
.1649
.1646
.1643
.164
.1638
.1635
.1632
.1629
.1626
.1624
.1621
.1618
.1615
.1612
.161
.1607
.1604
.1601
.1599
.1596
.1593
.159
.1588
.1585
.1582
.158
.1577
.1574
.1572
.1569
.1566
.1564
.1561
.1558
.1556
.1553
.1551
.1548
.1545
.1543
.154
.1538
.1535
.1533
.153
.1528
.1525
.1523
.152
.1518
.1515
.1513
.151
.1508
.1505
.1503
.15
.1498
.1495
.1493
.149
.1488
.1486
.1483
.1481
.1478
.1476
.1474
.1471
.1469
.1467
.1464
.1462
.1459
.1457
.1455
.1452
.145
.1448
.1446
.1443
.1441
.1439
.1436
.1434
.1432
.143
.1427
.1425
.1423
.1421
.1418
.1416
.1414
.1412
.141
.1407
.1405
.1403
.1401
.1399
.1396
.1394
.1392
.139
.1388
.1386
.1383
.1381
.1379
.1377
.1375
.1373
.1371
.1369
.1367
.1364
.1362
.136
.1358
.1356
.1354
.1352
.135
.1348
.1346
.1344
.1342
.134
.1338
.1336
.1334
.1332
.133
.1328
.1326
.1324
.1322
.132
.1318
.1316
.1314
.1312
.131
.1308
.1306
.1304
.1302
.13
.1299
.1297
.1295
.1293
.1291
.1289
.1287
.1285
.1283
.1282
.128
.1278
.1276
.1274
.1272
.127
.1269
.1267
.1265
.1263
.1261
.1259
.1258
.1256
.1254
.1252
.125
.1249
.1247
.1245
.1243
.1241
.124
.1238
.1236
.1234
.1233
.1231
.1229
.1227
.1226
.1224
.1222
.1221
.1219
.1217
.1215
.1214
.1212
.121
.1209
.1207
.1205
.1204
.1202
.12
.1198
.1197
.1195
.1194
.1192
.119
.1189
.1187
.1185
.1184
.1182
.118
.1179
.1177
.1176
.1174
.1172
.1171
.1169
.1168
.1166
.1164
.1163
.1161
.116
.1158
.1156
.1155
.1153
.1152
.115
.1149
.1147
.1146
.1144
.1143
.1141
.1139
.1138
.1136
.1135
.1133
.1132
.113
.1129
.1127
.1126
.1124
.1123
.1121
.112
.1118
.1117
.1115
.1114
.1113
.1111
.111
.1108
.1107
.1105
.1104
.1102
.1101
.1099
.1098
.1097
.1095
.1094
.1092
.1091
.109
.1088
.1087
.1085
.1084
.1083
.1081
.108
.1078
.1077
.1076
.1074
.1073
.1071
.107
.1069
.1067
.1066
.1065
.1063
.1062
.1061
.1059
.1058
.1057
.1055
.1054
.1053
.1051
.105
.1049
.1047
.1046
.1045
.1043
.1042
.1041
.1039
.1038
.1037
.1036
.1034
.1033
.1032
.103
.1029
.1028
.1027
.1025
.1024
.1023
.1021
.102
.1019
.1018
.1016
.1015
.1014
.1013
.1011
.101
.1009
.1008
.1007
.1005
.1004
.1003
.1002
.1
.0999
.0998
.0997
.0996
.0994
.0993
.0992
.0991
.099
.0988
.0987
.0986
.0985
.0984
.0982
.0981
.098
.0979
.0978
.0977
.0975
.0974
.0973
.0972
.0971
.097
.0969
.0967
.0966
.0965
.0964
.0963
.0962
.0961
.0959
.0958
.0957
.0956
.0955
.0954
.0953
.0952
.095
.0949
.0948
.0947
.0946
.0945
.0944
.0943
.0942
.0941
.0939
.0938
.0937
.0936
.0935
.0934
.0933
.0932
.0931
.093
.0929
.0928
.0927
.0925
.0924
.0923
.0922
.0921
.092
.0919
.0918
.0917
.0916
.0915
.0914
.0913
.0912
.0911
.091
.0909
.0908
.0907
.0906
.0905
.0904
.0903
.0902
.0901
.09
.0899
.0898
.0897
.0896
.0895
.0894
.0893
.0892
.0891
.089
.0889
.0888
.0887
.0886
.0885
.0884
.0883
.0882
.0881
.088
.0879
.0878
.0877
.0876
.0875
.0874
.0873
.0872
.0871
.087
.0869
.0868
.0867
.0866
.0866
.0865
.0864
.0863
.0862
.0861
.086
.0859
.0858
.0857
.0856
.0855
.0854
.0853
.0853
.0852
.0851
.085
.0849
.0848
.0847
.0846
.0845
.0844
.0843
.0843
.0842
.0841
.084
.0839
.0838
.0837
.0836
.0835
.0835
.0834
.0833
.0832
.0831
.083
.0829
.0828
.0828
.0827
.0826
.0825
.0824
.0823
.0822
.0822
.0821
.082
.0819
.0818
.0817
.0816
.0816
.0815
.0814
.0813
.0812
.0811
.0811
.081
.0809
.0808
.0807
.0806
.0806
.0805
.0804
.0803
.0802
.0801
.0801
.08
.0799
.0798
.0797
.0796
.0796
.0795
.0794
.0793
.0792
.0792
.0791
.079
.0789
.0788
.0788
.0787
.0786
.0785
.0784
.0784
.0783
.0782
.0781
.0781
.078
.0779
.0778
.0777
.0777
.0776
.0775
.0774
.0774
.0773
.0772
.0771
.077
.077
.0769
.0768
.0767
.0767
.0766
.0765
.0764
.0764
.0763
.0762
.0761
.0761
.076
.0759
.0758
.0758
.0757
.0756
.0755
.0755
.0754
.0753
.0752
.0752
.0751
.075
.075
.0749
.0748
.0747
.0747
.0746
.0745
.0745
.0744
.0743
.0742
.0742
.0741
.074
.0739
.0739
.0738
.0737
.0737
.0736
.0735
.0735
.0734
.0733
.0732
.0732
.0731
.073
.073
.0729
.0728
.0728
.0727
.0726
.0726
.0725
.0724
.0723
.0723
.0722
.0721
.0721
.072
.0719
.0719
.0718
.0717
.0717
.0716
.0715
.0715
.0714
.0713
.0713
.0712
.0711
.0711
.071
.0709
.0709
.0708
.0707
.0707
.0706
.0705
.0705
.0704
.0703
.0703
.0702
.0702
.0701
.07
.07
.0699
.0698
.0698
.0697
.0696
.0696
.0695
.0694
.0694
.0693
.0693
.0692
.0691
.0691
.069
.0689
.0689
.0688
.0688
.0687
.0686
.0686
.0685
.0684
.0684
.0683
.0683
.0682
.0681
.0681
.068
.068
.0679
.0678
.0678
.0677
.0676
.0676
.0675
.0675
.0674
.0673
.0673
.0672
.0672
.0671
.067
.067
.0669
.0669
.0668
.0667
.0667
.0666
.0666
.0665
.0665
.0664
.0663
.0663
.0662
.0662
.0661
.066
.066
.0659
.0659
.0658
.0658
.0657
.0656
.0656
.0655
.0655
.0654
.0654
.0653
.0652
.0652
.0651
.0651
.065
.065
.0649
.0648
.0648
.0647
.0647
.0646
.0646
.0645
.0645
.0644
.0643
.0643
.0642
.0642
.0641
.0641
.064
.064
.0639
.0638
.0638
.0637
.0637
.0636
.0636
.0635
.0635
.0634
.0634
.0633
.0633
.0632
.0631
.0631
.063
.063
.0629
.0629
.0628
.0628
.0627
.0627
.0626
.0626
.0625
.0625
.0624
.0624
.0623
.0622
.0622
.0621
.0621
.062
.062
.0619
.0619
.0618
.0618
.0617
.0617
.0616
.0616
.0615
.0615
.0614
.0614
.0613
.0613
.0612
.0612
.0611
.0611
.061
.061
.0609
.0609
.0608
.0608
.0607
.0607
.0606
.0606
.0605
.0605
.0604
.0604
.0603
.0603
.0602
.0602
.0601
.0601
.06
.06
.0599
.0599
.0598
.0598
.0597
.0597
.0596
.0596
.0595
.0595
.0594
.0594
.0593
.0593
.0593
.0592
.0592
.0591
.0591
.059
.059
.0589
.0589
.0588
.0588
.0587
.0587
.0586
.0586
.0585
.0585
.0585
.0584
.0584
.0583
.0583
.0582
.0582
.0581
.0581
.058
.058
.0579
.0579
.0579
.0578
.0578
.0577
.0577
.0576
.0576
.0575
.0575
.0574
.0574
.0574
.0573
.0573
.0572
.0572
.0571
.0571
.057
.057
.057
.0569
.0569
.0568
.0568
.0567
.0567
.0566
.0566
.0566
.0565
.0565
.0564
.0564
.0563
.0563
.0562
.0562
.0562
.0561
.0561
.056
.056
.0559
.0559
.0559
.0558
.0558
.0557
.0557
.0556
.0556
.0556
.0555
.0555
.0554
.0554
.0554
.0553
.0553
.0552
.0552
.0551
.0551
.0551
.055
.055
.0549
.0549
.0548
.0548
.0548
.0547
.0547
.0546
.0546
.0546
.0545
.0545
.0544
.0544
.0544
.0543
.0543
.0542
.0542
.0542
.0541
.0541
.054
.054
.0539
.0539
.0539
.0538
.0538
.0537
.0537
.0537
.0536
.0536
.0535
.0535
.0535
.0534
.0534
.0534
.0533
.0533
.0532
.0532
.0532
.0531
.0531
.053
.053
.053
.0529
.0529
.0528
.0528
.0528
.0527
.0527
.0526
.0526
.0526
.0525
.0525
.0525
.0524
.0524
.0523
.0523
.0523
.0522
.0522
.0522
.0521
.0521
.052
.052
.052
.0519
.0519
.0519
.0518
.0518
.0517
.0517
.0517
.0516
.0516
.0516
.0515
.0515
.0514
.0514
.0514
.0513
.0513
.0513
.0512
.0512
.0511
.0511
.0511
.051
.051
.051
.0509
.0509
.0509
.0508
.0508
.0507
.0507
.0507
.0506
.0506
.0506
.0505
.0505
.0505
.0504
.0504
.0504
.0503
.0503
.0503
.0502
.0502
.0501
.0501
.0501
.05
.05
.05
