.5738
.5729
.5703
.5679
.5655
.5633
.5611
.559
.557
.5552
.5534
.5517
.5501
.5487
.5473
.546
.5448
.5436
.5426
.5416
.5408
.5399
.5392
.5385
.5379
.5373
.5368
.5363
.5358
.5354
.5351
.5347
.5344
.5342
.5339
.5337
.5335
.5333
.5331
.5329
.5328
.5326
.5325
.5324
.5322
.5321
.532
.5319
.5318
.5317
.5316
.5315
.5314
.5313
.5312
.5312
.5311
.531
.5309
.5308
.5307
.5306
.5306
.5305
.5304
.5303
.5302
.5301
.53
.53
.5299
.5298
.5297
.5296
.5295
.5294
.5293
.5292
.5291
.529
.5289
.5288
.5287
.5286
.5285
.5284
.5283
.5282
.5281
.528
.5279
.5278
.5277
.5276
.5275
.5274
.5273
.5271
.527
.5269
.5268
.5267
.5266
.5264
.5263
.5262
.5261
.5259
.5258
.5257
.5256
.5254
.5253
.5252
.525
.5249
.5248
.5246
.5245
.5244
.5242
.5241
.5239
.5238
.5237
.5235
.5234
.5232
.5231
.5229
.5228
.5226
.5225
.5223
.5221
.522
.5218
.5217
.5215
.5213
.5212
.521
.5208
.5207
.5205
.5203
.5201
.52
.5198
.5196
.5194
.5192
.5191
.5189
.5187
.5185
.5183
.5181
.5179
.5177
.5175
.5173
.5171
.5169
.5167
.5165
.5163
.5161
.5159
.5157
.5155
.5153
.515
.5148
.5146
.5144
.5142
.5139
.5137
.5135
.5132
.513
.5128
.5125
.5123
.5121
.5118
.5116
.5113
.5111
.5108
.5106
.5103
.5101
.5098
.5095
.5093
.509
.5087
.5085
.5082
.5079
.5077
.5074
.5071
.5068
.5066
.5063
.506
.5057
.5054
.5051
.5048
.5045
.5042
.5039
.5036
.5033
.503
.5027
.5024
.5021
.5018
.5015
.5012
.5008
.5005
.5002
.4999
.4996
.4992
.4989
.4986
.4982
.4979
.4976
.4972
.4969
.4966
.4962
.4959
.4955
.4952
.4948
.4945
.4941
.4938
.4934
.4931
.4927
.4923
.492
.4916
.4912
.4909
.4905
.4901
.4898
.4894
.489
.4886
.4883
.4879
.4875
.4871
.4867
.4863
.4859
.4856
.4852
.4848
.4844
.484
.4836
.4832
.4828
.4824
.482
.4816
.4812
.4808
.4804
.48
.4796
.4792
.4787
.4783
.4779
.4775
.4771
.4767
.4763
.4758
.4754
.475
.4746
.4741
.4737
.4733
.4729
.4724
.472
.4716
.4711
.4707
.4703
.4698
.4694
.469
.4685
.4681
.4676
.4672
.4668
.4663
.4659
.4654
.465
.4645
.4641
.4636
.4632
.4627
.4623
.4618
.4614
.4609
.4604
.46
.4595
.4591
.4586
.4581
.4577
.4572
.4567
.4563
.4558
.4553
.4549
.4544
.4539
.4535
.453
.4525
.452
.4516
.4511
.4506
.4501
.4496
.4491
.4487
.4482
.4477
.4472
.4467
.4462
.4457
.4452
.4447
.4442
.4437
.4432
.4427
.4422
.4417
.4412
.4407
.4402
.4397
.4392
.4387
.4382
.4377
.4372
.4367
.4361
.4356
.4351
.4346
.4341
.4336
.433
.4325
.432
.4315
.4309
.4304
.4299
.4293
.4288
.4283
.4277
.4272
.4267
.4261
.4256
.425
.4245
.424
.4234
.4229
.4223
.4218
.4212
.4207
.4201
.4196
.419
.4184
.4179
.4173
.4168
.4162
.4157
.4151
.4145
.414
.4134
.4128
.4123
.4117
.4111
.4105
.41
.4094
.4088
.4082
.4077
.4071
.4065
.4059
.4053
.4048
.4042
.4036
.403
.4024
.4018
.4012
.4007
.4001
.3995
.3989
.3983
.3977
.3971
.3965
.3959
.3953
.3947
.3941
.3935
.3929
.3923
.3917
.3911
.3905
.3899
.3893
.3887
.3881
.3875
.3869
.3863
.3857
.3851
.3844
.3838
.3832
.3826
.382
.3814
.3808
.3802
.3795
.3789
.3783
.3777
.3771
.3765
.3758
.3752
.3746
.374
.3734
.3727
.3721
.3715
.3709
.3703
.3696
.369
.3684
.3678
.3671
.3665
.3659
.3653
.3646
.364
.3634
.3628
.3621
.3615
.3609
.3602
.3596
.359
.3583
.3577
.3571
.3565
.3558
.3552
.3546
.3539
.3533
.3527
.352
.3514
.3508
.3501
.3495
.3488
.3482
.3476
.3469
.3463
.3457
.345
.3444
.3438
.3431
.3425
.3418
.3412
.3406
.3399
.3393
.3386
.338
.3374
.3367
.3361
.3354
.3348
.3342
.3335
.3329
.3322
.3316
.331
.3303
.3297
.329
.3284
.3278
.3271
.3265
.3258
.3252
.3246
.3239
.3233
.3226
.322
.3213
.3207
.3201
.3194
.3188
.3181
.3175
.3169
.3162
.3156
.315
.3143
.3137
.313
.3124
.3118
.3111
.3105
.3099
.3092
.3086
.308
.3073
.3067
.3061
.3054
.3048
.3042
.3035
.3029
.3023
.3017
.301
.3004
.2998
.2992
.2985
.2979
.2973
.2967
.296
.2954
.2948
.2942
.2936
.293
.2923
.2917
.2911
.2905
.2899
.2893
.2887
.2881
.2874
.2868
.2862
.2856
.285
.2844
.2838
.2832
.2826
.282
.2814
.2808
.2803
.2797
.2791
.2785
.2779
.2773
.2767
.2761
.2756
.275
.2744
.2738
.2732
.2727
.2721
.2715
.2709
.2704
.2698
.2692
.2687
.2681
.2675
.267
.2664
.2659
.2653
.2647
.2642
.2636
.2631
.2625
.262
.2614
.2609
.2603
.2598
.2593
.2587
.2582
.2576
.2571
.2566
.256
.2555
.255
.2545
.2539
.2534
.2529
.2524
.2518
.2513
.2508
.2503
.2498
.2493
.2488
.2482
.2477
.2472
.2467
.2462
.2457
.2452
.2447
.2442
.2437
.2432
.2427
.2422
.2417
.2413
.2408
.2403
.2398
.2393
.2388
.2383
.2379
.2374
.2369
.2364
.236
.2355
.235
.2345
.2341
.2336
.2331
.2327
.2322
.2318
.2313
.2308
.2304
.2299
.2295
.229
.2286
.2281
.2277
.2272
.2268
.2263
.2259
.2254
.225
.2245
.2241
.2237
.2232
.2228
.2223
.2219
.2215
.221
.2206
.2202
.2197
.2193
.2189
.2185
.218
.2176
.2172
.2168
.2164
.2159
.2155
.2151
.2147
.2143
.2139
.2134
.213
.2126
.2122
.2118
.2114
.211
.2106
.2102
.2098
.2094
.209
.2086
.2082
.2078
.2074
.207
.2066
.2062
.2058
.2054
.205
.2046
.2042
.2039
.2035
.2031
.2027
.2023
.2019
.2015
.2012
.2008
.2004
.2
.1996
.1993
.1989
.1985
.1981
.1978
.1974
.197
.1967
.1963
.1959
.1955
.1952
.1948
.1944
.1941
.1937
.1934
.193
.1926
.1923
.1919
.1916
.1912
.1908
.1905
.1901
.1898
.1894
.1891
.1887
.1884
.188
.1876
.1873
.187
.1866
.1863
.1859
.1856
.1852
.1849
.1845
.1842
.1838
.1835
.1832
.1828
.1825
.1821
.1818
.1815
.1811
.1808
.1805
.1801
.1798
.1795
.1791
.1788
.1785
.1781
.1778
.1775
.1771
.1768
.1765
.1762
.1758
.1755
.1752
.1749
.1745
.1742
.1739
.1736
.1733
.1729
.1726
.1723
.172
.1717
.1714
.171
.1707
.1704
.1701
.1698
.1695
.1692
.1688
.1685
.1682
.1679
.1676
.1673
.167
.1667
.1664
.1661
.1658
.1655
.1652
.1649
.1646
.1643
.164
.1637
.1634
.1631
.1628
.1625
.1622
.1619
.1616
.1613
.161
.1607
.1604
.1601
.1598
.1595
.1592
.1589
.1586
.1583
.1581
.1578
.1575
.1572
.1569
.1566
.1563
.156
.1558
.1555
.1552
.1549
.1546
.1543
.1541
.1538
.1535
.1532
.1529
.1527
.1524
.1521
.1518
.1516
.1513
.151
.1507
.1505
.1502
.1499
.1496
.1494
.1491
.1488
.1486
.1483
.148
.1478
.1475
.1472
.147
.1467
.1464
.1462
.1459
.1456
.1454
.1451
.1448
.1446
.1443
.1441
.1438
.1435
.1433
.143
.1428
.1425
.1423
.142
.1418
.1415
.1412
.141
.1407
.1405
.1402
.14
.1397
.1395
.1392
.139
.1387
.1385
.1383
.138
.1378
.1375
.1373
.137
.1368
.1365
.1363
.1361
.1358
.1356
.1353
.1351
.1349
.1346
.1344
.1342
.1339
.1337
.1334
.1332
.133
.1327
.1325
.1323
.1321
.1318
.1316
.1314
.1311
.1309
.1307
.1304
.1302
.13
.1298
.1295
.1293
.1291
.1289
.1287
.1284
.1282
.128
.1278
.1276
.1273
.1271
.1269
.1267
.1265
.1262
.126
.1258
.1256
.1254
.1252
.125
.1248
.1245
.1243
.1241
.1239
.1237
.1235
.1233
.1231
.1229
.1227
.1225
.1223
.1221
.1219
.1217
.1215
.1212
.121
.1208
.1206
.1204
.1202
.1201
.1199
.1197
.1195
.1193
.1191
.1189
.1187
.1185
.1183
.1181
.1179
.1177
.1175
.1173
.1171
.117
.1168
.1166
.1164
.1162
.116
.1158
.1156
.1155
.1153
.1151
.1149
.1147
.1145
.1144
.1142
.114
.1138
.1136
.1135
.1133
.1131
.1129
.1128
.1126
.1124
.1122
.112
.1119
.1117
.1115
.1114
.1112
.111
.1108
.1107
.1105
.1103
.1102
.11
.1098
.1097
.1095
.1093
.1092
.109
.1088
.1087
.1085
.1083
.1082
.108
.1078
.1077
.1075
.1074
.1072
.107
.1069
.1067
.1066
.1064
.1062
.1061
.1059
.1058
.1056
.1055
.1053
.1051
.105
.1048
.1047
.1045
.1044
.1042
.1041
.1039
.1038
.1036
.1035
.1033
.1032
.103
.1029
.1027
.1026
.1024
.1023
.1021
.102
.1019
.1017
.1016
.1014
.1013
.1011
.101
.1008
.1007
.1006
.1004
.1003
.1001
.1
.0999
.0997
.0996
.0994
.0993
.0992
.099
.0989
.0988
.0986
.0985
.0983
.0982
.0981
.0979
.0978
.0977
.0975
.0974
.0973
.0971
.097
.0969
.0968
.0966
.0965
.0964
.0962
.0961
.096
.0958
.0957
.0956
.0955
.0953
.0952
.0951
.095
.0948
.0947
.0946
.0945
.0943
.0942
.0941
.094
.0938
.0937
.0936
.0935
.0933
.0932
.0931
.093
.0929
.0927
.0926
.0925
.0924
.0923
.0921
.092
.0919
.0918
.0917
.0915
.0914
.0913
.0912
.0911
.091
.0908
.0907
.0906
.0905
.0904
.0903
.0902
.09
.0899
.0898
.0897
.0896
.0895
.0894
.0893
.0891
.089
.0889
.0888
.0887
.0886
.0885
.0884
.0883
.0882
.088
.0879
.0878
.0877
.0876
.0875
.0874
.0873
.0872
.0871
.087
.0869
.0868
.0867
.0865
.0864
.0863
.0862
.0861
.086
.0859
.0858
.0857
.0856
.0855
.0854
.0853
.0852
.0851
.085
.0849
.0848
.0847
.0846
.0845
.0844
.0843
.0842
.0841
.084
.0839
.0838
.0837
.0836
.0835
.0834
.0833
.0832
.0831
.083
.0829
.0828
.0827
.0826
.0825
.0824
.0823
.0823
.0822
.0821
.082
.0819
.0818
.0817
.0816
.0815
.0814
.0813
.0812
.0811
.081
.0809
.0808
.0808
.0807
.0806
.0805
.0804
.0803
.0802
.0801
.08
.0799
.0798
.0798
.0797
.0796
.0795
.0794
.0793
.0792
.0791
.079
.079
.0789
.0788
.0787
.0786
.0785
.0784
.0783
.0783
.0782
.0781
.078
.0779
.0778
.0777
.0777
.0776
.0775
.0774
.0773
.0772
.0772
.0771
.077
.0769
.0768
.0767
.0767
.0766
.0765
.0764
.0763
.0762
.0762
.0761
.076
.0759
.0758
.0757
.0757
.0756
.0755
.0754
.0753
.0753
.0752
.0751
.075
.0749
.0749
.0748
.0747
.0746
.0745
.0745
.0744
.0743
.0742
.0742
.0741
.074
.0739
.0738
.0738
.0737
.0736
.0735
.0735
.0734
.0733
.0732
.0732
.0731
.073
.0729
.0729
.0728
.0727
.0726
.0726
.0725
.0724
.0723
.0723
.0722
.0721
.072
.072
.0719
.0718
.0717
.0717
.0716
.0715
.0714
.0714
.0713
.0712
.0712
.0711
.071
.0709
.0709
.0708
.0707
.0707
.0706
.0705
.0704
.0704
.0703
.0702
.0702
.0701
.07
.07
.0699
.0698
.0697
.0697
.0696
.0695
.0695
.0694
.0693
.0693
.0692
.0691
.0691
.069
.0689
.0689
.0688
.0687
.0687
.0686
.0685
.0684
.0684
.0683
.0682
.0682
.0681
.068
.068
.0679
.0679
.0678
.0677
.0677
.0676
.0675
.0675
.0674
.0673
.0673
.0672
.0671
.0671
.067
.0669
.0669
.0668
.0667
.0667
.0666
.0666
.0665
.0664
.0664
.0663
.0662
.0662
.0661
.0661
.066
.0659
.0659
.0658
.0657
.0657
.0656
.0656
.0655
.0654
.0654
.0653
.0652
.0652
.0651
.0651
.065
.0649
.0649
.0648
.0648
.0647
.0646
.0646
.0645
.0645
.0644
.0643
.0643
.0642
.0642
.0641
.064
.064
.0639
.0639
.0638
.0638
.0637
.0636
.0636
.0635
.0635
.0634
.0633
.0633
.0632
.0632
.0631
.0631
.063
.0629
.0629
.0628
.0628
.0627
.0627
.0626
.0625
.0625
.0624
.0624
.0623
.0623
.0622
.0622
.0621
.062
.062
.0619
.0619
.0618
.0618
.0617
.0617
.0616
.0615
.0615
.0614
.0614
.0613
.0613
.0612
.0612
.0611
.0611
.061
.0609
.0609
.0608
.0608
.0607
.0607
.0606
.0606
.0605
.0605
.0604
.0604
.0603
.0603
.0602
.0601
.0601
.06
.06
.0599
.0599
.0598
.0598
.0597
.0597
.0596
.0596
.0595
.0595
.0594
.0594
.0593
.0593
.0592
.0592
.0591
.0591
.059
.059
.0589
.0589
.0588
.0588
.0587
.0587
.0586
.0586
.0585
.0585
.0584
.0584
.0583
.0583
.0582
.0582
.0581
.0581
.058
.058
.0579
.0579
.0578
.0578
.0577
.0577
.0576
.0576
.0575
.0575
.0574
.0574
.0573
.0573
.0572
.0572
.0571
.0571
.0571
.057
.057
.0569
.0569
.0568
.0568
.0567
.0567
.0566
.0566
.0565
.0565
.0564
.0564
.0563
.0563
.0563
.0562
.0562
.0561
.0561
.056
.056
.0559
.0559
.0558
.0558
.0558
.0557
.0557
.0556
.0556
.0555
.0555
.0554
.0554
.0553
.0553
.0553
.0552
.0552
.0551
.0551
.055
.055
.0549
.0549
.0549
.0548
.0548
.0547
.0547
.0546
.0546
.0545
.0545
.0545
.0544
.0544
.0543
.0543
.0542
.0542
.0542
.0541
.0541
.054
.054
.0539
.0539
.0539
.0538
.0538
.0537
.0537
.0536
.0536
.0536
.0535
.0535
.0534
.0534
.0533
.0533
.0533
.0532
.0532
.0531
.0531
.0531
.053
.053
.0529
.0529
.0529
.0528
.0528
.0527
.0527
.0526
.0526
.0526
.0525
.0525
.0524
.0524
.0524
.0523
.0523
.0522
.0522
.0522
.0521
.0521
.052
.052
.052
.0519
.0519
.0518
.0518
.0518
.0517
.0517
.0516
.0516
.0516
.0515
.0515
.0514
.0514
.0514
.0513
.0513
.0513
.0512
.0512
.0511
.0511
.0511
.051
.051
.0509
.0509
.0509
.0508
.0508
.0508
.0507
.0507
.0506
.0506
.0506
.0505
.0505
.0504
.0504
.0504
.0503
.0503
.0503
.0502
.0502
.0501
.0501
.0501
.05
.05
.05
