.6326
.63
.6263
.6226
.6189
.6153
.6116
.6079
.6043
.6007
.5971
.5935
.59
.5865
.5831
.5798
.5765
.5733
.5702
.5671
.5642
.5614
.5587
.5561
.5536
.5512
.549
.5469
.5449
.5431
.5414
.5398
.5383
.5369
.5357
.5345
.5335
.5325
.5317
.5309
.5302
.5295
.529
.5284
.528
.5276
.5272
.5269
.5266
.5263
.526
.5258
.5256
.5255
.5253
.5252
.525
.5249
.5248
.5247
.5246
.5245
.5244
.5243
.5243
.5242
.5241
.524
.524
.5239
.5238
.5238
.5237
.5236
.5236
.5235
.5235
.5234
.5233
.5233
.5232
.5231
.5231
.523
.5229
.5228
.5228
.5227
.5226
.5226
.5225
.5224
.5223
.5223
.5222
.5221
.522
.522
.5219
.5218
.5217
.5216
.5215
.5215
.5214
.5213
.5212
.5211
.521
.5209
.5208
.5207
.5207
.5206
.5205
.5204
.5203
.5202
.5201
.52
.5199
.5198
.5197
.5196
.5194
.5193
.5192
.5191
.519
.5189
.5188
.5187
.5185
.5184
.5183
.5182
.5181
.5179
.5178
.5177
.5176
.5174
.5173
.5172
.5171
.5169
.5168
.5166
.5165
.5164
.5162
.5161
.5159
.5158
.5157
.5155
.5154
.5152
.515
.5149
.5147
.5146
.5144
.5143
.5141
.5139
.5138
.5136
.5134
.5133
.5131
.5129
.5127
.5126
.5124
.5122
.512
.5118
.5116
.5114
.5113
.5111
.5109
.5107
.5105
.5103
.5101
.5099
.5097
.5094
.5092
.509
.5088
.5086
.5084
.5081
.5079
.5077
.5075
.5072
.507
.5068
.5065
.5063
.5061
.5058
.5056
.5053
.5051
.5048
.5046
.5043
.504
.5038
.5035
.5033
.503
.5027
.5024
.5022
.5019
.5016
.5013
.501
.5007
.5005
.5002
.4999
.4996
.4993
.499
.4987
.4983
.498
.4977
.4974
.4971
.4968
.4964
.4961
.4958
.4955
.4951
.4948
.4944
.4941
.4938
.4934
.4931
.4927
.4923
.492
.4916
.4913
.4909
.4905
.4902
.4898
.4894
.489
.4886
.4883
.4879
.4875
.4871
.4867
.4863
.4859
.4855
.4851
.4847
.4843
.4838
.4834
.483
.4826
.4822
.4817
.4813
.4809
.4804
.48
.4795
.4791
.4786
.4782
.4777
.4773
.4768
.4764
.4759
.4754
.475
.4745
.474
.4735
.4731
.4726
.4721
.4716
.4711
.4706
.4701
.4696
.4691
.4686
.4681
.4676
.4671
.4666
.4661
.4656
.465
.4645
.464
.4635
.4629
.4624
.4619
.4613
.4608
.4603
.4597
.4592
.4586
.4581
.4575
.4569
.4564
.4558
.4553
.4547
.4541
.4536
.453
.4524
.4518
.4513
.4507
.4501
.4495
.4489
.4483
.4478
.4472
.4466
.446
.4454
.4448
.4442
.4436
.443
.4423
.4417
.4411
.4405
.4399
.4393
.4387
.438
.4374
.4368
.4362
.4355
.4349
.4343
.4337
.433
.4324
.4318
.4311
.4305
.4298
.4292
.4286
.4279
.4273
.4266
.426
.4253
.4247
.424
.4234
.4227
.4221
.4214
.4207
.4201
.4194
.4188
.4181
.4175
.4168
.4161
.4155
.4148
.4141
.4135
.4128
.4121
.4115
.4108
.4101
.4095
.4088
.4081
.4074
.4068
.4061
.4054
.4048
.4041
.4034
.4027
.4021
.4014
.4007
.4
.3994
.3987
.398
.3973
.3967
.396
.3953
.3946
.3939
.3933
.3926
.3919
.3912
.3906
.3899
.3892
.3885
.3879
.3872
.3865
.3858
.3851
.3845
.3838
.3831
.3824
.3818
.3811
.3804
.3797
.3791
.3784
.3777
.377
.3764
.3757
.375
.3743
.3737
.373
.3723
.3717
.371
.3703
.3696
.369
.3683
.3676
.367
.3663
.3656
.365
.3643
.3636
.363
.3623
.3617
.361
.3603
.3597
.359
.3583
.3577
.357
.3564
.3557
.3551
.3544
.3537
.3531
.3524
.3518
.3511
.3505
.3498
.3492
.3485
.3479
.3472
.3466
.3459
.3453
.3446
.344
.3434
.3427
.3421
.3414
.3408
.3402
.3395
.3389
.3382
.3376
.337
.3363
.3357
.3351
.3344
.3338
.3332
.3326
.3319
.3313
.3307
.33
.3294
.3288
.3282
.3276
.3269
.3263
.3257
.3251
.3245
.3239
.3232
.3226
.322
.3214
.3208
.3202
.3196
.319
.3184
.3178
.3172
.3166
.316
.3154
.3148
.3142
.3136
.313
.3124
.3118
.3112
.3106
.31
.3094
.3088
.3082
.3076
.3071
.3065
.3059
.3053
.3047
.3041
.3036
.303
.3024
.3018
.3013
.3007
.3001
.2995
.299
.2984
.2978
.2973
.2967
.2961
.2956
.295
.2944
.2939
.2933
.2928
.2922
.2916
.2911
.2905
.29
.2894
.2889
.2883
.2878
.2872
.2867
.2861
.2856
.285
.2845
.284
.2834
.2829
.2823
.2818
.2813
.2807
.2802
.2797
.2791
.2786
.2781
.2776
.277
.2765
.276
.2755
.2749
.2744
.2739
.2734
.2729
.2723
.2718
.2713
.2708
.2703
.2698
.2693
.2687
.2682
.2677
.2672
.2667
.2662
.2657
.2652
.2647
.2642
.2637
.2632
.2627
.2622
.2617
.2612
.2607
.2603
.2598
.2593
.2588
.2583
.2578
.2573
.2568
.2564
.2559
.2554
.2549
.2544
.254
.2535
.253
.2525
.2521
.2516
.2511
.2507
.2502
.2497
.2492
.2488
.2483
.2479
.2474
.2469
.2465
.246
.2455
.2451
.2446
.2442
.2437
.2433
.2428
.2424
.2419
.2415
.241
.2406
.2401
.2397
.2392
.2388
.2383
.2379
.2375
.237
.2366
.2361
.2357
.2353
.2348
.2344
.234
.2335
.2331
.2327
.2323
.2318
.2314
.231
.2305
.2301
.2297
.2293
.2289
.2284
.228
.2276
.2272
.2268
.2263
.2259
.2255
.2251
.2247
.2243
.2239
.2235
.2231
.2226
.2222
.2218
.2214
.221
.2206
.2202
.2198
.2194
.219
.2186
.2182
.2178
.2174
.217
.2166
.2162
.2159
.2155
.2151
.2147
.2143
.2139
.2135
.2131
.2127
.2124
.212
.2116
.2112
.2108
.2105
.2101
.2097
.2093
.2089
.2086
.2082
.2078
.2074
.2071
.2067
.2063
.206
.2056
.2052
.2048
.2045
.2041
.2037
.2034
.203
.2027
.2023
.2019
.2016
.2012
.2009
.2005
.2001
.1998
.1994
.1991
.1987
.1984
.198
.1977
.1973
.1969
.1966
.1963
.1959
.1956
.1952
.1949
.1945
.1942
.1938
.1935
.1931
.1928
.1925
.1921
.1918
.1914
.1911
.1908
.1904
.1901
.1898
.1894
.1891
.1888
.1884
.1881
.1878
.1874
.1871
.1868
.1864
.1861
.1858
.1855
.1851
.1848
.1845
.1842
.1838
.1835
.1832
.1829
.1825
.1822
.1819
.1816
.1813
.1809
.1806
.1803
.18
.1797
.1794
.1791
.1787
.1784
.1781
.1778
.1775
.1772
.1769
.1766
.1763
.176
.1756
.1753
.175
.1747
.1744
.1741
.1738
.1735
.1732
.1729
.1726
.1723
.172
.1717
.1714
.1711
.1708
.1705
.1702
.1699
.1696
.1693
.169
.1687
.1684
.1681
.1679
.1676
.1673
.167
.1667
.1664
.1661
.1658
.1655
.1652
.165
.1647
.1644
.1641
.1638
.1635
.1632
.163
.1627
.1624
.1621
.1618
.1615
.1613
.161
.1607
.1604
.1601
.1599
.1596
.1593
.159
.1587
.1585
.1582
.1579
.1576
.1574
.1571
.1568
.1565
.1563
.156
.1557
.1554
.1552
.1549
.1546
.1544
.1541
.1538
.1536
.1533
.153
.1527
.1525
.1522
.1519
.1517
.1514
.1511
.1509
.1506
.1503
.1501
.1498
.1496
.1493
.149
.1488
.1485
.1482
.148
.1477
.1475
.1472
.1469
.1467
.1464
.1461
.1459
.1456
.1454
.1451
.1449
.1446
.1443
.1441
.1438
.1436
.1433
.1431
.1428
.1425
.1423
.142
.1418
.1415
.1413
.141
.1408
.1405
.1403
.14
.1398
.1395
.1393
.139
.1387
.1385
.1382
.138
.1377
.1375
.1372
.137
.1367
.1365
.1363
.136
.1358
.1355
.1353
.135
.1348
.1345
.1343
.134
.1338
.1335
.1333
.133
.1328
.1326
.1323
.1321
.1318
.1316
.1313
.1311
.1309
.1306
.1304
.1301
.1299
.1296
.1294
.1292
.1289
.1287
.1284
.1282
.128
.1277
.1275
.1272
.127
.1268
.1265
.1263
.1261
.1258
.1256
.1253
.1251
.1249
.1246
.1244
.1242
.1239
.1237
.1235
.1232
.123
.1228
.1225
.1223
.1221
.1218
.1216
.1214
.1211
.1209
.1207
.1204
.1202
.12
.1198
.1195
.1193
.1191
.1188
.1186
.1184
.1182
.1179
.1177
.1175
.1172
.117
.1168
.1166
.1163
.1161
.1159
.1157
.1155
.1152
.115
.1148
.1146
.1143
.1141
.1139
.1137
.1135
.1132
.113
.1128
.1126
.1124
.1122
.1119
.1117
.1115
.1113
.1111
.1109
.1106
.1104
.1102
.11
.1098
.1096
.1094
.1092
.1089
.1087
.1085
.1083
.1081
.1079
.1077
.1075
.1073
.1071
.1069
.1066
.1064
.1062
.106
.1058
.1056
.1054
.1052
.105
.1048
.1046
.1044
.1042
.104
.1038
.1036
.1034
.1032
.103
.1028
.1026
.1024
.1022
.102
.1018
.1016
.1015
.1013
.1011
.1009
.1007
.1005
.1003
.1001
.0999
.0997
.0995
.0994
.0992
.099
.0988
.0986
.0984
.0982
.0981
.0979
.0977
.0975
.0973
.0971
.097
.0968
.0966
.0964
.0962
.0961
.0959
.0957
.0955
.0953
.0952
.095
.0948
.0946
.0945
.0943
.0941
.0939
.0938
.0936
.0934
.0933
.0931
.0929
.0927
.0926
.0924
.0922
.0921
.0919
.0917
.0916
.0914
.0912
.0911
.0909
.0908
.0906
.0904
.0903
.0901
.0899
.0898
.0896
.0895
.0893
.0891
.089
.0888
.0887
.0885
.0884
.0882
.0881
.0879
.0877
.0876
.0874
.0873
.0871
.087
.0868
.0867
.0865
.0864
.0862
.0861
.0859
.0858
.0856
.0855
.0853
.0852
.0851
.0849
.0848
.0846
.0845
.0843
.0842
.084
.0839
.0838
.0836
.0835
.0833
.0832
.0831
.0829
.0828
.0826
.0825
.0824
.0822
.0821
.082
.0818
.0817
.0815
.0814
.0813
.0811
.081
.0809
.0807
.0806
.0805
.0803
.0802
.0801
.08
.0798
.0797
.0796
.0794
.0793
.0792
.0791
.0789
.0788
.0787
.0786
.0784
.0783
.0782
.0781
.0779
.0778
.0777
.0776
.0774
.0773
.0772
.0771
.0769
.0768
.0767
.0766
.0765
.0763
.0762
.0761
.076
.0759
.0758
.0756
.0755
.0754
.0753
.0752
.0751
.0749
.0748
.0747
.0746
.0745
.0744
.0743
.0741
.074
.0739
.0738
.0737
.0736
.0735
.0734
.0732
.0731
.073
.0729
.0728
.0727
.0726
.0725
.0724
.0723
.0722
.0721
.0719
.0718
.0717
.0716
.0715
.0714
.0713
.0712
.0711
.071
.0709
.0708
.0707
.0706
.0705
.0704
.0703
.0702
.0701
.07
.0699
.0698
.0697
.0696
.0695
.0694
.0693
.0692
.0691
.069
.0689
.0688
.0687
.0686
.0685
.0684
.0683
.0682
.0681
.068
.0679
.0678
.0677
.0676
.0675
.0674
.0673
.0672
.0671
.0671
.067
.0669
.0668
.0667
.0666
.0665
.0664
.0663
.0662
.0661
.066
.0659
.0659
.0658
.0657
.0656
.0655
.0654
.0653
.0652
.0651
.0651
.065
.0649
.0648
.0647
.0646
.0645
.0644
.0644
.0643
.0642
.0641
.064
.0639
.0638
.0637
.0637
.0636
.0635
.0634
.0633
.0632
.0632
.0631
.063
.0629
.0628
.0627
.0627
.0626
.0625
.0624
.0623
.0622
.0622
.0621
.062
.0619
.0618
.0618
.0617
.0616
.0615
.0614
.0614
.0613
.0612
.0611
.061
.061
.0609
.0608
.0607
.0607
.0606
.0605
.0604
.0603
.0603
.0602
.0601
.06
.06
.0599
.0598
.0597
.0597
.0596
.0595
.0594
.0594
.0593
.0592
.0591
.0591
.059
.0589
.0588
.0588
.0587
.0586
.0586
.0585
.0584
.0583
.0583
.0582
.0581
.058
.058
.0579
.0578
.0578
.0577
.0576
.0575
.0575
.0574
.0573
.0573
.0572
.0571
.0571
.057
.0569
.0568
.0568
.0567
.0566
.0566
.0565
.0564
.0564
.0563
.0562
.0562
.0561
.056
.056
.0559
.0558
.0558
.0557
.0556
.0556
.0555
.0554
.0554
.0553
.0552
.0552
.0551
.055
.055
.0549
.0548
.0548
.0547
.0547
.0546
.0545
.0545
.0544
.0543
.0543
.0542
.0541
.0541
.054
.054
.0539
.0538
.0538
.0537
.0536
.0536
.0535
.0535
.0534
.0533
.0533
.0532
.0532
.0531
.053
.053
.0529
.0528
.0528
.0527
.0527
.0526
.0525
.0525
.0524
.0524
.0523
.0522
.0522
.0521
.0521
.052
.052
.0519
.0518
.0518
.0517
.0517
.0516
.0515
.0515
.0514
.0514
.0513
.0513
.0512
.0511
.0511
.051
.051
.0509
.0509
.0508
.0508
.0507
.0506
.0506
.0505
.0505
.0504
.0504
.0503
.0502
.0502
.0501
.0501
.05
.05
