.6513
.647
.6414
.6358
.6302
.6245
.6189
.6133
.6077
.6022
.5967
.5914
.5862
.5811
.5762
.5715
.5669
.5626
.5585
.5547
.5511
.5477
.5446
.5417
.5391
.5368
.5346
.5327
.531
.5295
.5281
.5269
.5259
.525
.5242
.5235
.5228
.5223
.5218
.5214
.5211
.5208
.5205
.5203
.5201
.5199
.5197
.5195
.5194
.5193
.5192
.519
.5189
.5188
.5187
.5186
.5185
.5184
.5183
.5183
.5182
.5181
.518
.5179
.5178
.5177
.5176
.5175
.5174
.5173
.5172
.5171
.517
.5169
.5168
.5167
.5166
.5165
.5163
.5162
.5161
.516
.5159
.5158
.5156
.5155
.5154
.5153
.5151
.515
.5149
.5148
.5146
.5145
.5144
.5142
.5141
.5139
.5138
.5137
.5135
.5134
.5132
.5131
.5129
.5128
.5126
.5125
.5123
.5121
.512
.5118
.5116
.5115
.5113
.5111
.511
.5108
.5106
.5104
.5102
.5101
.5099
.5097
.5095
.5093
.5091
.5089
.5087
.5085
.5083
.5081
.5079
.5077
.5075
.5072
.507
.5068
.5066
.5064
.5061
.5059
.5057
.5054
.5052
.5049
.5047
.5044
.5042
.5039
.5037
.5034
.5032
.5029
.5026
.5024
.5021
.5018
.5015
.5013
.501
.5007
.5004
.5001
.4998
.4995
.4992
.4989
.4986
.4983
.4979
.4976
.4973
.497
.4966
.4963
.496
.4956
.4953
.4949
.4946
.4942
.4939
.4935
.4931
.4928
.4924
.492
.4916
.4912
.4908
.4905
.4901
.4897
.4893
.4888
.4884
.488
.4876
.4872
.4867
.4863
.4859
.4854
.485
.4846
.4841
.4837
.4832
.4827
.4823
.4818
.4813
.4808
.4804
.4799
.4794
.4789
.4784
.4779
.4774
.4769
.4764
.4759
.4753
.4748
.4743
.4738
.4732
.4727
.4721
.4716
.471
.4705
.4699
.4694
.4688
.4682
.4676
.4671
.4665
.4659
.4653
.4647
.4641
.4635
.4629
.4623
.4617
.4611
.4605
.4598
.4592
.4586
.458
.4573
.4567
.456
.4554
.4547
.4541
.4534
.4528
.4521
.4514
.4508
.4501
.4494
.4487
.4481
.4474
.4467
.446
.4453
.4446
.4439
.4432
.4425
.4418
.4411
.4404
.4397
.4389
.4382
.4375
.4368
.436
.4353
.4346
.4339
.4331
.4324
.4316
.4309
.4301
.4294
.4286
.4279
.4271
.4264
.4256
.4249
.4241
.4233
.4226
.4218
.421
.4203
.4195
.4187
.4179
.4172
.4164
.4156
.4148
.414
.4132
.4125
.4117
.4109
.4101
.4093
.4085
.4077
.4069
.4061
.4053
.4045
.4037
.4029
.4021
.4013
.4005
.3997
.3989
.3981
.3973
.3965
.3957
.3949
.3941
.3933
.3925
.3917
.3909
.3901
.3892
.3884
.3876
.3868
.386
.3852
.3844
.3836
.3828
.382
.3811
.3803
.3795
.3787
.3779
.3771
.3763
.3755
.3747
.3739
.373
.3722
.3714
.3706
.3698
.369
.3682
.3674
.3666
.3658
.365
.3642
.3634
.3626
.3618
.361
.3602
.3594
.3586
.3578
.357
.3562
.3554
.3546
.3538
.353
.3522
.3514
.3506
.3498
.349
.3482
.3475
.3467
.3459
.3451
.3443
.3435
.3428
.342
.3412
.3404
.3397
.3389
.3381
.3373
.3366
.3358
.335
.3343
.3335
.3327
.332
.3312
.3305
.3297
.3289
.3282
.3274
.3267
.3259
.3252
.3244
.3237
.3229
.3222
.3215
.3207
.32
.3192
.3185
.3178
.317
.3163
.3156
.3149
.3141
.3134
.3127
.312
.3113
.3105
.3098
.3091
.3084
.3077
.307
.3063
.3056
.3049
.3042
.3035
.3028
.3021
.3014
.3007
.3
.2993
.2987
.298
.2973
.2966
.2959
.2953
.2946
.2939
.2932
.2926
.2919
.2912
.2906
.2899
.2893
.2886
.288
.2873
.2866
.286
.2854
.2847
.2841
.2834
.2828
.2821
.2815
.2809
.2802
.2796
.279
.2784
.2777
.2771
.2765
.2759
.2753
.2747
.274
.2734
.2728
.2722
.2716
.271
.2704
.2698
.2692
.2686
.268
.2674
.2668
.2663
.2657
.2651
.2645
.2639
.2634
.2628
.2622
.2616
.2611
.2605
.2599
.2594
.2588
.2582
.2577
.2571
.2566
.256
.2555
.2549
.2544
.2538
.2533
.2527
.2522
.2517
.2511
.2506
.25
.2495
.249
.2485
.2479
.2474
.2469
.2464
.2458
.2453
.2448
.2443
.2438
.2433
.2428
.2423
.2418
.2413
.2407
.2402
.2398
.2393
.2388
.2383
.2378
.2373
.2368
.2363
.2358
.2353
.2349
.2344
.2339
.2334
.2329
.2325
.232
.2315
.2311
.2306
.2301
.2297
.2292
.2287
.2283
.2278
.2274
.2269
.2265
.226
.2256
.2251
.2247
.2242
.2238
.2233
.2229
.2225
.222
.2216
.2211
.2207
.2203
.2199
.2194
.219
.2186
.2181
.2177
.2173
.2169
.2165
.216
.2156
.2152
.2148
.2144
.214
.2136
.2132
.2128
.2124
.212
.2116
.2112
.2108
.2104
.21
.2096
.2092
.2088
.2084
.208
.2076
.2072
.2068
.2064
.2061
.2057
.2053
.2049
.2045
.2042
.2038
.2034
.203
.2027
.2023
.2019
.2016
.2012
.2008
.2005
.2001
.1997
.1994
.199
.1987
.1983
.1979
.1976
.1972
.1969
.1965
.1962
.1958
.1955
.1951
.1948
.1944
.1941
.1938
.1934
.1931
.1927
.1924
.1921
.1917
.1914
.1911
.1907
.1904
.1901
.1897
.1894
.1891
.1888
.1884
.1881
.1878
.1875
.1871
.1868
.1865
.1862
.1859
.1856
.1852
.1849
.1846
.1843
.184
.1837
.1834
.1831
.1828
.1824
.1821
.1818
.1815
.1812
.1809
.1806
.1803
.18
.1797
.1794
.1791
.1789
.1786
.1783
.178
.1777
.1774
.1771
.1768
.1765
.1762
.176
.1757
.1754
.1751
.1748
.1745
.1743
.174
.1737
.1734
.1731
.1729
.1726
.1723
.172
.1718
.1715
.1712
.171
.1707
.1704
.1702
.1699
.1696
.1694
.1691
.1688
.1686
.1683
.168
.1678
.1675
.1673
.167
.1667
.1665
.1662
.166
.1657
.1655
.1652
.165
.1647
.1645
.1642
.164
.1637
.1635
.1632
.163
.1627
.1625
.1622
.162
.1617
.1615
.1613
.161
.1608
.1605
.1603
.1601
.1598
.1596
.1594
.1591
.1589
.1587
.1584
.1582
.158
.1577
.1575
.1573
.157
.1568
.1566
.1563
.1561
.1559
.1557
.1554
.1552
.155
.1548
.1545
.1543
.1541
.1539
.1537
.1534
.1532
.153
.1528
.1526
.1524
.1521
.1519
.1517
.1515
.1513
.1511
.1509
.1506
.1504
.1502
.15
.1498
.1496
.1494
.1492
.149
.1488
.1486
.1484
.1482
.1479
.1477
.1475
.1473
.1471
.1469
.1467
.1465
.1463
.1461
.1459
.1457
.1455
.1453
.1451
.1449
.1447
.1446
.1444
.1442
.144
.1438
.1436
.1434
.1432
.143
.1428
.1426
.1424
.1422
.1421
.1419
.1417
.1415
.1413
.1411
.1409
.1407
.1406
.1404
.1402
.14
.1398
.1396
.1395
.1393
.1391
.1389
.1387
.1386
.1384
.1382
.138
.1378
.1377
.1375
.1373
.1371
.137
.1368
.1366
.1364
.1363
.1361
.1359
.1357
.1356
.1354
.1352
.135
.1349
.1347
.1345
.1344
.1342
.134
.1339
.1337
.1335
.1334
.1332
.133
.1329
.1327
.1325
.1324
.1322
.132
.1319
.1317
.1315
.1314
.1312
.1311
.1309
.1307
.1306
.1304
.1303
.1301
.1299
.1298
.1296
.1295
.1293
.1291
.129
.1288
.1287
.1285
.1284
.1282
.1281
.1279
.1278
.1276
.1274
.1273
.1271
.127
.1268
.1267
.1265
.1264
.1262
.1261
.1259
.1258
.1256
.1255
.1253
.1252
.125
.1249
.1247
.1246
.1245
.1243
.1242
.124
.1239
.1237
.1236
.1234
.1233
.1232
.123
.1229
.1227
.1226
.1224
.1223
.1222
.122
.1219
.1217
.1216
.1215
.1213
.1212
.121
.1209
.1208
.1206
.1205
.1204
.1202
.1201
.1199
.1198
.1197
.1195
.1194
.1193
.1191
.119
.1189
.1187
.1186
.1185
.1183
.1182
.1181
.1179
.1178
.1177
.1175
.1174
.1173
.1171
.117
.1169
.1168
.1166
.1165
.1164
.1162
.1161
.116
.1159
.1157
.1156
.1155
.1154
.1152
.1151
.115
.1149
.1147
.1146
.1145
.1144
.1142
.1141
.114
.1139
.1137
.1136
.1135
.1134
.1132
.1131
.113
.1129
.1128
.1126
.1125
.1124
.1123
.1122
.112
.1119
.1118
.1117
.1116
.1114
.1113
.1112
.1111
.111
.1109
.1107
.1106
.1105
.1104
.1103
.1102
.11
.1099
.1098
.1097
.1096
.1095
.1094
.1092
.1091
.109
.1089
.1088
.1087
.1086
.1084
.1083
.1082
.1081
.108
.1079
.1078
.1077
.1076
.1074
.1073
.1072
.1071
.107
.1069
.1068
.1067
.1066
.1065
.1064
.1062
.1061
.106
.1059
.1058
.1057
.1056
.1055
.1054
.1053
.1052
.1051
.105
.1049
.1048
.1047
.1045
.1044
.1043
.1042
.1041
.104
.1039
.1038
.1037
.1036
.1035
.1034
.1033
.1032
.1031
.103
.1029
.1028
.1027
.1026
.1025
.1024
.1023
.1022
.1021
.102
.1019
.1018
.1017
.1016
.1015
.1014
.1013
.1012
.1011
.101
.1009
.1008
.1007
.1006
.1005
.1004
.1003
.1002
.1001
.1
.0999
.0998
.0997
.0996
.0996
.0995
.0994
.0993
.0992
.0991
.099
.0989
.0988
.0987
.0986
.0985
.0984
.0983
.0982
.0981
.098
.098
.0979
.0978
.0977
.0976
.0975
.0974
.0973
.0972
.0971
.097
.0969
.0969
.0968
.0967
.0966
.0965
.0964
.0963
.0962
.0961
.096
.096
.0959
.0958
.0957
.0956
.0955
.0954
.0953
.0953
.0952
.0951
.095
.0949
.0948
.0947
.0946
.0946
.0945
.0944
.0943
.0942
.0941
.094
.094
.0939
.0938
.0937
.0936
.0935
.0934
.0934
.0933
.0932
.0931
.093
.0929
.0929
.0928
.0927
.0926
.0925
.0924
.0924
.0923
.0922
.0921
.092
.0919
.0919
.0918
.0917
.0916
.0915
.0915
.0914
.0913
.0912
.0911
.091
.091
.0909
.0908
.0907
.0906
.0906
.0905
.0904
.0903
.0902
.0902
.0901
.09
.0899
.0899
.0898
.0897
.0896
.0895
.0895
.0894
.0893
.0892
.0892
.0891
.089
.0889
.0888
.0888
.0887
.0886
.0885
.0885
.0884
.0883
.0882
.0882
.0881
.088
.0879
.0879
.0878
.0877
.0876
.0876
.0875
.0874
.0873
.0873
.0872
.0871
.087
.087
.0869
.0868
.0867
.0867
.0866
.0865
.0864
.0864
.0863
.0862
.0862
.0861
.086
.0859
.0859
.0858
.0857
.0856
.0856
.0855
.0854
.0854
.0853
.0852
.0851
.0851
.085
.0849
.0849
.0848
.0847
.0847
.0846
.0845
.0844
.0844
.0843
.0842
.0842
.0841
.084
.084
.0839
.0838
.0837
.0837
.0836
.0835
.0835
.0834
.0833
.0833
.0832
.0831
.0831
.083
.0829
.0829
.0828
.0827
.0827
.0826
.0825
.0825
.0824
.0823
.0823
.0822
.0821
.0821
.082
.0819
.0819
.0818
.0817
.0817
.0816
.0815
.0815
.0814
.0813
.0813
.0812
.0811
.0811
.081
.0809
.0809
.0808
.0808
.0807
.0806
.0806
.0805
.0804
.0804
.0803
.0802
.0802
.0801
.0801
.08
.0799
.0799
.0798
.0797
.0797
.0796
.0795
.0795
.0794
.0794
.0793
.0792
.0792
.0791
.079
.079
.0789
.0789
.0788
.0787
.0787
.0786
.0786
.0785
.0784
.0784
.0783
.0783
.0782
.0781
.0781
.078
.078
.0779
.0778
.0778
.0777
.0777
.0776
.0775
.0775
.0774
.0774
.0773
.0772
.0772
.0771
.0771
.077
.0769
.0769
.0768
.0768
.0767
.0766
.0766
.0765
.0765
.0764
.0764
.0763
.0762
.0762
.0761
.0761
.076
.076
.0759
.0758
.0758
.0757
.0757
.0756
.0756
.0755
.0754
.0754
.0753
.0753
.0752
.0752
.0751
.075
.075
.0749
.0749
.0748
.0748
.0747
.0747
.0746
.0745
.0745
.0744
.0744
.0743
.0743
.0742
.0742
.0741
.074
.074
.0739
.0739
.0738
.0738
.0737
.0737
.0736
.0736
.0735
.0734
.0734
.0733
.0733
.0732
.0732
.0731
.0731
.073
.073
.0729
.0729
.0728
.0728
.0727
.0726
.0726
.0725
.0725
.0724
.0724
.0723
.0723
.0722
.0722
.0721
.0721
.072
.072
.0719
.0719
.0718
.0718
.0717
.0717
.0716
.0716
.0715
.0715
.0714
.0713
.0713
.0712
.0712
.0711
.0711
.071
.071
.0709
.0709
.0708
.0708
.0707
.0707
.0706
.0706
.0705
.0705
.0704
.0704
.0703
.0703
.0702
.0702
.0701
.0701
.07
.07
.0699
.0699
.0698
.0698
.0697
.0697
.0697
.0696
.0696
.0695
.0695
.0694
.0694
.0693
.0693
.0692
.0692
.0691
.0691
.069
.069
.0689
.0689
.0688
.0688
.0687
.0687
.0686
.0686
.0685
.0685
.0684
.0684
.0684
.0683
.0683
.0682
.0682
.0681
.0681
.068
.068
.0679
.0679
.0678
.0678
.0677
.0677
.0677
.0676
.0676
.0675
.0675
.0674
.0674
.0673
.0673
.0672
.0672
.0671
.0671
.0671
.067
.067
.0669
.0669
.0668
.0668
.0667
.0667
.0667
.0666
.0666
.0665
.0665
.0664
.0664
.0663
.0663
.0662
.0662
.0662
.0661
.0661
.066
.066
.0659
.0659
.0658
.0658
.0658
.0657
.0657
.0656
.0656
.0655
.0655
.0655
.0654
.0654
.0653
.0653
.0652
.0652
.0652
.0651
.0651
.065
.065
.0649
.0649
.0649
.0648
.0648
.0647
.0647
.0646
.0646
.0646
.0645
.0645
.0644
.0644
.0643
.0643
.0643
.0642
.0642
.0641
.0641
.064
.064
.064
.0639
.0639
.0638
.0638
.0638
.0637
.0637
.0636
.0636
.0635
.0635
.0635
.0634
.0634
.0633
.0633
.0633
.0632
.0632
.0631
.0631
.0631
.063
.063
.0629
.0629
.0629
.0628
.0628
.0627
.0627
.0627
.0626
.0626
.0625
.0625
.0625
.0624
.0624
.0623
.0623
.0623
.0622
.0622
.0621
.0621
.0621
.062
.062
.0619
.0619
.0619
.0618
.0618
.0617
.0617
.0617
.0616
.0616
.0615
.0615
.0615
.0614
.0614
.0614
.0613
.0613
.0612
.0612
.0612
.0611
.0611
.061
.061
.061
.0609
.0609
.0609
.0608
.0608
.0607
.0607
.0607
.0606
.0606
.0606
.0605
.0605
.0604
.0604
.0604
.0603
.0603
.0603
.0602
.0602
.0601
.0601
.0601
.06
.06
.06
.0599
.0599
.0598
.0598
.0598
.0597
.0597
.0597
.0596
.0596
.0596
.0595
.0595
.0594
.0594
.0594
.0593
.0593
.0593
.0592
.0592
.0592
.0591
.0591
.059
.059
.059
.0589
.0589
.0589
.0588
.0588
.0588
.0587
.0587
.0587
.0586
.0586
.0585
.0585
.0585
.0584
.0584
.0584
.0583
.0583
.0583
.0582
.0582
.0582
.0581
.0581
.0581
.058
.058
.058
.0579
.0579
.0578
.0578
.0578
.0577
.0577
.0577
.0576
.0576
.0576
.0575
.0575
.0575
.0574
.0574
.0574
.0573
.0573
.0573
.0572
.0572
.0572
.0571
.0571
.0571
.057
.057
.057
.0569
.0569
.0569
.0568
.0568
.0568
.0567
.0567
.0567
.0566
.0566
.0566
.0565
.0565
.0565
.0564
.0564
.0564
.0563
.0563
.0563
.0562
.0562
.0562
.0561
.0561
.0561
.056
.056
.056
.0559
.0559
.0559
.0558
.0558
.0558
.0557
.0557
.0557
.0556
.0556
.0556
.0555
.0555
.0555
.0555
.0554
.0554
.0554
.0553
.0553
.0553
.0552
.0552
.0552
.0551
.0551
.0551
.055
.055
.055
.0549
.0549
.0549
.0548
.0548
.0548
.0548
.0547
.0547
.0547
.0546
.0546
.0546
.0545
.0545
.0545
.0544
.0544
.0544
.0544
.0543
.0543
.0543
.0542
.0542
.0542
.0541
.0541
.0541
.054
.054
.054
.054
.0539
.0539
.0539
.0538
.0538
.0538
.0537
.0537
.0537
.0536
.0536
.0536
.0536
.0535
.0535
.0535
.0534
.0534
.0534
.0534
.0533
.0533
.0533
.0532
.0532
.0532
.0531
.0531
.0531
.0531
.053
.053
.053
.0529
.0529
.0529
.0528
.0528
.0528
.0528
.0527
.0527
.0527
.0526
.0526
.0526
.0526
.0525
.0525
.0525
.0524
.0524
.0524
.0524
.0523
.0523
.0523
.0522
.0522
.0522
.0522
.0521
.0521
.0521
.052
.052
.052
.052
.0519
.0519
.0519
.0518
.0518
.0518
.0518
.0517
.0517
.0517
.0516
.0516
.0516
.0516
.0515
.0515
.0515
.0514
.0514
.0514
.0514
.0513
.0513
.0513
.0513
.0512
.0512
.0512
.0511
.0511
.0511
.0511
.051
.051
.051
.051
.0509
.0509
.0509
.0508
.0508
.0508
.0508
.0507
.0507
.0507
.0507
.0506
.0506
.0506
.0505
.0505
.0505
.0505
.0504
.0504
.0504
.0504
.0503
.0503
.0503
.0502
.0502
.0502
.0502
.0501
.0501
.0501
.0501
.05
.05
.05
