.5398
.5406
.5391
.5377
.5365
.5355
.5345
.5337
.5329
.5322
.5316
.5311
.5306
.5302
.5298
.5295
.5292
.529
.5288
.5286
.5284
.5282
.5281
.528
.5279
.5277
.5276
.5275
.5275
.5274
.5273
.5272
.5271
.527
.527
.5269
.5268
.5267
.5267
.5266
.5265
.5264
.5263
.5262
.5262
.5261
.526
.5259
.5258
.5257
.5256
.5255
.5254
.5253
.5252
.5251
.525
.5249
.5248
.5247
.5246
.5244
.5243
.5242
.5241
.524
.5238
.5237
.5236
.5234
.5233
.5232
.523
.5229
.5227
.5226
.5225
.5223
.5222
.522
.5218
.5217
.5215
.5214
.5212
.521
.5209
.5207
.5205
.5203
.5202
.52
.5198
.5196
.5194
.5192
.519
.5188
.5186
.5184
.5182
.518
.5178
.5176
.5173
.5171
.5169
.5167
.5164
.5162
.5159
.5157
.5155
.5152
.515
.5147
.5144
.5142
.5139
.5136
.5134
.5131
.5128
.5125
.5122
.5119
.5116
.5113
.511
.5107
.5104
.5101
.5098
.5095
.5091
.5088
.5085
.5081
.5078
.5074
.5071
.5067
.5064
.506
.5056
.5053
.5049
.5045
.5041
.5037
.5033
.5029
.5025
.5021
.5017
.5013
.5009
.5005
.5
.4996
.4992
.4987
.4983
.4978
.4974
.4969
.4965
.496
.4955
.4951
.4946
.4941
.4936
.4931
.4926
.4921
.4916
.4911
.4906
.4901
.4895
.489
.4885
.4879
.4874
.4868
.4863
.4857
.4852
.4846
.4841
.4835
.4829
.4823
.4818
.4812
.4806
.48
.4794
.4788
.4782
.4776
.4769
.4763
.4757
.4751
.4744
.4738
.4732
.4725
.4719
.4712
.4706
.4699
.4693
.4686
.4679
.4673
.4666
.4659
.4652
.4646
.4639
.4632
.4625
.4618
.4611
.4604
.4597
.459
.4582
.4575
.4568
.4561
.4554
.4546
.4539
.4532
.4524
.4517
.451
.4502
.4495
.4487
.448
.4472
.4464
.4457
.4449
.4442
.4434
.4426
.4419
.4411
.4403
.4395
.4387
.438
.4372
.4364
.4356
.4348
.434
.4332
.4324
.4316
.4308
.43
.4292
.4284
.4276
.4268
.426
.4252
.4244
.4236
.4228
.422
.4211
.4203
.4195
.4187
.4179
.417
.4162
.4154
.4146
.4137
.4129
.4121
.4113
.4104
.4096
.4088
.4079
.4071
.4063
.4054
.4046
.4038
.4029
.4021
.4013
.4004
.3996
.3988
.3979
.3971
.3963
.3954
.3946
.3938
.3929
.3921
.3912
.3904
.3896
.3887
.3879
.3871
.3862
.3854
.3845
.3837
.3829
.382
.3812
.3804
.3795
.3787
.3779
.377
.3762
.3754
.3746
.3737
.3729
.3721
.3712
.3704
.3696
.3688
.3679
.3671
.3663
.3655
.3646
.3638
.363
.3622
.3614
.3606
.3597
.3589
.3581
.3573
.3565
.3557
.3549
.3541
.3533
.3525
.3517
.3508
.35
.3492
.3484
.3477
.3469
.3461
.3453
.3445
.3437
.3429
.3421
.3413
.3405
.3398
.339
.3382
.3374
.3366
.3359
.3351
.3343
.3335
.3328
.332
.3312
.3305
.3297
.3289
.3282
.3274
.3267
.3259
.3252
.3244
.3237
.3229
.3222
.3214
.3207
.3199
.3192
.3185
.3177
.317
.3163
.3155
.3148
.3141
.3133
.3126
.3119
.3112
.3105
.3098
.309
.3083
.3076
.3069
.3062
.3055
.3048
.3041
.3034
.3027
.302
.3013
.3006
.2999
.2992
.2985
.2979
.2972
.2965
.2958
.2951
.2945
.2938
.2931
.2925
.2918
.2911
.2905
.2898
.2891
.2885
.2878
.2872
.2865
.2859
.2852
.2846
.2839
.2833
.2826
.282
.2814
.2807
.2801
.2794
.2788
.2782
.2776
.2769
.2763
.2757
.2751
.2745
.2738
.2732
.2726
.272
.2714
.2708
.2702
.2696
.269
.2684
.2678
.2672
.2666
.266
.2654
.2648
.2642
.2636
.2631
.2625
.2619
.2613
.2607
.2602
.2596
.259
.2585
.2579
.2573
.2568
.2562
.2556
.2551
.2545
.254
.2534
.2529
.2523
.2518
.2512
.2507
.2501
.2496
.249
.2485
.248
.2474
.2469
.2464
.2458
.2453
.2448
.2442
.2437
.2432
.2427
.2422
.2416
.2411
.2406
.2401
.2396
.2391
.2386
.2381
.2375
.237
.2365
.236
.2355
.235
.2345
.2341
.2336
.2331
.2326
.2321
.2316
.2311
.2306
.2301
.2297
.2292
.2287
.2282
.2278
.2273
.2268
.2263
.2259
.2254
.2249
.2245
.224
.2235
.2231
.2226
.2222
.2217
.2213
.2208
.2203
.2199
.2194
.219
.2185
.2181
.2177
.2172
.2168
.2163
.2159
.2155
.215
.2146
.2142
.2137
.2133
.2129
.2124
.212
.2116
.2112
.2107
.2103
.2099
.2095
.2091
.2086
.2082
.2078
.2074
.207
.2066
.2062
.2058
.2053
.2049
.2045
.2041
.2037
.2033
.2029
.2025
.2021
.2017
.2013
.201
.2006
.2002
.1998
.1994
.199
.1986
.1982
.1979
.1975
.1971
.1967
.1963
.196
.1956
.1952
.1948
.1944
.1941
.1937
.1933
.193
.1926
.1922
.1919
.1915
.1911
.1908
.1904
.1901
.1897
.1893
.189
.1886
.1883
.1879
.1876
.1872
.1869
.1865
.1862
.1858
.1855
.1851
.1848
.1844
.1841
.1837
.1834
.1831
.1827
.1824
.1821
.1817
.1814
.181
.1807
.1804
.1801
.1797
.1794
.1791
.1787
.1784
.1781
.1778
.1774
.1771
.1768
.1765
.1762
.1758
.1755
.1752
.1749
.1746
.1743
.1739
.1736
.1733
.173
.1727
.1724
.1721
.1718
.1715
.1712
.1709
.1706
.1703
.17
.1697
.1694
.1691
.1688
.1685
.1682
.1679
.1676
.1673
.167
.1667
.1664
.1661
.1658
.1655
.1653
.165
.1647
.1644
.1641
.1638
.1636
.1633
.163
.1627
.1624
.1621
.1619
.1616
.1613
.161
.1608
.1605
.1602
.1599
.1597
.1594
.1591
.1589
.1586
.1583
.1581
.1578
.1575
.1573
.157
.1567
.1565
.1562
.1559
.1557
.1554
.1552
.1549
.1546
.1544
.1541
.1539
.1536
.1534
.1531
.1529
.1526
.1524
.1521
.1519
.1516
.1514
.1511
.1509
.1506
.1504
.1501
.1499
.1496
.1494
.1492
.1489
.1487
.1484
.1482
.148
.1477
.1475
.1472
.147
.1468
.1465
.1463
.1461
.1458
.1456
.1454
.1451
.1449
.1447
.1444
.1442
.144
.1438
.1435
.1433
.1431
.1428
.1426
.1424
.1422
.1419
.1417
.1415
.1413
.1411
.1408
.1406
.1404
.1402
.14
.1397
.1395
.1393
.1391
.1389
.1387
.1385
.1382
.138
.1378
.1376
.1374
.1372
.137
.1368
.1366
.1363
.1361
.1359
.1357
.1355
.1353
.1351
.1349
.1347
.1345
.1343
.1341
.1339
.1337
.1335
.1333
.1331
.1329
.1327
.1325
.1323
.1321
.1319
.1317
.1315
.1313
.1311
.1309
.1307
.1305
.1303
.1301
.13
.1298
.1296
.1294
.1292
.129
.1288
.1286
.1284
.1282
.1281
.1279
.1277
.1275
.1273
.1271
.1269
.1268
.1266
.1264
.1262
.126
.1259
.1257
.1255
.1253
.1251
.125
.1248
.1246
.1244
.1242
.1241
.1239
.1237
.1235
.1234
.1232
.123
.1228
.1227
.1225
.1223
.1221
.122
.1218
.1216
.1215
.1213
.1211
.1209
.1208
.1206
.1204
.1203
.1201
.1199
.1198
.1196
.1194
.1193
.1191
.1189
.1188
.1186
.1185
.1183
.1181
.118
.1178
.1176
.1175
.1173
.1172
.117
.1168
.1167
.1165
.1164
.1162
.116
.1159
.1157
.1156
.1154
.1153
.1151
.115
.1148
.1146
.1145
.1143
.1142
.114
.1139
.1137
.1136
.1134
.1133
.1131
.113
.1128
.1127
.1125
.1124
.1122
.1121
.1119
.1118
.1116
.1115
.1113
.1112
.111
.1109
.1108
.1106
.1105
.1103
.1102
.11
.1099
.1097
.1096
.1095
.1093
.1092
.109
.1089
.1088
.1086
.1085
.1083
.1082
.1081
.1079
.1078
.1076
.1075
.1074
.1072
.1071
.107
.1068
.1067
.1065
.1064
.1063
.1061
.106
.1059
.1057
.1056
.1055
.1053
.1052
.1051
.1049
.1048
.1047
.1045
.1044
.1043
.1042
.104
.1039
.1038
.1036
.1035
.1034
.1033
.1031
.103
.1029
.1027
.1026
.1025
.1024
.1022
.1021
.102
.1019
.1017
.1016
.1015
.1014
.1012
.1011
.101
.1009
.1007
.1006
.1005
.1004
.1003
.1001
.1
.0999
.0998
.0996
.0995
.0994
.0993
.0992
.099
.0989
.0988
.0987
.0986
.0985
.0983
.0982
.0981
.098
.0979
.0978
.0976
.0975
.0974
.0973
.0972
.0971
.0969
.0968
.0967
.0966
.0965
.0964
.0963
.0961
.096
.0959
.0958
.0957
.0956
.0955
.0954
.0953
.0951
.095
.0949
.0948
.0947
.0946
.0945
.0944
.0943
.0942
.094
.0939
.0938
.0937
.0936
.0935
.0934
.0933
.0932
.0931
.093
.0929
.0928
.0927
.0925
.0924
.0923
.0922
.0921
.092
.0919
.0918
.0917
.0916
.0915
.0914
.0913
.0912
.0911
.091
.0909
.0908
.0907
.0906
.0905
.0904
.0903
.0902
.0901
.09
.0899
.0898
.0897
.0896
.0895
.0894
.0893
.0892
.0891
.089
.0889
.0888
.0887
.0886
.0885
.0884
.0883
.0882
.0881
.088
.0879
.0878
.0877
.0876
.0875
.0874
.0873
.0872
.0871
.0871
.087
.0869
.0868
.0867
.0866
.0865
.0864
.0863
.0862
.0861
.086
.0859
.0858
.0857
.0857
.0856
.0855
.0854
.0853
.0852
.0851
.085
.0849
.0848
.0847
.0847
.0846
.0845
.0844
.0843
.0842
.0841
.084
.0839
.0839
.0838
.0837
.0836
.0835
.0834
.0833
.0832
.0832
.0831
.083
.0829
.0828
.0827
.0826
.0825
.0825
.0824
.0823
.0822
.0821
.082
.082
.0819
.0818
.0817
.0816
.0815
.0814
.0814
.0813
.0812
.0811
.081
.0809
.0809
.0808
.0807
.0806
.0805
.0805
.0804
.0803
.0802
.0801
.08
.08
.0799
.0798
.0797
.0796
.0796
.0795
.0794
.0793
.0792
.0792
.0791
.079
.0789
.0788
.0788
.0787
.0786
.0785
.0784
.0784
.0783
.0782
.0781
.0781
.078
.0779
.0778
.0777
.0777
.0776
.0775
.0774
.0774
.0773
.0772
.0771
.0771
.077
.0769
.0768
.0768
.0767
.0766
.0765
.0765
.0764
.0763
.0762
.0762
.0761
.076
.0759
.0759
.0758
.0757
.0756
.0756
.0755
.0754
.0754
.0753
.0752
.0751
.0751
.075
.0749
.0748
.0748
.0747
.0746
.0746
.0745
.0744
.0743
.0743
.0742
.0741
.0741
.074
.0739
.0738
.0738
.0737
.0736
.0736
.0735
.0734
.0734
.0733
.0732
.0732
.0731
.073
.0729
.0729
.0728
.0727
.0727
.0726
.0725
.0725
.0724
.0723
.0723
.0722
.0721
.0721
.072
.0719
.0719
.0718
.0717
.0717
.0716
.0715
.0715
.0714
.0713
.0713
.0712
.0711
.0711
.071
.0709
.0709
.0708
.0707
.0707
.0706
.0705
.0705
.0704
.0704
.0703
.0702
.0702
.0701
.07
.07
.0699
.0698
.0698
.0697
.0697
.0696
.0695
.0695
.0694
.0693
.0693
.0692
.0692
.0691
.069
.069
.0689
.0688
.0688
.0687
.0687
.0686
.0685
.0685
.0684
.0684
.0683
.0682
.0682
.0681
.068
.068
.0679
.0679
.0678
.0677
.0677
.0676
.0676
.0675
.0674
.0674
.0673
.0673
.0672
.0672
.0671
.067
.067
.0669
.0669
.0668
.0667
.0667
.0666
.0666
.0665
.0665
.0664
.0663
.0663
.0662
.0662
.0661
.066
.066
.0659
.0659
.0658
.0658
.0657
.0656
.0656
.0655
.0655
.0654
.0654
.0653
.0653
.0652
.0651
.0651
.065
.065
.0649
.0649
.0648
.0648
.0647
.0646
.0646
.0645
.0645
.0644
.0644
.0643
.0643
.0642
.0642
.0641
.064
.064
.0639
.0639
.0638
.0638
.0637
.0637
.0636
.0636
.0635
.0635
.0634
.0633
.0633
.0632
.0632
.0631
.0631
.063
.063
.0629
.0629
.0628
.0628
.0627
.0627
.0626
.0626
.0625
.0625
.0624
.0624
.0623
.0623
.0622
.0621
.0621
.062
.062
.0619
.0619
.0618
.0618
.0617
.0617
.0616
.0616
.0615
.0615
.0614
.0614
.0613
.0613
.0612
.0612
.0611
.0611
.061
.061
.0609
.0609
.0608
.0608
.0607
.0607
.0606
.0606
.0605
.0605
.0605
.0604
.0604
.0603
.0603
.0602
.0602
.0601
.0601
.06
.06
.0599
.0599
.0598
.0598
.0597
.0597
.0596
.0596
.0595
.0595
.0594
.0594
.0593
.0593
.0593
.0592
.0592
.0591
.0591
.059
.059
.0589
.0589
.0588
.0588
.0587
.0587
.0587
.0586
.0586
.0585
.0585
.0584
.0584
.0583
.0583
.0582
.0582
.0581
.0581
.0581
.058
.058
.0579
.0579
.0578
.0578
.0577
.0577
.0577
.0576
.0576
.0575
.0575
.0574
.0574
.0573
.0573
.0573
.0572
.0572
.0571
.0571
.057
.057
.0569
.0569
.0569
.0568
.0568
.0567
.0567
.0566
.0566
.0566
.0565
.0565
.0564
.0564
.0563
.0563
.0563
.0562
.0562
.0561
.0561
.056
.056
.056
.0559
.0559
.0558
.0558
.0557
.0557
.0557
.0556
.0556
.0555
.0555
.0555
.0554
.0554
.0553
.0553
.0553
.0552
.0552
.0551
.0551
.055
.055
.055
.0549
.0549
.0548
.0548
.0548
.0547
.0547
.0546
.0546
.0546
.0545
.0545
.0544
.0544
.0544
.0543
.0543
.0542
.0542
.0542
.0541
.0541
.054
.054
.054
.0539
.0539
.0538
.0538
.0538
.0537
.0537
.0536
.0536
.0536
.0535
.0535
.0534
.0534
.0534
.0533
.0533
.0533
.0532
.0532
.0531
.0531
.0531
.053
.053
.0529
.0529
.0529
.0528
.0528
.0528
.0527
.0527
.0526
.0526
.0526
.0525
.0525
.0525
.0524
.0524
.0523
.0523
.0523
.0522
.0522
.0522
.0521
.0521
.052
.052
.052
.0519
.0519
.0519
.0518
.0518
.0518
.0517
.0517
.0516
.0516
.0516
.0515
.0515
.0515
.0514
.0514
.0514
.0513
.0513
.0512
.0512
.0512
.0511
.0511
.0511
.051
.051
.051
.0509
.0509
.0509
.0508
.0508
.0507
.0507
.0507
.0506
.0506
.0506
.0505
.0505
.0505
.0504
.0504
.0504
.0503
.0503
.0503
.0502
.0502
.0502
.0501
.0501
.0501
.05
.05
