.6132
.6106
.6067
.6029
.5991
.5954
.5918
.5883
.5848
.5815
.5782
.5751
.5721
.5691
.5663
.5637
.5611
.5587
.5564
.5542
.5522
.5503
.5485
.5469
.5453
.5439
.5426
.5414
.5403
.5393
.5384
.5375
.5368
.5361
.5355
.5349
.5344
.534
.5336
.5332
.5329
.5326
.5323
.5321
.5319
.5317
.5315
.5313
.5311
.531
.5309
.5307
.5306
.5305
.5304
.5303
.5302
.5301
.53
.5299
.5298
.5297
.5296
.5295
.5294
.5293
.5293
.5292
.5291
.529
.5289
.5288
.5287
.5286
.5285
.5284
.5283
.5282
.5281
.528
.5279
.5277
.5276
.5275
.5274
.5273
.5272
.5271
.5269
.5268
.5267
.5266
.5265
.5263
.5262
.5261
.5259
.5258
.5257
.5255
.5254
.5253
.5251
.525
.5248
.5247
.5245
.5244
.5242
.5241
.5239
.5238
.5236
.5234
.5233
.5231
.523
.5228
.5226
.5224
.5223
.5221
.5219
.5217
.5216
.5214
.5212
.521
.5208
.5206
.5204
.5202
.52
.5198
.5196
.5194
.5192
.519
.5188
.5186
.5183
.5181
.5179
.5177
.5174
.5172
.517
.5167
.5165
.5162
.516
.5158
.5155
.5153
.515
.5147
.5145
.5142
.5139
.5137
.5134
.5131
.5128
.5126
.5123
.512
.5117
.5114
.5111
.5108
.5105
.5102
.5099
.5096
.5093
.5089
.5086
.5083
.508
.5076
.5073
.5069
.5066
.5063
.5059
.5056
.5052
.5048
.5045
.5041
.5037
.5034
.503
.5026
.5022
.5018
.5015
.5011
.5007
.5003
.4999
.4995
.499
.4986
.4982
.4978
.4974
.4969
.4965
.4961
.4956
.4952
.4947
.4943
.4938
.4934
.4929
.4925
.492
.4915
.4911
.4906
.4901
.4896
.4891
.4886
.4881
.4876
.4871
.4866
.4861
.4856
.4851
.4846
.4841
.4836
.483
.4825
.482
.4814
.4809
.4803
.4798
.4792
.4787
.4781
.4776
.477
.4765
.4759
.4753
.4747
.4742
.4736
.473
.4724
.4718
.4712
.4706
.47
.4694
.4688
.4682
.4676
.467
.4664
.4658
.4652
.4645
.4639
.4633
.4627
.462
.4614
.4608
.4601
.4595
.4588
.4582
.4575
.4569
.4562
.4556
.4549
.4542
.4536
.4529
.4522
.4516
.4509
.4502
.4495
.4489
.4482
.4475
.4468
.4461
.4454
.4447
.444
.4433
.4426
.4419
.4412
.4405
.4398
.4391
.4384
.4377
.437
.4363
.4356
.4348
.4341
.4334
.4327
.4319
.4312
.4305
.4298
.429
.4283
.4276
.4268
.4261
.4253
.4246
.4238
.4231
.4224
.4216
.4209
.4201
.4194
.4186
.4179
.4171
.4163
.4156
.4148
.4141
.4133
.4125
.4118
.411
.4103
.4095
.4087
.408
.4072
.4064
.4056
.4049
.4041
.4033
.4025
.4018
.401
.4002
.3994
.3987
.3979
.3971
.3963
.3955
.3948
.394
.3932
.3924
.3916
.3908
.3901
.3893
.3885
.3877
.3869
.3861
.3853
.3846
.3838
.383
.3822
.3814
.3806
.3798
.379
.3783
.3775
.3767
.3759
.3751
.3743
.3735
.3727
.3719
.3712
.3704
.3696
.3688
.368
.3672
.3664
.3656
.3648
.3641
.3633
.3625
.3617
.3609
.3601
.3593
.3585
.3578
.357
.3562
.3554
.3546
.3538
.353
.3523
.3515
.3507
.3499
.3491
.3484
.3476
.3468
.346
.3452
.3445
.3437
.3429
.3421
.3414
.3406
.3398
.339
.3383
.3375
.3367
.3359
.3352
.3344
.3336
.3329
.3321
.3313
.3306
.3298
.3291
.3283
.3275
.3268
.326
.3253
.3245
.3237
.323
.3222
.3215
.3207
.32
.3192
.3185
.3177
.317
.3163
.3155
.3148
.314
.3133
.3125
.3118
.3111
.3103
.3096
.3089
.3081
.3074
.3067
.306
.3052
.3045
.3038
.3031
.3023
.3016
.3009
.3002
.2995
.2987
.298
.2973
.2966
.2959
.2952
.2945
.2938
.2931
.2924
.2917
.291
.2903
.2896
.2889
.2882
.2875
.2868
.2861
.2854
.2848
.2841
.2834
.2827
.282
.2814
.2807
.28
.2793
.2787
.278
.2773
.2766
.276
.2753
.2747
.274
.2733
.2727
.272
.2714
.2707
.2701
.2694
.2688
.2681
.2675
.2668
.2662
.2656
.2649
.2643
.2636
.263
.2624
.2618
.2611
.2605
.2599
.2593
.2586
.258
.2574
.2568
.2562
.2555
.2549
.2543
.2537
.2531
.2525
.2519
.2513
.2507
.2501
.2495
.2489
.2483
.2477
.2471
.2465
.246
.2454
.2448
.2442
.2436
.2431
.2425
.2419
.2413
.2408
.2402
.2396
.2391
.2385
.2379
.2374
.2368
.2362
.2357
.2351
.2346
.234
.2335
.2329
.2324
.2318
.2313
.2307
.2302
.2297
.2291
.2286
.2281
.2275
.227
.2265
.2259
.2254
.2249
.2244
.2238
.2233
.2228
.2223
.2218
.2213
.2207
.2202
.2197
.2192
.2187
.2182
.2177
.2172
.2167
.2162
.2157
.2152
.2147
.2142
.2137
.2133
.2128
.2123
.2118
.2113
.2108
.2104
.2099
.2094
.2089
.2085
.208
.2075
.207
.2066
.2061
.2056
.2052
.2047
.2043
.2038
.2033
.2029
.2024
.202
.2015
.2011
.2006
.2002
.1997
.1993
.1988
.1984
.198
.1975
.1971
.1966
.1962
.1958
.1953
.1949
.1945
.1941
.1936
.1932
.1928
.1924
.1919
.1915
.1911
.1907
.1903
.1899
.1894
.189
.1886
.1882
.1878
.1874
.187
.1866
.1862
.1858
.1854
.185
.1846
.1842
.1838
.1834
.183
.1826
.1822
.1818
.1815
.1811
.1807
.1803
.1799
.1795
.1792
.1788
.1784
.178
.1777
.1773
.1769
.1765
.1762
.1758
.1754
.1751
.1747
.1743
.174
.1736
.1732
.1729
.1725
.1722
.1718
.1715
.1711
.1708
.1704
.1701
.1697
.1694
.169
.1687
.1683
.168
.1676
.1673
.167
.1666
.1663
.1659
.1656
.1653
.1649
.1646
.1643
.1639
.1636
.1633
.1629
.1626
.1623
.162
.1616
.1613
.161
.1607
.1604
.16
.1597
.1594
.1591
.1588
.1585
.1582
.1578
.1575
.1572
.1569
.1566
.1563
.156
.1557
.1554
.1551
.1548
.1545
.1542
.1539
.1536
.1533
.153
.1527
.1524
.1521
.1518
.1515
.1512
.1509
.1507
.1504
.1501
.1498
.1495
.1492
.1489
.1487
.1484
.1481
.1478
.1475
.1473
.147
.1467
.1464
.1462
.1459
.1456
.1453
.1451
.1448
.1445
.1443
.144
.1437
.1435
.1432
.1429
.1427
.1424
.1421
.1419
.1416
.1414
.1411
.1408
.1406
.1403
.1401
.1398
.1396
.1393
.1391
.1388
.1386
.1383
.1381
.1378
.1376
.1373
.1371
.1368
.1366
.1363
.1361
.1358
.1356
.1354
.1351
.1349
.1346
.1344
.1342
.1339
.1337
.1334
.1332
.133
.1327
.1325
.1323
.132
.1318
.1316
.1314
.1311
.1309
.1307
.1304
.1302
.13
.1298
.1295
.1293
.1291
.1289
.1287
.1284
.1282
.128
.1278
.1276
.1273
.1271
.1269
.1267
.1265
.1263
.126
.1258
.1256
.1254
.1252
.125
.1248
.1246
.1244
.1241
.1239
.1237
.1235
.1233
.1231
.1229
.1227
.1225
.1223
.1221
.1219
.1217
.1215
.1213
.1211
.1209
.1207
.1205
.1203
.1201
.1199
.1197
.1195
.1193
.1191
.1189
.1187
.1185
.1183
.1182
.118
.1178
.1176
.1174
.1172
.117
.1168
.1166
.1165
.1163
.1161
.1159
.1157
.1155
.1153
.1152
.115
.1148
.1146
.1144
.1143
.1141
.1139
.1137
.1135
.1134
.1132
.113
.1128
.1127
.1125
.1123
.1121
.112
.1118
.1116
.1114
.1113
.1111
.1109
.1107
.1106
.1104
.1102
.1101
.1099
.1097
.1096
.1094
.1092
.1091
.1089
.1087
.1086
.1084
.1082
.1081
.1079
.1078
.1076
.1074
.1073
.1071
.1069
.1068
.1066
.1065
.1063
.1061
.106
.1058
.1057
.1055
.1054
.1052
.105
.1049
.1047
.1046
.1044
.1043
.1041
.104
.1038
.1037
.1035
.1034
.1032
.1031
.1029
.1028
.1026
.1025
.1023
.1022
.102
.1019
.1017
.1016
.1014
.1013
.1011
.101
.1008
.1007
.1006
.1004
.1003
.1001
.1
.0998
.0997
.0996
.0994
.0993
.0991
.099
.0989
.0987
.0986
.0984
.0983
.0982
.098
.0979
.0978
.0976
.0975
.0973
.0972
.0971
.0969
.0968
.0967
.0965
.0964
.0963
.0961
.096
.0959
.0957
.0956
.0955
.0953
.0952
.0951
.095
.0948
.0947
.0946
.0944
.0943
.0942
.0941
.0939
.0938
.0937
.0935
.0934
.0933
.0932
.093
.0929
.0928
.0927
.0925
.0924
.0923
.0922
.092
.0919
.0918
.0917
.0916
.0914
.0913
.0912
.0911
.091
.0908
.0907
.0906
.0905
.0904
.0902
.0901
.09
.0899
.0898
.0896
.0895
.0894
.0893
.0892
.0891
.089
.0888
.0887
.0886
.0885
.0884
.0883
.0882
.088
.0879
.0878
.0877
.0876
.0875
.0874
.0873
.0871
.087
.0869
.0868
.0867
.0866
.0865
.0864
.0863
.0861
.086
.0859
.0858
.0857
.0856
.0855
.0854
.0853
.0852
.0851
.085
.0849
.0848
.0846
.0845
.0844
.0843
.0842
.0841
.084
.0839
.0838
.0837
.0836
.0835
.0834
.0833
.0832
.0831
.083
.0829
.0828
.0827
.0826
.0825
.0824
.0823
.0822
.0821
.082
.0819
.0818
.0817
.0816
.0815
.0814
.0813
.0812
.0811
.081
.0809
.0808
.0807
.0806
.0805
.0804
.0803
.0802
.0801
.08
.0799
.0798
.0797
.0797
.0796
.0795
.0794
.0793
.0792
.0791
.079
.0789
.0788
.0787
.0786
.0785
.0784
.0783
.0783
.0782
.0781
.078
.0779
.0778
.0777
.0776
.0775
.0774
.0774
.0773
.0772
.0771
.077
.0769
.0768
.0767
.0766
.0766
.0765
.0764
.0763
.0762
.0761
.076
.0759
.0759
.0758
.0757
.0756
.0755
.0754
.0753
.0753
.0752
.0751
.075
.0749
.0748
.0747
.0747
.0746
.0745
.0744
.0743
.0742
.0742
.0741
.074
.0739
.0738
.0738
.0737
.0736
.0735
.0734
.0733
.0733
.0732
.0731
.073
.0729
.0729
.0728
.0727
.0726
.0725
.0725
.0724
.0723
.0722
.0721
.0721
.072
.0719
.0718
.0718
.0717
.0716
.0715
.0714
.0714
.0713
.0712
.0711
.0711
.071
.0709
.0708
.0707
.0707
.0706
.0705
.0704
.0704
.0703
.0702
.0701
.0701
.07
.0699
.0698
.0698
.0697
.0696
.0696
.0695
.0694
.0693
.0693
.0692
.0691
.069
.069
.0689
.0688
.0687
.0687
.0686
.0685
.0685
.0684
.0683
.0682
.0682
.0681
.068
.068
.0679
.0678
.0678
.0677
.0676
.0675
.0675
.0674
.0673
.0673
.0672
.0671
.0671
.067
.0669
.0669
.0668
.0667
.0666
.0666
.0665
.0664
.0664
.0663
.0662
.0662
.0661
.066
.066
.0659
.0658
.0658
.0657
.0656
.0656
.0655
.0654
.0654
.0653
.0652
.0652
.0651
.065
.065
.0649
.0649
.0648
.0647
.0647
.0646
.0645
.0645
.0644
.0643
.0643
.0642
.0641
.0641
.064
.064
.0639
.0638
.0638
.0637
.0636
.0636
.0635
.0635
.0634
.0633
.0633
.0632
.0631
.0631
.063
.063
.0629
.0628
.0628
.0627
.0627
.0626
.0625
.0625
.0624
.0624
.0623
.0622
.0622
.0621
.0621
.062
.0619
.0619
.0618
.0618
.0617
.0616
.0616
.0615
.0615
.0614
.0613
.0613
.0612
.0612
.0611
.0611
.061
.0609
.0609
.0608
.0608
.0607
.0606
.0606
.0605
.0605
.0604
.0604
.0603
.0603
.0602
.0601
.0601
.06
.06
.0599
.0599
.0598
.0597
.0597
.0596
.0596
.0595
.0595
.0594
.0594
.0593
.0592
.0592
.0591
.0591
.059
.059
.0589
.0589
.0588
.0588
.0587
.0587
.0586
.0585
.0585
.0584
.0584
.0583
.0583
.0582
.0582
.0581
.0581
.058
.058
.0579
.0579
.0578
.0578
.0577
.0576
.0576
.0575
.0575
.0574
.0574
.0573
.0573
.0572
.0572
.0571
.0571
.057
.057
.0569
.0569
.0568
.0568
.0567
.0567
.0566
.0566
.0565
.0565
.0564
.0564
.0563
.0563
.0562
.0562
.0561
.0561
.056
.056
.0559
.0559
.0558
.0558
.0557
.0557
.0556
.0556
.0555
.0555
.0554
.0554
.0553
.0553
.0552
.0552
.0551
.0551
.0551
.055
.055
.0549
.0549
.0548
.0548
.0547
.0547
.0546
.0546
.0545
.0545
.0544
.0544
.0543
.0543
.0543
.0542
.0542
.0541
.0541
.054
.054
.0539
.0539
.0538
.0538
.0537
.0537
.0537
.0536
.0536
.0535
.0535
.0534
.0534
.0533
.0533
.0532
.0532
.0532
.0531
.0531
.053
.053
.0529
.0529
.0528
.0528
.0528
.0527
.0527
.0526
.0526
.0525
.0525
.0524
.0524
.0524
.0523
.0523
.0522
.0522
.0521
.0521
.0521
.052
.052
.0519
.0519
.0518
.0518
.0518
.0517
.0517
.0516
.0516
.0515
.0515
.0515
.0514
.0514
.0513
.0513
.0512
.0512
.0512
.0511
.0511
.051
.051
.051
.0509
.0509
.0508
.0508
.0508
.0507
.0507
.0506
.0506
.0505
.0505
.0505
.0504
.0504
.0503
.0503
.0503
.0502
.0502
.0501
.0501
.0501
.05
.05
