.5371
.5386
.538
.5375
.537
.5366
.5362
.5359
.5356
.5353
.535
.5348
.5346
.5345
.5343
.5342
.534
.5339
.5338
.5337
.5336
.5335
.5335
.5334
.5333
.5332
.5332
.5331
.533
.533
.5329
.5328
.5328
.5327
.5327
.5326
.5325
.5325
.5324
.5323
.5323
.5322
.5321
.5321
.532
.5319
.5319
.5318
.5317
.5316
.5316
.5315
.5314
.5313
.5313
.5312
.5311
.531
.5309
.5308
.5308
.5307
.5306
.5305
.5304
.5303
.5302
.5301
.53
.5299
.5298
.5297
.5296
.5295
.5294
.5293
.5292
.5291
.529
.5289
.5288
.5287
.5286
.5284
.5283
.5282
.5281
.528
.5278
.5277
.5276
.5275
.5273
.5272
.5271
.5269
.5268
.5266
.5265
.5264
.5262
.5261
.5259
.5258
.5256
.5255
.5253
.5252
.525
.5248
.5247
.5245
.5244
.5242
.524
.5238
.5237
.5235
.5233
.5231
.5229
.5228
.5226
.5224
.5222
.522
.5218
.5216
.5214
.5212
.521
.5208
.5206
.5204
.5201
.5199
.5197
.5195
.5193
.519
.5188
.5186
.5183
.5181
.5178
.5176
.5174
.5171
.5169
.5166
.5163
.5161
.5158
.5156
.5153
.515
.5147
.5145
.5142
.5139
.5136
.5133
.513
.5127
.5124
.5121
.5118
.5115
.5112
.5109
.5106
.5103
.51
.5096
.5093
.509
.5086
.5083
.508
.5076
.5073
.5069
.5066
.5062
.5059
.5055
.5051
.5048
.5044
.504
.5037
.5033
.5029
.5025
.5021
.5017
.5013
.5009
.5005
.5001
.4997
.4993
.4989
.4985
.498
.4976
.4972
.4968
.4963
.4959
.4955
.495
.4946
.4941
.4937
.4932
.4928
.4923
.4918
.4914
.4909
.4904
.4899
.4895
.489
.4885
.488
.4875
.487
.4865
.486
.4855
.485
.4845
.484
.4835
.4829
.4824
.4819
.4814
.4808
.4803
.4798
.4792
.4787
.4781
.4776
.477
.4765
.4759
.4753
.4748
.4742
.4736
.4731
.4725
.4719
.4713
.4707
.4701
.4696
.469
.4684
.4678
.4672
.4666
.4659
.4653
.4647
.4641
.4635
.4629
.4622
.4616
.461
.4603
.4597
.4591
.4584
.4578
.4571
.4565
.4558
.4552
.4545
.4539
.4532
.4525
.4519
.4512
.4505
.4499
.4492
.4485
.4478
.4471
.4465
.4458
.4451
.4444
.4437
.443
.4423
.4416
.4409
.4402
.4395
.4387
.438
.4373
.4366
.4359
.4352
.4344
.4337
.433
.4323
.4315
.4308
.43
.4293
.4286
.4278
.4271
.4263
.4256
.4248
.4241
.4233
.4226
.4218
.4211
.4203
.4196
.4188
.418
.4173
.4165
.4157
.415
.4142
.4134
.4127
.4119
.4111
.4103
.4096
.4088
.408
.4072
.4064
.4057
.4049
.4041
.4033
.4025
.4017
.4009
.4001
.3994
.3986
.3978
.397
.3962
.3954
.3946
.3938
.393
.3922
.3914
.3906
.3898
.389
.3882
.3874
.3866
.3858
.385
.3842
.3834
.3826
.3818
.381
.3802
.3794
.3786
.3778
.377
.3762
.3754
.3746
.3738
.373
.3722
.3714
.3706
.3698
.369
.3682
.3674
.3666
.3658
.365
.3642
.3634
.3626
.3618
.361
.3603
.3595
.3587
.3579
.3571
.3563
.3555
.3547
.3539
.3531
.3523
.3515
.3507
.35
.3492
.3484
.3476
.3468
.346
.3452
.3445
.3437
.3429
.3421
.3413
.3406
.3398
.339
.3382
.3374
.3367
.3359
.3351
.3344
.3336
.3328
.3321
.3313
.3305
.3298
.329
.3282
.3275
.3267
.3259
.3252
.3244
.3237
.3229
.3222
.3214
.3207
.3199
.3192
.3184
.3177
.3169
.3162
.3154
.3147
.314
.3132
.3125
.3118
.311
.3103
.3096
.3088
.3081
.3074
.3066
.3059
.3052
.3045
.3037
.303
.3023
.3016
.3009
.3002
.2995
.2987
.298
.2973
.2966
.2959
.2952
.2945
.2938
.2931
.2924
.2917
.291
.2903
.2896
.289
.2883
.2876
.2869
.2862
.2855
.2849
.2842
.2835
.2828
.2822
.2815
.2808
.2801
.2795
.2788
.2781
.2775
.2768
.2762
.2755
.2748
.2742
.2735
.2729
.2722
.2716
.2709
.2703
.2697
.269
.2684
.2677
.2671
.2665
.2658
.2652
.2646
.2639
.2633
.2627
.2621
.2614
.2608
.2602
.2596
.259
.2583
.2577
.2571
.2565
.2559
.2553
.2547
.2541
.2535
.2529
.2523
.2517
.2511
.2505
.2499
.2493
.2487
.2482
.2476
.247
.2464
.2458
.2452
.2447
.2441
.2435
.2429
.2424
.2418
.2412
.2407
.2401
.2395
.239
.2384
.2379
.2373
.2368
.2362
.2356
.2351
.2345
.234
.2335
.2329
.2324
.2318
.2313
.2308
.2302
.2297
.2292
.2286
.2281
.2276
.227
.2265
.226
.2255
.2249
.2244
.2239
.2234
.2229
.2224
.2219
.2213
.2208
.2203
.2198
.2193
.2188
.2183
.2178
.2173
.2168
.2163
.2158
.2153
.2148
.2144
.2139
.2134
.2129
.2124
.2119
.2115
.211
.2105
.21
.2095
.2091
.2086
.2081
.2077
.2072
.2067
.2063
.2058
.2053
.2049
.2044
.204
.2035
.203
.2026
.2021
.2017
.2012
.2008
.2003
.1999
.1995
.199
.1986
.1981
.1977
.1973
.1968
.1964
.196
.1955
.1951
.1947
.1942
.1938
.1934
.193
.1925
.1921
.1917
.1913
.1909
.1904
.19
.1896
.1892
.1888
.1884
.188
.1876
.1871
.1867
.1863
.1859
.1855
.1851
.1847
.1843
.1839
.1835
.1832
.1828
.1824
.182
.1816
.1812
.1808
.1804
.18
.1797
.1793
.1789
.1785
.1781
.1778
.1774
.177
.1766
.1763
.1759
.1755
.1751
.1748
.1744
.174
.1737
.1733
.173
.1726
.1722
.1719
.1715
.1712
.1708
.1704
.1701
.1697
.1694
.169
.1687
.1683
.168
.1676
.1673
.1669
.1666
.1663
.1659
.1656
.1652
.1649
.1646
.1642
.1639
.1636
.1632
.1629
.1626
.1622
.1619
.1616
.1612
.1609
.1606
.1603
.16
.1596
.1593
.159
.1587
.1583
.158
.1577
.1574
.1571
.1568
.1565
.1561
.1558
.1555
.1552
.1549
.1546
.1543
.154
.1537
.1534
.1531
.1528
.1525
.1522
.1519
.1516
.1513
.151
.1507
.1504
.1501
.1498
.1495
.1492
.1489
.1487
.1484
.1481
.1478
.1475
.1472
.1469
.1467
.1464
.1461
.1458
.1455
.1452
.145
.1447
.1444
.1441
.1439
.1436
.1433
.143
.1428
.1425
.1422
.142
.1417
.1414
.1412
.1409
.1406
.1404
.1401
.1398
.1396
.1393
.1391
.1388
.1385
.1383
.138
.1378
.1375
.1372
.137
.1367
.1365
.1362
.136
.1357
.1355
.1352
.135
.1347
.1345
.1342
.134
.1337
.1335
.1333
.133
.1328
.1325
.1323
.1321
.1318
.1316
.1313
.1311
.1309
.1306
.1304
.1302
.1299
.1297
.1295
.1292
.129
.1288
.1285
.1283
.1281
.1278
.1276
.1274
.1272
.1269
.1267
.1265
.1263
.126
.1258
.1256
.1254
.1252
.1249
.1247
.1245
.1243
.1241
.1238
.1236
.1234
.1232
.123
.1228
.1225
.1223
.1221
.1219
.1217
.1215
.1213
.1211
.1209
.1207
.1204
.1202
.12
.1198
.1196
.1194
.1192
.119
.1188
.1186
.1184
.1182
.118
.1178
.1176
.1174
.1172
.117
.1168
.1166
.1164
.1162
.116
.1158
.1156
.1154
.1152
.1151
.1149
.1147
.1145
.1143
.1141
.1139
.1137
.1135
.1133
.1132
.113
.1128
.1126
.1124
.1122
.112
.1119
.1117
.1115
.1113
.1111
.1109
.1108
.1106
.1104
.1102
.11
.1099
.1097
.1095
.1093
.1092
.109
.1088
.1086
.1085
.1083
.1081
.1079
.1078
.1076
.1074
.1072
.1071
.1069
.1067
.1066
.1064
.1062
.1061
.1059
.1057
.1056
.1054
.1052
.1051
.1049
.1047
.1046
.1044
.1042
.1041
.1039
.1037
.1036
.1034
.1033
.1031
.1029
.1028
.1026
.1025
.1023
.1021
.102
.1018
.1017
.1015
.1013
.1012
.101
.1009
.1007
.1006
.1004
.1003
.1001
.1
.0998
.0997
.0995
.0994
.0992
.0991
.0989
.0988
.0986
.0985
.0983
.0982
.098
.0979
.0977
.0976
.0974
.0973
.0971
.097
.0968
.0967
.0965
.0964
.0963
.0961
.096
.0958
.0957
.0955
.0954
.0953
.0951
.095
.0948
.0947
.0946
.0944
.0943
.0941
.094
.0939
.0937
.0936
.0935
.0933
.0932
.0931
.0929
.0928
.0926
.0925
.0924
.0922
.0921
.092
.0918
.0917
.0916
.0915
.0913
.0912
.0911
.0909
.0908
.0907
.0905
.0904
.0903
.0901
.09
.0899
.0898
.0896
.0895
.0894
.0893
.0891
.089
.0889
.0888
.0886
.0885
.0884
.0883
.0881
.088
.0879
.0878
.0876
.0875
.0874
.0873
.0872
.087
.0869
.0868
.0867
.0865
.0864
.0863
.0862
.0861
.086
.0858
.0857
.0856
.0855
.0854
.0852
.0851
.085
.0849
.0848
.0847
.0845
.0844
.0843
.0842
.0841
.084
.0839
.0837
.0836
.0835
.0834
.0833
.0832
.0831
.083
.0828
.0827
.0826
.0825
.0824
.0823
.0822
.0821
.082
.0819
.0817
.0816
.0815
.0814
.0813
.0812
.0811
.081
.0809
.0808
.0807
.0806
.0805
.0803
.0802
.0801
.08
.0799
.0798
.0797
.0796
.0795
.0794
.0793
.0792
.0791
.079
.0789
.0788
.0787
.0786
.0785
.0784
.0783
.0782
.0781
.078
.0779
.0778
.0777
.0776
.0775
.0774
.0773
.0772
.0771
.077
.0769
.0768
.0767
.0766
.0765
.0764
.0763
.0762
.0761
.076
.0759
.0758
.0757
.0756
.0755
.0754
.0753
.0752
.0751
.075
.0749
.0749
.0748
.0747
.0746
.0745
.0744
.0743
.0742
.0741
.074
.0739
.0738
.0737
.0736
.0736
.0735
.0734
.0733
.0732
.0731
.073
.0729
.0728
.0727
.0727
.0726
.0725
.0724
.0723
.0722
.0721
.072
.0719
.0719
.0718
.0717
.0716
.0715
.0714
.0713
.0712
.0712
.0711
.071
.0709
.0708
.0707
.0706
.0706
.0705
.0704
.0703
.0702
.0701
.0701
.07
.0699
.0698
.0697
.0696
.0696
.0695
.0694
.0693
.0692
.0691
.0691
.069
.0689
.0688
.0687
.0686
.0686
.0685
.0684
.0683
.0682
.0682
.0681
.068
.0679
.0678
.0678
.0677
.0676
.0675
.0674
.0674
.0673
.0672
.0671
.0671
.067
.0669
.0668
.0667
.0667
.0666
.0665
.0664
.0664
.0663
.0662
.0661
.066
.066
.0659
.0658
.0657
.0657
.0656
.0655
.0654
.0654
.0653
.0652
.0651
.0651
.065
.0649
.0648
.0648
.0647
.0646
.0646
.0645
.0644
.0643
.0643
.0642
.0641
.064
.064
.0639
.0638
.0638
.0637
.0636
.0635
.0635
.0634
.0633
.0633
.0632
.0631
.063
.063
.0629
.0628
.0628
.0627
.0626
.0626
.0625
.0624
.0623
.0623
.0622
.0621
.0621
.062
.0619
.0619
.0618
.0617
.0617
.0616
.0615
.0615
.0614
.0613
.0613
.0612
.0611
.061
.061
.0609
.0608
.0608
.0607
.0607
.0606
.0605
.0605
.0604
.0603
.0603
.0602
.0601
.0601
.06
.0599
.0599
.0598
.0597
.0597
.0596
.0595
.0595
.0594
.0593
.0593
.0592
.0592
.0591
.059
.059
.0589
.0588
.0588
.0587
.0587
.0586
.0585
.0585
.0584
.0583
.0583
.0582
.0582
.0581
.058
.058
.0579
.0578
.0578
.0577
.0577
.0576
.0575
.0575
.0574
.0574
.0573
.0572
.0572
.0571
.0571
.057
.0569
.0569
.0568
.0568
.0567
.0566
.0566
.0565
.0565
.0564
.0563
.0563
.0562
.0562
.0561
.0561
.056
.0559
.0559
.0558
.0558
.0557
.0557
.0556
.0555
.0555
.0554
.0554
.0553
.0553
.0552
.0551
.0551
.055
.055
.0549
.0549
.0548
.0547
.0547
.0546
.0546
.0545
.0545
.0544
.0544
.0543
.0542
.0542
.0541
.0541
.054
.054
.0539
.0539
.0538
.0537
.0537
.0536
.0536
.0535
.0535
.0534
.0534
.0533
.0533
.0532
.0532
.0531
.053
.053
.0529
.0529
.0528
.0528
.0527
.0527
.0526
.0526
.0525
.0525
.0524
.0524
.0523
.0523
.0522
.0522
.0521
.052
.052
.0519
.0519
.0518
.0518
.0517
.0517
.0516
.0516
.0515
.0515
.0514
.0514
.0513
.0513
.0512
.0512
.0511
.0511
.051
.051
.0509
.0509
.0508
.0508
.0507
.0507
.0506
.0506
.0505
.0505
.0504
.0504
.0503
.0503
.0502
.0502
.0501
.0501
.05
.05
