.5763
.5752
.5724
.5697
.5671
.5647
.5623
.56
.5579
.5558
.5539
.5521
.5504
.5488
.5474
.546
.5447
.5435
.5425
.5415
.5406
.5397
.539
.5383
.5377
.5371
.5366
.5361
.5357
.5353
.535
.5347
.5344
.5342
.5339
.5337
.5335
.5334
.5332
.5331
.5329
.5328
.5327
.5326
.5325
.5324
.5323
.5322
.5321
.5321
.532
.5319
.5318
.5318
.5317
.5316
.5315
.5315
.5314
.5313
.5313
.5312
.5311
.5311
.531
.5309
.5309
.5308
.5307
.5307
.5306
.5305
.5305
.5304
.5303
.5302
.5302
.5301
.53
.53
.5299
.5298
.5297
.5297
.5296
.5295
.5294
.5294
.5293
.5292
.5291
.5291
.529
.5289
.5288
.5287
.5287
.5286
.5285
.5284
.5283
.5282
.5282
.5281
.528
.5279
.5278
.5277
.5276
.5276
.5275
.5274
.5273
.5272
.5271
.527
.5269
.5268
.5267
.5266
.5265
.5265
.5264
.5263
.5262
.5261
.526
.5259
.5258
.5257
.5256
.5255
.5254
.5253
.5252
.525
.5249
.5248
.5247
.5246
.5245
.5244
.5243
.5242
.5241
.5239
.5238
.5237
.5236
.5235
.5234
.5232
.5231
.523
.5229
.5228
.5226
.5225
.5224
.5222
.5221
.522
.5219
.5217
.5216
.5215
.5213
.5212
.521
.5209
.5208
.5206
.5205
.5203
.5202
.52
.5199
.5197
.5196
.5194
.5193
.5191
.519
.5188
.5186
.5185
.5183
.5182
.518
.5178
.5177
.5175
.5173
.5171
.517
.5168
.5166
.5164
.5162
.516
.5159
.5157
.5155
.5153
.5151
.5149
.5147
.5145
.5143
.5141
.5139
.5137
.5135
.5132
.513
.5128
.5126
.5124
.5121
.5119
.5117
.5115
.5112
.511
.5108
.5105
.5103
.51
.5098
.5095
.5093
.509
.5088
.5085
.5083
.508
.5077
.5075
.5072
.5069
.5066
.5064
.5061
.5058
.5055
.5052
.5049
.5046
.5043
.504
.5037
.5034
.5031
.5028
.5025
.5022
.5019
.5015
.5012
.5009
.5005
.5002
.4999
.4995
.4992
.4989
.4985
.4982
.4978
.4975
.4971
.4967
.4964
.496
.4956
.4953
.4949
.4945
.4941
.4937
.4934
.493
.4926
.4922
.4918
.4914
.491
.4906
.4902
.4898
.4893
.4889
.4885
.4881
.4877
.4872
.4868
.4864
.4859
.4855
.4851
.4846
.4842
.4837
.4833
.4828
.4824
.4819
.4814
.481
.4805
.4801
.4796
.4791
.4786
.4782
.4777
.4772
.4767
.4762
.4758
.4753
.4748
.4743
.4738
.4733
.4728
.4723
.4718
.4713
.4708
.4703
.4697
.4692
.4687
.4682
.4677
.4672
.4666
.4661
.4656
.4651
.4645
.464
.4635
.463
.4624
.4619
.4613
.4608
.4603
.4597
.4592
.4586
.4581
.4576
.457
.4565
.4559
.4554
.4548
.4543
.4537
.4532
.4526
.452
.4515
.4509
.4504
.4498
.4492
.4487
.4481
.4476
.447
.4464
.4459
.4453
.4447
.4442
.4436
.443
.4425
.4419
.4413
.4408
.4402
.4396
.439
.4385
.4379
.4373
.4368
.4362
.4356
.435
.4345
.4339
.4333
.4327
.4322
.4316
.431
.4304
.4299
.4293
.4287
.4281
.4276
.427
.4264
.4258
.4253
.4247
.4241
.4235
.423
.4224
.4218
.4212
.4207
.4201
.4195
.4189
.4184
.4178
.4172
.4166
.4161
.4155
.4149
.4144
.4138
.4132
.4126
.4121
.4115
.4109
.4104
.4098
.4092
.4086
.4081
.4075
.4069
.4064
.4058
.4052
.4047
.4041
.4036
.403
.4024
.4019
.4013
.4007
.4002
.3996
.3991
.3985
.3979
.3974
.3968
.3963
.3957
.3952
.3946
.394
.3935
.3929
.3924
.3918
.3913
.3907
.3902
.3896
.3891
.3885
.388
.3874
.3869
.3864
.3858
.3853
.3847
.3842
.3836
.3831
.3826
.382
.3815
.381
.3804
.3799
.3793
.3788
.3783
.3777
.3772
.3767
.3761
.3756
.3751
.3746
.374
.3735
.373
.3725
.3719
.3714
.3709
.3704
.3698
.3693
.3688
.3683
.3678
.3673
.3667
.3662
.3657
.3652
.3647
.3642
.3637
.3632
.3627
.3621
.3616
.3611
.3606
.3601
.3596
.3591
.3586
.3581
.3576
.3571
.3566
.3561
.3556
.3551
.3546
.3541
.3536
.3531
.3527
.3522
.3517
.3512
.3507
.3502
.3497
.3492
.3488
.3483
.3478
.3473
.3468
.3463
.3459
.3454
.3449
.3444
.344
.3435
.343
.3425
.3421
.3416
.3411
.3407
.3402
.3397
.3393
.3388
.3383
.3379
.3374
.3369
.3365
.336
.3355
.3351
.3346
.3342
.3337
.3333
.3328
.3323
.3319
.3314
.331
.3305
.3301
.3296
.3292
.3287
.3283
.3278
.3274
.327
.3265
.3261
.3256
.3252
.3247
.3243
.3239
.3234
.323
.3226
.3221
.3217
.3212
.3208
.3204
.32
.3195
.3191
.3187
.3182
.3178
.3174
.317
.3165
.3161
.3157
.3153
.3148
.3144
.314
.3136
.3132
.3127
.3123
.3119
.3115
.3111
.3107
.3102
.3098
.3094
.309
.3086
.3082
.3078
.3074
.307
.3065
.3061
.3057
.3053
.3049
.3045
.3041
.3037
.3033
.3029
.3025
.3021
.3017
.3013
.3009
.3005
.3001
.2997
.2993
.299
.2986
.2982
.2978
.2974
.297
.2966
.2962
.2958
.2954
.2951
.2947
.2943
.2939
.2935
.2931
.2928
.2924
.292
.2916
.2912
.2909
.2905
.2901
.2897
.2893
.289
.2886
.2882
.2878
.2875
.2871
.2867
.2864
.286
.2856
.2852
.2849
.2845
.2841
.2838
.2834
.283
.2827
.2823
.282
.2816
.2812
.2809
.2805
.2801
.2798
.2794
.2791
.2787
.2784
.278
.2776
.2773
.2769
.2766
.2762
.2759
.2755
.2752
.2748
.2745
.2741
.2738
.2734
.2731
.2727
.2724
.272
.2717
.2713
.271
.2706
.2703
.27
.2696
.2693
.2689
.2686
.2683
.2679
.2676
.2672
.2669
.2666
.2662
.2659
.2655
.2652
.2649
.2645
.2642
.2639
.2635
.2632
.2629
.2626
.2622
.2619
.2616
.2612
.2609
.2606
.2603
.2599
.2596
.2593
.259
.2586
.2583
.258
.2577
.2573
.257
.2567
.2564
.2561
.2557
.2554
.2551
.2548
.2545
.2541
.2538
.2535
.2532
.2529
.2526
.2523
.2519
.2516
.2513
.251
.2507
.2504
.2501
.2498
.2494
.2491
.2488
.2485
.2482
.2479
.2476
.2473
.247
.2467
.2464
.2461
.2458
.2455
.2452
.2449
.2446
.2443
.244
.2437
.2434
.2431
.2428
.2425
.2422
.2419
.2416
.2413
.241
.2407
.2404
.2401
.2398
.2395
.2392
.2389
.2386
.2383
.238
.2378
.2375
.2372
.2369
.2366
.2363
.236
.2357
.2354
.2352
.2349
.2346
.2343
.234
.2337
.2334
.2332
.2329
.2326
.2323
.232
.2317
.2315
.2312
.2309
.2306
.2303
.2301
.2298
.2295
.2292
.229
.2287
.2284
.2281
.2278
.2276
.2273
.227
.2267
.2265
.2262
.2259
.2257
.2254
.2251
.2248
.2246
.2243
.224
.2238
.2235
.2232
.223
.2227
.2224
.2222
.2219
.2216
.2214
.2211
.2208
.2206
.2203
.22
.2198
.2195
.2192
.219
.2187
.2185
.2182
.2179
.2177
.2174
.2172
.2169
.2166
.2164
.2161
.2159
.2156
.2154
.2151
.2148
.2146
.2143
.2141
.2138
.2136
.2133
.2131
.2128
.2126
.2123
.212
.2118
.2115
.2113
.211
.2108
.2105
.2103
.21
.2098
.2096
.2093
.2091
.2088
.2086
.2083
.2081
.2078
.2076
.2073
.2071
.2068
.2066
.2064
.2061
.2059
.2056
.2054
.2051
.2049
.2047
.2044
.2042
.2039
.2037
.2035
.2032
.203
.2028
.2025
.2023
.202
.2018
.2016
.2013
.2011
.2009
.2006
.2004
.2002
.1999
.1997
.1995
.1992
.199
.1988
.1985
.1983
.1981
.1978
.1976
.1974
.1971
.1969
.1967
.1965
.1962
.196
.1958
.1956
.1953
.1951
.1949
.1946
.1944
.1942
.194
.1937
.1935
.1933
.1931
.1929
.1926
.1924
.1922
.192
.1917
.1915
.1913
.1911
.1909
.1906
.1904
.1902
.19
.1898
.1895
.1893
.1891
.1889
.1887
.1885
.1882
.188
.1878
.1876
.1874
.1872
.187
.1867
.1865
.1863
.1861
.1859
.1857
.1855
.1852
.185
.1848
.1846
.1844
.1842
.184
.1838
.1836
.1834
.1831
.1829
.1827
.1825
.1823
.1821
.1819
.1817
.1815
.1813
.1811
.1809
.1807
.1805
.1803
.1801
.1798
.1796
.1794
.1792
.179
.1788
.1786
.1784
.1782
.178
.1778
.1776
.1774
.1772
.177
.1768
.1766
.1764
.1762
.176
.1758
.1756
.1754
.1752
.175
.1749
.1747
.1745
.1743
.1741
.1739
.1737
.1735
.1733
.1731
.1729
.1727
.1725
.1723
.1721
.1719
.1718
.1716
.1714
.1712
.171
.1708
.1706
.1704
.1702
.17
.1699
.1697
.1695
.1693
.1691
.1689
.1687
.1685
.1684
.1682
.168
.1678
.1676
.1674
.1672
.1671
.1669
.1667
.1665
.1663
.1661
.166
.1658
.1656
.1654
.1652
.165
.1649
.1647
.1645
.1643
.1641
.164
.1638
.1636
.1634
.1632
.1631
.1629
.1627
.1625
.1624
.1622
.162
.1618
.1617
.1615
.1613
.1611
.161
.1608
.1606
.1604
.1603
.1601
.1599
.1597
.1596
.1594
.1592
.159
.1589
.1587
.1585
.1584
.1582
.158
.1578
.1577
.1575
.1573
.1572
.157
.1568
.1567
.1565
.1563
.1562
.156
.1558
.1557
.1555
.1553
.1552
.155
.1548
.1547
.1545
.1543
.1542
.154
.1538
.1537
.1535
.1533
.1532
.153
.1529
.1527
.1525
.1524
.1522
.152
.1519
.1517
.1516
.1514
.1512
.1511
.1509
.1508
.1506
.1504
.1503
.1501
.15
.1498
.1497
.1495
.1493
.1492
.149
.1489
.1487
.1486
.1484
.1482
.1481
.1479
.1478
.1476
.1475
.1473
.1472
.147
.1469
.1467
.1466
.1464
.1462
.1461
.1459
.1458
.1456
.1455
.1453
.1452
.145
.1449
.1447
.1446
.1444
.1443
.1441
.144
.1438
.1437
.1435
.1434
.1432
.1431
.143
.1428
.1427
.1425
.1424
.1422
.1421
.1419
.1418
.1416
.1415
.1414
.1412
.1411
.1409
.1408
.1406
.1405
.1403
.1402
.1401
.1399
.1398
.1396
.1395
.1393
.1392
.1391
.1389
.1388
.1386
.1385
.1384
.1382
.1381
.1379
.1378
.1377
.1375
.1374
.1373
.1371
.137
.1368
.1367
.1366
.1364
.1363
.1362
.136
.1359
.1357
.1356
.1355
.1353
.1352
.1351
.1349
.1348
.1347
.1345
.1344
.1343
.1341
.134
.1339
.1337
.1336
.1335
.1333
.1332
.1331
.1329
.1328
.1327
.1325
.1324
.1323
.1322
.132
.1319
.1318
.1316
.1315
.1314
.1313
.1311
.131
.1309
.1307
.1306
.1305
.1304
.1302
.1301
.13
.1299
.1297
.1296
.1295
.1293
.1292
.1291
.129
.1288
.1287
.1286
.1285
.1283
.1282
.1281
.128
.1279
.1277
.1276
.1275
.1274
.1272
.1271
.127
.1269
.1268
.1266
.1265
.1264
.1263
.1261
.126
.1259
.1258
.1257
.1255
.1254
.1253
.1252
.1251
.1249
.1248
.1247
.1246
.1245
.1244
.1242
.1241
.124
.1239
.1238
.1237
.1235
.1234
.1233
.1232
.1231
.123
.1228
.1227
.1226
.1225
.1224
.1223
.1222
.122
.1219
.1218
.1217
.1216
.1215
.1214
.1212
.1211
.121
.1209
.1208
.1207
.1206
.1205
.1203
.1202
.1201
.12
.1199
.1198
.1197
.1196
.1195
.1193
.1192
.1191
.119
.1189
.1188
.1187
.1186
.1185
.1184
.1183
.1181
.118
.1179
.1178
.1177
.1176
.1175
.1174
.1173
.1172
.1171
.117
.1169
.1168
.1166
.1165
.1164
.1163
.1162
.1161
.116
.1159
.1158
.1157
.1156
.1155
.1154
.1153
.1152
.1151
.115
.1149
.1148
.1147
.1146
.1145
.1144
.1143
.1142
.1141
.114
.1139
.1137
.1136
.1135
.1134
.1133
.1132
.1131
.113
.1129
.1128
.1127
.1126
.1125
.1124
.1123
.1122
.1121
.112
.112
.1119
.1118
.1117
.1116
.1115
.1114
.1113
.1112
.1111
.111
.1109
.1108
.1107
.1106
.1105
.1104
.1103
.1102
.1101
.11
.1099
.1098
.1097
.1096
.1095
.1094
.1093
.1092
.1092
.1091
.109
.1089
.1088
.1087
.1086
.1085
.1084
.1083
.1082
.1081
.108
.1079
.1078
.1078
.1077
.1076
.1075
.1074
.1073
.1072
.1071
.107
.1069
.1068
.1067
.1067
.1066
.1065
.1064
.1063
.1062
.1061
.106
.1059
.1058
.1058
.1057
.1056
.1055
.1054
.1053
.1052
.1051
.105
.105
.1049
.1048
.1047
.1046
.1045
.1044
.1043
.1043
.1042
.1041
.104
.1039
.1038
.1037
.1036
.1036
.1035
.1034
.1033
.1032
.1031
.103
.103
.1029
.1028
.1027
.1026
.1025
.1025
.1024
.1023
.1022
.1021
.102
.102
.1019
.1018
.1017
.1016
.1015
.1015
.1014
.1013
.1012
.1011
.101
.101
.1009
.1008
.1007
.1006
.1005
.1005
.1004
.1003
.1002
.1001
.1001
.1
.0999
.0998
.0997
.0997
.0996
.0995
.0994
.0993
.0993
.0992
.0991
.099
.0989
.0989
.0988
.0987
.0986
.0985
.0985
.0984
.0983
.0982
.0981
.0981
.098
.0979
.0978
.0978
.0977
.0976
.0975
.0974
.0974
.0973
.0972
.0971
.0971
.097
.0969
.0968
.0968
.0967
.0966
.0965
.0965
.0964
.0963
.0962
.0962
.0961
.096
.0959
.0959
.0958
.0957
.0956
.0956
.0955
.0954
.0953
.0953
.0952
.0951
.095
.095
.0949
.0948
.0947
.0947
.0946
.0945
.0944
.0944
.0943
.0942
.0942
.0941
.094
.0939
.0939
.0938
.0937
.0936
.0936
.0935
.0934
.0934
.0933
.0932
.0931
.0931
.093
.0929
.0929
.0928
.0927
.0927
.0926
.0925
.0924
.0924
.0923
.0922
.0922
.0921
.092
.092
.0919
.0918
.0917
.0917
.0916
.0915
.0915
.0914
.0913
.0913
.0912
.0911
.0911
.091
.0909
.0909
.0908
.0907
.0906
.0906
.0905
.0904
.0904
.0903
.0902
.0902
.0901
.09
.09
.0899
.0898
.0898
.0897
.0896
.0896
.0895
.0894
.0894
.0893
.0892
.0892
.0891
.089
.089
.0889
.0888
.0888
.0887
.0887
.0886
.0885
.0885
.0884
.0883
.0883
.0882
.0881
.0881
.088
.0879
.0879
.0878
.0878
.0877
.0876
.0876
.0875
.0874
.0874
.0873
.0872
.0872
.0871
.0871
.087
.0869
.0869
.0868
.0867
.0867
.0866
.0866
.0865
.0864
.0864
.0863
.0862
.0862
.0861
.0861
.086
.0859
.0859
.0858
.0857
.0857
.0856
.0856
.0855
.0854
.0854
.0853
.0853
.0852
.0851
.0851
.085
.085
.0849
.0848
.0848
.0847
.0847
.0846
.0845
.0845
.0844
.0844
.0843
.0842
.0842
.0841
.0841
.084
.0839
.0839
.0838
.0838
.0837
.0837
.0836
.0835
.0835
.0834
.0834
.0833
.0832
.0832
.0831
.0831
.083
.083
.0829
.0828
.0828
.0827
.0827
.0826
.0826
.0825
.0824
.0824
.0823
.0823
.0822
.0822
.0821
.082
.082
.0819
.0819
.0818
.0818
.0817
.0816
.0816
.0815
.0815
.0814
.0814
.0813
.0813
.0812
.0811
.0811
.081
.081
.0809
.0809
.0808
.0808
.0807
.0807
.0806
.0805
.0805
.0804
.0804
.0803
.0803
.0802
.0802
.0801
.0801
.08
.0799
.0799
.0798
.0798
.0797
.0797
.0796
.0796
.0795
.0795
.0794
.0794
.0793
.0792
.0792
.0791
.0791
.079
.079
.0789
.0789
.0788
.0788
.0787
.0787
.0786
.0786
.0785
.0785
.0784
.0784
.0783
.0783
.0782
.0781
.0781
.078
.078
.0779
.0779
.0778
.0778
.0777
.0777
.0776
.0776
.0775
.0775
.0774
.0774
.0773
.0773
.0772
.0772
.0771
.0771
.077
.077
.0769
.0769
.0768
.0768
.0767
.0767
.0766
.0766
.0765
.0765
.0764
.0764
.0763
.0763
.0762
.0762
.0761
.0761
.076
.076
.0759
.0759
.0758
.0758
.0757
.0757
.0756
.0756
.0755
.0755
.0754
.0754
.0754
.0753
.0753
.0752
.0752
.0751
.0751
.075
.075
.0749
.0749
.0748
.0748
.0747
.0747
.0746
.0746
.0745
.0745
.0744
.0744
.0743
.0743
.0743
.0742
.0742
.0741
.0741
.074
.074
.0739
.0739
.0738
.0738
.0737
.0737
.0736
.0736
.0736
.0735
.0735
.0734
.0734
.0733
.0733
.0732
.0732
.0731
.0731
.073
.073
.073
.0729
.0729
.0728
.0728
.0727
.0727
.0726
.0726
.0725
.0725
.0725
.0724
.0724
.0723
.0723
.0722
.0722
.0721
.0721
.0721
.072
.072
.0719
.0719
.0718
.0718
.0717
.0717
.0717
.0716
.0716
.0715
.0715
.0714
.0714
.0714
.0713
.0713
.0712
.0712
.0711
.0711
.071
.071
.071
.0709
.0709
.0708
.0708
.0707
.0707
.0707
.0706
.0706
.0705
.0705
.0704
.0704
.0704
.0703
.0703
.0702
.0702
.0701
.0701
.0701
.07
.07
.0699
.0699
.0698
.0698
.0698
.0697
.0697
.0696
.0696
.0696
.0695
.0695
.0694
.0694
.0693
.0693
.0693
.0692
.0692
.0691
.0691
.0691
.069
.069
.0689
.0689
.0689
.0688
.0688
.0687
.0687
.0687
.0686
.0686
.0685
.0685
.0684
.0684
.0684
.0683
.0683
.0682
.0682
.0682
.0681
.0681
.068
.068
.068
.0679
.0679
.0678
.0678
.0678
.0677
.0677
.0676
.0676
.0676
.0675
.0675
.0674
.0674
.0674
.0673
.0673
.0673
.0672
.0672
.0671
.0671
.0671
.067
.067
.0669
.0669
.0669
.0668
.0668
.0667
.0667
.0667
.0666
.0666
.0666
.0665
.0665
.0664
.0664
.0664
.0663
.0663
.0662
.0662
.0662
.0661
.0661
.0661
.066
.066
.0659
.0659
.0659
.0658
.0658
.0658
.0657
.0657
.0656
.0656
.0656
.0655
.0655
.0655
.0654
.0654
.0653
.0653
.0653
.0652
.0652
.0652
.0651
.0651
.065
.065
.065
.0649
.0649
.0649
.0648
.0648
.0648
.0647
.0647
.0646
.0646
.0646
.0645
.0645
.0645
.0644
.0644
.0644
.0643
.0643
.0642
.0642
.0642
.0641
.0641
.0641
.064
.064
.064
.0639
.0639
.0639
.0638
.0638
.0637
.0637
.0637
.0636
.0636
.0636
.0635
.0635
.0635
.0634
.0634
.0634
.0633
.0633
.0633
.0632
.0632
.0631
.0631
.0631
.063
.063
.063
.0629
.0629
.0629
.0628
.0628
.0628
.0627
.0627
.0627
.0626
.0626
.0626
.0625
.0625
.0625
.0624
.0624
.0624
.0623
.0623
.0623
.0622
.0622
.0622
.0621
.0621
.062
.062
.062
.0619
.0619
.0619
.0618
.0618
.0618
.0617
.0617
.0617
.0616
.0616
.0616
.0615
.0615
.0615
.0614
.0614
.0614
.0613
.0613
.0613
.0612
.0612
.0612
.0611
.0611
.0611
.0611
.061
.061
.061
.0609
.0609
.0609
.0608
.0608
.0608
.0607
.0607
.0607
.0606
.0606
.0606
.0605
.0605
.0605
.0604
.0604
.0604
.0603
.0603
.0603
.0602
.0602
.0602
.0601
.0601
.0601
.0601
.06
.06
.06
.0599
.0599
.0599
.0598
.0598
.0598
.0597
.0597
.0597
.0596
.0596
.0596
.0595
.0595
.0595
.0595
.0594
.0594
.0594
.0593
.0593
.0593
.0592
.0592
.0592
.0591
.0591
.0591
.059
.059
.059
.059
.0589
.0589
.0589
.0588
.0588
.0588
.0587
.0587
.0587
.0587
.0586
.0586
.0586
.0585
.0585
.0585
.0584
.0584
.0584
.0583
.0583
.0583
.0583
.0582
.0582
.0582
.0581
.0581
.0581
.058
.058
.058
.058
.0579
.0579
.0579
.0578
.0578
.0578
.0578
.0577
.0577
.0577
.0576
.0576
.0576
.0575
.0575
.0575
.0575
.0574
.0574
.0574
.0573
.0573
.0573
.0573
.0572
.0572
.0572
.0571
.0571
.0571
.057
.057
.057
.057
.0569
.0569
.0569
.0568
.0568
.0568
.0568
.0567
.0567
.0567
.0566
.0566
.0566
.0566
.0565
.0565
.0565
.0564
.0564
.0564
.0564
.0563
.0563
.0563
.0563
.0562
.0562
.0562
.0561
.0561
.0561
.0561
.056
.056
.056
.0559
.0559
.0559
.0559
.0558
.0558
.0558
.0557
.0557
.0557
.0557
.0556
.0556
.0556
.0556
.0555
.0555
.0555
.0554
.0554
.0554
.0554
.0553
.0553
.0553
.0553
.0552
.0552
.0552
.0551
.0551
.0551
.0551
.055
.055
.055
.055
.0549
.0549
.0549
.0548
.0548
.0548
.0548
.0547
.0547
.0547
.0547
.0546
.0546
.0546
.0546
.0545
.0545
.0545
.0544
.0544
.0544
.0544
.0543
.0543
.0543
.0543
.0542
.0542
.0542
.0542
.0541
.0541
.0541
.0541
.054
.054
.054
.0539
.0539
.0539
.0539
.0538
.0538
.0538
.0538
.0537
.0537
.0537
.0537
.0536
.0536
.0536
.0536
.0535
.0535
.0535
.0535
.0534
.0534
.0534
.0534
.0533
.0533
.0533
.0533
.0532
.0532
.0532
.0532
.0531
.0531
.0531
.053
.053
.053
.053
.0529
.0529
.0529
.0529
.0528
.0528
.0528
.0528
.0527
.0527
.0527
.0527
.0526
.0526
.0526
.0526
.0525
.0525
.0525
.0525
.0524
.0524
.0524
.0524
.0524
.0523
.0523
.0523
.0523
.0522
.0522
.0522
.0522
.0521
.0521
.0521
.0521
.052
.052
.052
.052
.0519
.0519
.0519
.0519
.0518
.0518
.0518
.0518
.0517
.0517
.0517
.0517
.0516
.0516
.0516
.0516
.0515
.0515
.0515
.0515
.0515
.0514
.0514
.0514
.0514
.0513
.0513
.0513
.0513
.0512
.0512
.0512
.0512
.0511
.0511
.0511
.0511
.0511
.051
.051
.051
.051
.0509
.0509
.0509
.0509
.0508
.0508
.0508
.0508
.0507
.0507
.0507
.0507
.0507
.0506
.0506
.0506
.0506
.0505
.0505
.0505
.0505
.0504
.0504
.0504
.0504
.0504
.0503
.0503
.0503
.0503
.0502
.0502
.0502
.0502
.0501
.0501
.0501
.0501
.0501
.05
.05
.05
