.6293
.624
.6169
.6098
.6029
.5962
.5896
.5834
.5774
.5718
.5665
.5616
.557
.5528
.549
.5456
.5425
.5398
.5374
.5353
.5334
.5318
.5304
.5293
.5283
.5274
.5267
.5261
.5256
.5251
.5248
.5245
.5242
.524
.5239
.5237
.5236
.5235
.5234
.5234
.5233
.5233
.5232
.5232
.5232
.5232
.5231
.5231
.5231
.5231
.5231
.5231
.523
.523
.523
.523
.523
.523
.523
.5229
.5229
.5229
.5229
.5229
.5229
.5228
.5228
.5228
.5228
.5228
.5227
.5227
.5227
.5227
.5227
.5226
.5226
.5226
.5226
.5225
.5225
.5225
.5225
.5225
.5224
.5224
.5224
.5223
.5223
.5223
.5223
.5222
.5222
.5222
.5222
.5221
.5221
.5221
.522
.522
.522
.5219
.5219
.5219
.5218
.5218
.5218
.5217
.5217
.5217
.5216
.5216
.5216
.5215
.5215
.5215
.5214
.5214
.5214
.5213
.5213
.5212
.5212
.5212
.5211
.5211
.521
.521
.5209
.5209
.5208
.5208
.5208
.5207
.5207
.5206
.5206
.5205
.5205
.5204
.5204
.5203
.5203
.5202
.5202
.5201
.5201
.52
.5199
.5199
.5198
.5198
.5197
.5196
.5196
.5195
.5195
.5194
.5193
.5193
.5192
.5191
.5191
.519
.5189
.5189
.5188
.5187
.5187
.5186
.5185
.5184
.5184
.5183
.5182
.5181
.518
.518
.5179
.5178
.5177
.5176
.5175
.5174
.5174
.5173
.5172
.5171
.517
.5169
.5168
.5167
.5166
.5165
.5164
.5163
.5162
.5161
.516
.5159
.5158
.5157
.5155
.5154
.5153
.5152
.5151
.515
.5148
.5147
.5146
.5145
.5143
.5142
.5141
.514
.5138
.5137
.5135
.5134
.5133
.5131
.513
.5128
.5127
.5125
.5124
.5122
.5121
.5119
.5118
.5116
.5114
.5113
.5111
.5109
.5108
.5106
.5104
.5102
.5101
.5099
.5097
.5095
.5093
.5091
.5089
.5087
.5085
.5083
.5081
.5079
.5077
.5075
.5073
.5071
.5069
.5067
.5064
.5062
.506
.5058
.5055
.5053
.5051
.5048
.5046
.5043
.5041
.5038
.5036
.5033
.5031
.5028
.5025
.5023
.502
.5017
.5015
.5012
.5009
.5006
.5003
.5
.4997
.4994
.4991
.4988
.4985
.4982
.4979
.4976
.4973
.497
.4967
.4963
.496
.4957
.4953
.495
.4946
.4943
.494
.4936
.4933
.4929
.4925
.4922
.4918
.4914
.4911
.4907
.4903
.4899
.4895
.4891
.4888
.4884
.488
.4876
.4872
.4867
.4863
.4859
.4855
.4851
.4847
.4842
.4838
.4834
.4829
.4825
.4821
.4816
.4812
.4807
.4803
.4798
.4793
.4789
.4784
.4779
.4775
.477
.4765
.476
.4755
.4751
.4746
.4741
.4736
.4731
.4726
.4721
.4716
.4711
.4706
.47
.4695
.469
.4685
.4679
.4674
.4669
.4664
.4658
.4653
.4647
.4642
.4636
.4631
.4625
.462
.4614
.4609
.4603
.4598
.4592
.4586
.4581
.4575
.4569
.4563
.4558
.4552
.4546
.454
.4534
.4528
.4522
.4516
.451
.4505
.4499
.4493
.4487
.448
.4474
.4468
.4462
.4456
.445
.4444
.4438
.4432
.4425
.4419
.4413
.4407
.44
.4394
.4388
.4382
.4375
.4369
.4363
.4356
.435
.4344
.4337
.4331
.4324
.4318
.4312
.4305
.4299
.4292
.4286
.4279
.4273
.4266
.426
.4253
.4247
.424
.4234
.4227
.4221
.4214
.4208
.4201
.4194
.4188
.4181
.4175
.4168
.4161
.4155
.4148
.4142
.4135
.4128
.4122
.4115
.4108
.4102
.4095
.4088
.4082
.4075
.4068
.4062
.4055
.4048
.4042
.4035
.4028
.4022
.4015
.4008
.4001
.3995
.3988
.3981
.3975
.3968
.3961
.3955
.3948
.3941
.3935
.3928
.3921
.3914
.3908
.3901
.3894
.3888
.3881
.3874
.3868
.3861
.3854
.3848
.3841
.3834
.3827
.3821
.3814
.3807
.3801
.3794
.3787
.3781
.3774
.3768
.3761
.3754
.3748
.3741
.3734
.3728
.3721
.3714
.3708
.3701
.3695
.3688
.3681
.3675
.3668
.3662
.3655
.3648
.3642
.3635
.3629
.3622
.3615
.3609
.3602
.3596
.3589
.3583
.3576
.357
.3563
.3557
.355
.3544
.3537
.3531
.3524
.3518
.3511
.3505
.3498
.3492
.3485
.3479
.3472
.3466
.346
.3453
.3447
.344
.3434
.3428
.3421
.3415
.3408
.3402
.3396
.3389
.3383
.3377
.337
.3364
.3358
.3351
.3345
.3339
.3333
.3326
.332
.3314
.3307
.3301
.3295
.3289
.3283
.3276
.327
.3264
.3258
.3252
.3245
.3239
.3233
.3227
.3221
.3215
.3209
.3202
.3196
.319
.3184
.3178
.3172
.3166
.316
.3154
.3148
.3142
.3136
.313
.3124
.3118
.3112
.3106
.31
.3094
.3088
.3082
.3076
.307
.3064
.3058
.3052
.3046
.3041
.3035
.3029
.3023
.3017
.3011
.3006
.3
.2994
.2988
.2982
.2977
.2971
.2965
.2959
.2954
.2948
.2942
.2936
.2931
.2925
.2919
.2914
.2908
.2902
.2897
.2891
.2886
.288
.2874
.2869
.2863
.2858
.2852
.2847
.2841
.2836
.283
.2825
.2819
.2814
.2808
.2803
.2797
.2792
.2786
.2781
.2775
.277
.2765
.2759
.2754
.2749
.2743
.2738
.2732
.2727
.2722
.2717
.2711
.2706
.2701
.2695
.269
.2685
.268
.2675
.2669
.2664
.2659
.2654
.2649
.2643
.2638
.2633
.2628
.2623
.2618
.2613
.2608
.2602
.2597
.2592
.2587
.2582
.2577
.2572
.2567
.2562
.2557
.2552
.2547
.2542
.2537
.2532
.2528
.2523
.2518
.2513
.2508
.2503
.2498
.2493
.2488
.2484
.2479
.2474
.2469
.2464
.246
.2455
.245
.2445
.2441
.2436
.2431
.2426
.2422
.2417
.2412
.2408
.2403
.2398
.2394
.2389
.2384
.238
.2375
.237
.2366
.2361
.2357
.2352
.2348
.2343
.2339
.2334
.233
.2325
.2321
.2316
.2312
.2307
.2303
.2298
.2294
.2289
.2285
.2281
.2276
.2272
.2267
.2263
.2259
.2254
.225
.2246
.2241
.2237
.2233
.2229
.2224
.222
.2216
.2212
.2207
.2203
.2199
.2195
.219
.2186
.2182
.2178
.2174
.217
.2165
.2161
.2157
.2153
.2149
.2145
.2141
.2137
.2133
.2129
.2125
.2121
.2117
.2113
.2109
.2105
.2101
.2097
.2093
.2089
.2085
.2081
.2077
.2073
.2069
.2065
.2061
.2057
.2054
.205
.2046
.2042
.2038
.2034
.2031
.2027
.2023
.2019
.2016
.2012
.2008
.2004
.2001
.1997
.1993
.1989
.1986
.1982
.1978
.1975
.1971
.1967
.1964
.196
.1957
.1953
.1949
.1946
.1942
.1939
.1935
.1931
.1928
.1924
.1921
.1917
.1914
.191
.1907
.1903
.19
.1896
.1893
.189
.1886
.1883
.1879
.1876
.1872
.1869
.1866
.1862
.1859
.1856
.1852
.1849
.1846
.1842
.1839
.1836
.1832
.1829
.1826
.1823
.1819
.1816
.1813
.181
.1806
.1803
.18
.1797
.1794
.179
.1787
.1784
.1781
.1778
.1775
.1771
.1768
.1765
.1762
.1759
.1756
.1753
.175
.1747
.1744
.1741
.1738
.1735
.1732
.1729
.1726
.1723
.172
.1717
.1714
.1711
.1708
.1705
.1702
.1699
.1696
.1693
.169
.1687
.1684
.1681
.1678
.1676
.1673
.167
.1667
.1664
.1661
.1659
.1656
.1653
.165
.1647
.1644
.1642
.1639
.1636
.1633
.1631
.1628
.1625
.1622
.162
.1617
.1614
.1612
.1609
.1606
.1603
.1601
.1598
.1595
.1593
.159
.1587
.1585
.1582
.158
.1577
.1574
.1572
.1569
.1567
.1564
.1561
.1559
.1556
.1554
.1551
.1549
.1546
.1544
.1541
.1538
.1536
.1533
.1531
.1528
.1526
.1524
.1521
.1519
.1516
.1514
.1511
.1509
.1506
.1504
.1501
.1499
.1497
.1494
.1492
.1489
.1487
.1485
.1482
.148
.1478
.1475
.1473
.147
.1468
.1466
.1463
.1461
.1459
.1457
.1454
.1452
.145
.1447
.1445
.1443
.144
.1438
.1436
.1434
.1431
.1429
.1427
.1425
.1422
.142
.1418
.1416
.1414
.1411
.1409
.1407
.1405
.1403
.14
.1398
.1396
.1394
.1392
.139
.1388
.1385
.1383
.1381
.1379
.1377
.1375
.1373
.1371
.1368
.1366
.1364
.1362
.136
.1358
.1356
.1354
.1352
.135
.1348
.1346
.1344
.1342
.134
.1338
.1336
.1333
.1331
.1329
.1327
.1325
.1323
.1321
.1319
.1318
.1316
.1314
.1312
.131
.1308
.1306
.1304
.1302
.13
.1298
.1296
.1294
.1292
.129
.1288
.1286
.1285
.1283
.1281
.1279
.1277
.1275
.1273
.1271
.1269
.1268
.1266
.1264
.1262
.126
.1258
.1256
.1255
.1253
.1251
.1249
.1247
.1245
.1244
.1242
.124
.1238
.1236
.1235
.1233
.1231
.1229
.1228
.1226
.1224
.1222
.122
.1219
.1217
.1215
.1213
.1212
.121
.1208
.1206
.1205
.1203
.1201
.12
.1198
.1196
.1194
.1193
.1191
.1189
.1188
.1186
.1184
.1183
.1181
.1179
.1178
.1176
.1174
.1173
.1171
.1169
.1168
.1166
.1164
.1163
.1161
.1159
.1158
.1156
.1155
.1153
.1151
.115
.1148
.1147
.1145
.1143
.1142
.114
.1139
.1137
.1135
.1134
.1132
.1131
.1129
.1128
.1126
.1124
.1123
.1121
.112
.1118
.1117
.1115
.1114
.1112
.1111
.1109
.1107
.1106
.1104
.1103
.1101
.11
.1098
.1097
.1095
.1094
.1092
.1091
.1089
.1088
.1086
.1085
.1084
.1082
.1081
.1079
.1078
.1076
.1075
.1073
.1072
.107
.1069
.1067
.1066
.1065
.1063
.1062
.106
.1059
.1057
.1056
.1055
.1053
.1052
.105
.1049
.1048
.1046
.1045
.1043
.1042
.1041
.1039
.1038
.1036
.1035
.1034
.1032
.1031
.103
.1028
.1027
.1025
.1024
.1023
.1021
.102
.1019
.1017
.1016
.1015
.1013
.1012
.1011
.1009
.1008
.1007
.1005
.1004
.1003
.1001
.1
.0999
.0997
.0996
.0995
.0994
.0992
.0991
.099
.0988
.0987
.0986
.0985
.0983
.0982
.0981
.0979
.0978
.0977
.0976
.0974
.0973
.0972
.0971
.0969
.0968
.0967
.0966
.0964
.0963
.0962
.0961
.0959
.0958
.0957
.0956
.0954
.0953
.0952
.0951
.095
.0948
.0947
.0946
.0945
.0943
.0942
.0941
.094
.0939
.0937
.0936
.0935
.0934
.0933
.0932
.093
.0929
.0928
.0927
.0926
.0924
.0923
.0922
.0921
.092
.0919
.0917
.0916
.0915
.0914
.0913
.0912
.0911
.0909
.0908
.0907
.0906
.0905
.0904
.0903
.0901
.09
.0899
.0898
.0897
.0896
.0895
.0894
.0892
.0891
.089
.0889
.0888
.0887
.0886
.0885
.0884
.0882
.0881
.088
.0879
.0878
.0877
.0876
.0875
.0874
.0873
.0872
.087
.0869
.0868
.0867
.0866
.0865
.0864
.0863
.0862
.0861
.086
.0859
.0858
.0857
.0855
.0854
.0853
.0852
.0851
.085
.0849
.0848
.0847
.0846
.0845
.0844
.0843
.0842
.0841
.084
.0839
.0838
.0837
.0836
.0835
.0834
.0833
.0832
.0831
.083
.0829
.0828
.0827
.0826
.0825
.0824
.0823
.0822
.0821
.082
.0819
.0818
.0817
.0816
.0815
.0814
.0813
.0812
.0811
.081
.0809
.0808
.0807
.0806
.0805
.0804
.0803
.0802
.0801
.08
.0799
.0798
.0797
.0796
.0795
.0794
.0793
.0792
.0791
.079
.0789
.0789
.0788
.0787
.0786
.0785
.0784
.0783
.0782
.0781
.078
.0779
.0778
.0777
.0776
.0775
.0774
.0774
.0773
.0772
.0771
.077
.0769
.0768
.0767
.0766
.0765
.0764
.0763
.0763
.0762
.0761
.076
.0759
.0758
.0757
.0756
.0755
.0754
.0754
.0753
.0752
.0751
.075
.0749
.0748
.0747
.0746
.0746
.0745
.0744
.0743
.0742
.0741
.074
.0739
.0738
.0738
.0737
.0736
.0735
.0734
.0733
.0732
.0732
.0731
.073
.0729
.0728
.0727
.0726
.0726
.0725
.0724
.0723
.0722
.0721
.072
.072
.0719
.0718
.0717
.0716
.0715
.0715
.0714
.0713
.0712
.0711
.071
.071
.0709
.0708
.0707
.0706
.0705
.0705
.0704
.0703
.0702
.0701
.07
.07
.0699
.0698
.0697
.0696
.0696
.0695
.0694
.0693
.0692
.0692
.0691
.069
.0689
.0688
.0688
.0687
.0686
.0685
.0684
.0684
.0683
.0682
.0681
.068
.068
.0679
.0678
.0677
.0676
.0676
.0675
.0674
.0673
.0672
.0672
.0671
.067
.0669
.0669
.0668
.0667
.0666
.0666
.0665
.0664
.0663
.0662
.0662
.0661
.066
.0659
.0659
.0658
.0657
.0656
.0656
.0655
.0654
.0653
.0653
.0652
.0651
.065
.065
.0649
.0648
.0647
.0647
.0646
.0645
.0644
.0644
.0643
.0642
.0641
.0641
.064
.0639
.0638
.0638
.0637
.0636
.0636
.0635
.0634
.0633
.0633
.0632
.0631
.063
.063
.0629
.0628
.0628
.0627
.0626
.0625
.0625
.0624
.0623
.0623
.0622
.0621
.062
.062
.0619
.0618
.0618
.0617
.0616
.0615
.0615
.0614
.0613
.0613
.0612
.0611
.0611
.061
.0609
.0608
.0608
.0607
.0606
.0606
.0605
.0604
.0604
.0603
.0602
.0602
.0601
.06
.0599
.0599
.0598
.0597
.0597
.0596
.0595
.0595
.0594
.0593
.0593
.0592
.0591
.0591
.059
.0589
.0589
.0588
.0587
.0587
.0586
.0585
.0585
.0584
.0583
.0583
.0582
.0581
.0581
.058
.0579
.0579
.0578
.0577
.0577
.0576
.0575
.0575
.0574
.0573
.0573
.0572
.0572
.0571
.057
.057
.0569
.0568
.0568
.0567
.0566
.0566
.0565
.0564
.0564
.0563
.0563
.0562
.0561
.0561
.056
.0559
.0559
.0558
.0557
.0557
.0556
.0556
.0555
.0554
.0554
.0553
.0552
.0552
.0551
.0551
.055
.0549
.0549
.0548
.0548
.0547
.0546
.0546
.0545
.0544
.0544
.0543
.0543
.0542
.0541
.0541
.054
.054
.0539
.0538
.0538
.0537
.0537
.0536
.0535
.0535
.0534
.0534
.0533
.0532
.0532
.0531
.0531
.053
.0529
.0529
.0528
.0528
.0527
.0526
.0526
.0525
.0525
.0524
.0523
.0523
.0522
.0522
.0521
.0521
.052
.0519
.0519
.0518
.0518
.0517
.0516
.0516
.0515
.0515
.0514
.0514
.0513
.0512
.0512
.0511
.0511
.051
.051
.0509
.0508
.0508
.0507
.0507
.0506
.0506
.0505
.0504
.0504
.0503
.0503
.0502
.0502
.0501
.0501
.05
