.6341
.6312
.627
.6228
.6186
.6143
.6101
.6058
.6016
.5974
.5932
.5891
.5851
.5811
.5772
.5734
.5697
.5661
.5627
.5594
.5563
.5533
.5505
.5479
.5454
.5432
.5411
.5391
.5373
.5357
.5342
.5329
.5317
.5306
.5296
.5287
.5279
.5271
.5265
.5259
.5254
.5249
.5245
.5241
.5238
.5234
.5232
.5229
.5227
.5224
.5222
.522
.5218
.5217
.5215
.5213
.5212
.521
.5209
.5208
.5206
.5205
.5203
.5202
.5201
.52
.5198
.5197
.5196
.5195
.5193
.5192
.5191
.519
.5188
.5187
.5186
.5185
.5183
.5182
.5181
.5179
.5178
.5177
.5176
.5174
.5173
.5172
.517
.5169
.5168
.5166
.5165
.5164
.5162
.5161
.516
.5158
.5157
.5156
.5154
.5153
.5151
.515
.5149
.5147
.5146
.5144
.5143
.5141
.514
.5138
.5137
.5135
.5134
.5132
.5131
.5129
.5128
.5126
.5125
.5123
.5121
.512
.5118
.5117
.5115
.5113
.5112
.511
.5108
.5107
.5105
.5103
.5101
.51
.5098
.5096
.5094
.5092
.5091
.5089
.5087
.5085
.5083
.5081
.5079
.5077
.5075
.5073
.5071
.5069
.5067
.5065
.5063
.5061
.5059
.5057
.5055
.5053
.5051
.5048
.5046
.5044
.5042
.5039
.5037
.5035
.5032
.503
.5028
.5025
.5023
.502
.5018
.5015
.5013
.501
.5008
.5005
.5003
.5
.4997
.4995
.4992
.4989
.4986
.4984
.4981
.4978
.4975
.4972
.4969
.4966
.4963
.496
.4957
.4954
.4951
.4948
.4945
.4942
.4939
.4935
.4932
.4929
.4925
.4922
.4919
.4915
.4912
.4908
.4905
.4901
.4898
.4894
.4891
.4887
.4883
.488
.4876
.4872
.4869
.4865
.4861
.4857
.4853
.4849
.4845
.4841
.4837
.4833
.4829
.4825
.4821
.4817
.4813
.4808
.4804
.48
.4796
.4791
.4787
.4783
.4778
.4774
.4769
.4765
.476
.4756
.4751
.4747
.4742
.4737
.4733
.4728
.4723
.4718
.4714
.4709
.4704
.4699
.4694
.4689
.4684
.468
.4675
.467
.4665
.4659
.4654
.4649
.4644
.4639
.4634
.4629
.4624
.4618
.4613
.4608
.4603
.4597
.4592
.4587
.4581
.4576
.4571
.4565
.456
.4554
.4549
.4543
.4538
.4532
.4527
.4521
.4516
.451
.4505
.4499
.4493
.4488
.4482
.4476
.4471
.4465
.4459
.4453
.4448
.4442
.4436
.443
.4425
.4419
.4413
.4407
.4401
.4395
.439
.4384
.4378
.4372
.4366
.436
.4354
.4348
.4342
.4336
.433
.4324
.4318
.4312
.4306
.43
.4294
.4288
.4282
.4276
.427
.4264
.4258
.4252
.4246
.424
.4233
.4227
.4221
.4215
.4209
.4203
.4197
.419
.4184
.4178
.4172
.4166
.4159
.4153
.4147
.4141
.4134
.4128
.4122
.4116
.4109
.4103
.4097
.4091
.4084
.4078
.4072
.4065
.4059
.4053
.4046
.404
.4034
.4027
.4021
.4015
.4008
.4002
.3996
.3989
.3983
.3977
.397
.3964
.3957
.3951
.3945
.3938
.3932
.3925
.3919
.3912
.3906
.3899
.3893
.3887
.388
.3874
.3867
.3861
.3854
.3848
.3841
.3835
.3828
.3822
.3815
.3809
.3802
.3796
.3789
.3783
.3776
.377
.3763
.3757
.375
.3744
.3737
.373
.3724
.3717
.3711
.3704
.3698
.3691
.3685
.3678
.3671
.3665
.3658
.3652
.3645
.3639
.3632
.3625
.3619
.3612
.3606
.3599
.3592
.3586
.3579
.3573
.3566
.356
.3553
.3546
.354
.3533
.3527
.352
.3514
.3507
.35
.3494
.3487
.3481
.3474
.3468
.3461
.3455
.3448
.3442
.3435
.3429
.3422
.3416
.3409
.3403
.3396
.339
.3383
.3377
.337
.3364
.3357
.3351
.3344
.3338
.3332
.3325
.3319
.3312
.3306
.33
.3293
.3287
.3281
.3274
.3268
.3262
.3255
.3249
.3243
.3237
.323
.3224
.3218
.3212
.3205
.3199
.3193
.3187
.3181
.3175
.3168
.3162
.3156
.315
.3144
.3138
.3132
.3126
.312
.3114
.3108
.3102
.3096
.309
.3084
.3078
.3072
.3067
.3061
.3055
.3049
.3043
.3037
.3032
.3026
.302
.3014
.3009
.3003
.2997
.2992
.2986
.298
.2975
.2969
.2964
.2958
.2952
.2947
.2941
.2936
.293
.2925
.292
.2914
.2909
.2903
.2898
.2893
.2887
.2882
.2877
.2871
.2866
.2861
.2855
.285
.2845
.284
.2835
.2829
.2824
.2819
.2814
.2809
.2804
.2799
.2794
.2789
.2783
.2778
.2773
.2768
.2763
.2759
.2754
.2749
.2744
.2739
.2734
.2729
.2724
.2719
.2715
.271
.2705
.27
.2696
.2691
.2686
.2681
.2677
.2672
.2667
.2663
.2658
.2653
.2649
.2644
.264
.2635
.263
.2626
.2621
.2617
.2612
.2608
.2603
.2599
.2594
.259
.2586
.2581
.2577
.2572
.2568
.2564
.2559
.2555
.2551
.2546
.2542
.2538
.2534
.2529
.2525
.2521
.2517
.2512
.2508
.2504
.25
.2496
.2492
.2488
.2483
.2479
.2475
.2471
.2467
.2463
.2459
.2455
.2451
.2447
.2443
.2439
.2435
.2431
.2427
.2423
.2419
.2415
.2411
.2407
.2404
.24
.2396
.2392
.2388
.2384
.238
.2377
.2373
.2369
.2365
.2362
.2358
.2354
.235
.2347
.2343
.2339
.2335
.2332
.2328
.2324
.2321
.2317
.2314
.231
.2306
.2303
.2299
.2296
.2292
.2288
.2285
.2281
.2278
.2274
.2271
.2267
.2264
.226
.2257
.2253
.225
.2246
.2243
.224
.2236
.2233
.2229
.2226
.2223
.2219
.2216
.2212
.2209
.2206
.2202
.2199
.2196
.2192
.2189
.2186
.2183
.2179
.2176
.2173
.217
.2166
.2163
.216
.2157
.2153
.215
.2147
.2144
.2141
.2138
.2134
.2131
.2128
.2125
.2122
.2119
.2116
.2113
.2109
.2106
.2103
.21
.2097
.2094
.2091
.2088
.2085
.2082
.2079
.2076
.2073
.207
.2067
.2064
.2061
.2058
.2055
.2052
.2049
.2046
.2043
.2041
.2038
.2035
.2032
.2029
.2026
.2023
.202
.2017
.2015
.2012
.2009
.2006
.2003
.2
.1998
.1995
.1992
.1989
.1986
.1984
.1981
.1978
.1975
.1973
.197
.1967
.1964
.1962
.1959
.1956
.1954
.1951
.1948
.1946
.1943
.194
.1937
.1935
.1932
.193
.1927
.1924
.1922
.1919
.1916
.1914
.1911
.1909
.1906
.1903
.1901
.1898
.1896
.1893
.1891
.1888
.1885
.1883
.188
.1878
.1875
.1873
.187
.1868
.1865
.1863
.186
.1858
.1855
.1853
.1851
.1848
.1846
.1843
.1841
.1838
.1836
.1833
.1831
.1829
.1826
.1824
.1821
.1819
.1817
.1814
.1812
.181
.1807
.1805
.1802
.18
.1798
.1795
.1793
.1791
.1788
.1786
.1784
.1782
.1779
.1777
.1775
.1772
.177
.1768
.1766
.1763
.1761
.1759
.1756
.1754
.1752
.175
.1748
.1745
.1743
.1741
.1739
.1736
.1734
.1732
.173
.1728
.1726
.1723
.1721
.1719
.1717
.1715
.1713
.171
.1708
.1706
.1704
.1702
.17
.1698
.1695
.1693
.1691
.1689
.1687
.1685
.1683
.1681
.1679
.1677
.1675
.1672
.167
.1668
.1666
.1664
.1662
.166
.1658
.1656
.1654
.1652
.165
.1648
.1646
.1644
.1642
.164
.1638
.1636
.1634
.1632
.163
.1628
.1626
.1624
.1622
.162
.1618
.1616
.1614
.1612
.161
.1609
.1607
.1605
.1603
.1601
.1599
.1597
.1595
.1593
.1591
.1589
.1588
.1586
.1584
.1582
.158
.1578
.1576
.1574
.1573
.1571
.1569
.1567
.1565
.1563
.1561
.156
.1558
.1556
.1554
.1552
.1551
.1549
.1547
.1545
.1543
.1541
.154
.1538
.1536
.1534
.1533
.1531
.1529
.1527
.1525
.1524
.1522
.152
.1518
.1517
.1515
.1513
.1511
.151
.1508
.1506
.1505
.1503
.1501
.1499
.1498
.1496
.1494
.1493
.1491
.1489
.1487
.1486
.1484
.1482
.1481
.1479
.1477
.1476
.1474
.1472
.1471
.1469
.1467
.1466
.1464
.1462
.1461
.1459
.1458
.1456
.1454
.1453
.1451
.1449
.1448
.1446
.1445
.1443
.1441
.144
.1438
.1437
.1435
.1433
.1432
.143
.1429
.1427
.1426
.1424
.1422
.1421
.1419
.1418
.1416
.1415
.1413
.1411
.141
.1408
.1407
.1405
.1404
.1402
.1401
.1399
.1398
.1396
.1395
.1393
.1392
.139
.1389
.1387
.1386
.1384
.1383
.1381
.138
.1378
.1377
.1375
.1374
.1372
.1371
.1369
.1368
.1366
.1365
.1363
.1362
.1361
.1359
.1358
.1356
.1355
.1353
.1352
.135
.1349
.1348
.1346
.1345
.1343
.1342
.1341
.1339
.1338
.1336
.1335
.1333
.1332
.1331
.1329
.1328
.1326
.1325
.1324
.1322
.1321
.132
.1318
.1317
.1315
.1314
.1313
.1311
.131
.1309
.1307
.1306
.1305
.1303
.1302
.1301
.1299
.1298
.1296
.1295
.1294
.1292
.1291
.129
.1289
.1287
.1286
.1285
.1283
.1282
.1281
.1279
.1278
.1277
.1275
.1274
.1273
.1272
.127
.1269
.1268
.1266
.1265
.1264
.1263
.1261
.126
.1259
.1257
.1256
.1255
.1254
.1252
.1251
.125
.1249
.1247
.1246
.1245
.1244
.1242
.1241
.124
.1239
.1237
.1236
.1235
.1234
.1232
.1231
.123
.1229
.1228
.1226
.1225
.1224
.1223
.1222
.122
.1219
.1218
.1217
.1216
.1214
.1213
.1212
.1211
.121
.1208
.1207
.1206
.1205
.1204
.1202
.1201
.12
.1199
.1198
.1197
.1195
.1194
.1193
.1192
.1191
.119
.1188
.1187
.1186
.1185
.1184
.1183
.1182
.118
.1179
.1178
.1177
.1176
.1175
.1174
.1173
.1171
.117
.1169
.1168
.1167
.1166
.1165
.1164
.1162
.1161
.116
.1159
.1158
.1157
.1156
.1155
.1154
.1153
.1151
.115
.1149
.1148
.1147
.1146
.1145
.1144
.1143
.1142
.1141
.114
.1138
.1137
.1136
.1135
.1134
.1133
.1132
.1131
.113
.1129
.1128
.1127
.1126
.1125
.1124
.1123
.1122
.1121
.1119
.1118
.1117
.1116
.1115
.1114
.1113
.1112
.1111
.111
.1109
.1108
.1107
.1106
.1105
.1104
.1103
.1102
.1101
.11
.1099
.1098
.1097
.1096
.1095
.1094
.1093
.1092
.1091
.109
.1089
.1088
.1087
.1086
.1085
.1084
.1083
.1082
.1081
.108
.1079
.1078
.1077
.1076
.1075
.1074
.1073
.1072
.1071
.107
.1069
.1068
.1068
.1067
.1066
.1065
.1064
.1063
.1062
.1061
.106
.1059
.1058
.1057
.1056
.1055
.1054
.1053
.1052
.1051
.105
.105
.1049
.1048
.1047
.1046
.1045
.1044
.1043
.1042
.1041
.104
.1039
.1038
.1038
.1037
.1036
.1035
.1034
.1033
.1032
.1031
.103
.1029
.1028
.1028
.1027
.1026
.1025
.1024
.1023
.1022
.1021
.102
.102
.1019
.1018
.1017
.1016
.1015
.1014
.1013
.1012
.1012
.1011
.101
.1009
.1008
.1007
.1006
.1006
.1005
.1004
.1003
.1002
.1001
.1
.0999
.0999
.0998
.0997
.0996
.0995
.0994
.0993
.0993
.0992
.0991
.099
.0989
.0988
.0988
.0987
.0986
.0985
.0984
.0983
.0983
.0982
.0981
.098
.0979
.0978
.0978
.0977
.0976
.0975
.0974
.0973
.0973
.0972
.0971
.097
.0969
.0969
.0968
.0967
.0966
.0965
.0964
.0964
.0963
.0962
.0961
.096
.096
.0959
.0958
.0957
.0956
.0956
.0955
.0954
.0953
.0953
.0952
.0951
.095
.0949
.0949
.0948
.0947
.0946
.0945
.0945
.0944
.0943
.0942
.0942
.0941
.094
.0939
.0938
.0938
.0937
.0936
.0935
.0935
.0934
.0933
.0932
.0932
.0931
.093
.0929
.0928
.0928
.0927
.0926
.0925
.0925
.0924
.0923
.0922
.0922
.0921
.092
.0919
.0919
.0918
.0917
.0917
.0916
.0915
.0914
.0914
.0913
.0912
.0911
.0911
.091
.0909
.0908
.0908
.0907
.0906
.0905
.0905
.0904
.0903
.0903
.0902
.0901
.09
.09
.0899
.0898
.0898
.0897
.0896
.0895
.0895
.0894
.0893
.0893
.0892
.0891
.089
.089
.0889
.0888
.0888
.0887
.0886
.0886
.0885
.0884
.0883
.0883
.0882
.0881
.0881
.088
.0879
.0879
.0878
.0877
.0876
.0876
.0875
.0874
.0874
.0873
.0872
.0872
.0871
.087
.087
.0869
.0868
.0868
.0867
.0866
.0866
.0865
.0864
.0864
.0863
.0862
.0862
.0861
.086
.086
.0859
.0858
.0858
.0857
.0856
.0856
.0855
.0854
.0854
.0853
.0852
.0852
.0851
.085
.085
.0849
.0848
.0848
.0847
.0846
.0846
.0845
.0844
.0844
.0843
.0842
.0842
.0841
.0841
.084
.0839
.0839
.0838
.0837
.0837
.0836
.0835
.0835
.0834
.0834
.0833
.0832
.0832
.0831
.083
.083
.0829
.0828
.0828
.0827
.0827
.0826
.0825
.0825
.0824
.0823
.0823
.0822
.0822
.0821
.082
.082
.0819
.0819
.0818
.0817
.0817
.0816
.0815
.0815
.0814
.0814
.0813
.0812
.0812
.0811
.0811
.081
.0809
.0809
.0808
.0808
.0807
.0806
.0806
.0805
.0805
.0804
.0803
.0803
.0802
.0802
.0801
.08
.08
.0799
.0799
.0798
.0797
.0797
.0796
.0796
.0795
.0794
.0794
.0793
.0793
.0792
.0792
.0791
.079
.079
.0789
.0789
.0788
.0787
.0787
.0786
.0786
.0785
.0785
.0784
.0783
.0783
.0782
.0782
.0781
.0781
.078
.0779
.0779
.0778
.0778
.0777
.0777
.0776
.0775
.0775
.0774
.0774
.0773
.0773
.0772
.0772
.0771
.077
.077
.0769
.0769
.0768
.0768
.0767
.0767
.0766
.0765
.0765
.0764
.0764
.0763
.0763
.0762
.0762
.0761
.076
.076
.0759
.0759
.0758
.0758
.0757
.0757
.0756
.0756
.0755
.0754
.0754
.0753
.0753
.0752
.0752
.0751
.0751
.075
.075
.0749
.0749
.0748
.0747
.0747
.0746
.0746
.0745
.0745
.0744
.0744
.0743
.0743
.0742
.0742
.0741
.0741
.074
.074
.0739
.0738
.0738
.0737
.0737
.0736
.0736
.0735
.0735
.0734
.0734
.0733
.0733
.0732
.0732
.0731
.0731
.073
.073
.0729
.0729
.0728
.0728
.0727
.0727
.0726
.0726
.0725
.0725
.0724
.0724
.0723
.0723
.0722
.0722
.0721
.0721
.072
.072
.0719
.0719
.0718
.0718
.0717
.0717
.0716
.0716
.0715
.0715
.0714
.0714
.0713
.0713
.0712
.0712
.0711
.0711
.071
.071
.0709
.0709
.0708
.0708
.0707
.0707
.0706
.0706
.0705
.0705
.0704
.0704
.0703
.0703
.0702
.0702
.0701
.0701
.07
.07
.0699
.0699
.0698
.0698
.0697
.0697
.0696
.0696
.0696
.0695
.0695
.0694
.0694
.0693
.0693
.0692
.0692
.0691
.0691
.069
.069
.0689
.0689
.0688
.0688
.0687
.0687
.0687
.0686
.0686
.0685
.0685
.0684
.0684
.0683
.0683
.0682
.0682
.0681
.0681
.0681
.068
.068
.0679
.0679
.0678
.0678
.0677
.0677
.0676
.0676
.0675
.0675
.0675
.0674
.0674
.0673
.0673
.0672
.0672
.0671
.0671
.067
.067
.067
.0669
.0669
.0668
.0668
.0667
.0667
.0666
.0666
.0666
.0665
.0665
.0664
.0664
.0663
.0663
.0662
.0662
.0662
.0661
.0661
.066
.066
.0659
.0659
.0658
.0658
.0658
.0657
.0657
.0656
.0656
.0655
.0655
.0655
.0654
.0654
.0653
.0653
.0652
.0652
.0652
.0651
.0651
.065
.065
.0649
.0649
.0649
.0648
.0648
.0647
.0647
.0646
.0646
.0646
.0645
.0645
.0644
.0644
.0643
.0643
.0643
.0642
.0642
.0641
.0641
.064
.064
.064
.0639
.0639
.0638
.0638
.0638
.0637
.0637
.0636
.0636
.0635
.0635
.0635
.0634
.0634
.0633
.0633
.0633
.0632
.0632
.0631
.0631
.0631
.063
.063
.0629
.0629
.0629
.0628
.0628
.0627
.0627
.0626
.0626
.0626
.0625
.0625
.0624
.0624
.0624
.0623
.0623
.0622
.0622
.0622
.0621
.0621
.062
.062
.062
.0619
.0619
.0618
.0618
.0618
.0617
.0617
.0617
.0616
.0616
.0615
.0615
.0615
.0614
.0614
.0613
.0613
.0613
.0612
.0612
.0611
.0611
.0611
.061
.061
.061
.0609
.0609
.0608
.0608
.0608
.0607
.0607
.0606
.0606
.0606
.0605
.0605
.0605
.0604
.0604
.0603
.0603
.0603
.0602
.0602
.0601
.0601
.0601
.06
.06
.06
.0599
.0599
.0598
.0598
.0598
.0597
.0597
.0597
.0596
.0596
.0596
.0595
.0595
.0594
.0594
.0594
.0593
.0593
.0593
.0592
.0592
.0591
.0591
.0591
.059
.059
.059
.0589
.0589
.0589
.0588
.0588
.0587
.0587
.0587
.0586
.0586
.0586
.0585
.0585
.0585
.0584
.0584
.0583
.0583
.0583
.0582
.0582
.0582
.0581
.0581
.0581
.058
.058
.058
.0579
.0579
.0579
.0578
.0578
.0577
.0577
.0577
.0576
.0576
.0576
.0575
.0575
.0575
.0574
.0574
.0574
.0573
.0573
.0573
.0572
.0572
.0572
.0571
.0571
.0571
.057
.057
.0569
.0569
.0569
.0568
.0568
.0568
.0567
.0567
.0567
.0566
.0566
.0566
.0565
.0565
.0565
.0564
.0564
.0564
.0563
.0563
.0563
.0562
.0562
.0562
.0561
.0561
.0561
.056
.056
.056
.0559
.0559
.0559
.0558
.0558
.0558
.0557
.0557
.0557
.0556
.0556
.0556
.0555
.0555
.0555
.0554
.0554
.0554
.0553
.0553
.0553
.0553
.0552
.0552
.0552
.0551
.0551
.0551
.055
.055
.055
.0549
.0549
.0549
.0548
.0548
.0548
.0547
.0547
.0547
.0546
.0546
.0546
.0545
.0545
.0545
.0545
.0544
.0544
.0544
.0543
.0543
.0543
.0542
.0542
.0542
.0541
.0541
.0541
.054
.054
.054
.054
.0539
.0539
.0539
.0538
.0538
.0538
.0537
.0537
.0537
.0536
.0536
.0536
.0536
.0535
.0535
.0535
.0534
.0534
.0534
.0533
.0533
.0533
.0533
.0532
.0532
.0532
.0531
.0531
.0531
.053
.053
.053
.053
.0529
.0529
.0529
.0528
.0528
.0528
.0527
.0527
.0527
.0527
.0526
.0526
.0526
.0525
.0525
.0525
.0525
.0524
.0524
.0524
.0523
.0523
.0523
.0523
.0522
.0522
.0522
.0521
.0521
.0521
.052
.052
.052
.052
.0519
.0519
.0519
.0518
.0518
.0518
.0518
.0517
.0517
.0517
.0516
.0516
.0516
.0516
.0515
.0515
.0515
.0515
.0514
.0514
.0514
.0513
.0513
.0513
.0513
.0512
.0512
.0512
.0511
.0511
.0511
.0511
.051
.051
.051
.051
.0509
.0509
.0509
.0508
.0508
.0508
.0508
.0507
.0507
.0507
.0507
.0506
.0506
.0506
.0505
.0505
.0505
.0505
.0504
.0504
.0504
.0504
.0503
.0503
.0503
.0502
.0502
.0502
.0502
.0501
.0501
.0501
.0501
.05
.05
.05
