.559
.558
.5551
.5523
.5497
.5473
.545
.5429
.541
.5392
.5376
.5361
.5348
.5336
.5325
.5315
.5306
.5298
.5291
.5285
.5279
.5274
.5269
.5265
.5261
.5257
.5254
.5251
.5248
.5245
.5243
.5241
.5238
.5236
.5234
.5232
.523
.5228
.5226
.5224
.5222
.522
.5218
.5216
.5215
.5213
.5211
.5209
.5207
.5205
.5203
.5201
.5199
.5197
.5195
.5193
.5191
.5188
.5186
.5184
.5182
.518
.5178
.5175
.5173
.5171
.5169
.5167
.5164
.5162
.516
.5157
.5155
.5153
.515
.5148
.5145
.5143
.514
.5138
.5135
.5133
.513
.5128
.5125
.5123
.512
.5117
.5115
.5112
.5109
.5107
.5104
.5101
.5098
.5096
.5093
.509
.5087
.5084
.5081
.5079
.5076
.5073
.507
.5067
.5064
.5061
.5058
.5055
.5051
.5048
.5045
.5042
.5039
.5036
.5032
.5029
.5026
.5023
.5019
.5016
.5013
.5009
.5006
.5002
.4999
.4995
.4992
.4988
.4985
.4981
.4978
.4974
.4971
.4967
.4963
.496
.4956
.4952
.4948
.4944
.4941
.4937
.4933
.4929
.4925
.4921
.4917
.4913
.4909
.4905
.4901
.4897
.4893
.4889
.4885
.4881
.4876
.4872
.4868
.4864
.4859
.4855
.4851
.4846
.4842
.4838
.4833
.4829
.4824
.482
.4815
.4811
.4806
.4801
.4797
.4792
.4788
.4783
.4778
.4774
.4769
.4764
.4759
.4754
.475
.4745
.474
.4735
.473
.4725
.472
.4715
.471
.4705
.47
.4695
.469
.4685
.468
.4675
.4669
.4664
.4659
.4654
.4649
.4643
.4638
.4633
.4627
.4622
.4617
.4611
.4606
.4601
.4595
.459
.4584
.4579
.4573
.4568
.4562
.4557
.4551
.4546
.454
.4534
.4529
.4523
.4517
.4512
.4506
.45
.4495
.4489
.4483
.4477
.4471
.4466
.446
.4454
.4448
.4442
.4436
.4431
.4425
.4419
.4413
.4407
.4401
.4395
.4389
.4383
.4377
.4371
.4365
.4359
.4353
.4347
.4341
.4334
.4328
.4322
.4316
.431
.4304
.4298
.4291
.4285
.4279
.4273
.4267
.426
.4254
.4248
.4242
.4235
.4229
.4223
.4216
.421
.4204
.4197
.4191
.4185
.4178
.4172
.4166
.4159
.4153
.4146
.414
.4134
.4127
.4121
.4114
.4108
.4101
.4095
.4088
.4082
.4075
.4069
.4062
.4056
.4049
.4043
.4036
.403
.4023
.4017
.401
.4003
.3997
.399
.3984
.3977
.397
.3964
.3957
.395
.3944
.3937
.393
.3924
.3917
.391
.3904
.3897
.389
.3884
.3877
.387
.3863
.3857
.385
.3843
.3836
.383
.3823
.3816
.3809
.3802
.3796
.3789
.3782
.3775
.3768
.3762
.3755
.3748
.3741
.3734
.3727
.372
.3714
.3707
.37
.3693
.3686
.3679
.3672
.3665
.3658
.3651
.3644
.3638
.3631
.3624
.3617
.361
.3603
.3596
.3589
.3582
.3575
.3568
.3561
.3554
.3547
.354
.3533
.3525
.3518
.3511
.3504
.3497
.349
.3483
.3476
.3469
.3462
.3455
.3448
.344
.3433
.3426
.3419
.3412
.3405
.3398
.339
.3383
.3376
.3369
.3362
.3355
.3347
.334
.3333
.3326
.3319
.3311
.3304
.3297
.329
.3282
.3275
.3268
.3261
.3254
.3246
.3239
.3232
.3225
.3217
.321
.3203
.3196
.3188
.3181
.3174
.3167
.3159
.3152
.3145
.3138
.3131
.3123
.3116
.3109
.3102
.3094
.3087
.308
.3073
.3066
.3058
.3051
.3044
.3037
.303
.3023
.3015
.3008
.3001
.2994
.2987
.298
.2973
.2966
.2958
.2951
.2944
.2937
.293
.2923
.2916
.2909
.2902
.2895
.2888
.2881
.2874
.2867
.2861
.2854
.2847
.284
.2833
.2826
.2819
.2813
.2806
.2799
.2792
.2786
.2779
.2772
.2766
.2759
.2752
.2746
.2739
.2733
.2726
.2719
.2713
.2706
.27
.2693
.2687
.2681
.2674
.2668
.2661
.2655
.2649
.2643
.2636
.263
.2624
.2618
.2611
.2605
.2599
.2593
.2587
.2581
.2575
.2569
.2563
.2557
.2551
.2545
.2539
.2533
.2527
.2521
.2515
.251
.2504
.2498
.2492
.2486
.2481
.2475
.2469
.2464
.2458
.2453
.2447
.2441
.2436
.243
.2425
.2419
.2414
.2409
.2403
.2398
.2392
.2387
.2382
.2376
.2371
.2366
.2361
.2355
.235
.2345
.234
.2335
.233
.2325
.232
.2314
.2309
.2304
.2299
.2294
.229
.2285
.228
.2275
.227
.2265
.226
.2255
.2251
.2246
.2241
.2236
.2232
.2227
.2222
.2217
.2213
.2208
.2204
.2199
.2194
.219
.2185
.2181
.2176
.2172
.2167
.2163
.2158
.2154
.215
.2145
.2141
.2136
.2132
.2128
.2123
.2119
.2115
.2111
.2106
.2102
.2098
.2094
.209
.2085
.2081
.2077
.2073
.2069
.2065
.2061
.2057
.2053
.2049
.2045
.2041
.2037
.2033
.2029
.2025
.2021
.2017
.2013
.2009
.2005
.2002
.1998
.1994
.199
.1986
.1983
.1979
.1975
.1971
.1968
.1964
.196
.1957
.1953
.1949
.1946
.1942
.1938
.1935
.1931
.1928
.1924
.192
.1917
.1913
.191
.1906
.1903
.1899
.1896
.1892
.1889
.1886
.1882
.1879
.1875
.1872
.1869
.1865
.1862
.1859
.1855
.1852
.1849
.1845
.1842
.1839
.1836
.1832
.1829
.1826
.1823
.182
.1816
.1813
.181
.1807
.1804
.1801
.1797
.1794
.1791
.1788
.1785
.1782
.1779
.1776
.1773
.177
.1767
.1764
.1761
.1758
.1755
.1752
.1749
.1746
.1743
.174
.1737
.1734
.1731
.1729
.1726
.1723
.172
.1717
.1714
.1711
.1709
.1706
.1703
.17
.1697
.1695
.1692
.1689
.1686
.1684
.1681
.1678
.1675
.1673
.167
.1667
.1665
.1662
.1659
.1657
.1654
.1651
.1649
.1646
.1644
.1641
.1638
.1636
.1633
.1631
.1628
.1625
.1623
.162
.1618
.1615
.1613
.161
.1608
.1605
.1603
.16
.1598
.1595
.1593
.1591
.1588
.1586
.1583
.1581
.1578
.1576
.1574
.1571
.1569
.1566
.1564
.1562
.1559
.1557
.1555
.1552
.155
.1548
.1545
.1543
.1541
.1539
.1536
.1534
.1532
.1529
.1527
.1525
.1523
.152
.1518
.1516
.1514
.1512
.1509
.1507
.1505
.1503
.1501
.1499
.1496
.1494
.1492
.149
.1488
.1486
.1483
.1481
.1479
.1477
.1475
.1473
.1471
.1469
.1467
.1465
.1463
.1461
.1458
.1456
.1454
.1452
.145
.1448
.1446
.1444
.1442
.144
.1438
.1436
.1434
.1432
.143
.1428
.1426
.1424
.1422
.1421
.1419
.1417
.1415
.1413
.1411
.1409
.1407
.1405
.1403
.1401
.1399
.1398
.1396
.1394
.1392
.139
.1388
.1386
.1384
.1383
.1381
.1379
.1377
.1375
.1374
.1372
.137
.1368
.1366
.1364
.1363
.1361
.1359
.1357
.1356
.1354
.1352
.135
.1349
.1347
.1345
.1343
.1342
.134
.1338
.1336
.1335
.1333
.1331
.133
.1328
.1326
.1324
.1323
.1321
.1319
.1318
.1316
.1314
.1313
.1311
.1309
.1308
.1306
.1304
.1303
.1301
.13
.1298
.1296
.1295
.1293
.1292
.129
.1288
.1287
.1285
.1284
.1282
.128
.1279
.1277
.1276
.1274
.1273
.1271
.1269
.1268
.1266
.1265
.1263
.1262
.126
.1259
.1257
.1256
.1254
.1253
.1251
.125
.1248
.1247
.1245
.1244
.1242
.1241
.1239
.1238
.1236
.1235
.1233
.1232
.123
.1229
.1227
.1226
.1225
.1223
.1222
.122
.1219
.1217
.1216
.1215
.1213
.1212
.121
.1209
.1208
.1206
.1205
.1203
.1202
.1201
.1199
.1198
.1196
.1195
.1194
.1192
.1191
.119
.1188
.1187
.1185
.1184
.1183
.1181
.118
.1179
.1177
.1176
.1175
.1173
.1172
.1171
.1169
.1168
.1167
.1166
.1164
.1163
.1162
.116
.1159
.1158
.1156
.1155
.1154
.1153
.1151
.115
.1149
.1148
.1146
.1145
.1144
.1142
.1141
.114
.1139
.1137
.1136
.1135
.1134
.1133
.1131
.113
.1129
.1128
.1126
.1125
.1124
.1123
.1122
.112
.1119
.1118
.1117
.1116
.1114
.1113
.1112
.1111
.111
.1108
.1107
.1106
.1105
.1104
.1103
.1101
.11
.1099
.1098
.1097
.1096
.1094
.1093
.1092
.1091
.109
.1089
.1088
.1086
.1085
.1084
.1083
.1082
.1081
.108
.1078
.1077
.1076
.1075
.1074
.1073
.1072
.1071
.107
.1068
.1067
.1066
.1065
.1064
.1063
.1062
.1061
.106
.1059
.1058
.1057
.1055
.1054
.1053
.1052
.1051
.105
.1049
.1048
.1047
.1046
.1045
.1044
.1043
.1042
.1041
.104
.1039
.1038
.1036
.1035
.1034
.1033
.1032
.1031
.103
.1029
.1028
.1027
.1026
.1025
.1024
.1023
.1022
.1021
.102
.1019
.1018
.1017
.1016
.1015
.1014
.1013
.1012
.1011
.101
.1009
.1008
.1007
.1006
.1005
.1004
.1003
.1002
.1001
.1
.1
.0999
.0998
.0997
.0996
.0995
.0994
.0993
.0992
.0991
.099
.0989
.0988
.0987
.0986
.0985
.0984
.0983
.0982
.0982
.0981
.098
.0979
.0978
.0977
.0976
.0975
.0974
.0973
.0972
.0971
.097
.097
.0969
.0968
.0967
.0966
.0965
.0964
.0963
.0962
.0961
.0961
.096
.0959
.0958
.0957
.0956
.0955
.0954
.0953
.0953
.0952
.0951
.095
.0949
.0948
.0947
.0946
.0946
.0945
.0944
.0943
.0942
.0941
.094
.094
.0939
.0938
.0937
.0936
.0935
.0935
.0934
.0933
.0932
.0931
.093
.0929
.0929
.0928
.0927
.0926
.0925
.0924
.0924
.0923
.0922
.0921
.092
.092
.0919
.0918
.0917
.0916
.0915
.0915
.0914
.0913
.0912
.0911
.0911
.091
.0909
.0908
.0907
.0907
.0906
.0905
.0904
.0903
.0903
.0902
.0901
.09
.0899
.0899
.0898
.0897
.0896
.0896
.0895
.0894
.0893
.0892
.0892
.0891
.089
.0889
.0889
.0888
.0887
.0886
.0886
.0885
.0884
.0883
.0883
.0882
.0881
.088
.088
.0879
.0878
.0877
.0877
.0876
.0875
.0874
.0874
.0873
.0872
.0871
.0871
.087
.0869
.0868
.0868
.0867
.0866
.0865
.0865
.0864
.0863
.0863
.0862
.0861
.086
.086
.0859
.0858
.0857
.0857
.0856
.0855
.0855
.0854
.0853
.0853
.0852
.0851
.085
.085
.0849
.0848
.0848
.0847
.0846
.0845
.0845
.0844
.0843
.0843
.0842
.0841
.0841
.084
.0839
.0839
.0838
.0837
.0837
.0836
.0835
.0834
.0834
.0833
.0832
.0832
.0831
.083
.083
.0829
.0828
.0828
.0827
.0826
.0826
.0825
.0824
.0824
.0823
.0822
.0822
.0821
.082
.082
.0819
.0818
.0818
.0817
.0817
.0816
.0815
.0815
.0814
.0813
.0813
.0812
.0811
.0811
.081
.0809
.0809
.0808
.0807
.0807
.0806
.0806
.0805
.0804
.0804
.0803
.0802
.0802
.0801
.0801
.08
.0799
.0799
.0798
.0797
.0797
.0796
.0796
.0795
.0794
.0794
.0793
.0792
.0792
.0791
.0791
.079
.0789
.0789
.0788
.0788
.0787
.0786
.0786
.0785
.0785
.0784
.0783
.0783
.0782
.0782
.0781
.078
.078
.0779
.0779
.0778
.0777
.0777
.0776
.0776
.0775
.0774
.0774
.0773
.0773
.0772
.0771
.0771
.077
.077
.0769
.0769
.0768
.0767
.0767
.0766
.0766
.0765
.0765
.0764
.0763
.0763
.0762
.0762
.0761
.0761
.076
.0759
.0759
.0758
.0758
.0757
.0757
.0756
.0755
.0755
.0754
.0754
.0753
.0753
.0752
.0752
.0751
.075
.075
.0749
.0749
.0748
.0748
.0747
.0747
.0746
.0745
.0745
.0744
.0744
.0743
.0743
.0742
.0742
.0741
.0741
.074
.0739
.0739
.0738
.0738
.0737
.0737
.0736
.0736
.0735
.0735
.0734
.0734
.0733
.0733
.0732
.0731
.0731
.073
.073
.0729
.0729
.0728
.0728
.0727
.0727
.0726
.0726
.0725
.0725
.0724
.0724
.0723
.0723
.0722
.0722
.0721
.0721
.072
.0719
.0719
.0718
.0718
.0717
.0717
.0716
.0716
.0715
.0715
.0714
.0714
.0713
.0713
.0712
.0712
.0711
.0711
.071
.071
.0709
.0709
.0708
.0708
.0707
.0707
.0706
.0706
.0705
.0705
.0704
.0704
.0703
.0703
.0702
.0702
.0701
.0701
.0701
.07
.07
.0699
.0699
.0698
.0698
.0697
.0697
.0696
.0696
.0695
.0695
.0694
.0694
.0693
.0693
.0692
.0692
.0691
.0691
.069
.069
.0689
.0689
.0689
.0688
.0688
.0687
.0687
.0686
.0686
.0685
.0685
.0684
.0684
.0683
.0683
.0682
.0682
.0682
.0681
.0681
.068
.068
.0679
.0679
.0678
.0678
.0677
.0677
.0676
.0676
.0676
.0675
.0675
.0674
.0674
.0673
.0673
.0672
.0672
.0672
.0671
.0671
.067
.067
.0669
.0669
.0668
.0668
.0667
.0667
.0667
.0666
.0666
.0665
.0665
.0664
.0664
.0664
.0663
.0663
.0662
.0662
.0661
.0661
.066
.066
.066
.0659
.0659
.0658
.0658
.0657
.0657
.0657
.0656
.0656
.0655
.0655
.0654
.0654
.0654
.0653
.0653
.0652
.0652
.0651
.0651
.0651
.065
.065
.0649
.0649
.0648
.0648
.0648
.0647
.0647
.0646
.0646
.0646
.0645
.0645
.0644
.0644
.0643
.0643
.0643
.0642
.0642
.0641
.0641
.0641
.064
.064
.0639
.0639
.0639
.0638
.0638
.0637
.0637
.0636
.0636
.0636
.0635
.0635
.0634
.0634
.0634
.0633
.0633
.0632
.0632
.0632
.0631
.0631
.063
.063
.063
.0629
.0629
.0628
.0628
.0628
.0627
.0627
.0626
.0626
.0626
.0625
.0625
.0625
.0624
.0624
.0623
.0623
.0623
.0622
.0622
.0621
.0621
.0621
.062
.062
.0619
.0619
.0619
.0618
.0618
.0618
.0617
.0617
.0616
.0616
.0616
.0615
.0615
.0614
.0614
.0614
.0613
.0613
.0613
.0612
.0612
.0611
.0611
.0611
.061
.061
.061
.0609
.0609
.0608
.0608
.0608
.0607
.0607
.0607
.0606
.0606
.0605
.0605
.0605
.0604
.0604
.0604
.0603
.0603
.0603
.0602
.0602
.0601
.0601
.0601
.06
.06
.06
.0599
.0599
.0599
.0598
.0598
.0597
.0597
.0597
.0596
.0596
.0596
.0595
.0595
.0595
.0594
.0594
.0593
.0593
.0593
.0592
.0592
.0592
.0591
.0591
.0591
.059
.059
.059
.0589
.0589
.0589
.0588
.0588
.0587
.0587
.0587
.0586
.0586
.0586
.0585
.0585
.0585
.0584
.0584
.0584
.0583
.0583
.0583
.0582
.0582
.0582
.0581
.0581
.0581
.058
.058
.058
.0579
.0579
.0579
.0578
.0578
.0578
.0577
.0577
.0577
.0576
.0576
.0575
.0575
.0575
.0574
.0574
.0574
.0573
.0573
.0573
.0572
.0572
.0572
.0571
.0571
.0571
.057
.057
.057
.0569
.0569
.0569
.0569
.0568
.0568
.0568
.0567
.0567
.0567
.0566
.0566
.0566
.0565
.0565
.0565
.0564
.0564
.0564
.0563
.0563
.0563
.0562
.0562
.0562
.0561
.0561
.0561
.056
.056
.056
.0559
.0559
.0559
.0558
.0558
.0558
.0558
.0557
.0557
.0557
.0556
.0556
.0556
.0555
.0555
.0555
.0554
.0554
.0554
.0553
.0553
.0553
.0553
.0552
.0552
.0552
.0551
.0551
.0551
.055
.055
.055
.0549
.0549
.0549
.0548
.0548
.0548
.0548
.0547
.0547
.0547
.0546
.0546
.0546
.0545
.0545
.0545
.0545
.0544
.0544
.0544
.0543
.0543
.0543
.0542
.0542
.0542
.0541
.0541
.0541
.0541
.054
.054
.054
.0539
.0539
.0539
.0539
.0538
.0538
.0538
.0537
.0537
.0537
.0536
.0536
.0536
.0536
.0535
.0535
.0535
.0534
.0534
.0534
.0534
.0533
.0533
.0533
.0532
.0532
.0532
.0531
.0531
.0531
.0531
.053
.053
.053
.0529
.0529
.0529
.0529
.0528
.0528
.0528
.0527
.0527
.0527
.0527
.0526
.0526
.0526
.0525
.0525
.0525
.0525
.0524
.0524
.0524
.0523
.0523
.0523
.0523
.0522
.0522
.0522
.0522
.0521
.0521
.0521
.052
.052
.052
.052
.0519
.0519
.0519
.0518
.0518
.0518
.0518
.0517
.0517
.0517
.0517
.0516
.0516
.0516
.0515
.0515
.0515
.0515
.0514
.0514
.0514
.0514
.0513
.0513
.0513
.0512
.0512
.0512
.0512
.0511
.0511
.0511
.0511
.051
.051
.051
.0509
.0509
.0509
.0509
.0508
.0508
.0508
.0508
.0507
.0507
.0507
.0507
.0506
.0506
.0506
.0505
.0505
.0505
.0505
.0504
.0504
.0504
.0504
.0503
.0503
.0503
.0503
.0502
.0502
.0502
.0502
.0501
.0501
.0501
.0501
.05
.05
