.5983
.5958
.5918
.5878
.5839
.5801
.5763
.5727
.5692
.5658
.5626
.5595
.5565
.5537
.5511
.5486
.5463
.5442
.5422
.5404
.5387
.5371
.5357
.5344
.5333
.5322
.5312
.5304
.5296
.5289
.5283
.5277
.5272
.5267
.5263
.526
.5256
.5253
.525
.5248
.5246
.5243
.5242
.524
.5238
.5236
.5235
.5234
.5232
.5231
.523
.5229
.5228
.5227
.5226
.5224
.5223
.5223
.5222
.5221
.522
.5219
.5218
.5217
.5216
.5215
.5214
.5213
.5212
.5211
.5211
.521
.5209
.5208
.5207
.5206
.5205
.5204
.5203
.5202
.5201
.52
.52
.5199
.5198
.5197
.5196
.5195
.5194
.5193
.5192
.5191
.519
.5189
.5188
.5187
.5186
.5185
.5184
.5183
.5182
.5181
.518
.5179
.5178
.5177
.5176
.5175
.5174
.5173
.5172
.5171
.517
.5169
.5168
.5167
.5166
.5165
.5164
.5163
.5162
.5161
.516
.5159
.5158
.5156
.5155
.5154
.5153
.5152
.5151
.515
.5149
.5148
.5146
.5145
.5144
.5143
.5142
.5141
.514
.5138
.5137
.5136
.5135
.5134
.5132
.5131
.513
.5129
.5128
.5126
.5125
.5124
.5123
.5121
.512
.5119
.5117
.5116
.5115
.5114
.5112
.5111
.511
.5108
.5107
.5105
.5104
.5103
.5101
.51
.5099
.5097
.5096
.5094
.5093
.5091
.509
.5088
.5087
.5085
.5084
.5082
.5081
.5079
.5078
.5076
.5075
.5073
.5072
.507
.5068
.5067
.5065
.5063
.5062
.506
.5058
.5057
.5055
.5053
.5051
.505
.5048
.5046
.5044
.5043
.5041
.5039
.5037
.5035
.5033
.5031
.5029
.5028
.5026
.5024
.5022
.502
.5018
.5016
.5014
.5012
.501
.5007
.5005
.5003
.5001
.4999
.4997
.4995
.4992
.499
.4988
.4986
.4983
.4981
.4979
.4977
.4974
.4972
.497
.4967
.4965
.4962
.496
.4957
.4955
.4952
.495
.4947
.4945
.4942
.494
.4937
.4934
.4932
.4929
.4926
.4924
.4921
.4918
.4916
.4913
.491
.4907
.4904
.4901
.4899
.4896
.4893
.489
.4887
.4884
.4881
.4878
.4875
.4872
.4869
.4866
.4863
.486
.4856
.4853
.485
.4847
.4844
.484
.4837
.4834
.4831
.4827
.4824
.4821
.4817
.4814
.4811
.4807
.4804
.48
.4797
.4793
.479
.4786
.4783
.4779
.4776
.4772
.4769
.4765
.4761
.4758
.4754
.475
.4747
.4743
.4739
.4735
.4732
.4728
.4724
.472
.4716
.4713
.4709
.4705
.4701
.4697
.4693
.4689
.4685
.4681
.4677
.4673
.4669
.4665
.4661
.4657
.4653
.4649
.4645
.4641
.4636
.4632
.4628
.4624
.462
.4615
.4611
.4607
.4603
.4598
.4594
.459
.4585
.4581
.4577
.4572
.4568
.4563
.4559
.4555
.455
.4546
.4541
.4537
.4532
.4528
.4523
.4518
.4514
.4509
.4505
.45
.4495
.4491
.4486
.4481
.4476
.4472
.4467
.4462
.4457
.4453
.4448
.4443
.4438
.4433
.4428
.4423
.4418
.4413
.4408
.4403
.4398
.4393
.4388
.4383
.4378
.4373
.4368
.4363
.4357
.4352
.4347
.4342
.4337
.4331
.4326
.4321
.4315
.431
.4305
.4299
.4294
.4289
.4283
.4278
.4272
.4267
.4261
.4256
.425
.4245
.4239
.4233
.4228
.4222
.4216
.4211
.4205
.4199
.4194
.4188
.4182
.4177
.4171
.4165
.4159
.4153
.4148
.4142
.4136
.413
.4124
.4118
.4112
.4106
.41
.4094
.4089
.4083
.4077
.4071
.4065
.4059
.4053
.4047
.4041
.4035
.4028
.4022
.4016
.401
.4004
.3998
.3992
.3986
.398
.3974
.3968
.3962
.3956
.3949
.3943
.3937
.3931
.3925
.3919
.3913
.3907
.3901
.3894
.3888
.3882
.3876
.387
.3864
.3858
.3852
.3846
.384
.3833
.3827
.3821
.3815
.3809
.3803
.3797
.3791
.3785
.3779
.3773
.3767
.3761
.3755
.3748
.3742
.3736
.373
.3724
.3718
.3712
.3706
.37
.3694
.3688
.3682
.3677
.3671
.3665
.3659
.3653
.3647
.3641
.3635
.3629
.3623
.3617
.3611
.3606
.36
.3594
.3588
.3582
.3576
.3571
.3565
.3559
.3553
.3547
.3542
.3536
.353
.3524
.3519
.3513
.3507
.3502
.3496
.349
.3484
.3479
.3473
.3467
.3462
.3456
.3451
.3445
.3439
.3434
.3428
.3423
.3417
.3411
.3406
.34
.3395
.3389
.3384
.3378
.3373
.3367
.3362
.3356
.3351
.3346
.334
.3335
.3329
.3324
.3318
.3313
.3308
.3302
.3297
.3292
.3286
.3281
.3276
.327
.3265
.326
.3254
.3249
.3244
.3239
.3233
.3228
.3223
.3218
.3213
.3207
.3202
.3197
.3192
.3187
.3181
.3176
.3171
.3166
.3161
.3156
.3151
.3146
.3141
.3136
.3131
.3125
.312
.3115
.311
.3105
.31
.3095
.309
.3085
.3081
.3076
.3071
.3066
.3061
.3056
.3051
.3046
.3041
.3036
.3031
.3027
.3022
.3017
.3012
.3007
.3002
.2998
.2993
.2988
.2983
.2979
.2974
.2969
.2964
.296
.2955
.295
.2946
.2941
.2936
.2932
.2927
.2922
.2918
.2913
.2908
.2904
.2899
.2894
.289
.2885
.2881
.2876
.2872
.2867
.2863
.2858
.2854
.2849
.2845
.284
.2836
.2831
.2827
.2822
.2818
.2813
.2809
.2804
.28
.2796
.2791
.2787
.2783
.2778
.2774
.2769
.2765
.2761
.2756
.2752
.2748
.2744
.2739
.2735
.2731
.2727
.2722
.2718
.2714
.271
.2705
.2701
.2697
.2693
.2689
.2684
.268
.2676
.2672
.2668
.2664
.266
.2655
.2651
.2647
.2643
.2639
.2635
.2631
.2627
.2623
.2619
.2615
.2611
.2607
.2603
.2599
.2595
.2591
.2587
.2583
.2579
.2575
.2571
.2567
.2563
.2559
.2555
.2551
.2547
.2544
.254
.2536
.2532
.2528
.2524
.252
.2517
.2513
.2509
.2505
.2501
.2498
.2494
.249
.2486
.2482
.2479
.2475
.2471
.2468
.2464
.246
.2456
.2453
.2449
.2445
.2442
.2438
.2434
.2431
.2427
.2423
.242
.2416
.2412
.2409
.2405
.2402
.2398
.2395
.2391
.2387
.2384
.238
.2377
.2373
.237
.2366
.2363
.2359
.2356
.2352
.2349
.2345
.2342
.2338
.2335
.2331
.2328
.2324
.2321
.2318
.2314
.2311
.2307
.2304
.2301
.2297
.2294
.229
.2287
.2284
.228
.2277
.2274
.227
.2267
.2264
.226
.2257
.2254
.2251
.2247
.2244
.2241
.2237
.2234
.2231
.2228
.2225
.2221
.2218
.2215
.2212
.2208
.2205
.2202
.2199
.2196
.2193
.2189
.2186
.2183
.218
.2177
.2174
.2171
.2167
.2164
.2161
.2158
.2155
.2152
.2149
.2146
.2143
.214
.2137
.2134
.2131
.2127
.2124
.2121
.2118
.2115
.2112
.2109
.2106
.2103
.21
.2097
.2094
.2092
.2089
.2086
.2083
.208
.2077
.2074
.2071
.2068
.2065
.2062
.2059
.2056
.2054
.2051
.2048
.2045
.2042
.2039
.2036
.2033
.2031
.2028
.2025
.2022
.2019
.2016
.2014
.2011
.2008
.2005
.2003
.2
.1997
.1994
.1991
.1989
.1986
.1983
.198
.1978
.1975
.1972
.1969
.1967
.1964
.1961
.1959
.1956
.1953
.1951
.1948
.1945
.1943
.194
.1937
.1935
.1932
.1929
.1927
.1924
.1921
.1919
.1916
.1914
.1911
.1908
.1906
.1903
.1901
.1898
.1895
.1893
.189
.1888
.1885
.1883
.188
.1878
.1875
.1872
.187
.1867
.1865
.1862
.186
.1857
.1855
.1852
.185
.1847
.1845
.1842
.184
.1837
.1835
.1833
.183
.1828
.1825
.1823
.182
.1818
.1816
.1813
.1811
.1808
.1806
.1803
.1801
.1799
.1796
.1794
.1792
.1789
.1787
.1784
.1782
.178
.1777
.1775
.1773
.177
.1768
.1766
.1763
.1761
.1759
.1756
.1754
.1752
.1749
.1747
.1745
.1743
.174
.1738
.1736
.1734
.1731
.1729
.1727
.1724
.1722
.172
.1718
.1715
.1713
.1711
.1709
.1707
.1704
.1702
.17
.1698
.1696
.1693
.1691
.1689
.1687
.1685
.1682
.168
.1678
.1676
.1674
.1672
.1669
.1667
.1665
.1663
.1661
.1659
.1657
.1655
.1652
.165
.1648
.1646
.1644
.1642
.164
.1638
.1636
.1633
.1631
.1629
.1627
.1625
.1623
.1621
.1619
.1617
.1615
.1613
.1611
.1609
.1607
.1605
.1603
.1601
.1599
.1597
.1595
.1593
.1591
.1588
.1586
.1584
.1582
.1581
.1579
.1577
.1575
.1573
.1571
.1569
.1567
.1565
.1563
.1561
.1559
.1557
.1555
.1553
.1551
.1549
.1547
.1545
.1543
.1541
.1539
.1538
.1536
.1534
.1532
.153
.1528
.1526
.1524
.1522
.152
.1518
.1517
.1515
.1513
.1511
.1509
.1507
.1505
.1504
.1502
.15
.1498
.1496
.1494
.1492
.1491
.1489
.1487
.1485
.1483
.1481
.148
.1478
.1476
.1474
.1472
.1471
.1469
.1467
.1465
.1463
.1462
.146
.1458
.1456
.1454
.1453
.1451
.1449
.1447
.1445
.1444
.1442
.144
.1438
.1437
.1435
.1433
.1431
.143
.1428
.1426
.1424
.1423
.1421
.1419
.1418
.1416
.1414
.1412
.1411
.1409
.1407
.1406
.1404
.1402
.14
.1399
.1397
.1395
.1394
.1392
.139
.1389
.1387
.1385
.1384
.1382
.138
.1379
.1377
.1375
.1374
.1372
.137
.1369
.1367
.1365
.1364
.1362
.136
.1359
.1357
.1356
.1354
.1352
.1351
.1349
.1347
.1346
.1344
.1343
.1341
.1339
.1338
.1336
.1335
.1333
.1331
.133
.1328
.1327
.1325
.1323
.1322
.132
.1319
.1317
.1316
.1314
.1312
.1311
.1309
.1308
.1306
.1305
.1303
.1301
.13
.1298
.1297
.1295
.1294
.1292
.1291
.1289
.1287
.1286
.1284
.1283
.1281
.128
.1278
.1277
.1275
.1274
.1272
.1271
.1269
.1268
.1266
.1265
.1263
.1262
.126
.1259
.1257
.1256
.1254
.1253
.1251
.125
.1248
.1247
.1245
.1244
.1242
.1241
.1239
.1238
.1236
.1235
.1233
.1232
.123
.1229
.1227
.1226
.1224
.1223
.1222
.122
.1219
.1217
.1216
.1214
.1213
.1211
.121
.1208
.1207
.1206
.1204
.1203
.1201
.12
.1198
.1197
.1196
.1194
.1193
.1191
.119
.1188
.1187
.1186
.1184
.1183
.1181
.118
.1178
.1177
.1176
.1174
.1173
.1171
.117
.1169
.1167
.1166
.1164
.1163
.1162
.116
.1159
.1157
.1156
.1155
.1153
.1152
.115
.1149
.1148
.1146
.1145
.1143
.1142
.1141
.1139
.1138
.1136
.1135
.1134
.1132
.1131
.113
.1128
.1127
.1125
.1124
.1123
.1121
.112
.1119
.1117
.1116
.1115
.1113
.1112
.111
.1109
.1108
.1106
.1105
.1104
.1102
.1101
.11
.1098
.1097
.1096
.1094
.1093
.1092
.109
.1089
.1087
.1086
.1085
.1083
.1082
.1081
.1079
.1078
.1077
.1075
.1074
.1073
.1071
.107
.1069
.1067
.1066
.1065
.1063
.1062
.1061
.1059
.1058
.1057
.1055
.1054
.1053
.1051
.105
.1049
.1048
.1046
.1045
.1044
.1042
.1041
.104
.1038
.1037
.1036
.1034
.1033
.1032
.103
.1029
.1028
.1027
.1025
.1024
.1023
.1021
.102
.1019
.1017
.1016
.1015
.1013
.1012
.1011
.101
.1008
.1007
.1006
.1004
.1003
.1002
.1001
.0999
.0998
.0997
.0995
.0994
.0993
.0991
.099
.0989
.0988
.0986
.0985
.0984
.0982
.0981
.098
.0979
.0977
.0976
.0975
.0974
.0972
.0971
.097
.0968
.0967
.0966
.0965
.0963
.0962
.0961
.096
.0958
.0957
.0956
.0955
.0953
.0952
.0951
.0949
.0948
.0947
.0946
.0944
.0943
.0942
.0941
.0939
.0938
.0937
.0936
.0934
.0933
.0932
.0931
.0929
.0928
.0927
.0926
.0924
.0923
.0922
.0921
.092
.0918
.0917
.0916
.0915
.0913
.0912
.0911
.091
.0909
.0907
.0906
.0905
.0904
.0902
.0901
.09
.0899
.0898
.0896
.0895
.0894
.0893
.0892
.089
.0889
.0888
.0887
.0886
.0884
.0883
.0882
.0881
.088
.0878
.0877
.0876
.0875
.0874
.0872
.0871
.087
.0869
.0868
.0867
.0865
.0864
.0863
.0862
.0861
.086
.0858
.0857
.0856
.0855
.0854
.0853
.0852
.085
.0849
.0848
.0847
.0846
.0845
.0844
.0842
.0841
.084
.0839
.0838
.0837
.0836
.0835
.0833
.0832
.0831
.083
.0829
.0828
.0827
.0826
.0825
.0823
.0822
.0821
.082
.0819
.0818
.0817
.0816
.0815
.0814
.0813
.0811
.081
.0809
.0808
.0807
.0806
.0805
.0804
.0803
.0802
.0801
.08
.0799
.0798
.0797
.0795
.0794
.0793
.0792
.0791
.079
.0789
.0788
.0787
.0786
.0785
.0784
.0783
.0782
.0781
.078
.0779
.0778
.0777
.0776
.0775
.0774
.0773
.0772
.0771
.077
.0769
.0768
.0767
.0766
.0765
.0764
.0763
.0762
.0761
.076
.0759
.0758
.0757
.0756
.0755
.0754
.0753
.0752
.0752
.0751
.075
.0749
.0748
.0747
.0746
.0745
.0744
.0743
.0742
.0741
.074
.0739
.0738
.0738
.0737
.0736
.0735
.0734
.0733
.0732
.0731
.073
.0729
.0728
.0728
.0727
.0726
.0725
.0724
.0723
.0722
.0721
.072
.072
.0719
.0718
.0717
.0716
.0715
.0714
.0713
.0713
.0712
.0711
.071
.0709
.0708
.0708
.0707
.0706
.0705
.0704
.0703
.0702
.0702
.0701
.07
.0699
.0698
.0698
.0697
.0696
.0695
.0694
.0693
.0693
.0692
.0691
.069
.0689
.0689
.0688
.0687
.0686
.0685
.0685
.0684
.0683
.0682
.0681
.0681
.068
.0679
.0678
.0678
.0677
.0676
.0675
.0674
.0674
.0673
.0672
.0671
.0671
.067
.0669
.0668
.0668
.0667
.0666
.0665
.0665
.0664
.0663
.0662
.0662
.0661
.066
.0659
.0659
.0658
.0657
.0657
.0656
.0655
.0654
.0654
.0653
.0652
.0651
.0651
.065
.0649
.0649
.0648
.0647
.0647
.0646
.0645
.0644
.0644
.0643
.0642
.0642
.0641
.064
.064
.0639
.0638
.0638
.0637
.0636
.0635
.0635
.0634
.0633
.0633
.0632
.0631
.0631
.063
.0629
.0629
.0628
.0627
.0627
.0626
.0625
.0625
.0624
.0623
.0623
.0622
.0622
.0621
.062
.062
.0619
.0618
.0618
.0617
.0616
.0616
.0615
.0615
.0614
.0613
.0613
.0612
.0611
.0611
.061
.0609
.0609
.0608
.0608
.0607
.0606
.0606
.0605
.0605
.0604
.0603
.0603
.0602
.0602
.0601
.06
.06
.0599
.0598
.0598
.0597
.0597
.0596
.0596
.0595
.0594
.0594
.0593
.0593
.0592
.0591
.0591
.059
.059
.0589
.0588
.0588
.0587
.0587
.0586
.0586
.0585
.0584
.0584
.0583
.0583
.0582
.0582
.0581
.058
.058
.0579
.0579
.0578
.0578
.0577
.0577
.0576
.0575
.0575
.0574
.0574
.0573
.0573
.0572
.0572
.0571
.057
.057
.0569
.0569
.0568
.0568
.0567
.0567
.0566
.0566
.0565
.0565
.0564
.0563
.0563
.0562
.0562
.0561
.0561
.056
.056
.0559
.0559
.0558
.0558
.0557
.0557
.0556
.0556
.0555
.0555
.0554
.0554
.0553
.0553
.0552
.0552
.0551
.0551
.055
.0549
.0549
.0548
.0548
.0547
.0547
.0546
.0546
.0545
.0545
.0544
.0544
.0543
.0543
.0542
.0542
.0542
.0541
.0541
.054
.054
.0539
.0539
.0538
.0538
.0537
.0537
.0536
.0536
.0535
.0535
.0534
.0534
.0533
.0533
.0532
.0532
.0531
.0531
.053
.053
.0529
.0529
.0529
.0528
.0528
.0527
.0527
.0526
.0526
.0525
.0525
.0524
.0524
.0523
.0523
.0522
.0522
.0522
.0521
.0521
.052
.052
.0519
.0519
.0518
.0518
.0517
.0517
.0517
.0516
.0516
.0515
.0515
.0514
.0514
.0513
.0513
.0513
.0512
.0512
.0511
.0511
.051
.051
.0509
.0509
.0509
.0508
.0508
.0507
.0507
.0506
.0506
.0506
.0505
.0505
.0504
.0504
.0503
.0503
.0503
.0502
.0502
.0501
.0501
.05
.05
.05
