.5875
.5851
.5809
.5769
.573
.5693
.5657
.5623
.5591
.556
.5531
.5504
.5479
.5456
.5434
.5415
.5397
.538
.5365
.5351
.5339
.5328
.5318
.5309
.5301
.5294
.5288
.5282
.5277
.5272
.5268
.5264
.5261
.5258
.5255
.5252
.525
.5247
.5245
.5243
.5241
.524
.5238
.5236
.5234
.5233
.5231
.523
.5228
.5227
.5225
.5224
.5222
.5221
.5219
.5218
.5216
.5215
.5213
.5212
.521
.5209
.5207
.5206
.5204
.5203
.5201
.52
.5198
.5196
.5195
.5193
.5192
.519
.5188
.5187
.5185
.5183
.5181
.518
.5178
.5176
.5175
.5173
.5171
.5169
.5167
.5166
.5164
.5162
.516
.5158
.5156
.5154
.5152
.515
.5149
.5147
.5145
.5143
.5141
.5139
.5137
.5134
.5132
.513
.5128
.5126
.5124
.5122
.5119
.5117
.5115
.5113
.5111
.5108
.5106
.5104
.5101
.5099
.5096
.5094
.5092
.5089
.5087
.5084
.5082
.5079
.5076
.5074
.5071
.5069
.5066
.5063
.506
.5058
.5055
.5052
.5049
.5046
.5044
.5041
.5038
.5035
.5032
.5029
.5026
.5023
.5019
.5016
.5013
.501
.5007
.5003
.5
.4997
.4993
.499
.4987
.4983
.498
.4976
.4973
.4969
.4965
.4962
.4958
.4954
.4951
.4947
.4943
.4939
.4935
.4931
.4927
.4923
.4919
.4915
.4911
.4907
.4903
.4899
.4894
.489
.4886
.4882
.4877
.4873
.4868
.4864
.4859
.4855
.485
.4846
.4841
.4836
.4832
.4827
.4822
.4817
.4812
.4807
.4802
.4798
.4793
.4787
.4782
.4777
.4772
.4767
.4762
.4757
.4751
.4746
.4741
.4735
.473
.4724
.4719
.4714
.4708
.4702
.4697
.4691
.4686
.468
.4674
.4668
.4663
.4657
.4651
.4645
.4639
.4633
.4628
.4622
.4616
.461
.4603
.4597
.4591
.4585
.4579
.4573
.4567
.456
.4554
.4548
.4542
.4535
.4529
.4523
.4516
.451
.4503
.4497
.449
.4484
.4477
.4471
.4464
.4458
.4451
.4445
.4438
.4431
.4425
.4418
.4411
.4405
.4398
.4391
.4384
.4378
.4371
.4364
.4357
.435
.4343
.4337
.433
.4323
.4316
.4309
.4302
.4295
.4288
.4281
.4274
.4267
.426
.4253
.4246
.4239
.4232
.4225
.4218
.4211
.4204
.4197
.419
.4183
.4176
.4169
.4162
.4155
.4148
.414
.4133
.4126
.4119
.4112
.4105
.4098
.4091
.4083
.4076
.4069
.4062
.4055
.4048
.4041
.4033
.4026
.4019
.4012
.4005
.3998
.3991
.3983
.3976
.3969
.3962
.3955
.3948
.3941
.3933
.3926
.3919
.3912
.3905
.3898
.3891
.3883
.3876
.3869
.3862
.3855
.3848
.3841
.3834
.3826
.3819
.3812
.3805
.3798
.3791
.3784
.3777
.377
.3763
.3756
.3749
.3742
.3735
.3728
.3721
.3714
.3707
.37
.3693
.3686
.3679
.3672
.3665
.3658
.3651
.3644
.3637
.363
.3623
.3616
.3609
.3602
.3595
.3588
.3582
.3575
.3568
.3561
.3554
.3547
.3541
.3534
.3527
.352
.3513
.3507
.35
.3493
.3486
.348
.3473
.3466
.3459
.3453
.3446
.3439
.3433
.3426
.3419
.3413
.3406
.3399
.3393
.3386
.338
.3373
.3367
.336
.3353
.3347
.334
.3334
.3327
.3321
.3314
.3308
.3301
.3295
.3289
.3282
.3276
.3269
.3263
.3257
.325
.3244
.3238
.3231
.3225
.3219
.3212
.3206
.32
.3194
.3187
.3181
.3175
.3169
.3162
.3156
.315
.3144
.3138
.3132
.3126
.3119
.3113
.3107
.3101
.3095
.3089
.3083
.3077
.3071
.3065
.3059
.3053
.3047
.3041
.3035
.3029
.3023
.3017
.3012
.3006
.3
.2994
.2988
.2982
.2977
.2971
.2965
.2959
.2953
.2948
.2942
.2936
.293
.2925
.2919
.2913
.2908
.2902
.2896
.2891
.2885
.288
.2874
.2868
.2863
.2857
.2852
.2846
.2841
.2835
.283
.2824
.2819
.2813
.2808
.2803
.2797
.2792
.2786
.2781
.2776
.277
.2765
.276
.2754
.2749
.2744
.2738
.2733
.2728
.2723
.2717
.2712
.2707
.2702
.2697
.2691
.2686
.2681
.2676
.2671
.2666
.2661
.2656
.265
.2645
.264
.2635
.263
.2625
.262
.2615
.261
.2605
.26
.2595
.259
.2585
.2581
.2576
.2571
.2566
.2561
.2556
.2551
.2546
.2542
.2537
.2532
.2527
.2522
.2518
.2513
.2508
.2503
.2499
.2494
.2489
.2485
.248
.2475
.2471
.2466
.2461
.2457
.2452
.2447
.2443
.2438
.2434
.2429
.2425
.242
.2415
.2411
.2406
.2402
.2397
.2393
.2388
.2384
.238
.2375
.2371
.2366
.2362
.2357
.2353
.2349
.2344
.234
.2336
.2331
.2327
.2323
.2318
.2314
.231
.2305
.2301
.2297
.2293
.2288
.2284
.228
.2276
.2271
.2267
.2263
.2259
.2255
.2251
.2246
.2242
.2238
.2234
.223
.2226
.2222
.2218
.2214
.221
.2206
.2201
.2197
.2193
.2189
.2185
.2181
.2177
.2173
.2169
.2165
.2162
.2158
.2154
.215
.2146
.2142
.2138
.2134
.213
.2126
.2122
.2119
.2115
.2111
.2107
.2103
.2099
.2096
.2092
.2088
.2084
.208
.2077
.2073
.2069
.2065
.2062
.2058
.2054
.2051
.2047
.2043
.204
.2036
.2032
.2029
.2025
.2021
.2018
.2014
.201
.2007
.2003
.2
.1996
.1992
.1989
.1985
.1982
.1978
.1975
.1971
.1968
.1964
.196
.1957
.1953
.195
.1947
.1943
.194
.1936
.1933
.1929
.1926
.1922
.1919
.1916
.1912
.1909
.1905
.1902
.1899
.1895
.1892
.1888
.1885
.1882
.1878
.1875
.1872
.1868
.1865
.1862
.1859
.1855
.1852
.1849
.1845
.1842
.1839
.1836
.1832
.1829
.1826
.1823
.182
.1816
.1813
.181
.1807
.1804
.18
.1797
.1794
.1791
.1788
.1785
.1781
.1778
.1775
.1772
.1769
.1766
.1763
.176
.1757
.1753
.175
.1747
.1744
.1741
.1738
.1735
.1732
.1729
.1726
.1723
.172
.1717
.1714
.1711
.1708
.1705
.1702
.1699
.1696
.1693
.169
.1687
.1684
.1681
.1678
.1675
.1673
.167
.1667
.1664
.1661
.1658
.1655
.1652
.1649
.1646
.1644
.1641
.1638
.1635
.1632
.1629
.1627
.1624
.1621
.1618
.1615
.1612
.161
.1607
.1604
.1601
.1598
.1596
.1593
.159
.1587
.1585
.1582
.1579
.1576
.1574
.1571
.1568
.1565
.1563
.156
.1557
.1555
.1552
.1549
.1547
.1544
.1541
.1538
.1536
.1533
.153
.1528
.1525
.1523
.152
.1517
.1515
.1512
.1509
.1507
.1504
.1502
.1499
.1496
.1494
.1491
.1489
.1486
.1483
.1481
.1478
.1476
.1473
.1471
.1468
.1465
.1463
.146
.1458
.1455
.1453
.145
.1448
.1445
.1443
.144
.1438
.1435
.1433
.143
.1428
.1425
.1423
.142
.1418
.1415
.1413
.1411
.1408
.1406
.1403
.1401
.1398
.1396
.1393
.1391
.1389
.1386
.1384
.1381
.1379
.1377
.1374
.1372
.1369
.1367
.1365
.1362
.136
.1358
.1355
.1353
.1351
.1348
.1346
.1343
.1341
.1339
.1336
.1334
.1332
.133
.1327
.1325
.1323
.132
.1318
.1316
.1313
.1311
.1309
.1307
.1304
.1302
.13
.1297
.1295
.1293
.1291
.1288
.1286
.1284
.1282
.1279
.1277
.1275
.1273
.1271
.1268
.1266
.1264
.1262
.1259
.1257
.1255
.1253
.1251
.1248
.1246
.1244
.1242
.124
.1238
.1235
.1233
.1231
.1229
.1227
.1225
.1223
.122
.1218
.1216
.1214
.1212
.121
.1208
.1205
.1203
.1201
.1199
.1197
.1195
.1193
.1191
.1189
.1187
.1184
.1182
.118
.1178
.1176
.1174
.1172
.117
.1168
.1166
.1164
.1162
.116
.1158
.1156
.1154
.1152
.115
.1148
.1146
.1144
.1142
.114
.1137
.1135
.1133
.1131
.113
.1128
.1126
.1124
.1122
.112
.1118
.1116
.1114
.1112
.111
.1108
.1106
.1104
.1102
.11
.1098
.1096
.1094
.1092
.109
.1088
.1086
.1085
.1083
.1081
.1079
.1077
.1075
.1073
.1071
.1069
.1067
.1066
.1064
.1062
.106
.1058
.1056
.1054
.1052
.1051
.1049
.1047
.1045
.1043
.1041
.104
.1038
.1036
.1034
.1032
.103
.1029
.1027
.1025
.1023
.1021
.1019
.1018
.1016
.1014
.1012
.1011
.1009
.1007
.1005
.1003
.1002
.1
.0998
.0996
.0995
.0993
.0991
.0989
.0988
.0986
.0984
.0982
.0981
.0979
.0977
.0975
.0974
.0972
.097
.0969
.0967
.0965
.0963
.0962
.096
.0958
.0957
.0955
.0953
.0952
.095
.0948
.0947
.0945
.0943
.0942
.094
.0938
.0937
.0935
.0933
.0932
.093
.0928
.0927
.0925
.0924
.0922
.092
.0919
.0917
.0915
.0914
.0912
.0911
.0909
.0907
.0906
.0904
.0903
.0901
.09
.0898
.0896
.0895
.0893
.0892
.089
.0889
.0887
.0885
.0884
.0882
.0881
.0879
.0878
.0876
.0875
.0873
.0872
.087
.0869
.0867
.0866
.0864
.0863
.0861
.086
.0858
.0857
.0855
.0854
.0852
.0851
.0849
.0848
.0846
.0845
.0843
.0842
.084
.0839
.0837
.0836
.0835
.0833
.0832
.083
.0829
.0827
.0826
.0825
.0823
.0822
.082
.0819
.0817
.0816
.0815
.0813
.0812
.081
.0809
.0808
.0806
.0805
.0804
.0802
.0801
.0799
.0798
.0797
.0795
.0794
.0793
.0791
.079
.0789
.0787
.0786
.0785
.0783
.0782
.0781
.0779
.0778
.0777
.0775
.0774
.0773
.0771
.077
.0769
.0767
.0766
.0765
.0764
.0762
.0761
.076
.0758
.0757
.0756
.0755
.0753
.0752
.0751
.075
.0748
.0747
.0746
.0744
.0743
.0742
.0741
.074
.0738
.0737
.0736
.0735
.0733
.0732
.0731
.073
.0729
.0727
.0726
.0725
.0724
.0722
.0721
.072
.0719
.0718
.0717
.0715
.0714
.0713
.0712
.0711
.0709
.0708
.0707
.0706
.0705
.0704
.0703
.0701
.07
.0699
.0698
.0697
.0696
.0695
.0693
.0692
.0691
.069
.0689
.0688
.0687
.0686
.0684
.0683
.0682
.0681
.068
.0679
.0678
.0677
.0676
.0675
.0673
.0672
.0671
.067
.0669
.0668
.0667
.0666
.0665
.0664
.0663
.0662
.0661
.066
.0659
.0657
.0656
.0655
.0654
.0653
.0652
.0651
.065
.0649
.0648
.0647
.0646
.0645
.0644
.0643
.0642
.0641
.064
.0639
.0638
.0637
.0636
.0635
.0634
.0633
.0632
.0631
.063
.0629
.0628
.0627
.0626
.0625
.0624
.0623
.0622
.0621
.062
.0619
.0618
.0618
.0617
.0616
.0615
.0614
.0613
.0612
.0611
.061
.0609
.0608
.0607
.0606
.0605
.0604
.0603
.0603
.0602
.0601
.06
.0599
.0598
.0597
.0596
.0595
.0594
.0593
.0593
.0592
.0591
.059
.0589
.0588
.0587
.0586
.0585
.0585
.0584
.0583
.0582
.0581
.058
.0579
.0579
.0578
.0577
.0576
.0575
.0574
.0573
.0573
.0572
.0571
.057
.0569
.0568
.0568
.0567
.0566
.0565
.0564
.0563
.0563
.0562
.0561
.056
.0559
.0558
.0558
.0557
.0556
.0555
.0554
.0554
.0553
.0552
.0551
.055
.055
.0549
.0548
.0547
.0546
.0546
.0545
.0544
.0543
.0543
.0542
.0541
.054
.0539
.0539
.0538
.0537
.0536
.0536
.0535
.0534
.0533
.0533
.0532
.0531
.053
.053
.0529
.0528
.0527
.0527
.0526
.0525
.0524
.0524
.0523
.0522
.0522
.0521
.052
.0519
.0519
.0518
.0517
.0516
.0516
.0515
.0514
.0514
.0513
.0512
.0512
.0511
.051
.0509
.0509
.0508
.0507
.0507
.0506
.0505
.0505
.0504
.0503
.0502
.0502
.0501
.05
.05
