.6289
.6259
.6217
.6175
.6132
.6089
.6046
.6004
.5961
.5919
.5877
.5835
.5794
.5754
.5715
.5676
.5639
.5603
.5569
.5536
.5504
.5474
.5446
.5419
.5394
.5371
.5349
.5329
.5311
.5294
.5278
.5264
.5251
.524
.5229
.522
.5211
.5204
.5197
.519
.5185
.518
.5176
.5172
.5168
.5165
.5162
.5159
.5157
.5155
.5153
.5151
.515
.5148
.5147
.5145
.5144
.5143
.5142
.5141
.514
.5139
.5138
.5137
.5136
.5136
.5135
.5134
.5133
.5132
.5131
.5131
.513
.5129
.5128
.5127
.5126
.5126
.5125
.5124
.5123
.5122
.5121
.512
.5119
.5119
.5118
.5117
.5116
.5115
.5114
.5113
.5112
.5111
.511
.5108
.5107
.5106
.5105
.5104
.5103
.5102
.5101
.5099
.5098
.5097
.5096
.5094
.5093
.5092
.5091
.5089
.5088
.5086
.5085
.5084
.5082
.5081
.5079
.5078
.5076
.5075
.5073
.5072
.507
.5068
.5067
.5065
.5063
.5062
.506
.5058
.5056
.5054
.5053
.5051
.5049
.5047
.5045
.5043
.5041
.5039
.5037
.5035
.5032
.503
.5028
.5026
.5024
.5021
.5019
.5017
.5014
.5012
.5009
.5007
.5004
.5002
.4999
.4996
.4994
.4991
.4988
.4985
.4983
.498
.4977
.4974
.4971
.4968
.4965
.4962
.4959
.4955
.4952
.4949
.4946
.4942
.4939
.4936
.4932
.4929
.4925
.4921
.4918
.4914
.491
.4907
.4903
.4899
.4895
.4891
.4887
.4883
.4879
.4875
.4871
.4867
.4862
.4858
.4854
.4849
.4845
.484
.4836
.4831
.4827
.4822
.4817
.4813
.4808
.4803
.4798
.4793
.4788
.4783
.4778
.4773
.4768
.4763
.4757
.4752
.4747
.4741
.4736
.473
.4725
.4719
.4714
.4708
.4702
.4697
.4691
.4685
.4679
.4673
.4668
.4662
.4656
.465
.4643
.4637
.4631
.4625
.4619
.4612
.4606
.46
.4593
.4587
.4581
.4574
.4568
.4561
.4554
.4548
.4541
.4534
.4528
.4521
.4514
.4507
.4501
.4494
.4487
.448
.4473
.4466
.4459
.4452
.4445
.4438
.4431
.4423
.4416
.4409
.4402
.4395
.4387
.438
.4373
.4365
.4358
.4351
.4343
.4336
.4328
.4321
.4313
.4306
.4298
.4291
.4283
.4276
.4268
.426
.4253
.4245
.4237
.423
.4222
.4214
.4206
.4199
.4191
.4183
.4175
.4167
.416
.4152
.4144
.4136
.4128
.412
.4112
.4104
.4096
.4088
.408
.4072
.4064
.4056
.4048
.404
.4032
.4024
.4016
.4008
.4
.3992
.3984
.3975
.3967
.3959
.3951
.3943
.3935
.3926
.3918
.391
.3902
.3893
.3885
.3877
.3869
.386
.3852
.3844
.3836
.3827
.3819
.3811
.3802
.3794
.3786
.3777
.3769
.376
.3752
.3744
.3735
.3727
.3718
.371
.3702
.3693
.3685
.3676
.3668
.3659
.3651
.3642
.3634
.3625
.3617
.3608
.36
.3591
.3583
.3574
.3566
.3557
.3549
.354
.3532
.3523
.3515
.3506
.3498
.3489
.3481
.3472
.3463
.3455
.3446
.3438
.3429
.3421
.3412
.3404
.3395
.3386
.3378
.3369
.3361
.3352
.3344
.3335
.3326
.3318
.3309
.3301
.3292
.3284
.3275
.3267
.3258
.325
.3241
.3233
.3224
.3216
.3207
.3199
.319
.3182
.3173
.3165
.3156
.3148
.3139
.3131
.3123
.3114
.3106
.3098
.3089
.3081
.3072
.3064
.3056
.3047
.3039
.3031
.3023
.3014
.3006
.2998
.299
.2982
.2973
.2965
.2957
.2949
.2941
.2933
.2925
.2917
.2909
.2901
.2893
.2885
.2877
.2869
.2861
.2853
.2845
.2837
.2829
.2821
.2813
.2806
.2798
.279
.2782
.2775
.2767
.2759
.2752
.2744
.2736
.2729
.2721
.2714
.2706
.2698
.2691
.2684
.2676
.2669
.2661
.2654
.2646
.2639
.2632
.2624
.2617
.261
.2603
.2596
.2588
.2581
.2574
.2567
.256
.2553
.2546
.2539
.2532
.2525
.2518
.2511
.2504
.2497
.249
.2483
.2476
.2469
.2463
.2456
.2449
.2442
.2436
.2429
.2422
.2416
.2409
.2402
.2396
.2389
.2383
.2376
.237
.2363
.2357
.235
.2344
.2338
.2331
.2325
.2318
.2312
.2306
.23
.2293
.2287
.2281
.2275
.2269
.2262
.2256
.225
.2244
.2238
.2232
.2226
.222
.2214
.2208
.2202
.2196
.219
.2184
.2178
.2173
.2167
.2161
.2155
.2149
.2144
.2138
.2132
.2127
.2121
.2115
.211
.2104
.2098
.2093
.2087
.2082
.2076
.2071
.2065
.206
.2054
.2049
.2043
.2038
.2033
.2027
.2022
.2017
.2011
.2006
.2001
.1996
.199
.1985
.198
.1975
.197
.1964
.1959
.1954
.1949
.1944
.1939
.1934
.1929
.1924
.1919
.1914
.1909
.1904
.1899
.1894
.1889
.1885
.188
.1875
.187
.1865
.186
.1856
.1851
.1846
.1842
.1837
.1832
.1827
.1823
.1818
.1814
.1809
.1804
.18
.1795
.1791
.1786
.1782
.1777
.1773
.1768
.1764
.176
.1755
.1751
.1746
.1742
.1738
.1733
.1729
.1725
.1721
.1716
.1712
.1708
.1704
.1699
.1695
.1691
.1687
.1683
.1679
.1675
.1671
.1666
.1662
.1658
.1654
.165
.1646
.1642
.1638
.1634
.163
.1627
.1623
.1619
.1615
.1611
.1607
.1603
.16
.1596
.1592
.1588
.1584
.1581
.1577
.1573
.157
.1566
.1562
.1558
.1555
.1551
.1548
.1544
.154
.1537
.1533
.153
.1526
.1523
.1519
.1516
.1512
.1509
.1505
.1502
.1498
.1495
.1491
.1488
.1485
.1481
.1478
.1475
.1471
.1468
.1465
.1461
.1458
.1455
.1452
.1448
.1445
.1442
.1439
.1435
.1432
.1429
.1426
.1423
.142
.1417
.1413
.141
.1407
.1404
.1401
.1398
.1395
.1392
.1389
.1386
.1383
.138
.1377
.1374
.1371
.1368
.1365
.1362
.1359
.1356
.1354
.1351
.1348
.1345
.1342
.1339
.1336
.1334
.1331
.1328
.1325
.1322
.132
.1317
.1314
.1311
.1309
.1306
.1303
.1301
.1298
.1295
.1293
.129
.1287
.1285
.1282
.1279
.1277
.1274
.1272
.1269
.1266
.1264
.1261
.1259
.1256
.1254
.1251
.1249
.1246
.1244
.1241
.1239
.1236
.1234
.1231
.1229
.1227
.1224
.1222
.1219
.1217
.1215
.1212
.121
.1207
.1205
.1203
.12
.1198
.1196
.1193
.1191
.1189
.1187
.1184
.1182
.118
.1178
.1175
.1173
.1171
.1169
.1166
.1164
.1162
.116
.1158
.1155
.1153
.1151
.1149
.1147
.1145
.1142
.114
.1138
.1136
.1134
.1132
.113
.1128
.1126
.1124
.1121
.1119
.1117
.1115
.1113
.1111
.1109
.1107
.1105
.1103
.1101
.1099
.1097
.1095
.1093
.1091
.1089
.1087
.1085
.1083
.1082
.108
.1078
.1076
.1074
.1072
.107
.1068
.1066
.1064
.1063
.1061
.1059
.1057
.1055
.1053
.1051
.105
.1048
.1046
.1044
.1042
.104
.1039
.1037
.1035
.1033
.1032
.103
.1028
.1026
.1024
.1023
.1021
.1019
.1018
.1016
.1014
.1012
.1011
.1009
.1007
.1006
.1004
.1002
.1
.0999
.0997
.0995
.0994
.0992
.099
.0989
.0987
.0986
.0984
.0982
.0981
.0979
.0977
.0976
.0974
.0973
.0971
.0969
.0968
.0966
.0965
.0963
.0962
.096
.0958
.0957
.0955
.0954
.0952
.0951
.0949
.0948
.0946
.0945
.0943
.0942
.094
.0939
.0937
.0936
.0934
.0933
.0931
.093
.0928
.0927
.0925
.0924
.0922
.0921
.092
.0918
.0917
.0915
.0914
.0912
.0911
.091
.0908
.0907
.0905
.0904
.0903
.0901
.09
.0898
.0897
.0896
.0894
.0893
.0892
.089
.0889
.0888
.0886
.0885
.0883
.0882
.0881
.0879
.0878
.0877
.0875
.0874
.0873
.0872
.087
.0869
.0868
.0866
.0865
.0864
.0862
.0861
.086
.0859
.0857
.0856
.0855
.0854
.0852
.0851
.085
.0849
.0847
.0846
.0845
.0844
.0842
.0841
.084
.0839
.0838
.0836
.0835
.0834
.0833
.0831
.083
.0829
.0828
.0827
.0826
.0824
.0823
.0822
.0821
.082
.0818
.0817
.0816
.0815
.0814
.0813
.0812
.081
.0809
.0808
.0807
.0806
.0805
.0804
.0802
.0801
.08
.0799
.0798
.0797
.0796
.0795
.0794
.0792
.0791
.079
.0789
.0788
.0787
.0786
.0785
.0784
.0783
.0782
.078
.0779
.0778
.0777
.0776
.0775
.0774
.0773
.0772
.0771
.077
.0769
.0768
.0767
.0766
.0765
.0764
.0763
.0762
.0761
.076
.0759
.0758
.0757
.0756
.0755
.0754
.0753
.0752
.0751
.075
.0749
.0748
.0747
.0746
.0745
.0744
.0743
.0742
.0741
.074
.0739
.0738
.0737
.0736
.0735
.0734
.0733
.0732
.0731
.073
.0729
.0728
.0727
.0726
.0725
.0724
.0724
.0723
.0722
.0721
.072
.0719
.0718
.0717
.0716
.0715
.0714
.0713
.0713
.0712
.0711
.071
.0709
.0708
.0707
.0706
.0705
.0704
.0704
.0703
.0702
.0701
.07
.0699
.0698
.0697
.0697
.0696
.0695
.0694
.0693
.0692
.0691
.0691
.069
.0689
.0688
.0687
.0686
.0685
.0685
.0684
.0683
.0682
.0681
.068
.068
.0679
.0678
.0677
.0676
.0675
.0675
.0674
.0673
.0672
.0671
.0671
.067
.0669
.0668
.0667
.0666
.0666
.0665
.0664
.0663
.0662
.0662
.0661
.066
.0659
.0659
.0658
.0657
.0656
.0655
.0655
.0654
.0653
.0652
.0652
.0651
.065
.0649
.0648
.0648
.0647
.0646
.0645
.0645
.0644
.0643
.0642
.0642
.0641
.064
.0639
.0639
.0638
.0637
.0636
.0636
.0635
.0634
.0634
.0633
.0632
.0631
.0631
.063
.0629
.0628
.0628
.0627
.0626
.0626
.0625
.0624
.0623
.0623
.0622
.0621
.0621
.062
.0619
.0619
.0618
.0617
.0616
.0616
.0615
.0614
.0614
.0613
.0612
.0612
.0611
.061
.061
.0609
.0608
.0608
.0607
.0606
.0606
.0605
.0604
.0603
.0603
.0602
.0601
.0601
.06
.06
.0599
.0598
.0598
.0597
.0596
.0596
.0595
.0594
.0594
.0593
.0592
.0592
.0591
.059
.059
.0589
.0588
.0588
.0587
.0587
.0586
.0585
.0585
.0584
.0583
.0583
.0582
.0582
.0581
.058
.058
.0579
.0578
.0578
.0577
.0577
.0576
.0575
.0575
.0574
.0574
.0573
.0572
.0572
.0571
.057
.057
.0569
.0569
.0568
.0567
.0567
.0566
.0566
.0565
.0565
.0564
.0563
.0563
.0562
.0562
.0561
.056
.056
.0559
.0559
.0558
.0557
.0557
.0556
.0556
.0555
.0555
.0554
.0553
.0553
.0552
.0552
.0551
.0551
.055
.055
.0549
.0548
.0548
.0547
.0547
.0546
.0546
.0545
.0544
.0544
.0543
.0543
.0542
.0542
.0541
.0541
.054
.054
.0539
.0538
.0538
.0537
.0537
.0536
.0536
.0535
.0535
.0534
.0534
.0533
.0533
.0532
.0531
.0531
.053
.053
.0529
.0529
.0528
.0528
.0527
.0527
.0526
.0526
.0525
.0525
.0524
.0524
.0523
.0523
.0522
.0522
.0521
.0521
.052
.052
.0519
.0519
.0518
.0518
.0517
.0517
.0516
.0516
.0515
.0515
.0514
.0514
.0513
.0513
.0512
.0512
.0511
.0511
.051
.051
.0509
.0509
.0508
.0508
.0507
.0507
.0506
.0506
.0505
.0505
.0504
.0504
.0503
.0503
.0502
.0502
.0501
.0501
.05
.05
