.6357
.6303
.623
.6157
.6084
.6012
.5942
.5873
.5807
.5743
.5682
.5625
.5572
.5522
.5476
.5435
.5398
.5364
.5335
.5309
.5286
.5267
.525
.5236
.5224
.5213
.5204
.5197
.5191
.5186
.5182
.5178
.5175
.5173
.517
.5169
.5167
.5166
.5165
.5164
.5163
.5162
.5161
.516
.516
.5159
.5159
.5158
.5157
.5157
.5156
.5156
.5155
.5155
.5154
.5153
.5153
.5152
.5152
.5151
.515
.515
.5149
.5148
.5148
.5147
.5146
.5146
.5145
.5144
.5143
.5143
.5142
.5141
.5141
.514
.5139
.5138
.5137
.5137
.5136
.5135
.5134
.5133
.5132
.5132
.5131
.513
.5129
.5128
.5127
.5126
.5125
.5124
.5123
.5123
.5122
.5121
.512
.5119
.5118
.5117
.5116
.5114
.5113
.5112
.5111
.511
.5109
.5108
.5107
.5106
.5104
.5103
.5102
.5101
.51
.5098
.5097
.5096
.5095
.5093
.5092
.5091
.5089
.5088
.5087
.5085
.5084
.5082
.5081
.5079
.5078
.5077
.5075
.5073
.5072
.507
.5069
.5067
.5066
.5064
.5062
.5061
.5059
.5057
.5055
.5054
.5052
.505
.5048
.5046
.5044
.5043
.5041
.5039
.5037
.5035
.5033
.5031
.5029
.5027
.5025
.5022
.502
.5018
.5016
.5014
.5011
.5009
.5007
.5004
.5002
.5
.4997
.4995
.4992
.499
.4987
.4985
.4982
.498
.4977
.4974
.4972
.4969
.4966
.4963
.496
.4958
.4955
.4952
.4949
.4946
.4943
.494
.4937
.4934
.4931
.4927
.4924
.4921
.4918
.4914
.4911
.4908
.4904
.4901
.4897
.4894
.489
.4887
.4883
.488
.4876
.4872
.4869
.4865
.4861
.4857
.4853
.4849
.4846
.4842
.4838
.4833
.4829
.4825
.4821
.4817
.4813
.4809
.4804
.48
.4796
.4791
.4787
.4782
.4778
.4773
.4769
.4764
.476
.4755
.475
.4745
.4741
.4736
.4731
.4726
.4721
.4716
.4711
.4706
.4701
.4696
.4691
.4686
.4681
.4676
.4671
.4665
.466
.4655
.4649
.4644
.4639
.4633
.4628
.4622
.4617
.4611
.4606
.46
.4594
.4589
.4583
.4577
.4572
.4566
.456
.4554
.4548
.4542
.4537
.4531
.4525
.4519
.4513
.4507
.4501
.4495
.4488
.4482
.4476
.447
.4464
.4458
.4451
.4445
.4439
.4432
.4426
.442
.4413
.4407
.4401
.4394
.4388
.4381
.4375
.4368
.4362
.4355
.4349
.4342
.4336
.4329
.4322
.4316
.4309
.4302
.4296
.4289
.4282
.4276
.4269
.4262
.4255
.4248
.4242
.4235
.4228
.4221
.4214
.4208
.4201
.4194
.4187
.418
.4173
.4166
.4159
.4152
.4145
.4138
.4131
.4125
.4118
.4111
.4104
.4097
.409
.4083
.4075
.4068
.4061
.4054
.4047
.404
.4033
.4026
.4019
.4012
.4005
.3998
.3991
.3984
.3977
.3969
.3962
.3955
.3948
.3941
.3934
.3927
.392
.3912
.3905
.3898
.3891
.3884
.3877
.387
.3863
.3855
.3848
.3841
.3834
.3827
.382
.3813
.3805
.3798
.3791
.3784
.3777
.377
.3763
.3755
.3748
.3741
.3734
.3727
.372
.3713
.3705
.3698
.3691
.3684
.3677
.367
.3663
.3656
.3649
.3641
.3634
.3627
.362
.3613
.3606
.3599
.3592
.3585
.3578
.3571
.3564
.3557
.355
.3542
.3535
.3528
.3521
.3514
.3507
.35
.3493
.3486
.3479
.3472
.3465
.3458
.3451
.3445
.3438
.3431
.3424
.3417
.341
.3403
.3396
.3389
.3382
.3375
.3369
.3362
.3355
.3348
.3341
.3334
.3328
.3321
.3314
.3307
.33
.3294
.3287
.328
.3273
.3267
.326
.3253
.3247
.324
.3233
.3227
.322
.3213
.3207
.32
.3193
.3187
.318
.3174
.3167
.316
.3154
.3147
.3141
.3134
.3128
.3121
.3115
.3109
.3102
.3096
.3089
.3083
.3076
.307
.3064
.3057
.3051
.3045
.3038
.3032
.3026
.3019
.3013
.3007
.3001
.2995
.2988
.2982
.2976
.297
.2964
.2957
.2951
.2945
.2939
.2933
.2927
.2921
.2915
.2909
.2903
.2897
.2891
.2885
.2879
.2873
.2867
.2861
.2855
.2849
.2844
.2838
.2832
.2826
.282
.2814
.2809
.2803
.2797
.2791
.2786
.278
.2774
.2769
.2763
.2757
.2752
.2746
.274
.2735
.2729
.2724
.2718
.2713
.2707
.2702
.2696
.2691
.2685
.268
.2674
.2669
.2664
.2658
.2653
.2647
.2642
.2637
.2631
.2626
.2621
.2616
.261
.2605
.26
.2595
.259
.2584
.2579
.2574
.2569
.2564
.2559
.2554
.2549
.2543
.2538
.2533
.2528
.2523
.2518
.2513
.2508
.2503
.2499
.2494
.2489
.2484
.2479
.2474
.2469
.2464
.246
.2455
.245
.2445
.244
.2436
.2431
.2426
.2421
.2417
.2412
.2407
.2403
.2398
.2393
.2389
.2384
.238
.2375
.2371
.2366
.2361
.2357
.2352
.2348
.2343
.2339
.2334
.233
.2326
.2321
.2317
.2312
.2308
.2304
.2299
.2295
.2291
.2286
.2282
.2278
.2273
.2269
.2265
.2261
.2256
.2252
.2248
.2244
.224
.2235
.2231
.2227
.2223
.2219
.2215
.2211
.2207
.2202
.2198
.2194
.219
.2186
.2182
.2178
.2174
.217
.2166
.2162
.2158
.2154
.2151
.2147
.2143
.2139
.2135
.2131
.2127
.2123
.2119
.2116
.2112
.2108
.2104
.21
.2097
.2093
.2089
.2085
.2082
.2078
.2074
.2071
.2067
.2063
.206
.2056
.2052
.2049
.2045
.2041
.2038
.2034
.2031
.2027
.2023
.202
.2016
.2013
.2009
.2006
.2002
.1999
.1995
.1992
.1988
.1985
.1981
.1978
.1975
.1971
.1968
.1964
.1961
.1958
.1954
.1951
.1948
.1944
.1941
.1938
.1934
.1931
.1928
.1924
.1921
.1918
.1915
.1911
.1908
.1905
.1902
.1898
.1895
.1892
.1889
.1886
.1882
.1879
.1876
.1873
.187
.1867
.1864
.1861
.1857
.1854
.1851
.1848
.1845
.1842
.1839
.1836
.1833
.183
.1827
.1824
.1821
.1818
.1815
.1812
.1809
.1806
.1803
.18
.1797
.1794
.1791
.1788
.1785
.1783
.178
.1777
.1774
.1771
.1768
.1765
.1762
.176
.1757
.1754
.1751
.1748
.1745
.1743
.174
.1737
.1734
.1732
.1729
.1726
.1723
.1721
.1718
.1715
.1712
.171
.1707
.1704
.1702
.1699
.1696
.1694
.1691
.1688
.1686
.1683
.168
.1678
.1675
.1673
.167
.1667
.1665
.1662
.166
.1657
.1654
.1652
.1649
.1647
.1644
.1642
.1639
.1637
.1634
.1632
.1629
.1627
.1624
.1622
.1619
.1617
.1614
.1612
.1609
.1607
.1604
.1602
.16
.1597
.1595
.1592
.159
.1588
.1585
.1583
.158
.1578
.1576
.1573
.1571
.1569
.1566
.1564
.1562
.1559
.1557
.1555
.1552
.155
.1548
.1545
.1543
.1541
.1539
.1536
.1534
.1532
.153
.1527
.1525
.1523
.1521
.1518
.1516
.1514
.1512
.151
.1507
.1505
.1503
.1501
.1499
.1496
.1494
.1492
.149
.1488
.1486
.1483
.1481
.1479
.1477
.1475
.1473
.1471
.1469
.1467
.1464
.1462
.146
.1458
.1456
.1454
.1452
.145
.1448
.1446
.1444
.1442
.144
.1438
.1436
.1434
.1432
.143
.1428
.1426
.1424
.1422
.142
.1418
.1416
.1414
.1412
.141
.1408
.1406
.1404
.1402
.14
.1398
.1396
.1394
.1392
.139
.1388
.1386
.1385
.1383
.1381
.1379
.1377
.1375
.1373
.1371
.1369
.1368
.1366
.1364
.1362
.136
.1358
.1357
.1355
.1353
.1351
.1349
.1347
.1346
.1344
.1342
.134
.1338
.1337
.1335
.1333
.1331
.1329
.1328
.1326
.1324
.1322
.1321
.1319
.1317
.1315
.1314
.1312
.131
.1308
.1307
.1305
.1303
.1301
.13
.1298
.1296
.1295
.1293
.1291
.129
.1288
.1286
.1284
.1283
.1281
.1279
.1278
.1276
.1274
.1273
.1271
.127
.1268
.1266
.1265
.1263
.1261
.126
.1258
.1256
.1255
.1253
.1252
.125
.1248
.1247
.1245
.1244
.1242
.124
.1239
.1237
.1236
.1234
.1233
.1231
.1229
.1228
.1226
.1225
.1223
.1222
.122
.1219
.1217
.1216
.1214
.1213
.1211
.121
.1208
.1206
.1205
.1203
.1202
.12
.1199
.1197
.1196
.1195
.1193
.1192
.119
.1189
.1187
.1186
.1184
.1183
.1181
.118
.1178
.1177
.1175
.1174
.1173
.1171
.117
.1168
.1167
.1165
.1164
.1163
.1161
.116
.1158
.1157
.1156
.1154
.1153
.1151
.115
.1149
.1147
.1146
.1144
.1143
.1142
.114
.1139
.1138
.1136
.1135
.1134
.1132
.1131
.1129
.1128
.1127
.1125
.1124
.1123
.1121
.112
.1119
.1117
.1116
.1115
.1113
.1112
.1111
.111
.1108
.1107
.1106
.1104
.1103
.1102
.11
.1099
.1098
.1097
.1095
.1094
.1093
.1091
.109
.1089
.1088
.1086
.1085
.1084
.1083
.1081
.108
.1079
.1078
.1076
.1075
.1074
.1073
.1071
.107
.1069
.1068
.1067
.1065
.1064
.1063
.1062
.106
.1059
.1058
.1057
.1056
.1054
.1053
.1052
.1051
.105
.1049
.1047
.1046
.1045
.1044
.1043
.1041
.104
.1039
.1038
.1037
.1036
.1034
.1033
.1032
.1031
.103
.1029
.1028
.1026
.1025
.1024
.1023
.1022
.1021
.102
.1018
.1017
.1016
.1015
.1014
.1013
.1012
.1011
.1009
.1008
.1007
.1006
.1005
.1004
.1003
.1002
.1001
.1
.0998
.0997
.0996
.0995
.0994
.0993
.0992
.0991
.099
.0989
.0988
.0987
.0986
.0984
.0983
.0982
.0981
.098
.0979
.0978
.0977
.0976
.0975
.0974
.0973
.0972
.0971
.097
.0969
.0968
.0967
.0966
.0965
.0964
.0963
.0962
.0961
.0959
.0958
.0957
.0956
.0955
.0954
.0953
.0952
.0951
.095
.0949
.0948
.0947
.0946
.0945
.0944
.0943
.0942
.0941
.094
.094
.0939
.0938
.0937
.0936
.0935
.0934
.0933
.0932
.0931
.093
.0929
.0928
.0927
.0926
.0925
.0924
.0923
.0922
.0921
.092
.0919
.0918
.0917
.0916
.0916
.0915
.0914
.0913
.0912
.0911
.091
.0909
.0908
.0907
.0906
.0905
.0904
.0903
.0903
.0902
.0901
.09
.0899
.0898
.0897
.0896
.0895
.0894
.0893
.0893
.0892
.0891
.089
.0889
.0888
.0887
.0886
.0885
.0885
.0884
.0883
.0882
.0881
.088
.0879
.0878
.0878
.0877
.0876
.0875
.0874
.0873
.0872
.0872
.0871
.087
.0869
.0868
.0867
.0866
.0866
.0865
.0864
.0863
.0862
.0861
.086
.086
.0859
.0858
.0857
.0856
.0855
.0855
.0854
.0853
.0852
.0851
.085
.085
.0849
.0848
.0847
.0846
.0846
.0845
.0844
.0843
.0842
.0841
.0841
.084
.0839
.0838
.0837
.0837
.0836
.0835
.0834
.0833
.0833
.0832
.0831
.083
.0829
.0829
.0828
.0827
.0826
.0826
.0825
.0824
.0823
.0822
.0822
.0821
.082
.0819
.0819
.0818
.0817
.0816
.0815
.0815
.0814
.0813
.0812
.0812
.0811
.081
.0809
.0809
.0808
.0807
.0806
.0806
.0805
.0804
.0803
.0803
.0802
.0801
.08
.08
.0799
.0798
.0797
.0797
.0796
.0795
.0795
.0794
.0793
.0792
.0792
.0791
.079
.0789
.0789
.0788
.0787
.0787
.0786
.0785
.0784
.0784
.0783
.0782
.0782
.0781
.078
.0779
.0779
.0778
.0777
.0777
.0776
.0775
.0774
.0774
.0773
.0772
.0772
.0771
.077
.077
.0769
.0768
.0768
.0767
.0766
.0765
.0765
.0764
.0763
.0763
.0762
.0761
.0761
.076
.0759
.0759
.0758
.0757
.0757
.0756
.0755
.0755
.0754
.0753
.0753
.0752
.0751
.0751
.075
.0749
.0749
.0748
.0747
.0747
.0746
.0745
.0745
.0744
.0743
.0743
.0742
.0741
.0741
.074
.074
.0739
.0738
.0738
.0737
.0736
.0736
.0735
.0734
.0734
.0733
.0733
.0732
.0731
.0731
.073
.0729
.0729
.0728
.0727
.0727
.0726
.0726
.0725
.0724
.0724
.0723
.0722
.0722
.0721
.0721
.072
.0719
.0719
.0718
.0718
.0717
.0716
.0716
.0715
.0715
.0714
.0713
.0713
.0712
.0712
.0711
.071
.071
.0709
.0709
.0708
.0707
.0707
.0706
.0706
.0705
.0704
.0704
.0703
.0703
.0702
.0701
.0701
.07
.07
.0699
.0698
.0698
.0697
.0697
.0696
.0696
.0695
.0694
.0694
.0693
.0693
.0692
.0692
.0691
.069
.069
.0689
.0689
.0688
.0688
.0687
.0686
.0686
.0685
.0685
.0684
.0684
.0683
.0682
.0682
.0681
.0681
.068
.068
.0679
.0679
.0678
.0677
.0677
.0676
.0676
.0675
.0675
.0674
.0674
.0673
.0673
.0672
.0671
.0671
.067
.067
.0669
.0669
.0668
.0668
.0667
.0667
.0666
.0666
.0665
.0664
.0664
.0663
.0663
.0662
.0662
.0661
.0661
.066
.066
.0659
.0659
.0658
.0658
.0657
.0657
.0656
.0656
.0655
.0654
.0654
.0653
.0653
.0652
.0652
.0651
.0651
.065
.065
.0649
.0649
.0648
.0648
.0647
.0647
.0646
.0646
.0645
.0645
.0644
.0644
.0643
.0643
.0642
.0642
.0641
.0641
.064
.064
.0639
.0639
.0638
.0638
.0637
.0637
.0636
.0636
.0635
.0635
.0634
.0634
.0633
.0633
.0632
.0632
.0631
.0631
.063
.063
.0629
.0629
.0628
.0628
.0627
.0627
.0627
.0626
.0626
.0625
.0625
.0624
.0624
.0623
.0623
.0622
.0622
.0621
.0621
.062
.062
.0619
.0619
.0618
.0618
.0618
.0617
.0617
.0616
.0616
.0615
.0615
.0614
.0614
.0613
.0613
.0612
.0612
.0611
.0611
.0611
.061
.061
.0609
.0609
.0608
.0608
.0607
.0607
.0606
.0606
.0606
.0605
.0605
.0604
.0604
.0603
.0603
.0602
.0602
.0602
.0601
.0601
.06
.06
.0599
.0599
.0598
.0598
.0598
.0597
.0597
.0596
.0596
.0595
.0595
.0594
.0594
.0594
.0593
.0593
.0592
.0592
.0591
.0591
.0591
.059
.059
.0589
.0589
.0588
.0588
.0588
.0587
.0587
.0586
.0586
.0585
.0585
.0585
.0584
.0584
.0583
.0583
.0582
.0582
.0582
.0581
.0581
.058
.058
.058
.0579
.0579
.0578
.0578
.0577
.0577
.0577
.0576
.0576
.0575
.0575
.0575
.0574
.0574
.0573
.0573
.0572
.0572
.0572
.0571
.0571
.057
.057
.057
.0569
.0569
.0568
.0568
.0568
.0567
.0567
.0566
.0566
.0566
.0565
.0565
.0564
.0564
.0564
.0563
.0563
.0562
.0562
.0562
.0561
.0561
.056
.056
.056
.0559
.0559
.0559
.0558
.0558
.0557
.0557
.0557
.0556
.0556
.0555
.0555
.0555
.0554
.0554
.0553
.0553
.0553
.0552
.0552
.0552
.0551
.0551
.055
.055
.055
.0549
.0549
.0549
.0548
.0548
.0547
.0547
.0547
.0546
.0546
.0546
.0545
.0545
.0544
.0544
.0544
.0543
.0543
.0543
.0542
.0542
.0541
.0541
.0541
.054
.054
.054
.0539
.0539
.0538
.0538
.0538
.0537
.0537
.0537
.0536
.0536
.0536
.0535
.0535
.0534
.0534
.0534
.0533
.0533
.0533
.0532
.0532
.0532
.0531
.0531
.0531
.053
.053
.0529
.0529
.0529
.0528
.0528
.0528
.0527
.0527
.0527
.0526
.0526
.0526
.0525
.0525
.0525
.0524
.0524
.0524
.0523
.0523
.0522
.0522
.0522
.0521
.0521
.0521
.052
.052
.052
.0519
.0519
.0519
.0518
.0518
.0518
.0517
.0517
.0517
.0516
.0516
.0516
.0515
.0515
.0515
.0514
.0514
.0514
.0513
.0513
.0513
.0512
.0512
.0512
.0511
.0511
.0511
.051
.051
.051
.0509
.0509
.0509
.0508
.0508
.0508
.0507
.0507
.0507
.0506
.0506
.0506
.0505
.0505
.0505
.0504
.0504
.0504
.0503
.0503
.0503
.0502
.0502
.0502
.0501
.0501
.0501
.05
.05
.05
