.6411
.6371
.6316
.626
.6204
.6148
.6091
.6035
.5979
.5924
.587
.5817
.5765
.5715
.5667
.5621
.5578
.5538
.55
.5465
.5433
.5404
.5377
.5354
.5333
.5314
.5297
.5283
.5271
.526
.525
.5242
.5235
.523
.5225
.522
.5217
.5214
.5211
.5209
.5207
.5205
.5204
.5203
.5202
.5201
.52
.52
.5199
.5199
.5198
.5198
.5197
.5197
.5197
.5196
.5196
.5196
.5195
.5195
.5195
.5195
.5194
.5194
.5194
.5194
.5193
.5193
.5193
.5193
.5192
.5192
.5192
.5192
.5191
.5191
.5191
.5191
.519
.519
.519
.519
.5189
.5189
.5189
.5189
.5188
.5188
.5188
.5188
.5187
.5187
.5187
.5187
.5186
.5186
.5186
.5186
.5185
.5185
.5185
.5185
.5185
.5184
.5184
.5184
.5184
.5183
.5183
.5183
.5183
.5182
.5182
.5182
.5182
.5182
.5181
.5181
.5181
.5181
.518
.518
.518
.518
.518
.5179
.5179
.5179
.5179
.5178
.5178
.5178
.5178
.5178
.5177
.5177
.5177
.5177
.5177
.5176
.5176
.5176
.5176
.5176
.5175
.5175
.5175
.5175
.5174
.5174
.5174
.5174
.5174
.5173
.5173
.5173
.5173
.5173
.5172
.5172
.5172
.5172
.5172
.5171
.5171
.5171
.5171
.5171
.517
.517
.517
.517
.517
.5169
.5169
.5169
.5169
.5169
.5168
.5168
.5168
.5168
.5168
.5167
.5167
.5167
.5167
.5167
.5167
.5166
.5166
.5166
.5166
.5166
.5165
.5165
.5165
.5165
.5165
.5164
.5164
.5164
.5164
.5164
.5163
.5163
.5163
.5163
.5163
.5163
.5162
.5162
.5162
.5162
.5162
.5161
.5161
.5161
.5161
.5161
.5161
.516
.516
.516
.516
.516
.5159
.5159
.5159
.5159
.5159
.5158
.5158
.5158
.5158
.5158
.5158
.5157
.5157
.5157
.5157
.5157
.5156
.5156
.5156
.5156
.5156
.5156
.5155
.5155
.5155
.5155
.5155
.5154
.5154
.5154
.5154
.5154
.5154
.5153
.5153
.5153
.5153
.5153
.5152
.5152
.5152
.5152
.5152
.5152
.5151
.5151
.5151
.5151
.5151
.5151
.515
.515
.515
.515
.515
.5149
.5149
.5149
.5149
.5149
.5149
.5148
.5148
.5148
.5148
.5148
.5147
.5147
.5147
.5147
.5147
.5147
.5146
.5146
.5146
.5146
.5146
.5146
.5145
.5145
.5145
.5145
.5145
.5144
.5144
.5144
.5144
.5144
.5144
.5143
.5143
.5143
.5143
.5143
.5143
.5142
.5142
.5142
.5142
.5142
.5141
.5141
.5141
.5141
.5141
.5141
.514
.514
.514
.514
.514
.514
.5139
.5139
.5139
.5139
.5139
.5138
.5138
.5138
.5138
.5138
.5138
.5137
.5137
.5137
.5137
.5137
.5137
.5136
.5136
.5136
.5136
.5136
.5135
.5135
.5135
.5135
.5135
.5135
.5134
.5134
.5134
.5134
.5134
.5133
.5133
.5133
.5133
.5133
.5133
.5132
.5132
.5132
.5132
.5132
.5132
.5131
.5131
.5131
.5131
.5131
.513
.513
.513
.513
.513
.513
.5129
.5129
.5129
.5129
.5129
.5128
.5128
.5128
.5128
.5128
.5127
.5127
.5127
.5127
.5127
.5127
.5126
.5126
.5126
.5126
.5126
.5125
.5125
.5125
.5125
.5125
.5124
.5124
.5124
.5124
.5124
.5123
.5123
.5123
.5123
.5123
.5123
.5122
.5122
.5122
.5122
.5122
.5121
.5121
.5121
.5121
.5121
.512
.512
.512
.512
.5119
.5119
.5119
.5119
.5119
.5118
.5118
.5118
.5118
.5118
.5117
.5117
.5117
.5117
.5116
.5116
.5116
.5116
.5116
.5115
.5115
.5115
.5115
.5114
.5114
.5114
.5114
.5114
.5113
.5113
.5113
.5113
.5112
.5112
.5112
.5112
.5111
.5111
.5111
.5111
.511
.511
.511
.511
.5109
.5109
.5109
.5109
.5108
.5108
.5108
.5107
.5107
.5107
.5107
.5106
.5106
.5106
.5105
.5105
.5105
.5105
.5104
.5104
.5104
.5103
.5103
.5103
.5103
.5102
.5102
.5102
.5101
.5101
.5101
.51
.51
.51
.5099
.5099
.5099
.5098
.5098
.5098
.5097
.5097
.5096
.5096
.5096
.5095
.5095
.5095
.5094
.5094
.5093
.5093
.5093
.5092
.5092
.5091
.5091
.5091
.509
.509
.5089
.5089
.5088
.5088
.5087
.5087
.5087
.5086
.5086
.5085
.5085
.5084
.5084
.5083
.5083
.5082
.5082
.5081
.508
.508
.5079
.5079
.5078
.5078
.5077
.5077
.5076
.5075
.5075
.5074
.5073
.5073
.5072
.5072
.5071
.507
.507
.5069
.5068
.5067
.5067
.5066
.5065
.5065
.5064
.5063
.5062
.5061
.5061
.506
.5059
.5058
.5057
.5057
.5056
.5055
.5054
.5053
.5052
.5051
.505
.5049
.5048
.5047
.5046
.5045
.5044
.5043
.5042
.5041
.504
.5039
.5038
.5037
.5036
.5034
.5033
.5032
.5031
.503
.5028
.5027
.5026
.5025
.5023
.5022
.502
.5019
.5018
.5016
.5015
.5013
.5012
.501
.5009
.5007
.5006
.5004
.5002
.5001
.4999
.4997
.4996
.4994
.4992
.499
.4988
.4986
.4985
.4983
.4981
.4979
.4977
.4975
.4973
.4971
.4968
.4966
.4964
.4962
.496
.4957
.4955
.4953
.495
.4948
.4945
.4943
.494
.4938
.4935
.4932
.493
.4927
.4924
.4922
.4919
.4916
.4913
.491
.4907
.4904
.4901
.4898
.4895
.4891
.4888
.4885
.4882
.4878
.4875
.4871
.4868
.4864
.4861
.4857
.4853
.485
.4846
.4842
.4838
.4834
.483
.4826
.4822
.4818
.4814
.481
.4806
.4801
.4797
.4793
.4788
.4784
.4779
.4774
.477
.4765
.476
.4756
.4751
.4746
.4741
.4736
.4731
.4726
.4721
.4715
.471
.4705
.4699
.4694
.4689
.4683
.4678
.4672
.4666
.4661
.4655
.4649
.4643
.4637
.4631
.4625
.4619
.4613
.4607
.4601
.4594
.4588
.4582
.4575
.4569
.4562
.4556
.4549
.4543
.4536
.4529
.4523
.4516
.4509
.4502
.4495
.4488
.4481
.4474
.4467
.446
.4453
.4445
.4438
.4431
.4423
.4416
.4409
.4401
.4394
.4386
.4379
.4371
.4364
.4356
.4348
.4341
.4333
.4325
.4317
.4309
.4302
.4294
.4286
.4278
.427
.4262
.4254
.4246
.4238
.423
.4221
.4213
.4205
.4197
.4189
.4181
.4172
.4164
.4156
.4147
.4139
.4131
.4122
.4114
.4106
.4097
.4089
.408
.4072
.4064
.4055
.4047
.4038
.403
.4021
.4013
.4004
.3995
.3987
.3978
.397
.3961
.3953
.3944
.3935
.3927
.3918
.3909
.3901
.3892
.3884
.3875
.3866
.3858
.3849
.384
.3832
.3823
.3814
.3805
.3797
.3788
.3779
.3771
.3762
.3753
.3745
.3736
.3727
.3718
.371
.3701
.3692
.3684
.3675
.3666
.3658
.3649
.364
.3632
.3623
.3614
.3605
.3597
.3588
.3579
.3571
.3562
.3553
.3545
.3536
.3527
.3519
.351
.3502
.3493
.3484
.3476
.3467
.3458
.345
.3441
.3433
.3424
.3415
.3407
.3398
.339
.3381
.3373
.3364
.3356
.3347
.3339
.333
.3322
.3313
.3305
.3296
.3288
.328
.3271
.3263
.3254
.3246
.3238
.3229
.3221
.3212
.3204
.3196
.3188
.3179
.3171
.3163
.3155
.3146
.3138
.313
.3122
.3113
.3105
.3097
.3089
.3081
.3073
.3065
.3057
.3049
.3041
.3033
.3025
.3017
.3009
.3001
.2993
.2985
.2977
.2969
.2961
.2953
.2946
.2938
.293
.2922
.2914
.2907
.2899
.2891
.2884
.2876
.2868
.2861
.2853
.2845
.2838
.283
.2823
.2815
.2808
.28
.2793
.2786
.2778
.2771
.2763
.2756
.2749
.2742
.2734
.2727
.272
.2713
.2705
.2698
.2691
.2684
.2677
.267
.2663
.2656
.2649
.2642
.2635
.2628
.2621
.2614
.2607
.26
.2593
.2587
.258
.2573
.2566
.256
.2553
.2546
.254
.2533
.2526
.252
.2513
.2507
.25
.2494
.2487
.2481
.2474
.2468
.2462
.2455
.2449
.2443
.2436
.243
.2424
.2417
.2411
.2405
.2399
.2393
.2387
.2381
.2374
.2368
.2362
.2356
.235
.2344
.2338
.2333
.2327
.2321
.2315
.2309
.2303
.2297
.2292
.2286
.228
.2274
.2269
.2263
.2257
.2252
.2246
.224
.2235
.2229
.2224
.2218
.2213
.2207
.2202
.2196
.2191
.2186
.218
.2175
.2169
.2164
.2159
.2154
.2148
.2143
.2138
.2133
.2127
.2122
.2117
.2112
.2107
.2102
.2097
.2092
.2087
.2082
.2077
.2072
.2067
.2062
.2057
.2052
.2047
.2042
.2037
.2032
.2027
.2023
.2018
.2013
.2008
.2003
.1999
.1994
.1989
.1985
.198
.1975
.1971
.1966
.1961
.1957
.1952
.1948
.1943
.1939
.1934
.193
.1925
.1921
.1916
.1912
.1907
.1903
.1899
.1894
.189
.1886
.1881
.1877
.1873
.1868
.1864
.186
.1856
.1851
.1847
.1843
.1839
.1835
.183
.1826
.1822
.1818
.1814
.181
.1806
.1802
.1798
.1794
.179
.1786
.1782
.1778
.1774
.177
.1766
.1762
.1758
.1754
.175
.1747
.1743
.1739
.1735
.1731
.1727
.1724
.172
.1716
.1712
.1709
.1705
.1701
.1697
.1694
.169
.1686
.1683
.1679
.1675
.1672
.1668
.1665
.1661
.1658
.1654
.165
.1647
.1643
.164
.1636
.1633
.1629
.1626
.1622
.1619
.1616
.1612
.1609
.1605
.1602
.1599
.1595
.1592
.1589
.1585
.1582
.1579
.1575
.1572
.1569
.1565
.1562
.1559
.1556
.1552
.1549
.1546
.1543
.154
.1536
.1533
.153
.1527
.1524
.1521
.1518
.1515
.1511
.1508
.1505
.1502
.1499
.1496
.1493
.149
.1487
.1484
.1481
.1478
.1475
.1472
.1469
.1466
.1463
.146
.1457
.1454
.1452
.1449
.1446
.1443
.144
.1437
.1434
.1431
.1429
.1426
.1423
.142
.1417
.1415
.1412
.1409
.1406
.1404
.1401
.1398
.1395
.1393
.139
.1387
.1385
.1382
.1379
.1376
.1374
.1371
.1368
.1366
.1363
.1361
.1358
.1355
.1353
.135
.1348
.1345
.1342
.134
.1337
.1335
.1332
.133
.1327
.1325
.1322
.132
.1317
.1315
.1312
.131
.1307
.1305
.1302
.13
.1298
.1295
.1293
.129
.1288
.1285
.1283
.1281
.1278
.1276
.1274
.1271
.1269
.1267
.1264
.1262
.126
.1257
.1255
.1253
.125
.1248
.1246
.1244
.1241
.1239
.1237
.1235
.1232
.123
.1228
.1226
.1223
.1221
.1219
.1217
.1215
.1212
.121
.1208
.1206
.1204
.1202
.1199
.1197
.1195
.1193
.1191
.1189
.1187
.1185
.1182
.118
.1178
.1176
.1174
.1172
.117
.1168
.1166
.1164
.1162
.116
.1158
.1156
.1154
.1152
.115
.1148
.1146
.1144
.1142
.114
.1138
.1136
.1134
.1132
.113
.1128
.1126
.1124
.1122
.112
.1118
.1117
.1115
.1113
.1111
.1109
.1107
.1105
.1103
.1101
.11
.1098
.1096
.1094
.1092
.109
.1089
.1087
.1085
.1083
.1081
.1079
.1078
.1076
.1074
.1072
.1071
.1069
.1067
.1065
.1063
.1062
.106
.1058
.1056
.1055
.1053
.1051
.1049
.1048
.1046
.1044
.1043
.1041
.1039
.1038
.1036
.1034
.1032
.1031
.1029
.1027
.1026
.1024
.1022
.1021
.1019
.1018
.1016
.1014
.1013
.1011
.1009
.1008
.1006
.1005
.1003
.1001
.1
.0998
.0997
.0995
.0993
.0992
.099
.0989
.0987
.0986
.0984
.0983
.0981
.0979
.0978
.0976
.0975
.0973
.0972
.097
.0969
.0967
.0966
.0964
.0963
.0961
.096
.0958
.0957
.0955
.0954
.0952
.0951
.0949
.0948
.0947
.0945
.0944
.0942
.0941
.0939
.0938
.0936
.0935
.0934
.0932
.0931
.0929
.0928
.0927
.0925
.0924
.0922
.0921
.092
.0918
.0917
.0915
.0914
.0913
.0911
.091
.0909
.0907
.0906
.0904
.0903
.0902
.09
.0899
.0898
.0896
.0895
.0894
.0892
.0891
.089
.0889
.0887
.0886
.0885
.0883
.0882
.0881
.0879
.0878
.0877
.0876
.0874
.0873
.0872
.087
.0869
.0868
.0867
.0865
.0864
.0863
.0862
.086
.0859
.0858
.0857
.0856
.0854
.0853
.0852
.0851
.0849
.0848
.0847
.0846
.0845
.0843
.0842
.0841
.084
.0839
.0837
.0836
.0835
.0834
.0833
.0831
.083
.0829
.0828
.0827
.0826
.0824
.0823
.0822
.0821
.082
.0819
.0818
.0816
.0815
.0814
.0813
.0812
.0811
.081
.0809
.0807
.0806
.0805
.0804
.0803
.0802
.0801
.08
.0799
.0797
.0796
.0795
.0794
.0793
.0792
.0791
.079
.0789
.0788
.0787
.0786
.0784
.0783
.0782
.0781
.078
.0779
.0778
.0777
.0776
.0775
.0774
.0773
.0772
.0771
.077
.0769
.0768
.0767
.0766
.0765
.0764
.0763
.0762
.0761
.076
.0759
.0757
.0756
.0755
.0754
.0753
.0752
.0751
.075
.075
.0749
.0748
.0747
.0746
.0745
.0744
.0743
.0742
.0741
.074
.0739
.0738
.0737
.0736
.0735
.0734
.0733
.0732
.0731
.073
.0729
.0728
.0727
.0726
.0725
.0724
.0724
.0723
.0722
.0721
.072
.0719
.0718
.0717
.0716
.0715
.0714
.0713
.0712
.0712
.0711
.071
.0709
.0708
.0707
.0706
.0705
.0704
.0703
.0703
.0702
.0701
.07
.0699
.0698
.0697
.0696
.0696
.0695
.0694
.0693
.0692
.0691
.069
.0689
.0689
.0688
.0687
.0686
.0685
.0684
.0683
.0683
.0682
.0681
.068
.0679
.0678
.0678
.0677
.0676
.0675
.0674
.0673
.0673
.0672
.0671
.067
.0669
.0668
.0668
.0667
.0666
.0665
.0664
.0664
.0663
.0662
.0661
.066
.0659
.0659
.0658
.0657
.0656
.0655
.0655
.0654
.0653
.0652
.0652
.0651
.065
.0649
.0648
.0648
.0647
.0646
.0645
.0645
.0644
.0643
.0642
.0641
.0641
.064
.0639
.0638
.0638
.0637
.0636
.0635
.0635
.0634
.0633
.0632
.0632
.0631
.063
.0629
.0629
.0628
.0627
.0626
.0626
.0625
.0624
.0623
.0623
.0622
.0621
.0621
.062
.0619
.0618
.0618
.0617
.0616
.0615
.0615
.0614
.0613
.0613
.0612
.0611
.061
.061
.0609
.0608
.0608
.0607
.0606
.0606
.0605
.0604
.0603
.0603
.0602
.0601
.0601
.06
.0599
.0599
.0598
.0597
.0597
.0596
.0595
.0595
.0594
.0593
.0592
.0592
.0591
.059
.059
.0589
.0588
.0588
.0587
.0586
.0586
.0585
.0584
.0584
.0583
.0582
.0582
.0581
.0581
.058
.0579
.0579
.0578
.0577
.0577
.0576
.0575
.0575
.0574
.0573
.0573
.0572
.0571
.0571
.057
.057
.0569
.0568
.0568
.0567
.0566
.0566
.0565
.0565
.0564
.0563
.0563
.0562
.0561
.0561
.056
.056
.0559
.0558
.0558
.0557
.0557
.0556
.0555
.0555
.0554
.0553
.0553
.0552
.0552
.0551
.055
.055
.0549
.0549
.0548
.0547
.0547
.0546
.0546
.0545
.0544
.0544
.0543
.0543
.0542
.0542
.0541
.054
.054
.0539
.0539
.0538
.0537
.0537
.0536
.0536
.0535
.0535
.0534
.0533
.0533
.0532
.0532
.0531
.0531
.053
.0529
.0529
.0528
.0528
.0527
.0527
.0526
.0526
.0525
.0524
.0524
.0523
.0523
.0522
.0522
.0521
.0521
.052
.0519
.0519
.0518
.0518
.0517
.0517
.0516
.0516
.0515
.0515
.0514
.0513
.0513
.0512
.0512
.0511
.0511
.051
.051
.0509
.0509
.0508
.0508
.0507
.0507
.0506
.0505
.0505
.0504
.0504
.0503
.0503
.0502
.0502
.0501
.0501
.05
.05
