.5384
.5386
.5366
.5349
.5333
.5319
.5306
.5295
.5285
.5276
.5268
.5261
.5255
.5249
.5244
.524
.5236
.5233
.523
.5228
.5226
.5224
.5222
.522
.5219
.5218
.5217
.5216
.5215
.5214
.5214
.5213
.5212
.5212
.5211
.5211
.5211
.521
.521
.5209
.5209
.5209
.5208
.5208
.5208
.5207
.5207
.5207
.5207
.5206
.5206
.5206
.5205
.5205
.5205
.5204
.5204
.5204
.5204
.5203
.5203
.5203
.5203
.5202
.5202
.5202
.5201
.5201
.5201
.5201
.52
.52
.52
.5199
.5199
.5199
.5199
.5198
.5198
.5198
.5197
.5197
.5197
.5196
.5196
.5196
.5196
.5195
.5195
.5195
.5194
.5194
.5194
.5194
.5193
.5193
.5193
.5192
.5192
.5192
.5192
.5191
.5191
.5191
.519
.519
.519
.5189
.5189
.5189
.5189
.5188
.5188
.5188
.5187
.5187
.5187
.5186
.5186
.5186
.5186
.5185
.5185
.5185
.5184
.5184
.5184
.5183
.5183
.5183
.5182
.5182
.5182
.5181
.5181
.5181
.518
.518
.518
.5179
.5179
.5179
.5178
.5178
.5178
.5177
.5177
.5177
.5176
.5176
.5176
.5175
.5175
.5175
.5174
.5174
.5174
.5173
.5173
.5173
.5172
.5172
.5171
.5171
.5171
.517
.517
.5169
.5169
.5169
.5168
.5168
.5168
.5167
.5167
.5166
.5166
.5165
.5165
.5165
.5164
.5164
.5163
.5163
.5162
.5162
.5162
.5161
.5161
.516
.516
.5159
.5159
.5158
.5158
.5157
.5157
.5156
.5156
.5155
.5155
.5154
.5154
.5153
.5153
.5152
.5152
.5151
.5151
.515
.5149
.5149
.5148
.5148
.5147
.5147
.5146
.5145
.5145
.5144
.5143
.5143
.5142
.5142
.5141
.514
.5139
.5139
.5138
.5137
.5137
.5136
.5135
.5135
.5134
.5133
.5132
.5131
.5131
.513
.5129
.5128
.5127
.5127
.5126
.5125
.5124
.5123
.5122
.5121
.512
.512
.5119
.5118
.5117
.5116
.5115
.5114
.5113
.5112
.5111
.511
.5108
.5107
.5106
.5105
.5104
.5103
.5102
.5101
.5099
.5098
.5097
.5096
.5094
.5093
.5092
.509
.5089
.5088
.5086
.5085
.5084
.5082
.5081
.5079
.5078
.5076
.5075
.5073
.5071
.507
.5068
.5067
.5065
.5063
.5061
.506
.5058
.5056
.5054
.5052
.5051
.5049
.5047
.5045
.5043
.5041
.5039
.5037
.5034
.5032
.503
.5028
.5026
.5024
.5021
.5019
.5017
.5014
.5012
.5009
.5007
.5004
.5002
.4999
.4997
.4994
.4991
.4989
.4986
.4983
.498
.4977
.4975
.4972
.4969
.4966
.4963
.4959
.4956
.4953
.495
.4947
.4943
.494
.4937
.4933
.493
.4926
.4923
.4919
.4916
.4912
.4908
.4905
.4901
.4897
.4893
.4889
.4885
.4881
.4877
.4873
.4869
.4865
.4861
.4857
.4852
.4848
.4843
.4839
.4835
.483
.4825
.4821
.4816
.4812
.4807
.4802
.4797
.4792
.4787
.4782
.4777
.4772
.4767
.4762
.4757
.4752
.4746
.4741
.4736
.473
.4725
.4719
.4714
.4708
.4702
.4697
.4691
.4685
.4679
.4674
.4668
.4662
.4656
.465
.4644
.4638
.4632
.4625
.4619
.4613
.4607
.46
.4594
.4587
.4581
.4574
.4568
.4561
.4555
.4548
.4541
.4535
.4528
.4521
.4514
.4508
.4501
.4494
.4487
.448
.4473
.4466
.4459
.4452
.4444
.4437
.443
.4423
.4415
.4408
.4401
.4393
.4386
.4379
.4371
.4364
.4356
.4349
.4341
.4334
.4326
.4318
.4311
.4303
.4295
.4288
.428
.4272
.4264
.4257
.4249
.4241
.4233
.4225
.4217
.4209
.4201
.4193
.4185
.4177
.4169
.4161
.4153
.4145
.4137
.4129
.4121
.4113
.4105
.4096
.4088
.408
.4072
.4064
.4055
.4047
.4039
.4031
.4022
.4014
.4006
.3998
.3989
.3981
.3973
.3964
.3956
.3948
.3939
.3931
.3923
.3914
.3906
.3897
.3889
.3881
.3872
.3864
.3855
.3847
.3839
.383
.3822
.3813
.3805
.3796
.3788
.378
.3771
.3763
.3754
.3746
.3738
.3729
.3721
.3712
.3704
.3695
.3687
.3679
.367
.3662
.3653
.3645
.3637
.3628
.362
.3612
.3603
.3595
.3587
.3578
.357
.3562
.3553
.3545
.3537
.3528
.352
.3512
.3504
.3495
.3487
.3479
.3471
.3462
.3454
.3446
.3438
.343
.3422
.3413
.3405
.3397
.3389
.3381
.3373
.3365
.3357
.3349
.3341
.3333
.3325
.3317
.3309
.3301
.3293
.3285
.3277
.327
.3262
.3254
.3246
.3238
.3231
.3223
.3215
.3207
.32
.3192
.3184
.3177
.3169
.3161
.3154
.3146
.3139
.3131
.3124
.3116
.3109
.3101
.3094
.3086
.3079
.3072
.3064
.3057
.3049
.3042
.3035
.3028
.302
.3013
.3006
.2999
.2992
.2985
.2977
.297
.2963
.2956
.2949
.2942
.2935
.2928
.2921
.2914
.2908
.2901
.2894
.2887
.288
.2873
.2867
.286
.2853
.2846
.284
.2833
.2826
.282
.2813
.2807
.28
.2793
.2787
.278
.2774
.2768
.2761
.2755
.2748
.2742
.2736
.2729
.2723
.2717
.271
.2704
.2698
.2692
.2686
.2679
.2673
.2667
.2661
.2655
.2649
.2643
.2637
.2631
.2625
.2619
.2613
.2607
.2601
.2595
.2589
.2583
.2578
.2572
.2566
.256
.2555
.2549
.2543
.2537
.2532
.2526
.2521
.2515
.2509
.2504
.2498
.2493
.2487
.2482
.2476
.2471
.2465
.246
.2454
.2449
.2444
.2438
.2433
.2428
.2422
.2417
.2412
.2407
.2401
.2396
.2391
.2386
.2381
.2375
.237
.2365
.236
.2355
.235
.2345
.234
.2335
.233
.2325
.232
.2315
.231
.2305
.23
.2296
.2291
.2286
.2281
.2276
.2271
.2267
.2262
.2257
.2252
.2248
.2243
.2238
.2234
.2229
.2224
.222
.2215
.2211
.2206
.2202
.2197
.2192
.2188
.2183
.2179
.2174
.217
.2166
.2161
.2157
.2152
.2148
.2144
.2139
.2135
.2131
.2126
.2122
.2118
.2113
.2109
.2105
.2101
.2097
.2092
.2088
.2084
.208
.2076
.2072
.2067
.2063
.2059
.2055
.2051
.2047
.2043
.2039
.2035
.2031
.2027
.2023
.2019
.2015
.2011
.2007
.2003
.1999
.1996
.1992
.1988
.1984
.198
.1976
.1973
.1969
.1965
.1961
.1957
.1954
.195
.1946
.1942
.1939
.1935
.1931
.1928
.1924
.192
.1917
.1913
.191
.1906
.1902
.1899
.1895
.1892
.1888
.1885
.1881
.1878
.1874
.1871
.1867
.1864
.186
.1857
.1853
.185
.1846
.1843
.184
.1836
.1833
.183
.1826
.1823
.182
.1816
.1813
.181
.1806
.1803
.18
.1796
.1793
.179
.1787
.1784
.178
.1777
.1774
.1771
.1768
.1764
.1761
.1758
.1755
.1752
.1749
.1746
.1743
.1739
.1736
.1733
.173
.1727
.1724
.1721
.1718
.1715
.1712
.1709
.1706
.1703
.17
.1697
.1694
.1691
.1688
.1685
.1682
.168
.1677
.1674
.1671
.1668
.1665
.1662
.1659
.1657
.1654
.1651
.1648
.1645
.1642
.164
.1637
.1634
.1631
.1629
.1626
.1623
.162
.1618
.1615
.1612
.1609
.1607
.1604
.1601
.1599
.1596
.1593
.1591
.1588
.1585
.1583
.158
.1578
.1575
.1572
.157
.1567
.1565
.1562
.1559
.1557
.1554
.1552
.1549
.1547
.1544
.1542
.1539
.1537
.1534
.1532
.1529
.1527
.1524
.1522
.1519
.1517
.1514
.1512
.151
.1507
.1505
.1502
.15
.1498
.1495
.1493
.149
.1488
.1486
.1483
.1481
.1479
.1476
.1474
.1472
.1469
.1467
.1465
.1462
.146
.1458
.1456
.1453
.1451
.1449
.1446
.1444
.1442
.144
.1437
.1435
.1433
.1431
.1429
.1426
.1424
.1422
.142
.1418
.1416
.1413
.1411
.1409
.1407
.1405
.1403
.14
.1398
.1396
.1394
.1392
.139
.1388
.1386
.1384
.1381
.1379
.1377
.1375
.1373
.1371
.1369
.1367
.1365
.1363
.1361
.1359
.1357
.1355
.1353
.1351
.1349
.1347
.1345
.1343
.1341
.1339
.1337
.1335
.1333
.1331
.1329
.1327
.1325
.1323
.1321
.1319
.1318
.1316
.1314
.1312
.131
.1308
.1306
.1304
.1302
.1301
.1299
.1297
.1295
.1293
.1291
.1289
.1287
.1286
.1284
.1282
.128
.1278
.1277
.1275
.1273
.1271
.1269
.1267
.1266
.1264
.1262
.126
.1259
.1257
.1255
.1253
.1252
.125
.1248
.1246
.1245
.1243
.1241
.1239
.1238
.1236
.1234
.1232
.1231
.1229
.1227
.1226
.1224
.1222
.1221
.1219
.1217
.1216
.1214
.1212
.1211
.1209
.1207
.1206
.1204
.1202
.1201
.1199
.1198
.1196
.1194
.1193
.1191
.1189
.1188
.1186
.1185
.1183
.1181
.118
.1178
.1177
.1175
.1174
.1172
.117
.1169
.1167
.1166
.1164
.1163
.1161
.116
.1158
.1157
.1155
.1153
.1152
.115
.1149
.1147
.1146
.1144
.1143
.1141
.114
.1138
.1137
.1135
.1134
.1133
.1131
.113
.1128
.1127
.1125
.1124
.1122
.1121
.1119
.1118
.1117
.1115
.1114
.1112
.1111
.1109
.1108
.1107
.1105
.1104
.1102
.1101
.1099
.1098
.1097
.1095
.1094
.1093
.1091
.109
.1088
.1087
.1086
.1084
.1083
.1082
.108
.1079
.1077
.1076
.1075
.1073
.1072
.1071
.1069
.1068
.1067
.1065
.1064
.1063
.1061
.106
.1059
.1058
.1056
.1055
.1054
.1052
.1051
.105
.1048
.1047
.1046
.1045
.1043
.1042
.1041
.104
.1038
.1037
.1036
.1034
.1033
.1032
.1031
.1029
.1028
.1027
.1026
.1024
.1023
.1022
.1021
.102
.1018
.1017
.1016
.1015
.1013
.1012
.1011
.101
.1009
.1007
.1006
.1005
.1004
.1003
.1001
.1
.0999
.0998
.0997
.0996
.0994
.0993
.0992
.0991
.099
.0989
.0987
.0986
.0985
.0984
.0983
.0982
.098
.0979
.0978
.0977
.0976
.0975
.0974
.0973
.0971
.097
.0969
.0968
.0967
.0966
.0965
.0964
.0962
.0961
.096
.0959
.0958
.0957
.0956
.0955
.0954
.0953
.0951
.095
.0949
.0948
.0947
.0946
.0945
.0944
.0943
.0942
.0941
.094
.0939
.0938
.0936
.0935
.0934
.0933
.0932
.0931
.093
.0929
.0928
.0927
.0926
.0925
.0924
.0923
.0922
.0921
.092
.0919
.0918
.0917
.0916
.0915
.0914
.0913
.0912
.0911
.091
.0909
.0908
.0907
.0906
.0905
.0904
.0903
.0902
.0901
.09
.0899
.0898
.0897
.0896
.0895
.0894
.0893
.0892
.0891
.089
.0889
.0888
.0887
.0886
.0885
.0884
.0883
.0882
.0881
.088
.088
.0879
.0878
.0877
.0876
.0875
.0874
.0873
.0872
.0871
.087
.0869
.0868
.0867
.0866
.0866
.0865
.0864
.0863
.0862
.0861
.086
.0859
.0858
.0857
.0856
.0856
.0855
.0854
.0853
.0852
.0851
.085
.0849
.0848
.0848
.0847
.0846
.0845
.0844
.0843
.0842
.0841
.0841
.084
.0839
.0838
.0837
.0836
.0835
.0834
.0834
.0833
.0832
.0831
.083
.0829
.0828
.0828
.0827
.0826
.0825
.0824
.0823
.0823
.0822
.0821
.082
.0819
.0818
.0818
.0817
.0816
.0815
.0814
.0813
.0813
.0812
.0811
.081
.0809
.0808
.0808
.0807
.0806
.0805
.0804
.0804
.0803
.0802
.0801
.08
.08
.0799
.0798
.0797
.0796
.0796
.0795
.0794
.0793
.0792
.0792
.0791
.079
.0789
.0789
.0788
.0787
.0786
.0785
.0785
.0784
.0783
.0782
.0782
.0781
.078
.0779
.0779
.0778
.0777
.0776
.0776
.0775
.0774
.0773
.0773
.0772
.0771
.077
.077
.0769
.0768
.0767
.0767
.0766
.0765
.0764
.0764
.0763
.0762
.0761
.0761
.076
.0759
.0758
.0758
.0757
.0756
.0756
.0755
.0754
.0753
.0753
.0752
.0751
.0751
.075
.0749
.0748
.0748
.0747
.0746
.0746
.0745
.0744
.0743
.0743
.0742
.0741
.0741
.074
.0739
.0739
.0738
.0737
.0737
.0736
.0735
.0734
.0734
.0733
.0732
.0732
.0731
.073
.073
.0729
.0728
.0728
.0727
.0726
.0726
.0725
.0724
.0724
.0723
.0722
.0722
.0721
.072
.072
.0719
.0718
.0718
.0717
.0716
.0716
.0715
.0714
.0714
.0713
.0712
.0712
.0711
.071
.071
.0709
.0709
.0708
.0707
.0707
.0706
.0705
.0705
.0704
.0703
.0703
.0702
.0702
.0701
.07
.07
.0699
.0698
.0698
.0697
.0697
.0696
.0695
.0695
.0694
.0693
.0693
.0692
.0692
.0691
.069
.069
.0689
.0688
.0688
.0687
.0687
.0686
.0685
.0685
.0684
.0684
.0683
.0682
.0682
.0681
.0681
.068
.0679
.0679
.0678
.0678
.0677
.0676
.0676
.0675
.0675
.0674
.0674
.0673
.0672
.0672
.0671
.0671
.067
.0669
.0669
.0668
.0668
.0667
.0667
.0666
.0665
.0665
.0664
.0664
.0663
.0663
.0662
.0661
.0661
.066
.066
.0659
.0659
.0658
.0657
.0657
.0656
.0656
.0655
.0655
.0654
.0653
.0653
.0652
.0652
.0651
.0651
.065
.065
.0649
.0649
.0648
.0647
.0647
.0646
.0646
.0645
.0645
.0644
.0644
.0643
.0643
.0642
.0641
.0641
.064
.064
.0639
.0639
.0638
.0638
.0637
.0637
.0636
.0636
.0635
.0635
.0634
.0633
.0633
.0632
.0632
.0631
.0631
.063
.063
.0629
.0629
.0628
.0628
.0627
.0627
.0626
.0626
.0625
.0625
.0624
.0624
.0623
.0623
.0622
.0622
.0621
.0621
.062
.062
.0619
.0619
.0618
.0618
.0617
.0616
.0616
.0615
.0615
.0614
.0614
.0614
.0613
.0613
.0612
.0612
.0611
.0611
.061
.061
.0609
.0609
.0608
.0608
.0607
.0607
.0606
.0606
.0605
.0605
.0604
.0604
.0603
.0603
.0602
.0602
.0601
.0601
.06
.06
.0599
.0599
.0598
.0598
.0597
.0597
.0597
.0596
.0596
.0595
.0595
.0594
.0594
.0593
.0593
.0592
.0592
.0591
.0591
.059
.059
.059
.0589
.0589
.0588
.0588
.0587
.0587
.0586
.0586
.0585
.0585
.0584
.0584
.0584
.0583
.0583
.0582
.0582
.0581
.0581
.058
.058
.058
.0579
.0579
.0578
.0578
.0577
.0577
.0576
.0576
.0575
.0575
.0575
.0574
.0574
.0573
.0573
.0572
.0572
.0572
.0571
.0571
.057
.057
.0569
.0569
.0568
.0568
.0568
.0567
.0567
.0566
.0566
.0565
.0565
.0565
.0564
.0564
.0563
.0563
.0562
.0562
.0562
.0561
.0561
.056
.056
.056
.0559
.0559
.0558
.0558
.0557
.0557
.0557
.0556
.0556
.0555
.0555
.0555
.0554
.0554
.0553
.0553
.0552
.0552
.0552
.0551
.0551
.055
.055
.055
.0549
.0549
.0548
.0548
.0548
.0547
.0547
.0546
.0546
.0546
.0545
.0545
.0544
.0544
.0544
.0543
.0543
.0542
.0542
.0542
.0541
.0541
.054
.054
.054
.0539
.0539
.0538
.0538
.0538
.0537
.0537
.0536
.0536
.0536
.0535
.0535
.0534
.0534
.0534
.0533
.0533
.0533
.0532
.0532
.0531
.0531
.0531
.053
.053
.0529
.0529
.0529
.0528
.0528
.0528
.0527
.0527
.0526
.0526
.0526
.0525
.0525
.0525
.0524
.0524
.0523
.0523
.0523
.0522
.0522
.0522
.0521
.0521
.052
.052
.052
.0519
.0519
.0519
.0518
.0518
.0518
.0517
.0517
.0516
.0516
.0516
.0515
.0515
.0515
.0514
.0514
.0514
.0513
.0513
.0512
.0512
.0512
.0511
.0511
.0511
.051
.051
.051
.0509
.0509
.0509
.0508
.0508
.0507
.0507
.0507
.0506
.0506
.0506
.0505
.0505
.0505
.0504
.0504
.0504
.0503
.0503
.0503
.0502
.0502
.0502
.0501
.0501
.0501
.05
.05
