.5472
.5469
.5442
.5417
.5395
.5375
.5357
.5341
.5327
.5314
.5303
.5293
.5285
.5277
.5271
.5266
.5261
.5257
.5253
.525
.5247
.5245
.5243
.5241
.524
.5239
.5237
.5236
.5236
.5235
.5234
.5233
.5233
.5232
.5232
.5231
.5231
.523
.523
.5229
.5229
.5228
.5228
.5227
.5227
.5226
.5226
.5225
.5225
.5224
.5224
.5223
.5223
.5222
.5222
.5221
.522
.522
.5219
.5219
.5218
.5217
.5217
.5216
.5216
.5215
.5214
.5214
.5213
.5212
.5212
.5211
.521
.5209
.5209
.5208
.5207
.5206
.5206
.5205
.5204
.5203
.5202
.5202
.5201
.52
.5199
.5198
.5197
.5196
.5195
.5194
.5193
.5193
.5192
.5191
.519
.5189
.5188
.5187
.5185
.5184
.5183
.5182
.5181
.518
.5179
.5178
.5176
.5175
.5174
.5173
.5172
.517
.5169
.5168
.5166
.5165
.5164
.5162
.5161
.516
.5158
.5157
.5155
.5154
.5152
.5151
.5149
.5147
.5146
.5144
.5143
.5141
.5139
.5138
.5136
.5134
.5132
.513
.5129
.5127
.5125
.5123
.5121
.5119
.5117
.5115
.5113
.5111
.5109
.5107
.5104
.5102
.51
.5098
.5095
.5093
.5091
.5088
.5086
.5084
.5081
.5079
.5076
.5074
.5071
.5068
.5066
.5063
.506
.5057
.5055
.5052
.5049
.5046
.5043
.504
.5037
.5034
.5031
.5028
.5025
.5022
.5018
.5015
.5012
.5008
.5005
.5002
.4998
.4995
.4991
.4988
.4984
.498
.4977
.4973
.4969
.4965
.4961
.4957
.4954
.495
.4946
.4942
.4937
.4933
.4929
.4925
.4921
.4916
.4912
.4908
.4903
.4899
.4894
.489
.4885
.488
.4876
.4871
.4866
.4862
.4857
.4852
.4847
.4842
.4837
.4832
.4827
.4822
.4817
.4811
.4806
.4801
.4796
.479
.4785
.4779
.4774
.4768
.4763
.4757
.4752
.4746
.474
.4735
.4729
.4723
.4717
.4711
.4706
.47
.4694
.4688
.4682
.4675
.4669
.4663
.4657
.4651
.4645
.4638
.4632
.4626
.4619
.4613
.4606
.46
.4593
.4587
.458
.4574
.4567
.4561
.4554
.4547
.4541
.4534
.4527
.452
.4513
.4507
.45
.4493
.4486
.4479
.4472
.4465
.4458
.4451
.4444
.4437
.443
.4423
.4415
.4408
.4401
.4394
.4387
.438
.4372
.4365
.4358
.435
.4343
.4336
.4329
.4321
.4314
.4306
.4299
.4292
.4284
.4277
.4269
.4262
.4254
.4247
.4239
.4232
.4224
.4217
.4209
.4202
.4194
.4187
.4179
.4172
.4164
.4156
.4149
.4141
.4134
.4126
.4118
.4111
.4103
.4096
.4088
.408
.4073
.4065
.4057
.405
.4042
.4034
.4027
.4019
.4011
.4004
.3996
.3988
.3981
.3973
.3965
.3958
.395
.3942
.3935
.3927
.392
.3912
.3904
.3897
.3889
.3881
.3874
.3866
.3858
.3851
.3843
.3836
.3828
.382
.3813
.3805
.3798
.379
.3782
.3775
.3767
.376
.3752
.3745
.3737
.373
.3722
.3715
.3707
.37
.3692
.3685
.3677
.367
.3662
.3655
.3647
.364
.3633
.3625
.3618
.361
.3603
.3596
.3588
.3581
.3574
.3566
.3559
.3552
.3544
.3537
.353
.3523
.3515
.3508
.3501
.3494
.3486
.3479
.3472
.3465
.3458
.3451
.3443
.3436
.3429
.3422
.3415
.3408
.3401
.3394
.3387
.338
.3373
.3366
.3359
.3352
.3345
.3338
.3331
.3324
.3317
.3311
.3304
.3297
.329
.3283
.3276
.327
.3263
.3256
.3249
.3243
.3236
.3229
.3222
.3216
.3209
.3203
.3196
.3189
.3183
.3176
.317
.3163
.3156
.315
.3143
.3137
.313
.3124
.3118
.3111
.3105
.3098
.3092
.3085
.3079
.3073
.3066
.306
.3054
.3048
.3041
.3035
.3029
.3023
.3016
.301
.3004
.2998
.2992
.2986
.2979
.2973
.2967
.2961
.2955
.2949
.2943
.2937
.2931
.2925
.2919
.2913
.2907
.2901
.2896
.289
.2884
.2878
.2872
.2866
.286
.2855
.2849
.2843
.2837
.2832
.2826
.282
.2815
.2809
.2803
.2798
.2792
.2786
.2781
.2775
.277
.2764
.2758
.2753
.2747
.2742
.2736
.2731
.2726
.272
.2715
.2709
.2704
.2699
.2693
.2688
.2682
.2677
.2672
.2667
.2661
.2656
.2651
.2646
.264
.2635
.263
.2625
.262
.2614
.2609
.2604
.2599
.2594
.2589
.2584
.2579
.2574
.2569
.2564
.2559
.2554
.2549
.2544
.2539
.2534
.2529
.2524
.2519
.2514
.251
.2505
.25
.2495
.249
.2486
.2481
.2476
.2471
.2467
.2462
.2457
.2452
.2448
.2443
.2438
.2434
.2429
.2424
.242
.2415
.2411
.2406
.2402
.2397
.2393
.2388
.2384
.2379
.2375
.237
.2366
.2361
.2357
.2352
.2348
.2344
.2339
.2335
.233
.2326
.2322
.2317
.2313
.2309
.2305
.23
.2296
.2292
.2288
.2283
.2279
.2275
.2271
.2267
.2262
.2258
.2254
.225
.2246
.2242
.2238
.2234
.223
.2225
.2221
.2217
.2213
.2209
.2205
.2201
.2197
.2193
.2189
.2186
.2182
.2178
.2174
.217
.2166
.2162
.2158
.2154
.215
.2147
.2143
.2139
.2135
.2131
.2128
.2124
.212
.2116
.2113
.2109
.2105
.2101
.2098
.2094
.209
.2087
.2083
.2079
.2076
.2072
.2068
.2065
.2061
.2058
.2054
.205
.2047
.2043
.204
.2036
.2033
.2029
.2026
.2022
.2019
.2015
.2012
.2008
.2005
.2001
.1998
.1995
.1991
.1988
.1984
.1981
.1978
.1974
.1971
.1968
.1964
.1961
.1958
.1954
.1951
.1948
.1944
.1941
.1938
.1935
.1931
.1928
.1925
.1922
.1919
.1915
.1912
.1909
.1906
.1903
.1899
.1896
.1893
.189
.1887
.1884
.1881
.1878
.1874
.1871
.1868
.1865
.1862
.1859
.1856
.1853
.185
.1847
.1844
.1841
.1838
.1835
.1832
.1829
.1826
.1823
.182
.1817
.1814
.1811
.1809
.1806
.1803
.18
.1797
.1794
.1791
.1788
.1785
.1783
.178
.1777
.1774
.1771
.1768
.1766
.1763
.176
.1757
.1755
.1752
.1749
.1746
.1744
.1741
.1738
.1735
.1733
.173
.1727
.1725
.1722
.1719
.1716
.1714
.1711
.1709
.1706
.1703
.1701
.1698
.1695
.1693
.169
.1688
.1685
.1682
.168
.1677
.1675
.1672
.167
.1667
.1664
.1662
.1659
.1657
.1654
.1652
.1649
.1647
.1644
.1642
.1639
.1637
.1634
.1632
.163
.1627
.1625
.1622
.162
.1617
.1615
.1613
.161
.1608
.1605
.1603
.1601
.1598
.1596
.1594
.1591
.1589
.1587
.1584
.1582
.158
.1577
.1575
.1573
.157
.1568
.1566
.1563
.1561
.1559
.1557
.1554
.1552
.155
.1548
.1545
.1543
.1541
.1539
.1536
.1534
.1532
.153
.1528
.1525
.1523
.1521
.1519
.1517
.1515
.1512
.151
.1508
.1506
.1504
.1502
.15
.1497
.1495
.1493
.1491
.1489
.1487
.1485
.1483
.1481
.1479
.1477
.1474
.1472
.147
.1468
.1466
.1464
.1462
.146
.1458
.1456
.1454
.1452
.145
.1448
.1446
.1444
.1442
.144
.1438
.1436
.1434
.1432
.143
.1428
.1426
.1424
.1422
.1421
.1419
.1417
.1415
.1413
.1411
.1409
.1407
.1405
.1403
.1401
.14
.1398
.1396
.1394
.1392
.139
.1388
.1386
.1385
.1383
.1381
.1379
.1377
.1375
.1374
.1372
.137
.1368
.1366
.1364
.1363
.1361
.1359
.1357
.1355
.1354
.1352
.135
.1348
.1347
.1345
.1343
.1341
.134
.1338
.1336
.1334
.1333
.1331
.1329
.1327
.1326
.1324
.1322
.1321
.1319
.1317
.1316
.1314
.1312
.131
.1309
.1307
.1305
.1304
.1302
.13
.1299
.1297
.1295
.1294
.1292
.1291
.1289
.1287
.1286
.1284
.1282
.1281
.1279
.1278
.1276
.1274
.1273
.1271
.127
.1268
.1266
.1265
.1263
.1262
.126
.1259
.1257
.1255
.1254
.1252
.1251
.1249
.1248
.1246
.1245
.1243
.1241
.124
.1238
.1237
.1235
.1234
.1232
.1231
.1229
.1228
.1226
.1225
.1223
.1222
.122
.1219
.1217
.1216
.1214
.1213
.1212
.121
.1209
.1207
.1206
.1204
.1203
.1201
.12
.1198
.1197
.1196
.1194
.1193
.1191
.119
.1188
.1187
.1186
.1184
.1183
.1181
.118
.1179
.1177
.1176
.1174
.1173
.1172
.117
.1169
.1168
.1166
.1165
.1163
.1162
.1161
.1159
.1158
.1157
.1155
.1154
.1153
.1151
.115
.1149
.1147
.1146
.1145
.1143
.1142
.1141
.1139
.1138
.1137
.1135
.1134
.1133
.1132
.113
.1129
.1128
.1126
.1125
.1124
.1122
.1121
.112
.1119
.1117
.1116
.1115
.1114
.1112
.1111
.111
.1109
.1107
.1106
.1105
.1104
.1102
.1101
.11
.1099
.1097
.1096
.1095
.1094
.1092
.1091
.109
.1089
.1088
.1086
.1085
.1084
.1083
.1082
.108
.1079
.1078
.1077
.1076
.1074
.1073
.1072
.1071
.107
.1069
.1067
.1066
.1065
.1064
.1063
.1062
.106
.1059
.1058
.1057
.1056
.1055
.1053
.1052
.1051
.105
.1049
.1048
.1047
.1046
.1044
.1043
.1042
.1041
.104
.1039
.1038
.1037
.1035
.1034
.1033
.1032
.1031
.103
.1029
.1028
.1027
.1026
.1024
.1023
.1022
.1021
.102
.1019
.1018
.1017
.1016
.1015
.1014
.1013
.1012
.101
.1009
.1008
.1007
.1006
.1005
.1004
.1003
.1002
.1001
.1
.0999
.0998
.0997
.0996
.0995
.0994
.0993
.0992
.0991
.099
.0989
.0988
.0987
.0986
.0984
.0983
.0982
.0981
.098
.0979
.0978
.0977
.0976
.0975
.0974
.0973
.0972
.0971
.097
.0969
.0968
.0968
.0967
.0966
.0965
.0964
.0963
.0962
.0961
.096
.0959
.0958
.0957
.0956
.0955
.0954
.0953
.0952
.0951
.095
.0949
.0948
.0947
.0946
.0945
.0944
.0943
.0943
.0942
.0941
.094
.0939
.0938
.0937
.0936
.0935
.0934
.0933
.0932
.0931
.093
.093
.0929
.0928
.0927
.0926
.0925
.0924
.0923
.0922
.0921
.092
.092
.0919
.0918
.0917
.0916
.0915
.0914
.0913
.0912
.0912
.0911
.091
.0909
.0908
.0907
.0906
.0905
.0905
.0904
.0903
.0902
.0901
.09
.0899
.0898
.0898
.0897
.0896
.0895
.0894
.0893
.0892
.0892
.0891
.089
.0889
.0888
.0887
.0887
.0886
.0885
.0884
.0883
.0882
.0881
.0881
.088
.0879
.0878
.0877
.0877
.0876
.0875
.0874
.0873
.0872
.0872
.0871
.087
.0869
.0868
.0868
.0867
.0866
.0865
.0864
.0863
.0863
.0862
.0861
.086
.0859
.0859
.0858
.0857
.0856
.0856
.0855
.0854
.0853
.0852
.0852
.0851
.085
.0849
.0848
.0848
.0847
.0846
.0845
.0845
.0844
.0843
.0842
.0841
.0841
.084
.0839
.0838
.0838
.0837
.0836
.0835
.0835
.0834
.0833
.0832
.0832
.0831
.083
.0829
.0829
.0828
.0827
.0826
.0826
.0825
.0824
.0823
.0823
.0822
.0821
.082
.082
.0819
.0818
.0818
.0817
.0816
.0815
.0815
.0814
.0813
.0812
.0812
.0811
.081
.081
.0809
.0808
.0807
.0807
.0806
.0805
.0805
.0804
.0803
.0802
.0802
.0801
.08
.08
.0799
.0798
.0798
.0797
.0796
.0795
.0795
.0794
.0793
.0793
.0792
.0791
.0791
.079
.0789
.0789
.0788
.0787
.0787
.0786
.0785
.0785
.0784
.0783
.0782
.0782
.0781
.078
.078
.0779
.0778
.0778
.0777
.0776
.0776
.0775
.0774
.0774
.0773
.0772
.0772
.0771
.077
.077
.0769
.0769
.0768
.0767
.0767
.0766
.0765
.0765
.0764
.0763
.0763
.0762
.0761
.0761
.076
.0759
.0759
.0758
.0758
.0757
.0756
.0756
.0755
.0754
.0754
.0753
.0752
.0752
.0751
.0751
.075
.0749
.0749
.0748
.0747
.0747
.0746
.0746
.0745
.0744
.0744
.0743
.0743
.0742
.0741
.0741
.074
.0739
.0739
.0738
.0738
.0737
.0736
.0736
.0735
.0735
.0734
.0733
.0733
.0732
.0732
.0731
.073
.073
.0729
.0729
.0728
.0727
.0727
.0726
.0726
.0725
.0724
.0724
.0723
.0723
.0722
.0722
.0721
.072
.072
.0719
.0719
.0718
.0717
.0717
.0716
.0716
.0715
.0715
.0714
.0713
.0713
.0712
.0712
.0711
.0711
.071
.0709
.0709
.0708
.0708
.0707
.0707
.0706
.0706
.0705
.0704
.0704
.0703
.0703
.0702
.0702
.0701
.07
.07
.0699
.0699
.0698
.0698
.0697
.0697
.0696
.0696
.0695
.0694
.0694
.0693
.0693
.0692
.0692
.0691
.0691
.069
.069
.0689
.0688
.0688
.0687
.0687
.0686
.0686
.0685
.0685
.0684
.0684
.0683
.0683
.0682
.0682
.0681
.068
.068
.0679
.0679
.0678
.0678
.0677
.0677
.0676
.0676
.0675
.0675
.0674
.0674
.0673
.0673
.0672
.0672
.0671
.0671
.067
.067
.0669
.0669
.0668
.0668
.0667
.0667
.0666
.0666
.0665
.0664
.0664
.0663
.0663
.0662
.0662
.0661
.0661
.066
.066
.0659
.0659
.0658
.0658
.0657
.0657
.0656
.0656
.0656
.0655
.0655
.0654
.0654
.0653
.0653
.0652
.0652
.0651
.0651
.065
.065
.0649
.0649
.0648
.0648
.0647
.0647
.0646
.0646
.0645
.0645
.0644
.0644
.0643
.0643
.0642
.0642
.0641
.0641
.0641
.064
.064
.0639
.0639
.0638
.0638
.0637
.0637
.0636
.0636
.0635
.0635
.0634
.0634
.0633
.0633
.0633
.0632
.0632
.0631
.0631
.063
.063
.0629
.0629
.0628
.0628
.0627
.0627
.0627
.0626
.0626
.0625
.0625
.0624
.0624
.0623
.0623
.0622
.0622
.0622
.0621
.0621
.062
.062
.0619
.0619
.0618
.0618
.0618
.0617
.0617
.0616
.0616
.0615
.0615
.0614
.0614
.0614
.0613
.0613
.0612
.0612
.0611
.0611
.0611
.061
.061
.0609
.0609
.0608
.0608
.0608
.0607
.0607
.0606
.0606
.0605
.0605
.0604
.0604
.0604
.0603
.0603
.0602
.0602
.0602
.0601
.0601
.06
.06
.0599
.0599
.0599
.0598
.0598
.0597
.0597
.0596
.0596
.0596
.0595
.0595
.0594
.0594
.0594
.0593
.0593
.0592
.0592
.0591
.0591
.0591
.059
.059
.0589
.0589
.0589
.0588
.0588
.0587
.0587
.0587
.0586
.0586
.0585
.0585
.0585
.0584
.0584
.0583
.0583
.0583
.0582
.0582
.0581
.0581
.0581
.058
.058
.0579
.0579
.0579
.0578
.0578
.0577
.0577
.0577
.0576
.0576
.0575
.0575
.0575
.0574
.0574
.0573
.0573
.0573
.0572
.0572
.0571
.0571
.0571
.057
.057
.057
.0569
.0569
.0568
.0568
.0568
.0567
.0567
.0566
.0566
.0566
.0565
.0565
.0565
.0564
.0564
.0563
.0563
.0563
.0562
.0562
.0562
.0561
.0561
.056
.056
.056
.0559
.0559
.0559
.0558
.0558
.0557
.0557
.0557
.0556
.0556
.0556
.0555
.0555
.0555
.0554
.0554
.0553
.0553
.0553
.0552
.0552
.0552
.0551
.0551
.055
.055
.055
.0549
.0549
.0549
.0548
.0548
.0548
.0547
.0547
.0547
.0546
.0546
.0545
.0545
.0545
.0544
.0544
.0544
.0543
.0543
.0543
.0542
.0542
.0542
.0541
.0541
.054
.054
.054
.0539
.0539
.0539
.0538
.0538
.0538
.0537
.0537
.0537
.0536
.0536
.0536
.0535
.0535
.0535
.0534
.0534
.0534
.0533
.0533
.0532
.0532
.0532
.0531
.0531
.0531
.053
.053
.053
.0529
.0529
.0529
.0528
.0528
.0528
.0527
.0527
.0527
.0526
.0526
.0526
.0525
.0525
.0525
.0524
.0524
.0524
.0523
.0523
.0523
.0522
.0522
.0522
.0521
.0521
.0521
.052
.052
.052
.0519
.0519
.0519
.0518
.0518
.0518
.0517
.0517
.0517
.0516
.0516
.0516
.0516
.0515
.0515
.0515
.0514
.0514
.0514
.0513
.0513
.0513
.0512
.0512
.0512
.0511
.0511
.0511
.051
.051
.051
.0509
.0509
.0509
.0508
.0508
.0508
.0508
.0507
.0507
.0507
.0506
.0506
.0506
.0505
.0505
.0505
.0504
.0504
.0504
.0503
.0503
.0503
.0503
.0502
.0502
.0502
.0501
.0501
.0501
.05
.05
.05
