.554
.5534
.5511
.5489
.5468
.5449
.543
.5414
.5398
.5383
.537
.5358
.5346
.5336
.5327
.5318
.531
.5303
.5297
.5291
.5286
.5281
.5277
.5273
.5269
.5266
.5263
.5261
.5258
.5256
.5254
.5252
.5251
.5249
.5248
.5246
.5245
.5244
.5243
.5241
.524
.5239
.5238
.5237
.5237
.5236
.5235
.5234
.5233
.5232
.5231
.523
.5229
.5228
.5228
.5227
.5226
.5225
.5224
.5223
.5222
.5221
.522
.5219
.5218
.5217
.5216
.5215
.5214
.5212
.5211
.521
.5209
.5208
.5207
.5205
.5204
.5203
.5201
.52
.5199
.5197
.5196
.5195
.5193
.5192
.519
.5189
.5187
.5185
.5184
.5182
.518
.5179
.5177
.5175
.5173
.5172
.517
.5168
.5166
.5164
.5162
.516
.5158
.5156
.5153
.5151
.5149
.5147
.5144
.5142
.514
.5137
.5135
.5132
.513
.5127
.5124
.5122
.5119
.5116
.5113
.511
.5108
.5105
.5101
.5098
.5095
.5092
.5089
.5086
.5082
.5079
.5075
.5072
.5068
.5065
.5061
.5057
.5054
.505
.5046
.5042
.5038
.5034
.503
.5026
.5021
.5017
.5013
.5008
.5004
.4999
.4995
.499
.4985
.4981
.4976
.4971
.4966
.4961
.4956
.4951
.4945
.494
.4935
.493
.4924
.4919
.4913
.4907
.4902
.4896
.489
.4884
.4879
.4873
.4867
.486
.4854
.4848
.4842
.4836
.4829
.4823
.4816
.481
.4803
.4797
.479
.4783
.4776
.477
.4763
.4756
.4749
.4742
.4735
.4727
.472
.4713
.4706
.4698
.4691
.4684
.4676
.4669
.4661
.4653
.4646
.4638
.463
.4623
.4615
.4607
.4599
.4591
.4583
.4575
.4567
.4559
.4551
.4543
.4535
.4527
.4518
.451
.4502
.4494
.4485
.4477
.4468
.446
.4451
.4443
.4434
.4426
.4417
.4409
.44
.4391
.4383
.4374
.4365
.4357
.4348
.4339
.433
.4321
.4312
.4304
.4295
.4286
.4277
.4268
.4259
.425
.4241
.4232
.4223
.4214
.4205
.4195
.4186
.4177
.4168
.4159
.415
.4141
.4131
.4122
.4113
.4104
.4095
.4085
.4076
.4067
.4057
.4048
.4039
.403
.402
.4011
.4002
.3992
.3983
.3974
.3964
.3955
.3946
.3936
.3927
.3918
.3908
.3899
.389
.388
.3871
.3861
.3852
.3843
.3833
.3824
.3815
.3805
.3796
.3787
.3777
.3768
.3759
.3749
.374
.3731
.3721
.3712
.3703
.3694
.3684
.3675
.3666
.3657
.3647
.3638
.3629
.362
.3611
.3601
.3592
.3583
.3574
.3565
.3556
.3547
.3537
.3528
.3519
.351
.3501
.3492
.3483
.3474
.3465
.3456
.3447
.3439
.343
.3421
.3412
.3403
.3394
.3386
.3377
.3368
.3359
.3351
.3342
.3333
.3325
.3316
.3307
.3299
.329
.3282
.3273
.3265
.3256
.3248
.3239
.3231
.3223
.3214
.3206
.3198
.3189
.3181
.3173
.3165
.3156
.3148
.314
.3132
.3124
.3116
.3108
.31
.3092
.3084
.3076
.3068
.306
.3052
.3045
.3037
.3029
.3021
.3014
.3006
.2998
.2991
.2983
.2975
.2968
.296
.2953
.2945
.2938
.293
.2923
.2916
.2908
.2901
.2894
.2886
.2879
.2872
.2865
.2857
.285
.2843
.2836
.2829
.2822
.2815
.2808
.2801
.2794
.2787
.278
.2774
.2767
.276
.2753
.2746
.274
.2733
.2726
.272
.2713
.2706
.27
.2693
.2687
.268
.2674
.2667
.2661
.2655
.2648
.2642
.2635
.2629
.2623
.2617
.261
.2604
.2598
.2592
.2586
.258
.2574
.2568
.2562
.2556
.255
.2544
.2538
.2532
.2526
.252
.2514
.2508
.2502
.2497
.2491
.2485
.2479
.2474
.2468
.2462
.2457
.2451
.2446
.244
.2435
.2429
.2424
.2418
.2413
.2407
.2402
.2396
.2391
.2386
.238
.2375
.237
.2365
.2359
.2354
.2349
.2344
.2339
.2333
.2328
.2323
.2318
.2313
.2308
.2303
.2298
.2293
.2288
.2283
.2278
.2273
.2268
.2263
.2259
.2254
.2249
.2244
.2239
.2235
.223
.2225
.222
.2216
.2211
.2206
.2202
.2197
.2193
.2188
.2183
.2179
.2174
.217
.2165
.2161
.2156
.2152
.2147
.2143
.2139
.2134
.213
.2126
.2121
.2117
.2113
.2108
.2104
.21
.2096
.2091
.2087
.2083
.2079
.2075
.2071
.2066
.2062
.2058
.2054
.205
.2046
.2042
.2038
.2034
.203
.2026
.2022
.2018
.2014
.201
.2006
.2002
.1999
.1995
.1991
.1987
.1983
.1979
.1976
.1972
.1968
.1964
.196
.1957
.1953
.1949
.1946
.1942
.1938
.1935
.1931
.1927
.1924
.192
.1917
.1913
.1909
.1906
.1902
.1899
.1895
.1892
.1888
.1885
.1881
.1878
.1875
.1871
.1868
.1864
.1861
.1858
.1854
.1851
.1847
.1844
.1841
.1837
.1834
.1831
.1828
.1824
.1821
.1818
.1815
.1811
.1808
.1805
.1802
.1799
.1795
.1792
.1789
.1786
.1783
.178
.1777
.1774
.177
.1767
.1764
.1761
.1758
.1755
.1752
.1749
.1746
.1743
.174
.1737
.1734
.1731
.1728
.1725
.1722
.172
.1717
.1714
.1711
.1708
.1705
.1702
.1699
.1697
.1694
.1691
.1688
.1685
.1682
.168
.1677
.1674
.1671
.1669
.1666
.1663
.166
.1658
.1655
.1652
.165
.1647
.1644
.1642
.1639
.1636
.1634
.1631
.1628
.1626
.1623
.162
.1618
.1615
.1613
.161
.1608
.1605
.1602
.16
.1597
.1595
.1592
.159
.1587
.1585
.1582
.158
.1577
.1575
.1572
.157
.1568
.1565
.1563
.156
.1558
.1555
.1553
.1551
.1548
.1546
.1544
.1541
.1539
.1536
.1534
.1532
.1529
.1527
.1525
.1523
.152
.1518
.1516
.1513
.1511
.1509
.1507
.1504
.1502
.15
.1498
.1495
.1493
.1491
.1489
.1486
.1484
.1482
.148
.1478
.1476
.1473
.1471
.1469
.1467
.1465
.1463
.146
.1458
.1456
.1454
.1452
.145
.1448
.1446
.1444
.1442
.1439
.1437
.1435
.1433
.1431
.1429
.1427
.1425
.1423
.1421
.1419
.1417
.1415
.1413
.1411
.1409
.1407
.1405
.1403
.1401
.1399
.1397
.1395
.1393
.1391
.1389
.1387
.1386
.1384
.1382
.138
.1378
.1376
.1374
.1372
.137
.1368
.1367
.1365
.1363
.1361
.1359
.1357
.1355
.1354
.1352
.135
.1348
.1346
.1344
.1343
.1341
.1339
.1337
.1335
.1334
.1332
.133
.1328
.1326
.1325
.1323
.1321
.1319
.1318
.1316
.1314
.1312
.1311
.1309
.1307
.1306
.1304
.1302
.13
.1299
.1297
.1295
.1294
.1292
.129
.1289
.1287
.1285
.1284
.1282
.128
.1279
.1277
.1275
.1274
.1272
.127
.1269
.1267
.1266
.1264
.1262
.1261
.1259
.1257
.1256
.1254
.1253
.1251
.125
.1248
.1246
.1245
.1243
.1242
.124
.1239
.1237
.1235
.1234
.1232
.1231
.1229
.1228
.1226
.1225
.1223
.1222
.122
.1219
.1217
.1216
.1214
.1213
.1211
.121
.1208
.1207
.1205
.1204
.1202
.1201
.1199
.1198
.1196
.1195
.1194
.1192
.1191
.1189
.1188
.1186
.1185
.1183
.1182
.1181
.1179
.1178
.1176
.1175
.1174
.1172
.1171
.1169
.1168
.1167
.1165
.1164
.1162
.1161
.116
.1158
.1157
.1156
.1154
.1153
.1152
.115
.1149
.1147
.1146
.1145
.1143
.1142
.1141
.1139
.1138
.1137
.1135
.1134
.1133
.1132
.113
.1129
.1128
.1126
.1125
.1124
.1122
.1121
.112
.1119
.1117
.1116
.1115
.1114
.1112
.1111
.111
.1108
.1107
.1106
.1105
.1103
.1102
.1101
.11
.1098
.1097
.1096
.1095
.1094
.1092
.1091
.109
.1089
.1087
.1086
.1085
.1084
.1083
.1081
.108
.1079
.1078
.1077
.1075
.1074
.1073
.1072
.1071
.1069
.1068
.1067
.1066
.1065
.1064
.1062
.1061
.106
.1059
.1058
.1057
.1056
.1054
.1053
.1052
.1051
.105
.1049
.1048
.1046
.1045
.1044
.1043
.1042
.1041
.104
.1039
.1037
.1036
.1035
.1034
.1033
.1032
.1031
.103
.1029
.1028
.1026
.1025
.1024
.1023
.1022
.1021
.102
.1019
.1018
.1017
.1016
.1015
.1014
.1012
.1011
.101
.1009
.1008
.1007
.1006
.1005
.1004
.1003
.1002
.1001
.1
.0999
.0998
.0997
.0996
.0995
.0994
.0993
.0992
.0991
.099
.0989
.0988
.0987
.0986
.0985
.0984
.0983
.0982
.0981
.098
.0979
.0978
.0977
.0976
.0975
.0974
.0973
.0972
.0971
.097
.0969
.0968
.0967
.0966
.0965
.0964
.0963
.0962
.0961
.096
.0959
.0958
.0957
.0956
.0955
.0954
.0953
.0952
.0951
.095
.0949
.0949
.0948
.0947
.0946
.0945
.0944
.0943
.0942
.0941
.094
.0939
.0938
.0937
.0936
.0936
.0935
.0934
.0933
.0932
.0931
.093
.0929
.0928
.0927
.0926
.0926
.0925
.0924
.0923
.0922
.0921
.092
.0919
.0918
.0918
.0917
.0916
.0915
.0914
.0913
.0912
.0911
.0911
.091
.0909
.0908
.0907
.0906
.0905
.0904
.0904
.0903
.0902
.0901
.09
.0899
.0898
.0898
.0897
.0896
.0895
.0894
.0893
.0893
.0892
.0891
.089
.0889
.0888
.0888
.0887
.0886
.0885
.0884
.0883
.0883
.0882
.0881
.088
.0879
.0879
.0878
.0877
.0876
.0875
.0874
.0874
.0873
.0872
.0871
.087
.087
.0869
.0868
.0867
.0866
.0866
.0865
.0864
.0863
.0863
.0862
.0861
.086
.0859
.0859
.0858
.0857
.0856
.0855
.0855
.0854
.0853
.0852
.0852
.0851
.085
.0849
.0849
.0848
.0847
.0846
.0846
.0845
.0844
.0843
.0842
.0842
.0841
.084
.0839
.0839
.0838
.0837
.0836
.0836
.0835
.0834
.0834
.0833
.0832
.0831
.0831
.083
.0829
.0828
.0828
.0827
.0826
.0825
.0825
.0824
.0823
.0823
.0822
.0821
.082
.082
.0819
.0818
.0818
.0817
.0816
.0815
.0815
.0814
.0813
.0813
.0812
.0811
.0811
.081
.0809
.0808
.0808
.0807
.0806
.0806
.0805
.0804
.0804
.0803
.0802
.0801
.0801
.08
.0799
.0799
.0798
.0797
.0797
.0796
.0795
.0795
.0794
.0793
.0793
.0792
.0791
.0791
.079
.0789
.0789
.0788
.0787
.0787
.0786
.0785
.0785
.0784
.0783
.0783
.0782
.0781
.0781
.078
.0779
.0779
.0778
.0777
.0777
.0776
.0776
.0775
.0774
.0774
.0773
.0772
.0772
.0771
.077
.077
.0769
.0768
.0768
.0767
.0767
.0766
.0765
.0765
.0764
.0763
.0763
.0762
.0762
.0761
.076
.076
.0759
.0758
.0758
.0757
.0757
.0756
.0755
.0755
.0754
.0753
.0753
.0752
.0752
.0751
.075
.075
.0749
.0749
.0748
.0747
.0747
.0746
.0746
.0745
.0744
.0744
.0743
.0743
.0742
.0741
.0741
.074
.074
.0739
.0738
.0738
.0737
.0737
.0736
.0736
.0735
.0734
.0734
.0733
.0733
.0732
.0731
.0731
.073
.073
.0729
.0729
.0728
.0727
.0727
.0726
.0726
.0725
.0725
.0724
.0723
.0723
.0722
.0722
.0721
.0721
.072
.0719
.0719
.0718
.0718
.0717
.0717
.0716
.0716
.0715
.0714
.0714
.0713
.0713
.0712
.0712
.0711
.0711
.071
.0709
.0709
.0708
.0708
.0707
.0707
.0706
.0706
.0705
.0705
.0704
.0703
.0703
.0702
.0702
.0701
.0701
.07
.07
.0699
.0699
.0698
.0698
.0697
.0697
.0696
.0695
.0695
.0694
.0694
.0693
.0693
.0692
.0692
.0691
.0691
.069
.069
.0689
.0689
.0688
.0688
.0687
.0687
.0686
.0686
.0685
.0685
.0684
.0684
.0683
.0683
.0682
.0682
.0681
.068
.068
.0679
.0679
.0678
.0678
.0677
.0677
.0676
.0676
.0675
.0675
.0674
.0674
.0673
.0673
.0672
.0672
.0671
.0671
.067
.067
.0669
.0669
.0669
.0668
.0668
.0667
.0667
.0666
.0666
.0665
.0665
.0664
.0664
.0663
.0663
.0662
.0662
.0661
.0661
.066
.066
.0659
.0659
.0658
.0658
.0657
.0657
.0656
.0656
.0656
.0655
.0655
.0654
.0654
.0653
.0653
.0652
.0652
.0651
.0651
.065
.065
.0649
.0649
.0648
.0648
.0648
.0647
.0647
.0646
.0646
.0645
.0645
.0644
.0644
.0643
.0643
.0642
.0642
.0642
.0641
.0641
.064
.064
.0639
.0639
.0638
.0638
.0638
.0637
.0637
.0636
.0636
.0635
.0635
.0634
.0634
.0633
.0633
.0633
.0632
.0632
.0631
.0631
.063
.063
.063
.0629
.0629
.0628
.0628
.0627
.0627
.0626
.0626
.0626
.0625
.0625
.0624
.0624
.0623
.0623
.0623
.0622
.0622
.0621
.0621
.062
.062
.062
.0619
.0619
.0618
.0618
.0617
.0617
.0617
.0616
.0616
.0615
.0615
.0614
.0614
.0614
.0613
.0613
.0612
.0612
.0612
.0611
.0611
.061
.061
.0609
.0609
.0609
.0608
.0608
.0607
.0607
.0607
.0606
.0606
.0605
.0605
.0605
.0604
.0604
.0603
.0603
.0603
.0602
.0602
.0601
.0601
.0601
.06
.06
.0599
.0599
.0599
.0598
.0598
.0597
.0597
.0597
.0596
.0596
.0595
.0595
.0595
.0594
.0594
.0593
.0593
.0593
.0592
.0592
.0591
.0591
.0591
.059
.059
.0589
.0589
.0589
.0588
.0588
.0588
.0587
.0587
.0586
.0586
.0586
.0585
.0585
.0584
.0584
.0584
.0583
.0583
.0583
.0582
.0582
.0581
.0581
.0581
.058
.058
.0579
.0579
.0579
.0578
.0578
.0578
.0577
.0577
.0576
.0576
.0576
.0575
.0575
.0575
.0574
.0574
.0574
.0573
.0573
.0572
.0572
.0572
.0571
.0571
.0571
.057
.057
.0569
.0569
.0569
.0568
.0568
.0568
.0567
.0567
.0567
.0566
.0566
.0565
.0565
.0565
.0564
.0564
.0564
.0563
.0563
.0563
.0562
.0562
.0562
.0561
.0561
.056
.056
.056
.0559
.0559
.0559
.0558
.0558
.0558
.0557
.0557
.0557
.0556
.0556
.0556
.0555
.0555
.0555
.0554
.0554
.0553
.0553
.0553
.0552
.0552
.0552
.0551
.0551
.0551
.055
.055
.055
.0549
.0549
.0549
.0548
.0548
.0548
.0547
.0547
.0547
.0546
.0546
.0546
.0545
.0545
.0545
.0544
.0544
.0544
.0543
.0543
.0543
.0542
.0542
.0542
.0541
.0541
.0541
.054
.054
.054
.0539
.0539
.0539
.0538
.0538
.0538
.0537
.0537
.0537
.0536
.0536
.0536
.0535
.0535
.0535
.0534
.0534
.0534
.0533
.0533
.0533
.0532
.0532
.0532
.0531
.0531
.0531
.0531
.053
.053
.053
.0529
.0529
.0529
.0528
.0528
.0528
.0527
.0527
.0527
.0526
.0526
.0526
.0525
.0525
.0525
.0525
.0524
.0524
.0524
.0523
.0523
.0523
.0522
.0522
.0522
.0521
.0521
.0521
.052
.052
.052
.052
.0519
.0519
.0519
.0518
.0518
.0518
.0517
.0517
.0517
.0516
.0516
.0516
.0516
.0515
.0515
.0515
.0514
.0514
.0514
.0513
.0513
.0513
.0513
.0512
.0512
.0512
.0511
.0511
.0511
.051
.051
.051
.051
.0509
.0509
.0509
.0508
.0508
.0508
.0507
.0507
.0507
.0507
.0506
.0506
.0506
.0505
.0505
.0505
.0505
.0504
.0504
.0504
.0503
.0503
.0503
.0503
.0502
.0502
.0502
.0501
.0501
.0501
.05
.05
.05
