.5831
.581
.5771
.5733
.5697
.5663
.563
.5599
.557
.5542
.5517
.5493
.5471
.5451
.5432
.5416
.54
.5386
.5374
.5363
.5353
.5344
.5336
.5328
.5322
.5316
.5311
.5307
.5303
.5299
.5296
.5293
.5291
.5289
.5286
.5285
.5283
.5281
.528
.5278
.5277
.5276
.5274
.5273
.5272
.5271
.527
.5269
.5268
.5267
.5266
.5265
.5264
.5263
.5262
.5261
.5261
.526
.5259
.5258
.5257
.5256
.5255
.5254
.5253
.5252
.5251
.525
.525
.5249
.5248
.5247
.5246
.5245
.5244
.5243
.5242
.5241
.524
.5239
.5238
.5238
.5237
.5236
.5235
.5234
.5233
.5232
.5231
.523
.5229
.5228
.5227
.5226
.5226
.5225
.5224
.5223
.5222
.5221
.522
.5219
.5218
.5217
.5216
.5215
.5214
.5213
.5213
.5212
.5211
.521
.5209
.5208
.5207
.5206
.5205
.5204
.5203
.5202
.5202
.5201
.52
.5199
.5198
.5197
.5196
.5195
.5194
.5193
.5192
.5191
.519
.519
.5189
.5188
.5187
.5186
.5185
.5184
.5183
.5182
.5181
.518
.5179
.5178
.5178
.5177
.5176
.5175
.5174
.5173
.5172
.5171
.517
.5169
.5168
.5167
.5166
.5165
.5164
.5163
.5162
.5162
.5161
.516
.5159
.5158
.5157
.5156
.5155
.5154
.5153
.5152
.5151
.515
.5149
.5148
.5147
.5146
.5145
.5144
.5143
.5142
.5141
.514
.5139
.5138
.5137
.5136
.5135
.5134
.5133
.5132
.5131
.513
.5128
.5127
.5126
.5125
.5124
.5123
.5122
.5121
.512
.5119
.5118
.5117
.5115
.5114
.5113
.5112
.5111
.511
.5109
.5107
.5106
.5105
.5104
.5103
.5101
.51
.5099
.5098
.5097
.5095
.5094
.5093
.5091
.509
.5089
.5088
.5086
.5085
.5084
.5082
.5081
.508
.5078
.5077
.5076
.5074
.5073
.5071
.507
.5068
.5067
.5066
.5064
.5063
.5061
.506
.5058
.5057
.5055
.5053
.5052
.505
.5049
.5047
.5045
.5044
.5042
.5041
.5039
.5037
.5035
.5034
.5032
.503
.5028
.5027
.5025
.5023
.5021
.5019
.5018
.5016
.5014
.5012
.501
.5008
.5006
.5004
.5002
.5
.4998
.4996
.4994
.4992
.499
.4987
.4985
.4983
.4981
.4979
.4977
.4974
.4972
.497
.4967
.4965
.4963
.496
.4958
.4956
.4953
.4951
.4948
.4946
.4943
.4941
.4938
.4935
.4933
.493
.4928
.4925
.4922
.4919
.4917
.4914
.4911
.4908
.4905
.4903
.49
.4897
.4894
.4891
.4888
.4885
.4882
.4879
.4876
.4872
.4869
.4866
.4863
.486
.4857
.4853
.485
.4847
.4843
.484
.4837
.4833
.483
.4826
.4823
.4819
.4816
.4812
.4809
.4805
.4801
.4798
.4794
.479
.4787
.4783
.4779
.4775
.4771
.4767
.4764
.476
.4756
.4752
.4748
.4744
.474
.4736
.4732
.4727
.4723
.4719
.4715
.4711
.4707
.4702
.4698
.4694
.4689
.4685
.4681
.4676
.4672
.4667
.4663
.4658
.4654
.4649
.4645
.464
.4636
.4631
.4626
.4622
.4617
.4612
.4608
.4603
.4598
.4593
.4589
.4584
.4579
.4574
.4569
.4564
.4559
.4554
.4549
.4544
.4539
.4534
.4529
.4524
.4519
.4514
.4509
.4504
.4499
.4494
.4489
.4483
.4478
.4473
.4468
.4462
.4457
.4452
.4447
.4441
.4436
.4431
.4425
.442
.4415
.4409
.4404
.4398
.4393
.4387
.4382
.4376
.4371
.4365
.436
.4354
.4349
.4343
.4338
.4332
.4327
.4321
.4315
.431
.4304
.4298
.4293
.4287
.4281
.4276
.427
.4264
.4259
.4253
.4247
.4241
.4236
.423
.4224
.4218
.4212
.4207
.4201
.4195
.4189
.4183
.4178
.4172
.4166
.416
.4154
.4148
.4142
.4136
.413
.4124
.4119
.4113
.4107
.4101
.4095
.4089
.4083
.4077
.4071
.4065
.4059
.4053
.4047
.4041
.4035
.4029
.4022
.4016
.401
.4004
.3998
.3992
.3986
.398
.3974
.3968
.3961
.3955
.3949
.3943
.3937
.3931
.3925
.3918
.3912
.3906
.39
.3894
.3887
.3881
.3875
.3869
.3862
.3856
.385
.3844
.3837
.3831
.3825
.3818
.3812
.3806
.3799
.3793
.3787
.378
.3774
.3768
.3761
.3755
.3749
.3742
.3736
.3729
.3723
.3717
.371
.3704
.3697
.3691
.3684
.3678
.3672
.3665
.3659
.3652
.3646
.3639
.3633
.3626
.362
.3613
.3607
.36
.3593
.3587
.358
.3574
.3567
.3561
.3554
.3547
.3541
.3534
.3528
.3521
.3514
.3508
.3501
.3494
.3488
.3481
.3475
.3468
.3461
.3455
.3448
.3441
.3434
.3428
.3421
.3414
.3408
.3401
.3394
.3388
.3381
.3374
.3367
.3361
.3354
.3347
.334
.3334
.3327
.332
.3313
.3307
.33
.3293
.3286
.328
.3273
.3266
.3259
.3253
.3246
.3239
.3232
.3226
.3219
.3212
.3205
.3199
.3192
.3185
.3178
.3172
.3165
.3158
.3151
.3145
.3138
.3131
.3124
.3118
.3111
.3104
.3098
.3091
.3084
.3077
.3071
.3064
.3057
.3051
.3044
.3037
.3031
.3024
.3017
.3011
.3004
.2997
.2991
.2984
.2978
.2971
.2964
.2958
.2951
.2945
.2938
.2932
.2925
.2919
.2912
.2906
.2899
.2893
.2886
.288
.2873
.2867
.286
.2854
.2848
.2841
.2835
.2828
.2822
.2816
.2809
.2803
.2797
.279
.2784
.2778
.2772
.2765
.2759
.2753
.2747
.274
.2734
.2728
.2722
.2716
.271
.2703
.2697
.2691
.2685
.2679
.2673
.2667
.2661
.2655
.2649
.2643
.2637
.2631
.2625
.2619
.2613
.2607
.2601
.2595
.259
.2584
.2578
.2572
.2566
.256
.2555
.2549
.2543
.2537
.2532
.2526
.252
.2515
.2509
.2503
.2498
.2492
.2486
.2481
.2475
.2469
.2464
.2458
.2453
.2447
.2442
.2436
.2431
.2425
.242
.2414
.2409
.2403
.2398
.2393
.2387
.2382
.2377
.2371
.2366
.2361
.2355
.235
.2345
.2339
.2334
.2329
.2324
.2318
.2313
.2308
.2303
.2298
.2292
.2287
.2282
.2277
.2272
.2267
.2262
.2257
.2252
.2247
.2241
.2236
.2231
.2226
.2221
.2216
.2211
.2206
.2202
.2197
.2192
.2187
.2182
.2177
.2172
.2167
.2162
.2157
.2153
.2148
.2143
.2138
.2133
.2129
.2124
.2119
.2114
.211
.2105
.21
.2095
.2091
.2086
.2081
.2077
.2072
.2067
.2063
.2058
.2054
.2049
.2044
.204
.2035
.2031
.2026
.2022
.2017
.2013
.2008
.2004
.1999
.1995
.199
.1986
.1981
.1977
.1973
.1968
.1964
.1959
.1955
.1951
.1946
.1942
.1938
.1933
.1929
.1925
.192
.1916
.1912
.1908
.1903
.1899
.1895
.1891
.1887
.1882
.1878
.1874
.187
.1866
.1862
.1857
.1853
.1849
.1845
.1841
.1837
.1833
.1829
.1825
.1821
.1817
.1813
.1809
.1805
.1801
.1797
.1793
.1789
.1785
.1781
.1777
.1773
.1769
.1765
.1761
.1757
.1754
.175
.1746
.1742
.1738
.1734
.1731
.1727
.1723
.1719
.1716
.1712
.1708
.1704
.1701
.1697
.1693
.1689
.1686
.1682
.1678
.1675
.1671
.1667
.1664
.166
.1657
.1653
.1649
.1646
.1642
.1639
.1635
.1632
.1628
.1625
.1621
.1618
.1614
.1611
.1607
.1604
.16
.1597
.1593
.159
.1587
.1583
.158
.1576
.1573
.157
.1566
.1563
.156
.1556
.1553
.155
.1547
.1543
.154
.1537
.1533
.153
.1527
.1524
.1521
.1517
.1514
.1511
.1508
.1505
.1501
.1498
.1495
.1492
.1489
.1486
.1483
.148
.1477
.1473
.147
.1467
.1464
.1461
.1458
.1455
.1452
.1449
.1446
.1443
.144
.1437
.1434
.1431
.1428
.1426
.1423
.142
.1417
.1414
.1411
.1408
.1405
.1402
.14
.1397
.1394
.1391
.1388
.1385
.1383
.138
.1377
.1374
.1372
.1369
.1366
.1363
.1361
.1358
.1355
.1353
.135
.1347
.1344
.1342
.1339
.1336
.1334
.1331
.1329
.1326
.1323
.1321
.1318
.1316
.1313
.131
.1308
.1305
.1303
.13
.1298
.1295
.1293
.129
.1288
.1285
.1283
.128
.1278
.1275
.1273
.127
.1268
.1266
.1263
.1261
.1258
.1256
.1254
.1251
.1249
.1246
.1244
.1242
.1239
.1237
.1235
.1232
.123
.1228
.1226
.1223
.1221
.1219
.1216
.1214
.1212
.121
.1207
.1205
.1203
.1201
.1199
.1196
.1194
.1192
.119
.1188
.1185
.1183
.1181
.1179
.1177
.1175
.1173
.117
.1168
.1166
.1164
.1162
.116
.1158
.1156
.1154
.1152
.115
.1148
.1146
.1143
.1141
.1139
.1137
.1135
.1133
.1131
.1129
.1127
.1125
.1123
.1122
.112
.1118
.1116
.1114
.1112
.111
.1108
.1106
.1104
.1102
.11
.1098
.1097
.1095
.1093
.1091
.1089
.1087
.1085
.1084
.1082
.108
.1078
.1076
.1074
.1073
.1071
.1069
.1067
.1065
.1064
.1062
.106
.1058
.1057
.1055
.1053
.1051
.105
.1048
.1046
.1044
.1043
.1041
.1039
.1038
.1036
.1034
.1032
.1031
.1029
.1027
.1026
.1024
.1022
.1021
.1019
.1017
.1016
.1014
.1013
.1011
.1009
.1008
.1006
.1005
.1003
.1001
.1
.0998
.0997
.0995
.0993
.0992
.099
.0989
.0987
.0986
.0984
.0983
.0981
.098
.0978
.0977
.0975
.0974
.0972
.0971
.0969
.0968
.0966
.0965
.0963
.0962
.096
.0959
.0957
.0956
.0954
.0953
.0951
.095
.0949
.0947
.0946
.0944
.0943
.0941
.094
.0939
.0937
.0936
.0934
.0933
.0932
.093
.0929
.0928
.0926
.0925
.0923
.0922
.0921
.0919
.0918
.0917
.0915
.0914
.0913
.0911
.091
.0909
.0907
.0906
.0905
.0903
.0902
.0901
.09
.0898
.0897
.0896
.0894
.0893
.0892
.0891
.0889
.0888
.0887
.0886
.0884
.0883
.0882
.0881
.0879
.0878
.0877
.0876
.0874
.0873
.0872
.0871
.087
.0868
.0867
.0866
.0865
.0864
.0862
.0861
.086
.0859
.0858
.0857
.0855
.0854
.0853
.0852
.0851
.085
.0848
.0847
.0846
.0845
.0844
.0843
.0842
.084
.0839
.0838
.0837
.0836
.0835
.0834
.0833
.0831
.083
.0829
.0828
.0827
.0826
.0825
.0824
.0823
.0822
.0821
.0819
.0818
.0817
.0816
.0815
.0814
.0813
.0812
.0811
.081
.0809
.0808
.0807
.0806
.0805
.0804
.0803
.0802
.0801
.08
.0799
.0798
.0797
.0796
.0795
.0794
.0792
.0791
.079
.0789
.0788
.0788
.0787
.0786
.0785
.0784
.0783
.0782
.0781
.078
.0779
.0778
.0777
.0776
.0775
.0774
.0773
.0772
.0771
.077
.0769
.0768
.0767
.0766
.0765
.0764
.0763
.0763
.0762
.0761
.076
.0759
.0758
.0757
.0756
.0755
.0754
.0753
.0752
.0752
.0751
.075
.0749
.0748
.0747
.0746
.0745
.0744
.0743
.0743
.0742
.0741
.074
.0739
.0738
.0737
.0736
.0736
.0735
.0734
.0733
.0732
.0731
.073
.073
.0729
.0728
.0727
.0726
.0725
.0725
.0724
.0723
.0722
.0721
.072
.072
.0719
.0718
.0717
.0716
.0715
.0715
.0714
.0713
.0712
.0711
.0711
.071
.0709
.0708
.0707
.0707
.0706
.0705
.0704
.0703
.0703
.0702
.0701
.07
.0699
.0699
.0698
.0697
.0696
.0696
.0695
.0694
.0693
.0692
.0692
.0691
.069
.0689
.0689
.0688
.0687
.0686
.0686
.0685
.0684
.0683
.0683
.0682
.0681
.068
.068
.0679
.0678
.0677
.0677
.0676
.0675
.0675
.0674
.0673
.0672
.0672
.0671
.067
.0669
.0669
.0668
.0667
.0667
.0666
.0665
.0664
.0664
.0663
.0662
.0662
.0661
.066
.066
.0659
.0658
.0658
.0657
.0656
.0655
.0655
.0654
.0653
.0653
.0652
.0651
.0651
.065
.0649
.0649
.0648
.0647
.0647
.0646
.0645
.0645
.0644
.0643
.0643
.0642
.0641
.0641
.064
.0639
.0639
.0638
.0637
.0637
.0636
.0635
.0635
.0634
.0634
.0633
.0632
.0632
.0631
.063
.063
.0629
.0628
.0628
.0627
.0627
.0626
.0625
.0625
.0624
.0623
.0623
.0622
.0622
.0621
.062
.062
.0619
.0618
.0618
.0617
.0617
.0616
.0615
.0615
.0614
.0614
.0613
.0612
.0612
.0611
.0611
.061
.0609
.0609
.0608
.0608
.0607
.0606
.0606
.0605
.0605
.0604
.0604
.0603
.0602
.0602
.0601
.0601
.06
.06
.0599
.0598
.0598
.0597
.0597
.0596
.0596
.0595
.0594
.0594
.0593
.0593
.0592
.0592
.0591
.059
.059
.0589
.0589
.0588
.0588
.0587
.0587
.0586
.0585
.0585
.0584
.0584
.0583
.0583
.0582
.0582
.0581
.0581
.058
.0579
.0579
.0578
.0578
.0577
.0577
.0576
.0576
.0575
.0575
.0574
.0574
.0573
.0573
.0572
.0572
.0571
.057
.057
.0569
.0569
.0568
.0568
.0567
.0567
.0566
.0566
.0565
.0565
.0564
.0564
.0563
.0563
.0562
.0562
.0561
.0561
.056
.056
.0559
.0559
.0558
.0558
.0557
.0557
.0556
.0556
.0555
.0555
.0554
.0554
.0553
.0553
.0552
.0552
.0551
.0551
.055
.055
.0549
.0549
.0548
.0548
.0547
.0547
.0546
.0546
.0546
.0545
.0545
.0544
.0544
.0543
.0543
.0542
.0542
.0541
.0541
.054
.054
.0539
.0539
.0538
.0538
.0538
.0537
.0537
.0536
.0536
.0535
.0535
.0534
.0534
.0533
.0533
.0532
.0532
.0532
.0531
.0531
.053
.053
.0529
.0529
.0528
.0528
.0528
.0527
.0527
.0526
.0526
.0525
.0525
.0524
.0524
.0524
.0523
.0523
.0522
.0522
.0521
.0521
.052
.052
.052
.0519
.0519
.0518
.0518
.0517
.0517
.0517
.0516
.0516
.0515
.0515
.0514
.0514
.0514
.0513
.0513
.0512
.0512
.0511
.0511
.0511
.051
.051
.0509
.0509
.0509
.0508
.0508
.0507
.0507
.0506
.0506
.0506
.0505
.0505
.0504
.0504
.0504
.0503
.0503
.0502
.0502
.0502
.0501
.0501
.05
.05
