.6024
.5992
.5941
.5892
.5844
.5797
.5751
.5707
.5665
.5624
.5586
.555
.5516
.5484
.5454
.5427
.5402
.5379
.5358
.5339
.5323
.5307
.5294
.5282
.5271
.5261
.5253
.5246
.5239
.5234
.5229
.5224
.5221
.5217
.5214
.5212
.521
.5208
.5206
.5204
.5203
.5202
.5201
.5199
.5199
.5198
.5197
.5196
.5195
.5195
.5194
.5193
.5192
.5192
.5191
.5191
.519
.5189
.5189
.5188
.5187
.5187
.5186
.5185
.5185
.5184
.5183
.5183
.5182
.5181
.5181
.518
.5179
.5178
.5178
.5177
.5176
.5175
.5174
.5174
.5173
.5172
.5171
.517
.5169
.5169
.5168
.5167
.5166
.5165
.5164
.5163
.5162
.5161
.516
.5159
.5158
.5157
.5156
.5155
.5154
.5153
.5152
.5151
.515
.5149
.5148
.5147
.5145
.5144
.5143
.5142
.5141
.5139
.5138
.5137
.5135
.5134
.5133
.5132
.513
.5129
.5127
.5126
.5124
.5123
.5122
.512
.5119
.5117
.5115
.5114
.5112
.5111
.5109
.5107
.5106
.5104
.5102
.51
.5098
.5097
.5095
.5093
.5091
.5089
.5087
.5085
.5083
.5081
.5079
.5077
.5075
.5073
.507
.5068
.5066
.5064
.5061
.5059
.5057
.5054
.5052
.5049
.5047
.5044
.5042
.5039
.5036
.5034
.5031
.5028
.5025
.5022
.5019
.5017
.5014
.5011
.5008
.5004
.5001
.4998
.4995
.4992
.4988
.4985
.4982
.4978
.4975
.4971
.4968
.4964
.4961
.4957
.4953
.495
.4946
.4942
.4938
.4934
.493
.4926
.4922
.4918
.4914
.4909
.4905
.4901
.4896
.4892
.4888
.4883
.4878
.4874
.4869
.4865
.486
.4855
.485
.4845
.484
.4835
.483
.4825
.482
.4815
.481
.4804
.4799
.4793
.4788
.4783
.4777
.4771
.4766
.476
.4754
.4749
.4743
.4737
.4731
.4725
.4719
.4713
.4707
.4701
.4695
.4688
.4682
.4676
.4669
.4663
.4656
.465
.4643
.4637
.463
.4623
.4617
.461
.4603
.4596
.4589
.4582
.4575
.4568
.4561
.4554
.4547
.454
.4533
.4526
.4518
.4511
.4504
.4496
.4489
.4481
.4474
.4467
.4459
.4451
.4444
.4436
.4428
.4421
.4413
.4405
.4398
.439
.4382
.4374
.4366
.4358
.435
.4342
.4334
.4326
.4318
.431
.4302
.4294
.4286
.4278
.4269
.4261
.4253
.4245
.4237
.4228
.422
.4212
.4203
.4195
.4187
.4178
.417
.4161
.4153
.4145
.4136
.4128
.4119
.4111
.4102
.4094
.4085
.4077
.4068
.406
.4051
.4043
.4034
.4025
.4017
.4008
.4
.3991
.3982
.3974
.3965
.3957
.3948
.3939
.3931
.3922
.3913
.3905
.3896
.3888
.3879
.387
.3862
.3853
.3844
.3836
.3827
.3818
.381
.3801
.3793
.3784
.3775
.3767
.3758
.3749
.3741
.3732
.3724
.3715
.3706
.3698
.3689
.3681
.3672
.3664
.3655
.3647
.3638
.363
.3621
.3613
.3604
.3596
.3587
.3579
.357
.3562
.3553
.3545
.3536
.3528
.352
.3511
.3503
.3495
.3486
.3478
.347
.3461
.3453
.3445
.3436
.3428
.342
.3412
.3404
.3395
.3387
.3379
.3371
.3363
.3355
.3347
.3338
.333
.3322
.3314
.3306
.3298
.329
.3282
.3274
.3266
.3259
.3251
.3243
.3235
.3227
.3219
.3211
.3204
.3196
.3188
.318
.3173
.3165
.3157
.315
.3142
.3134
.3127
.3119
.3112
.3104
.3097
.3089
.3082
.3074
.3067
.3059
.3052
.3044
.3037
.303
.3022
.3015
.3008
.3
.2993
.2986
.2979
.2972
.2964
.2957
.295
.2943
.2936
.2929
.2922
.2915
.2908
.2901
.2894
.2887
.288
.2873
.2866
.2859
.2853
.2846
.2839
.2832
.2825
.2819
.2812
.2805
.2799
.2792
.2785
.2779
.2772
.2766
.2759
.2753
.2746
.274
.2733
.2727
.272
.2714
.2708
.2701
.2695
.2689
.2682
.2676
.267
.2664
.2657
.2651
.2645
.2639
.2633
.2627
.262
.2614
.2608
.2602
.2596
.259
.2584
.2578
.2572
.2567
.2561
.2555
.2549
.2543
.2537
.2532
.2526
.252
.2514
.2509
.2503
.2497
.2492
.2486
.248
.2475
.2469
.2464
.2458
.2452
.2447
.2441
.2436
.2431
.2425
.242
.2414
.2409
.2404
.2398
.2393
.2388
.2382
.2377
.2372
.2367
.2361
.2356
.2351
.2346
.2341
.2336
.233
.2325
.232
.2315
.231
.2305
.23
.2295
.229
.2285
.228
.2275
.2271
.2266
.2261
.2256
.2251
.2246
.2241
.2237
.2232
.2227
.2222
.2218
.2213
.2208
.2204
.2199
.2194
.219
.2185
.218
.2176
.2171
.2167
.2162
.2158
.2153
.2149
.2144
.214
.2135
.2131
.2126
.2122
.2118
.2113
.2109
.2105
.21
.2096
.2092
.2087
.2083
.2079
.2075
.207
.2066
.2062
.2058
.2054
.2049
.2045
.2041
.2037
.2033
.2029
.2025
.2021
.2017
.2013
.2009
.2005
.2001
.1997
.1993
.1989
.1985
.1981
.1977
.1973
.1969
.1965
.1961
.1957
.1954
.195
.1946
.1942
.1938
.1935
.1931
.1927
.1923
.192
.1916
.1912
.1908
.1905
.1901
.1897
.1894
.189
.1887
.1883
.1879
.1876
.1872
.1869
.1865
.1861
.1858
.1854
.1851
.1847
.1844
.184
.1837
.1833
.183
.1827
.1823
.182
.1816
.1813
.181
.1806
.1803
.18
.1796
.1793
.179
.1786
.1783
.178
.1776
.1773
.177
.1767
.1763
.176
.1757
.1754
.175
.1747
.1744
.1741
.1738
.1735
.1732
.1728
.1725
.1722
.1719
.1716
.1713
.171
.1707
.1704
.1701
.1698
.1695
.1692
.1689
.1686
.1683
.168
.1677
.1674
.1671
.1668
.1665
.1662
.1659
.1656
.1653
.165
.1647
.1644
.1642
.1639
.1636
.1633
.163
.1627
.1625
.1622
.1619
.1616
.1613
.1611
.1608
.1605
.1602
.16
.1597
.1594
.1591
.1589
.1586
.1583
.1581
.1578
.1575
.1573
.157
.1567
.1565
.1562
.1559
.1557
.1554
.1552
.1549
.1546
.1544
.1541
.1539
.1536
.1534
.1531
.1529
.1526
.1523
.1521
.1518
.1516
.1513
.1511
.1509
.1506
.1504
.1501
.1499
.1496
.1494
.1491
.1489
.1487
.1484
.1482
.1479
.1477
.1475
.1472
.147
.1467
.1465
.1463
.146
.1458
.1456
.1453
.1451
.1449
.1446
.1444
.1442
.144
.1437
.1435
.1433
.143
.1428
.1426
.1424
.1422
.1419
.1417
.1415
.1413
.141
.1408
.1406
.1404
.1402
.1399
.1397
.1395
.1393
.1391
.1389
.1387
.1384
.1382
.138
.1378
.1376
.1374
.1372
.137
.1368
.1365
.1363
.1361
.1359
.1357
.1355
.1353
.1351
.1349
.1347
.1345
.1343
.1341
.1339
.1337
.1335
.1333
.1331
.1329
.1327
.1325
.1323
.1321
.1319
.1317
.1315
.1313
.1311
.1309
.1307
.1305
.1303
.1302
.13
.1298
.1296
.1294
.1292
.129
.1288
.1286
.1285
.1283
.1281
.1279
.1277
.1275
.1273
.1272
.127
.1268
.1266
.1264
.1262
.1261
.1259
.1257
.1255
.1253
.1252
.125
.1248
.1246
.1244
.1243
.1241
.1239
.1237
.1236
.1234
.1232
.123
.1229
.1227
.1225
.1224
.1222
.122
.1218
.1217
.1215
.1213
.1212
.121
.1208
.1207
.1205
.1203
.1202
.12
.1198
.1197
.1195
.1193
.1192
.119
.1188
.1187
.1185
.1184
.1182
.118
.1179
.1177
.1175
.1174
.1172
.1171
.1169
.1167
.1166
.1164
.1163
.1161
.116
.1158
.1157
.1155
.1153
.1152
.115
.1149
.1147
.1146
.1144
.1143
.1141
.114
.1138
.1137
.1135
.1134
.1132
.1131
.1129
.1128
.1126
.1125
.1123
.1122
.112
.1119
.1117
.1116
.1114
.1113
.1111
.111
.1109
.1107
.1106
.1104
.1103
.1101
.11
.1099
.1097
.1096
.1094
.1093
.1091
.109
.1089
.1087
.1086
.1084
.1083
.1082
.108
.1079
.1078
.1076
.1075
.1073
.1072
.1071
.1069
.1068
.1067
.1065
.1064
.1063
.1061
.106
.1059
.1057
.1056
.1055
.1053
.1052
.1051
.1049
.1048
.1047
.1045
.1044
.1043
.1042
.104
.1039
.1038
.1036
.1035
.1034
.1033
.1031
.103
.1029
.1028
.1026
.1025
.1024
.1022
.1021
.102
.1019
.1017
.1016
.1015
.1014
.1013
.1011
.101
.1009
.1008
.1006
.1005
.1004
.1003
.1002
.1
.0999
.0998
.0997
.0996
.0994
.0993
.0992
.0991
.099
.0988
.0987
.0986
.0985
.0984
.0983
.0981
.098
.0979
.0978
.0977
.0976
.0974
.0973
.0972
.0971
.097
.0969
.0968
.0967
.0965
.0964
.0963
.0962
.0961
.096
.0959
.0958
.0956
.0955
.0954
.0953
.0952
.0951
.095
.0949
.0948
.0946
.0945
.0944
.0943
.0942
.0941
.094
.0939
.0938
.0937
.0936
.0935
.0934
.0932
.0931
.093
.0929
.0928
.0927
.0926
.0925
.0924
.0923
.0922
.0921
.092
.0919
.0918
.0917
.0916
.0915
.0914
.0913
.0912
.0911
.091
.0909
.0908
.0907
.0906
.0905
.0904
.0903
.0902
.0901
.09
.0899
.0898
.0897
.0896
.0895
.0894
.0893
.0892
.0891
.089
.0889
.0888
.0887
.0886
.0885
.0884
.0883
.0882
.0881
.088
.0879
.0878
.0877
.0876
.0875
.0874
.0873
.0872
.0871
.0871
.087
.0869
.0868
.0867
.0866
.0865
.0864
.0863
.0862
.0861
.086
.0859
.0858
.0858
.0857
.0856
.0855
.0854
.0853
.0852
.0851
.085
.0849
.0848
.0848
.0847
.0846
.0845
.0844
.0843
.0842
.0841
.084
.084
.0839
.0838
.0837
.0836
.0835
.0834
.0833
.0833
.0832
.0831
.083
.0829
.0828
.0827
.0827
.0826
.0825
.0824
.0823
.0822
.0821
.0821
.082
.0819
.0818
.0817
.0816
.0816
.0815
.0814
.0813
.0812
.0811
.0811
.081
.0809
.0808
.0807
.0806
.0806
.0805
.0804
.0803
.0802
.0802
.0801
.08
.0799
.0798
.0797
.0797
.0796
.0795
.0794
.0793
.0793
.0792
.0791
.079
.079
.0789
.0788
.0787
.0786
.0786
.0785
.0784
.0783
.0782
.0782
.0781
.078
.0779
.0779
.0778
.0777
.0776
.0776
.0775
.0774
.0773
.0772
.0772
.0771
.077
.0769
.0769
.0768
.0767
.0766
.0766
.0765
.0764
.0763
.0763
.0762
.0761
.0761
.076
.0759
.0758
.0758
.0757
.0756
.0755
.0755
.0754
.0753
.0752
.0752
.0751
.075
.075
.0749
.0748
.0747
.0747
.0746
.0745
.0745
.0744
.0743
.0742
.0742
.0741
.074
.074
.0739
.0738
.0738
.0737
.0736
.0735
.0735
.0734
.0733
.0733
.0732
.0731
.0731
.073
.0729
.0729
.0728
.0727
.0726
.0726
.0725
.0724
.0724
.0723
.0722
.0722
.0721
.072
.072
.0719
.0718
.0718
.0717
.0716
.0716
.0715
.0714
.0714
.0713
.0712
.0712
.0711
.0711
.071
.0709
.0709
.0708
.0707
.0707
.0706
.0705
.0705
.0704
.0703
.0703
.0702
.0701
.0701
.07
.07
.0699
.0698
.0698
.0697
.0696
.0696
.0695
.0695
.0694
.0693
.0693
.0692
.0691
.0691
.069
.069
.0689
.0688
.0688
.0687
.0686
.0686
.0685
.0685
.0684
.0683
.0683
.0682
.0682
.0681
.068
.068
.0679
.0679
.0678
.0677
.0677
.0676
.0676
.0675
.0674
.0674
.0673
.0673
.0672
.0671
.0671
.067
.067
.0669
.0668
.0668
.0667
.0667
.0666
.0666
.0665
.0664
.0664
.0663
.0663
.0662
.0661
.0661
.066
.066
.0659
.0659
.0658
.0658
.0657
.0656
.0656
.0655
.0655
.0654
.0654
.0653
.0652
.0652
.0651
.0651
.065
.065
.0649
.0649
.0648
.0647
.0647
.0646
.0646
.0645
.0645
.0644
.0644
.0643
.0642
.0642
.0641
.0641
.064
.064
.0639
.0639
.0638
.0638
.0637
.0637
.0636
.0635
.0635
.0634
.0634
.0633
.0633
.0632
.0632
.0631
.0631
.063
.063
.0629
.0629
.0628
.0628
.0627
.0627
.0626
.0625
.0625
.0624
.0624
.0623
.0623
.0622
.0622
.0621
.0621
.062
.062
.0619
.0619
.0618
.0618
.0617
.0617
.0616
.0616
.0615
.0615
.0614
.0614
.0613
.0613
.0612
.0612
.0611
.0611
.061
.061
.0609
.0609
.0608
.0608
.0607
.0607
.0606
.0606
.0605
.0605
.0604
.0604
.0603
.0603
.0602
.0602
.0601
.0601
.06
.06
.0599
.0599
.0599
.0598
.0598
.0597
.0597
.0596
.0596
.0595
.0595
.0594
.0594
.0593
.0593
.0592
.0592
.0591
.0591
.059
.059
.059
.0589
.0589
.0588
.0588
.0587
.0587
.0586
.0586
.0585
.0585
.0584
.0584
.0584
.0583
.0583
.0582
.0582
.0581
.0581
.058
.058
.0579
.0579
.0579
.0578
.0578
.0577
.0577
.0576
.0576
.0575
.0575
.0575
.0574
.0574
.0573
.0573
.0572
.0572
.0571
.0571
.0571
.057
.057
.0569
.0569
.0568
.0568
.0567
.0567
.0567
.0566
.0566
.0565
.0565
.0564
.0564
.0564
.0563
.0563
.0562
.0562
.0561
.0561
.0561
.056
.056
.0559
.0559
.0558
.0558
.0558
.0557
.0557
.0556
.0556
.0556
.0555
.0555
.0554
.0554
.0553
.0553
.0553
.0552
.0552
.0551
.0551
.0551
.055
.055
.0549
.0549
.0549
.0548
.0548
.0547
.0547
.0546
.0546
.0546
.0545
.0545
.0544
.0544
.0544
.0543
.0543
.0542
.0542
.0542
.0541
.0541
.054
.054
.054
.0539
.0539
.0538
.0538
.0538
.0537
.0537
.0536
.0536
.0536
.0535
.0535
.0535
.0534
.0534
.0533
.0533
.0533
.0532
.0532
.0531
.0531
.0531
.053
.053
.053
.0529
.0529
.0528
.0528
.0528
.0527
.0527
.0526
.0526
.0526
.0525
.0525
.0525
.0524
.0524
.0523
.0523
.0523
.0522
.0522
.0522
.0521
.0521
.052
.052
.052
.0519
.0519
.0519
.0518
.0518
.0517
.0517
.0517
.0516
.0516
.0516
.0515
.0515
.0515
.0514
.0514
.0513
.0513
.0513
.0512
.0512
.0512
.0511
.0511
.0511
.051
.051
.051
.0509
.0509
.0508
.0508
.0508
.0507
.0507
.0507
.0506
.0506
.0506
.0505
.0505
.0505
.0504
.0504
.0504
.0503
.0503
.0502
.0502
.0502
.0501
.0501
.0501
.05
.05
.05
