.576
.5736
.5692
.5649
.5609
.5571
.5536
.5504
.5474
.5447
.5422
.5399
.5379
.5361
.5345
.5331
.5319
.5308
.5299
.529
.5283
.5277
.5272
.5268
.5264
.526
.5258
.5255
.5253
.5251
.525
.5248
.5247
.5246
.5245
.5244
.5244
.5243
.5242
.5241
.5241
.524
.524
.5239
.5238
.5238
.5237
.5237
.5236
.5236
.5235
.5234
.5234
.5233
.5232
.5232
.5231
.523
.523
.5229
.5228
.5228
.5227
.5226
.5226
.5225
.5224
.5223
.5223
.5222
.5221
.522
.522
.5219
.5218
.5217
.5216
.5216
.5215
.5214
.5213
.5212
.5211
.521
.521
.5209
.5208
.5207
.5206
.5205
.5204
.5203
.5202
.5201
.52
.5199
.5198
.5197
.5196
.5195
.5194
.5193
.5192
.5191
.519
.5189
.5187
.5186
.5185
.5184
.5183
.5182
.518
.5179
.5178
.5177
.5176
.5174
.5173
.5172
.517
.5169
.5168
.5167
.5165
.5164
.5162
.5161
.516
.5158
.5157
.5155
.5154
.5152
.5151
.5149
.5148
.5146
.5145
.5143
.5142
.514
.5138
.5137
.5135
.5133
.5132
.513
.5128
.5127
.5125
.5123
.5121
.5119
.5118
.5116
.5114
.5112
.511
.5108
.5106
.5104
.5102
.51
.5098
.5096
.5094
.5092
.509
.5088
.5085
.5083
.5081
.5079
.5077
.5074
.5072
.507
.5067
.5065
.5063
.506
.5058
.5055
.5053
.505
.5048
.5045
.5043
.504
.5037
.5035
.5032
.5029
.5027
.5024
.5021
.5018
.5015
.5013
.501
.5007
.5004
.5001
.4998
.4995
.4992
.4989
.4986
.4982
.4979
.4976
.4973
.497
.4966
.4963
.496
.4956
.4953
.4949
.4946
.4942
.4939
.4935
.4932
.4928
.4925
.4921
.4917
.4914
.491
.4906
.4902
.4898
.4894
.489
.4887
.4883
.4879
.4875
.487
.4866
.4862
.4858
.4854
.485
.4845
.4841
.4837
.4832
.4828
.4824
.4819
.4815
.481
.4806
.4801
.4796
.4792
.4787
.4782
.4778
.4773
.4768
.4763
.4758
.4754
.4749
.4744
.4739
.4734
.4729
.4724
.4718
.4713
.4708
.4703
.4698
.4692
.4687
.4682
.4676
.4671
.4666
.466
.4655
.4649
.4644
.4638
.4633
.4627
.4621
.4616
.461
.4604
.4598
.4593
.4587
.4581
.4575
.4569
.4563
.4557
.4551
.4545
.4539
.4533
.4527
.4521
.4515
.4508
.4502
.4496
.449
.4483
.4477
.4471
.4464
.4458
.4452
.4445
.4439
.4432
.4426
.4419
.4413
.4406
.44
.4393
.4386
.438
.4373
.4366
.436
.4353
.4346
.4339
.4332
.4326
.4319
.4312
.4305
.4298
.4291
.4284
.4277
.427
.4263
.4256
.4249
.4242
.4235
.4228
.4221
.4214
.4207
.42
.4193
.4186
.4178
.4171
.4164
.4157
.415
.4142
.4135
.4128
.4121
.4113
.4106
.4099
.4091
.4084
.4077
.4069
.4062
.4055
.4047
.404
.4033
.4025
.4018
.401
.4003
.3996
.3988
.3981
.3973
.3966
.3958
.3951
.3943
.3936
.3929
.3921
.3914
.3906
.3899
.3891
.3884
.3876
.3869
.3861
.3854
.3846
.3839
.3831
.3824
.3816
.3809
.3801
.3794
.3786
.3779
.3771
.3764
.3756
.3749
.3741
.3734
.3726
.3718
.3711
.3703
.3696
.3688
.3681
.3674
.3666
.3659
.3651
.3644
.3636
.3629
.3621
.3614
.3606
.3599
.3591
.3584
.3576
.3569
.3562
.3554
.3547
.3539
.3532
.3525
.3517
.351
.3502
.3495
.3488
.348
.3473
.3465
.3458
.3451
.3443
.3436
.3429
.3422
.3414
.3407
.34
.3392
.3385
.3378
.3371
.3363
.3356
.3349
.3342
.3334
.3327
.332
.3313
.3306
.3298
.3291
.3284
.3277
.327
.3263
.3255
.3248
.3241
.3234
.3227
.322
.3213
.3206
.3199
.3192
.3185
.3178
.3171
.3164
.3157
.315
.3143
.3136
.3129
.3122
.3115
.3108
.3101
.3094
.3087
.3081
.3074
.3067
.306
.3053
.3046
.3039
.3033
.3026
.3019
.3012
.3006
.2999
.2992
.2985
.2979
.2972
.2965
.2959
.2952
.2945
.2939
.2932
.2925
.2919
.2912
.2906
.2899
.2892
.2886
.2879
.2873
.2866
.286
.2853
.2847
.284
.2834
.2827
.2821
.2814
.2808
.2802
.2795
.2789
.2782
.2776
.277
.2763
.2757
.2751
.2744
.2738
.2732
.2726
.2719
.2713
.2707
.2701
.2694
.2688
.2682
.2676
.267
.2664
.2657
.2651
.2645
.2639
.2633
.2627
.2621
.2615
.2609
.2603
.2597
.2591
.2585
.2579
.2573
.2567
.2561
.2555
.2549
.2543
.2537
.2531
.2525
.252
.2514
.2508
.2502
.2496
.2491
.2485
.2479
.2473
.2467
.2462
.2456
.245
.2445
.2439
.2433
.2427
.2422
.2416
.2411
.2405
.2399
.2394
.2388
.2383
.2377
.2371
.2366
.236
.2355
.2349
.2344
.2338
.2333
.2327
.2322
.2317
.2311
.2306
.23
.2295
.229
.2284
.2279
.2274
.2268
.2263
.2258
.2252
.2247
.2242
.2236
.2231
.2226
.2221
.2216
.221
.2205
.22
.2195
.219
.2184
.2179
.2174
.2169
.2164
.2159
.2154
.2149
.2144
.2139
.2134
.2129
.2124
.2119
.2114
.2109
.2104
.2099
.2094
.2089
.2084
.2079
.2074
.2069
.2064
.2059
.2055
.205
.2045
.204
.2035
.203
.2026
.2021
.2016
.2011
.2007
.2002
.1997
.1992
.1988
.1983
.1978
.1974
.1969
.1964
.196
.1955
.195
.1946
.1941
.1936
.1932
.1927
.1923
.1918
.1914
.1909
.1905
.19
.1896
.1891
.1887
.1882
.1878
.1873
.1869
.1864
.186
.1855
.1851
.1847
.1842
.1838
.1833
.1829
.1825
.182
.1816
.1812
.1807
.1803
.1799
.1795
.179
.1786
.1782
.1777
.1773
.1769
.1765
.1761
.1756
.1752
.1748
.1744
.174
.1735
.1731
.1727
.1723
.1719
.1715
.1711
.1707
.1702
.1698
.1694
.169
.1686
.1682
.1678
.1674
.167
.1666
.1662
.1658
.1654
.165
.1646
.1642
.1638
.1634
.163
.1626
.1622
.1619
.1615
.1611
.1607
.1603
.1599
.1595
.1591
.1588
.1584
.158
.1576
.1572
.1568
.1565
.1561
.1557
.1553
.155
.1546
.1542
.1538
.1535
.1531
.1527
.1523
.152
.1516
.1512
.1509
.1505
.1501
.1498
.1494
.149
.1487
.1483
.1479
.1476
.1472
.1469
.1465
.1461
.1458
.1454
.1451
.1447
.1444
.144
.1437
.1433
.1429
.1426
.1422
.1419
.1415
.1412
.1409
.1405
.1402
.1398
.1395
.1391
.1388
.1384
.1381
.1378
.1374
.1371
.1367
.1364
.1361
.1357
.1354
.1351
.1347
.1344
.134
.1337
.1334
.1331
.1327
.1324
.1321
.1317
.1314
.1311
.1308
.1304
.1301
.1298
.1295
.1291
.1288
.1285
.1282
.1278
.1275
.1272
.1269
.1266
.1263
.1259
.1256
.1253
.125
.1247
.1244
.1241
.1237
.1234
.1231
.1228
.1225
.1222
.1219
.1216
.1213
.121
.1207
.1204
.1201
.1198
.1194
.1191
.1188
.1185
.1182
.1179
.1176
.1174
.1171
.1168
.1165
.1162
.1159
.1156
.1153
.115
.1147
.1144
.1141
.1138
.1135
.1133
.113
.1127
.1124
.1121
.1118
.1115
.1113
.111
.1107
.1104
.1101
.1098
.1096
.1093
.109
.1087
.1084
.1082
.1079
.1076
.1073
.1071
.1068
.1065
.1063
.106
.1057
.1054
.1052
.1049
.1046
.1044
.1041
.1038
.1036
.1033
.103
.1028
.1025
.1023
.102
.1017
.1015
.1012
.101
.1007
.1004
.1002
.0999
.0997
.0994
.0992
.0989
.0986
.0984
.0981
.0979
.0976
.0974
.0971
.0969
.0966
.0964
.0962
.0959
.0957
.0954
.0952
.0949
.0947
.0944
.0942
.094
.0937
.0935
.0932
.093
.0928
.0925
.0923
.0921
.0918
.0916
.0914
.0911
.0909
.0907
.0904
.0902
.09
.0897
.0895
.0893
.0891
.0888
.0886
.0884
.0882
.0879
.0877
.0875
.0873
.087
.0868
.0866
.0864
.0862
.086
.0857
.0855
.0853
.0851
.0849
.0847
.0844
.0842
.084
.0838
.0836
.0834
.0832
.083
.0828
.0825
.0823
.0821
.0819
.0817
.0815
.0813
.0811
.0809
.0807
.0805
.0803
.0801
.0799
.0797
.0795
.0793
.0791
.0789
.0787
.0785
.0783
.0781
.0779
.0777
.0776
.0774
.0772
.077
.0768
.0766
.0764
.0762
.076
.0758
.0757
.0755
.0753
.0751
.0749
.0747
.0746
.0744
.0742
.074
.0738
.0737
.0735
.0733
.0731
.0729
.0728
.0726
.0724
.0722
.0721
.0719
.0717
.0715
.0714
.0712
.071
.0709
.0707
.0705
.0703
.0702
.07
.0698
.0697
.0695
.0693
.0692
.069
.0689
.0687
.0685
.0684
.0682
.068
.0679
.0677
.0676
.0674
.0672
.0671
.0669
.0668
.0666
.0665
.0663
.0662
.066
.0658
.0657
.0655
.0654
.0652
.0651
.0649
.0648
.0646
.0645
.0643
.0642
.064
.0639
.0638
.0636
.0635
.0633
.0632
.063
.0629
.0627
.0626
.0625
.0623
.0622
.062
.0619
.0618
.0616
.0615
.0613
.0612
.0611
.0609
.0608
.0607
.0605
.0604
.0603
.0601
.06
.0599
.0597
.0596
.0595
.0593
.0592
.0591
.0589
.0588
.0587
.0586
.0584
.0583
.0582
.058
.0579
.0578
.0577
.0575
.0574
.0573
.0572
.0571
.0569
.0568
.0567
.0566
.0564
.0563
.0562
.0561
.056
.0559
.0557
.0556
.0555
.0554
.0553
.0551
.055
.0549
.0548
.0547
.0546
.0545
.0543
.0542
.0541
.054
.0539
.0538
.0537
.0536
.0535
.0533
.0532
.0531
.053
.0529
.0528
.0527
.0526
.0525
.0524
.0523
.0522
.0521
.052
.0519
.0517
.0516
.0515
.0514
.0513
.0512
.0511
.051
.0509
.0508
.0507
.0506
.0505
.0504
.0503
.0502
.0501
.05
.0499
