.6366
.632
.6258
.6195
.6132
.607
.6007
.5946
.5885
.5825
.5767
.5711
.5657
.5605
.5557
.5511
.5468
.5429
.5392
.5359
.5329
.5302
.5278
.5257
.5238
.5222
.5207
.5195
.5184
.5175
.5167
.516
.5154
.5149
.5144
.5141
.5137
.5134
.5132
.513
.5128
.5126
.5124
.5123
.5121
.512
.5119
.5118
.5117
.5115
.5114
.5113
.5112
.5111
.511
.5109
.5108
.5107
.5106
.5105
.5104
.5102
.5101
.51
.5099
.5098
.5097
.5095
.5094
.5093
.5092
.509
.5089
.5088
.5086
.5085
.5084
.5082
.5081
.508
.5078
.5077
.5075
.5074
.5072
.5071
.5069
.5068
.5066
.5064
.5063
.5061
.506
.5058
.5056
.5054
.5053
.5051
.5049
.5047
.5046
.5044
.5042
.504
.5038
.5036
.5034
.5032
.503
.5028
.5026
.5024
.5022
.502
.5017
.5015
.5013
.5011
.5008
.5006
.5004
.5001
.4999
.4997
.4994
.4992
.4989
.4987
.4984
.4981
.4979
.4976
.4973
.4971
.4968
.4965
.4962
.4959
.4956
.4953
.495
.4947
.4944
.4941
.4938
.4935
.4932
.4929
.4925
.4922
.4919
.4915
.4912
.4908
.4905
.4901
.4898
.4894
.489
.4887
.4883
.4879
.4875
.4871
.4868
.4864
.486
.4856
.4851
.4847
.4843
.4839
.4835
.483
.4826
.4822
.4817
.4813
.4808
.4804
.4799
.4794
.479
.4785
.478
.4775
.4771
.4766
.4761
.4756
.4751
.4746
.474
.4735
.473
.4725
.4719
.4714
.4709
.4703
.4698
.4692
.4687
.4681
.4675
.467
.4664
.4658
.4652
.4646
.464
.4635
.4629
.4622
.4616
.461
.4604
.4598
.4592
.4585
.4579
.4573
.4566
.456
.4553
.4547
.454
.4533
.4527
.452
.4513
.4506
.45
.4493
.4486
.4479
.4472
.4465
.4458
.4451
.4444
.4437
.4429
.4422
.4415
.4408
.44
.4393
.4386
.4378
.4371
.4363
.4356
.4348
.4341
.4333
.4325
.4318
.431
.4302
.4295
.4287
.4279
.4271
.4263
.4256
.4248
.424
.4232
.4224
.4216
.4208
.42
.4192
.4184
.4176
.4167
.4159
.4151
.4143
.4135
.4127
.4118
.411
.4102
.4093
.4085
.4077
.4069
.406
.4052
.4043
.4035
.4027
.4018
.401
.4001
.3993
.3984
.3976
.3968
.3959
.3951
.3942
.3934
.3925
.3916
.3908
.3899
.3891
.3882
.3874
.3865
.3857
.3848
.384
.3831
.3822
.3814
.3805
.3797
.3788
.378
.3771
.3762
.3754
.3745
.3737
.3728
.372
.3711
.3703
.3694
.3686
.3677
.3668
.366
.3651
.3643
.3634
.3626
.3617
.3609
.3601
.3592
.3584
.3575
.3567
.3558
.355
.3542
.3533
.3525
.3516
.3508
.35
.3491
.3483
.3475
.3467
.3458
.345
.3442
.3434
.3425
.3417
.3409
.3401
.3393
.3385
.3376
.3368
.336
.3352
.3344
.3336
.3328
.332
.3312
.3304
.3296
.3288
.328
.3273
.3265
.3257
.3249
.3241
.3233
.3226
.3218
.321
.3202
.3195
.3187
.3179
.3172
.3164
.3157
.3149
.3142
.3134
.3126
.3119
.3112
.3104
.3097
.3089
.3082
.3075
.3067
.306
.3053
.3045
.3038
.3031
.3024
.3016
.3009
.3002
.2995
.2988
.2981
.2974
.2967
.296
.2953
.2946
.2939
.2932
.2925
.2918
.2911
.2904
.2898
.2891
.2884
.2877
.287
.2864
.2857
.285
.2844
.2837
.2831
.2824
.2817
.2811
.2804
.2798
.2791
.2785
.2778
.2772
.2766
.2759
.2753
.2747
.274
.2734
.2728
.2721
.2715
.2709
.2703
.2697
.2691
.2684
.2678
.2672
.2666
.266
.2654
.2648
.2642
.2636
.263
.2624
.2618
.2613
.2607
.2601
.2595
.2589
.2583
.2578
.2572
.2566
.2561
.2555
.2549
.2544
.2538
.2532
.2527
.2521
.2516
.251
.2505
.2499
.2494
.2488
.2483
.2477
.2472
.2467
.2461
.2456
.245
.2445
.244
.2435
.2429
.2424
.2419
.2414
.2409
.2403
.2398
.2393
.2388
.2383
.2378
.2373
.2368
.2363
.2358
.2353
.2348
.2343
.2338
.2333
.2328
.2323
.2318
.2313
.2308
.2304
.2299
.2294
.2289
.2284
.228
.2275
.227
.2265
.2261
.2256
.2251
.2247
.2242
.2238
.2233
.2228
.2224
.2219
.2215
.221
.2206
.2201
.2197
.2192
.2188
.2183
.2179
.2175
.217
.2166
.2162
.2157
.2153
.2149
.2144
.214
.2136
.2131
.2127
.2123
.2119
.2115
.211
.2106
.2102
.2098
.2094
.209
.2085
.2081
.2077
.2073
.2069
.2065
.2061
.2057
.2053
.2049
.2045
.2041
.2037
.2033
.2029
.2025
.2021
.2018
.2014
.201
.2006
.2002
.1998
.1995
.1991
.1987
.1983
.1979
.1976
.1972
.1968
.1964
.1961
.1957
.1953
.195
.1946
.1942
.1939
.1935
.1931
.1928
.1924
.1921
.1917
.1914
.191
.1906
.1903
.1899
.1896
.1892
.1889
.1885
.1882
.1879
.1875
.1872
.1868
.1865
.1861
.1858
.1855
.1851
.1848
.1845
.1841
.1838
.1835
.1831
.1828
.1825
.1821
.1818
.1815
.1812
.1808
.1805
.1802
.1799
.1796
.1792
.1789
.1786
.1783
.178
.1777
.1773
.177
.1767
.1764
.1761
.1758
.1755
.1752
.1749
.1746
.1743
.174
.1737
.1734
.1731
.1728
.1725
.1722
.1719
.1716
.1713
.171
.1707
.1704
.1701
.1698
.1695
.1692
.1689
.1686
.1684
.1681
.1678
.1675
.1672
.1669
.1667
.1664
.1661
.1658
.1655
.1653
.165
.1647
.1644
.1642
.1639
.1636
.1633
.1631
.1628
.1625
.1623
.162
.1617
.1614
.1612
.1609
.1607
.1604
.1601
.1599
.1596
.1593
.1591
.1588
.1586
.1583
.158
.1578
.1575
.1573
.157
.1568
.1565
.1563
.156
.1558
.1555
.1553
.155
.1548
.1545
.1543
.154
.1538
.1535
.1533
.153
.1528
.1525
.1523
.1521
.1518
.1516
.1513
.1511
.1509
.1506
.1504
.1502
.1499
.1497
.1495
.1492
.149
.1488
.1485
.1483
.1481
.1478
.1476
.1474
.1471
.1469
.1467
.1465
.1462
.146
.1458
.1456
.1453
.1451
.1449
.1447
.1445
.1442
.144
.1438
.1436
.1434
.1431
.1429
.1427
.1425
.1423
.1421
.1419
.1416
.1414
.1412
.141
.1408
.1406
.1404
.1402
.1399
.1397
.1395
.1393
.1391
.1389
.1387
.1385
.1383
.1381
.1379
.1377
.1375
.1373
.1371
.1369
.1367
.1365
.1363
.1361
.1359
.1357
.1355
.1353
.1351
.1349
.1347
.1345
.1343
.1341
.1339
.1337
.1335
.1333
.1331
.133
.1328
.1326
.1324
.1322
.132
.1318
.1316
.1314
.1312
.1311
.1309
.1307
.1305
.1303
.1301
.1299
.1298
.1296
.1294
.1292
.129
.1289
.1287
.1285
.1283
.1281
.128
.1278
.1276
.1274
.1272
.1271
.1269
.1267
.1265
.1264
.1262
.126
.1258
.1257
.1255
.1253
.1251
.125
.1248
.1246
.1245
.1243
.1241
.1239
.1238
.1236
.1234
.1233
.1231
.1229
.1228
.1226
.1224
.1223
.1221
.1219
.1218
.1216
.1214
.1213
.1211
.121
.1208
.1206
.1205
.1203
.1201
.12
.1198
.1197
.1195
.1194
.1192
.119
.1189
.1187
.1186
.1184
.1182
.1181
.1179
.1178
.1176
.1175
.1173
.1172
.117
.1169
.1167
.1165
.1164
.1162
.1161
.1159
.1158
.1156
.1155
.1153
.1152
.115
.1149
.1147
.1146
.1144
.1143
.1142
.114
.1139
.1137
.1136
.1134
.1133
.1131
.113
.1128
.1127
.1126
.1124
.1123
.1121
.112
.1118
.1117
.1116
.1114
.1113
.1111
.111
.1109
.1107
.1106
.1104
.1103
.1102
.11
.1099
.1097
.1096
.1095
.1093
.1092
.1091
.1089
.1088
.1087
.1085
.1084
.1083
.1081
.108
.1079
.1077
.1076
.1075
.1073
.1072
.1071
.1069
.1068
.1067
.1065
.1064
.1063
.1061
.106
.1059
.1058
.1056
.1055
.1054
.1052
.1051
.105
.1049
.1047
.1046
.1045
.1044
.1042
.1041
.104
.1039
.1037
.1036
.1035
.1034
.1032
.1031
.103
.1029
.1027
.1026
.1025
.1024
.1023
.1021
.102
.1019
.1018
.1016
.1015
.1014
.1013
.1012
.1011
.1009
.1008
.1007
.1006
.1005
.1003
.1002
.1001
.1
.0999
.0998
.0996
.0995
.0994
.0993
.0992
.0991
.0989
.0988
.0987
.0986
.0985
.0984
.0983
.0981
.098
.0979
.0978
.0977
.0976
.0975
.0974
.0973
.0971
.097
.0969
.0968
.0967
.0966
.0965
.0964
.0963
.0961
.096
.0959
.0958
.0957
.0956
.0955
.0954
.0953
.0952
.0951
.095
.0949
.0947
.0946
.0945
.0944
.0943
.0942
.0941
.094
.0939
.0938
.0937
.0936
.0935
.0934
.0933
.0932
.0931
.093
.0929
.0928
.0927
.0926
.0925
.0924
.0923
.0922
.0921
.0919
.0918
.0917
.0916
.0915
.0914
.0913
.0912
.0911
.091
.0909
.0909
.0908
.0907
.0906
.0905
.0904
.0903
.0902
.0901
.09
.0899
.0898
.0897
.0896
.0895
.0894
.0893
.0892
.0891
.089
.0889
.0888
.0887
.0886
.0885
.0884
.0883
.0882
.0882
.0881
.088
.0879
.0878
.0877
.0876
.0875
.0874
.0873
.0872
.0871
.087
.087
.0869
.0868
.0867
.0866
.0865
.0864
.0863
.0862
.0861
.086
.086
.0859
.0858
.0857
.0856
.0855
.0854
.0853
.0852
.0852
.0851
.085
.0849
.0848
.0847
.0846
.0845
.0845
.0844
.0843
.0842
.0841
.084
.0839
.0838
.0838
.0837
.0836
.0835
.0834
.0833
.0832
.0832
.0831
.083
.0829
.0828
.0827
.0827
.0826
.0825
.0824
.0823
.0822
.0822
.0821
.082
.0819
.0818
.0817
.0817
.0816
.0815
.0814
.0813
.0813
.0812
.0811
.081
.0809
.0809
.0808
.0807
.0806
.0805
.0805
.0804
.0803
.0802
.0801
.0801
.08
.0799
.0798
.0797
.0797
.0796
.0795
.0794
.0793
.0793
.0792
.0791
.079
.079
.0789
.0788
.0787
.0787
.0786
.0785
.0784
.0783
.0783
.0782
.0781
.078
.078
.0779
.0778
.0777
.0777
.0776
.0775
.0774
.0774
.0773
.0772
.0771
.0771
.077
.0769
.0768
.0768
.0767
.0766
.0766
.0765
.0764
.0763
.0763
.0762
.0761
.076
.076
.0759
.0758
.0758
.0757
.0756
.0755
.0755
.0754
.0753
.0753
.0752
.0751
.075
.075
.0749
.0748
.0748
.0747
.0746
.0746
.0745
.0744
.0743
.0743
.0742
.0741
.0741
.074
.0739
.0739
.0738
.0737
.0737
.0736
.0735
.0734
.0734
.0733
.0732
.0732
.0731
.073
.073
.0729
.0728
.0728
.0727
.0726
.0726
.0725
.0724
.0724
.0723
.0722
.0722
.0721
.072
.072
.0719
.0718
.0718
.0717
.0717
.0716
.0715
.0715
.0714
.0713
.0713
.0712
.0711
.0711
.071
.0709
.0709
.0708
.0708
.0707
.0706
.0706
.0705
.0704
.0704
.0703
.0702
.0702
.0701
.0701
.07
.0699
.0699
.0698
.0697
.0697
.0696
.0696
.0695
.0694
.0694
.0693
.0693
.0692
.0691
.0691
.069
.069
.0689
.0688
.0688
.0687
.0686
.0686
.0685
.0685
.0684
.0683
.0683
.0682
.0682
.0681
.068
.068
.0679
.0679
.0678
.0678
.0677
.0676
.0676
.0675
.0675
.0674
.0673
.0673
.0672
.0672
.0671
.0671
.067
.0669
.0669
.0668
.0668
.0667
.0667
.0666
.0665
.0665
.0664
.0664
.0663
.0663
.0662
.0661
.0661
.066
.066
.0659
.0659
.0658
.0657
.0657
.0656
.0656
.0655
.0655
.0654
.0654
.0653
.0652
.0652
.0651
.0651
.065
.065
.0649
.0649
.0648
.0648
.0647
.0646
.0646
.0645
.0645
.0644
.0644
.0643
.0643
.0642
.0642
.0641
.0641
.064
.0639
.0639
.0638
.0638
.0637
.0637
.0636
.0636
.0635
.0635
.0634
.0634
.0633
.0633
.0632
.0632
.0631
.0631
.063
.063
.0629
.0629
.0628
.0627
.0627
.0626
.0626
.0625
.0625
.0624
.0624
.0623
.0623
.0622
.0622
.0621
.0621
.062
.062
.0619
.0619
.0618
.0618
.0617
.0617
.0616
.0616
.0615
.0615
.0614
.0614
.0613
.0613
.0612
.0612
.0611
.0611
.061
.061
.0609
.0609
.0608
.0608
.0608
.0607
.0607
.0606
.0606
.0605
.0605
.0604
.0604
.0603
.0603
.0602
.0602
.0601
.0601
.06
.06
.0599
.0599
.0598
.0598
.0597
.0597
.0597
.0596
.0596
.0595
.0595
.0594
.0594
.0593
.0593
.0592
.0592
.0591
.0591
.0591
.059
.059
.0589
.0589
.0588
.0588
.0587
.0587
.0586
.0586
.0585
.0585
.0585
.0584
.0584
.0583
.0583
.0582
.0582
.0581
.0581
.0581
.058
.058
.0579
.0579
.0578
.0578
.0577
.0577
.0577
.0576
.0576
.0575
.0575
.0574
.0574
.0573
.0573
.0573
.0572
.0572
.0571
.0571
.057
.057
.057
.0569
.0569
.0568
.0568
.0567
.0567
.0567
.0566
.0566
.0565
.0565
.0564
.0564
.0564
.0563
.0563
.0562
.0562
.0561
.0561
.0561
.056
.056
.0559
.0559
.0559
.0558
.0558
.0557
.0557
.0556
.0556
.0556
.0555
.0555
.0554
.0554
.0554
.0553
.0553
.0552
.0552
.0552
.0551
.0551
.055
.055
.0549
.0549
.0549
.0548
.0548
.0547
.0547
.0547
.0546
.0546
.0545
.0545
.0545
.0544
.0544
.0543
.0543
.0543
.0542
.0542
.0541
.0541
.0541
.054
.054
.054
.0539
.0539
.0538
.0538
.0538
.0537
.0537
.0536
.0536
.0536
.0535
.0535
.0534
.0534
.0534
.0533
.0533
.0533
.0532
.0532
.0531
.0531
.0531
.053
.053
.053
.0529
.0529
.0528
.0528
.0528
.0527
.0527
.0527
.0526
.0526
.0525
.0525
.0525
.0524
.0524
.0524
.0523
.0523
.0522
.0522
.0522
.0521
.0521
.0521
.052
.052
.0519
.0519
.0519
.0518
.0518
.0518
.0517
.0517
.0517
.0516
.0516
.0515
.0515
.0515
.0514
.0514
.0514
.0513
.0513
.0513
.0512
.0512
.0512
.0511
.0511
.051
.051
.051
.0509
.0509
.0509
.0508
.0508
.0508
.0507
.0507
.0507
.0506
.0506
.0506
.0505
.0505
.0505
.0504
.0504
.0503
.0503
.0503
.0502
.0502
.0502
.0501
.0501
.0501
.05
.05
.05
