.6061
.6014
.5945
.5879
.5815
.5754
.5695
.564
.5589
.5541
.5496
.5456
.5419
.5385
.5355
.5328
.5304
.5283
.5264
.5248
.5234
.5221
.5211
.5201
.5193
.5187
.5181
.5176
.5171
.5167
.5164
.5161
.5159
.5157
.5155
.5154
.5152
.5151
.515
.5149
.5148
.5148
.5147
.5146
.5146
.5145
.5145
.5144
.5144
.5143
.5143
.5142
.5142
.5141
.5141
.5141
.514
.514
.514
.5139
.5139
.5138
.5138
.5138
.5137
.5137
.5136
.5136
.5136
.5135
.5135
.5134
.5134
.5134
.5133
.5133
.5132
.5132
.5131
.5131
.5131
.513
.513
.5129
.5129
.5128
.5128
.5127
.5127
.5127
.5126
.5126
.5125
.5125
.5124
.5124
.5123
.5123
.5122
.5122
.5121
.5121
.512
.512
.5119
.5119
.5118
.5118
.5117
.5117
.5116
.5116
.5115
.5115
.5114
.5114
.5113
.5113
.5112
.5111
.5111
.511
.511
.5109
.5109
.5108
.5107
.5107
.5106
.5105
.5105
.5104
.5104
.5103
.5102
.5102
.5101
.51
.51
.5099
.5098
.5098
.5097
.5096
.5095
.5095
.5094
.5093
.5093
.5092
.5091
.509
.5089
.5089
.5088
.5087
.5086
.5085
.5085
.5084
.5083
.5082
.5081
.508
.5079
.5079
.5078
.5077
.5076
.5075
.5074
.5073
.5072
.5071
.507
.5069
.5068
.5067
.5066
.5065
.5064
.5063
.5061
.506
.5059
.5058
.5057
.5056
.5055
.5053
.5052
.5051
.505
.5048
.5047
.5046
.5044
.5043
.5042
.504
.5039
.5038
.5036
.5035
.5033
.5032
.503
.5029
.5027
.5026
.5024
.5022
.5021
.5019
.5018
.5016
.5014
.5012
.5011
.5009
.5007
.5005
.5004
.5002
.5
.4998
.4996
.4994
.4992
.499
.4988
.4986
.4984
.4982
.498
.4977
.4975
.4973
.4971
.4968
.4966
.4964
.4961
.4959
.4957
.4954
.4952
.4949
.4947
.4944
.4941
.4939
.4936
.4933
.4931
.4928
.4925
.4922
.492
.4917
.4914
.4911
.4908
.4905
.4902
.4899
.4895
.4892
.4889
.4886
.4883
.4879
.4876
.4873
.4869
.4866
.4862
.4859
.4855
.4851
.4848
.4844
.484
.4837
.4833
.4829
.4825
.4821
.4817
.4813
.4809
.4805
.4801
.4797
.4793
.4789
.4785
.478
.4776
.4772
.4767
.4763
.4758
.4754
.4749
.4745
.474
.4735
.4731
.4726
.4721
.4716
.4711
.4706
.4702
.4697
.4692
.4687
.4681
.4676
.4671
.4666
.4661
.4655
.465
.4645
.4639
.4634
.4629
.4623
.4618
.4612
.4606
.4601
.4595
.459
.4584
.4578
.4572
.4566
.4561
.4555
.4549
.4543
.4537
.4531
.4525
.4519
.4513
.4506
.45
.4494
.4488
.4482
.4475
.4469
.4463
.4456
.445
.4444
.4437
.4431
.4424
.4418
.4411
.4405
.4398
.4391
.4385
.4378
.4371
.4365
.4358
.4351
.4344
.4338
.4331
.4324
.4317
.431
.4303
.4296
.4289
.4283
.4276
.4269
.4262
.4255
.4247
.424
.4233
.4226
.4219
.4212
.4205
.4198
.4191
.4183
.4176
.4169
.4162
.4155
.4147
.414
.4133
.4126
.4118
.4111
.4104
.4096
.4089
.4082
.4074
.4067
.406
.4052
.4045
.4037
.403
.4023
.4015
.4008
.4
.3993
.3986
.3978
.3971
.3963
.3956
.3948
.3941
.3933
.3926
.3918
.3911
.3903
.3896
.3888
.3881
.3873
.3866
.3858
.3851
.3843
.3836
.3828
.3821
.3813
.3806
.3798
.3791
.3783
.3776
.3768
.3761
.3753
.3746
.3738
.3731
.3723
.3716
.3708
.3701
.3693
.3685
.3678
.367
.3663
.3655
.3648
.364
.3633
.3625
.3618
.361
.3603
.3595
.3588
.358
.3573
.3565
.3558
.355
.3543
.3535
.3528
.3521
.3513
.3506
.3498
.3491
.3483
.3476
.3468
.3461
.3453
.3446
.3439
.3431
.3424
.3416
.3409
.3401
.3394
.3387
.3379
.3372
.3364
.3357
.335
.3342
.3335
.3327
.332
.3313
.3305
.3298
.3291
.3283
.3276
.3269
.3261
.3254
.3247
.3239
.3232
.3225
.3217
.321
.3203
.3196
.3188
.3181
.3174
.3167
.3159
.3152
.3145
.3138
.313
.3123
.3116
.3109
.3101
.3094
.3087
.308
.3073
.3066
.3058
.3051
.3044
.3037
.303
.3023
.3016
.3009
.3001
.2994
.2987
.298
.2973
.2966
.2959
.2952
.2945
.2938
.2931
.2924
.2917
.291
.2903
.2896
.2889
.2882
.2875
.2868
.2861
.2854
.2847
.2841
.2834
.2827
.282
.2813
.2806
.28
.2793
.2786
.2779
.2772
.2766
.2759
.2752
.2745
.2739
.2732
.2725
.2719
.2712
.2705
.2699
.2692
.2686
.2679
.2672
.2666
.2659
.2653
.2646
.264
.2633
.2627
.2621
.2614
.2608
.2601
.2595
.2589
.2582
.2576
.257
.2563
.2557
.2551
.2544
.2538
.2532
.2526
.252
.2513
.2507
.2501
.2495
.2489
.2483
.2477
.2471
.2465
.2459
.2453
.2447
.2441
.2435
.2429
.2423
.2417
.2411
.2406
.24
.2394
.2388
.2382
.2377
.2371
.2365
.2359
.2354
.2348
.2343
.2337
.2331
.2326
.232
.2315
.2309
.2304
.2298
.2293
.2287
.2282
.2276
.2271
.2266
.226
.2255
.225
.2244
.2239
.2234
.2229
.2223
.2218
.2213
.2208
.2203
.2197
.2192
.2187
.2182
.2177
.2172
.2167
.2162
.2157
.2152
.2147
.2142
.2137
.2132
.2127
.2123
.2118
.2113
.2108
.2103
.2098
.2094
.2089
.2084
.208
.2075
.207
.2066
.2061
.2056
.2052
.2047
.2042
.2038
.2033
.2029
.2024
.202
.2015
.2011
.2006
.2002
.1998
.1993
.1989
.1984
.198
.1976
.1971
.1967
.1963
.1958
.1954
.195
.1946
.1941
.1937
.1933
.1929
.1925
.1921
.1916
.1912
.1908
.1904
.19
.1896
.1892
.1888
.1884
.188
.1876
.1872
.1868
.1864
.186
.1856
.1852
.1848
.1844
.1841
.1837
.1833
.1829
.1825
.1821
.1818
.1814
.181
.1806
.1803
.1799
.1795
.1791
.1788
.1784
.178
.1777
.1773
.177
.1766
.1762
.1759
.1755
.1752
.1748
.1744
.1741
.1737
.1734
.173
.1727
.1723
.172
.1717
.1713
.171
.1706
.1703
.1699
.1696
.1693
.1689
.1686
.1683
.1679
.1676
.1673
.1669
.1666
.1663
.1659
.1656
.1653
.165
.1647
.1643
.164
.1637
.1634
.1631
.1627
.1624
.1621
.1618
.1615
.1612
.1609
.1606
.1602
.1599
.1596
.1593
.159
.1587
.1584
.1581
.1578
.1575
.1572
.1569
.1566
.1563
.156
.1557
.1554
.1551
.1548
.1546
.1543
.154
.1537
.1534
.1531
.1528
.1525
.1523
.152
.1517
.1514
.1511
.1509
.1506
.1503
.15
.1497
.1495
.1492
.1489
.1487
.1484
.1481
.1478
.1476
.1473
.147
.1468
.1465
.1462
.146
.1457
.1454
.1452
.1449
.1447
.1444
.1441
.1439
.1436
.1434
.1431
.1428
.1426
.1423
.1421
.1418
.1416
.1413
.1411
.1408
.1406
.1403
.1401
.1398
.1396
.1394
.1391
.1389
.1386
.1384
.1381
.1379
.1377
.1374
.1372
.1369
.1367
.1365
.1362
.136
.1358
.1355
.1353
.1351
.1348
.1346
.1344
.1341
.1339
.1337
.1334
.1332
.133
.1328
.1325
.1323
.1321
.1319
.1316
.1314
.1312
.131
.1308
.1305
.1303
.1301
.1299
.1297
.1294
.1292
.129
.1288
.1286
.1284
.1282
.1279
.1277
.1275
.1273
.1271
.1269
.1267
.1265
.1263
.1261
.1259
.1256
.1254
.1252
.125
.1248
.1246
.1244
.1242
.124
.1238
.1236
.1234
.1232
.123
.1228
.1226
.1224
.1222
.122
.1218
.1216
.1214
.1212
.1211
.1209
.1207
.1205
.1203
.1201
.1199
.1197
.1195
.1193
.1191
.119
.1188
.1186
.1184
.1182
.118
.1178
.1177
.1175
.1173
.1171
.1169
.1167
.1166
.1164
.1162
.116
.1158
.1157
.1155
.1153
.1151
.1149
.1148
.1146
.1144
.1142
.1141
.1139
.1137
.1135
.1134
.1132
.113
.1128
.1127
.1125
.1123
.1122
.112
.1118
.1117
.1115
.1113
.1111
.111
.1108
.1106
.1105
.1103
.1102
.11
.1098
.1097
.1095
.1093
.1092
.109
.1088
.1087
.1085
.1084
.1082
.108
.1079
.1077
.1076
.1074
.1072
.1071
.1069
.1068
.1066
.1065
.1063
.1062
.106
.1058
.1057
.1055
.1054
.1052
.1051
.1049
.1048
.1046
.1045
.1043
.1042
.104
.1039
.1037
.1036
.1034
.1033
.1031
.103
.1028
.1027
.1025
.1024
.1023
.1021
.102
.1018
.1017
.1015
.1014
.1012
.1011
.101
.1008
.1007
.1005
.1004
.1003
.1001
.1
.0998
.0997
.0996
.0994
.0993
.0991
.099
.0989
.0987
.0986
.0985
.0983
.0982
.0981
.0979
.0978
.0977
.0975
.0974
.0973
.0971
.097
.0969
.0967
.0966
.0965
.0963
.0962
.0961
.0959
.0958
.0957
.0955
.0954
.0953
.0952
.095
.0949
.0948
.0946
.0945
.0944
.0943
.0941
.094
.0939
.0938
.0936
.0935
.0934
.0933
.0931
.093
.0929
.0928
.0927
.0925
.0924
.0923
.0922
.092
.0919
.0918
.0917
.0916
.0914
.0913
.0912
.0911
.091
.0908
.0907
.0906
.0905
.0904
.0903
.0901
.09
.0899
.0898
.0897
.0896
.0894
.0893
.0892
.0891
.089
.0889
.0888
.0886
.0885
.0884
.0883
.0882
.0881
.088
.0879
.0877
.0876
.0875
.0874
.0873
.0872
.0871
.087
.0869
.0868
.0866
.0865
.0864
.0863
.0862
.0861
.086
.0859
.0858
.0857
.0856
.0855
.0854
.0852
.0851
.085
.0849
.0848
.0847
.0846
.0845
.0844
.0843
.0842
.0841
.084
.0839
.0838
.0837
.0836
.0835
.0834
.0833
.0832
.0831
.083
.0829
.0828
.0827
.0826
.0825
.0824
.0823
.0822
.0821
.082
.0819
.0818
.0817
.0816
.0815
.0814
.0813
.0812
.0811
.081
.0809
.0808
.0807
.0806
.0805
.0804
.0803
.0802
.0801
.08
.0799
.0798
.0798
.0797
.0796
.0795
.0794
.0793
.0792
.0791
.079
.0789
.0788
.0787
.0786
.0785
.0785
.0784
.0783
.0782
.0781
.078
.0779
.0778
.0777
.0776
.0775
.0775
.0774
.0773
.0772
.0771
.077
.0769
.0768
.0767
.0767
.0766
.0765
.0764
.0763
.0762
.0761
.076
.076
.0759
.0758
.0757
.0756
.0755
.0754
.0754
.0753
.0752
.0751
.075
.0749
.0749
.0748
.0747
.0746
.0745
.0744
.0743
.0743
.0742
.0741
.074
.0739
.0739
.0738
.0737
.0736
.0735
.0734
.0734
.0733
.0732
.0731
.073
.073
.0729
.0728
.0727
.0726
.0726
.0725
.0724
.0723
.0722
.0722
.0721
.072
.0719
.0718
.0718
.0717
.0716
.0715
.0715
.0714
.0713
.0712
.0711
.0711
.071
.0709
.0708
.0708
.0707
.0706
.0705
.0705
.0704
.0703
.0702
.0702
.0701
.07
.0699
.0699
.0698
.0697
.0696
.0696
.0695
.0694
.0693
.0693
.0692
.0691
.069
.069
.0689
.0688
.0688
.0687
.0686
.0685
.0685
.0684
.0683
.0683
.0682
.0681
.068
.068
.0679
.0678
.0678
.0677
.0676
.0675
.0675
.0674
.0673
.0673
.0672
.0671
.0671
.067
.0669
.0668
.0668
.0667
.0666
.0666
.0665
.0664
.0664
.0663
.0662
.0662
.0661
.066
.066
.0659
.0658
.0658
.0657
.0656
.0656
.0655
.0654
.0654
.0653
.0652
.0652
.0651
.065
.065
.0649
.0648
.0648
.0647
.0646
.0646
.0645
.0644
.0644
.0643
.0643
.0642
.0641
.0641
.064
.0639
.0639
.0638
.0637
.0637
.0636
.0636
.0635
.0634
.0634
.0633
.0632
.0632
.0631
.0631
.063
.0629
.0629
.0628
.0627
.0627
.0626
.0626
.0625
.0624
.0624
.0623
.0623
.0622
.0621
.0621
.062
.062
.0619
.0618
.0618
.0617
.0617
.0616
.0615
.0615
.0614
.0614
.0613
.0612
.0612
.0611
.0611
.061
.0609
.0609
.0608
.0608
.0607
.0607
.0606
.0605
.0605
.0604
.0604
.0603
.0603
.0602
.0601
.0601
.06
.06
.0599
.0599
.0598
.0597
.0597
.0596
.0596
.0595
.0595
.0594
.0594
.0593
.0592
.0592
.0591
.0591
.059
.059
.0589
.0589
.0588
.0587
.0587
.0586
.0586
.0585
.0585
.0584
.0584
.0583
.0583
.0582
.0581
.0581
.058
.058
.0579
.0579
.0578
.0578
.0577
.0577
.0576
.0576
.0575
.0575
.0574
.0574
.0573
.0572
.0572
.0571
.0571
.057
.057
.0569
.0569
.0568
.0568
.0567
.0567
.0566
.0566
.0565
.0565
.0564
.0564
.0563
.0563
.0562
.0562
.0561
.0561
.056
.056
.0559
.0559
.0558
.0558
.0557
.0557
.0556
.0556
.0555
.0555
.0554
.0554
.0553
.0553
.0552
.0552
.0551
.0551
.055
.055
.0549
.0549
.0548
.0548
.0547
.0547
.0546
.0546
.0546
.0545
.0545
.0544
.0544
.0543
.0543
.0542
.0542
.0541
.0541
.054
.054
.0539
.0539
.0538
.0538
.0537
.0537
.0537
.0536
.0536
.0535
.0535
.0534
.0534
.0533
.0533
.0532
.0532
.0531
.0531
.0531
.053
.053
.0529
.0529
.0528
.0528
.0527
.0527
.0527
.0526
.0526
.0525
.0525
.0524
.0524
.0523
.0523
.0523
.0522
.0522
.0521
.0521
.052
.052
.0519
.0519
.0519
.0518
.0518
.0517
.0517
.0516
.0516
.0516
.0515
.0515
.0514
.0514
.0513
.0513
.0513
.0512
.0512
.0511
.0511
.051
.051
.051
.0509
.0509
.0508
.0508
.0507
.0507
.0507
.0506
.0506
.0505
.0505
.0505
.0504
.0504
.0503
.0503
.0502
.0502
.0502
.0501
.0501
.05
.05
