.586
.5834
.579
.5747
.5706
.5667
.563
.5595
.5561
.553
.5501
.5474
.5448
.5425
.5404
.5384
.5367
.5351
.5336
.5323
.5312
.5302
.5292
.5284
.5277
.527
.5265
.526
.5255
.5251
.5248
.5244
.5242
.5239
.5237
.5234
.5232
.5231
.5229
.5227
.5226
.5224
.5223
.5221
.522
.5219
.5217
.5216
.5215
.5213
.5212
.5211
.5209
.5208
.5207
.5205
.5204
.5202
.5201
.5199
.5198
.5196
.5195
.5193
.5192
.519
.5189
.5187
.5185
.5184
.5182
.518
.5178
.5177
.5175
.5173
.5171
.5169
.5167
.5165
.5163
.5161
.5159
.5157
.5155
.5153
.5151
.5149
.5147
.5144
.5142
.514
.5138
.5135
.5133
.513
.5128
.5126
.5123
.5121
.5118
.5115
.5113
.511
.5108
.5105
.5102
.5099
.5096
.5094
.5091
.5088
.5085
.5082
.5079
.5076
.5073
.5069
.5066
.5063
.506
.5057
.5053
.505
.5046
.5043
.5039
.5036
.5032
.5029
.5025
.5021
.5018
.5014
.501
.5006
.5002
.4998
.4994
.499
.4986
.4982
.4978
.4974
.497
.4965
.4961
.4957
.4952
.4948
.4943
.4939
.4934
.493
.4925
.492
.4915
.4911
.4906
.4901
.4896
.4891
.4886
.4881
.4876
.4871
.4865
.486
.4855
.4849
.4844
.4839
.4833
.4828
.4822
.4817
.4811
.4805
.48
.4794
.4788
.4782
.4776
.477
.4764
.4758
.4752
.4746
.474
.4734
.4728
.4722
.4715
.4709
.4703
.4696
.469
.4683
.4677
.467
.4664
.4657
.465
.4644
.4637
.463
.4624
.4617
.461
.4603
.4596
.4589
.4582
.4575
.4568
.4561
.4554
.4547
.454
.4532
.4525
.4518
.4511
.4503
.4496
.4489
.4481
.4474
.4466
.4459
.4452
.4444
.4437
.4429
.4421
.4414
.4406
.4399
.4391
.4383
.4375
.4368
.436
.4352
.4344
.4337
.4329
.4321
.4313
.4305
.4297
.429
.4282
.4274
.4266
.4258
.425
.4242
.4234
.4226
.4218
.421
.4202
.4194
.4185
.4177
.4169
.4161
.4153
.4145
.4137
.4129
.412
.4112
.4104
.4096
.4088
.408
.4071
.4063
.4055
.4047
.4039
.403
.4022
.4014
.4006
.3997
.3989
.3981
.3973
.3964
.3956
.3948
.394
.3931
.3923
.3915
.3906
.3898
.389
.3882
.3873
.3865
.3857
.3849
.384
.3832
.3824
.3815
.3807
.3799
.3791
.3782
.3774
.3766
.3758
.3749
.3741
.3733
.3725
.3717
.3708
.37
.3692
.3684
.3676
.3667
.3659
.3651
.3643
.3635
.3627
.3618
.361
.3602
.3594
.3586
.3578
.357
.3562
.3553
.3545
.3537
.3529
.3521
.3513
.3505
.3497
.3489
.3481
.3473
.3465
.3457
.3449
.3441
.3433
.3426
.3418
.341
.3402
.3394
.3386
.3378
.337
.3363
.3355
.3347
.3339
.3331
.3324
.3316
.3308
.33
.3293
.3285
.3277
.327
.3262
.3254
.3247
.3239
.3232
.3224
.3217
.3209
.3201
.3194
.3186
.3179
.3172
.3164
.3157
.3149
.3142
.3134
.3127
.312
.3112
.3105
.3098
.309
.3083
.3076
.3069
.3061
.3054
.3047
.304
.3033
.3025
.3018
.3011
.3004
.2997
.299
.2983
.2976
.2969
.2962
.2955
.2948
.2941
.2934
.2927
.292
.2913
.2907
.29
.2893
.2886
.2879
.2873
.2866
.2859
.2852
.2846
.2839
.2832
.2826
.2819
.2813
.2806
.2799
.2793
.2786
.278
.2773
.2767
.276
.2754
.2747
.2741
.2735
.2728
.2722
.2716
.2709
.2703
.2697
.269
.2684
.2678
.2672
.2666
.2659
.2653
.2647
.2641
.2635
.2629
.2623
.2617
.2611
.2605
.2599
.2593
.2587
.2581
.2575
.2569
.2563
.2557
.2551
.2545
.254
.2534
.2528
.2522
.2516
.2511
.2505
.2499
.2494
.2488
.2482
.2477
.2471
.2465
.246
.2454
.2449
.2443
.2438
.2432
.2427
.2421
.2416
.241
.2405
.2399
.2394
.2389
.2383
.2378
.2373
.2367
.2362
.2357
.2352
.2346
.2341
.2336
.2331
.2326
.232
.2315
.231
.2305
.23
.2295
.229
.2285
.228
.2275
.227
.2265
.226
.2255
.225
.2245
.224
.2235
.223
.2225
.2221
.2216
.2211
.2206
.2201
.2197
.2192
.2187
.2182
.2178
.2173
.2168
.2164
.2159
.2154
.215
.2145
.214
.2136
.2131
.2127
.2122
.2118
.2113
.2109
.2104
.21
.2095
.2091
.2086
.2082
.2078
.2073
.2069
.2064
.206
.2056
.2051
.2047
.2043
.2039
.2034
.203
.2026
.2022
.2017
.2013
.2009
.2005
.2001
.1996
.1992
.1988
.1984
.198
.1976
.1972
.1968
.1964
.196
.1956
.1952
.1948
.1944
.194
.1936
.1932
.1928
.1924
.192
.1916
.1912
.1908
.1905
.1901
.1897
.1893
.1889
.1885
.1882
.1878
.1874
.187
.1867
.1863
.1859
.1855
.1852
.1848
.1844
.1841
.1837
.1833
.183
.1826
.1822
.1819
.1815
.1812
.1808
.1805
.1801
.1798
.1794
.179
.1787
.1783
.178
.1777
.1773
.177
.1766
.1763
.1759
.1756
.1753
.1749
.1746
.1742
.1739
.1736
.1732
.1729
.1726
.1722
.1719
.1716
.1713
.1709
.1706
.1703
.17
.1696
.1693
.169
.1687
.1684
.168
.1677
.1674
.1671
.1668
.1665
.1661
.1658
.1655
.1652
.1649
.1646
.1643
.164
.1637
.1634
.1631
.1628
.1625
.1622
.1619
.1616
.1613
.161
.1607
.1604
.1601
.1598
.1595
.1592
.1589
.1586
.1583
.1581
.1578
.1575
.1572
.1569
.1566
.1563
.1561
.1558
.1555
.1552
.1549
.1547
.1544
.1541
.1538
.1536
.1533
.153
.1527
.1525
.1522
.1519
.1517
.1514
.1511
.1508
.1506
.1503
.1501
.1498
.1495
.1493
.149
.1487
.1485
.1482
.148
.1477
.1474
.1472
.1469
.1467
.1464
.1462
.1459
.1457
.1454
.1452
.1449
.1447
.1444
.1442
.1439
.1437
.1434
.1432
.1429
.1427
.1424
.1422
.142
.1417
.1415
.1412
.141
.1408
.1405
.1403
.14
.1398
.1396
.1393
.1391
.1389
.1386
.1384
.1382
.1379
.1377
.1375
.1373
.137
.1368
.1366
.1363
.1361
.1359
.1357
.1354
.1352
.135
.1348
.1346
.1343
.1341
.1339
.1337
.1335
.1332
.133
.1328
.1326
.1324
.1322
.132
.1317
.1315
.1313
.1311
.1309
.1307
.1305
.1303
.13
.1298
.1296
.1294
.1292
.129
.1288
.1286
.1284
.1282
.128
.1278
.1276
.1274
.1272
.127
.1268
.1266
.1264
.1262
.126
.1258
.1256
.1254
.1252
.125
.1248
.1246
.1244
.1242
.124
.1238
.1236
.1234
.1233
.1231
.1229
.1227
.1225
.1223
.1221
.1219
.1217
.1216
.1214
.1212
.121
.1208
.1206
.1205
.1203
.1201
.1199
.1197
.1195
.1194
.1192
.119
.1188
.1186
.1185
.1183
.1181
.1179
.1178
.1176
.1174
.1172
.117
.1169
.1167
.1165
.1164
.1162
.116
.1158
.1157
.1155
.1153
.1152
.115
.1148
.1146
.1145
.1143
.1141
.114
.1138
.1136
.1135
.1133
.1131
.113
.1128
.1127
.1125
.1123
.1122
.112
.1118
.1117
.1115
.1114
.1112
.111
.1109
.1107
.1106
.1104
.1102
.1101
.1099
.1098
.1096
.1095
.1093
.1091
.109
.1088
.1087
.1085
.1084
.1082
.1081
.1079
.1078
.1076
.1075
.1073
.1072
.107
.1069
.1067
.1066
.1064
.1063
.1061
.106
.1058
.1057
.1055
.1054
.1052
.1051
.105
.1048
.1047
.1045
.1044
.1042
.1041
.1039
.1038
.1037
.1035
.1034
.1032
.1031
.103
.1028
.1027
.1025
.1024
.1023
.1021
.102
.1018
.1017
.1016
.1014
.1013
.1012
.101
.1009
.1008
.1006
.1005
.1004
.1002
.1001
.1
.0998
.0997
.0996
.0994
.0993
.0992
.099
.0989
.0988
.0986
.0985
.0984
.0982
.0981
.098
.0979
.0977
.0976
.0975
.0973
.0972
.0971
.097
.0968
.0967
.0966
.0965
.0963
.0962
.0961
.096
.0958
.0957
.0956
.0955
.0954
.0952
.0951
.095
.0949
.0947
.0946
.0945
.0944
.0943
.0941
.094
.0939
.0938
.0937
.0935
.0934
.0933
.0932
.0931
.093
.0928
.0927
.0926
.0925
.0924
.0923
.0921
.092
.0919
.0918
.0917
.0916
.0915
.0913
.0912
.0911
.091
.0909
.0908
.0907
.0906
.0904
.0903
.0902
.0901
.09
.0899
.0898
.0897
.0896
.0894
.0893
.0892
.0891
.089
.0889
.0888
.0887
.0886
.0885
.0884
.0883
.0881
.088
.0879
.0878
.0877
.0876
.0875
.0874
.0873
.0872
.0871
.087
.0869
.0868
.0867
.0866
.0865
.0864
.0863
.0862
.0861
.086
.0859
.0858
.0856
.0855
.0854
.0853
.0852
.0851
.085
.0849
.0848
.0847
.0846
.0845
.0844
.0843
.0842
.0842
.0841
.084
.0839
.0838
.0837
.0836
.0835
.0834
.0833
.0832
.0831
.083
.0829
.0828
.0827
.0826
.0825
.0824
.0823
.0822
.0821
.082
.0819
.0818
.0818
.0817
.0816
.0815
.0814
.0813
.0812
.0811
.081
.0809
.0808
.0807
.0806
.0806
.0805
.0804
.0803
.0802
.0801
.08
.0799
.0798
.0797
.0797
.0796
.0795
.0794
.0793
.0792
.0791
.079
.0789
.0789
.0788
.0787
.0786
.0785
.0784
.0783
.0783
.0782
.0781
.078
.0779
.0778
.0777
.0777
.0776
.0775
.0774
.0773
.0772
.0771
.0771
.077
.0769
.0768
.0767
.0766
.0766
.0765
.0764
.0763
.0762
.0761
.0761
.076
.0759
.0758
.0757
.0757
.0756
.0755
.0754
.0753
.0753
.0752
.0751
.075
.0749
.0748
.0748
.0747
.0746
.0745
.0745
.0744
.0743
.0742
.0741
.0741
.074
.0739
.0738
.0737
.0737
.0736
.0735
.0734
.0734
.0733
.0732
.0731
.0731
.073
.0729
.0728
.0728
.0727
.0726
.0725
.0724
.0724
.0723
.0722
.0721
.0721
.072
.0719
.0719
.0718
.0717
.0716
.0716
.0715
.0714
.0713
.0713
.0712
.0711
.071
.071
.0709
.0708
.0708
.0707
.0706
.0705
.0705
.0704
.0703
.0703
.0702
.0701
.07
.07
.0699
.0698
.0698
.0697
.0696
.0695
.0695
.0694
.0693
.0693
.0692
.0691
.0691
.069
.0689
.0689
.0688
.0687
.0687
.0686
.0685
.0684
.0684
.0683
.0682
.0682
.0681
.068
.068
.0679
.0678
.0678
.0677
.0676
.0676
.0675
.0674
.0674
.0673
.0672
.0672
.0671
.067
.067
.0669
.0669
.0668
.0667
.0667
.0666
.0665
.0665
.0664
.0663
.0663
.0662
.0661
.0661
.066
.066
.0659
.0658
.0658
.0657
.0656
.0656
.0655
.0654
.0654
.0653
.0653
.0652
.0651
.0651
.065
.0649
.0649
.0648
.0648
.0647
.0646
.0646
.0645
.0645
.0644
.0643
.0643
.0642
.0642
.0641
.064
.064
.0639
.0639
.0638
.0637
.0637
.0636
.0636
.0635
.0634
.0634
.0633
.0633
.0632
.0631
.0631
.063
.063
.0629
.0629
.0628
.0627
.0627
.0626
.0626
.0625
.0624
.0624
.0623
.0623
.0622
.0622
.0621
.062
.062
.0619
.0619
.0618
.0618
.0617
.0617
.0616
.0615
.0615
.0614
.0614
.0613
.0613
.0612
.0611
.0611
.061
.061
.0609
.0609
.0608
.0608
.0607
.0607
.0606
.0605
.0605
.0604
.0604
.0603
.0603
.0602
.0602
.0601
.0601
.06
.06
.0599
.0598
.0598
.0597
.0597
.0596
.0596
.0595
.0595
.0594
.0594
.0593
.0593
.0592
.0592
.0591
.0591
.059
.059
.0589
.0589
.0588
.0587
.0587
.0586
.0586
.0585
.0585
.0584
.0584
.0583
.0583
.0582
.0582
.0581
.0581
.058
.058
.0579
.0579
.0578
.0578
.0577
.0577
.0576
.0576
.0575
.0575
.0574
.0574
.0573
.0573
.0572
.0572
.0571
.0571
.057
.057
.0569
.0569
.0569
.0568
.0568
.0567
.0567
.0566
.0566
.0565
.0565
.0564
.0564
.0563
.0563
.0562
.0562
.0561
.0561
.056
.056
.0559
.0559
.0558
.0558
.0558
.0557
.0557
.0556
.0556
.0555
.0555
.0554
.0554
.0553
.0553
.0552
.0552
.0552
.0551
.0551
.055
.055
.0549
.0549
.0548
.0548
.0547
.0547
.0547
.0546
.0546
.0545
.0545
.0544
.0544
.0543
.0543
.0543
.0542
.0542
.0541
.0541
.054
.054
.0539
.0539
.0539
.0538
.0538
.0537
.0537
.0536
.0536
.0535
.0535
.0535
.0534
.0534
.0533
.0533
.0532
.0532
.0532
.0531
.0531
.053
.053
.0529
.0529
.0529
.0528
.0528
.0527
.0527
.0526
.0526
.0526
.0525
.0525
.0524
.0524
.0524
.0523
.0523
.0522
.0522
.0521
.0521
.0521
.052
.052
.0519
.0519
.0519
.0518
.0518
.0517
.0517
.0517
.0516
.0516
.0515
.0515
.0515
.0514
.0514
.0513
.0513
.0513
.0512
.0512
.0511
.0511
.0511
.051
.051
.0509
.0509
.0509
.0508
.0508
.0507
.0507
.0507
.0506
.0506
.0505
.0505
.0505
.0504
.0504
.0503
.0503
.0503
.0502
.0502
.0502
.0501
.0501
.05
.05
