.6155
.6108
.6043
.5979
.5916
.5855
.5795
.5738
.5684
.5633
.5584
.5539
.5497
.5459
.5423
.5392
.5363
.5338
.5315
.5295
.5277
.5262
.5249
.5238
.5228
.5219
.5212
.5206
.5201
.5196
.5192
.5189
.5186
.5184
.5182
.518
.5179
.5177
.5176
.5175
.5174
.5173
.5172
.5171
.517
.5169
.5169
.5168
.5167
.5166
.5166
.5165
.5164
.5163
.5163
.5162
.5161
.516
.5159
.5159
.5158
.5157
.5156
.5155
.5154
.5153
.5153
.5152
.5151
.515
.5149
.5148
.5147
.5146
.5145
.5144
.5143
.5142
.5141
.514
.5139
.5138
.5137
.5136
.5134
.5133
.5132
.5131
.513
.5129
.5127
.5126
.5125
.5124
.5122
.5121
.512
.5119
.5117
.5116
.5114
.5113
.5112
.511
.5109
.5107
.5106
.5104
.5103
.5101
.51
.5098
.5097
.5095
.5094
.5092
.509
.5089
.5087
.5085
.5083
.5082
.508
.5078
.5076
.5074
.5073
.5071
.5069
.5067
.5065
.5063
.5061
.5059
.5057
.5055
.5053
.505
.5048
.5046
.5044
.5042
.5039
.5037
.5035
.5032
.503
.5028
.5025
.5023
.502
.5018
.5015
.5013
.501
.5007
.5005
.5002
.4999
.4996
.4994
.4991
.4988
.4985
.4982
.4979
.4976
.4973
.497
.4967
.4964
.4961
.4958
.4954
.4951
.4948
.4944
.4941
.4938
.4934
.4931
.4927
.4924
.492
.4916
.4913
.4909
.4905
.4902
.4898
.4894
.489
.4886
.4882
.4878
.4874
.487
.4866
.4862
.4858
.4854
.4849
.4845
.4841
.4836
.4832
.4828
.4823
.4819
.4814
.4809
.4805
.48
.4796
.4791
.4786
.4781
.4776
.4771
.4767
.4762
.4757
.4752
.4746
.4741
.4736
.4731
.4726
.4721
.4715
.471
.4705
.4699
.4694
.4688
.4683
.4677
.4672
.4666
.466
.4655
.4649
.4643
.4638
.4632
.4626
.462
.4614
.4608
.4602
.4596
.459
.4584
.4578
.4572
.4566
.4559
.4553
.4547
.4541
.4534
.4528
.4522
.4515
.4509
.4502
.4496
.4489
.4483
.4476
.4469
.4463
.4456
.4449
.4443
.4436
.4429
.4422
.4416
.4409
.4402
.4395
.4388
.4381
.4374
.4367
.436
.4353
.4346
.4339
.4332
.4325
.4318
.4311
.4303
.4296
.4289
.4282
.4275
.4267
.426
.4253
.4245
.4238
.4231
.4223
.4216
.4208
.4201
.4194
.4186
.4179
.4171
.4164
.4156
.4149
.4141
.4133
.4126
.4118
.4111
.4103
.4096
.4088
.408
.4073
.4065
.4057
.405
.4042
.4034
.4026
.4019
.4011
.4003
.3995
.3988
.398
.3972
.3964
.3957
.3949
.3941
.3933
.3925
.3918
.391
.3902
.3894
.3886
.3879
.3871
.3863
.3855
.3847
.3839
.3831
.3824
.3816
.3808
.38
.3792
.3784
.3777
.3769
.3761
.3753
.3745
.3737
.3729
.3722
.3714
.3706
.3698
.369
.3682
.3675
.3667
.3659
.3651
.3643
.3635
.3628
.362
.3612
.3604
.3596
.3589
.3581
.3573
.3565
.3558
.355
.3542
.3534
.3527
.3519
.3511
.3504
.3496
.3488
.3481
.3473
.3465
.3458
.345
.3442
.3435
.3427
.342
.3412
.3404
.3397
.3389
.3382
.3374
.3367
.3359
.3352
.3344
.3337
.3329
.3322
.3315
.3307
.33
.3292
.3285
.3278
.327
.3263
.3256
.3248
.3241
.3234
.3227
.3219
.3212
.3205
.3198
.3191
.3183
.3176
.3169
.3162
.3155
.3148
.3141
.3134
.3127
.312
.3113
.3106
.3099
.3092
.3085
.3078
.3071
.3064
.3057
.305
.3043
.3037
.303
.3023
.3016
.301
.3003
.2996
.2989
.2983
.2976
.2969
.2963
.2956
.295
.2943
.2936
.293
.2923
.2917
.291
.2904
.2897
.2891
.2885
.2878
.2872
.2865
.2859
.2853
.2846
.284
.2834
.2828
.2821
.2815
.2809
.2803
.2797
.279
.2784
.2778
.2772
.2766
.276
.2754
.2748
.2742
.2736
.273
.2724
.2718
.2712
.2706
.27
.2694
.2689
.2683
.2677
.2671
.2665
.266
.2654
.2648
.2642
.2637
.2631
.2625
.262
.2614
.2608
.2603
.2597
.2592
.2586
.2581
.2575
.257
.2564
.2559
.2553
.2548
.2542
.2537
.2532
.2526
.2521
.2515
.251
.2505
.25
.2494
.2489
.2484
.2479
.2473
.2468
.2463
.2458
.2453
.2448
.2442
.2437
.2432
.2427
.2422
.2417
.2412
.2407
.2402
.2397
.2392
.2387
.2382
.2377
.2372
.2368
.2363
.2358
.2353
.2348
.2343
.2338
.2334
.2329
.2324
.2319
.2315
.231
.2305
.2301
.2296
.2291
.2287
.2282
.2277
.2273
.2268
.2264
.2259
.2254
.225
.2245
.2241
.2236
.2232
.2227
.2223
.2219
.2214
.221
.2205
.2201
.2197
.2192
.2188
.2184
.2179
.2175
.2171
.2166
.2162
.2158
.2154
.2149
.2145
.2141
.2137
.2133
.2128
.2124
.212
.2116
.2112
.2108
.2104
.21
.2095
.2091
.2087
.2083
.2079
.2075
.2071
.2067
.2063
.2059
.2055
.2051
.2048
.2044
.204
.2036
.2032
.2028
.2024
.202
.2017
.2013
.2009
.2005
.2001
.1998
.1994
.199
.1986
.1982
.1979
.1975
.1971
.1968
.1964
.196
.1957
.1953
.1949
.1946
.1942
.1938
.1935
.1931
.1928
.1924
.1921
.1917
.1914
.191
.1906
.1903
.1899
.1896
.1893
.1889
.1886
.1882
.1879
.1875
.1872
.1868
.1865
.1862
.1858
.1855
.1852
.1848
.1845
.1842
.1838
.1835
.1832
.1828
.1825
.1822
.1819
.1815
.1812
.1809
.1806
.1802
.1799
.1796
.1793
.179
.1786
.1783
.178
.1777
.1774
.1771
.1768
.1764
.1761
.1758
.1755
.1752
.1749
.1746
.1743
.174
.1737
.1734
.1731
.1728
.1725
.1722
.1719
.1716
.1713
.171
.1707
.1704
.1701
.1698
.1695
.1692
.169
.1687
.1684
.1681
.1678
.1675
.1672
.1669
.1667
.1664
.1661
.1658
.1655
.1653
.165
.1647
.1644
.1641
.1639
.1636
.1633
.163
.1628
.1625
.1622
.162
.1617
.1614
.1612
.1609
.1606
.1604
.1601
.1598
.1596
.1593
.159
.1588
.1585
.1582
.158
.1577
.1575
.1572
.157
.1567
.1564
.1562
.1559
.1557
.1554
.1552
.1549
.1547
.1544
.1542
.1539
.1537
.1534
.1532
.1529
.1527
.1524
.1522
.152
.1517
.1515
.1512
.151
.1508
.1505
.1503
.15
.1498
.1496
.1493
.1491
.1489
.1486
.1484
.1481
.1479
.1477
.1475
.1472
.147
.1468
.1465
.1463
.1461
.1458
.1456
.1454
.1452
.1449
.1447
.1445
.1443
.144
.1438
.1436
.1434
.1432
.1429
.1427
.1425
.1423
.1421
.1419
.1416
.1414
.1412
.141
.1408
.1406
.1403
.1401
.1399
.1397
.1395
.1393
.1391
.1389
.1387
.1385
.1382
.138
.1378
.1376
.1374
.1372
.137
.1368
.1366
.1364
.1362
.136
.1358
.1356
.1354
.1352
.135
.1348
.1346
.1344
.1342
.134
.1338
.1336
.1334
.1332
.133
.1328
.1326
.1324
.1322
.132
.1319
.1317
.1315
.1313
.1311
.1309
.1307
.1305
.1303
.1301
.13
.1298
.1296
.1294
.1292
.129
.1288
.1287
.1285
.1283
.1281
.1279
.1277
.1276
.1274
.1272
.127
.1268
.1267
.1265
.1263
.1261
.126
.1258
.1256
.1254
.1252
.1251
.1249
.1247
.1245
.1244
.1242
.124
.1239
.1237
.1235
.1233
.1232
.123
.1228
.1227
.1225
.1223
.1222
.122
.1218
.1216
.1215
.1213
.1211
.121
.1208
.1207
.1205
.1203
.1202
.12
.1198
.1197
.1195
.1193
.1192
.119
.1189
.1187
.1185
.1184
.1182
.1181
.1179
.1177
.1176
.1174
.1173
.1171
.117
.1168
.1166
.1165
.1163
.1162
.116
.1159
.1157
.1156
.1154
.1153
.1151
.115
.1148
.1147
.1145
.1144
.1142
.1141
.1139
.1138
.1136
.1135
.1133
.1132
.113
.1129
.1127
.1126
.1124
.1123
.1121
.112
.1118
.1117
.1116
.1114
.1113
.1111
.111
.1108
.1107
.1106
.1104
.1103
.1101
.11
.1099
.1097
.1096
.1094
.1093
.1092
.109
.1089
.1087
.1086
.1085
.1083
.1082
.1081
.1079
.1078
.1077
.1075
.1074
.1072
.1071
.107
.1068
.1067
.1066
.1064
.1063
.1062
.106
.1059
.1058
.1057
.1055
.1054
.1053
.1051
.105
.1049
.1047
.1046
.1045
.1044
.1042
.1041
.104
.1038
.1037
.1036
.1035
.1033
.1032
.1031
.103
.1028
.1027
.1026
.1025
.1023
.1022
.1021
.102
.1018
.1017
.1016
.1015
.1014
.1012
.1011
.101
.1009
.1008
.1006
.1005
.1004
.1003
.1002
.1
.0999
.0998
.0997
.0996
.0994
.0993
.0992
.0991
.099
.0989
.0987
.0986
.0985
.0984
.0983
.0982
.098
.0979
.0978
.0977
.0976
.0975
.0974
.0972
.0971
.097
.0969
.0968
.0967
.0966
.0965
.0963
.0962
.0961
.096
.0959
.0958
.0957
.0956
.0955
.0954
.0952
.0951
.095
.0949
.0948
.0947
.0946
.0945
.0944
.0943
.0942
.0941
.0939
.0938
.0937
.0936
.0935
.0934
.0933
.0932
.0931
.093
.0929
.0928
.0927
.0926
.0925
.0924
.0923
.0922
.0921
.092
.0919
.0918
.0917
.0916
.0914
.0913
.0912
.0911
.091
.0909
.0908
.0907
.0906
.0905
.0904
.0903
.0902
.0901
.09
.0899
.0898
.0897
.0897
.0896
.0895
.0894
.0893
.0892
.0891
.089
.0889
.0888
.0887
.0886
.0885
.0884
.0883
.0882
.0881
.088
.0879
.0878
.0877
.0876
.0875
.0874
.0873
.0873
.0872
.0871
.087
.0869
.0868
.0867
.0866
.0865
.0864
.0863
.0862
.0861
.0861
.086
.0859
.0858
.0857
.0856
.0855
.0854
.0853
.0852
.0851
.0851
.085
.0849
.0848
.0847
.0846
.0845
.0844
.0843
.0843
.0842
.0841
.084
.0839
.0838
.0837
.0836
.0836
.0835
.0834
.0833
.0832
.0831
.083
.083
.0829
.0828
.0827
.0826
.0825
.0824
.0824
.0823
.0822
.0821
.082
.0819
.0819
.0818
.0817
.0816
.0815
.0814
.0814
.0813
.0812
.0811
.081
.081
.0809
.0808
.0807
.0806
.0805
.0805
.0804
.0803
.0802
.0801
.0801
.08
.0799
.0798
.0797
.0797
.0796
.0795
.0794
.0793
.0793
.0792
.0791
.079
.079
.0789
.0788
.0787
.0786
.0786
.0785
.0784
.0783
.0783
.0782
.0781
.078
.0779
.0779
.0778
.0777
.0776
.0776
.0775
.0774
.0773
.0773
.0772
.0771
.077
.077
.0769
.0768
.0767
.0767
.0766
.0765
.0764
.0764
.0763
.0762
.0761
.0761
.076
.0759
.0759
.0758
.0757
.0756
.0756
.0755
.0754
.0753
.0753
.0752
.0751
.0751
.075
.0749
.0748
.0748
.0747
.0746
.0746
.0745
.0744
.0743
.0743
.0742
.0741
.0741
.074
.0739
.0739
.0738
.0737
.0737
.0736
.0735
.0734
.0734
.0733
.0732
.0732
.0731
.073
.073
.0729
.0728
.0728
.0727
.0726
.0726
.0725
.0724
.0724
.0723
.0722
.0722
.0721
.072
.072
.0719
.0718
.0718
.0717
.0716
.0716
.0715
.0714
.0714
.0713
.0712
.0712
.0711
.071
.071
.0709
.0708
.0708
.0707
.0707
.0706
.0705
.0705
.0704
.0703
.0703
.0702
.0701
.0701
.07
.07
.0699
.0698
.0698
.0697
.0696
.0696
.0695
.0695
.0694
.0693
.0693
.0692
.0691
.0691
.069
.069
.0689
.0688
.0688
.0687
.0687
.0686
.0685
.0685
.0684
.0684
.0683
.0682
.0682
.0681
.0681
.068
.0679
.0679
.0678
.0678
.0677
.0676
.0676
.0675
.0675
.0674
.0673
.0673
.0672
.0672
.0671
.067
.067
.0669
.0669
.0668
.0668
.0667
.0666
.0666
.0665
.0665
.0664
.0664
.0663
.0662
.0662
.0661
.0661
.066
.066
.0659
.0658
.0658
.0657
.0657
.0656
.0656
.0655
.0654
.0654
.0653
.0653
.0652
.0652
.0651
.0651
.065
.0649
.0649
.0648
.0648
.0647
.0647
.0646
.0646
.0645
.0645
.0644
.0643
.0643
.0642
.0642
.0641
.0641
.064
.064
.0639
.0639
.0638
.0638
.0637
.0636
.0636
.0635
.0635
.0634
.0634
.0633
.0633
.0632
.0632
.0631
.0631
.063
.063
.0629
.0629
.0628
.0628
.0627
.0627
.0626
.0626
.0625
.0624
.0624
.0623
.0623
.0622
.0622
.0621
.0621
.062
.062
.0619
.0619
.0618
.0618
.0617
.0617
.0616
.0616
.0615
.0615
.0614
.0614
.0613
.0613
.0612
.0612
.0611
.0611
.061
.061
.0609
.0609
.0608
.0608
.0607
.0607
.0607
.0606
.0606
.0605
.0605
.0604
.0604
.0603
.0603
.0602
.0602
.0601
.0601
.06
.06
.0599
.0599
.0598
.0598
.0597
.0597
.0596
.0596
.0596
.0595
.0595
.0594
.0594
.0593
.0593
.0592
.0592
.0591
.0591
.059
.059
.0589
.0589
.0589
.0588
.0588
.0587
.0587
.0586
.0586
.0585
.0585
.0584
.0584
.0583
.0583
.0583
.0582
.0582
.0581
.0581
.058
.058
.0579
.0579
.0579
.0578
.0578
.0577
.0577
.0576
.0576
.0575
.0575
.0575
.0574
.0574
.0573
.0573
.0572
.0572
.0571
.0571
.0571
.057
.057
.0569
.0569
.0568
.0568
.0568
.0567
.0567
.0566
.0566
.0565
.0565
.0565
.0564
.0564
.0563
.0563
.0562
.0562
.0562
.0561
.0561
.056
.056
.0559
.0559
.0559
.0558
.0558
.0557
.0557
.0557
.0556
.0556
.0555
.0555
.0554
.0554
.0554
.0553
.0553
.0552
.0552
.0552
.0551
.0551
.055
.055
.055
.0549
.0549
.0548
.0548
.0548
.0547
.0547
.0546
.0546
.0546
.0545
.0545
.0544
.0544
.0544
.0543
.0543
.0542
.0542
.0542
.0541
.0541
.054
.054
.054
.0539
.0539
.0538
.0538
.0538
.0537
.0537
.0536
.0536
.0536
.0535
.0535
.0535
.0534
.0534
.0533
.0533
.0533
.0532
.0532
.0531
.0531
.0531
.053
.053
.053
.0529
.0529
.0528
.0528
.0528
.0527
.0527
.0527
.0526
.0526
.0525
.0525
.0525
.0524
.0524
.0524
.0523
.0523
.0522
.0522
.0522
.0521
.0521
.0521
.052
.052
.0519
.0519
.0519
.0518
.0518
.0518
.0517
.0517
.0517
.0516
.0516
.0515
.0515
.0515
.0514
.0514
.0514
.0513
.0513
.0513
.0512
.0512
.0512
.0511
.0511
.051
.051
.051
.0509
.0509
.0509
.0508
.0508
.0508
.0507
.0507
.0507
.0506
.0506
.0506
.0505
.0505
.0504
.0504
.0504
.0503
.0503
.0503
.0502
.0502
.0502
.0501
.0501
.0501
.05
.05
.05
