.5761
.5756
.5737
.5718
.57
.5683
.5666
.5649
.5633
.5617
.5602
.5588
.5574
.5561
.5548
.5536
.5525
.5514
.5504
.5494
.5485
.5476
.5468
.5461
.5454
.5447
.5441
.5436
.5431
.5426
.5422
.5418
.5414
.5411
.5408
.5405
.5403
.54
.5398
.5396
.5395
.5393
.5392
.539
.5389
.5388
.5387
.5387
.5386
.5385
.5384
.5384
.5383
.5383
.5383
.5382
.5382
.5381
.5381
.5381
.5381
.538
.538
.538
.538
.538
.5379
.5379
.5379
.5379
.5379
.5379
.5378
.5378
.5378
.5378
.5378
.5378
.5378
.5377
.5377
.5377
.5377
.5377
.5377
.5377
.5376
.5376
.5376
.5376
.5376
.5376
.5375
.5375
.5375
.5375
.5375
.5375
.5375
.5374
.5374
.5374
.5374
.5374
.5374
.5373
.5373
.5373
.5373
.5373
.5373
.5372
.5372
.5372
.5372
.5372
.5372
.5371
.5371
.5371
.5371
.5371
.537
.537
.537
.537
.537
.537
.5369
.5369
.5369
.5369
.5369
.5368
.5368
.5368
.5368
.5368
.5367
.5367
.5367
.5367
.5367
.5366
.5366
.5366
.5366
.5365
.5365
.5365
.5365
.5365
.5364
.5364
.5364
.5364
.5363
.5363
.5363
.5363
.5362
.5362
.5362
.5362
.5361
.5361
.5361
.5361
.536
.536
.536
.536
.5359
.5359
.5359
.5358
.5358
.5358
.5358
.5357
.5357
.5357
.5356
.5356
.5356
.5355
.5355
.5355
.5354
.5354
.5354
.5353
.5353
.5353
.5352
.5352
.5351
.5351
.5351
.535
.535
.5349
.5349
.5349
.5348
.5348
.5347
.5347
.5346
.5346
.5345
.5345
.5344
.5344
.5343
.5343
.5342
.5342
.5341
.5341
.534
.534
.5339
.5339
.5338
.5337
.5337
.5336
.5336
.5335
.5334
.5334
.5333
.5332
.5332
.5331
.533
.533
.5329
.5328
.5327
.5327
.5326
.5325
.5324
.5323
.5323
.5322
.5321
.532
.5319
.5318
.5317
.5316
.5315
.5314
.5313
.5312
.5311
.531
.5309
.5308
.5307
.5306
.5305
.5304
.5303
.5301
.53
.5299
.5298
.5296
.5295
.5294
.5292
.5291
.529
.5288
.5287
.5285
.5284
.5282
.5281
.5279
.5277
.5276
.5274
.5272
.5271
.5269
.5267
.5265
.5263
.5262
.526
.5258
.5256
.5254
.5252
.525
.5247
.5245
.5243
.5241
.5239
.5236
.5234
.5231
.5229
.5227
.5224
.5222
.5219
.5216
.5214
.5211
.5208
.5205
.5202
.5199
.5197
.5194
.519
.5187
.5184
.5181
.5178
.5174
.5171
.5168
.5164
.5161
.5157
.5154
.515
.5146
.5142
.5139
.5135
.5131
.5127
.5123
.5119
.5114
.511
.5106
.5101
.5097
.5093
.5088
.5083
.5079
.5074
.5069
.5065
.506
.5055
.505
.5045
.5039
.5034
.5029
.5024
.5018
.5013
.5007
.5002
.4996
.499
.4984
.4979
.4973
.4967
.4961
.4955
.4948
.4942
.4936
.493
.4923
.4917
.491
.4904
.4897
.489
.4883
.4877
.487
.4863
.4856
.4849
.4841
.4834
.4827
.482
.4812
.4805
.4797
.479
.4782
.4774
.4767
.4759
.4751
.4743
.4735
.4727
.4719
.4711
.4703
.4695
.4687
.4678
.467
.4662
.4653
.4645
.4636
.4628
.4619
.461
.4602
.4593
.4584
.4575
.4566
.4557
.4548
.4539
.453
.4521
.4512
.4503
.4494
.4485
.4475
.4466
.4457
.4448
.4438
.4429
.4419
.441
.44
.4391
.4381
.4372
.4362
.4353
.4343
.4333
.4324
.4314
.4304
.4294
.4285
.4275
.4265
.4255
.4245
.4236
.4226
.4216
.4206
.4196
.4186
.4176
.4166
.4156
.4146
.4136
.4126
.4116
.4106
.4096
.4086
.4076
.4066
.4056
.4046
.4036
.4026
.4016
.4006
.3996
.3985
.3975
.3965
.3955
.3945
.3935
.3925
.3915
.3905
.3895
.3885
.3874
.3864
.3854
.3844
.3834
.3824
.3814
.3804
.3794
.3784
.3774
.3764
.3754
.3744
.3734
.3724
.3714
.3704
.3694
.3684
.3674
.3664
.3654
.3644
.3634
.3624
.3614
.3604
.3594
.3584
.3574
.3564
.3555
.3545
.3535
.3525
.3515
.3506
.3496
.3486
.3476
.3466
.3457
.3447
.3437
.3428
.3418
.3408
.3399
.3389
.338
.337
.336
.3351
.3341
.3332
.3322
.3313
.3303
.3294
.3284
.3275
.3266
.3256
.3247
.3238
.3228
.3219
.321
.32
.3191
.3182
.3173
.3164
.3154
.3145
.3136
.3127
.3118
.3109
.31
.3091
.3082
.3073
.3064
.3055
.3046
.3037
.3028
.302
.3011
.3002
.2993
.2985
.2976
.2967
.2958
.295
.2941
.2933
.2924
.2915
.2907
.2898
.289
.2881
.2873
.2865
.2856
.2848
.284
.2831
.2823
.2815
.2806
.2798
.279
.2782
.2774
.2766
.2758
.275
.2742
.2734
.2726
.2718
.271
.2702
.2694
.2686
.2678
.2671
.2663
.2655
.2647
.264
.2632
.2624
.2617
.2609
.2602
.2594
.2587
.2579
.2572
.2564
.2557
.255
.2542
.2535
.2528
.252
.2513
.2506
.2499
.2492
.2485
.2477
.247
.2463
.2456
.2449
.2442
.2435
.2429
.2422
.2415
.2408
.2401
.2394
.2388
.2381
.2374
.2368
.2361
.2354
.2348
.2341
.2335
.2328
.2322
.2315
.2309
.2303
.2296
.229
.2283
.2277
.2271
.2265
.2258
.2252
.2246
.224
.2234
.2228
.2222
.2216
.221
.2204
.2198
.2192
.2186
.218
.2174
.2168
.2162
.2156
.2151
.2145
.2139
.2134
.2128
.2122
.2117
.2111
.2105
.21
.2094
.2089
.2083
.2078
.2072
.2067
.2061
.2056
.2051
.2045
.204
.2035
.2029
.2024
.2019
.2014
.2009
.2003
.1998
.1993
.1988
.1983
.1978
.1973
.1968
.1963
.1958
.1953
.1948
.1943
.1938
.1933
.1928
.1923
.1919
.1914
.1909
.1904
.1899
.1895
.189
.1885
.1881
.1876
.1871
.1867
.1862
.1858
.1853
.1849
.1844
.184
.1835
.1831
.1826
.1822
.1817
.1813
.1808
.1804
.18
.1795
.1791
.1787
.1783
.1778
.1774
.177
.1766
.1761
.1757
.1753
.1749
.1745
.1741
.1737
.1733
.1729
.1724
.172
.1716
.1712
.1708
.1704
.1701
.1697
.1693
.1689
.1685
.1681
.1677
.1673
.1669
.1666
.1662
.1658
.1654
.1651
.1647
.1643
.1639
.1636
.1632
.1628
.1625
.1621
.1617
.1614
.161
.1607
.1603
.1599
.1596
.1592
.1589
.1585
.1582
.1578
.1575
.1571
.1568
.1564
.1561
.1558
.1554
.1551
.1548
.1544
.1541
.1537
.1534
.1531
.1528
.1524
.1521
.1518
.1515
.1511
.1508
.1505
.1502
.1498
.1495
.1492
.1489
.1486
.1483
.148
.1477
.1473
.147
.1467
.1464
.1461
.1458
.1455
.1452
.1449
.1446
.1443
.144
.1437
.1434
.1431
.1428
.1425
.1423
.142
.1417
.1414
.1411
.1408
.1405
.1402
.14
.1397
.1394
.1391
.1388
.1386
.1383
.138
.1377
.1375
.1372
.1369
.1366
.1364
.1361
.1358
.1356
.1353
.135
.1348
.1345
.1342
.134
.1337
.1335
.1332
.1329
.1327
.1324
.1322
.1319
.1317
.1314
.1312
.1309
.1307
.1304
.1302
.1299
.1297
.1294
.1292
.1289
.1287
.1284
.1282
.128
.1277
.1275
.1272
.127
.1268
.1265
.1263
.1261
.1258
.1256
.1254
.1251
.1249
.1247
.1244
.1242
.124
.1238
.1235
.1233
.1231
.1229
.1226
.1224
.1222
.122
.1217
.1215
.1213
.1211
.1209
.1206
.1204
.1202
.12
.1198
.1196
.1194
.1191
.1189
.1187
.1185
.1183
.1181
.1179
.1177
.1175
.1173
.1171
.1169
.1167
.1164
.1162
.116
.1158
.1156
.1154
.1152
.115
.1148
.1146
.1144
.1142
.1141
.1139
.1137
.1135
.1133
.1131
.1129
.1127
.1125
.1123
.1121
.1119
.1117
.1116
.1114
.1112
.111
.1108
.1106
.1104
.1103
.1101
.1099
.1097
.1095
.1093
.1092
.109
.1088
.1086
.1084
.1083
.1081
.1079
.1077
.1076
.1074
.1072
.107
.1069
.1067
.1065
.1063
.1062
.106
.1058
.1056
.1055
.1053
.1051
.105
.1048
.1046
.1045
.1043
.1041
.104
.1038
.1036
.1035
.1033
.1031
.103
.1028
.1027
.1025
.1023
.1022
.102
.1019
.1017
.1015
.1014
.1012
.1011
.1009
.1008
.1006
.1004
.1003
.1001
.1
.0998
.0997
.0995
.0994
.0992
.0991
.0989
.0988
.0986
.0985
.0983
.0982
.098
.0979
.0977
.0976
.0974
.0973
.0971
.097
.0968
.0967
.0965
.0964
.0963
.0961
.096
.0958
.0957
.0955
.0954
.0953
.0951
.095
.0948
.0947
.0946
.0944
.0943
.0942
.094
.0939
.0937
.0936
.0935
.0933
.0932
.0931
.0929
.0928
.0927
.0925
.0924
.0923
.0921
.092
.0919
.0917
.0916
.0915
.0913
.0912
.0911
.0909
.0908
.0907
.0906
.0904
.0903
.0902
.0901
.0899
.0898
.0897
.0895
.0894
.0893
.0892
.089
.0889
.0888
.0887
.0886
.0884
.0883
.0882
.0881
.0879
.0878
.0877
.0876
.0875
.0873
.0872
.0871
.087
.0869
.0867
.0866
.0865
.0864
.0863
.0862
.086
.0859
.0858
.0857
.0856
.0855
.0853
.0852
.0851
.085
.0849
.0848
.0847
.0845
.0844
.0843
.0842
.0841
.084
.0839
.0838
.0837
.0835
.0834
.0833
.0832
.0831
.083
.0829
.0828
.0827
.0826
.0825
.0823
.0822
.0821
.082
.0819
.0818
.0817
.0816
.0815
.0814
.0813
.0812
.0811
.081
.0809
.0808
.0807
.0806
.0805
.0804
.0803
.0801
.08
.0799
.0798
.0797
.0796
.0795
.0794
.0793
.0792
.0791
.079
.0789
.0788
.0787
.0786
.0785
.0784
.0784
.0783
.0782
.0781
.078
.0779
.0778
.0777
.0776
.0775
.0774
.0773
.0772
.0771
.077
.0769
.0768
.0767
.0766
.0765
.0764
.0763
.0763
.0762
.0761
.076
.0759
.0758
.0757
.0756
.0755
.0754
.0753
.0752
.0752
.0751
.075
.0749
.0748
.0747
.0746
.0745
.0744
.0743
.0743
.0742
.0741
.074
.0739
.0738
.0737
.0736
.0736
.0735
.0734
.0733
.0732
.0731
.073
.073
.0729
.0728
.0727
.0726
.0725
.0724
.0724
.0723
.0722
.0721
.072
.0719
.0719
.0718
.0717
.0716
.0715
.0714
.0714
.0713
.0712
.0711
.071
.071
.0709
.0708
.0707
.0706
.0705
.0705
.0704
.0703
.0702
.0701
.0701
.07
.0699
.0698
.0698
.0697
.0696
.0695
.0694
.0694
.0693
.0692
.0691
.0691
.069
.0689
.0688
.0687
.0687
.0686
.0685
.0684
.0684
.0683
.0682
.0681
.0681
.068
.0679
.0678
.0678
.0677
.0676
.0675
.0675
.0674
.0673
.0672
.0672
.0671
.067
.067
.0669
.0668
.0667
.0667
.0666
.0665
.0664
.0664
.0663
.0662
.0662
.0661
.066
.0659
.0659
.0658
.0657
.0657
.0656
.0655
.0655
.0654
.0653
.0652
.0652
.0651
.065
.065
.0649
.0648
.0648
.0647
.0646
.0646
.0645
.0644
.0644
.0643
.0642
.0642
.0641
.064
.064
.0639
.0638
.0638
.0637
.0636
.0636
.0635
.0634
.0634
.0633
.0632
.0632
.0631
.063
.063
.0629
.0628
.0628
.0627
.0626
.0626
.0625
.0625
.0624
.0623
.0623
.0622
.0621
.0621
.062
.0619
.0619
.0618
.0618
.0617
.0616
.0616
.0615
.0614
.0614
.0613
.0613
.0612
.0611
.0611
.061
.061
.0609
.0608
.0608
.0607
.0607
.0606
.0605
.0605
.0604
.0604
.0603
.0602
.0602
.0601
.0601
.06
.0599
.0599
.0598
.0598
.0597
.0596
.0596
.0595
.0595
.0594
.0594
.0593
.0592
.0592
.0591
.0591
.059
.0589
.0589
.0588
.0588
.0587
.0587
.0586
.0585
.0585
.0584
.0584
.0583
.0583
.0582
.0582
.0581
.058
.058
.0579
.0579
.0578
.0578
.0577
.0577
.0576
.0575
.0575
.0574
.0574
.0573
.0573
.0572
.0572
.0571
.0571
.057
.057
.0569
.0568
.0568
.0567
.0567
.0566
.0566
.0565
.0565
.0564
.0564
.0563
.0563
.0562
.0562
.0561
.0561
.056
.056
.0559
.0558
.0558
.0557
.0557
.0556
.0556
.0555
.0555
.0554
.0554
.0553
.0553
.0552
.0552
.0551
.0551
.055
.055
.0549
.0549
.0548
.0548
.0547
.0547
.0546
.0546
.0545
.0545
.0544
.0544
.0543
.0543
.0542
.0542
.0541
.0541
.054
.054
.0539
.0539
.0539
.0538
.0538
.0537
.0537
.0536
.0536
.0535
.0535
.0534
.0534
.0533
.0533
.0532
.0532
.0531
.0531
.053
.053
.0529
.0529
.0529
.0528
.0528
.0527
.0527
.0526
.0526
.0525
.0525
.0524
.0524
.0523
.0523
.0523
.0522
.0522
.0521
.0521
.052
.052
.0519
.0519
.0518
.0518
.0518
.0517
.0517
.0516
.0516
.0515
.0515
.0514
.0514
.0514
.0513
.0513
.0512
.0512
.0511
.0511
.0511
.051
.051
.0509
.0509
.0508
.0508
.0508
.0507
.0507
.0506
.0506
.0505
.0505
.0505
.0504
.0504
.0503
.0503
.0502
.0502
.0502
.0501
.0501
.05
.05
