.6508
.6462
.6404
.6345
.6285
.6226
.6166
.6107
.6048
.599
.5932
.5876
.5821
.5768
.5716
.5666
.5619
.5574
.5531
.5491
.5454
.542
.5388
.5359
.5333
.5309
.5288
.5269
.5252
.5237
.5224
.5212
.5202
.5193
.5186
.5179
.5173
.5168
.5163
.5159
.5156
.5153
.515
.5148
.5145
.5143
.5141
.5139
.5138
.5136
.5135
.5133
.5132
.513
.5129
.5127
.5126
.5124
.5123
.5122
.512
.5119
.5117
.5116
.5114
.5113
.5111
.511
.5108
.5106
.5105
.5103
.5101
.51
.5098
.5096
.5095
.5093
.5091
.5089
.5088
.5086
.5084
.5082
.508
.5078
.5077
.5075
.5073
.5071
.5069
.5067
.5065
.5063
.5061
.5059
.5056
.5054
.5052
.505
.5048
.5046
.5043
.5041
.5039
.5037
.5034
.5032
.503
.5027
.5025
.5022
.502
.5018
.5015
.5013
.501
.5007
.5005
.5002
.5
.4997
.4994
.4992
.4989
.4986
.4983
.4981
.4978
.4975
.4972
.4969
.4966
.4963
.496
.4957
.4954
.4951
.4948
.4945
.4942
.4939
.4936
.4932
.4929
.4926
.4922
.4919
.4916
.4912
.4909
.4906
.4902
.4899
.4895
.4891
.4888
.4884
.4881
.4877
.4873
.4869
.4866
.4862
.4858
.4854
.485
.4846
.4842
.4838
.4834
.483
.4826
.4822
.4818
.4814
.481
.4805
.4801
.4797
.4793
.4788
.4784
.4779
.4775
.4771
.4766
.4762
.4757
.4752
.4748
.4743
.4738
.4734
.4729
.4724
.4719
.4715
.471
.4705
.47
.4695
.469
.4685
.468
.4675
.467
.4665
.4659
.4654
.4649
.4644
.4638
.4633
.4628
.4622
.4617
.4612
.4606
.4601
.4595
.459
.4584
.4579
.4573
.4567
.4562
.4556
.455
.4545
.4539
.4533
.4527
.4522
.4516
.451
.4504
.4498
.4492
.4486
.448
.4474
.4468
.4462
.4456
.445
.4444
.4438
.4432
.4426
.4419
.4413
.4407
.4401
.4394
.4388
.4382
.4376
.4369
.4363
.4357
.435
.4344
.4337
.4331
.4325
.4318
.4312
.4305
.4299
.4292
.4286
.4279
.4273
.4266
.426
.4253
.4246
.424
.4233
.4227
.422
.4213
.4207
.42
.4193
.4187
.418
.4173
.4167
.416
.4153
.4146
.414
.4133
.4126
.4119
.4113
.4106
.4099
.4092
.4085
.4079
.4072
.4065
.4058
.4051
.4045
.4038
.4031
.4024
.4017
.401
.4003
.3997
.399
.3983
.3976
.3969
.3962
.3955
.3949
.3942
.3935
.3928
.3921
.3914
.3907
.39
.3893
.3887
.388
.3873
.3866
.3859
.3852
.3845
.3838
.3831
.3825
.3818
.3811
.3804
.3797
.379
.3783
.3776
.3769
.3763
.3756
.3749
.3742
.3735
.3728
.3721
.3714
.3708
.3701
.3694
.3687
.368
.3673
.3666
.366
.3653
.3646
.3639
.3632
.3625
.3619
.3612
.3605
.3598
.3591
.3584
.3578
.3571
.3564
.3557
.355
.3544
.3537
.353
.3523
.3517
.351
.3503
.3496
.349
.3483
.3476
.3469
.3463
.3456
.3449
.3442
.3436
.3429
.3422
.3416
.3409
.3402
.3396
.3389
.3382
.3376
.3369
.3362
.3356
.3349
.3342
.3336
.3329
.3323
.3316
.3309
.3303
.3296
.329
.3283
.3277
.327
.3263
.3257
.325
.3244
.3237
.3231
.3224
.3218
.3211
.3205
.3198
.3192
.3185
.3179
.3173
.3166
.316
.3153
.3147
.314
.3134
.3128
.3121
.3115
.3109
.3102
.3096
.309
.3083
.3077
.3071
.3064
.3058
.3052
.3045
.3039
.3033
.3027
.302
.3014
.3008
.3002
.2996
.2989
.2983
.2977
.2971
.2965
.2959
.2952
.2946
.294
.2934
.2928
.2922
.2916
.291
.2904
.2898
.2892
.2886
.288
.2874
.2868
.2862
.2856
.285
.2844
.2838
.2832
.2826
.282
.2814
.2809
.2803
.2797
.2791
.2785
.2779
.2774
.2768
.2762
.2756
.2751
.2745
.2739
.2733
.2728
.2722
.2716
.2711
.2705
.2699
.2694
.2688
.2682
.2677
.2671
.2666
.266
.2655
.2649
.2643
.2638
.2632
.2627
.2621
.2616
.2611
.2605
.26
.2594
.2589
.2583
.2578
.2573
.2567
.2562
.2557
.2551
.2546
.2541
.2536
.253
.2525
.252
.2515
.2509
.2504
.2499
.2494
.2489
.2483
.2478
.2473
.2468
.2463
.2458
.2453
.2448
.2443
.2438
.2433
.2428
.2423
.2418
.2413
.2408
.2403
.2398
.2393
.2388
.2383
.2378
.2373
.2369
.2364
.2359
.2354
.2349
.2344
.234
.2335
.233
.2325
.2321
.2316
.2311
.2306
.2302
.2297
.2292
.2288
.2283
.2278
.2274
.2269
.2265
.226
.2256
.2251
.2246
.2242
.2237
.2233
.2228
.2224
.2219
.2215
.221
.2206
.2202
.2197
.2193
.2188
.2184
.218
.2175
.2171
.2167
.2162
.2158
.2154
.2149
.2145
.2141
.2137
.2132
.2128
.2124
.212
.2115
.2111
.2107
.2103
.2099
.2095
.209
.2086
.2082
.2078
.2074
.207
.2066
.2062
.2058
.2054
.205
.2046
.2042
.2038
.2034
.203
.2026
.2022
.2018
.2014
.201
.2006
.2002
.1998
.1994
.199
.1987
.1983
.1979
.1975
.1971
.1967
.1964
.196
.1956
.1952
.1948
.1945
.1941
.1937
.1933
.193
.1926
.1922
.1919
.1915
.1911
.1908
.1904
.19
.1897
.1893
.189
.1886
.1882
.1879
.1875
.1872
.1868
.1865
.1861
.1858
.1854
.1851
.1847
.1844
.184
.1837
.1833
.183
.1826
.1823
.1819
.1816
.1813
.1809
.1806
.1802
.1799
.1796
.1792
.1789
.1786
.1782
.1779
.1776
.1773
.1769
.1766
.1763
.1759
.1756
.1753
.175
.1747
.1743
.174
.1737
.1734
.1731
.1727
.1724
.1721
.1718
.1715
.1712
.1709
.1705
.1702
.1699
.1696
.1693
.169
.1687
.1684
.1681
.1678
.1675
.1672
.1669
.1666
.1663
.166
.1657
.1654
.1651
.1648
.1645
.1642
.1639
.1636
.1633
.163
.1628
.1625
.1622
.1619
.1616
.1613
.161
.1608
.1605
.1602
.1599
.1596
.1593
.1591
.1588
.1585
.1582
.158
.1577
.1574
.1571
.1569
.1566
.1563
.1561
.1558
.1555
.1552
.155
.1547
.1544
.1542
.1539
.1537
.1534
.1531
.1529
.1526
.1523
.1521
.1518
.1516
.1513
.1511
.1508
.1505
.1503
.15
.1498
.1495
.1493
.149
.1488
.1485
.1483
.148
.1478
.1475
.1473
.147
.1468
.1466
.1463
.1461
.1458
.1456
.1453
.1451
.1449
.1446
.1444
.1441
.1439
.1437
.1434
.1432
.143
.1427
.1425
.1423
.142
.1418
.1416
.1413
.1411
.1409
.1407
.1404
.1402
.14
.1398
.1395
.1393
.1391
.1389
.1386
.1384
.1382
.138
.1378
.1375
.1373
.1371
.1369
.1367
.1364
.1362
.136
.1358
.1356
.1354
.1352
.135
.1347
.1345
.1343
.1341
.1339
.1337
.1335
.1333
.1331
.1329
.1327
.1324
.1322
.132
.1318
.1316
.1314
.1312
.131
.1308
.1306
.1304
.1302
.13
.1298
.1296
.1294
.1292
.129
.1288
.1286
.1284
.1283
.1281
.1279
.1277
.1275
.1273
.1271
.1269
.1267
.1265
.1263
.1261
.126
.1258
.1256
.1254
.1252
.125
.1248
.1247
.1245
.1243
.1241
.1239
.1237
.1236
.1234
.1232
.123
.1228
.1227
.1225
.1223
.1221
.1219
.1218
.1216
.1214
.1212
.1211
.1209
.1207
.1205
.1204
.1202
.12
.1198
.1197
.1195
.1193
.1191
.119
.1188
.1186
.1185
.1183
.1181
.118
.1178
.1176
.1175
.1173
.1171
.117
.1168
.1166
.1165
.1163
.1161
.116
.1158
.1157
.1155
.1153
.1152
.115
.1148
.1147
.1145
.1144
.1142
.1141
.1139
.1137
.1136
.1134
.1133
.1131
.113
.1128
.1126
.1125
.1123
.1122
.112
.1119
.1117
.1116
.1114
.1113
.1111
.111
.1108
.1107
.1105
.1104
.1102
.1101
.1099
.1098
.1096
.1095
.1093
.1092
.109
.1089
.1087
.1086
.1084
.1083
.1082
.108
.1079
.1077
.1076
.1074
.1073
.1072
.107
.1069
.1067
.1066
.1065
.1063
.1062
.106
.1059
.1058
.1056
.1055
.1053
.1052
.1051
.1049
.1048
.1047
.1045
.1044
.1042
.1041
.104
.1038
.1037
.1036
.1034
.1033
.1032
.103
.1029
.1028
.1026
.1025
.1024
.1023
.1021
.102
.1019
.1017
.1016
.1015
.1013
.1012
.1011
.101
.1008
.1007
.1006
.1005
.1003
.1002
.1001
.0999
.0998
.0997
.0996
.0994
.0993
.0992
.0991
.099
.0988
.0987
.0986
.0985
.0983
.0982
.0981
.098
.0979
.0977
.0976
.0975
.0974
.0972
.0971
.097
.0969
.0968
.0967
.0965
.0964
.0963
.0962
.0961
.0959
.0958
.0957
.0956
.0955
.0954
.0953
.0951
.095
.0949
.0948
.0947
.0946
.0944
.0943
.0942
.0941
.094
.0939
.0938
.0937
.0935
.0934
.0933
.0932
.0931
.093
.0929
.0928
.0927
.0925
.0924
.0923
.0922
.0921
.092
.0919
.0918
.0917
.0916
.0915
.0914
.0912
.0911
.091
.0909
.0908
.0907
.0906
.0905
.0904
.0903
.0902
.0901
.09
.0899
.0898
.0897
.0896
.0895
.0894
.0893
.0892
.089
.0889
.0888
.0887
.0886
.0885
.0884
.0883
.0882
.0881
.088
.0879
.0878
.0877
.0876
.0875
.0874
.0873
.0872
.0871
.087
.0869
.0868
.0867
.0866
.0865
.0865
.0864
.0863
.0862
.0861
.086
.0859
.0858
.0857
.0856
.0855
.0854
.0853
.0852
.0851
.085
.0849
.0848
.0847
.0846
.0845
.0844
.0844
.0843
.0842
.0841
.084
.0839
.0838
.0837
.0836
.0835
.0834
.0833
.0832
.0832
.0831
.083
.0829
.0828
.0827
.0826
.0825
.0824
.0823
.0823
.0822
.0821
.082
.0819
.0818
.0817
.0816
.0815
.0815
.0814
.0813
.0812
.0811
.081
.0809
.0809
.0808
.0807
.0806
.0805
.0804
.0803
.0802
.0802
.0801
.08
.0799
.0798
.0797
.0797
.0796
.0795
.0794
.0793
.0792
.0792
.0791
.079
.0789
.0788
.0787
.0787
.0786
.0785
.0784
.0783
.0782
.0782
.0781
.078
.0779
.0778
.0778
.0777
.0776
.0775
.0774
.0774
.0773
.0772
.0771
.077
.077
.0769
.0768
.0767
.0766
.0766
.0765
.0764
.0763
.0762
.0762
.0761
.076
.0759
.0759
.0758
.0757
.0756
.0756
.0755
.0754
.0753
.0752
.0752
.0751
.075
.0749
.0749
.0748
.0747
.0746
.0746
.0745
.0744
.0743
.0743
.0742
.0741
.074
.074
.0739
.0738
.0738
.0737
.0736
.0735
.0735
.0734
.0733
.0732
.0732
.0731
.073
.0729
.0729
.0728
.0727
.0727
.0726
.0725
.0724
.0724
.0723
.0722
.0722
.0721
.072
.072
.0719
.0718
.0717
.0717
.0716
.0715
.0715
.0714
.0713
.0713
.0712
.0711
.071
.071
.0709
.0708
.0708
.0707
.0706
.0706
.0705
.0704
.0704
.0703
.0702
.0702
.0701
.07
.07
.0699
.0698
.0698
.0697
.0696
.0696
.0695
.0694
.0694
.0693
.0692
.0692
.0691
.069
.069
.0689
.0688
.0688
.0687
.0686
.0686
.0685
.0685
.0684
.0683
.0683
.0682
.0681
.0681
.068
.0679
.0679
.0678
.0678
.0677
.0676
.0676
.0675
.0674
.0674
.0673
.0672
.0672
.0671
.0671
.067
.0669
.0669
.0668
.0668
.0667
.0666
.0666
.0665
.0664
.0664
.0663
.0663
.0662
.0661
.0661
.066
.066
.0659
.0658
.0658
.0657
.0657
.0656
.0655
.0655
.0654
.0654
.0653
.0652
.0652
.0651
.0651
.065
.065
.0649
.0648
.0648
.0647
.0647
.0646
.0645
.0645
.0644
.0644
.0643
.0643
.0642
.0641
.0641
.064
.064
.0639
.0639
.0638
.0637
.0637
.0636
.0636
.0635
.0635
.0634
.0633
.0633
.0632
.0632
.0631
.0631
.063
.063
.0629
.0628
.0628
.0627
.0627
.0626
.0626
.0625
.0625
.0624
.0624
.0623
.0622
.0622
.0621
.0621
.062
.062
.0619
.0619
.0618
.0618
.0617
.0616
.0616
.0615
.0615
.0614
.0614
.0613
.0613
.0612
.0612
.0611
.0611
.061
.061
.0609
.0609
.0608
.0608
.0607
.0606
.0606
.0605
.0605
.0604
.0604
.0603
.0603
.0602
.0602
.0601
.0601
.06
.06
.0599
.0599
.0598
.0598
.0597
.0597
.0596
.0596
.0595
.0595
.0594
.0594
.0593
.0593
.0592
.0592
.0591
.0591
.059
.059
.0589
.0589
.0588
.0588
.0587
.0587
.0586
.0586
.0585
.0585
.0584
.0584
.0583
.0583
.0583
.0582
.0582
.0581
.0581
.058
.058
.0579
.0579
.0578
.0578
.0577
.0577
.0576
.0576
.0575
.0575
.0574
.0574
.0573
.0573
.0573
.0572
.0572
.0571
.0571
.057
.057
.0569
.0569
.0568
.0568
.0567
.0567
.0567
.0566
.0566
.0565
.0565
.0564
.0564
.0563
.0563
.0562
.0562
.0562
.0561
.0561
.056
.056
.0559
.0559
.0558
.0558
.0557
.0557
.0557
.0556
.0556
.0555
.0555
.0554
.0554
.0554
.0553
.0553
.0552
.0552
.0551
.0551
.055
.055
.055
.0549
.0549
.0548
.0548
.0547
.0547
.0547
.0546
.0546
.0545
.0545
.0544
.0544
.0544
.0543
.0543
.0542
.0542
.0541
.0541
.0541
.054
.054
.0539
.0539
.0538
.0538
.0538
.0537
.0537
.0536
.0536
.0536
.0535
.0535
.0534
.0534
.0534
.0533
.0533
.0532
.0532
.0531
.0531
.0531
.053
.053
.0529
.0529
.0529
.0528
.0528
.0527
.0527
.0527
.0526
.0526
.0525
.0525
.0525
.0524
.0524
.0523
.0523
.0523
.0522
.0522
.0521
.0521
.0521
.052
.052
.0519
.0519
.0519
.0518
.0518
.0518
.0517
.0517
.0516
.0516
.0516
.0515
.0515
.0514
.0514
.0514
.0513
.0513
.0513
.0512
.0512
.0511
.0511
.0511
.051
.051
.0509
.0509
.0509
.0508
.0508
.0508
.0507
.0507
.0506
.0506
.0506
.0505
.0505
.0505
.0504
.0504
.0503
.0503
.0503
.0502
.0502
.0502
.0501
.0501
.0501
.05
.05
