6.0 0.0    0.9943302211158503
6.0 1.0    -0.6099937355409905
6.0 2.0    1.555302748434813
6.0 3.0    1.1998681834553544
6.0 4.0    0.2542276666064139
6.0 5.0    0.6027455252167597
7.0 6.0    1.4566080678360698
7.0 7.0    1.3962841909326928
7.0 8.0    1.5387907648352015
7.0 9.0    1.493580947893109
7.0 10.0    1.4252274130373483
7.0 11.0    0.3276653338388176
8.0 12.0    2.112200661971866
8.0 13.0    -1.3614132834329271
8.0 14.0    2.0403130712162554
8.0 15.0    -1.6403820991179632
8.0 16.0    2.089772567360556
8.0 17.0    -0.01584396753745332
9.0 18.0    4.4086699262266364
9.0 19.0    -12.69689891724089
9.0 20.0    68.6369477636283
9.0 21.0    -6.753552003394142
9.0 22.0    2.7888477042760638
9.0 23.0    1.5784845915474743
10.0 24.0    1.8919994462362129
10.0 25.0    0.34774198239524556
10.0 26.0    1.267224694141217
10.0 27.0    0.05618480941460363
10.0 28.0    -0.09591808106237461
10.0 29.0    0.7965435987060544
11.0 30.0    7.049724942484695
11.0 31.0    -3.418019403349697
11.0 32.0    1.7447645821062048
11.0 33.0    1.8534848472475662
11.0 34.0    5.64152483207448
11.0 35.0    1.5827028719163478
12.0 36.0    -10.986277773439138
12.0 37.0    14.555822505361242
12.0 38.0    -32.62118967826299
12.0 39.0    -2.047584568994986
12.0 40.0    40.61099565322499
12.0 41.0    0.7264676644491093
13.0 42.0    1.7432972916831464
13.0 43.0    0.4662850874957891
13.0 44.0    1.1452179134648763
13.0 45.0    -0.026352206280537378
13.0 46.0    -0.14459286258549123
13.0 47.0    0.11668291524343571
14.0 48.0    1.9826908123489073
14.0 49.0    0.26886073060914784
14.0 50.0    1.3900608348384687
14.0 51.0    0.04365083838194378
14.0 52.0    -0.10827199779082206
14.0 53.0    0.7215711554819261
15.0 54.0    1.711571434709399
15.0 55.0    0.5172050438209178
15.0 56.0    1.1378402507714014
15.0 57.0    -0.08838955080390708
15.0 58.0    -0.18511100820812396
15.0 59.0    -0.02762513336260708
16.0 60.0    -0.13465168799548535
16.0 61.0    0.5361132292241249
16.0 62.0    0.8413676647590801
16.0 63.0    -0.015731976169459122
16.0 64.0    1.1810811347219907
16.0 65.0    0.4236748423709389
17.0 66.0    18.35325735425852
17.0 67.0    4.591019721462004
17.0 68.0    14.138234588378193
17.0 69.0    1.4944308410534843
17.0 70.0    -32.35641254570017
17.0 71.0    0.7238335548143774
18.0 72.0    8.116311898028513
18.0 73.0    -10.007298130296556
18.0 74.0    18.672460494882902
18.0 75.0    6.138809300543619
18.0 76.0    2.1978676212120023
18.0 77.0    1.528096926820482
19.0 78.0    0.4813597589358282
19.0 79.0    -0.11865945684397972
19.0 80.0    1.8843404301706321
19.0 81.0    0.27402276345758064
19.0 82.0    0.5709110871726667
19.0 83.0    0.8326900348472432
20.0 84.0    7.651843917365971
20.0 85.0    -4.586891178653049
20.0 86.0    27.456413208099196
20.0 87.0    -2.6640283747739546
20.0 88.0    -2.941472042152075
20.0 89.0    0.8931426032144882
21.0 90.0    16.252333540947433
21.0 91.0    -3.1440521655219418
21.0 92.0    18.54493292725473
21.0 93.0    -2.1835675659932816
21.0 94.0    -5.179293308135271
21.0 95.0    1.0408380854674473
22.0 96.0    25.07698583222625
22.0 97.0    -13.374311628227442
22.0 98.0    12.860068349054986
22.0 99.0    -7.4611770012959715
22.0 100.0    12.249327062132906
22.0 101.0    0.2395271455042302
23.0 102.0    16.08024899061788
23.0 103.0    15.260293833040356
23.0 104.0    -5.1651986610431795
23.0 105.0    -0.11876323839783723
23.0 106.0    -3.680451486652623
23.0 107.0    0.9737912484289744
24.0 108.0    6.943347643514226
24.0 109.0    -1.5352267079058561
24.0 110.0    15.194054455250262
24.0 111.0    -3.0494203620278193
24.0 112.0    -12.233275596172232
24.0 113.0    0.064067919873044
25.0 114.0    0.5351293014398064
25.0 115.0    -0.18931849108276402
25.0 116.0    1.9008597540255536
25.0 117.0    0.15744574159577882
25.0 118.0    0.5565667602713371
25.0 119.0    0.7221116837415422
26.0 120.0    -16.280752358740003
26.0 121.0    17.584843305176463
26.0 122.0    39.23479706229801
26.0 123.0    -0.25120996528396944
26.0 124.0    3.009997156337857
26.0 125.0    1.5453001356713776
27.0 126.0    1.8059107648952917
27.0 127.0    0.41550682391679694
27.0 128.0    1.1868078347314415
27.0 129.0    0.01875236916757844
27.0 130.0    -0.11700499796967463
27.0 131.0    0.4810073475104847
28.0 132.0    3.2924016701447987
28.0 133.0    -8.327078602397274
28.0 134.0    15.474803329248044
28.0 135.0    1.4557186781575828
28.0 136.0    9.519450989049394
28.0 137.0    1.1407415273808734
29.0 138.0    -3.2530146690202604
29.0 139.0    2.4203060598417054
29.0 140.0    25.112936749649766
29.0 141.0    1.691871881273818
29.0 142.0    -16.250691889848866
29.0 143.0    0.7096390171015695
30.0 144.0    3.4040129432135147
30.0 145.0    -0.8191202434496235
30.0 146.0    3.848692164119271
30.0 147.0    -0.19599113469012458
30.0 148.0    -0.41091740088504125
30.0 149.0    1.0663517935787608
31.0 150.0    -29.399333564791526
31.0 151.0    -3.9329038642273164
31.0 152.0    -6.668283266224883
31.0 153.0    5.73338569146792
31.0 154.0    11.359944122671013
31.0 155.0    12.574324606723287
31.0 156.0    1.9520623479836272
31.0 157.0    9.274006572946636
31.0 158.0    12.864419668423857
31.0 159.0    5.877828922911015
31.0 160.0    -18.89874258459121
31.0 161.0    -2.084363572574989
31.0 162.0    10.329199551980738
31.0 163.0    -20.335601216623797
31.0 164.0    14.439273533843584
31.0 165.0    -18.924565073161904
31.0 166.0    4.819586145334344
31.0 167.0    6.72523416172351
31.0 168.0    -1.256806819045785
31.0 169.0    -16.581414174454444
31.0 170.0    9.672140112266755
31.0 171.0    10.289156585448115
31.0 172.0    -4.962253825197624
31.0 173.0    -3.162470422788243
31.0 174.0    12.542444595026288
31.0 175.0    0.3483165967096904
