6.0 0.0    4.05100580840083
6.0 1.0    2.2715100903266414
6.0 2.0    -51.4118119245462
6.0 3.0    5.6073614853194895
6.0 4.0    23.633850891094763
6.0 5.0    0.39289100213859385
7.0 6.0    12.754537628222307
7.0 7.0    -15.79754890055787
7.0 8.0    28.52647284882934
7.0 9.0    -10.907365958408173
7.0 10.0    4.137064098974442
7.0 11.0    0.4490820510692707
8.0 12.0    2.2866720986050435
8.0 13.0    2.1150678207376137
8.0 14.0    0.9083929367900222
8.0 15.0    1.9036456682730019
8.0 16.0    1.7516877160659852
8.0 17.0    0.49674408283139326
9.0 18.0    1.4624992154704655
9.0 19.0    2.318483927983727
9.0 20.0    1.9998015002501455
9.0 21.0    1.4036073287486504
9.0 22.0    2.247776026464794
9.0 23.0    0.5013916941116099
10.0 24.0    0.04713229400213741
10.0 25.0    -0.041049908509228836
10.0 26.0    1.282708937194064
10.0 27.0    -0.7716306268368829
10.0 28.0    1.8917840916905635
10.0 29.0    0.7903763672247655
11.0 30.0    1.6645010098808997
11.0 31.0    2.345893095094059
11.0 32.0    0.9103954773430822
11.0 33.0    2.0525557154579697
11.0 34.0    2.230976561935856
11.0 35.0    0.6877673187409047
12.0 36.0    9.21175503489258
12.0 37.0    9.11570342696054
12.0 38.0    4.153598730436222
12.0 39.0    16.83645435597755
12.0 40.0    -36.1280735554333
12.0 41.0    1.2839218024896988
13.0 42.0    1.5634885859280074
13.0 43.0    2.0198722377500724
13.0 44.0    0.2602104070844569
13.0 45.0    2.172618527368466
13.0 46.0    1.8044718957431365
13.0 47.0    -0.07275209785707404
14.0 48.0    2.353543034493681
14.0 49.0    1.5255990689231458
14.0 50.0    2.2040171927252157
14.0 51.0    2.142985376754085
14.0 52.0    1.800593914594592
14.0 53.0    1.5497736294524793
15.0 54.0    2.2586187994826927
15.0 55.0    2.712699381775458
15.0 56.0    1.4761331802371087
15.0 57.0    1.5133312387170275
15.0 58.0    1.051823764641093
15.0 59.0    0.17278459226544685
16.0 60.0    3.663834233913027
16.0 61.0    -1.3146629158464482
16.0 62.0    1.4941219031562332
16.0 63.0    1.5676403268093853
16.0 64.0    -2.260221728297452
16.0 65.0    1.2467443099802724
16.0 66.0    -2.8572691069212595
16.0 67.0    0.546512477437934
16.0 68.0    1.3648981817543215
16.0 69.0    2.3970349577736467
16.0 70.0    1.088946668236244
