6.0 0.0    1.9992263248420121
6.0 1.0    1.6296405090821167
6.0 2.0    1.2956255135237686
6.0 3.0    0.9630240053886215
6.0 4.0    1.8635791301222955
6.0 5.0    -0.18801561983422238
7.0 6.0    2.395528167142183
7.0 7.0    0.6514658363278863
7.0 8.0    2.130640058666628
7.0 9.0    1.9971943785298572
7.0 10.0    2.09202975290224
7.0 11.0    0.9743510316146791
8.0 12.0    0.7748742494734188
8.0 13.0    1.8310268793578406
8.0 14.0    1.0345883147466717
8.0 15.0    -0.10150407085564081
8.0 16.0    -0.004975300720660534
8.0 17.0    0.29049195137170053
9.0 18.0    2.2067101085226306
9.0 19.0    1.6133755743880314
9.0 20.0    1.6826710996452758
9.0 21.0    1.7544914614517266
9.0 22.0    1.376205305664094
9.0 23.0    0.9417932933300419
10.0 24.0    0.0971421980739632
10.0 25.0    0.4120719591105965
10.0 26.0    1.3876200692308112
10.0 27.0    0.26259753240878086
10.0 28.0    0.6404921728197138
10.0 29.0    0.15683434375425132
11.0 30.0    2.1005236398336575
11.0 31.0    0.8918059923341561
11.0 32.0    2.1348085817205886
11.0 33.0    1.1880311809307451
11.0 34.0    1.2643467269424948
11.0 35.0    -0.1488150914886447
12.0 36.0    -8.970610275847374
12.0 37.0    2.922121642401368
12.0 38.0    49.29800459137282
12.0 39.0    6.8895597345615585
12.0 40.0    -31.162917087951826
12.0 41.0    1.2058089666831777
13.0 42.0    0.5736204179627248
13.0 43.0    1.7584211119821784
13.0 44.0    1.5647787030397258
13.0 45.0    0.12718820590794613
13.0 46.0    -0.08332429650145749
13.0 47.0    0.8438240964796577
14.0 48.0    -3.030466695205563
14.0 49.0    24.754921665702934
14.0 50.0    31.549556476167755
14.0 51.0    -14.769168620368525
14.0 52.0    -4.621606514728231
14.0 53.0    0.30268065714148507
15.0 54.0    1.9760037178365693
15.0 55.0    1.4389232578731252
15.0 56.0    1.7755762204550656
15.0 57.0    1.9647614840514707
15.0 58.0    1.7960321774963846
15.0 59.0    1.2553658425316678
16.0 60.0    0.9083234286518996
16.0 61.0    2.0487868693877105
16.0 62.0    0.6213224539936089
16.0 63.0    -0.2706545438752597
16.0 64.0    0.08795540158085119
16.0 65.0    0.282855544816244
17.0 66.0    0.39881807568389627
17.0 67.0    1.2047298904641335
17.0 68.0    1.0417072597080241
17.0 69.0    -0.8807532157274285
17.0 70.0    -0.6727893936901844
17.0 71.0    -0.08954008252553404
18.0 72.0    -2.9650046692554577
18.0 73.0    29.38476948054264
18.0 74.0    -10.480301052267333
18.0 75.0    0.5078494406687588
18.0 76.0    5.112437105118741
18.0 77.0    0.40953629771555367
19.0 78.0    23.638409925639298
19.0 79.0    12.776527806280983
19.0 80.0    7.090004959924702
19.0 81.0    -12.5140478048524
19.0 82.0    -3.3240195073835985
19.0 83.0    0.24675422248385892
20.0 84.0    1.168813357636413
20.0 85.0    2.3243603600577654
20.0 86.0    1.987763377098724
20.0 87.0    1.1021003349976854
20.0 88.0    1.04968112726169
20.0 89.0    -0.003958252106731869
21.0 90.0    15.385175301540661
21.0 91.0    -18.55111167916562
21.0 92.0    42.63549409757302
21.0 93.0    -7.672708913168921
21.0 94.0    -16.902352811674678
21.0 95.0    0.670746721284048
22.0 96.0    1.3019654425551765
22.0 97.0    1.8385655955039035
22.0 98.0    2.1304473465825016
22.0 99.0    2.3156296138357098
22.0 100.0    2.337004065624277
22.0 101.0    1.3895139112795383
23.0 102.0    1.5454815173436145
23.0 103.0    1.6813900115744886
23.0 104.0    2.1682937165960396
23.0 105.0    1.2387310079423497
23.0 106.0    1.9054669013228622
23.0 107.0    0.2598851172800867
24.0 108.0    -13.667268738204257
24.0 109.0    14.859248050472392
24.0 110.0    31.814662895454163
24.0 111.0    0.0847724871443198
24.0 112.0    2.6187505384655805
24.0 113.0    0.9965232645204185
25.0 114.0    3.0042730754956546
25.0 115.0    -5.760948613247839
25.0 116.0    9.935696523740855
25.0 117.0    -20.586650218223784
25.0 118.0    38.24466219973805
25.0 119.0    0.4309759772648022
26.0 120.0    0.6804826815620143
26.0 121.0    0.9586162584657343
26.0 122.0    4.537421984182778
26.0 123.0    -1.9066690769670438
26.0 124.0    0.8938138724707926
26.0 125.0    0.4086231852034913
27.0 126.0    0.10837248422336117
27.0 127.0    0.38476075857946845
27.0 128.0    1.7928598300117662
27.0 129.0    0.39976786762178795
27.0 130.0    0.6557082307107401
27.0 131.0    0.8943794200154656
28.0 132.0    10.692139212602525
28.0 133.0    8.219137145886453
28.0 134.0    0.3756338502440268
28.0 135.0    19.69924503709883
28.0 136.0    -37.55173865655828
28.0 137.0    0.9571931981158146
29.0 138.0    1.3105231034712805
29.0 139.0    2.1500416464331162
29.0 140.0    1.6511705658929217
29.0 141.0    2.1693017606161717
29.0 142.0    1.9699088983456476
29.0 143.0    0.9066305526170999
30.0 144.0    4.047263755719336
30.0 145.0    -8.586507356448646
30.0 146.0    11.241753361379503
30.0 147.0    20.78043170684668
30.0 148.0    -1.7110011446742621
30.0 149.0    -0.008050628195366422
31.0 150.0    0.5531123455605851
31.0 151.0    1.8071289917535074
31.0 152.0    1.6231178667925505
31.0 153.0    0.1557880695089511
31.0 154.0    -0.0689229833428928
31.0 155.0    1.121041101570194
32.0 156.0    2.559861464109358
32.0 157.0    0.8597511924920817
32.0 158.0    1.5622586369702753
32.0 159.0    1.829176435441317
32.0 160.0    1.6868254451069857
32.0 161.0    0.4362898273843301
33.0 162.0    2.7962431897608395
33.0 163.0    3.010577131653545
33.0 164.0    13.567158364436965
33.0 165.0    2.473134697357275
33.0 166.0    -47.51087139326988
33.0 167.0    2.284010266151448
33.0 168.0    -2.8402803613760943
33.0 169.0    22.91674606506617
33.0 170.0    2.749345355828698
33.0 171.0    1.6905306381188
33.0 172.0    9.984582979493588
33.0 173.0    -4.731507354168296
33.0 174.0    2.8319236864496666
33.0 175.0    2.648673551870188
33.0 176.0    3.2043718209229453
33.0 177.0    -2.003931411201266
33.0 178.0    3.0014841830979315
33.0 179.0    3.1284549499462795
33.0 180.0    8.427087165315141
33.0 181.0    -1.4869795572807143
33.0 182.0    -16.002247733583413
33.0 183.0    -46.9756792801553
33.0 184.0    -1.9790257120269281
33.0 185.0    2.7092892204882237
33.0 186.0    10.159013368494954
33.0 187.0    24.06718300998641
33.0 188.0    2.99525601102018
33.0 189.0    0.8845481096183725
