6.0 0.0    1.1487141057538481
6.0 1.0    1.223019178321812
6.0 2.0    0.9287780453173468
6.0 3.0    0.1812273225211464
6.0 4.0    -0.03141010909492435
6.0 5.0    0.5014003395286465
7.0 6.0    0.3869411385539876
7.0 7.0    0.2567025835290177
7.0 8.0    1.2083999322941297
7.0 9.0    -0.1290756779076738
7.0 10.0    0.8218292598305151
7.0 11.0    0.23069054511100884
8.0 12.0    1.4516344316565846
8.0 13.0    1.031917243313775
8.0 14.0    0.6437525881446587
8.0 15.0    0.32050690099514817
8.0 16.0    0.1489619956511816
8.0 17.0    1.1283641628811683
9.0 18.0    5.462433354478292
9.0 19.0    2.106158258323035
9.0 20.0    0.0493064386493103
9.0 21.0    10.762685754293393
9.0 22.0    -16.398766414375853
9.0 23.0    0.47167458958905495
10.0 24.0    11.47292685297613
10.0 25.0    9.78144436907832
10.0 26.0    -3.7013941555730288
10.0 27.0    -0.3227898836089616
10.0 28.0    -2.2498193931401764
10.0 29.0    0.026321686826798252
11.0 30.0    19.342921420266492
11.0 31.0    14.891991505195849
11.0 32.0    10.924766764694526
11.0 33.0    -3.2612200340229114
11.0 34.0    -34.966718154841544
11.0 35.0    0.7164699128548421
12.0 36.0    0.35994366054742044
12.0 37.0    0.3595121000452945
12.0 38.0    1.0531689177219383
12.0 39.0    -0.036910363322634636
12.0 40.0    0.8808611109019
12.0 41.0    1.1978892269093049
13.0 42.0    0.361490139371867
13.0 43.0    0.12154758392927643
13.0 44.0    1.7559202805163292
13.0 45.0    0.5220407490197616
13.0 46.0    0.48236984893686224
13.0 47.0    1.284027711205199
14.0 48.0    1.1696140178942276
14.0 49.0    1.5335328229715395
14.0 50.0    1.6690692231062525
14.0 51.0    1.3475752342051115
14.0 52.0    1.3465926525385534
14.0 53.0    0.21154730797674265
15.0 54.0    1.1383851082266896
15.0 55.0    1.2235797313025079
15.0 56.0    0.9337485952670487
15.0 57.0    0.15786805558476344
15.0 58.0    -0.0509405870280949
15.0 59.0    0.3343843366193736
16.0 60.0    -18.942003458091875
16.0 61.0    22.5057302198808
16.0 62.0    -52.42338736134062
16.0 63.0    9.74468634597351
16.0 64.0    21.316977736795092
16.0 65.0    0.7125254891550901
17.0 66.0    1.6472892441274203
17.0 67.0    0.9098513879394393
17.0 68.0    0.5544327988028068
17.0 69.0    0.39009474997459936
17.0 70.0    0.2307595105278074
17.0 71.0    1.5440774197256026
18.0 72.0    -16.648929051267487
18.0 73.0    18.48446117499502
18.0 74.0    38.81567378403195
18.0 75.0    -0.11152403548933833
18.0 76.0    3.0650117775663204
18.0 77.0    1.2793988735386534
19.0 78.0    1.8095089855201973
19.0 79.0    1.0459609136123937
19.0 80.0    0.5862149879845119
19.0 81.0    1.760648216027919
19.0 82.0    1.8943289094675415
19.0 83.0    1.078467048054665
20.0 84.0    1.3242680892552672
20.0 85.0    1.1128089571777562
20.0 86.0    0.7370162843490188
20.0 87.0    0.27147073776748415
20.0 88.0    0.08556560800364575
20.0 89.0    0.9235578327777636
21.0 90.0    17.91006663424405
21.0 91.0    -14.841371029013311
21.0 92.0    36.52894929733303
21.0 93.0    -6.591433594724314
21.0 94.0    3.8456627170799473
21.0 95.0    0.8968930731705238
22.0 96.0    1.5530425934413112
22.0 97.0    0.8617293900646917
22.0 98.0    0.520036642578786
22.0 99.0    1.9100075333374817
22.0 100.0    1.622011289403382
22.0 101.0    1.2671903028744027
23.0 102.0    1.1193472135811324
23.0 103.0    1.2566424915933563
23.0 104.0    0.9926438882034386
23.0 105.0    0.15793718468182
23.0 106.0    -0.06442604165682563
23.0 107.0    0.6119518211083056
24.0 108.0    0.6114886703904004
24.0 109.0    1.5638335912686718
24.0 110.0    2.0232387856180374
24.0 111.0    0.23094939279625845
24.0 112.0    -0.191209106092372
24.0 113.0    1.317640565429337
25.0 114.0    8.516619886429387
25.0 115.0    -2.3926503772227026
25.0 116.0    -44.32957183625195
25.0 117.0    -5.9357161315648925
25.0 118.0    27.762497385600664
25.0 119.0    0.7532768301611531
26.0 120.0    11.130176027994056
26.0 121.0    -36.90729829639363
26.0 122.0    15.634580603417577
26.0 123.0    -1.2555720636497718
26.0 124.0    6.142815398458975
26.0 125.0    -2.577186100184967
26.0 126.0    -25.40401684944598
26.0 127.0    -27.509230757809718
26.0 128.0    -5.076232592490512
26.0 129.0    10.517889813122173
26.0 130.0    2.0474273586517295
26.0 131.0    16.61720679653649
26.0 132.0    7.6522824241911716
26.0 133.0    -4.959815486530407
26.0 134.0    13.79236135561051
26.0 135.0    4.012993452190622
26.0 136.0    -5.563207843172197
26.0 137.0    8.81651047112379
26.0 138.0    15.96816954636654
26.0 139.0    2.6640027705318885
26.0 140.0    0.37662868992154297
