11111    7.687101960221174
11112    9.342709871985619
11113    9.515361702840057
11114    9.026382078241632
11121    5.142021802324209
11122    7.897064456460221
11123    4.505087208879899
11124    2.021432743032788
11131    10.406374281658351
11132    8.159239197305997
11133    5.39063892137596
11134    10.724730743945878
11141    13.362902588701669
11142    11.016959288319038
11143    9.485706984469108
11144    9.71872269575877
11211    1.9479547949937877
11212    2.7317396932568565
11213    5.50001081823266
11214    4.812940596580846
11221    0
11222    1.6496388618608984
11223    2.8061684968272544
11224    1.9749808154227524
11231    1.204771698132743
11232    0.7180592999257271
11233    3.536907671862871
11234    2.022529403542801
11241    2.738237254732727
11242    1.496777535644286
11243    1.833470200647948
11244    4.574369667227141
11311    0.22773085989587086
11312    0.0062128682429478405
11313    2.9211983353637785
11314    0.3461069165256666
11321    0.0
11322    0.6588467471620856
11323    1.8375304956115592
11324    0.45982862253256973
11331    0
11332    0.0
11333    0
11334    0.8421170330922526
11341    0.6375878256928864
11342    0
11343    1.6026543394726755
11344    0.018217919492493937
11411    0
11412    0
11413    0
11414    0
11421    0
11422    0
11423    0
11424    0
11431    0
11432    0
11433    0
11434    0
11441    0
11442    0
11443    0
11444    0
12111    0
12112    0
12113    0
12114    0
12121    10.799160376282456
12122    13.155672738127604
12123    9.297592152976579
12124    12.944309688307293
12131    13.251714393899281
12132    14.366791698133403
12133    10.895157927146672
12134    16.781616271064447
12141    0
12142    0
12143    0
12144    0
12211    0
12212    0
12213    0
12214    0
12221    4.4788466307569506
12222    5.283060625444423
12223    9.487419785841064
12224    2.071528205048887
12231    3.71383298235742
12232    5.999712995716969
12233    8.883230408304591
12234    10.191686149009733
12241    0
12242    0
12243    0
12244    0
12311    0
12312    0
12313    0
12314    0
12321    1.0014675633060384
12322    0.41197934261724145
12323    4.34729490098322
12324    0.3579366701889331
12331    3.268577748284021
12332    0
12333    1.9252199900701679
12334    1.9120365845453717
12341    0
12342    0
12343    0
12344    0
12411    0
12412    0
12413    0
12414    0
12421    0
12422    0
12423    0
12424    0
12431    0
12432    0
12433    0
12434    0
12441    0
12442    0
12443    0
12444    0
13111    0
13112    0
13113    0
13114    0
13121    11.464622484561604
13122    11.962192517684038
13123    12.076386476625672
13124    14.441281334405403
13131    10.406088235921423
13132    10.404962895934553
13133    11.455718617978874
13134    13.540329943167798
13141    0
13142    0
13143    0
13144    0
13211    0
13212    0
13213    0
13214    0
13221    5.673404533462065
13222    4.127867579984112
13223    12.276873550719625
13224    5.568381798251441
13231    6.803523627253309
13232    5.6064556156668655
13233    12.393441502935165
13234    8.753229379339514
13241    0
13242    0
13243    0
13244    0
13311    0
13312    0
13313    0
13314    0
13321    1.2518260870557822
13322    1.3390056001253026
13323    5.099800633970359
13324    1.279061102302664
13331    1.2087574276357134
13332    0.6391789760447079
13333    3.96666221663991
13334    4.573181582346236
13341    0
13342    0
13343    0
13344    0
13411    0
13412    0
13413    0
13414    0
13421    0
13422    0
13423    0
13424    0
13431    0
13432    0
13433    0
13434    0
13441    0
13442    0
13443    0
13444    0
14111    0
14112    0
14113    0
14114    0
14121    1.8809346622095493
14122    0.206771163160344
14123    2.978421274518146
14124    1.5358484598141817
14131    0.36947501533436655
14132    1.8241140199557924
14133    1.1750584467303942
14134    4.802862025565361
14141    0
14142    0
14143    0
14144    0
14211    0
14212    0
14213    0
14214    0
14221    9.214881341213465
14222    5.800818470664288
14223    14.013007580897659
14224    9.87081913020675
14231    6.337637081663164
14232    7.249033329687695
14233    13.055520199895811
14234    8.82539184934867
14241    0
14242    0
14243    0
14244    0
14311    0
14312    0
14313    0
14314    0
14321    2.2512624253943505
14322    3.131392121016789
14323    9.998391309901471
14324    2.5695402872790196
14331    3.223608868300463
14332    2.7526994461872696
14333    6.346725679849541
14334    2.8712716035542396
14341    0
14342    0
14343    0
14344    0
14411    0
14412    0
14413    0
14414    0
14421    0
14422    0
14423    0
14424    0
14431    0
14432    0
14433    0
14434    0.07217850728969796
14441    0
14442    0
14443    0
14444    0
15111    0
15112    0
15113    0
15114    0
15121    0
15122    0
15123    0
15124    0
15131    0
15132    0
15133    0
15134    0
15141    0
15142    0
15143    0
15144    0
15211    0
15212    0
15213    0
15214    0
15221    6.2000937378828445
15222    6.040987513998984
15223    11.916213128519338
15224    8.933065343319967
15231    8.285880381660862
15232    8.124497444608584
15233    14.86300321830624
15234    6.1953634096901355
15241    0
15242    0
15243    0
15244    0
15311    0
15312    0
15313    0
15314    0
15321    2.879441405724215
15322    2.6124515279640033
15323    11.479301760161743
15324    4.841783971963915
15331    5.903112396038717
15332    2.699465180022264
15333    9.03886619802364
15334    4.447562799774372
15341    0
15342    0
15343    0
15344    0
15411    0
15412    0
15413    0
15414    0
15421    0
15422    3.544474772323525E-4
15423    0
15424    0
15431    0
15432    0
15433    0
15434    0.4220965338578827
15441    0
15442    0
15443    0
15444    0
16111    0
16112    0
16113    0
16114    0
16121    0
16122    0
16123    0
16124    0
16131    0
16132    0
16133    0
16134    0
16141    0
16142    0
16143    0
16144    0
16211    0
16212    0
16213    0
16214    0
16221    4.399560699181187
16222    1.5862641090015774
16223    9.935733472132972
16224    4.930849780538809
16231    4.916150194563477
16232    4.827156075760923
16233    8.798519503165192
16234    4.196579361939166
16241    0
16242    0
16243    0
16244    0
16311    0
16312    0
16313    0
16314    0
16321    3.7677135880687485
16322    3.735356036350996
16323    8.594952167441994
16324    4.63392321379159
16331    4.875951043750511
16332    3.291503976399146
16333    9.06135059511302
16334    2.7656179452254865
16341    0
16342    0
16343    0
16344    0
16411    0
16412    0
16413    0
16414    0
16421    0
16422    0
16423    1.930187509171115
16424    0.63220693223551
16431    0
16432    0
16433    0
16434    0.0
16441    0
16442    0
16443    0
16444    0
21111    12.56078777069584
21112    12.030871755835607
21113    11.892321775308194
21114    10.855547061549295
21121    0
21122    0
21123    0
21124    0
21131    0
21132    0
21133    0
21134    0
21141    13.755190024582106
21142    13.674297804559695
21143    12.331784658719862
21144    13.45288560770785
21211    5.535121569542648
21212    5.435242249388353
21213    10.045112234662472
21214    8.585696843615228
21221    0
21222    0
21223    0
21224    0
21231    0
21232    0
21233    0
21234    0
21241    9.413455931052857
21242    8.613247510016173
21243    11.681195656801252
21244    8.130215042408105
21311    0.15924330198698827
21312    1.244021705712541
21313    4.028107768252419
21314    1.6083670464830067
21321    0
21322    0
21323    0
21324    0
21331    0
21332    0
21333    0
21334    0
21341    0.3095734677830686
21342    0.15635831278548873
21343    2.9513823655628326
21344    2.4654758950211146
21411    0
21412    0
21413    0
21414    0
21421    0
21422    0
21423    0
21424    0
21431    0
21432    0
21433    0
21434    0
21441    0
21442    0
21443    0
21444    0
22111    12.86008865395565
22112    14.770362945426193
22113    10.569536958601295
22114    12.624175510451916
22121    13.131739914556016
22122    14.493635482839425
22123    10.4643364121738
22124    13.697911926113102
22131    14.80596524063511
22132    15.16630479972989
22133    11.070216861044685
22134    16.71927286056975
22141    15.281599965894095
22142    13.68207498565599
22143    12.83019381015085
22144    15.005746928696903
22211    2.6248655635649074
22212    5.113340049137124
22213    10.203315927679757
22214    8.499623786356185
22221    5.018879180586856
22222    5.508369479935518
22223    8.41833750964857
22224    6.353219431164953
22231    6.472236613402269
22232    6.321773466804892
22233    10.580478059859562
22234    7.226789044883891
22241    4.512308565260034
22242    4.309283214946392
22243    10.616571595678483
22244    7.586719264112061
22311    0.46763591452501607
22312    0.16389003854650214
22313    5.0953171270857975
22314    0.8139798691379883
22321    0.28025846182513686
22322    1.5477992829839768
22323    4.032295876961763
22324    0.12539885114623733
22331    1.7051534382842082
22332    1.3411366317424194
22333    4.072166607010108
22334    0.24257182283900788
22341    0.9629694227675685
22342    0.23623265207260516
22343    2.675737270705285
22344    0.7462961869745869
22411    0
22412    0
22413    0
22414    0
22421    0
22422    0
22423    0
22424    0
22431    0
22432    0
22433    0
22434    0
22441    0
22442    0
22443    0
22444    0
23111    0
23112    0
23113    0
23114    0
23121    14.8597177175639
23122    15.982442531245756
23123    14.448437276468802
23124    14.975104529589704
23131    15.93089584759609
23132    15.857115754282422
23133    12.606745270715562
23134    16.684006389408317
23141    0
23142    0
23143    0
23144    0
23211    0
23212    0
23213    0
23214    0
23221    8.59815837197116
23222    9.049644409649032
23223    14.047496527495436
23224    10.511384631253621
23231    10.897578475612306
23232    9.199533039241413
23233    15.014364140804446
23234    9.906168640357093
23241    0
23242    0
23243    0
23244    0
23311    0
23312    0
23313    0
23314    0
23321    1.3965590759701758
23322    1.2340267894896937
23323    6.0146585022299135
23324    0.4383596166016084
23331    1.604684296008178
23332    2.8255500197891528
23333    8.21912725289929
23334    1.0270990294977895
23341    0
23342    0
23343    0
23344    0
23411    0
23412    0
23413    0
23414    0
23421    0
23422    0
23423    0
23424    0
23431    0
23432    0
23433    0
23434    0
23441    0
23442    0
23443    0
23444    0
24111    0
24112    0
24113    0
24114    0
24121    15.676266908532742
24122    15.285271625467233
24123    14.77909878162892
24124    16.812570184023414
24131    15.298135744237744
24132    15.435150765609357
24133    13.121983892136681
24134    15.865302823316085
24141    0
24142    0
24143    0
24144    0
24211    0
24212    0
24213    0
24214    0
24221    9.353638462091185
24222    10.40340663327402
24223    11.447590895890336
24224    14.377054733405672
24231    13.18352741258364
24232    11.50372241857375
24233    14.901619339882282
24234    14.691983136402374
24241    0
24242    0
24243    0
24244    0
24311    0
24312    0
24313    0
24314    0
24321    1.7508805120692967
24322    3.6469345155579678
24323    10.811342100702294
24324    1.748158259740195
24331    4.069189599753175
24332    2.5392023865080118
24333    7.370110538582992
24334    3.914992378565561
24341    0
24342    0
24343    0
24344    0
24411    0
24412    0
24413    0
24414    0
24421    0
24422    0
24423    0
24424    0
24431    0
24432    0
24433    0
24434    0
24441    0
24442    0
24443    0
24444    0
25111    0
25112    0
25113    0
25114    0
25121    2.504440785219537
25122    2.9535059583097385
25123    0
25124    6.959874519699577
25131    2.7902427133592402
25132    3.9514494187264395
25133    4.615372069736299
25134    3.435187787360207
25141    0
25142    0
25143    0
25144    0
25211    0
25212    0
25213    0
25214    0
25221    13.10427366669225
25222    11.090019320897428
25223    15.405491979659567
25224    13.586855952031357
25231    12.380805156226975
25232    11.738163545922632
25233    15.241031434323704
25234    13.859314599591436
25241    0
25242    0
25243    0
25244    0
25311    0
25312    0
25313    0
25314    0
25321    3.890918299458306
25322    6.617249154789116
25323    9.137439941751978
25324    6.290080892381999
25331    4.609107818898547
25332    4.86098051763989
25333    11.285201688428089
25334    3.432210381113837
25341    0
25342    0
25343    0
25344    0
25411    0
25412    0
25413    0
25414    0
25421    0
25422    0
25423    0
25424    0
25431    0
25432    0
25433    0
25434    0.007292712650534779
25441    0
25442    0
25443    0
25444    0
26111    0
26112    0
26113    0
26114    0
26121    0
26122    0
26123    0
26124    0
26131    0
26132    0
26133    0
26134    0
26141    0
26142    0
26143    0
26144    0
26211    0
26212    0
26213    0
26214    0
26221    11.072265341320268
26222    12.260864173709388
26223    15.34196469907995
26224    10.305694164709845
26231    7.804316670426017
26232    10.225940626944013
26233    15.183672308092186
26234    10.015612344494038
26241    0
26242    0
26243    0
26244    0
26311    0
26312    0
26313    0
26314    0
26321    6.299746946818395
26322    6.897815407696935
26323    11.886970182137842
26324    4.719751790555657
26331    8.014732674771803
26332    5.128364072919924
26333    12.543793568387276
26334    6.079558826532963
26341    0
26342    0
26343    0
26344    0
26411    0
26412    0
26413    0
26414    0
26421    0.0
26422    0
26423    0
26424    0.0
26431    0
26432    0
26433    2.0437323794021807
26434    0.08103014056149754
26441    0
26442    0
26443    0
26444    0
31111    14.060742932772435
31112    14.197179645457867
31113    13.568476852840575
31114    14.914049734553021
31121    0
31122    0
31123    0
31124    0
31131    0
31132    0
31133    0
31134    0
31141    14.25463555839159
31142    14.351746887811114
31143    13.005318925456749
31144    17.491393077270597
31211    10.594488220623663
31212    11.043471751073415
31213    13.650852056191301
31214    11.706162744767514
31221    0
31222    0
31223    0
31224    0
31231    0
31232    0
31233    0
31234    0
31241    11.722891914832546
31242    12.404652957491846
31243    12.844649089377345
31244    13.219384250788147
31311    0.7677174153551092
31312    0.46561614223671416
31313    9.705459486924218
31314    3.085900753887532
31321    0
31322    0
31323    0
31324    0
31331    0
31332    0
31333    0
31334    0
31341    0.8556559772910362
31342    1.8331170332148436
31343    4.740335213261172
31344    2.0142663022881258
31411    0
31412    0
31413    0
31414    0
31421    0
31422    0
31423    0
31424    0
31431    0
31432    0
31433    0
31434    0
31441    0
31442    0
31443    0
31444    0
32111    14.088826284832079
32112    14.192694340394016
32113    14.190795462530987
32114    13.667258936630173
32121    0
32122    0
32123    0
32124    0
32131    0
32132    0
32133    0
32134    0
32141    13.645284407302277
32142    15.513379889501373
32143    13.055268682662101
32144    14.606356683334058
32211    10.326429572290847
32212    10.163381375669402
32213    13.826184293022969
32214    7.398265895607416
32221    0
32222    0
32223    0
32224    0
32231    0
32232    0
32233    0
32234    0
32241    9.137851238349516
32242    10.467252512514493
32243    14.550734975593866
32244    11.243476036841408
32311    1.5777517287823717
32312    0.3320878077580093
32313    8.581136045423468
32314    2.364194136340206
32321    0
32322    0
32323    0
32324    0
32331    0
32332    0
32333    0
32334    0
32341    0.43951641443406775
32342    1.2846916784783344
32343    6.07301784314351
32344    1.6083171441711572
32411    0
32412    0
32413    0
32414    0
32421    0
32422    0
32423    0
32424    0
32431    0
32432    0
32433    0
32434    0
32441    0
32442    0
32443    0
32444    0
33111    12.721792138535239
33112    14.54519728675237
33113    11.751286557434248
33114    13.602511837138533
33121    13.124649281557733
33122    15.743954577147903
33123    13.614170002658494
33124    13.718115126666698
33131    15.347175106072022
33132    15.601941033282749
33133    13.711214886995174
33134    16.616407455245028
33141    14.357209763708926
33142    13.64698423094339
33143    13.019132185262986
33144    12.645095282390724
33211    4.084687570287566
33212    4.59279038691006
33213    12.466394120272188
33214    10.68187936360414
33221    7.2881026583969515
33222    4.498656748585006
33223    12.615330102793607
33224    8.970856138201215
33231    9.015290186416497
33232    8.22026475956911
33233    12.492821685498596
33234    6.2660516167104445
33241    9.207825935204935
33242    3.835716375762101
33243    12.693071309674876
33244    6.64069436542933
33311    2.694090945096377
33312    1.1675378978175535
33313    2.7234214849792995
33314    0
33321    2.583762141285725
33322    0.5249597369030424
33323    6.165994318915998
33324    0.2723477508850037
33331    1.3103162104362354
33332    1.0764215407432476
33333    4.362849948994571
33334    0.6644021225681005
33341    2.6334526316464806
33342    2.296593044867865
33343    5.69259267965046
33344    0.14789662927247973
33411    0
33412    0
33413    0
33414    0
33421    0
33422    0
33423    0
33424    0
33431    0
33432    0
33433    0
33434    0
33441    0
33442    0
33443    0
33444    0
34111    0
34112    0
34113    0
34114    0
34121    14.807978067922495
34122    15.003783852128477
34123    12.09223372435126
34124    15.891781015702431
34131    16.80387632834676
34132    16.533261724095894
34133    12.641342704686055
34134    14.260542979262656
34141    0
34142    0
34143    0
34144    0
34211    0
34212    0
34213    0
34214    0
34221    10.834403234935639
34222    8.479062043737187
34223    14.258748413447115
34224    10.576373756364752
34231    12.157476229980697
34232    11.327955461928706
34233    12.29430953553163
34234    13.001380610304738
34241    0
34242    0
34243    0
34244    0
34311    0
34312    0
34313    0
34314    0
34321    4.016773971843007
34322    0.7916130692404394
34323    7.328886789781566
34324    2.116628370324275
34331    2.7469747814499352
34332    2.088401927226757
34333    6.652229460643732
34334    2.172808219448627
34341    0
34342    0
34343    0
34344    0
34411    0
34412    0
34413    0
34414    0
34421    0
34422    0
34423    0
34424    0
34431    0
34432    0
34433    0
34434    0
34441    0
34442    0
34443    0
34444    0
35111    0
35112    0
35113    0
35114    0
35121    16.133378267201167
35122    15.644054558291506
35123    14.748407386832648
35124    15.780015806345329
35131    16.09695696372266
35132    14.87894665969478
35133    14.943400221404818
35134    15.885215044021304
35141    0
35142    0
35143    0
35144    0
35211    0
35212    0
35213    0
35214    0
35221    10.706470431204085
35222    12.443079368406348
35223    14.834954412172864
35224    13.24876461785474
35231    12.652413579547082
35232    11.163171728213287
35233    15.33992156569573
35234    12.787931788486631
35241    0
35242    0
35243    0
35244    0
35311    0
35312    0
35313    0
35314    0
35321    1.3763972662327726
35322    3.9968619484952352
35323    9.552784136354155
35324    2.99897558814735
35331    1.4921369200426797
35332    3.351016857702761
35333    2.5668866095441745
35334    5.850899507203039
35341    0
35342    0
35343    0
35344    0
35411    0
35412    0
35413    0
35414    0
35421    0
35422    0
35423    0
35424    0
35431    0
35432    0
35433    0
35434    0
35441    0
35442    0
35443    0
35444    0
36111    0
36112    0
36113    0
36114    0
36121    4.113407471704036
36122    5.017039433402313
36123    4.459018364059292
36124    5.570742843679477
36131    3.562285715645692
36132    1.3108246224331028
36133    6.026251606060254
36134    4.161090561717387
36141    0
36142    0
36143    0
36144    0
36211    0
36212    0
36213    0
36214    0
36221    12.422419526555965
36222    11.756555313524656
36223    13.567058967818461
36224    14.685666528997476
36231    12.997744801471137
36232    11.941241070187608
36233    15.435065669516089
36234    13.177948859880425
36241    0
36242    0
36243    0
36244    0
36311    0
36312    0
36313    0
36314    0
36321    5.1013814729711235
36322    3.6252758571026167
36323    9.214261813082604
36324    1.567704295316069
36331    1.2786817952423752
36332    3.008059030322991
36333    6.508114214243329
36334    5.639377708089821
36341    0
36342    0
36343    0
36344    0
36411    0
36412    0
36413    0
36414    0
36421    0
36422    0
36423    0
36424    0
36431    0
36432    0
36433    0
36434    0
36441    0
36442    0
36443    0
36444    0
41111    6.412382945742646
41112    3.6593062507975818
41113    4.6492506345921765
41114    2.0297911775756816
41121    0
41122    0
41123    0
41124    0
41131    0
41132    0
41133    0
41134    0
41141    7.338947942421914
41142    3.5882311285644297
41143    5.3148998378537815
41144    2.831949778125611
41211    11.704936502560237
41212    11.702457399037867
41213    14.110511204410011
41214    13.466677203827455
41221    0
41222    0
41223    0
41224    0
41231    0
41232    0
41233    0
41234    0
41241    12.517995819926087
41242    11.793183033498812
41243    14.365294493007776
41244    13.286501644002072
41311    5.433973210455737
41312    4.987475885042211
41313    6.428034579195255
41314    1.6017751193723042
41321    0
41322    0
41323    0
41324    0
41331    0
41332    0
41333    0
41334    0
41341    3.622872971640425
41342    3.849037725291012
41343    7.4729559174117295
41344    3.8431401906031732
41411    0
41412    0
41413    0
41414    0
41421    0
41422    0
41423    0
41424    0
41431    0
41432    0
41433    0
41434    0
41441    0.0
41442    0
41443    0
41444    0
42111    15.311932719328514
42112    15.241878901827548
42113    14.740744032374536
42114    15.529144280920631
42121    0
42122    0
42123    0
42124    0
42131    0
42132    0
42133    0
42134    0
42141    16.148311765793434
42142    15.815659284719848
42143    15.165638718704722
42144    15.559494609195463
42211    11.93952251950315
42212    9.85456147283478
42213    14.989108880134149
42214    11.602883751230301
42221    0
42222    0
42223    0
42224    0
42231    0
42232    0
42233    0
42234    0
42241    11.218978989329939
42242    12.260646467262402
42243    13.997748835924687
42244    14.380282651721899
42311    2.3925339667300127
42312    2.0710732555582894
42313    8.409509660128828
42314    2.9185280121944923
42321    0
42322    0
42323    0
42324    0
42331    0
42332    0
42333    0
42334    0
42341    6.329910407789279
42342    2.5293668423200133
42343    4.629205269558751
42344    1.7217353264207516
42411    0
42412    0
42413    0
42414    0
42421    0
42422    0
42423    0
42424    0
42431    0
42432    0
42433    0
42434    0
42441    0
42442    0
42443    0
42444    0
43111    14.026590202627885
43112    14.846033142364574
43113    13.415761515850242
43114    14.135204726132077
43121    0
43122    0
43123    0
43124    0
43131    0
43132    0
43133    0
43134    0
43141    15.951829990296305
43142    16.00672991015841
43143    13.199486975154201
43144    15.860791226624661
43211    10.815839166002503
43212    10.365935056300325
43213    14.78772471717025
43214    13.667117628567855
43221    0
43222    0
43223    0
43224    0
43231    0
43232    0
43233    0
43234    0
43241    11.107023885444681
43242    11.913713889711879
43243    12.133653990858347
43244    13.2254763332882
43311    3.9453205820457953
43312    2.8494346076667907
43313    2.6002376733737664
43314    3.072200286300854
43321    0
43322    0
43323    0
43324    0
43331    0
43332    0
43333    0
43334    0
43341    2.1947092791390794
43342    3.469509278617097
43343    9.502799729613272
43344    4.511174511169458
43411    0
43412    0
43413    0
43414    0
43421    0
43422    0
43423    0
43424    0
43431    0
43432    0
43433    0
43434    0
43441    0
43442    0
43443    0
43444    0
44111    13.678398672524693
44112    13.994004455864767
44113    12.411998640941832
44114    15.191004960551465
44121    13.979701273001165
44122    13.806643804520837
44123    10.846202435452671
44124    12.654234634078778
44131    14.874965544921352
44132    14.894530202362851
44133    12.544755412972231
44134    14.22337395704419
44141    14.875374761670175
44142    16.20913087206852
44143    12.921852521629152
44144    13.772655960187835
44211    6.510471893512876
44212    10.31905254323674
44213    8.199588023588268
44214    6.2107364414958175
44221    7.504279998452105
44222    6.593215828769961
44223    12.83687503426567
44224    5.909768146195947
44231    7.477840783363762
44232    8.56801780356158
44233    12.91884803556904
44234    6.979266855206133
44241    7.6074384707195515
44242    4.526117768502996
44243    13.759550796873041
44244    3.318477188329231
44311    0.7239193562601927
44312    0.982164882705698
44313    3.1731771392611114
44314    0.1069375887720186
44321    1.2096026237561273
44322    0
44323    5.169180262785357
44324    1.2704236559085171
44331    0.5788851611729785
44332    0.031384451491947046
44333    3.979813979876378
44334    0.0
44341    2.3344380578676778
44342    0.21301504871799534
44343    4.430904205245117
44344    0.0
44411    0
44412    0
44413    0
44414    0
44421    0
44422    0
44423    0
44424    0
44431    0
44432    0
44433    0
44434    0
44441    0
44442    0
44443    0
44444    0
45111    0
45112    0
45113    0
45114    0
45121    15.047368638019949
45122    15.367991049451025
45123    13.665187193400847
45124    15.137725110771212
45131    13.99526254509234
45132    15.269499336510346
45133    12.655822172792812
45134    15.004034894166823
45141    0
45142    0
45143    0
45144    0
45211    0
45212    0
45213    0
45214    0
45221    10.741567016267112
45222    10.122365298215696
45223    12.965202663457315
45224    9.997058772495077
45231    10.640000795400997
45232    10.158028322069013
45233    16.41400202140682
45234    5.987018044205528
45241    0
45242    0
45243    0
45244    0
45311    0
45312    0
45313    0
45314    0
45321    2.2367504432253718
45322    2.4997456559511892
45323    8.138825988926163
45324    0.5956246664086313
45331    0.4237353507375269
45332    1.1584084475363718
45333    0.7381085164858149
45334    4.54033069231742
45341    0
45342    0
45343    0
45344    0
45411    0
45412    0
45413    0
45414    0
45421    0
45422    0
45423    0
45424    0
45431    0
45432    0
45433    0
45434    0
45441    0
45442    0
45443    0
45444    0
46111    0
46112    0
46113    0
46114    0
46121    14.67525007216124
46122    12.92907192206173
46123    13.322243814821858
46124    15.726516746442647
46131    13.418208451221053
46132    13.56489933972656
46133    14.619934717500175
46134    14.268855999975099
46141    0
46142    0
46143    0
46144    0
46211    0
46212    0
46213    0
46214    0
46221    11.091827398960978
46222    12.308432165319616
46223    12.46931344290018
46224    12.864527650184518
46231    11.71909643378425
46232    9.71266711929326
46233    15.643039311413952
46234    12.01702682206409
46241    0
46242    0
46243    0
46244    0
46311    0
46312    0
46313    0
46314    0
46321    4.917686312595539
46322    2.0506233607725664
46323    3.82916060246749
46324    0.4683163498112128
46331    2.064665454869761
46332    2.083744975627689
46333    3.6562083266495784
46334    1.8059014781598397
46341    0
46342    0
46343    0
46344    0
46411    0
46412    0
46413    0
46414    0
46421    0
46422    0
46423    0
46424    0
46431    0
46432    0
46433    0
46434    0
46441    0
46442    0
46443    0
46444    0
51111    0
51112    0
51113    0
51114    0
51121    0
51122    0
51123    0
51124    0
51131    0
51132    0
51133    0
51134    0
51141    0
51142    0
51143    0
51144    0
51211    9.028486658596181
51212    9.994549140956291
51213    13.225064192333708
51214    11.99335689868667
51221    0
51222    0
51223    0
51224    0
51231    0
51232    0
51233    0
51234    0
51241    11.555472843486848
51242    8.6144253624073
51243    14.851029612149794
51244    10.658826235261674
51311    6.731786732882428
51312    1.8803217160888124
51313    12.199552484167114
51314    3.370536602826102
51321    0
51322    0
51323    0
51324    0
51331    0
51332    0
51333    0
51334    0
51341    3.446761061591022
51342    5.164139421778115
51343    9.621221894127748
51344    7.408249664356298
51411    0
51412    0
51413    0
51414    0.5064689916168493
51421    0
51422    0
51423    0
51424    0
51431    0
51432    0
51433    0
51434    0
51441    0.8261325136171431
51442    0.8659099704714974
51443    0
51444    0
52111    2.8801177732395313
52112    1.4148133397061637
52113    1.5080481019828478
52114    1.4170886524060897
52121    0
52122    0
52123    0
52124    0
52131    0
52132    0
52133    0
52134    0
52141    3.3043016394873908
52142    3.8919578761773606
52143    4.000273194886621
52144    6.006964316534069
52211    11.11209639927744
52212    10.807340930213451
52213    15.30115124420623
52214    12.48259068301272
52221    0
52222    0
52223    0
52224    0
52231    0
52232    0
52233    0
52234    0
52241    11.702499950064603
52242    11.505293049088026
52243    14.6565013667322
52244    12.215315005712048
52311    5.990252118078434
52312    1.953820529403521
52313    9.856549054980738
52314    2.706270479447889
52321    0
52322    0
52323    0
52324    0
52331    0
52332    0
52333    0
52334    0
52341    5.0847020040832875
52342    3.3211489676914123
52343    9.46152860108492
52344    4.896834216155939
52411    0.0
52412    0
52413    0
52414    0
52421    0
52422    0
52423    0
52424    0
52431    0
52432    0
52433    0
52434    0
52441    0
52442    0
52443    0
52444    0
53111    14.903262859256408
53112    14.366957222725496
53113    14.792529297525524
53114    15.522024647044196
53121    0
53122    0
53123    0
53124    0
53131    0
53132    0
53133    0
53134    0
53141    15.755014313823526
53142    16.085537995944684
53143    14.166169618637579
53144    17.682350974488703
53211    11.109469725783825
53212    11.759746096095414
53213    16.01554604014156
53214    12.057633210965733
53221    0
53222    0
53223    0
53224    0
53231    0
53232    0
53233    0
53234    0
53241    11.218289139704938
53242    11.391485873951396
53243    15.080082963329577
53244    12.115903595703402
53311    2.255078730760917
53312    1.852743984399659
53313    8.785484933454173
53314    4.686482979772583
53321    0
53322    0
53323    0
53324    0
53331    0
53332    0
53333    0
53334    0
53341    4.7642806941772236
53342    3.5843255608990496
53343    9.620804250895436
53344    3.1946129762722633
53411    0
53412    0
53413    0
53414    0
53421    0
53422    0
53423    0
53424    0
53431    0
53432    0
53433    0
53434    0
53441    0
53442    0
53443    0
53444    0
54111    15.167475669572159
54112    15.665406027591398
54113    13.362261907074464
54114    15.56470963826324
54121    0
54122    0
54123    0
54124    0
54131    0
54132    0
54133    0
54134    0
54141    13.274980491879077
54142    16.329058850836216
54143    11.909462425414915
54144    14.59209743656354
54211    11.354686341163998
54212    10.192870695192092
54213    13.892147211736878
54214    11.201246928054024
54221    0
54222    0
54223    0
54224    0
54231    0
54232    0
54233    0
54234    0
54241    8.869789930216017
54242    9.231202486066595
54243    13.723246396976153
54244    8.472354462839025
54311    0.9504172510937356
54312    1.228233879370379
54313    4.977163753168666
54314    2.1070505763664027
54321    0
54322    0
54323    0
54324    0
54331    0
54332    0
54333    0
54334    0
54341    1.818622669428219
54342    2.716320135590259
54343    5.858185902308065
54344    1.945903022474124
54411    0
54412    0
54413    0
54414    0
54421    0
54422    0
54423    0
54424    0
54431    0
54432    0
54433    0
54434    0
54441    0
54442    0
54443    0
54444    0
55111    12.230546270446675
55112    14.31780200364105
55113    9.836816281984495
55114    14.37804098020128
55121    14.73349283431804
55122    13.843219137277906
55123    11.443769291737725
55124    13.926413946781897
55131    12.9885573975908
55132    14.784945165113339
55133    13.698877043698586
55134    13.263695726354506
55141    13.301103281922545
55142    15.382301464760978
55143    12.475254950451273
55144    13.567093176959796
55211    7.848353464728284
55212    2.5386709490713883
55213    11.62616684772325
55214    5.639531478365348
55221    8.523224640229396
55222    4.610070193077052
55223    7.414892132430499
55224    6.551461994476288
55231    8.166101993642494
55232    3.8576405389293935
55233    7.700428625599039
55234    2.824570846066076
55241    4.135435656180364
55242    7.874280897380518
55243    6.106595665903979
55244    2.4401026826986003
55311    0.45037374027018
55312    0.39360093609270136
55313    4.550935159261913
55314    0.040778060522570256
55321    1.2703589935310717
55322    0.9680506791267295
55323    3.767996200145568
55324    0.5806848705817199
55331    0.6003088900109751
55332    2.243737051873987
55333    1.535092175727854
55334    2.2620956681275883
55341    0.09629818392562128
55342    0.0279568852946643
55343    3.3639497360733306
55344    0.1019956569200728
55411    0
55412    0
55413    0
55414    0
55421    0
55422    0
55423    0
55424    0
55431    0
55432    0
55433    0
55434    0
55441    0
55442    0
55443    0
55444    0
56111    0
56112    0
56113    0
56114    0
56121    14.95337886214817
56122    13.565125580954968
56123    11.33322771260125
56124    13.67849348308164
56131    12.62217168554858
56132    11.598884595422527
56133    11.583328890450925
56134    10.637188935526948
56141    0
56142    0
56143    0
56144    0
56211    0
56212    0
56213    0
56214    0
56221    10.526232240243313
56222    8.408608608098445
56223    9.490126554851997
56224    7.8768573842658824
56231    8.320432171693085
56232    8.395590447021583
56233    12.43312595379677
56234    8.656832057990043
56241    0
56242    0
56243    0
56244    0
56311    0
56312    0
56313    0
56314    0
56321    1.0172632798690704
56322    0.228773148211893
56323    1.9149073751838623
56324    1.7026033446845108
56331    0
56332    2.536619058161077
56333    0
56334    1.1122533125592977
56341    0
56342    0
56343    0
56344    0
56411    0
56412    0
56413    0
56414    0
56421    0
56422    0
56423    0
56424    0
56431    0
56432    0
56433    0
56434    0
56441    0
56442    0
56443    0
56444    0
61111    0
61112    0
61113    0
61114    0
61121    0
61122    0
61123    0
61124    0
61131    0
61132    0
61133    0
61134    0
61141    0
61142    0
61143    0
61144    0
61211    1.904168806421427
61212    1.416626676620985
61213    9.749141419341216
61214    3.1507903845961867
61221    0
61222    0
61223    0
61224    0
61231    0
61232    0
61233    0
61234    0
61241    2.517388408470973
61242    2.9392982443573974
61243    5.666274819454113
61244    2.8223266742559727
61311    3.559437083452403
61312    1.6575179502302935
61313    10.695273711392579
61314    5.7948992179919125
61321    0
61322    0
61323    0
61324    0
61331    0
61332    0
61333    0
61334    0
61341    4.239071071922286
61342    3.782478637888474
61343    9.726396006026466
61344    1.2300135958149203
61411    0
61412    0.003469979783773581
61413    0.428392565897973
61414    0
61421    0
61422    0
61423    0
61424    0
61431    0
61432    0
61433    0
61434    0
61441    0
61442    0
61443    0
61444    1.0881008757822321
62111    0
62112    0
62113    0
62114    0
62121    0
62122    0
62123    0
62124    0
62131    0
62132    0
62133    0
62134    0
62141    0
62142    0
62143    0
62144    0
62211    9.304139987072007
62212    8.665384076011774
62213    13.848219371967732
62214    7.393529683351767
62221    0
62222    0
62223    0
62224    0
62231    0
62232    0
62233    0
62234    0
62241    8.002033648709688
62242    5.040795864138518
62243    11.564183348985239
62244    9.920637414887727
62311    5.668313876176908
62312    2.5092122566445725
62313    9.437250954770676
62314    1.9767638183387555
62321    0
62322    0
62323    0
62324    0
62331    0
62332    0
62333    0
62334    0
62341    3.2597344308539222
62342    0.8916075196414499
62343    9.17925015130159
62344    3.518341294658674
62411    0.003469979783773581
62412    0
62413    0
62414    0.1044849468225156
62421    0
62422    0
62423    0
62424    0
62431    0
62432    0
62433    0
62434    0
62441    0.7405896152131768
62442    0
62443    0
62444    0
63111    0.5587899287987812
63112    1.361238190232453
63113    1.8999605326343003
63114    0.839017572264371
63121    0
63122    0
63123    0
63124    0
63131    0
63132    0
63133    0
63134    0
63141    1.0974702474246893
63142    1.9321628692507495
63143    2.541499530911305
63144    1.7578954549500052
63211    9.772216643543905
63212    9.399441072658842
63213    14.880129577956483
63214    6.935421782376314
63221    0
63222    0
63223    0
63224    0
63231    0
63232    0
63233    0
63234    0
63241    6.768032349993513
63242    9.71862063553879
63243    12.569905643377506
63244    11.257235170654711
63311    2.1806592610961455
63312    1.228678967560113
63313    2.24540136684126
63314    3.8663323395138898
63321    0
63322    0
63323    0
63324    0
63331    0
63332    0
63333    0
63334    0
63341    2.7388876028117544
63342    1.5248329492001906
63343    7.246791217195172
63344    3.198884473894699
63411    0
63412    0
63413    0
63414    0
63421    0
63422    0
63423    0
63424    0
63431    0
63432    0
63433    0
63434    0
63441    0
63442    0
63443    0
63444    0
64111    10.424273432032582
64112    11.05138181571476
64113    10.328375973610763
64114    13.46836587438891
64121    0
64122    0
64123    0
64124    0
64131    0
64132    0
64133    0
64134    0
64141    8.367460924605943
64142    9.262379467503495
64143    8.30664342210113
64144    15.071116705811084
64211    7.192760366776578
64212    4.066717711645623
64213    8.772427504466354
64214    10.743963752250364
64221    0
64222    0
64223    0
64224    0
64231    0
64232    0
64233    0
64234    0
64241    8.247489453120119
64242    5.863922920081372
64243    6.627330500702047
64244    6.360697620584737
64311    0.3437010140857002
64312    0.20220551712384666
64313    5.243590707639575
64314    0.07336023160596035
64321    0
64322    0
64323    0
64324    0
64331    0
64332    0
64333    0
64334    0
64341    1.0130943866498
64342    1.7182815964967846
64343    2.9744214528991564
64344    1.5485502981808659
64411    0
64412    0
64413    0
64414    0
64421    0
64422    0
64423    0
64424    0
64431    0
64432    0
64433    0
64434    0
64441    0
64442    0
64443    0
64444    0
65111    12.303462765920218
65112    12.25261816067051
65113    12.074646678841214
65114    12.644263708672877
65121    0
65122    0
65123    0
65124    0
65131    0
65132    0
65133    0
65134    0
65141    12.016407680539759
65142    12.27727124809389
65143    9.158205323138723
65144    12.831243938659782
65211    6.1581625889760465
65212    4.486184648142995
65213    6.752867621075436
65214    8.974383109120355
65221    0
65222    0
65223    0
65224    0
65231    0
65232    0
65233    0
65234    0
65241    5.044294523308937
65242    7.408340973103394
65243    12.25707412276645
65244    5.981396890132002
65311    0.08456824806346411
65312    0.0
65313    4.083428924795052
65314    0.3353358003139596
65321    0
65322    0
65323    0
65324    0
65331    0
65332    0
65333    0
65334    0
65341    0
65342    0.004524262546071362
65343    5.5223351595203285
65344    0.09246040081925831
65411    0
65412    0
65413    0
65414    0
65421    0
65422    0
65423    0
65424    0
65431    0
65432    0
65433    0
65434    0
65441    0
65442    0
65443    0
65444    0
66111    8.796985940870362
66112    7.334281255390641
66113    6.341089534441305
66114    5.607716921603307
66121    13.109335820180188
66122    12.03315934893206
66123    9.884142365330716
66124    10.709467713263834
66131    8.213603169786401
66132    10.789897223320533
66133    9.499932399921013
66134    9.287992586160204
66141    4.537198591125156
66142    5.030814755676968
66143    1.9630709576187833
66144    7.052910030765979
66211    1.4590631576260105
66212    0.27611630593116937
66213    4.226582560195546
66214    1.620611972303831
66221    1.8864008608079317
66222    0.4397489580387715
66223    6.008572515738559
66224    0.4867063162801035
66231    1.6387893077038136
66232    4.83093865585429
66233    2.6310877981164023
66234    2.4961634698413553
66241    1.5134990127804127
66242    0.7319155061953956
66243    2.3996920079475395
66244    2.0461543270778613
66311    0.0817378237078093
66312    0.08633131006431001
66313    0.3404454564309327
66314    0
66321    0.9875377013439528
66322    0.30000000000000004
66323    0.18723013687968115
66324    0.037260854799116505
66331    1.0847599006829125
66332    4.071836291464226E-4
66333    1.0232659505891835
66334    0.12234940245830118
66341    0
66342    0
66343    1.4596174692491095
66344    0.0
66411    0
66412    0
66413    0
66414    0
66421    0
66422    0
66423    0
66424    0
66431    0
66432    0
66433    0
66434    0
66441    0
66442    0
66443    0
66444    0
71111    0
71112    0
71113    0
71114    0
71121    0
71122    0
71123    0
71124    0
71131    0
71132    0
71133    0
71134    0
71141    0
71142    0
71143    0
71144    0
71211    0
71212    0
71213    0
71214    0
71221    0
71222    0
71223    0
71224    0
71231    0
71232    0
71233    0
71234    0
71241    0
71242    0
71243    0
71244    0
71311    0
71312    0
71313    0
71314    0
71321    0
71322    0
71323    0
71324    0
71331    0
71332    0
71333    0
71334    0
71341    0
71342    0
71343    0
71344    0
71411    0
71412    0
71413    0
71414    0
71421    0
71422    0
71423    0
71424    0
71431    0
71432    0
71433    0
71434    0
71441    0
71442    0
71443    0
71444    0
72111    0
72112    0
72113    0
72114    0
72121    0
72122    0
72123    0
72124    0
72131    0
72132    0
72133    0
72134    0
72141    0
72142    0
72143    0
72144    0
72211    0
72212    0
72213    0
72214    0
72221    0
72222    0
72223    0
72224    0
72231    0
72232    0
72233    0
72234    0
72241    0
72242    0
72243    0
72244    0
72311    0
72312    0
72313    0
72314    0
72321    0
72322    0
72323    0
72324    0
72331    0
72332    0
72333    0
72334    0
72341    0
72342    0
72343    0
72344    0
72411    0
72412    0
72413    0
72414    0
72421    0
72422    0
72423    0
72424    0
72431    0
72432    0
72433    0
72434    0
72441    0
72442    0
72443    0
72444    0
73111    0
73112    0
73113    0
73114    0
73121    0
73122    0
73123    0
73124    0
73131    0
73132    0
73133    0
73134    0
73141    0
73142    0
73143    0
73144    0
73211    0
73212    0
73213    0
73214    0
73221    0
73222    0
73223    0
73224    0
73231    0
73232    0
73233    0
73234    0
73241    0
73242    0
73243    0
73244    0
73311    0
73312    0
73313    0
73314    0
73321    0
73322    0
73323    0
73324    0
73331    0
73332    0
73333    0
73334    0
73341    0
73342    1.0196415292850216
73343    0
73344    0.3047766779753326
73411    0
73412    0
73413    0
73414    0
73421    0
73422    0
73423    0
73424    0
73431    0
73432    0
73433    0
73434    0
73441    0
73442    0
73443    0
73444    0
74111    0
74112    0
74113    0
74114    0
74121    0
74122    0
74123    0
74124    0
74131    0
74132    0
74133    0
74134    0
74141    0
74142    0
74143    0
74144    0
74211    0
74212    0
74213    0
74214    0
74221    0
74222    0
74223    0
74224    0
74231    0
74232    0
74233    0
74234    0
74241    0
74242    0
74243    0
74244    0
74311    0
74312    0
74313    0
74314    0
74321    0
74322    0
74323    0
74324    0
74331    0
74332    0
74333    0
74334    0
74341    0
74342    0
74343    0
74344    0
74411    0
74412    0
74413    0
74414    0
74421    0
74422    0
74423    0
74424    0
74431    0
74432    0
74433    0
74434    0
74441    0
74442    0
74443    0
74444    0
75111    0
75112    0
75113    0
75114    0
75121    0
75122    0
75123    0
75124    0
75131    0
75132    0
75133    0
75134    0
75141    0
75142    0
75143    0
75144    0
75211    0
75212    0
75213    0
75214    0
75221    0
75222    0
75223    0
75224    0
75231    0
75232    0
75233    0
75234    0
75241    0
75242    0
75243    0
75244    0
75311    0
75312    0
75313    0
75314    0
75321    0
75322    0
75323    0
75324    0
75331    0
75332    0
75333    0
75334    0
75341    0
75342    0
75343    0
75344    0
75411    0
75412    0
75413    0
75414    0
75421    0
75422    0
75423    0
75424    0
75431    0
75432    0
75433    0
75434    0
75441    0
75442    0
75443    0
75444    0
76111    0
76112    0
76113    0
76114    0
76121    0
76122    0
76123    0
76124    0
76131    0
76132    0
76133    0
76134    0
76141    0
76142    0
76143    0
76144    0
76211    0
76212    0
76213    0
76214    0
76221    0
76222    0
76223    0
76224    0
76231    0
76232    0
76233    0
76234    0
76241    0
76242    0
76243    0
76244    0
76311    0
76312    0
76313    0
76314    0
76321    0
76322    0
76323    0
76324    0
76331    0
76332    0
76333    0
76334    0
76341    0
76342    0
76343    0
76344    0
76411    0
76412    0
76413    0
76414    0
76421    0
76422    0
76423    0
76424    0
76431    0
76432    0
76433    0
76434    0
76441    0
76442    0
76443    0
76444    0
81111    0
81112    0
81113    0
81114    0
81121    0
81122    0
81123    0
81124    0
81131    0
81132    0
81133    0
81134    0
81141    0
81142    0
81143    0
81144    0
81211    0
81212    0
81213    0
81214    0
81221    0
81222    0
81223    0
81224    0
81231    0
81232    0
81233    0
81234    0
81241    0
81242    0
81243    0
81244    0
81311    0
81312    0
81313    0
81314    0
81321    0
81322    0
81323    0
81324    0
81331    0
81332    0
81333    0
81334    0
81341    0
81342    0
81343    0
81344    0
81411    0
81412    0
81413    0
81414    0
81421    0
81422    0
81423    0
81424    0
81431    0
81432    0
81433    0
81434    0
81441    0
81442    0
81443    0
81444    0
82111    0
82112    0
82113    0
82114    0
82121    0
82122    0
82123    0
82124    0
82131    0
82132    0
82133    0
82134    0
82141    0
82142    0
82143    0
82144    0
82211    0
82212    0
82213    0
82214    0
82221    0
82222    0
82223    0
82224    0
82231    0
82232    0
82233    0
82234    0
82241    0
82242    0
82243    0
82244    0
82311    0
82312    0
82313    0
82314    0
82321    0
82322    0
82323    0
82324    0
82331    0
82332    0
82333    0
82334    0
82341    0
82342    0
82343    0
82344    0
82411    0
82412    0
82413    0
82414    0
82421    0
82422    0
82423    0
82424    0
82431    0
82432    0
82433    0
82434    0
82441    0
82442    0
82443    0
82444    0
83111    0
83112    0
83113    0
83114    0
83121    0
83122    0
83123    0
83124    0
83131    0
83132    0
83133    0
83134    0
83141    0
83142    0
83143    0
83144    0
83211    0
83212    0
83213    0
83214    0
83221    0
83222    0
83223    0
83224    0
83231    0
83232    0
83233    0
83234    0
83241    0
83242    0
83243    0
83244    0
83311    0
83312    0
83313    0
83314    0
83321    0
83322    0
83323    0
83324    0
83331    0
83332    0
83333    0
83334    0
83341    0
83342    0
83343    0
83344    0
83411    0
83412    0
83413    0
83414    0
83421    0
83422    0
83423    0
83424    0
83431    0
83432    0
83433    0
83434    0
83441    0
83442    0
83443    0
83444    0
84111    0
84112    0
84113    0
84114    0
84121    0
84122    0
84123    0
84124    0
84131    0
84132    0
84133    0
84134    0
84141    0
84142    0
84143    0
84144    0
84211    0
84212    0
84213    0
84214    0
84221    0
84222    0
84223    0
84224    0
84231    0
84232    0
84233    0
84234    0
84241    0
84242    0
84243    0
84244    0
84311    0
84312    0
84313    0
84314    0
84321    0
84322    0
84323    0
84324    0
84331    0
84332    0
84333    0
84334    0
84341    0
84342    0
84343    0
84344    0
84411    0
84412    0
84413    0
84414    0
84421    0
84422    0
84423    0
84424    0
84431    0
84432    0
84433    0
84434    0
84441    0
84442    0
84443    0
84444    0
85111    0
85112    0
85113    0
85114    0
85121    0
85122    0
85123    0
85124    0
85131    0
85132    0
85133    0
85134    0
85141    0
85142    0
85143    0
85144    0
85211    0
85212    0
85213    0
85214    0
85221    0
85222    0
85223    0
85224    0
85231    0
85232    0
85233    0
85234    0
85241    0
85242    0
85243    0
85244    0
85311    0
85312    0
85313    0
85314    0
85321    0
85322    0
85323    0
85324    0
85331    0
85332    0
85333    0
85334    0
85341    0
85342    0
85343    0
85344    0
85411    0
85412    0
85413    0
85414    0
85421    0
85422    0
85423    0
85424    0
85431    0
85432    0
85433    0
85434    0
85441    0
85442    0
85443    0
85444    0
86111    0
86112    0
86113    0
86114    0
86121    0
86122    0
86123    0
86124    0
86131    0
86132    0
86133    0
86134    0
86141    0
86142    0
86143    0
86144    0
86211    0
86212    0
86213    0
86214    0
86221    0
86222    0
86223    0
86224    0
86231    0
86232    0
86233    0
86234    0
86241    0
86242    0
86243    0
86244    0
86311    0
86312    0
86313    0
86314    0
86321    0
86322    0
86323    0
86324    0
86331    0
86332    0
86333    0
86334    0
86341    0
86342    0
86343    0
86344    0
86411    0
86412    0
86413    0
86414    0
86421    0
86422    0
86423    0
86424    0
86431    0
86432    0
86433    0
86434    0
86441    0
86442    0
86443    0
86444    0
