3.9861
3.9111
3.8492
3.7953
3.7458
3.6982
3.6505
3.601
3.5483
3.491
3.4274
3.356
3.275
3.1827
3.0779
2.9601
2.8314
2.6968
2.5653
2.4475
2.3514
2.279
2.2269
2.1895
2.1617
2.1399
2.1218
2.1061
2.0918
2.0787
2.0662
2.0543
2.0427
2.0314
2.0202
2.009
1.9978
1.9865
1.975
1.9633
1.9512
1.9388
1.9259
1.9126
1.8988
1.8844
1.8694
1.8537
1.8374
1.8202
1.8023
1.7835
1.7637
1.743
1.7211
1.698
1.6737
1.648
1.6208
1.592
1.5615
1.5292
1.495
1.4587
1.4204
1.3799
1.3374
1.2927
1.246
1.1976
1.1475
1.0961
1.0438
.9909
.938
.8856
.8342
.7843
.7363
.6905
.6472
.6066
.5688
.5337
.5012
.4713
.4438
.4185
.3953
.374
.3545
.3365
.3199
.3047
.2906
.2776
.2655
.2543
.244
.2343
.2253
.2169
.2091
.2018
.1949
.1884
.1823
.1766
.1712
.1661
.1612
.1567
.1523
.1482
.1443
.1406
.1371
.1337
.1305
.1274
.1245
.1217
.119
.1164
.1139
.1116
.1093
.1071
.105
.103
.101
.0991
.0973
.0956
.0939
.0923
.0907
.0892
.0877
.0863
.0849
.0836
.0823
.081
.0798
.0786
.0774
.0763
.0752
.0742
.0732
.0722
.0712
.0702
.0693
.0684
.0675
.0667
.0659
.065
.0643
.0635
.0627
.062
.0613
.0606
.0599
.0592
.0586
.0579
.0573
.0567
.0561
.0555
.0549
.0543
.0538
.0532
.0527
.0522
.0517
.0512
.0507
.0502
.0497
