3.888
3.749
3.6314
3.527
3.4293
3.3342
3.2389
3.1416
3.042
2.9408
2.84
2.743
2.6535
2.5753
2.5103
2.4586
2.4186
2.3877
2.3634
2.3436
2.3267
2.3117
2.298
2.2852
2.273
2.2613
2.25
2.2391
2.2286
2.2185
2.2087
2.1992
2.1901
2.1813
2.1727
2.1645
2.1565
2.1488
2.1413
2.134
2.1268
2.1198
2.113
2.1062
2.0994
2.0927
2.086
2.0793
2.0725
2.0657
2.0588
2.0518
2.0447
2.0375
2.0302
2.0228
2.0152
2.0075
1.9997
1.9918
1.9837
1.9756
1.9675
1.9592
1.9509
1.9426
1.9342
1.9259
1.9175
1.9092
1.9009
1.8927
1.8845
1.8764
1.8684
1.8605
1.8526
1.8449
1.8372
1.8297
1.8223
1.815
1.8079
1.8008
1.7939
1.7871
1.7804
1.7738
1.7673
1.7609
1.7547
1.7485
1.7424
1.7364
1.7305
1.7247
1.7189
1.7132
1.7076
1.702
1.6964
1.6909
1.6854
1.6799
1.6745
1.669
1.6635
1.658
1.6525
1.6469
1.6412
1.6355
1.6296
1.6237
1.6176
1.6113
1.6049
1.5982
1.5913
1.5842
1.5767
1.5688
1.5605
1.5517
1.5424
1.5324
1.5218
1.5104
1.4981
1.4847
1.4702
1.4545
1.4373
1.4186
1.3981
1.3758
1.3515
1.3252
1.2968
1.2663
1.2338
1.1996
1.1639
1.127
1.0893
1.0514
1.0135
.9761
.9395
.9041
.87
.8374
.8063
.7768
.7489
.7226
.6978
.6744
.6523
.6315
.6119
.5934
.5759
.5593
.5437
.5288
.5148
.5014
.4887
.4766
.4651
.4541
.4435
.4335
.4239
.4147
.4059
.3974
.3892
.3814
.3739
.3667
.3597
.3529
.3464
.3402
.3341
.3283
.3226
.3171
.3118
.3067
.3017
.2968
.2921
.2876
.2832
.2789
.2747
.2706
.2667
.2628
.2591
.2554
.2519
.2484
.2451
.2418
.2386
.2354
.2324
.2294
.2265
.2236
.2209
.2182
.2155
.2129
.2104
.2079
.2055
.2031
.2008
.1985
.1963
.1941
.192
.1899
.1878
.1858
.1838
.1819
.18
.1782
.1763
.1746
.1728
.1711
.1694
.1677
.1661
.1645
.163
.1614
.1599
.1584
.157
.1555
.1541
.1527
.1514
.15
.1487
.1474
.1461
.1449
.1437
.1424
.1412
.1401
.1389
.1378
.1367
.1355
.1345
.1334
.1323
.1313
.1303
.1293
.1283
.1273
.1263
.1254
.1244
.1235
.1226
.1217
.1208
.1199
.1191
.1182
.1174
.1166
.1158
.1149
.1142
.1134
.1126
.1118
.1111
.1103
.1096
.1089
.1082
.1074
.1068
.1061
.1054
.1047
.104
.1034
.1027
.1021
.1015
.1008
.1002
.0996
.099
.0984
.0978
.0972
.0967
.0961
.0955
.095
.0944
.0939
.0933
.0928
.0923
.0917
.0912
.0907
.0902
.0897
.0892
.0887
.0882
.0878
.0873
.0868
.0864
.0859
.0855
.085
.0846
.0841
.0837
.0832
.0828
.0824
.082
.0816
.0811
.0807
.0803
.0799
.0795
.0791
.0788
.0784
.078
.0776
.0772
.0769
.0765
.0761
.0758
.0754
.0751
.0747
.0744
.074
.0737
.0733
.073
.0727
.0723
.072
.0717
.0714
.0711
.0707
.0704
.0701
.0698
.0695
.0692
.0689
.0686
.0683
.068
.0677
.0674
.0672
.0669
.0666
.0663
.066
.0658
.0655
.0652
.065
.0647
.0644
.0642
.0639
.0636
.0634
.0631
.0629
.0626
.0624
.0621
.0619
.0617
.0614
.0612
.0609
.0607
.0605
.0602
.06
.0598
.0596
.0593
.0591
.0589
.0587
.0584
.0582
.058
.0578
.0576
.0574
.0572
.057
.0568
.0566
.0563
.0561
.0559
.0557
.0555
.0554
.0552
.055
.0548
.0546
.0544
.0542
.054
.0538
.0536
.0535
.0533
.0531
.0529
.0527
.0526
.0524
.0522
.052
.0519
.0517
.0515
.0513
.0512
.051
.0508
.0507
.0505
.0503
.0502
.05
.0499
