4.1473
3.9686
3.8198
3.6898
3.5676
3.4444
3.3131
3.1685
3.0081
2.8339
2.6555
2.4897
2.3534
2.2542
2.1873
2.1429
2.1123
2.0899
2.0725
2.0584
2.0465
2.0361
2.027
2.0187
2.0113
2.0044
1.998
1.992
1.9864
1.9811
1.976
1.9711
1.9664
1.9618
1.9573
1.9529
1.9486
1.9444
1.9402
1.9361
1.9319
1.9278
1.9237
1.9195
1.9154
1.9112
1.907
1.9028
1.8986
1.8943
1.8899
1.8856
1.8811
1.8767
1.8722
1.8676
1.863
1.8583
1.8536
1.8489
1.8441
1.8392
1.8343
1.8294
1.8244
1.8193
1.8143
1.8091
1.804
1.7988
1.7935
1.7882
1.7829
1.7775
1.7721
1.7667
1.7612
1.7557
1.7502
1.7447
1.7391
1.7335
1.7278
1.7222
1.7165
1.7108
1.7051
1.6993
1.6936
1.6878
1.682
1.6762
1.6704
1.6646
1.6587
1.6529
1.6471
1.6412
1.6354
1.6296
1.6237
1.6179
1.6121
1.6063
1.6005
1.5947
1.5889
1.5831
1.5774
1.5716
1.5659
1.5602
1.5546
1.5489
1.5433
1.5377
1.5321
1.5265
1.521
1.5155
1.51
1.5046
1.4992
1.4938
1.4884
1.4831
1.4778
1.4725
1.4673
1.462
1.4569
1.4517
1.4466
1.4415
1.4364
1.4314
1.4264
1.4214
1.4165
1.4115
1.4066
1.4018
1.3969
1.3921
1.3874
1.3826
1.3779
1.3732
1.3685
1.3639
1.3592
1.3546
1.3501
1.3455
1.341
1.3365
1.332
1.3276
1.3231
1.3187
1.3144
1.31
1.3057
1.3013
1.2971
1.2928
1.2885
1.2843
1.2801
1.2759
1.2718
1.2676
1.2635
1.2594
1.2553
1.2512
1.2472
1.2432
1.2392
1.2352
1.2312
1.2273
1.2234
1.2195
1.2156
1.2117
1.2079
1.204
1.2002
1.1964
1.1926
1.1889
1.1851
1.1814
1.1777
1.174
1.1703
1.1667
1.1631
1.1594
1.1558
1.1522
1.1487
1.1451
1.1416
1.138
1.1345
1.131
1.1276
1.1241
1.1207
1.1172
1.1138
1.1104
1.107
1.1037
1.1003
1.097
1.0936
1.0903
1.087
1.0837
1.0805
1.0772
1.074
1.0707
1.0675
1.0643
1.0611
1.0579
1.0548
1.0516
1.0485
1.0453
1.0422
1.0391
1.036
1.0329
1.0299
1.0268
1.0238
1.0207
1.0177
1.0147
1.0117
1.0087
1.0057
1.0027
.9998
.9968
.9939
.9909
.988
.9851
.9822
.9793
.9764
.9735
.9706
.9678
.9649
.9621
.9592
.9564
.9536
.9507
.9479
.9451
.9423
.9395
.9367
.934
.9312
.9284
.9256
.9229
.9201
.9174
.9146
.9119
.9091
.9064
.9037
.9009
.8982
.8955
.8927
.89
.8873
.8845
.8818
.8791
.8763
.8736
.8708
.8681
.8653
.8625
.8597
.8569
.8541
.8513
.8485
.8456
.8428
.8399
.837
.8341
.8311
.8282
.8252
.8221
.819
.8159
.8128
.8096
.8063
.803
.7997
.7963
.7928
.7892
.7856
.7818
.778
.7741
.77
.7659
.7616
.7571
.7526
.7478
.7429
.7378
.7325
.727
.7212
.7152
.709
.7024
.6956
.6885
.6811
.6734
.6653
.6568
.6481
.6389
.6295
.6196
.6095
.599
.5882
.5771
.5657
.5542
.5424
.5305
.5184
.5063
.4942
.482
.4699
.4579
.446
.4343
.4228
.4114
.4003
.3894
.3788
.3685
.3585
.3487
.3393
.3301
.3212
.3127
.3044
.2964
.2886
.2812
.2739
.267
.2603
.2538
.2476
.2416
.2358
.2302
.2247
.2195
.2145
.2096
.205
.2004
.196
.1918
.1877
.1838
.18
.1763
.1727
.1692
.1659
.1627
.1595
.1565
.1535
.1507
.1479
.1452
.1426
.1401
.1376
.1353
.1329
.1307
.1285
.1264
.1243
.1223
.1204
.1185
.1166
.1148
.113
.1113
.1097
.108
.1065
.1049
.1034
.102
.1005
.0991
.0978
.0964
.0951
.0939
.0926
.0914
.0902
.0891
.0879
.0868
.0858
.0847
.0837
.0826
.0817
.0807
.0797
.0788
.0779
.077
.0761
.0753
.0744
.0736
.0728
.072
.0712
.0705
.0697
.069
.0683
.0675
.0669
.0662
.0655
.0648
.0642
.0636
.0629
.0623
.0617
.0611
.0606
.06
.0594
.0589
.0583
.0578
.0573
.0568
.0563
.0558
.0553
.0548
.0543
.0538
.0534
.0529
.0525
.052
.0516
.0512
.0507
.0503
.0499
