4.6082
4.29
3.9185
3.5222
3.1363
2.789
2.4998
2.2814
2.1349
2.0467
1.9968
1.9685
1.9513
1.9396
1.9305
1.9228
1.9155
1.9084
1.9012
1.8938
1.8862
1.8783
1.8702
1.8617
1.8531
1.8441
1.8349
1.8255
1.8159
1.806
1.796
1.7858
1.7753
1.7647
1.7539
1.7429
1.7316
1.7201
1.7083
1.6963
1.6839
1.6711
1.6578
1.6441
1.6298
1.6149
1.5992
1.5827
1.5653
1.547
1.5275
1.5068
1.4849
1.4617
1.4371
1.4112
1.3838
1.3552
1.3253
1.2943
1.2624
1.2298
1.1966
1.1631
1.1295
1.096
1.0629
1.0301
.998
.9666
.9361
.9064
.8776
.8498
.8229
.797
.7721
.7482
.7252
.7031
.6819
.6615
.642
.6233
.6053
.5881
.5716
.5557
.5406
.526
.512
.4986
.4857
.4733
.4614
.45
.439
.4285
.4183
.4085
.3991
.3901
.3814
.373
.3648
.357
.3495
.3422
.3352
.3284
.3218
.3155
.3094
.3034
.2977
.2922
.2868
.2816
.2765
.2716
.2669
.2623
.2578
.2535
.2493
.2452
.2412
.2374
.2336
.23
.2264
.223
.2196
.2163
.2132
.2101
.207
.2041
.2012
.1984
.1957
.193
.1904
.1879
.1854
.183
.1806
.1783
.1761
.1739
.1717
.1696
.1676
.1655
.1636
.1616
.1598
.1579
.1561
.1543
.1526
.1509
.1492
.1476
.146
.1444
.1429
.1414
.1399
.1385
.137
.1356
.1343
.1329
.1316
.1303
.129
.1278
.1266
.1254
.1242
.123
.1219
.1207
.1196
.1186
.1175
.1164
.1154
.1144
.1134
.1124
.1114
.1105
.1095
.1086
.1077
.1068
.1059
.1051
.1042
.1034
.1026
.1017
.1009
.1001
.0994
.0986
.0978
.0971
.0964
.0956
.0949
.0942
.0935
.0928
.0921
.0915
.0908
.0902
.0895
.0889
.0883
.0877
.087
.0864
.0859
.0853
.0847
.0841
.0836
.083
.0825
.0819
.0814
.0808
.0803
.0798
.0793
.0788
.0783
.0778
.0773
.0768
.0764
.0759
.0754
.075
.0745
.0741
.0736
.0732
.0728
.0723
.0719
.0715
.0711
.0707
.0703
.0699
.0695
.0691
.0687
.0683
.0679
.0675
.0672
.0668
.0664
.0661
.0657
.0654
.065
.0647
.0643
.064
.0637
.0633
.063
.0627
.0623
.062
.0617
.0614
.0611
.0608
.0605
.0602
.0599
.0596
.0593
.059
.0587
.0584
.0581
.0579
.0576
.0573
.057
.0568
.0565
.0562
.056
.0557
.0555
.0552
.0549
.0547
.0544
.0542
.054
.0537
.0535
.0532
.053
.0528
.0525
.0523
.0521
.0518
.0516
.0514
.0512
.051
.0507
.0505
.0503
.0501
.0499
