4.9628
4.726
4.4395
4.1231
3.8079
3.5175
3.2585
3.0291
2.8294
2.6642
2.5387
2.4533
2.4002
2.3686
2.3493
2.3364
2.3266
2.3184
2.3108
2.3035
2.2963
2.2892
2.282
2.2749
2.2677
2.2606
2.2535
2.2464
2.2394
2.2324
2.2255
2.2187
2.2119
2.2052
2.1986
2.1921
2.1856
2.1793
2.173
2.1668
2.1606
2.1546
2.1486
2.1426
2.1368
2.131
2.1253
2.1196
2.1139
2.1083
2.1028
2.0972
2.0917
2.0861
2.0806
2.0751
2.0695
2.0639
2.0582
2.0525
2.0467
2.0409
2.0349
2.0289
2.0228
2.0166
2.0102
2.0038
1.9973
1.9908
1.9842
1.9775
1.9708
1.964
1.9573
1.9506
1.9439
1.9373
1.9308
1.9244
1.918
1.9118
1.9057
1.8998
1.8939
1.8883
1.8827
1.8774
1.8722
1.8671
1.8622
1.8574
1.8527
1.8483
1.8439
1.8397
1.8356
1.8316
1.8278
1.824
1.8204
1.8169
1.8135
1.8102
1.8069
1.8038
1.8008
1.7978
1.7949
1.7921
1.7894
1.7868
1.7842
1.7816
1.7792
1.7768
1.7744
1.7721
1.7699
1.7677
1.7656
1.7635
1.7615
1.7595
1.7575
1.7556
1.7537
1.7519
1.7501
1.7483
1.7466
1.7449
1.7432
1.7416
1.7399
1.7384
1.7368
1.7353
1.7338
1.7323
1.7308
1.7294
1.728
1.7266
1.7252
1.7239
1.7225
1.7212
1.7199
1.7187
1.7174
1.7162
1.7149
1.7137
1.7125
1.7113
1.7102
1.709
1.7079
1.7067
1.7056
1.7045
1.7034
1.7024
1.7013
1.7002
1.6992
1.6981
1.6971
1.6961
1.6951
1.6941
1.6931
1.6921
1.6911
1.6901
1.6892
1.6882
1.6873
1.6863
1.6854
1.6844
1.6835
1.6826
1.6817
1.6808
1.6799
1.679
1.6781
1.6772
1.6763
1.6755
1.6746
1.6737
1.6728
1.672
1.6711
1.6703
1.6694
1.6686
1.6677
1.6669
1.6661
1.6652
1.6644
1.6636
1.6628
1.6619
1.6611
1.6603
1.6595
1.6587
1.6579
1.657
1.6562
1.6554
1.6546
1.6538
1.653
1.6522
1.6514
1.6506
1.6498
1.649
1.6482
1.6474
1.6467
1.6459
1.6451
1.6443
1.6435
1.6427
1.6419
1.6411
1.6403
1.6395
1.6388
1.638
1.6372
1.6364
1.6356
1.6348
1.634
1.6332
1.6325
1.6317
1.6309
1.6301
1.6293
1.6285
1.6277
1.6269
1.6261
1.6254
1.6246
1.6238
1.623
1.6222
1.6214
1.6206
1.6198
1.619
1.6182
1.6175
1.6167
1.6159
1.6151
1.6143
1.6135
1.6127
1.6119
1.6111
1.6103
1.6095
1.6087
1.6079
1.6071
1.6063
1.6056
1.6048
1.604
1.6032
1.6024
1.6016
1.6008
1.6
1.5992
1.5984
1.5976
1.5969
1.5961
1.5953
1.5945
1.5937
1.5929
1.5921
1.5914
1.5906
1.5898
1.589
1.5883
1.5875
1.5867
1.5859
1.5852
1.5844
1.5836
1.5829
1.5821
1.5813
1.5806
1.5798
1.5791
1.5783
1.5776
1.5768
1.5761
1.5753
1.5746
1.5739
1.5731
1.5724
1.5717
1.571
1.5702
1.5695
1.5688
1.5681
1.5674
1.5667
1.566
1.5653
1.5646
1.5639
1.5632
1.5625
1.5618
1.5611
1.5604
1.5598
1.5591
1.5584
1.5578
1.5571
1.5564
1.5558
1.5551
1.5545
1.5539
1.5532
1.5526
1.5519
1.5513
1.5507
1.5501
1.5495
1.5488
1.5482
1.5476
1.547
1.5464
1.5458
1.5452
1.5446
1.544
1.5435
1.5429
1.5423
1.5417
1.5412
1.5406
1.54
1.5395
1.5389
1.5383
1.5378
1.5372
1.5367
1.5361
1.5356
1.5351
1.5345
1.534
1.5334
1.5329
1.5324
1.5318
1.5313
1.5308
1.5303
1.5297
1.5292
1.5287
1.5282
1.5277
1.5271
1.5266
1.5261
1.5256
1.5251
1.5245
1.524
1.5235
1.523
1.5225
1.5219
1.5214
1.5209
1.5203
1.5198
1.5193
1.5187
1.5182
1.5177
1.5171
1.5166
1.516
1.5154
1.5149
1.5143
1.5137
1.5131
1.5126
1.512
1.5113
1.5107
1.5101
1.5095
1.5088
1.5082
1.5075
1.5068
1.5061
1.5054
1.5047
1.5039
1.5032
1.5024
1.5016
1.5008
1.4999
1.4991
1.4982
1.4972
1.4963
1.4953
1.4943
1.4932
1.4922
1.491
1.4899
1.4886
1.4874
1.4861
1.4847
1.4832
1.4817
1.4802
1.4785
1.4768
1.475
1.4731
1.471
1.4689
1.4667
1.4643
1.4618
1.4591
1.4563
1.4532
1.45
1.4466
1.4429
1.4389
1.4347
1.4301
1.4252
1.4199
1.4142
1.4079
1.4012
1.3939
1.3859
1.3772
1.3677
1.3573
1.3459
1.3334
1.3198
1.3048
1.2884
1.2704
1.2509
1.2295
1.2064
1.1815
1.1547
1.1263
1.0963
1.065
1.0326
.9996
.9663
.9332
.9006
.8689
.8384
.8092
.7816
.7556
.7312
.7085
.6873
.6676
.6493
.6323
.6164
.6018
.5881
.5753
.5634
.5523
.5419
.5321
.523
.5143
.5062
.4986
.4913
.4844
.4779
.4718
.4659
.4603
.455
.4499
.445
.4403
.4359
.4316
.4275
.4235
.4197
.416
.4125
.409
.4057
.4025
.3994
.3964
.3935
.3907
.3879
.3852
.3826
.3801
.3776
.3752
.3728
.3705
.3682
.366
.3638
.3617
.3596
.3576
.3555
.3536
.3516
.3497
.3478
.3459
.3441
.3422
.3404
.3386
.3369
.3351
.3334
.3317
.3299
.3282
.3266
.3249
.3232
.3215
.3199
.3182
.3166
.3149
.3133
.3116
.31
.3083
.3066
.305
.3033
.3016
.2999
.2982
.2965
.2948
.2931
.2913
.2896
.2878
.286
.2842
.2824
.2806
.2787
.2768
.2749
.273
.271
.269
.267
.265
.2629
.2608
.2587
.2565
.2544
.2521
.2499
.2476
.2453
.243
.2406
.2382
.2358
.2333
.2308
.2283
.2257
.2232
.2205
.2179
.2153
.2126
.2099
.2072
.2045
.2018
.1991
.1963
.1936
.1909
.1882
.1854
.1827
.1801
.1774
.1747
.1721
.1695
.167
.1644
.1619
.1595
.157
.1547
.1523
.15
.1477
.1455
.1434
.1412
.1392
.1371
.1351
.1332
.1313
.1295
.1277
.1259
.1242
.1225
.1209
.1193
.1177
.1162
.1147
.1133
.1118
.1105
.1091
.1078
.1066
.1053
.1041
.1029
.1018
.1006
.0995
.0985
.0974
.0964
.0954
.0944
.0934
.0925
.0916
.0907
.0898
.089
.0881
.0873
.0865
.0857
.0849
.0842
.0834
.0827
.082
.0813
.0806
.0799
.0793
.0786
.078
.0774
.0768
.0762
.0756
.075
.0744
.0739
.0733
.0728
.0722
.0717
.0712
.0707
.0702
.0697
.0692
.0687
.0683
.0678
.0673
.0669
.0665
.066
.0656
.0652
.0648
.0643
.0639
.0635
.0632
.0628
.0624
.062
.0616
.0613
.0609
.0605
.0602
.0598
.0595
.0592
.0588
.0585
.0582
.0579
.0575
.0572
.0569
.0566
.0563
.056
.0557
.0554
.0551
.0548
.0546
.0543
.054
.0537
.0535
.0532
.0529
.0527
.0524
.0522
.0519
.0517
.0514
.0512
.0509
.0507
.0504
.0502
.05
