4.8186
4.5743
4.325
4.0993
3.9106
3.7548
3.6215
3.5006
3.3845
3.2681
3.1481
3.0232
2.894
2.7637
2.6376
2.5226
2.4246
2.3464
2.2871
2.2433
2.2109
2.1864
2.1671
2.1514
2.1381
2.1264
2.116
2.1066
2.0979
2.0898
2.0822
2.075
2.0682
2.0617
2.0554
2.0494
2.0435
2.0377
2.0321
2.0265
2.021
2.0154
2.0099
2.0043
1.9986
1.9928
1.9868
1.9807
1.9744
1.9679
1.9612
1.9542
1.9469
1.9393
1.9313
1.923
1.9143
1.9052
1.8957
1.8857
1.8752
1.8642
1.8526
1.8404
1.8276
1.8141
1.7999
1.7848
1.7688
1.7519
1.7339
1.7147
1.6943
1.6726
1.6495
1.6249
1.5988
1.5711
1.5418
1.5109
1.4786
1.4449
1.41
1.374
1.3373
1.2999
1.2622
1.2244
1.1867
1.1493
1.1124
1.0762
1.0408
1.0062
.9727
.9402
.9088
.8785
.8494
.8214
.7944
.7686
.7439
.7202
.6975
.6757
.6549
.635
.616
.5978
.5803
.5636
.5477
.5324
.5177
.5037
.4903
.4774
.465
.4532
.4418
.4309
.4204
.4103
.4006
.3913
.3823
.3737
.3654
.3574
.3497
.3422
.335
.3281
.3214
.315
.3088
.3027
.2969
.2913
.2858
.2805
.2754
.2705
.2657
.261
.2565
.2522
.2479
.2438
.2398
.2359
.2321
.2285
.2249
.2214
.2181
.2148
.2116
.2085
.2054
.2025
.1996
.1968
.1941
.1914
.1888
.1863
.1838
.1814
.179
.1767
.1744
.1722
.1701
.168
.1659
.1639
.162
.16
.1581
.1563
.1545
.1527
.151
.1493
.1477
.146
.1444
.1429
.1413
.1398
.1384
.1369
.1355
.1341
.1328
.1314
.1301
.1288
.1276
.1263
.1251
.1239
.1227
.1216
.1204
.1193
.1182
.1171
.1161
.115
.114
.113
.112
.111
.1101
.1091
.1082
.1073
.1064
.1055
.1046
.1038
.1029
.1021
.1012
.1004
.0996
.0989
.0981
.0973
.0966
.0958
.0951
.0944
.0937
.093
.0923
.0916
.0909
.0903
.0896
.089
.0883
.0877
.0871
.0865
.0859
.0853
.0847
.0841
.0835
.083
.0824
.0819
.0813
.0808
.0803
.0797
.0792
.0787
.0782
.0777
.0772
.0767
.0763
.0758
.0753
.0748
.0744
.0739
.0735
.073
.0726
.0722
.0717
.0713
.0709
.0705
.0701
.0697
.0693
.0689
.0685
.0681
.0677
.0673
.067
.0666
.0662
.0659
.0655
.0651
.0648
.0644
.0641
.0637
.0634
.0631
.0627
.0624
.0621
.0618
.0614
.0611
.0608
.0605
.0602
.0599
.0596
.0593
.059
.0587
.0584
.0581
.0579
.0576
.0573
.057
.0567
.0565
.0562
.0559
.0557
.0554
.0552
.0549
.0546
.0544
.0541
.0539
.0536
.0534
.0532
.0529
.0527
.0525
.0522
.052
.0518
.0515
.0513
.0511
.0509
.0506
.0504
.0502
.05
