4.1772
3.9011
3.6294
3.3615
3.0942
2.8299
2.5835
2.3793
2.2351
2.1482
2.1008
2.0755
2.0613
2.0522
2.0456
2.04
2.0348
2.0298
2.0248
2.0198
2.0148
2.0097
2.0045
1.9994
1.9942
1.989
1.9839
1.9787
1.9736
1.9685
1.9634
1.9583
1.9533
1.9483
1.9433
1.9384
1.9334
1.9285
1.9236
1.9188
1.9139
1.9091
1.9043
1.8994
1.8947
1.8899
1.8851
1.8803
1.8756
1.8708
1.8661
1.8614
1.8567
1.852
1.8473
1.8426
1.8379
1.8333
1.8286
1.824
1.8193
1.8147
1.8101
1.8055
1.801
1.7964
1.7918
1.7873
1.7828
1.7783
1.7738
1.7693
1.7649
1.7604
1.756
1.7516
1.7472
1.7428
1.7384
1.734
1.7297
1.7253
1.721
1.7167
1.7123
1.708
1.7037
1.6994
1.6951
1.6908
1.6866
1.6823
1.678
1.6737
1.6694
1.6651
1.6608
1.6566
1.6523
1.648
1.6437
1.6394
1.635
1.6307
1.6264
1.622
1.6177
1.6133
1.6089
1.6046
1.6001
1.5957
1.5913
1.5869
1.5824
1.5779
1.5734
1.5689
1.5644
1.5599
1.5553
1.5508
1.5462
1.5416
1.537
1.5324
1.5277
1.523
1.5184
1.5137
1.509
1.5043
1.4995
1.4948
1.49
1.4853
1.4805
1.4757
1.4709
1.4661
1.4612
1.4564
1.4516
1.4467
1.4419
1.437
1.4322
1.4273
1.4224
1.4176
1.4127
1.4078
1.403
1.3981
1.3932
1.3884
1.3835
1.3787
1.3738
1.369
1.3642
1.3594
1.3546
1.3498
1.345
1.3402
1.3355
1.3307
1.326
1.3213
1.3166
1.3119
1.3073
1.3026
1.298
1.2934
1.2888
1.2842
1.2797
1.2752
1.2706
1.2662
1.2617
1.2572
1.2528
1.2484
1.244
1.2397
1.2353
1.231
1.2267
1.2224
1.2182
1.2139
1.2097
1.2055
1.2013
1.1972
1.193
1.1889
1.1848
1.1808
1.1767
1.1727
1.1687
1.1647
1.1607
1.1568
1.1528
1.1489
1.145
1.1411
1.1373
1.1334
1.1296
1.1258
1.122
1.1183
1.1145
1.1108
1.1071
1.1034
1.0997
1.096
1.0923
1.0887
1.0851
1.0815
1.0779
1.0743
1.0708
1.0672
1.0637
1.0602
1.0567
1.0532
1.0497
1.0463
1.0428
1.0394
1.036
1.0326
1.0292
1.0258
1.0225
1.0191
1.0158
1.0125
1.0092
1.0059
1.0026
.9994
.9961
.9929
.9896
.9864
.9832
.98
.9768
.9737
.9705
.9674
.9642
.9611
.958
.9549
.9518
.9488
.9457
.9426
.9396
.9366
.9336
.9306
.9276
.9246
.9216
.9186
.9157
.9128
.9098
.9069
.904
.9011
.8982
.8953
.8925
.8896
.8868
.8839
.8811
.8783
.8755
.8727
.8699
.8671
.8643
.8616
.8588
.8561
.8534
.8507
.8479
.8453
.8426
.8399
.8372
.8345
.8319
.8293
.8266
.824
.8214
.8188
.8162
.8136
.811
.8084
.8059
.8033
.8008
.7983
.7957
.7932
.7907
.7882
.7857
.7832
.7808
.7783
.7759
.7734
.771
.7685
.7661
.7637
.7613
.7589
.7565
.7541
.7518
.7494
.747
.7447
.7423
.74
.7377
.7354
.7331
.7308
.7285
.7262
.7239
.7216
.7194
.7171
.7149
.7126
.7104
.7081
.7059
.7037
.7015
.6993
.6971
.6949
.6927
.6905
.6884
.6862
.6841
.6819
.6798
.6776
.6755
.6734
.6712
.6691
.667
.6649
.6628
.6607
.6586
.6565
.6545
.6524
.6503
.6483
.6462
.6441
.6421
.64
.638
.636
.6339
.6319
.6298
.6278
.6258
.6238
.6218
.6197
.6177
.6157
.6137
.6117
.6097
.6077
.6057
.6037
.6017
.5996
.5976
.5956
.5936
.5916
.5896
.5876
.5855
.5835
.5815
.5794
.5774
.5753
.5733
.5712
.5691
.5671
.565
.5629
.5607
.5586
.5564
.5543
.5521
.5499
.5477
.5454
.5431
.5408
.5385
.5362
.5338
.5314
.5289
.5264
.5239
.5213
.5187
.5161
.5133
.5106
.5078
.5049
.5019
.499
.4959
.4928
.4896
.4863
.4829
.4795
.476
.4724
.4687
.465
.4612
.4572
.4532
.4491
.4449
.4407
.4363
.4319
.4274
.4228
.4181
.4134
.4086
.4037
.3988
.3938
.3888
.3837
.3786
.3735
.3683
.3631
.3579
.3527
.3475
.3423
.3372
.332
.3268
.3217
.3166
.3116
.3065
.3016
.2966
.2918
.2869
.2822
.2775
.2728
.2682
.2637
.2593
.2549
.2506
.2463
.2421
.238
.234
.23
.2262
.2223
.2186
.2149
.2113
.2078
.2043
.201
.1976
.1944
.1912
.1881
.1851
.1821
.1791
.1763
.1735
.1708
.1681
.1655
.1629
.1604
.1579
.1555
.1532
.1509
.1487
.1465
.1443
.1422
.1402
.1381
.1362
.1343
.1324
.1305
.1287
.127
.1252
.1235
.1219
.1203
.1187
.1171
.1156
.1141
.1127
.1112
.1098
.1085
.1071
.1058
.1045
.1033
.102
.1008
.0996
.0985
.0973
.0962
.0951
.094
.093
.0919
.0909
.0899
.0889
.088
.087
.0861
.0852
.0843
.0834
.0826
.0817
.0809
.0801
.0793
.0785
.0777
.0769
.0762
.0754
.0747
.074
.0733
.0726
.0719
.0713
.0706
.07
.0693
.0687
.0681
.0675
.0669
.0663
.0657
.0652
.0646
.0641
.0635
.063
.0625
.0619
.0614
.0609
.0604
.0599
.0595
.059
.0585
.0581
.0576
.0572
.0567
.0563
.0558
.0554
.055
.0546
.0542
.0538
.0534
.053
.0526
.0522
.0519
.0515
.0511
.0508
.0504
.0501
.0497
