4.7725
4.5128
4.2204
3.9145
3.6128
3.3243
3.0524
2.802
2.5839
2.4119
2.2929
2.2203
2.1793
2.1561
2.1421
2.1326
2.1254
2.1194
2.114
2.109
2.1043
2.0997
2.0953
2.0909
2.0867
2.0826
2.0786
2.0746
2.0707
2.0668
2.063
2.0592
2.0555
2.0518
2.048
2.0443
2.0406
2.0368
2.033
2.0292
2.0253
2.0214
2.0174
2.0133
2.0092
2.005
2.0007
1.9963
1.9918
1.9871
1.9824
1.9775
1.9726
1.9674
1.9622
1.9568
1.9513
1.9456
1.9398
1.9339
1.9278
1.9217
1.9154
1.909
1.9025
1.8959
1.8893
1.8826
1.8758
1.8691
1.8622
1.8554
1.8486
1.8418
1.835
1.8283
1.8215
1.8149
1.8083
1.8017
1.7952
1.7887
1.7823
1.776
1.7697
1.7635
1.7573
1.7512
1.7451
1.739
1.7329
1.7269
1.7208
1.7147
1.7086
1.7025
1.6962
1.6899
1.6835
1.677
1.6702
1.6633
1.6562
1.6488
1.6412
1.6331
1.6247
1.6158
1.6064
1.5963
1.5856
1.5741
1.5617
1.5482
1.5337
1.5178
1.5005
1.4816
1.461
1.4386
1.4141
1.3876
1.359
1.3283
1.2957
1.2613
1.2254
1.1882
1.1502
1.1118
1.0733
1.035
.9974
.9606
.9248
.8902
.8569
.825
.7944
.7652
.7374
.7109
.6857
.6617
.6389
.6173
.5967
.5772
.5586
.541
.5242
.5082
.493
.4786
.4648
.4516
.4391
.4272
.4158
.4049
.3944
.3845
.3749
.3658
.357
.3486
.3405
.3328
.3254
.3182
.3113
.3047
.2983
.2922
.2863
.2805
.275
.2697
.2646
.2596
.2548
.2502
.2457
.2413
.2371
.233
.2291
.2252
.2215
.2179
.2144
.211
.2077
.2045
.2014
.1983
.1954
.1925
.1897
.187
.1843
.1817
.1792
.1767
.1744
.172
.1697
.1675
.1653
.1632
.1612
.1591
.1572
.1552
.1533
.1515
.1497
.1479
.1462
.1445
.1429
.1412
.1396
.1381
.1366
.1351
.1336
.1322
.1308
.1294
.1281
.1268
.1255
.1242
.1229
.1217
.1205
.1193
.1182
.117
.1159
.1148
.1137
.1127
.1116
.1106
.1096
.1086
.1077
.1067
.1058
.1048
.1039
.103
.1021
.1013
.1004
.0996
.0988
.098
.0972
.0964
.0956
.0948
.0941
.0933
.0926
.0919
.0912
.0905
.0898
.0891
.0884
.0878
.0871
.0865
.0858
.0852
.0846
.084
.0834
.0828
.0822
.0817
.0811
.0805
.08
.0794
.0789
.0784
.0778
.0773
.0768
.0763
.0758
.0753
.0748
.0743
.0739
.0734
.0729
.0725
.072
.0716
.0711
.0707
.0703
.0698
.0694
.069
.0686
.0682
.0678
.0674
.067
.0666
.0662
.0658
.0654
.0651
.0647
.0643
.064
.0636
.0633
.0629
.0626
.0622
.0619
.0616
.0612
.0609
.0606
.0602
.0599
.0596
.0593
.059
.0587
.0584
.0581
.0578
.0575
.0572
.0569
.0566
.0563
.0561
.0558
.0555
.0552
.055
.0547
.0544
.0542
.0539
.0537
.0534
.0531
.0529
.0526
.0524
.0522
.0519
.0517
.0514
.0512
.051
.0507
.0505
.0503
.0501
.0498
