4.605
4.3569
4.1047
3.8675
3.6548
3.4663
3.2978
3.1451
3.0062
2.8808
2.7705
2.6776
2.6035
2.5481
2.5094
2.484
2.4681
2.4587
2.4532
2.4502
2.4486
2.4478
2.4473
2.4469
2.4466
2.4462
2.4458
2.4452
2.4445
2.4437
2.4428
2.4419
2.4408
2.4396
2.4384
2.4371
2.4357
2.4342
2.4327
2.4311
2.4294
2.4276
2.4258
2.4239
2.4219
2.4199
2.4178
2.4156
2.4133
2.4109
2.4084
2.4058
2.4031
2.4003
2.3974
2.3944
2.3913
2.388
2.3846
2.3811
2.3774
2.3736
2.3697
2.3656
2.3614
2.357
2.3525
2.3478
2.343
2.3381
2.3329
2.3277
2.3223
2.3167
2.311
2.3051
2.299
2.2927
2.2862
2.2794
2.2724
2.265
2.2573
2.249
2.2402
2.2308
2.2205
2.2093
2.1968
2.1829
2.1673
2.1495
2.1292
2.1058
2.0788
2.0477
2.0119
1.971
1.9246
1.8728
1.8159
1.7547
1.6901
1.6235
1.5561
1.4889
1.4231
1.3594
1.2983
1.2402
1.1852
1.1336
1.0851
1.0398
.9975
.958
.9212
.8869
.8549
.8251
.7972
.7712
.7468
.724
.7027
.6826
.6637
.646
.6292
.6134
.5985
.5844
.571
.5583
.5462
.5347
.5237
.5133
.5033
.4938
.4846
.4759
.4675
.4594
.4517
.4442
.437
.4301
.4234
.417
.4107
.4047
.3988
.3932
.3877
.3824
.3772
.3722
.3673
.3625
.3579
.3534
.349
.3447
.3405
.3364
.3325
.3286
.3248
.3211
.3174
.3139
.3104
.307
.3037
.3004
.2972
.2941
.291
.288
.2851
.2822
.2793
.2765
.2738
.2711
.2685
.2659
.2634
.2609
.2584
.256
.2536
.2513
.249
.2468
.2446
.2424
.2403
.2382
.2361
.2341
.2321
.2301
.2282
.2262
.2244
.2225
.2207
.2189
.2172
.2154
.2137
.2121
.2104
.2088
.2072
.2056
.204
.2025
.201
.1995
.198
.1966
.1952
.1938
.1924
.191
.1897
.1884
.1871
.1858
.1845
.1833
.182
.1808
.1796
.1784
.1772
.1761
.1749
.1738
.1727
.1716
.1705
.1695
.1684
.1674
.1664
.1653
.1643
.1633
.1624
.1614
.1605
.1595
.1586
.1577
.1568
.1559
.155
.1541
.1532
.1524
.1515
.1507
.1499
.149
.1482
.1474
.1467
.1459
.1451
.1443
.1436
.1428
.1421
.1414
.1406
.1399
.1392
.1385
.1378
.1371
.1364
.1358
.1351
.1344
.1338
.1331
.1325
.1319
.1312
.1306
.13
.1294
.1288
.1282
.1276
.127
.1264
.1258
.1253
.1247
.1241
.1236
.123
.1225
.1219
.1214
.1209
.1204
.1198
.1193
.1188
.1183
.1178
.1173
.1168
.1163
.1158
.1153
.1149
.1144
.1139
.1134
.113
.1125
.1121
.1116
.1112
.1107
.1103
.1098
.1094
.109
.1086
.1081
.1077
.1073
.1069
.1065
.1061
.1057
.1053
.1049
.1045
.1041
.1037
.1033
.1029
.1025
.1022
.1018
.1014
.101
.1007
.1003
.0999
.0996
.0992
.0989
.0985
.0982
.0978
.0975
.0972
.0968
.0965
.0961
.0958
.0955
.0952
.0948
.0945
.0942
.0939
.0935
.0932
.0929
.0926
.0923
.092
.0917
.0914
.0911
.0908
.0905
.0902
.0899
.0896
.0893
.089
.0888
.0885
.0882
.0879
.0876
.0874
.0871
.0868
.0865
.0863
.086
.0857
.0855
.0852
.085
.0847
.0844
.0842
.0839
.0837
.0834
.0832
.0829
.0827
.0824
.0822
.0819
.0817
.0815
.0812
.081
.0807
.0805
.0803
.08
.0798
.0796
.0794
.0791
.0789
.0787
.0785
.0782
.078
.0778
.0776
.0774
.0771
.0769
.0767
.0765
.0763
.0761
.0759
.0757
.0755
.0753
.075
.0748
.0746
.0744
.0742
.074
.0738
.0736
.0735
.0733
.0731
.0729
.0727
.0725
.0723
.0721
.0719
.0717
.0716
.0714
.0712
.071
.0708
.0706
.0705
.0703
.0701
.0699
.0697
.0696
.0694
.0692
.069
.0689
.0687
.0685
.0684
.0682
.068
.0679
.0677
.0675
.0674
.0672
.067
.0669
.0667
.0665
.0664
.0662
.0661
.0659
.0657
.0656
.0654
.0653
.0651
.065
.0648
.0647
.0645
.0644
.0642
.0641
.0639
.0638
.0636
.0635
.0633
.0632
.063
.0629
.0627
.0626
.0625
.0623
.0622
.062
.0619
.0618
.0616
.0615
.0613
.0612
.0611
.0609
.0608
.0607
.0605
.0604
.0603
.0601
.06
.0599
.0597
.0596
.0595
.0594
.0592
.0591
.059
.0588
.0587
.0586
.0585
.0583
.0582
.0581
.058
.0579
.0577
.0576
.0575
.0574
.0573
.0571
.057
.0569
.0568
.0567
.0565
.0564
.0563
.0562
.0561
.056
.0559
.0557
.0556
.0555
.0554
.0553
.0552
.0551
.055
.0548
.0547
.0546
.0545
.0544
.0543
.0542
.0541
.054
.0539
.0538
.0537
.0536
.0534
.0533
.0532
.0531
.053
.0529
.0528
.0527
.0526
.0525
.0524
.0523
.0522
.0521
.052
.0519
.0518
.0517
.0516
.0515
.0514
.0513
.0512
.0511
.0511
.051
.0509
.0508
.0507
.0506
.0505
.0504
.0503
.0502
.0501
.05
.0499
