4.6828
4.439
4.1854
3.9416
3.7188
3.518
3.335
3.1653
3.0065
2.8587
2.7245
2.6079
2.5125
2.4395
2.3866
2.3498
2.3241
2.3055
2.2913
2.2794
2.2689
2.259
2.2494
2.2398
2.2302
2.2204
2.2104
2.2003
2.1901
2.1796
2.1691
2.1585
2.1478
2.1372
2.1265
2.1159
2.1054
2.0951
2.0849
2.0749
2.0651
2.0555
2.0461
2.037
2.028
2.0193
2.0108
2.0026
1.9945
1.9866
1.9788
1.9713
1.9638
1.9565
1.9493
1.9422
1.9352
1.9283
1.9214
1.9145
1.9077
1.9008
1.8939
1.887
1.88
1.8729
1.8657
1.8583
1.8507
1.843
1.8349
1.8266
1.8179
1.8088
1.7991
1.789
1.7781
1.7666
1.7541
1.7407
1.7261
1.7102
1.6928
1.6738
1.6529
1.6298
1.6044
1.5765
1.5458
1.5122
1.4757
1.4362
1.3941
1.3495
1.3029
1.2549
1.2061
1.1573
1.1089
1.0617
1.016
.9723
.9307
.8915
.8546
.82
.7877
.7576
.7296
.7035
.6792
.6565
.6354
.6157
.5973
.5801
.5639
.5488
.5345
.5211
.5085
.4966
.4853
.4747
.4645
.4549
.4458
.4371
.4287
.4208
.4132
.4059
.3989
.3922
.3858
.3796
.3736
.3679
.3623
.3569
.3517
.3467
.3418
.3371
.3325
.328
.3237
.3195
.3153
.3113
.3074
.3036
.2999
.2963
.2928
.2893
.2859
.2826
.2794
.2762
.2732
.2701
.2672
.2642
.2614
.2586
.2559
.2532
.2505
.248
.2454
.2429
.2405
.2381
.2358
.2334
.2312
.229
.2268
.2246
.2225
.2205
.2184
.2164
.2145
.2126
.2107
.2088
.207
.2052
.2034
.2017
.2
.1983
.1967
.1951
.1935
.1919
.1904
.1889
.1874
.186
.1845
.1831
.1817
.1804
.179
.1777
.1764
.1751
.1739
.1727
.1714
.1702
.1691
.1679
.1668
.1657
.1646
.1635
.1624
.1613
.1603
.1593
.1583
.1573
.1563
.1553
.1544
.1535
.1525
.1516
.1507
.1498
.149
.1481
.1473
.1464
.1456
.1448
.144
.1432
.1424
.1416
.1409
.1401
.1394
.1387
.1379
.1372
.1365
.1358
.1351
.1345
.1338
.1331
.1325
.1318
.1312
.1306
.1299
.1293
.1287
.1281
.1275
.1269
.1263
.1258
.1252
.1246
.1241
.1235
.123
.1225
.1219
.1214
.1209
.1204
.1198
.1193
.1188
.1183
.1179
.1174
.1169
.1164
.1159
.1155
.115
.1146
.1141
.1137
.1132
.1128
.1123
.1119
.1115
.111
.1106
.1102
.1098
.1094
.109
.1086
.1082
.1078
.1074
.107
.1066
.1062
.1059
.1055
.1051
.1048
.1044
.104
.1037
.1033
.103
.1026
.1023
.1019
.1016
.1012
.1009
.1006
.1002
.0999
.0996
.0992
.0989
.0986
.0983
.098
.0977
.0973
.097
.0967
.0964
.0961
.0958
.0955
.0952
.0949
.0947
.0944
.0941
.0938
.0935
.0932
.093
.0927
.0924
.0921
.0919
.0916
.0913
.0911
.0908
.0905
.0903
.09
.0898
.0895
.0893
.089
.0887
.0885
.0883
.088
.0878
.0875
.0873
.087
.0868
.0866
.0863
.0861
.0859
.0856
.0854
.0852
.085
.0847
.0845
.0843
.0841
.0838
.0836
.0834
.0832
.083
.0828
.0825
.0823
.0821
.0819
.0817
.0815
.0813
.0811
.0809
.0807
.0805
.0803
.0801
.0799
.0797
.0795
.0793
.0791
.0789
.0787
.0785
.0783
.0782
.078
.0778
.0776
.0774
.0772
.077
.0769
.0767
.0765
.0763
.0761
.076
.0758
.0756
.0754
.0753
.0751
.0749
.0748
.0746
.0744
.0742
.0741
.0739
.0737
.0736
.0734
.0732
.0731
.0729
.0728
.0726
.0724
.0723
.0721
.072
.0718
.0717
.0715
.0713
.0712
.071
.0709
.0707
.0706
.0704
.0703
.0701
.07
.0698
.0697
.0695
.0694
.0693
.0691
.069
.0688
.0687
.0685
.0684
.0683
.0681
.068
.0678
.0677
.0676
.0674
.0673
.0671
.067
.0669
.0667
.0666
.0665
.0663
.0662
.0661
.0659
.0658
.0657
.0656
.0654
.0653
.0652
.065
.0649
.0648
.0647
.0645
.0644
.0643
.0642
.064
.0639
.0638
.0637
.0636
.0634
.0633
.0632
.0631
.063
.0628
.0627
.0626
.0625
.0624
.0623
.0621
.062
.0619
.0618
.0617
.0616
.0615
.0613
.0612
.0611
.061
.0609
.0608
.0607
.0606
.0605
.0604
.0602
.0601
.06
.0599
.0598
.0597
.0596
.0595
.0594
.0593
.0592
.0591
.059
.0589
.0588
.0587
.0586
.0585
.0584
.0583
.0582
.0581
.058
.0579
.0578
.0577
.0576
.0575
.0574
.0573
.0572
.0571
.057
.0569
.0568
.0567
.0566
.0565
.0564
.0563
.0562
.0561
.056
.0559
.0558
.0557
.0557
.0556
.0555
.0554
.0553
.0552
.0551
.055
.0549
.0548
.0547
.0547
.0546
.0545
.0544
.0543
.0542
.0541
.054
.054
.0539
.0538
.0537
.0536
.0535
.0534
.0534
.0533
.0532
.0531
.053
.0529
.0529
.0528
.0527
.0526
.0525
.0524
.0524
.0523
.0522
.0521
.052
.052
.0519
.0518
.0517
.0516
.0516
.0515
.0514
.0513
.0513
.0512
.0511
.051
.0509
.0509
.0508
.0507
.0506
.0506
.0505
.0504
.0503
.0503
.0502
.0501
.05
.05
