4.7025
4.4594
4.2224
4.0115
3.8315
3.6769
3.5393
3.4117
3.2894
3.1696
3.0518
2.9371
2.828
2.7287
2.643
2.5741
2.5223
2.4857
2.4609
2.4443
2.4329
2.4245
2.4177
2.4116
2.4056
2.3994
2.3929
2.3858
2.3781
2.3697
2.3606
2.3508
2.3402
2.3289
2.3168
2.3041
2.2907
2.2768
2.2624
2.2476
2.2326
2.2174
2.2023
2.1874
2.1727
2.1585
2.1447
2.1316
2.1191
2.1072
2.0961
2.0856
2.0758
2.0667
2.0582
2.0503
2.0429
2.0359
2.0295
2.0234
2.0178
2.0125
2.0074
2.0027
1.9982
1.9939
1.9898
1.9859
1.9822
1.9786
1.9751
1.9717
1.9685
1.9653
1.9622
1.9592
1.9563
1.9534
1.9505
1.9477
1.945
1.9423
1.9396
1.9369
1.9343
1.9317
1.9291
1.9265
1.924
1.9215
1.919
1.9165
1.914
1.9115
1.909
1.9066
1.9041
1.9017
1.8993
1.8969
1.8945
1.8921
1.8897
1.8873
1.885
1.8826
1.8803
1.878
1.8757
1.8734
1.8711
1.8688
1.8666
1.8643
1.8621
1.8599
1.8577
1.8555
1.8534
1.8512
1.8491
1.8469
1.8448
1.8427
1.8407
1.8386
1.8366
1.8346
1.8325
1.8306
1.8286
1.8266
1.8247
1.8228
1.8209
1.819
1.8171
1.8152
1.8134
1.8116
1.8098
1.808
1.8062
1.8045
1.8027
1.801
1.7993
1.7976
1.7959
1.7943
1.7926
1.791
1.7894
1.7878
1.7862
1.7846
1.7831
1.7815
1.78
1.7785
1.777
1.7755
1.774
1.7725
1.7711
1.7697
1.7682
1.7668
1.7654
1.764
1.7627
1.7613
1.7599
1.7586
1.7573
1.7559
1.7546
1.7533
1.752
1.7507
1.7495
1.7482
1.747
1.7457
1.7445
1.7432
1.742
1.7408
1.7396
1.7384
1.7372
1.736
1.7349
1.7337
1.7325
1.7314
1.7302
1.7291
1.728
1.7268
1.7257
1.7246
1.7235
1.7223
1.7212
1.7201
1.719
1.7179
1.7169
1.7158
1.7147
1.7136
1.7125
1.7114
1.7104
1.7093
1.7082
1.7072
1.7061
1.705
1.7039
1.7029
1.7018
1.7007
1.6997
1.6986
1.6975
1.6964
1.6954
1.6943
1.6932
1.6921
1.691
1.6899
1.6888
1.6877
1.6866
1.6855
1.6843
1.6832
1.682
1.6809
1.6797
1.6785
1.6773
1.6761
1.6749
1.6736
1.6724
1.6711
1.6698
1.6685
1.6671
1.6658
1.6644
1.663
1.6615
1.66
1.6585
1.6569
1.6553
1.6537
1.652
1.6503
1.6485
1.6466
1.6447
1.6427
1.6406
1.6384
1.6362
1.6338
1.6314
1.6288
1.6261
1.6232
1.6202
1.6169
1.6135
1.6099
1.606
1.6018
1.5974
1.5926
1.5873
1.5817
1.5755
1.5687
1.5613
1.553
1.5439
1.5338
1.5225
1.5098
1.4955
1.4793
1.461
1.4402
1.4166
1.3898
1.3594
1.3253
1.2874
1.2456
1.2003
1.1522
1.1021
1.0511
1.0003
.9508
.9033
.8584
.8164
.7776
.7419
.7091
.6791
.6517
.6267
.6038
.5828
.5636
.5459
.5295
.5145
.5005
.4875
.4755
.4642
.4537
.4439
.4346
.4259
.4177
.4099
.4026
.3956
.389
.3827
.3767
.371
.3655
.3602
.3552
.3504
.3457
.3413
.337
.3328
.3288
.3249
.3211
.3175
.3139
.3105
.3071
.3039
.3007
.2976
.2946
.2916
.2887
.2859
.2831
.2804
.2777
.2751
.2725
.27
.2675
.265
.2626
.2602
.2578
.2555
.2532
.2509
.2486
.2464
.2442
.242
.2398
.2376
.2355
.2334
.2312
.2291
.227
.225
.2229
.2208
.2188
.2168
.2147
.2127
.2107
.2087
.2067
.2047
.2028
.2008
.1988
.1969
.195
.193
.1911
.1892
.1873
.1854
.1836
.1817
.1798
.178
.1762
.1744
.1726
.1708
.169
.1673
.1655
.1638
.1621
.1604
.1587
.1571
.1554
.1538
.1522
.1507
.1491
.1476
.1461
.1446
.1431
.1417
.1402
.1388
.1374
.1361
.1347
.1334
.1321
.1308
.1295
.1283
.1271
.1259
.1247
.1236
.1224
.1213
.1202
.1191
.1181
.117
.116
.115
.114
.113
.1121
.1111
.1102
.1093
.1084
.1075
.1067
.1058
.105
.1042
.1034
.1026
.1018
.101
.1003
.0996
.0988
.0981
.0974
.0967
.0961
.0954
.0947
.0941
.0934
.0928
.0922
.0916
.091
.0904
.0898
.0893
.0887
.0882
.0876
.0871
.0866
.086
.0855
.085
.0845
.084
.0836
.0831
.0826
.0822
.0817
.0812
.0808
.0804
.0799
.0795
.0791
.0787
.0783
.0779
.0775
.0771
.0767
.0763
.0759
.0756
.0752
.0748
.0745
.0741
.0738
.0734
.0731
.0727
.0724
.0721
.0717
.0714
.0711
.0708
.0705
.0702
.0699
.0696
.0693
.069
.0687
.0684
.0681
.0678
.0675
.0673
.067
.0667
.0665
.0662
.0659
.0657
.0654
.0652
.0649
.0647
.0644
.0642
.0639
.0637
.0635
.0632
.063
.0628
.0625
.0623
.0621
.0619
.0616
.0614
.0612
.061
.0608
.0606
.0604
.0602
.06
.0598
.0596
.0594
.0592
.059
.0588
.0586
.0584
.0582
.058
.0578
.0577
.0575
.0573
.0571
.0569
.0568
.0566
.0564
.0562
.0561
.0559
.0557
.0556
.0554
.0552
.0551
.0549
.0548
.0546
.0544
.0543
.0541
.054
.0538
.0537
.0535
.0534
.0532
.0531
.0529
.0528
.0526
.0525
.0524
.0522
.0521
.0519
.0518
.0517
.0515
.0514
.0513
.0511
.051
.0509
.0507
.0506
.0505
.0503
.0502
.0501
.05
