3.8406
3.6299
3.4536
3.3067
3.1826
3.0754
2.9803
2.8942
2.8149
2.7412
2.6727
2.61
2.5535
2.5039
2.4613
2.4254
2.3952
2.3695
2.3471
2.3269
2.3081
2.2901
2.2725
2.2551
2.2377
2.2205
2.2033
2.1863
2.1696
2.1531
2.137
2.1214
2.1062
2.0917
2.0777
2.0644
2.0517
2.0396
2.0281
2.0173
2.007
1.9973
1.9881
1.9795
1.9712
1.9635
1.9561
1.9491
1.9425
1.9362
1.9302
1.9245
1.9191
1.9139
1.9089
1.9041
1.8996
1.8952
1.8909
1.8869
1.8829
1.8791
1.8755
1.8719
1.8685
1.8652
1.8619
1.8588
1.8557
1.8528
1.8499
1.8471
1.8443
1.8416
1.839
1.8365
1.834
1.8315
1.8292
1.8268
1.8245
1.8223
1.8201
1.818
1.8159
1.8138
1.8118
1.8098
1.8079
1.8059
1.8041
1.8022
1.8004
1.7986
1.7969
1.7952
1.7935
1.7918
1.7902
1.7886
1.787
1.7854
1.7839
1.7824
1.7809
1.7794
1.778
1.7765
1.7751
1.7737
1.7724
1.771
1.7697
1.7684
1.7671
1.7658
1.7645
1.7633
1.762
1.7608
1.7596
1.7584
1.7572
1.7561
1.7549
1.7537
1.7526
1.7515
1.7504
1.7493
1.7482
1.7471
1.746
1.7449
1.7439
1.7428
1.7417
1.7407
1.7397
1.7386
1.7376
1.7365
1.7355
1.7345
1.7335
1.7324
1.7314
1.7304
1.7293
1.7283
1.7273
1.7262
1.7252
1.7241
1.7231
1.722
1.7209
1.7198
1.7187
1.7176
1.7164
1.7153
1.7141
1.7129
1.7117
1.7104
1.7091
1.7078
1.7065
1.7051
1.7036
1.7021
1.7006
1.699
1.6974
1.6956
1.6938
1.692
1.69
1.6879
1.6857
1.6835
1.681
1.6785
1.6757
1.6728
1.6697
1.6664
1.6629
1.659
1.6549
1.6504
1.6456
1.6404
1.6346
1.6284
1.6216
1.614
1.6058
1.5967
1.5866
1.5755
1.5631
1.5494
1.5342
1.5173
1.4986
1.4778
1.4548
1.4295
1.4017
1.3715
1.3387
1.3035
1.2661
1.2269
1.1862
1.1445
1.1024
1.0604
1.019
.9786
.9396
.9023
.8668
.8333
.8018
.7723
.7446
.7188
.6947
.6722
.6513
.6317
.6134
.5962
.5802
.5651
.551
.5376
.5251
.5133
.5021
.4915
.4814
.4719
.4628
.4542
.446
.4381
.4306
.4234
.4165
.4099
.4035
.3974
.3915
.3858
.3803
.375
.3699
.3649
.3601
.3554
.3508
.3464
.3421
.3379
.3338
.3299
.326
.3222
.3184
.3148
.3112
.3077
.3043
.3009
.2976
.2944
.2912
.288
.2849
.2818
.2788
.2759
.2729
.27
.2672
.2643
.2615
.2588
.2561
.2533
.2507
.248
.2454
.2428
.2402
.2377
.2352
.2327
.2302
.2277
.2253
.2229
.2205
.2181
.2158
.2135
.2112
.2089
.2067
.2045
.2023
.2001
.1979
.1958
.1937
.1916
.1896
.1875
.1855
.1836
.1816
.1797
.1778
.1759
.1741
.1723
.1705
.1687
.167
.1652
.1636
.1619
.1603
.1587
.1571
.1555
.154
.1525
.151
.1496
.1481
.1467
.1454
.144
.1427
.1414
.1401
.1388
.1376
.1363
.1351
.1339
.1328
.1316
.1305
.1294
.1283
.1273
.1262
.1252
.1242
.1232
.1222
.1213
.1203
.1194
.1185
.1176
.1167
.1158
.115
.1141
.1133
.1125
.1117
.1109
.1101
.1094
.1086
.1079
.1071
.1064
.1057
.105
.1043
.1036
.103
.1023
.1017
.101
.1004
.0998
.0992
.0986
.098
.0974
.0968
.0962
.0957
.0951
.0946
.094
.0935
.093
.0924
.0919
.0914
.0909
.0904
.0899
.0895
.089
.0885
.088
.0876
.0871
.0867
.0862
.0858
.0854
.0849
.0845
.0841
.0837
.0833
.0829
.0825
.0821
.0817
.0813
.0809
.0805
.0802
.0798
.0794
.0791
.0787
.0784
.078
.0777
.0773
.077
.0766
.0763
.076
.0757
.0753
.075
.0747
.0744
.0741
.0738
.0735
.0732
.0729
.0726
.0723
.072
.0717
.0714
.0711
.0708
.0706
.0703
.07
.0698
.0695
.0692
.069
.0687
.0684
.0682
.0679
.0677
.0674
.0672
.0669
.0667
.0665
.0662
.066
.0657
.0655
.0653
.065
.0648
.0646
.0644
.0641
.0639
.0637
.0635
.0633
.0631
.0628
.0626
.0624
.0622
.062
.0618
.0616
.0614
.0612
.061
.0608
.0606
.0604
.0602
.06
.0599
.0597
.0595
.0593
.0591
.0589
.0587
.0586
.0584
.0582
.058
.0579
.0577
.0575
.0573
.0572
.057
.0568
.0567
.0565
.0563
.0562
.056
.0558
.0557
.0555
.0554
.0552
.0551
.0549
.0547
.0546
.0544
.0543
.0541
.054
.0538
.0537
.0535
.0534
.0533
.0531
.053
.0528
.0527
.0525
.0524
.0523
.0521
.052
.0519
.0517
.0516
.0514
.0513
.0512
.051
.0509
.0508
.0507
.0505
.0504
.0503
.0501
.05
.0499
