4.0227
3.7501
3.4963
3.2592
3.0352
2.8254
2.6373
2.4819
2.3669
2.2907
2.2443
2.2172
2.2015
2.1918
2.1855
2.1809
2.1772
2.1741
2.1713
2.1687
2.1662
2.1638
2.1615
2.1592
2.1571
2.155
2.1529
2.151
2.1491
2.1472
2.1455
2.1437
2.142
2.1404
2.1388
2.1372
2.1357
2.1342
2.1327
2.1313
2.1298
2.1284
2.127
2.1257
2.1243
2.1229
2.1216
2.1203
2.1189
2.1176
2.1162
2.1148
2.1135
2.1121
2.1107
2.1093
2.1078
2.1064
2.1049
2.1033
2.1018
2.1002
2.0985
2.0968
2.0951
2.0933
2.0914
2.0895
2.0874
2.0853
2.0832
2.0809
2.0785
2.076
2.0733
2.0705
2.0676
2.0646
2.0613
2.0579
2.0543
2.0505
2.0464
2.0422
2.0377
2.0329
2.0279
2.0226
2.0171
2.0112
2.005
1.9985
1.9917
1.9845
1.977
1.9691
1.9609
1.9522
1.9432
1.9338
1.924
1.9138
1.9031
1.8919
1.8802
1.8679
1.855
1.8415
1.8272
1.8121
1.7961
1.7791
1.7611
1.7419
1.7214
1.6996
1.6764
1.6516
1.6253
1.5974
1.5681
1.5372
1.5051
1.4717
1.4373
1.4021
1.3663
1.3301
1.2938
1.2576
1.2216
1.186
1.151
1.1167
1.0831
1.0504
1.0185
.9876
.9576
.9286
.9006
.8735
.8474
.8222
.798
.7747
.7522
.7306
.7098
.6898
.6706
.6521
.6344
.6173
.6009
.5851
.57
.5554
.5414
.5279
.5149
.5024
.4904
.4788
.4676
.4569
.4465
.4365
.4269
.4176
.4086
.4
.3916
.3835
.3757
.3682
.3609
.3538
.347
.3404
.334
.3278
.3218
.3159
.3103
.3048
.2995
.2944
.2894
.2845
.2798
.2752
.2707
.2664
.2622
.2581
.2541
.2502
.2465
.2428
.2392
.2357
.2323
.229
.2258
.2226
.2195
.2165
.2136
.2108
.208
.2052
.2026
.2
.1974
.195
.1925
.1902
.1878
.1856
.1833
.1812
.179
.177
.1749
.1729
.171
.169
.1672
.1653
.1635
.1618
.16
.1583
.1567
.155
.1534
.1518
.1503
.1488
.1473
.1458
.1444
.143
.1416
.1402
.1389
.1376
.1363
.135
.1338
.1326
.1313
.1302
.129
.1278
.1267
.1256
.1245
.1234
.1224
.1213
.1203
.1193
.1183
.1173
.1164
.1154
.1145
.1136
.1127
.1118
.1109
.11
.1092
.1083
.1075
.1067
.1059
.1051
.1043
.1035
.1028
.102
.1013
.1005
.0998
.0991
.0984
.0977
.097
.0963
.0957
.095
.0944
.0937
.0931
.0925
.0918
.0912
.0906
.09
.0895
.0889
.0883
.0877
.0872
.0866
.0861
.0855
.085
.0845
.0839
.0834
.0829
.0824
.0819
.0814
.0809
.0805
.08
.0795
.079
.0786
.0781
.0777
.0772
.0768
.0764
.0759
.0755
.0751
.0747
.0742
.0738
.0734
.073
.0726
.0722
.0719
.0715
.0711
.0707
.0703
.07
.0696
.0692
.0689
.0685
.0682
.0678
.0675
.0671
.0668
.0665
.0661
.0658
.0655
.0652
.0648
.0645
.0642
.0639
.0636
.0633
.063
.0627
.0624
.0621
.0618
.0615
.0612
.0609
.0607
.0604
.0601
.0598
.0596
.0593
.059
.0588
.0585
.0582
.058
.0577
.0575
.0572
.057
.0567
.0565
.0562
.056
.0557
.0555
.0553
.055
.0548
.0546
.0543
.0541
.0539
.0537
.0535
.0532
.053
.0528
.0526
.0524
.0522
.052
.0517
.0515
.0513
.0511
.0509
.0507
.0505
.0503
.0501
.0499
