4.1671
4.028
3.9226
3.8403
3.7723
3.7127
3.6574
3.6035
3.5489
3.4918
3.4306
3.364
3.2907
3.2095
3.1197
3.0211
2.9145
2.802
2.6879
2.5775
2.477
2.3909
2.3213
2.2673
2.2264
2.1954
2.1715
2.1526
2.1371
2.1239
2.1124
2.102
2.0925
2.0835
2.0749
2.0667
2.0586
2.0507
2.0429
2.035
2.0272
2.0193
2.0113
2.0031
1.9948
1.9862
1.9773
1.968
1.9584
1.9483
1.9377
1.9264
1.9145
1.9018
1.8882
1.8735
1.8576
1.8403
1.8213
1.8003
1.777
1.7511
1.7219
1.6891
1.652
1.6101
1.563
1.5104
1.4521
1.3888
1.3212
1.2508
1.1794
1.1087
1.0402
.9753
.9146
.8586
.8073
.7606
.7182
.6798
.6449
.6133
.5846
.5585
.5347
.513
.4931
.4748
.4579
.4424
.4279
.4146
.4021
.3905
.3797
.3695
.36
.351
.3426
.3346
.3271
.3199
.3131
.3066
.3005
.2946
.289
.2837
.2786
.2736
.2689
.2644
.2601
.2559
.2518
.2479
.2442
.2405
.237
.2336
.2303
.2272
.2241
.2211
.2182
.2153
.2126
.2099
.2073
.2048
.2023
.1999
.1976
.1953
.193
.1909
.1887
.1866
.1846
.1826
.1807
.1788
.1769
.1751
.1733
.1716
.1699
.1682
.1665
.1649
.1633
.1618
.1603
.1588
.1573
.1558
.1544
.153
.1517
.1503
.149
.1477
.1464
.1452
.144
.1427
.1415
.1404
.1392
.1381
.137
.1358
.1348
.1337
.1326
.1316
.1306
.1296
.1286
.1276
.1266
.1257
.1247
.1238
.1229
.122
.1211
.1202
.1194
.1185
.1177
.1169
.116
.1152
.1144
.1137
.1129
.1121
.1113
.1106
.1099
.1091
.1084
.1077
.107
.1063
.1056
.1049
.1043
.1036
.103
.1023
.1017
.101
.1004
.0998
.0992
.0986
.098
.0974
.0968
.0962
.0957
.0951
.0945
.094
.0934
.0929
.0924
.0918
.0913
.0908
.0903
.0898
.0893
.0888
.0883
.0878
.0873
.0868
.0864
.0859
.0854
.085
.0845
.0841
.0836
.0832
.0828
.0823
.0819
.0815
.0811
.0806
.0802
.0798
.0794
.079
.0786
.0782
.0778
.0775
.0771
.0767
.0763
.076
.0756
.0752
.0749
.0745
.0741
.0738
.0734
.0731
.0727
.0724
.0721
.0717
.0714
.0711
.0707
.0704
.0701
.0698
.0695
.0692
.0688
.0685
.0682
.0679
.0676
.0673
.067
.0667
.0665
.0662
.0659
.0656
.0653
.065
.0648
.0645
.0642
.0639
.0637
.0634
.0631
.0629
.0626
.0624
.0621
.0618
.0616
.0613
.0611
.0608
.0606
.0604
.0601
.0599
.0596
.0594
.0592
.0589
.0587
.0585
.0582
.058
.0578
.0576
.0573
.0571
.0569
.0567
.0565
.0563
.056
.0558
.0556
.0554
.0552
.055
.0548
.0546
.0544
.0542
.054
.0538
.0536
.0534
.0532
.053
.0528
.0526
.0524
.0523
.0521
.0519
.0517
.0515
.0513
.0512
.051
.0508
.0506
.0504
.0503
.0501
.0499
