4.8749
4.6538
4.3936
4.1071
3.8134
3.5281
3.2583
3.0067
2.778
2.5819
2.4291
2.3235
2.2583
2.2211
2.2005
2.1888
2.1817
2.177
2.1736
2.1707
2.1682
2.1658
2.1635
2.1612
2.1588
2.1565
2.1541
2.1516
2.1492
2.1467
2.1441
2.1415
2.1389
2.1363
2.1336
2.1308
2.1281
2.1252
2.1224
2.1195
2.1165
2.1135
2.1105
2.1074
2.1043
2.1011
2.0978
2.0945
2.0912
2.0878
2.0844
2.0809
2.0774
2.0739
2.0703
2.0666
2.0629
2.0592
2.0554
2.0516
2.0478
2.0439
2.04
2.036
2.0321
2.028
2.024
2.0199
2.0157
2.0116
2.0073
2.0031
1.9988
1.9944
1.99
1.9856
1.9811
1.9765
1.9719
1.9672
1.9625
1.9577
1.9529
1.948
1.943
1.9379
1.9328
1.9277
1.9224
1.9171
1.9117
1.9063
1.9008
1.8953
1.8896
1.884
1.8783
1.8725
1.8667
1.8609
1.855
1.8492
1.8432
1.8373
1.8314
1.8255
1.8195
1.8136
1.8076
1.8017
1.7958
1.79
1.7841
1.7783
1.7725
1.7667
1.7609
1.7552
1.7495
1.7439
1.7383
1.7327
1.7271
1.7215
1.716
1.7105
1.7049
1.6994
1.6939
1.6883
1.6828
1.6772
1.6715
1.6659
1.6601
1.6542
1.6483
1.6422
1.636
1.6297
1.6231
1.6164
1.6093
1.602
1.5944
1.5863
1.5779
1.5689
1.5594
1.5492
1.5383
1.5266
1.5139
1.5002
1.4853
1.4692
1.4516
1.4325
1.4117
1.3893
1.365
1.3389
1.311
1.2814
1.2503
1.2179
1.1845
1.1504
1.116
1.0814
1.0472
1.0135
.9806
.9486
.9177
.888
.8594
.8321
.806
.781
.7572
.7344
.7127
.6919
.672
.653
.6347
.6172
.6005
.5843
.5688
.554
.5396
.5258
.5125
.4997
.4874
.4755
.4641
.453
.4424
.4321
.4222
.4126
.4034
.3945
.3859
.3776
.3696
.3619
.3545
.3473
.3403
.3336
.3272
.3209
.3148
.309
.3033
.2978
.2925
.2874
.2824
.2776
.273
.2684
.264
.2598
.2557
.2517
.2478
.244
.2403
.2367
.2333
.2299
.2266
.2234
.2203
.2172
.2143
.2114
.2086
.2058
.2032
.2006
.198
.1955
.1931
.1907
.1884
.1861
.1839
.1818
.1797
.1776
.1756
.1736
.1716
.1697
.1679
.1661
.1643
.1625
.1608
.1591
.1575
.1559
.1543
.1527
.1512
.1497
.1482
.1468
.1454
.144
.1426
.1413
.14
.1387
.1374
.1362
.1349
.1337
.1325
.1314
.1302
.1291
.128
.1269
.1258
.1247
.1237
.1227
.1217
.1207
.1197
.1187
.1178
.1169
.1159
.115
.1141
.1132
.1124
.1115
.1107
.1098
.109
.1082
.1074
.1066
.1059
.1051
.1043
.1036
.1029
.1021
.1014
.1007
.1
.0993
.0987
.098
.0973
.0967
.096
.0954
.0948
.0941
.0935
.0929
.0923
.0917
.0912
.0906
.09
.0894
.0889
.0883
.0878
.0873
.0867
.0862
.0857
.0852
.0847
.0842
.0837
.0832
.0827
.0822
.0817
.0813
.0808
.0803
.0799
.0794
.079
.0786
.0781
.0777
.0773
.0768
.0764
.076
.0756
.0752
.0748
.0744
.074
.0736
.0732
.0729
.0725
.0721
.0717
.0714
.071
.0706
.0703
.0699
.0696
.0692
.0689
.0686
.0682
.0679
.0676
.0672
.0669
.0666
.0663
.066
.0656
.0653
.065
.0647
.0644
.0641
.0638
.0635
.0632
.063
.0627
.0624
.0621
.0618
.0616
.0613
.061
.0607
.0605
.0602
.0599
.0597
.0594
.0592
.0589
.0587
.0584
.0582
.0579
.0577
.0574
.0572
.057
.0567
.0565
.0563
.056
.0558
.0556
.0553
.0551
.0549
.0547
.0545
.0542
.054
.0538
.0536
.0534
.0532
.053
.0528
.0526
.0524
.0522
.052
.0518
.0516
.0514
.0512
.051
.0508
.0506
.0504
.0502
.05
.0499
