4.5042
4.2428
3.9919
3.7595
3.5407
3.3258
3.1068
2.8812
2.6555
2.446
2.2728
2.1476
2.0668
2.0172
1.9865
1.9662
1.9516
1.9403
1.9309
1.9226
1.915
1.9079
1.9011
1.8945
1.8881
1.8818
1.8756
1.8695
1.8634
1.8573
1.8513
1.8454
1.8395
1.8336
1.8278
1.822
1.8162
1.8106
1.805
1.7994
1.794
1.7886
1.7833
1.7781
1.773
1.768
1.7631
1.7583
1.7536
1.749
1.7445
1.7401
1.7359
1.7317
1.7276
1.7237
1.7198
1.716
1.7124
1.7088
1.7053
1.702
1.6986
1.6954
1.6923
1.6892
1.6863
1.6833
1.6805
1.6777
1.675
1.6724
1.6698
1.6673
1.6648
1.6624
1.66
1.6577
1.6554
1.6531
1.651
1.6488
1.6467
1.6446
1.6426
1.6406
1.6386
1.6367
1.6348
1.6329
1.631
1.6292
1.6274
1.6256
1.6238
1.6221
1.6204
1.6187
1.617
1.6153
1.6137
1.612
1.6104
1.6088
1.6072
1.6056
1.604
1.6024
1.6008
1.5992
1.5977
1.5961
1.5945
1.593
1.5914
1.5898
1.5883
1.5867
1.5851
1.5835
1.5819
1.5802
1.5786
1.577
1.5753
1.5736
1.5719
1.5701
1.5684
1.5666
1.5647
1.5629
1.5609
1.559
1.557
1.5549
1.5528
1.5506
1.5483
1.546
1.5435
1.541
1.5384
1.5356
1.5327
1.5297
1.5265
1.5231
1.5196
1.5158
1.5118
1.5075
1.503
1.4981
1.4928
1.4871
1.4809
1.4742
1.4668
1.4588
1.45
1.4403
1.4295
1.4176
1.4043
1.3896
1.3731
1.3546
1.334
1.3109
1.2851
1.2565
1.2249
1.1903
1.1528
1.1126
1.0702
1.0261
.9812
.9362
.8917
.8485
.8071
.7677
.7306
.6958
.6633
.633
.6049
.5787
.5543
.5315
.5102
.4904
.4717
.4543
.4379
.4224
.4079
.3942
.3812
.369
.3574
.3464
.336
.3261
.3167
.3078
.2993
.2913
.2836
.2762
.2692
.2626
.2562
.2501
.2442
.2386
.2333
.2281
.2232
.2184
.2139
.2095
.2053
.2013
.1974
.1936
.19
.1865
.1831
.1798
.1767
.1736
.1707
.1678
.1651
.1624
.1598
.1573
.1548
.1525
.1502
.1479
.1458
.1437
.1416
.1396
.1377
.1358
.134
.1322
.1304
.1287
.1271
.1254
.1239
.1223
.1208
.1193
.1179
.1165
.1151
.1138
.1125
.1112
.11
.1087
.1076
.1064
.1052
.1041
.103
.1019
.1009
.0998
.0988
.0978
.0968
.0959
.095
.094
.0931
.0922
.0914
.0905
.0897
.0888
.088
.0872
.0865
.0857
.0849
.0842
.0835
.0827
.082
.0813
.0807
.08
.0793
.0787
.078
.0774
.0768
.0762
.0756
.075
.0744
.0738
.0733
.0727
.0721
.0716
.0711
.0705
.07
.0695
.069
.0685
.068
.0675
.0671
.0666
.0661
.0657
.0652
.0648
.0643
.0639
.0635
.063
.0626
.0622
.0618
.0614
.061
.0606
.0602
.0599
.0595
.0591
.0587
.0584
.058
.0577
.0573
.057
.0566
.0563
.0559
.0556
.0553
.055
.0546
.0543
.054
.0537
.0534
.0531
.0528
.0525
.0522
.0519
.0516
.0513
.0511
.0508
.0505
.0502
.05
