4.4359
4.2423
4.0892
3.9713
3.8783
3.8012
3.7332
3.6697
3.6075
3.544
3.4772
3.4052
3.3267
3.2406
3.1465
3.0457
2.9409
2.8375
2.742
2.6604
2.5954
2.546
2.5089
2.48
2.4565
2.4361
2.4178
2.4007
2.3844
2.3688
2.3537
2.339
2.3247
2.3108
2.2973
2.2841
2.2712
2.2587
2.2466
2.2347
2.2231
2.2119
2.2009
2.1901
2.1796
2.1693
2.1592
2.1492
2.1393
2.1296
2.1198
2.1101
2.1003
2.0904
2.0803
2.0699
2.0593
2.0482
2.0366
2.0244
2.0115
1.9977
1.9829
1.9669
1.9494
1.9303
1.9093
1.886
1.8601
1.8312
1.7988
1.7625
1.7218
1.6764
1.6262
1.5711
1.5115
1.4483
1.3826
1.3156
1.2488
1.1835
1.1207
1.0611
1.0051
.953
.9047
.8602
.8191
.7814
.7467
.7149
.6855
.6585
.6335
.6104
.5891
.5693
.5509
.5337
.5177
.5028
.4888
.4756
.4633
.4517
.4407
.4303
.4205
.4113
.4025
.3941
.3861
.3785
.3713
.3644
.3578
.3514
.3453
.3395
.3339
.3286
.3234
.3184
.3136
.3089
.3045
.3001
.2959
.2919
.2879
.2841
.2804
.2768
.2733
.2699
.2666
.2634
.2603
.2572
.2542
.2513
.2485
.2457
.243
.2404
.2378
.2352
.2327
.2303
.2279
.2256
.2233
.221
.2188
.2166
.2145
.2124
.2103
.2083
.2063
.2044
.2024
.2005
.1986
.1968
.195
.1932
.1914
.1897
.188
.1863
.1846
.1829
.1813
.1797
.1781
.1766
.175
.1735
.172
.1705
.169
.1675
.1661
.1647
.1633
.1619
.1605
.1591
.1578
.1565
.1551
.1538
.1526
.1513
.15
.1488
.1476
.1463
.1451
.1439
.1428
.1416
.1404
.1393
.1382
.137
.1359
.1348
.1338
.1327
.1316
.1306
.1295
.1285
.1275
.1265
.1255
.1245
.1236
.1226
.1216
.1207
.1198
.1189
.1179
.117
.1162
.1153
.1144
.1135
.1127
.1118
.111
.1102
.1094
.1086
.1078
.107
.1062
.1054
.1047
.1039
.1032
.1024
.1017
.101
.1003
.0996
.0989
.0982
.0975
.0968
.0961
.0955
.0948
.0942
.0935
.0929
.0923
.0917
.0911
.0905
.0899
.0893
.0887
.0881
.0875
.087
.0864
.0859
.0853
.0848
.0842
.0837
.0832
.0827
.0821
.0816
.0811
.0806
.0801
.0797
.0792
.0787
.0782
.0778
.0773
.0768
.0764
.0759
.0755
.0751
.0746
.0742
.0738
.0734
.0729
.0725
.0721
.0717
.0713
.0709
.0705
.0701
.0698
.0694
.069
.0686
.0683
.0679
.0675
.0672
.0668
.0665
.0661
.0658
.0654
.0651
.0648
.0644
.0641
.0638
.0635
.0631
.0628
.0625
.0622
.0619
.0616
.0613
.061
.0607
.0604
.0601
.0598
.0595
.0592
.059
.0587
.0584
.0581
.0579
.0576
.0573
.0571
.0568
.0565
.0563
.056
.0558
.0555
.0553
.055
.0548
.0545
.0543
.0541
.0538
.0536
.0534
.0531
.0529
.0527
.0525
.0522
.052
.0518
.0516
.0514
.0511
.0509
.0507
.0505
.0503
.0501
.0499
