4.187
3.934
3.7001
3.48
3.2652
3.0503
2.8385
2.6433
2.4835
2.37
2.2982
2.2543
2.2259
2.2056
2.1894
2.1756
2.1631
2.1516
2.1408
2.1306
2.1208
2.1115
2.1026
2.094
2.0857
2.0778
2.0701
2.0628
2.0556
2.0487
2.0419
2.0354
2.029
2.0228
2.0167
2.0107
2.0048
1.9991
1.9934
1.9879
1.9823
1.9769
1.9715
1.9662
1.9609
1.9556
1.9504
1.9452
1.94
1.9348
1.9296
1.9245
1.9193
1.9142
1.909
1.9038
1.8987
1.8935
1.8883
1.8832
1.878
1.8728
1.8676
1.8624
1.8572
1.8519
1.8467
1.8415
1.8362
1.831
1.8258
1.8206
1.8154
1.8101
1.805
1.7998
1.7946
1.7895
1.7844
1.7793
1.7742
1.7692
1.7642
1.7592
1.7543
1.7494
1.7445
1.7397
1.735
1.7303
1.7256
1.721
1.7164
1.7119
1.7074
1.7029
1.6986
1.6942
1.6899
1.6857
1.6815
1.6774
1.6732
1.6692
1.6652
1.6612
1.6572
1.6533
1.6495
1.6456
1.6418
1.6381
1.6343
1.6306
1.627
1.6233
1.6197
1.6161
1.6126
1.609
1.6055
1.602
1.5985
1.595
1.5916
1.5882
1.5848
1.5814
1.578
1.5746
1.5712
1.5679
1.5645
1.5612
1.5579
1.5546
1.5513
1.548
1.5447
1.5414
1.5381
1.5348
1.5315
1.5282
1.525
1.5217
1.5184
1.5152
1.5119
1.5086
1.5054
1.5021
1.4988
1.4956
1.4923
1.4891
1.4858
1.4825
1.4793
1.476
1.4728
1.4695
1.4662
1.463
1.4597
1.4565
1.4532
1.45
1.4467
1.4435
1.4402
1.4369
1.4337
1.4304
1.4272
1.424
1.4207
1.4175
1.4142
1.411
1.4078
1.4045
1.4013
1.3981
1.3949
1.3917
1.3885
1.3853
1.3821
1.3789
1.3757
1.3725
1.3693
1.3661
1.363
1.3598
1.3567
1.3535
1.3504
1.3473
1.3441
1.341
1.3379
1.3348
1.3317
1.3286
1.3256
1.3225
1.3194
1.3164
1.3133
1.3103
1.3073
1.3043
1.3013
1.2983
1.2953
1.2923
1.2894
1.2864
1.2835
1.2805
1.2776
1.2747
1.2718
1.2689
1.266
1.2631
1.2603
1.2574
1.2546
1.2517
1.2489
1.2461
1.2433
1.2405
1.2377
1.235
1.2322
1.2294
1.2267
1.224
1.2212
1.2185
1.2158
1.2131
1.2105
1.2078
1.2051
1.2025
1.1998
1.1972
1.1946
1.192
1.1893
1.1868
1.1842
1.1816
1.179
1.1765
1.1739
1.1714
1.1688
1.1663
1.1638
1.1613
1.1588
1.1563
1.1538
1.1514
1.1489
1.1464
1.144
1.1416
1.1391
1.1367
1.1343
1.1319
1.1295
1.1271
1.1247
1.1223
1.12
1.1176
1.1153
1.1129
1.1106
1.1082
1.1059
1.1036
1.1013
1.099
1.0967
1.0944
1.0921
1.0898
1.0876
1.0853
1.083
1.0808
1.0785
1.0763
1.0741
1.0718
1.0696
1.0674
1.0652
1.063
1.0608
1.0586
1.0564
1.0542
1.052
1.0498
1.0477
1.0455
1.0433
1.0412
1.039
1.0369
1.0347
1.0326
1.0305
1.0283
1.0262
1.0241
1.022
1.0199
1.0178
1.0156
1.0135
1.0115
1.0094
1.0073
1.0052
1.0031
1.001
.9989
.9969
.9948
.9927
.9907
.9886
.9866
.9845
.9824
.9804
.9784
.9763
.9743
.9722
.9702
.9682
.9661
.9641
.9621
.9601
.958
.956
.954
.952
.95
.948
.9459
.9439
.9419
.9399
.9379
.9359
.9339
.9319
.9299
.9279
.926
.924
.922
.92
.918
.916
.914
.912
.9101
.9081
.9061
.9041
.9021
.9002
.8982
.8962
.8942
.8923
.8903
.8883
.8863
.8844
.8824
.8804
.8785
.8765
.8745
.8726
.8706
.8686
.8667
.8647
.8627
.8608
.8588
.8569
.8549
.8529
.851
.849
.8471
.8451
.8431
.8412
.8392
.8373
.8353
.8334
.8314
.8295
.8275
.8256
.8236
.8217
.8197
.8178
.8158
.8139
.812
.81
.8081
.8061
.8042
.8023
.8003
.7984
.7965
.7946
.7926
.7907
.7888
.7869
.7849
.783
.7811
.7792
.7773
.7754
.7735
.7716
.7697
.7678
.7659
.764
.7621
.7602
.7584
.7565
.7546
.7528
.7509
.749
.7472
.7453
.7435
.7416
.7398
.738
.7362
.7343
.7325
.7307
.7289
.7271
.7253
.7235
.7218
.72
.7182
.7165
.7147
.713
.7112
.7095
.7078
.7061
.7044
.7027
.701
.6993
.6976
.6959
.6943
.6926
.691
.6894
.6877
.6861
.6845
.6829
.6813
.6798
.6782
.6767
.6751
.6736
.672
.6705
.669
.6675
.6661
.6646
.6631
.6617
.6602
.6588
.6574
.656
.6546
.6532
.6518
.6504
.6491
.6477
.6464
.645
.6437
.6424
.6411
.6398
.6385
.6373
.636
.6347
.6335
.6322
.631
.6298
.6286
.6274
.6262
.625
.6238
.6226
.6214
.6202
.6191
.6179
.6168
.6156
.6145
.6133
.6122
.611
.6099
.6088
.6076
.6065
.6054
.6043
.6031
.602
.6009
.5998
.5986
.5975
.5964
.5952
.5941
.593
.5919
.5907
.5896
.5884
.5873
.5862
.585
.5839
.5827
.5815
.5804
.5792
.5781
.5769
.5757
.5746
.5734
.5722
.571
.5699
.5687
.5675
.5663
.5651
.564
.5628
.5616
.5604
.5592
.558
.5568
.5556
.5544
.5532
.552
.5508
.5496
.5484
.5472
.546
.5448
.5436
.5424
.5412
.54
.5388
.5376
.5364
.5352
.534
.5328
.5316
.5304
.5292
.528
.5268
.5256
.5244
.5232
.522
.5208
.5196
.5184
.5172
.516
.5149
.5137
.5125
.5114
.5103
.5091
.508
.507
.5059
.5048
.5037
.5025
.5013
.5
.4985
.4968
.4947
.4921
.489
.4852
.4807
.4756
.4703
.4651
.461
.4587
.4592
.4637
.4741
.4951
.5417
.6886
1.544
2.131
2.1272
1.983
1.8864
1.8709
1.7787
1.7014
1.5912
1.4289
1.1368
.6833
.4816
.421
.3959
.3854
.3807
.3779
.3759
.3741
.3723
.3706
.369
.3675
.3661
.3648
.3638
.363
.3624
.3621
.3621
.3625
.3633
.3646
.3664
.3689
.3721
.3762
.3815
.3884
.3974
.4102
.4298
.4663
.5647
1.148
2.0286
2.1632
2.1874
2.1979
2.0763
1.939
1.9609
1.8359
1.8031
1.7086
1.5965
1.4287
1.1068
.6403
.4714
.4121
.3866
.3751
.3691
.3652
.3621
.3594
.3568
.3542
.3518
.3493
.347
.3447
.3425
.3405
.3386
.3368
.3353
.334
.3329
.3321
.3316
.3315
.3319
.3327
.334
.336
.3387
.3423
.3471
.3534
.362
.3742
.3935
.4313
.5467
1.4577
2.2475
2.2902
2.3822
1.694
2.3692
.9302
.5438
.4051
.3578
.3378
.329
.3245
.3217
.3197
.3179
.3165
.3152
.3142
.3135
.3132
.3133
.3139
.3149
.3166
.3191
.3224
.3269
.3328
.3409
.3526
.3712
.408
.5255
1.5741
2.5109
.7632
1.1724
2.4163
2.2543
.6102
.4034
.3458
.3217
.3113
.3063
.3036
.3017
.3003
.2992
.2984
.298
.298
.2984
.2993
.3009
.3031
.3062
.3104
.3161
.3238
.335
.3529
.3888
.5073
1.6781
2.5355
.3749
.3156
.2899
.2839
.2834
.2854
.2887
.293
.2983
.3051
.314
.3266
.3475
.3928
.5848
2.4314
.3702
.4014
.3291
.2836
.274
.2747
.2782
.2835
.2903
.2993
.312
.3325
.3764
.5617
2.4425
.3836
.5743
1.7923
2.2245
.3686
.3072
.2832
.2738
.2701
.2687
.2685
.2688
.2697
.2711
.2731
.2759
.2795
.2844
.291
.3002
.3147
.3417
.4193
1.1074
1.7972
.2734
.2586
.2547
.2553
.2582
.2625
.2682
.2757
.286
.3017
.3317
.425
1.4568
1.8701
2.3809
.334
.2809
.2609
.2529
.2498
.2488
.2489
.2497
.2512
.2532
.2561
.2598
.2649
.2717
.2815
.2972
.3288
.439
1.8454
1.8925
1.4569
2.2083
2.0959
2.6501
.6786
.3925
.3169
.2861
.2718
.264
.2589
.2551
.2518
.249
.2465
.2443
.2425
.241
.2399
.2392
.2389
.2392
.2399
.2412
.2433
.2461
.2499
.2551
.2622
.2727
.2902
.3294
.5129
2.6414
.8652
1.8683
.3186
.2463
.2326
.2296
.229
.2296
.231
.233
.2358
.2394
.2441
.2505
.2594
.2734
.3006
.3896
1.5612
2.1605
1.8955
.3224
.2457
.2317
.226
.2235
.2226
.2224
.2229
.2239
.2254
.2276
.2306
.2345
.2397
.2468
.2573
.2751
.3169
.5493
2.7813
.2475
.2265
.218
.2157
.2159
.2175
.22
.2232
.2274
.2328
.2401
.2506
.2683
.3097
.5445
2.7946
.2417
.2211
.213
.2106
.2107
.212
.2142
.2171
.2209
.2257
.232
.2408
.2546
.2823
.3817
1.9341
.7246
2.0961
1.8766
.2816
.2321
.2187
.2124
.209
.2069
.2056
.2048
.2045
.2046
.2051
.2061
.2076
.2097
.2124
.2161
.2208
.2272
.2364
.2514
.2845
.4382
2.633
1.2986
1.7724
.333
.2309
.2079
.202
.1993
.198
.1975
.1976
.198
.199
.2004
.2023
.2049
.2081
.2124
.2179
.2256
.2374
.2599
.3303
1.3202
1.9489
2.595
1.1629
1.905
.5502
2.5169
.6234
1.9943
1.9244
2.7412
.3585
.2842
.2521
.2366
.2278
.2217
.2168
.2127
.209
.2056
.2026
.1998
.1973
.1951
.1932
.1916
.1904
.1894
.1888
.1886
.1887
.1892
.1901
.1914
.1933
.1957
.1987
.2026
.2076
.2144
.2244
.2419
.2878
.6743
1.8189
.301
.2723
.2211
.1883
.1824
.1821
.1829
.1843
.1861
.1884
.1912
.1947
.1991
.2048
.2126
.2248
.2493
.3407
2.0249
.2244
.1846
.1785
.1772
.1775
.1786
.1802
.1823
.1849
.188
.1919
.1967
.203
.212
.2271
.2634
.4975
2.77
2.4926
.9602
2.0333
2.9248
.3572
.6011
2.8097
1.2443
1.8743
.2564
.2263
.2125
.2046
.1991
.1947
.191
.1876
.1846
.1819
.1795
.1774
.1755
.1739
.1726
.1716
.1709
.1704
.1703
.1705
.1709
.1717
.1729
.1744
.1762
.1786
.1814
.1849
.1893
.1948
.2026
.2149
.2412
.3583
2.4924
1.5465
2.4586
1.2594
1.8154
.2036
.1862
.1781
.1737
.1709
.169
.1676
.1665
.1657
.1652
.165
.1651
.1655
.1661
.1671
.1683
.1699
.1719
.1742
.1771
.1804
.1846
.1899
.197
.2081
.2308
.3194
2.1175
.194
.1908
.1637
.1601
.1598
.1604
.1613
.1626
.1641
.166
.1681
.1707
.1737
.1772
.1814
.1868
.1942
.2059
.2314
.3498
2.5595
1.8401
.2922
2.415
1.3264
1.9194
2.9672
1.7015
.278
.2016
.1871
.1794
.1744
.1707
.1676
.1651
.1628
.1609
.1592
.1577
.1565
.1556
.1548
.1544
.1541
.1541
.1543
.1547
.1554
.1563
.1575
.1589
.1606
.1625
.1648
.1674
.1704
.1739
.1781
.1833
.1905
.2022
.2288
.371
2.7995
2.012
1.7389
.1543
.1526
.1502
.1493
.149
.1491
.1495
.1501
.1509
.1519
.1531
.1545
.1561
.158
.1601
.1625
.1652
.1682
.1717
.1758
.1809
.1878
.1991
.2253
.3714
2.8565
2.0237
1.8215
.2435
1.6456
3.0457
.2549
.2013
.167
.1597
.1554
.1525
.1502
.1484
.1469
.1457
.1447
.1439
.1433
.1429
.1427
.1427
.1429
.1432
.1438
.1445
.1454
.1465
.1478
.1492
.1508
.1526
.1546
.1567
.1591
.1616
.1643
.1671
.1702
.1735
.1771
.1811
.1857
.1918
.2015
.2249
.3607
2.8227
2.0402
1.9142
.884
2.0654
1.966
3.0691
1.6397
.6177
1.9651
2.3251
2.1342
1.7869
.2145
.1916
.1801
.1731
.1679
.1637
.16
.1566
.1536
.1508
.1482
.1459
.1438
.1419
.1402
.1387
.1374
.1362
.1353
.1345
.134
.1336
.1333
.1332
.1333
.1336
.134
.1345
.1352
.1361
.1371
.1382
.1394
.1408
.1423
.1439
.1455
.1473
.1491
.1509
.1526
.1543
.1557
.1567
.1571
.1568
.1554
.1531
.1502
.1473
.145
.1437
.1432
.1434
.1441
.1451
.1462
.1473
.1484
.1494
.1501
.1504
.1502
.1495
.1483
.1467
.1451
.1436
.1426
.1419
.1417
.1418
.1422
.1427
.1433
.1438
.1442
.1445
.1445
.1443
.1439
.1433
.1426
.1418
.1411
.1405
.14
.1398
.1396
.1396
.1397
.1398
.1399
.1399
.1399
.1398
.1396
.1393
.139
.1386
.1383
.1379
.1376
.1373
.1371
.1369
.1367
.1366
.1365
.1364
.1362
.1361
.1359
.1357
.1355
.1353
.1351
.1348
.1346
.1344
.1342
.134
.1338
.1336
.1334
.1332
.1331
.1329
.1327
.1325
.1323
.1322
.132
.1318
.1316
.1314
.1312
.131
.1308
.1306
.1305
.1303
.1301
.1299
.1297
.1296
.1294
.1292
.129
.1288
.1287
.1285
.1283
.1281
.1279
.1278
.1276
.1274
.1272
.1271
.1269
.1267
.1265
.1264
.1262
.126
.1259
.1257
.1255
.1253
.1252
.125
.1248
.1247
.1245
.1243
.1242
.124
.1238
.1237
.1235
.1233
.1232
.123
.1228
.1227
.1225
.1224
.1222
.122
.1219
.1217
.1215
.1214
.1212
.1211
.1209
.1207
.1206
.1204
.1203
.1201
.12
.1198
.1196
.1195
.1193
.1192
.119
.1189
.1187
.1186
.1184
.1183
.1181
.118
.1178
.1176
.1175
.1173
.1172
.117
.1169
.1167
.1166
.1165
.1163
.1162
.116
.1159
.1157
.1156
.1154
.1153
.1151
.115
.1148
.1147
.1146
.1144
.1143
.1141
.114
.1138
.1137
.1136
.1134
.1133
.1131
.113
.1128
.1127
.1126
.1124
.1123
.1122
.112
.1119
.1117
.1116
.1115
.1113
.1112
.1111
.1109
.1108
.1107
.1105
.1104
.1102
.1101
.11
.1098
.1097
.1096
.1094
.1093
.1092
.1091
.1089
.1088
.1087
.1085
.1084
.1083
.1081
.108
.1079
.1078
.1076
.1075
.1074
.1072
.1071
.107
.1069
.1067
.1066
.1065
.1064
.1062
.1061
.106
.1059
.1057
.1056
.1055
.1054
.1052
.1051
.105
.1049
.1048
.1046
.1045
.1044
.1043
.1042
.104
.1039
.1038
.1037
.1036
.1034
.1033
.1032
.1031
.103
.1028
.1027
.1026
.1025
.1024
.1023
.1021
.102
.1019
.1018
.1017
.1016
.1015
.1013
.1012
.1011
.101
.1009
.1008
.1007
.1005
.1004
.1003
.1002
.1001
.1
.0999
.0998
.0996
.0995
.0994
.0993
.0992
.0991
.099
.0989
.0988
.0987
.0986
.0984
.0983
.0982
.0981
.098
.0979
.0978
.0977
.0976
.0975
.0974
.0973
.0972
.0971
.097
.0968
.0967
.0966
.0965
.0964
.0963
.0962
.0961
.096
.0959
.0958
.0957
.0956
.0955
.0954
.0953
.0952
.0951
.095
.0949
.0948
.0947
.0946
.0945
.0944
.0943
.0942
.0941
.094
.0939
.0938
.0937
.0936
.0935
.0934
.0933
.0932
.0931
.093
.0929
.0928
.0927
.0926
.0925
.0924
.0923
.0922
.0921
.092
.092
.0919
.0918
.0917
.0916
.0915
.0914
.0913
.0912
.0911
.091
.0909
.0908
.0907
.0906
.0905
.0905
.0904
.0903
.0902
.0901
.09
.0899
.0898
.0897
.0896
.0895
.0895
.0894
.0893
.0892
.0891
.089
.0889
.0888
.0887
.0886
.0886
.0885
.0884
.0883
.0882
.0881
.088
.0879
.0879
.0878
.0877
.0876
.0875
.0874
.0873
.0873
.0872
.0871
.087
.0869
.0868
.0867
.0867
.0866
.0865
.0864
.0863
.0862
.0861
.0861
.086
.0859
.0858
.0857
.0856
.0856
.0855
.0854
.0853
.0852
.0852
.0851
.085
.0849
.0848
.0847
.0847
.0846
.0845
.0844
.0843
.0843
.0842
.0841
.084
.0839
.0839
.0838
.0837
.0836
.0835
.0835
.0834
.0833
.0832
.0831
.0831
.083
.0829
.0828
.0828
.0827
.0826
.0825
.0824
.0824
.0823
.0822
.0821
.0821
.082
.0819
.0818
.0818
.0817
.0816
.0815
.0815
.0814
.0813
.0812
.0812
.0811
.081
.0809
.0809
.0808
.0807
.0806
.0806
.0805
.0804
.0803
.0803
.0802
.0801
.08
.08
.0799
.0798
.0798
.0797
.0796
.0795
.0795
.0794
.0793
.0793
.0792
.0791
.079
.079
.0789
.0788
.0788
.0787
.0786
.0785
.0785
.0784
.0783
.0783
.0782
.0781
.0781
.078
.0779
.0779
.0778
.0777
.0776
.0776
.0775
.0774
.0774
.0773
.0772
.0772
.0771
.077
.077
.0769
.0768
.0768
.0767
.0766
.0766
.0765
.0764
.0764
.0763
.0762
.0762
.0761
.076
.076
.0759
.0758
.0758
.0757
.0756
.0756
.0755
.0754
.0754
.0753
.0752
.0752
.0751
.0751
.075
.0749
.0749
.0748
.0747
.0747
.0746
.0745
.0745
.0744
.0744
.0743
.0742
.0742
.0741
.074
.074
.0739
.0738
.0738
.0737
.0737
.0736
.0735
.0735
.0734
.0734
.0733
.0732
.0732
.0731
.073
.073
.0729
.0729
.0728
.0727
.0727
.0726
.0726
.0725
.0724
.0724
.0723
.0723
.0722
.0721
.0721
.072
.072
.0719
.0718
.0718
.0717
.0717
.0716
.0716
.0715
.0714
.0714
.0713
.0713
.0712
.0711
.0711
.071
.071
.0709
.0709
.0708
.0707
.0707
.0706
.0706
.0705
.0705
.0704
.0703
.0703
.0702
.0702
.0701
.0701
.07
.0699
.0699
.0698
.0698
.0697
.0697
.0696
.0696
.0695
.0694
.0694
.0693
.0693
.0692
.0692
.0691
.0691
.069
.0689
.0689
.0688
.0688
.0687
.0687
.0686
.0686
.0685
.0685
.0684
.0684
.0683
.0682
.0682
.0681
.0681
.068
.068
.0679
.0679
.0678
.0678
.0677
.0677
.0676
.0676
.0675
.0675
.0674
.0673
.0673
.0672
.0672
.0671
.0671
.067
.067
.0669
.0669
.0668
.0668
.0667
.0667
.0666
.0666
.0665
.0665
.0664
.0664
.0663
.0663
.0662
.0662
.0661
.0661
.066
.066
.0659
.0659
.0658
.0658
.0657
.0657
.0656
.0656
.0655
.0655
.0654
.0654
.0653
.0653
.0652
.0652
.0651
.0651
.065
.065
.0649
.0649
.0648
.0648
.0647
.0647
.0646
.0646
.0645
.0645
.0645
.0644
.0644
.0643
.0643
.0642
.0642
.0641
.0641
.064
.064
.0639
.0639
.0638
.0638
.0637
.0637
.0636
.0636
.0636
.0635
.0635
.0634
.0634
.0633
.0633
.0632
.0632
.0631
.0631
.063
.063
.063
.0629
.0629
.0628
.0628
.0627
.0627
.0626
.0626
.0625
.0625
.0625
.0624
.0624
.0623
.0623
.0622
.0622
.0621
.0621
.0621
.062
.062
.0619
.0619
.0618
.0618
.0617
.0617
.0617
.0616
.0616
.0615
.0615
.0614
.0614
.0613
.0613
.0613
.0612
.0612
.0611
.0611
.061
.061
.061
.0609
.0609
.0608
.0608
.0607
.0607
.0607
.0606
.0606
.0605
.0605
.0605
.0604
.0604
.0603
.0603
.0602
.0602
.0602
.0601
.0601
.06
.06
.0599
.0599
.0599
.0598
.0598
.0597
.0597
.0597
.0596
.0596
.0595
.0595
.0595
.0594
.0594
.0593
.0593
.0592
.0592
.0592
.0591
.0591
.059
.059
.059
.0589
.0589
.0588
.0588
.0588
.0587
.0587
.0586
.0586
.0586
.0585
.0585
.0584
.0584
.0584
.0583
.0583
.0583
.0582
.0582
.0581
.0581
.0581
.058
.058
.0579
.0579
.0579
.0578
.0578
.0577
.0577
.0577
.0576
.0576
.0576
.0575
.0575
.0574
.0574
.0574
.0573
.0573
.0572
.0572
.0572
.0571
.0571
.0571
.057
.057
.0569
.0569
.0569
.0568
.0568
.0568
.0567
.0567
.0566
.0566
.0566
.0565
.0565
.0565
.0564
.0564
.0564
.0563
.0563
.0562
.0562
.0562
.0561
.0561
.0561
.056
.056
.0559
.0559
.0559
.0558
.0558
.0558
.0557
.0557
.0557
.0556
.0556
.0556
.0555
.0555
.0554
.0554
.0554
.0553
.0553
.0553
.0552
.0552
.0552
.0551
.0551
.0551
.055
.055
.055
.0549
.0549
.0548
.0548
.0548
.0547
.0547
.0547
.0546
.0546
.0546
.0545
.0545
.0545
.0544
.0544
.0544
.0543
.0543
.0543
.0542
.0542
.0542
.0541
.0541
.0541
.054
.054
.054
.0539
.0539
.0539
.0538
.0538
.0538
.0537
.0537
.0537
.0536
.0536
.0536
.0535
.0535
.0535
.0534
.0534
.0534
.0533
.0533
.0533
.0532
.0532
.0532
.0531
.0531
.0531
.053
.053
.053
.0529
.0529
.0529
.0528
.0528
.0528
.0527
.0527
.0527
.0526
.0526
.0526
.0525
.0525
.0525
.0524
.0524
.0524
.0523
.0523
.0523
.0523
.0522
.0522
.0522
.0521
.0521
.0521
.052
.052
.052
.0519
.0519
.0519
.0518
.0518
.0518
.0517
.0517
.0517
.0517
.0516
.0516
.0516
.0515
.0515
.0515
.0514
.0514
.0514
.0513
.0513
.0513
.0513
.0512
.0512
.0512
.0511
.0511
.0511
.051
.051
.051
.051
.0509
.0509
.0509
.0508
.0508
.0508
.0507
.0507
.0507
.0507
.0506
.0506
.0506
.0505
.0505
.0505
.0504
.0504
.0504
.0504
.0503
.0503
.0503
.0502
.0502
.0502
.0501
.0501
.0501
.0501
.05
.05
.05
