4.9747
4.7613
4.5116
4.2463
3.9935
3.7722
3.5859
3.4288
3.2935
3.1744
3.0675
2.97
2.8802
2.7966
2.7183
2.6445
2.5749
2.5095
2.4485
2.3924
2.3415
2.2961
2.2563
2.222
2.1926
2.1677
2.1467
2.129
2.1141
2.1014
2.0907
2.0816
2.0737
2.067
2.0611
2.056
2.0515
2.0475
2.044
2.0409
2.0381
2.0355
2.0333
2.0312
2.0293
2.0275
2.0259
2.0244
2.0231
2.0218
2.0206
2.0195
2.0184
2.0174
2.0165
2.0156
2.0147
2.0139
2.0131
2.0124
2.0117
2.011
2.0104
2.0097
2.0091
2.0085
2.0079
2.0074
2.0068
2.0063
2.0058
2.0053
2.0048
2.0043
2.0038
2.0034
2.0029
2.0025
2.002
2.0016
2.0011
2.0007
2.0003
1.9999
1.9995
1.9991
1.9987
1.9983
1.9979
1.9975
1.9971
1.9967
1.9963
1.9959
1.9955
1.9951
1.9947
1.9944
1.994
1.9936
1.9932
1.9928
1.9924
1.9921
1.9917
1.9913
1.9909
1.9905
1.9902
1.9898
1.9894
1.989
1.9886
1.9882
1.9878
1.9874
1.9871
1.9867
1.9863
1.9859
1.9855
1.9851
1.9847
1.9843
1.9839
1.9835
1.983
1.9826
1.9822
1.9818
1.9814
1.981
1.9805
1.9801
1.9797
1.9793
1.9788
1.9784
1.978
1.9775
1.9771
1.9766
1.9762
1.9757
1.9753
1.9748
1.9744
1.9739
1.9734
1.973
1.9725
1.972
1.9715
1.971
1.9706
1.9701
1.9696
1.9691
1.9686
1.9681
1.9676
1.9671
1.9666
1.9661
1.9656
1.965
1.9645
1.964
1.9635
1.9629
1.9624
1.9619
1.9613
1.9608
1.9602
1.9597
1.9592
1.9586
1.958
1.9575
1.9569
1.9564
1.9558
1.9552
1.9546
1.9541
1.9535
1.9529
1.9523
1.9517
1.9512
1.9506
1.95
1.9494
1.9488
1.9482
1.9476
1.947
1.9464
1.9458
1.9452
1.9446
1.944
1.9434
1.9427
1.9421
1.9415
1.9409
1.9403
1.9397
1.939
1.9384
1.9378
1.9372
1.9365
1.9359
1.9353
1.9347
1.934
1.9334
1.9328
1.9321
1.9315
1.9309
1.9302
1.9296
1.929
1.9283
1.9277
1.9271
1.9264
1.9258
1.9251
1.9245
1.9238
1.9232
1.9226
1.9219
1.9213
1.9206
1.92
1.9193
1.9187
1.918
1.9173
1.9167
1.916
1.9154
1.9147
1.914
1.9133
1.9127
1.912
1.9113
1.9106
1.9099
1.9092
1.9085
1.9078
1.9071
1.9064
1.9057
1.905
1.9042
1.9035
1.9027
1.902
1.9012
1.9005
1.8997
1.8989
1.8981
1.8972
1.8964
1.8956
1.8947
1.8938
1.8929
1.892
1.8911
1.8901
1.8891
1.8881
1.8871
1.886
1.885
1.8838
1.8827
1.8814
1.8802
1.8789
1.8775
1.8761
1.8747
1.8731
1.8715
1.8698
1.868
1.8662
1.8642
1.8621
1.8598
1.8574
1.8549
1.8522
1.8493
1.8461
1.8428
1.8391
1.8352
1.8309
1.8262
1.8211
1.8156
1.8095
1.8028
1.7955
1.7874
1.7785
1.7687
1.7578
1.7458
1.7326
1.718
1.702
1.6844
1.6651
1.6441
1.6213
1.5967
1.5702
1.542
1.5121
1.4806
1.4477
1.4136
1.3783
1.3422
1.3055
1.2683
1.2309
1.1934
1.1561
1.119
1.0823
1.0462
1.0108
.9761
.9422
.9093
.8773
.8463
.8163
.7874
.7596
.7328
.7071
.6826
.659
.6365
.6151
.5946
.5751
.5565
.5388
.5219
.5059
.4906
.4761
.4623
.4491
.4365
.4246
.4132
.4023
.392
.3821
.3726
.3636
.355
.3467
.3388
.3312
.3239
.317
.3103
.3038
.2977
.2917
.286
.2805
.2752
.2701
.2652
.2604
.2558
.2514
.2471
.2429
.2389
.235
.2313
.2276
.2241
.2207
.2174
.2141
.211
.208
.205
.2021
.1993
.1966
.194
.1914
.1889
.1864
.1841
.1817
.1795
.1773
.1751
.173
.171
.169
.167
.1651
.1632
.1614
.1596
.1579
.1562
.1545
.1529
.1513
.1497
.1482
.1466
.1452
.1437
.1423
.1409
.1396
.1382
.1369
.1356
.1344
.1331
.1319
.1307
.1296
.1284
.1273
.1262
.1251
.124
.1229
.1219
.1209
.1199
.1189
.1179
.117
.116
.1151
.1142
.1133
.1124
.1116
.1107
.1099
.1091
.1082
.1074
.1066
.1059
.1051
.1043
.1036
.1029
.1021
.1014
.1007
.1
.0993
.0987
.098
.0973
.0967
.096
.0954
.0948
.0942
.0936
.093
.0924
.0918
.0912
.0906
.0901
.0895
.089
.0884
.0879
.0874
.0868
.0863
.0858
.0853
.0848
.0843
.0838
.0834
.0829
.0824
.0819
.0815
.081
.0806
.0801
.0797
.0793
.0788
.0784
.078
.0776
.0771
.0767
.0763
.0759
.0755
.0752
.0748
.0744
.074
.0736
.0733
.0729
.0725
.0722
.0718
.0715
.0711
.0708
.0704
.0701
.0697
.0694
.0691
.0687
.0684
.0681
.0678
.0675
.0672
.0668
.0665
.0662
.0659
.0656
.0653
.065
.0648
.0645
.0642
.0639
.0636
.0633
.0631
.0628
.0625
.0623
.062
.0617
.0615
.0612
.0609
.0607
.0604
.0602
.0599
.0597
.0594
.0592
.059
.0587
.0585
.0583
.058
.0578
.0576
.0573
.0571
.0569
.0567
.0564
.0562
.056
.0558
.0556
.0554
.0551
.0549
.0547
.0545
.0543
.0541
.0539
.0537
.0535
.0533
.0531
.0529
.0527
.0525
.0524
.0522
.052
.0518
.0516
.0514
.0512
.0511
.0509
.0507
.0505
.0504
.0502
.05
.0498
