4.6516
4.3825
4.1076
3.8563
3.6412
3.4576
3.2954
3.146
3.0045
2.8698
2.7436
2.63
2.5329
2.4547
2.3949
2.3503
2.317
2.2915
2.271
2.2537
2.2384
2.2244
2.2113
2.199
2.1873
2.176
2.1653
2.1551
2.1452
2.1359
2.1269
2.1183
2.1101
2.1022
2.0947
2.0874
2.0805
2.0738
2.0673
2.061
2.055
2.0491
2.0434
2.0379
2.0325
2.0272
2.0221
2.017
2.0121
2.0072
2.0024
1.9977
1.993
1.9883
1.9836
1.979
1.9744
1.9697
1.9651
1.9604
1.9557
1.9509
1.9461
1.9413
1.9364
1.9315
1.9266
1.9216
1.9165
1.9115
1.9064
1.9012
1.8961
1.8909
1.8857
1.8804
1.8752
1.87
1.8648
1.8596
1.8544
1.8492
1.8441
1.8389
1.8338
1.8288
1.8238
1.8188
1.8139
1.809
1.8042
1.7994
1.7947
1.79
1.7854
1.7809
1.7764
1.7719
1.7676
1.7633
1.759
1.7548
1.7507
1.7467
1.7427
1.7387
1.7349
1.731
1.7273
1.7236
1.7199
1.7163
1.7128
1.7093
1.7059
1.7025
1.6992
1.6959
1.6927
1.6896
1.6864
1.6833
1.6803
1.6773
1.6744
1.6715
1.6686
1.6658
1.663
1.6603
1.6576
1.6549
1.6523
1.6497
1.6471
1.6445
1.642
1.6396
1.6371
1.6347
1.6323
1.63
1.6276
1.6253
1.623
1.6208
1.6185
1.6163
1.6141
1.6119
1.6098
1.6076
1.6055
1.6034
1.6013
1.5992
1.5971
1.5951
1.593
1.591
1.589
1.587
1.585
1.583
1.581
1.579
1.577
1.5751
1.5731
1.5711
1.5692
1.5672
1.5652
1.5633
1.5613
1.5593
1.5574
1.5554
1.5534
1.5514
1.5494
1.5474
1.5454
1.5433
1.5413
1.5392
1.5372
1.5351
1.533
1.5308
1.5287
1.5265
1.5243
1.5221
1.5199
1.5176
1.5153
1.5129
1.5106
1.5082
1.5057
1.5032
1.5007
1.4982
1.4955
1.4929
1.4902
1.4874
1.4846
1.4817
1.4788
1.4758
1.4727
1.4696
1.4664
1.4631
1.4598
1.4563
1.4528
1.4493
1.4456
1.4418
1.438
1.434
1.43
1.4258
1.4216
1.4173
1.4128
1.4083
1.4036
1.3988
1.394
1.389
1.3839
1.3786
1.3733
1.3679
1.3623
1.3566
1.3507
1.3447
1.3386
1.3323
1.3259
1.3193
1.3125
1.3055
1.2982
1.2907
1.2829
1.2748
1.2663
1.2574
1.2479
1.2379
1.2273
1.2159
1.2037
1.1905
1.1762
1.1607
1.1439
1.1255
1.1055
1.0839
1.0605
1.0354
1.0086
.9804
.9509
.9204
.8893
.858
.8268
.796
.766
.7369
.709
.6823
.657
.633
.6103
.589
.5689
.5501
.5324
.5157
.5
.4853
.4714
.4584
.446
.4343
.4233
.4128
.4029
.3934
.3844
.3758
.3676
.3598
.3523
.3451
.3382
.3315
.3251
.319
.313
.3073
.3017
.2963
.2911
.2861
.2812
.2764
.2718
.2673
.2629
.2586
.2545
.2504
.2465
.2426
.2388
.2351
.2315
.228
.2246
.2212
.2179
.2147
.2116
.2085
.2055
.2025
.1996
.1968
.194
.1913
.1886
.186
.1834
.1809
.1785
.1761
.1737
.1714
.1691
.1669
.1647
.1626
.1605
.1585
.1565
.1545
.1526
.1507
.1489
.1471
.1453
.1435
.1418
.1402
.1385
.1369
.1354
.1338
.1323
.1308
.1294
.128
.1266
.1252
.1239
.1225
.1213
.12
.1188
.1175
.1163
.1152
.114
.1129
.1118
.1107
.1096
.1086
.1076
.1066
.1056
.1046
.1036
.1027
.1018
.1009
.1
.0991
.0982
.0974
.0966
.0958
.0949
.0942
.0934
.0926
.0919
.0911
.0904
.0897
.089
.0883
.0876
.0869
.0863
.0856
.085
.0844
.0837
.0831
.0825
.0819
.0813
.0808
.0802
.0796
.0791
.0785
.078
.0775
.0769
.0764
.0759
.0754
.0749
.0744
.074
.0735
.073
.0725
.0721
.0716
.0712
.0708
.0703
.0699
.0695
.0691
.0686
.0682
.0678
.0674
.067
.0667
.0663
.0659
.0655
.0652
.0648
.0644
.0641
.0637
.0634
.063
.0627
.0623
.062
.0617
.0614
.061
.0607
.0604
.0601
.0598
.0595
.0592
.0589
.0586
.0583
.058
.0577
.0574
.0571
.0568
.0566
.0563
.056
.0558
.0555
.0552
.055
.0547
.0545
.0542
.054
.0537
.0535
.0532
.053
.0527
.0525
.0523
.052
.0518
.0516
.0514
.0511
.0509
.0507
.0505
.0503
.05
.0498
