4.7644
4.4985
4.2277
3.9927
3.8099
3.6706
3.5598
3.4658
3.3811
3.3016
3.2251
3.1508
3.0785
3.0087
2.9424
2.8803
2.8234
2.7724
2.7275
2.6887
2.6558
2.6279
2.6045
2.5845
2.567
2.5514
2.5369
2.5229
2.5091
2.495
2.4804
2.4652
2.4493
2.4325
2.4151
2.3971
2.3787
2.36
2.3412
2.3227
2.3046
2.2871
2.2705
2.2547
2.24
2.2263
2.2136
2.2019
2.1912
2.1813
2.1723
2.164
2.1564
2.1493
2.1427
2.1366
2.1309
2.1255
2.1204
2.1155
2.1109
2.1065
2.1023
2.0982
2.0943
2.0905
2.0868
2.0832
2.0798
2.0763
2.073
2.0698
2.0666
2.0634
2.0604
2.0574
2.0544
2.0515
2.0486
2.0458
2.0431
2.0404
2.0377
2.0351
2.0325
2.0299
2.0274
2.025
2.0226
2.0202
2.0179
2.0156
2.0134
2.0112
2.0091
2.007
2.0049
2.0029
2.001
1.9991
1.9972
1.9954
1.9936
1.9919
1.9902
1.9886
1.987
1.9854
1.9839
1.9824
1.981
1.9796
1.9782
1.9768
1.9755
1.9741
1.9728
1.9715
1.9702
1.9689
1.9676
1.9663
1.9649
1.9636
1.9622
1.9607
1.9593
1.9578
1.9562
1.9546
1.9529
1.9512
1.9494
1.9475
1.9456
1.9436
1.9415
1.9393
1.937
1.9347
1.9323
1.9298
1.9272
1.9245
1.9218
1.919
1.9161
1.9131
1.9101
1.907
1.9039
1.9007
1.8975
1.8942
1.8909
1.8875
1.8841
1.8807
1.8773
1.8739
1.8704
1.8669
1.8635
1.86
1.8565
1.853
1.8496
1.8461
1.8427
1.8393
1.8359
1.8325
1.8292
1.8258
1.8225
1.8192
1.816
1.8128
1.8095
1.8064
1.8032
1.8001
1.797
1.794
1.7909
1.7879
1.7849
1.782
1.7791
1.7762
1.7733
1.7704
1.7676
1.7648
1.762
1.7593
1.7565
1.7538
1.7511
1.7485
1.7458
1.7432
1.7405
1.7379
1.7353
1.7328
1.7302
1.7276
1.7251
1.7225
1.72
1.7174
1.7149
1.7124
1.7098
1.7073
1.7048
1.7022
1.6997
1.6971
1.6946
1.692
1.6894
1.6868
1.6841
1.6815
1.6788
1.6761
1.6734
1.6706
1.6678
1.665
1.6621
1.6591
1.6561
1.6531
1.65
1.6468
1.6436
1.6402
1.6368
1.6333
1.6297
1.6259
1.6221
1.6181
1.6139
1.6096
1.6052
1.6005
1.5956
1.5905
1.5852
1.5795
1.5736
1.5673
1.5607
1.5536
1.5461
1.538
1.5294
1.5201
1.5101
1.4992
1.4875
1.4747
1.4607
1.4455
1.4287
1.4103
1.3901
1.3678
1.3434
1.3165
1.2872
1.2553
1.2211
1.1845
1.146
1.1061
1.0653
1.0242
.9835
.9438
.9054
.8688
.8341
.8015
.771
.7425
.716
.6912
.6682
.6467
.6266
.6077
.5901
.5736
.558
.5433
.5294
.5163
.5038
.492
.4807
.47
.4598
.45
.4406
.4316
.423
.4147
.4068
.3991
.3917
.3845
.3776
.371
.3645
.3583
.3522
.3463
.3406
.3351
.3297
.3245
.3194
.3144
.3096
.3049
.3003
.2958
.2915
.2872
.2831
.279
.275
.2711
.2673
.2636
.26
.2564
.253
.2496
.2462
.243
.2398
.2366
.2336
.2306
.2276
.2247
.2219
.2191
.2164
.2138
.2112
.2086
.2061
.2036
.2012
.1988
.1965
.1943
.192
.1898
.1877
.1856
.1835
.1815
.1795
.1775
.1756
.1737
.1719
.1701
.1683
.1665
.1648
.1631
.1615
.1598
.1582
.1567
.1551
.1536
.1521
.1507
.1492
.1478
.1464
.1451
.1437
.1424
.1411
.1398
.1386
.1374
.1361
.1349
.1338
.1326
.1315
.1304
.1293
.1282
.1271
.1261
.125
.124
.123
.122
.1211
.1201
.1192
.1183
.1173
.1164
.1156
.1147
.1138
.113
.1121
.1113
.1105
.1097
.1089
.1081
.1074
.1066
.1058
.1051
.1044
.1037
.1029
.1022
.1016
.1009
.1002
.0995
.0989
.0982
.0976
.097
.0963
.0957
.0951
.0945
.0939
.0933
.0928
.0922
.0916
.0911
.0905
.09
.0894
.0889
.0884
.0878
.0873
.0868
.0863
.0858
.0853
.0848
.0844
.0839
.0834
.0829
.0825
.082
.0816
.0811
.0807
.0803
.0798
.0794
.079
.0786
.0781
.0777
.0773
.0769
.0765
.0761
.0757
.0754
.075
.0746
.0742
.0738
.0735
.0731
.0728
.0724
.072
.0717
.0713
.071
.0707
.0703
.07
.0697
.0693
.069
.0687
.0684
.068
.0677
.0674
.0671
.0668
.0665
.0662
.0659
.0656
.0653
.065
.0647
.0645
.0642
.0639
.0636
.0633
.0631
.0628
.0625
.0623
.062
.0617
.0615
.0612
.061
.0607
.0605
.0602
.06
.0597
.0595
.0592
.059
.0587
.0585
.0583
.058
.0578
.0576
.0574
.0571
.0569
.0567
.0565
.0562
.056
.0558
.0556
.0554
.0552
.055
.0548
.0546
.0544
.0541
.0539
.0537
.0535
.0534
.0532
.053
.0528
.0526
.0524
.0522
.052
.0518
.0516
.0515
.0513
.0511
.0509
.0507
.0506
.0504
.0502
.05
.0499
