3.9897
3.6663
3.3483
3.0503
2.7839
2.5609
2.3909
2.275
2.2034
2.1616
2.1373
2.1224
2.1126
2.1053
2.0995
2.0945
2.0899
2.0855
2.0813
2.0772
2.0731
2.0691
2.0651
2.0611
2.0571
2.0531
2.0491
2.0451
2.041
2.037
2.0329
2.0288
2.0246
2.0205
2.0162
2.0119
2.0076
2.0032
1.9988
1.9943
1.9898
1.9852
1.9805
1.9758
1.9711
1.9663
1.9614
1.9565
1.9515
1.9464
1.9414
1.9362
1.9311
1.9259
1.9206
1.9153
1.91
1.9047
1.8993
1.8939
1.8884
1.883
1.8775
1.872
1.8665
1.861
1.8555
1.85
1.8445
1.8389
1.8334
1.8279
1.8224
1.8169
1.8114
1.8059
1.8005
1.795
1.7896
1.7842
1.7787
1.7734
1.768
1.7626
1.7572
1.7519
1.7465
1.7412
1.7359
1.7305
1.7252
1.7199
1.7145
1.7091
1.7038
1.6983
1.6929
1.6874
1.6818
1.6762
1.6705
1.6647
1.6588
1.6528
1.6467
1.6403
1.6339
1.6271
1.6202
1.613
1.6055
1.5976
1.5893
1.5806
1.5713
1.5615
1.551
1.5399
1.5279
1.515
1.5011
1.4862
1.47
1.4527
1.434
1.4139
1.3924
1.3695
1.3453
1.3197
1.2929
1.2651
1.2364
1.2071
1.1773
1.1473
1.1174
1.0876
1.0583
1.0294
1.0012
.9737
.947
.9212
.8961
.872
.8486
.8261
.8043
.7833
.7631
.7435
.7246
.7064
.6887
.6717
.6551
.6391
.6237
.6087
.5941
.5801
.5665
.5533
.5405
.5281
.5161
.5045
.4932
.4823
.4718
.4616
.4517
.4421
.4329
.4239
.4153
.4069
.3988
.391
.3834
.376
.3689
.362
.3553
.3489
.3426
.3365
.3307
.325
.3194
.3141
.3088
.3038
.2989
.2941
.2895
.285
.2806
.2763
.2722
.2682
.2642
.2604
.2567
.2531
.2495
.2461
.2427
.2395
.2363
.2332
.2301
.2271
.2242
.2214
.2186
.2159
.2133
.2107
.2082
.2057
.2033
.2009
.1986
.1963
.1941
.192
.1898
.1877
.1857
.1837
.1817
.1798
.1779
.1761
.1743
.1725
.1707
.169
.1673
.1657
.1641
.1625
.1609
.1594
.1578
.1564
.1549
.1535
.1521
.1507
.1493
.148
.1467
.1454
.1441
.1429
.1416
.1404
.1392
.138
.1369
.1357
.1346
.1335
.1324
.1314
.1303
.1293
.1283
.1272
.1263
.1253
.1243
.1234
.1224
.1215
.1206
.1197
.1188
.1179
.1171
.1162
.1154
.1146
.1137
.1129
.1121
.1114
.1106
.1098
.1091
.1083
.1076
.1069
.1061
.1054
.1047
.1041
.1034
.1027
.102
.1014
.1007
.1001
.0995
.0988
.0982
.0976
.097
.0964
.0958
.0952
.0947
.0941
.0935
.093
.0924
.0919
.0913
.0908
.0903
.0897
.0892
.0887
.0882
.0877
.0872
.0867
.0863
.0858
.0853
.0848
.0844
.0839
.0835
.083
.0826
.0821
.0817
.0813
.0808
.0804
.08
.0796
.0792
.0788
.0784
.078
.0776
.0772
.0768
.0764
.076
.0757
.0753
.0749
.0745
.0742
.0738
.0735
.0731
.0728
.0724
.0721
.0717
.0714
.0711
.0707
.0704
.0701
.0698
.0694
.0691
.0688
.0685
.0682
.0679
.0676
.0673
.067
.0667
.0664
.0661
.0658
.0655
.0652
.065
.0647
.0644
.0641
.0639
.0636
.0633
.0631
.0628
.0625
.0623
.062
.0618
.0615
.0613
.061
.0608
.0605
.0603
.06
.0598
.0596
.0593
.0591
.0588
.0586
.0584
.0582
.0579
.0577
.0575
.0573
.057
.0568
.0566
.0564
.0562
.056
.0558
.0556
.0553
.0551
.0549
.0547
.0545
.0543
.0541
.0539
.0537
.0536
.0534
.0532
.053
.0528
.0526
.0524
.0522
.052
.0519
.0517
.0515
.0513
.0511
.051
.0508
.0506
.0504
.0503
.0501
.0499
