4.7207
4.4795
4.2133
3.9395
3.6732
3.421
3.1842
2.9633
2.763
2.5917
2.4576
2.3632
2.303
2.2671
2.246
2.2332
2.2248
2.2186
2.2137
2.2093
2.2052
2.2012
2.1973
2.1933
2.1894
2.1855
2.1816
2.1777
2.1738
2.1699
2.1661
2.1624
2.1587
2.155
2.1514
2.1479
2.1444
2.141
2.1377
2.1344
2.1312
2.1281
2.125
2.122
2.1191
2.1162
2.1134
2.1106
2.1079
2.1052
2.1025
2.1
2.0974
2.0949
2.0924
2.0899
2.0875
2.085
2.0826
2.0802
2.0778
2.0755
2.0731
2.0707
2.0683
2.066
2.0636
2.0612
2.0588
2.0564
2.054
2.0515
2.0491
2.0466
2.0441
2.0416
2.039
2.0364
2.0337
2.0311
2.0283
2.0256
2.0228
2.0199
2.0169
2.0139
2.0109
2.0077
2.0045
2.0011
1.9977
1.9942
1.9905
1.9867
1.9828
1.9787
1.9745
1.97
1.9654
1.9605
1.9555
1.9501
1.9445
1.9386
1.9323
1.9257
1.9187
1.9112
1.9033
1.8949
1.8858
1.8762
1.8658
1.8547
1.8428
1.8299
1.816
1.801
1.7847
1.7671
1.7481
1.7275
1.7053
1.6813
1.6555
1.6278
1.5983
1.567
1.534
1.4995
1.4635
1.4265
1.3886
1.3501
1.3114
1.2726
1.2341
1.1961
1.1588
1.1222
1.0867
1.0521
1.0187
.9865
.9554
.9255
.8967
.8691
.8426
.8172
.7929
.7695
.7472
.7257
.7052
.6855
.6666
.6485
.6312
.6145
.5985
.5832
.5684
.5543
.5407
.5276
.5151
.503
.4913
.4801
.4694
.459
.449
.4393
.43
.421
.4124
.404
.3959
.3881
.3805
.3732
.3662
.3593
.3527
.3463
.3401
.3341
.3282
.3226
.3171
.3118
.3066
.3016
.2967
.292
.2874
.2829
.2785
.2743
.2702
.2662
.2623
.2585
.2547
.2511
.2476
.2442
.2408
.2376
.2344
.2313
.2282
.2253
.2224
.2195
.2168
.2141
.2114
.2089
.2063
.2039
.2015
.1991
.1968
.1945
.1923
.1901
.188
.1859
.1839
.1819
.1799
.178
.1761
.1743
.1724
.1707
.1689
.1672
.1655
.1639
.1623
.1607
.1591
.1576
.1561
.1546
.1531
.1517
.1503
.1489
.1476
.1462
.1449
.1436
.1424
.1411
.1399
.1387
.1375
.1363
.1352
.134
.1329
.1318
.1307
.1297
.1286
.1276
.1266
.1256
.1246
.1236
.1227
.1217
.1208
.1199
.119
.1181
.1172
.1163
.1155
.1146
.1138
.113
.1122
.1114
.1106
.1098
.109
.1083
.1075
.1068
.1061
.1053
.1046
.1039
.1032
.1025
.1019
.1012
.1005
.0999
.0992
.0986
.098
.0974
.0968
.0961
.0956
.095
.0944
.0938
.0932
.0927
.0921
.0916
.091
.0905
.0899
.0894
.0889
.0884
.0879
.0874
.0869
.0864
.0859
.0854
.0849
.0844
.084
.0835
.0831
.0826
.0822
.0817
.0813
.0808
.0804
.08
.0796
.0791
.0787
.0783
.0779
.0775
.0771
.0767
.0763
.0759
.0756
.0752
.0748
.0744
.0741
.0737
.0733
.073
.0726
.0723
.0719
.0716
.0712
.0709
.0706
.0702
.0699
.0696
.0693
.0689
.0686
.0683
.068
.0677
.0674
.0671
.0668
.0665
.0662
.0659
.0656
.0653
.065
.0647
.0644
.0642
.0639
.0636
.0633
.0631
.0628
.0625
.0623
.062
.0617
.0615
.0612
.061
.0607
.0605
.0602
.06
.0597
.0595
.0593
.059
.0588
.0585
.0583
.0581
.0578
.0576
.0574
.0572
.0569
.0567
.0565
.0563
.0561
.0559
.0556
.0554
.0552
.055
.0548
.0546
.0544
.0542
.054
.0538
.0536
.0534
.0532
.053
.0528
.0526
.0524
.0523
.0521
.0519
.0517
.0515
.0513
.0511
.051
.0508
.0506
.0504
.0503
.0501
.0499
