4.4458
4.161
3.8657
3.5838
3.3284
3.1008
2.8988
2.7219
2.572
2.4515
2.3602
2.2946
2.249
2.2174
2.195
2.1783
2.1653
2.1545
2.1452
2.1369
2.1292
2.1219
2.115
2.1084
2.1018
2.0955
2.0892
2.083
2.0768
2.0706
2.0644
2.0581
2.0518
2.0454
2.0389
2.0324
2.0256
2.0187
2.0117
2.0044
1.9969
1.9891
1.9811
1.9728
1.9641
1.955
1.9456
1.9356
1.9252
1.9143
1.9028
1.8907
1.8779
1.8645
1.8502
1.8352
1.8194
1.8027
1.7851
1.7665
1.747
1.7266
1.7052
1.6829
1.6597
1.6356
1.6107
1.585
1.5586
1.5316
1.5041
1.4761
1.4478
1.4191
1.3904
1.3615
1.3326
1.3038
1.2752
1.2468
1.2186
1.1909
1.1635
1.1365
1.11
1.084
1.0586
1.0337
1.0094
.9856
.9625
.9399
.918
.8966
.8758
.8556
.836
.817
.7985
.7806
.7631
.7463
.7299
.714
.6986
.6836
.6691
.6551
.6415
.6282
.6154
.603
.5909
.5792
.5679
.5568
.5461
.5357
.5257
.5159
.5064
.4971
.4881
.4794
.4709
.4627
.4547
.4469
.4393
.4319
.4247
.4178
.411
.4043
.3979
.3916
.3855
.3795
.3737
.3681
.3625
.3572
.3519
.3468
.3418
.3369
.3322
.3275
.323
.3185
.3142
.31
.3058
.3018
.2979
.294
.2902
.2865
.2829
.2794
.2759
.2725
.2692
.266
.2628
.2597
.2566
.2537
.2507
.2479
.2451
.2423
.2396
.237
.2344
.2318
.2293
.2269
.2245
.2221
.2198
.2175
.2153
.2131
.211
.2089
.2068
.2047
.2027
.2008
.1988
.1969
.1951
.1932
.1914
.1897
.1879
.1862
.1845
.1828
.1812
.1796
.178
.1765
.1749
.1734
.1719
.1705
.169
.1676
.1662
.1648
.1635
.1622
.1608
.1595
.1583
.157
.1558
.1545
.1533
.1522
.151
.1498
.1487
.1476
.1465
.1454
.1443
.1432
.1422
.1411
.1401
.1391
.1381
.1371
.1362
.1352
.1343
.1333
.1324
.1315
.1306
.1297
.1289
.128
.1271
.1263
.1255
.1246
.1238
.123
.1222
.1215
.1207
.1199
.1192
.1184
.1177
.1169
.1162
.1155
.1148
.1141
.1134
.1127
.1121
.1114
.1107
.1101
.1094
.1088
.1082
.1076
.1069
.1063
.1057
.1051
.1045
.1039
.1034
.1028
.1022
.1017
.1011
.1006
.1
.0995
.0989
.0984
.0979
.0974
.0969
.0963
.0958
.0953
.0949
.0944
.0939
.0934
.0929
.0925
.092
.0915
.0911
.0906
.0902
.0897
.0893
.0889
.0884
.088
.0876
.0871
.0867
.0863
.0859
.0855
.0851
.0847
.0843
.0839
.0835
.0831
.0828
.0824
.082
.0816
.0813
.0809
.0805
.0802
.0798
.0795
.0791
.0788
.0784
.0781
.0778
.0774
.0771
.0768
.0764
.0761
.0758
.0755
.0751
.0748
.0745
.0742
.0739
.0736
.0733
.073
.0727
.0724
.0721
.0718
.0715
.0712
.0709
.0707
.0704
.0701
.0698
.0696
.0693
.069
.0687
.0685
.0682
.068
.0677
.0674
.0672
.0669
.0667
.0664
.0662
.0659
.0657
.0654
.0652
.0649
.0647
.0645
.0642
.064
.0638
.0635
.0633
.0631
.0629
.0626
.0624
.0622
.062
.0617
.0615
.0613
.0611
.0609
.0607
.0605
.0603
.0601
.0598
.0596
.0594
.0592
.059
.0588
.0586
.0584
.0582
.0581
.0579
.0577
.0575
.0573
.0571
.0569
.0567
.0565
.0564
.0562
.056
.0558
.0556
.0555
.0553
.0551
.0549
.0548
.0546
.0544
.0542
.0541
.0539
.0537
.0536
.0534
.0532
.0531
.0529
.0528
.0526
.0524
.0523
.0521
.052
.0518
.0516
.0515
.0513
.0512
.051
.0509
.0507
.0506
.0504
.0503
.0501
.05
