4.1631
3.8687
3.5734
3.2929
3.0358
2.8067
2.6108
2.4528
2.3348
2.2531
2.1997
2.166
2.1446
2.1307
2.1211
2.1141
2.1085
2.1037
2.0994
2.0954
2.0916
2.0878
2.084
2.0802
2.0764
2.0726
2.0688
2.0649
2.061
2.057
2.053
2.049
2.045
2.0409
2.0368
2.0327
2.0285
2.0244
2.0201
2.0159
2.0116
2.0074
2.003
1.9987
1.9943
1.9899
1.9855
1.9811
1.9766
1.9721
1.9676
1.9631
1.9585
1.954
1.9493
1.9447
1.9401
1.9354
1.9307
1.926
1.9212
1.9165
1.9117
1.9069
1.902
1.8971
1.8922
1.8873
1.8823
1.8773
1.8722
1.8671
1.8619
1.8567
1.8514
1.8461
1.8407
1.8351
1.8295
1.8238
1.818
1.8121
1.806
1.7998
1.7934
1.7869
1.7801
1.7731
1.7658
1.7583
1.7504
1.7422
1.7336
1.7246
1.7152
1.7052
1.6947
1.6836
1.6719
1.6594
1.6462
1.6322
1.6174
1.6017
1.5851
1.5676
1.5492
1.5299
1.5098
1.4888
1.4671
1.4446
1.4217
1.3982
1.3743
1.3501
1.3258
1.3014
1.2769
1.2526
1.2284
1.2044
1.1806
1.1572
1.1341
1.1114
1.089
1.0671
1.0456
1.0245
1.0039
.9837
.9639
.9446
.9257
.9072
.8892
.8716
.8544
.8376
.8212
.8052
.7897
.7745
.7597
.7452
.7312
.7175
.7041
.6911
.6784
.6661
.654
.6423
.6309
.6198
.6089
.5984
.5881
.5781
.5683
.5588
.5495
.5405
.5317
.5231
.5147
.5066
.4986
.4908
.4833
.4759
.4687
.4617
.4548
.4481
.4416
.4352
.429
.4229
.4169
.4111
.4054
.3999
.3945
.3892
.384
.3789
.374
.3691
.3644
.3597
.3552
.3507
.3464
.3421
.338
.3339
.3299
.3259
.3221
.3183
.3146
.311
.3075
.304
.3006
.2973
.294
.2908
.2876
.2845
.2815
.2785
.2756
.2727
.2699
.2671
.2644
.2617
.2591
.2565
.254
.2515
.249
.2466
.2443
.2419
.2396
.2374
.2352
.233
.2309
.2288
.2267
.2247
.2226
.2207
.2187
.2168
.2149
.2131
.2113
.2095
.2077
.206
.2042
.2025
.2009
.1992
.1976
.196
.1945
.1929
.1914
.1899
.1884
.1869
.1855
.1841
.1827
.1813
.1799
.1786
.1772
.1759
.1746
.1734
.1721
.1709
.1696
.1684
.1672
.1661
.1649
.1638
.1626
.1615
.1604
.1593
.1582
.1572
.1561
.1551
.154
.153
.152
.151
.1501
.1491
.1481
.1472
.1463
.1453
.1444
.1435
.1426
.1418
.1409
.14
.1392
.1383
.1375
.1367
.1359
.1351
.1343
.1335
.1327
.1319
.1312
.1304
.1297
.1289
.1282
.1275
.1268
.1261
.1254
.1247
.124
.1233
.1226
.122
.1213
.1207
.12
.1194
.1187
.1181
.1175
.1169
.1163
.1157
.1151
.1145
.1139
.1133
.1127
.1122
.1116
.111
.1105
.1099
.1094
.1089
.1083
.1078
.1073
.1068
.1062
.1057
.1052
.1047
.1042
.1037
.1033
.1028
.1023
.1018
.1013
.1009
.1004
.1
.0995
.0991
.0986
.0982
.0977
.0973
.0969
.0964
.096
.0956
.0952
.0948
.0943
.0939
.0935
.0931
.0927
.0923
.0919
.0916
.0912
.0908
.0904
.09
.0897
.0893
.0889
.0886
.0882
.0878
.0875
.0871
.0868
.0864
.0861
.0857
.0854
.0851
.0847
.0844
.0841
.0837
.0834
.0831
.0828
.0824
.0821
.0818
.0815
.0812
.0809
.0806
.0803
.08
.0797
.0794
.0791
.0788
.0785
.0782
.0779
.0777
.0774
.0771
.0768
.0765
.0763
.076
.0757
.0754
.0752
.0749
.0747
.0744
.0741
.0739
.0736
.0734
.0731
.0729
.0726
.0724
.0721
.0719
.0716
.0714
.0711
.0709
.0707
.0704
.0702
.07
.0697
.0695
.0693
.069
.0688
.0686
.0684
.0681
.0679
.0677
.0675
.0673
.0671
.0668
.0666
.0664
.0662
.066
.0658
.0656
.0654
.0652
.065
.0648
.0646
.0644
.0642
.064
.0638
.0636
.0634
.0632
.063
.0628
.0626
.0625
.0623
.0621
.0619
.0617
.0615
.0613
.0612
.061
.0608
.0606
.0605
.0603
.0601
.0599
.0598
.0596
.0594
.0593
.0591
.0589
.0587
.0586
.0584
.0583
.0581
.0579
.0578
.0576
.0574
.0573
.0571
.057
.0568
.0567
.0565
.0564
.0562
.056
.0559
.0557
.0556
.0554
.0553
.0551
.055
.0549
.0547
.0546
.0544
.0543
.0541
.054
.0539
.0537
.0536
.0534
.0533
.0532
.053
.0529
.0527
.0526
.0525
.0523
.0522
.0521
.0519
.0518
.0517
.0516
.0514
.0513
.0512
.051
.0509
.0508
.0507
.0505
.0504
.0503
.0502
.05
.0499
