4.5905
4.3383
4.0479
3.734
3.4171
3.1163
2.8455
2.6149
2.4327
2.3021
2.2172
2.1659
2.1356
2.1171
2.105
2.0961
2.0889
2.0825
2.0764
2.0705
2.0646
2.0587
2.0527
2.0466
2.0405
2.0342
2.028
2.0216
2.0153
2.0089
2.0024
1.996
1.9895
1.983
1.9766
1.9701
1.9637
1.9572
1.9508
1.9444
1.9381
1.9318
1.9255
1.9193
1.9131
1.907
1.9009
1.8948
1.8888
1.8829
1.877
1.8711
1.8653
1.8596
1.8538
1.8482
1.8425
1.8369
1.8313
1.8258
1.8202
1.8147
1.8092
1.8036
1.7981
1.7926
1.787
1.7814
1.7757
1.77
1.7643
1.7584
1.7525
1.7465
1.7403
1.734
1.7275
1.7209
1.7141
1.707
1.6996
1.692
1.6841
1.6758
1.6671
1.6579
1.6483
1.6381
1.6273
1.6159
1.6037
1.5908
1.577
1.5623
1.5467
1.53
1.5123
1.4935
1.4735
1.4525
1.4305
1.4074
1.3834
1.3586
1.3332
1.3072
1.2808
1.2542
1.2275
1.2009
1.1745
1.1484
1.1227
1.0975
1.0728
1.0487
1.0252
1.0024
.9802
.9586
.9376
.9173
.8975
.8784
.8597
.8417
.8241
.8071
.7906
.7745
.7588
.7436
.7289
.7145
.7005
.6869
.6736
.6607
.6482
.6359
.624
.6124
.6012
.5902
.5795
.569
.5589
.549
.5393
.5299
.5208
.5119
.5032
.4947
.4865
.4784
.4706
.463
.4555
.4483
.4412
.4343
.4276
.421
.4146
.4083
.4023
.3963
.3905
.3848
.3793
.3739
.3686
.3635
.3584
.3535
.3487
.344
.3394
.3349
.3305
.3262
.322
.3179
.3139
.3099
.3061
.3023
.2986
.295
.2915
.288
.2846
.2813
.278
.2748
.2717
.2686
.2656
.2627
.2598
.2569
.2541
.2514
.2487
.2461
.2435
.2409
.2385
.236
.2336
.2312
.2289
.2267
.2244
.2222
.2201
.2179
.2159
.2138
.2118
.2098
.2079
.2059
.204
.2022
.2004
.1986
.1968
.1951
.1934
.1917
.19
.1884
.1868
.1852
.1836
.1821
.1806
.1791
.1776
.1762
.1748
.1734
.172
.1706
.1693
.1679
.1666
.1653
.1641
.1628
.1616
.1604
.1592
.158
.1568
.1557
.1545
.1534
.1523
.1512
.1501
.1491
.148
.147
.146
.145
.144
.143
.142
.141
.1401
.1392
.1382
.1373
.1364
.1355
.1346
.1338
.1329
.1321
.1312
.1304
.1296
.1288
.128
.1272
.1264
.1256
.1248
.1241
.1233
.1226
.1219
.1211
.1204
.1197
.119
.1183
.1176
.117
.1163
.1156
.115
.1143
.1137
.113
.1124
.1118
.1112
.1106
.11
.1094
.1088
.1082
.1076
.107
.1065
.1059
.1054
.1048
.1043
.1037
.1032
.1026
.1021
.1016
.1011
.1006
.1001
.0996
.0991
.0986
.0981
.0976
.0971
.0967
.0962
.0957
.0953
.0948
.0944
.0939
.0935
.093
.0926
.0922
.0917
.0913
.0909
.0905
.09
.0896
.0892
.0888
.0884
.088
.0876
.0872
.0869
.0865
.0861
.0857
.0853
.085
.0846
.0842
.0839
.0835
.0832
.0828
.0825
.0821
.0818
.0814
.0811
.0807
.0804
.0801
.0798
.0794
.0791
.0788
.0785
.0781
.0778
.0775
.0772
.0769
.0766
.0763
.076
.0757
.0754
.0751
.0748
.0745
.0742
.074
.0737
.0734
.0731
.0728
.0726
.0723
.072
.0718
.0715
.0712
.071
.0707
.0704
.0702
.0699
.0697
.0694
.0692
.0689
.0687
.0684
.0682
.0679
.0677
.0675
.0672
.067
.0667
.0665
.0663
.0661
.0658
.0656
.0654
.0651
.0649
.0647
.0645
.0643
.0641
.0638
.0636
.0634
.0632
.063
.0628
.0626
.0624
.0622
.062
.0618
.0616
.0614
.0612
.061
.0608
.0606
.0604
.0602
.06
.0598
.0596
.0594
.0592
.0591
.0589
.0587
.0585
.0583
.0581
.058
.0578
.0576
.0574
.0573
.0571
.0569
.0567
.0566
.0564
.0562
.0561
.0559
.0557
.0556
.0554
.0552
.0551
.0549
.0548
.0546
.0544
.0543
.0541
.054
.0538
.0537
.0535
.0534
.0532
.053
.0529
.0527
.0526
.0525
.0523
.0522
.052
.0519
.0517
.0516
.0514
.0513
.0512
.051
.0509
.0507
.0506
.0505
.0503
.0502
.0501
.0499
