4.7939
4.5637
4.3047
4.0333
3.7662
3.5128
3.2744
3.0495
2.8397
2.6521
2.4967
2.3802
2.3006
2.2485
2.2139
2.1891
2.1696
2.153
2.1381
2.1243
2.1113
2.099
2.0873
2.0761
2.0654
2.0553
2.0455
2.0362
2.0272
2.0185
2.0102
2.002
1.9941
1.9864
1.9788
1.9714
1.964
1.9568
1.9496
1.9425
1.9354
1.9285
1.9215
1.9146
1.9078
1.901
1.8942
1.8875
1.8809
1.8743
1.8677
1.8612
1.8547
1.8482
1.8419
1.8355
1.8293
1.823
1.8169
1.8107
1.8047
1.7987
1.7927
1.7868
1.781
1.7752
1.7695
1.7638
1.7582
1.7526
1.7471
1.7416
1.7362
1.7308
1.7255
1.7202
1.715
1.7098
1.7046
1.6995
1.6944
1.6894
1.6843
1.6793
1.6743
1.6694
1.6644
1.6595
1.6545
1.6496
1.6447
1.6397
1.6348
1.6298
1.6248
1.6198
1.6148
1.6097
1.6046
1.5994
1.5941
1.5888
1.5834
1.5779
1.5722
1.5665
1.5606
1.5545
1.5482
1.5418
1.5351
1.5281
1.5208
1.5131
1.5051
1.4966
1.4875
1.478
1.4677
1.4567
1.4449
1.4321
1.4183
1.4034
1.3871
1.3695
1.3503
1.3295
1.307
1.2828
1.2567
1.2289
1.1993
1.1682
1.1358
1.1022
1.0678
1.0329
.9977
.9627
.9281
.8941
.861
.829
.7982
.7686
.7404
.7135
.6879
.6637
.6407
.619
.5984
.5789
.5604
.5429
.5263
.5106
.4957
.4815
.4681
.4552
.443
.4314
.4203
.4097
.3996
.39
.3807
.3719
.3634
.3552
.3474
.3399
.3327
.3258
.3191
.3127
.3065
.3006
.2948
.2893
.2839
.2788
.2738
.2689
.2643
.2598
.2554
.2512
.247
.2431
.2392
.2355
.2318
.2283
.2249
.2216
.2183
.2152
.2121
.2091
.2062
.2034
.2007
.198
.1954
.1928
.1904
.1879
.1856
.1833
.181
.1788
.1767
.1746
.1725
.1705
.1686
.1667
.1648
.163
.1612
.1594
.1577
.156
.1544
.1528
.1512
.1496
.1481
.1466
.1452
.1437
.1423
.1409
.1396
.1383
.137
.1357
.1344
.1332
.132
.1308
.1296
.1285
.1273
.1262
.1251
.1241
.123
.122
.1209
.1199
.1189
.118
.117
.1161
.1151
.1142
.1133
.1124
.1116
.1107
.1099
.109
.1082
.1074
.1066
.1058
.105
.1043
.1035
.1028
.1021
.1013
.1006
.0999
.0992
.0985
.0979
.0972
.0965
.0959
.0953
.0946
.094
.0934
.0928
.0922
.0916
.091
.0904
.0899
.0893
.0887
.0882
.0876
.0871
.0866
.086
.0855
.085
.0845
.084
.0835
.083
.0825
.0821
.0816
.0811
.0807
.0802
.0798
.0793
.0789
.0784
.078
.0776
.0771
.0767
.0763
.0759
.0755
.0751
.0747
.0743
.0739
.0735
.0731
.0728
.0724
.072
.0717
.0713
.0709
.0706
.0702
.0699
.0695
.0692
.0689
.0685
.0682
.0679
.0675
.0672
.0669
.0666
.0663
.0659
.0656
.0653
.065
.0647
.0644
.0641
.0638
.0635
.0633
.063
.0627
.0624
.0621
.0619
.0616
.0613
.0611
.0608
.0605
.0603
.06
.0597
.0595
.0592
.059
.0587
.0585
.0583
.058
.0578
.0575
.0573
.0571
.0568
.0566
.0564
.0561
.0559
.0557
.0555
.0552
.055
.0548
.0546
.0544
.0542
.054
.0538
.0535
.0533
.0531
.0529
.0527
.0525
.0523
.0521
.0519
.0517
.0516
.0514
.0512
.051
.0508
.0506
.0504
.0502
.0501
.0499
