5.0415
4.8397
4.5956
4.3176
4.021
3.7189
3.4162
3.1137
2.8186
2.552
2.3413
2.1999
2.1165
2.0696
2.0421
2.0245
2.012
2.0023
1.9942
1.9872
1.9808
1.9749
1.9694
1.9641
1.959
1.9541
1.9494
1.9448
1.9402
1.9358
1.9314
1.927
1.9227
1.9184
1.9141
1.9098
1.9056
1.9012
1.8969
1.8926
1.8882
1.8837
1.8792
1.8747
1.8701
1.8655
1.8608
1.856
1.8512
1.8464
1.8415
1.8365
1.8315
1.8265
1.8214
1.8162
1.8111
1.8059
1.8007
1.7954
1.7902
1.7849
1.7796
1.7743
1.7691
1.7638
1.7585
1.7532
1.748
1.7427
1.7375
1.7323
1.7271
1.722
1.7169
1.7118
1.7067
1.7017
1.6967
1.6917
1.6868
1.6819
1.677
1.6721
1.6673
1.6625
1.6578
1.6531
1.6484
1.6437
1.6391
1.6345
1.6299
1.6254
1.6208
1.6163
1.6118
1.6074
1.6029
1.5985
1.5941
1.5897
1.5854
1.581
1.5767
1.5723
1.568
1.5637
1.5594
1.5551
1.5509
1.5466
1.5423
1.5381
1.5339
1.5296
1.5254
1.5212
1.517
1.5127
1.5085
1.5043
1.5001
1.4959
1.4918
1.4876
1.4834
1.4792
1.475
1.4709
1.4667
1.4626
1.4584
1.4543
1.4501
1.446
1.4418
1.4377
1.4336
1.4295
1.4254
1.4213
1.4172
1.4131
1.409
1.4049
1.4009
1.3968
1.3928
1.3887
1.3847
1.3807
1.3767
1.3727
1.3687
1.3647
1.3608
1.3568
1.3529
1.3489
1.345
1.3411
1.3372
1.3333
1.3294
1.3256
1.3217
1.3179
1.3141
1.3102
1.3065
1.3027
1.2989
1.2951
1.2914
1.2877
1.284
1.2803
1.2766
1.2729
1.2692
1.2656
1.262
1.2583
1.2547
1.2512
1.2476
1.244
1.2405
1.237
1.2334
1.2299
1.2265
1.223
1.2195
1.2161
1.2127
1.2092
1.2058
1.2025
1.1991
1.1957
1.1924
1.1891
1.1858
1.1825
1.1792
1.1759
1.1726
1.1694
1.1662
1.163
1.1598
1.1566
1.1534
1.1502
1.1471
1.144
1.1408
1.1377
1.1347
1.1316
1.1285
1.1255
1.1224
1.1194
1.1164
1.1134
1.1104
1.1074
1.1044
1.1015
1.0986
1.0956
1.0927
1.0898
1.0869
1.084
1.0812
1.0783
1.0755
1.0726
1.0698
1.067
1.0642
1.0614
1.0587
1.0559
1.0532
1.0504
1.0477
1.045
1.0423
1.0396
1.0369
1.0342
1.0315
1.0289
1.0262
1.0236
1.021
1.0184
1.0158
1.0132
1.0106
1.008
1.0055
1.0029
1.0004
.9978
.9953
.9928
.9903
.9878
.9853
.9828
.9804
.9779
.9754
.973
.9706
.9681
.9657
.9633
.9609
.9585
.9562
.9538
.9514
.9491
.9467
.9444
.9421
.9397
.9374
.9351
.9328
.9305
.9283
.926
.9237
.9215
.9192
.917
.9147
.9125
.9103
.9081
.9059
.9037
.9015
.8993
.8971
.8949
.8928
.8906
.8885
.8863
.8842
.882
.8799
.8778
.8757
.8736
.8715
.8694
.8673
.8652
.8631
.8611
.859
.857
.8549
.8529
.8508
.8488
.8468
.8447
.8427
.8407
.8387
.8367
.8347
.8327
.8307
.8288
.8268
.8248
.8229
.8209
.8189
.817
.8151
.8131
.8112
.8093
.8073
.8054
.8035
.8016
.7997
.7978
.7959
.794
.7921
.7902
.7884
.7865
.7846
.7828
.7809
.7791
.7772
.7754
.7735
.7717
.7699
.768
.7662
.7644
.7626
.7608
.759
.7572
.7554
.7536
.7518
.75
.7482
.7464
.7447
.7429
.7411
.7394
.7376
.7359
.7341
.7324
.7306
.7289
.7272
.7254
.7237
.722
.7203
.7185
.7168
.7151
.7134
.7117
.71
.7083
.7066
.7049
.7033
.7016
.6999
.6982
.6966
.6949
.6932
.6916
.6899
.6883
.6866
.685
.6833
.6817
.6801
.6784
.6768
.6752
.6736
.6719
.6703
.6687
.6671
.6655
.6639
.6623
.6607
.6591
.6575
.6559
.6544
.6528
.6512
.6496
.6481
.6465
.6449
.6434
.6418
.6403
.6387
.6372
.6356
.6341
.6325
.631
.6295
.6279
.6264
.6249
.6234
.6219
.6204
.6188
.6173
.6158
.6143
.6128
.6113
.6098
.6084
.6069
.6054
.6039
.6024
.601
.5995
.598
.5966
.5951
.5936
.5922
.5907
.5893
.5878
.5864
.585
.5835
.5821
.5806
.5792
.5778
.5764
.575
.5735
.5721
.5707
.5693
.5679
.5665
.5651
.5637
.5623
.5609
.5595
.5581
.5568
.5554
.554
.5526
.5513
.5499
.5485
.5472
.5458
.5445
.5431
.5418
.5404
.5391
.5377
.5364
.5351
.5337
.5324
.5311
.5297
.5284
.5271
.5258
.5245
.5232
.5219
.5206
.5193
.518
.5167
.5154
.5141
.5128
.5115
.5102
.509
.5077
.5064
.5051
.5039
.5026
.5013
.5001
.4988
.4976
.4963
.4951
.4938
.4926
.4914
.4901
.4889
.4877
.4864
.4852
.484
.4828
.4816
.4804
.4792
.4779
.4767
.4755
.4743
.4732
.472
.4708
.4696
.4684
.4672
.466
.4649
.4637
.4625
.4614
.4602
.459
.4579
.4567
.4556
.4544
.4533
.4521
.451
.4499
.4487
.4476
.4465
.4453
.4442
.4431
.442
.4409
.4398
.4386
.4375
.4364
.4353
.4342
.4331
.4321
.431
.4299
.4288
.4277
.4266
.4256
.4245
.4234
.4224
.4213
.4202
.4192
.4181
.4171
.416
.415
.4139
.4129
.4118
.4108
.4098
.4087
.4077
.4067
.4057
.4047
.4036
.4026
.4016
.4006
.3996
.3986
.3976
.3966
.3956
.3946
.3936
.3926
.3917
.3907
.3897
.3887
.3878
.3868
.3858
.3849
.3839
.3829
.382
.381
.3801
.3791
.3782
.3772
.3763
.3754
.3744
.3735
.3726
.3716
.3707
.3698
.3689
.368
.3671
.3661
.3652
.3643
.3634
.3625
.3616
.3607
.3598
.359
.3581
.3572
.3563
.3554
.3546
.3537
.3528
.3519
.3511
.3502
.3493
.3485
.3476
.3468
.3459
.3451
.3442
.3434
.3426
.3417
.3409
.3401
.3392
.3384
.3376
.3367
.3359
.3351
.3343
.3335
.3327
.3319
.3311
.3303
.3295
.3287
.3279
.3271
.3263
.3255
.3247
.3239
.3231
.3224
.3216
.3208
.32
.3193
.3185
.3178
.317
.3162
.3155
.3147
.314
.3132
.3125
.3117
.311
.3102
.3095
.3088
.308
.3073
.3066
.3059
.3051
.3044
.3037
.303
.3023
.3015
.3008
.3001
.2994
.2987
.298
.2973
.2966
.2959
.2952
.2945
.2938
.2932
.2925
.2918
.2911
.2904
.2898
.2891
.2884
.2878
.2871
.2864
.2858
.2851
.2844
.2838
.2831
.2825
.2818
.2812
.2805
.2799
.2793
.2786
.278
.2773
.2767
.2761
.2754
.2748
.2742
.2736
.2729
.2723
.2717
.2711
.2705
.2699
.2693
.2687
.2681
.2674
.2668
.2662
.2657
.2651
.2645
.2639
.2633
.2627
.2621
.2615
.2609
.2604
.2598
.2592
.2586
.2581
.2575
.2569
.2564
.2558
.2552
.2547
.2541
.2535
.253
.2524
.2519
.2513
.2508
.2502
.2497
.2491
.2486
.2481
.2475
.247
.2464
.2459
.2454
.2449
.2443
.2438
.2433
.2427
.2422
.2417
.2412
.2407
.2402
.2396
.2391
.2386
.2381
.2376
.2371
.2366
.2361
.2356
.2351
.2346
.2341
.2336
.2331
.2326
.2321
.2317
.2312
.2307
.2302
.2297
.2292
.2288
.2283
.2278
.2273
.2269
.2264
.2259
.2255
.225
.2245
.2241
.2236
.2231
.2227
.2222
.2218
.2213
.2209
.2204
.22
.2195
.2191
.2186
.2182
.2177
.2173
.2169
.2164
.216
.2155
.2151
.2147
.2142
.2138
.2134
.213
.2125
.2121
.2117
.2113
.2108
.2104
.21
.2096
.2092
.2088
.2083
.2079
.2075
.2071
.2067
.2063
.2059
.2055
.2051
.2047
.2043
.2039
.2035
.2031
.2027
.2023
.2019
.2015
.2011
.2007
.2003
.2
.1996
.1992
.1988
.1984
.198
.1977
.1973
.1969
.1965
.1962
.1958
.1954
.195
.1947
.1943
.1939
.1936
.1932
.1928
.1925
.1921
.1918
.1914
.191
.1907
.1903
.19
.1896
.1893
.1889
.1886
.1882
.1879
.1875
.1872
.1868
.1865
.1861
.1858
.1854
.1851
.1848
.1844
.1841
.1837
.1834
.1831
.1827
.1824
.1821
.1817
.1814
.1811
.1808
.1804
.1801
.1798
.1795
.1791
.1788
.1785
.1782
.1779
.1775
.1772
.1769
.1766
.1763
.176
.1757
.1753
.175
.1747
.1744
.1741
.1738
.1735
.1732
.1729
.1726
.1723
.172
.1717
.1714
.1711
.1708
.1705
.1702
.1699
.1696
.1693
.169
.1687
.1684
.1681
.1679
.1676
.1673
.167
.1667
.1664
.1661
.1659
.1656
.1653
.165
.1647
.1644
.1642
.1639
.1636
.1633
.1631
.1628
.1625
.1622
.162
.1617
.1614
.1612
.1609
.1606
.1604
.1601
.1598
.1596
.1593
.159
.1588
.1585
.1582
.158
.1577
.1575
.1572
.1569
.1567
.1564
.1562
.1559
.1557
.1554
.1552
.1549
.1547
.1544
.1542
.1539
.1537
.1534
.1532
.1529
.1527
.1524
.1522
.1519
.1517
.1515
.1512
.151
.1507
.1505
.1503
.15
.1498
.1495
.1493
.1491
.1488
.1486
.1484
.1481
.1479
.1477
.1474
.1472
.147
.1468
.1465
.1463
.1461
.1458
.1456
.1454
.1452
.1449
.1447
.1445
.1443
.144
.1438
.1436
.1434
.1432
.1429
.1427
.1425
.1423
.1421
.1419
.1416
.1414
.1412
.141
.1408
.1406
.1404
.1402
.1399
.1397
.1395
.1393
.1391
.1389
.1387
.1385
.1383
.1381
.1379
.1377
.1375
.1373
.137
.1368
.1366
.1364
.1362
.136
.1358
.1356
.1354
.1352
.135
.1348
.1347
.1345
.1343
.1341
.1339
.1337
.1335
.1333
.1331
.1329
.1327
.1325
.1323
.1321
.1319
.1318
.1316
.1314
.1312
.131
.1308
.1306
.1304
.1303
.1301
.1299
.1297
.1295
.1293
.1292
.129
.1288
.1286
.1284
.1282
.1281
.1279
.1277
.1275
.1274
.1272
.127
.1268
.1266
.1265
.1263
.1261
.1259
.1258
.1256
.1254
.1252
.1251
.1249
.1247
.1246
.1244
.1242
.124
.1239
.1237
.1235
.1234
.1232
.123
.1229
.1227
.1225
.1224
.1222
.122
.1219
.1217
.1215
.1214
.1212
.1211
.1209
.1207
.1206
.1204
.1203
.1201
.1199
.1198
.1196
.1195
.1193
.1191
.119
.1188
.1187
.1185
.1184
.1182
.118
.1179
.1177
.1176
.1174
.1173
.1171
.117
.1168
.1167
.1165
.1164
.1162
.1161
.1159
.1158
.1156
.1155
.1153
.1152
.115
.1149
.1147
.1146
.1144
.1143
.1141
.114
.1138
.1137
.1135
.1134
.1133
.1131
.113
.1128
.1127
.1125
.1124
.1123
.1121
.112
.1118
.1117
.1116
.1114
.1113
.1111
.111
.1109
.1107
.1106
.1104
.1103
.1102
.11
.1099
.1098
.1096
.1095
.1094
.1092
.1091
.109
.1088
.1087
.1086
.1084
.1083
.1082
.108
.1079
.1078
.1076
.1075
.1074
.1072
.1071
.107
.1068
.1067
.1066
.1065
.1063
.1062
.1061
.1059
.1058
.1057
.1056
.1054
.1053
.1052
.1051
.1049
.1048
.1047
.1046
.1044
.1043
.1042
.1041
.1039
.1038
.1037
.1036
.1035
.1033
.1032
.1031
.103
.1028
.1027
.1026
.1025
.1024
.1022
.1021
.102
.1019
.1018
.1017
.1015
.1014
.1013
.1012
.1011
.101
.1008
.1007
.1006
.1005
.1004
.1003
.1001
.1
.0999
.0998
.0997
.0996
.0995
.0993
.0992
.0991
.099
.0989
.0988
.0987
.0986
.0985
.0983
.0982
.0981
.098
.0979
.0978
.0977
.0976
.0975
.0974
.0972
.0971
.097
.0969
.0968
.0967
.0966
.0965
.0964
.0963
.0962
.0961
.096
.0958
.0957
.0956
.0955
.0954
.0953
.0952
.0951
.095
.0949
.0948
.0947
.0946
.0945
.0944
.0943
.0942
.0941
.094
.0939
.0938
.0937
.0936
.0935
.0934
.0933
.0932
.0931
.093
.0929
.0928
.0927
.0926
.0925
.0924
.0923
.0922
.0921
.092
.0919
.0918
.0917
.0916
.0915
.0914
.0913
.0912
.0911
.091
.0909
.0908
.0907
.0906
.0905
.0904
.0903
.0903
.0902
.0901
.09
.0899
.0898
.0897
.0896
.0895
.0894
.0893
.0892
.0891
.089
.0889
.0889
.0888
.0887
.0886
.0885
.0884
.0883
.0882
.0881
.088
.0879
.0879
.0878
.0877
.0876
.0875
.0874
.0873
.0872
.0871
.0871
.087
.0869
.0868
.0867
.0866
.0865
.0864
.0864
.0863
.0862
.0861
.086
.0859
.0858
.0857
.0857
.0856
.0855
.0854
.0853
.0852
.0852
.0851
.085
.0849
.0848
.0847
.0846
.0846
.0845
.0844
.0843
.0842
.0841
.0841
.084
.0839
.0838
.0837
.0837
.0836
.0835
.0834
.0833
.0832
.0832
.0831
.083
.0829
.0828
.0828
.0827
.0826
.0825
.0824
.0824
.0823
.0822
.0821
.082
.082
.0819
.0818
.0817
.0817
.0816
.0815
.0814
.0813
.0813
.0812
.0811
.081
.081
.0809
.0808
.0807
.0806
.0806
.0805
.0804
.0803
.0803
.0802
.0801
.08
.08
.0799
.0798
.0797
.0797
.0796
.0795
.0794
.0794
.0793
.0792
.0791
.0791
.079
.0789
.0789
.0788
.0787
.0786
.0786
.0785
.0784
.0783
.0783
.0782
.0781
.0781
.078
.0779
.0778
.0778
.0777
.0776
.0776
.0775
.0774
.0773
.0773
.0772
.0771
.0771
.077
.0769
.0769
.0768
.0767
.0766
.0766
.0765
.0764
.0764
.0763
.0762
.0762
.0761
.076
.076
.0759
.0758
.0758
.0757
.0756
.0755
.0755
.0754
.0753
.0753
.0752
.0751
.0751
.075
.0749
.0749
.0748
.0747
.0747
.0746
.0745
.0745
.0744
.0744
.0743
.0742
.0742
.0741
.074
.074
.0739
.0738
.0738
.0737
.0736
.0736
.0735
.0734
.0734
.0733
.0733
.0732
.0731
.0731
.073
.0729
.0729
.0728
.0727
.0727
.0726
.0726
.0725
.0724
.0724
.0723
.0723
.0722
.0721
.0721
.072
.0719
.0719
.0718
.0718
.0717
.0716
.0716
.0715
.0715
.0714
.0713
.0713
.0712
.0712
.0711
.071
.071
.0709
.0709
.0708
.0707
.0707
.0706
.0706
.0705
.0704
.0704
.0703
.0703
.0702
.0701
.0701
.07
.07
.0699
.0699
.0698
.0697
.0697
.0696
.0696
.0695
.0694
.0694
.0693
.0693
.0692
.0692
.0691
.069
.069
.0689
.0689
.0688
.0688
.0687
.0687
.0686
.0685
.0685
.0684
.0684
.0683
.0683
.0682
.0681
.0681
.068
.068
.0679
.0679
.0678
.0678
.0677
.0677
.0676
.0675
.0675
.0674
.0674
.0673
.0673
.0672
.0672
.0671
.0671
.067
.0669
.0669
.0668
.0668
.0667
.0667
.0666
.0666
.0665
.0665
.0664
.0664
.0663
.0663
.0662
.0662
.0661
.0661
.066
.0659
.0659
.0658
.0658
.0657
.0657
.0656
.0656
.0655
.0655
.0654
.0654
.0653
.0653
.0652
.0652
.0651
.0651
.065
.065
.0649
.0649
.0648
.0648
.0647
.0647
.0646
.0646
.0645
.0645
.0644
.0644
.0643
.0643
.0642
.0642
.0641
.0641
.064
.064
.0639
.0639
.0638
.0638
.0637
.0637
.0636
.0636
.0635
.0635
.0634
.0634
.0633
.0633
.0632
.0632
.0632
.0631
.0631
.063
.063
.0629
.0629
.0628
.0628
.0627
.0627
.0626
.0626
.0625
.0625
.0624
.0624
.0623
.0623
.0623
.0622
.0622
.0621
.0621
.062
.062
.0619
.0619
.0618
.0618
.0617
.0617
.0617
.0616
.0616
.0615
.0615
.0614
.0614
.0613
.0613
.0612
.0612
.0612
.0611
.0611
.061
.061
.0609
.0609
.0608
.0608
.0608
.0607
.0607
.0606
.0606
.0605
.0605
.0604
.0604
.0604
.0603
.0603
.0602
.0602
.0601
.0601
.0601
.06
.06
.0599
.0599
.0598
.0598
.0597
.0597
.0597
.0596
.0596
.0595
.0595
.0595
.0594
.0594
.0593
.0593
.0592
.0592
.0592
.0591
.0591
.059
.059
.0589
.0589
.0589
.0588
.0588
.0587
.0587
.0587
.0586
.0586
.0585
.0585
.0584
.0584
.0584
.0583
.0583
.0582
.0582
.0582
.0581
.0581
.058
.058
.058
.0579
.0579
.0578
.0578
.0578
.0577
.0577
.0576
.0576
.0576
.0575
.0575
.0574
.0574
.0574
.0573
.0573
.0572
.0572
.0572
.0571
.0571
.057
.057
.057
.0569
.0569
.0568
.0568
.0568
.0567
.0567
.0566
.0566
.0566
.0565
.0565
.0565
.0564
.0564
.0563
.0563
.0563
.0562
.0562
.0561
.0561
.0561
.056
.056
.056
.0559
.0559
.0558
.0558
.0558
.0557
.0557
.0557
.0556
.0556
.0555
.0555
.0555
.0554
.0554
.0554
.0553
.0553
.0552
.0552
.0552
.0551
.0551
.0551
.055
.055
.055
.0549
.0549
.0548
.0548
.0548
.0547
.0547
.0547
.0546
.0546
.0546
.0545
.0545
.0544
.0544
.0544
.0543
.0543
.0543
.0542
.0542
.0542
.0541
.0541
.0541
.054
.054
.0539
.0539
.0539
.0538
.0538
.0538
.0537
.0537
.0537
.0536
.0536
.0536
.0535
.0535
.0535
.0534
.0534
.0534
.0533
.0533
.0532
.0532
.0532
.0531
.0531
.0531
.053
.053
.053
.0529
.0529
.0529
.0528
.0528
.0528
.0527
.0527
.0527
.0526
.0526
.0526
.0525
.0525
.0525
.0524
.0524
.0524
.0523
.0523
.0523
.0522
.0522
.0522
.0521
.0521
.0521
.052
.052
.052
.0519
.0519
.0519
.0518
.0518
.0518
.0517
.0517
.0517
.0516
.0516
.0516
.0515
.0515
.0515
.0515
.0514
.0514
.0514
.0513
.0513
.0513
.0512
.0512
.0512
.0511
.0511
.0511
.051
.051
.051
.0509
.0509
.0509
.0508
.0508
.0508
.0508
.0507
.0507
.0507
.0506
.0506
.0506
.0505
.0505
.0505
.0504
.0504
.0504
.0504
.0503
.0503
.0503
.0502
.0502
.0502
.0501
.0501
.0501
.05
.05
.05
