4.0345
3.8585
3.7045
3.5641
3.4298
3.2958
3.1587
3.0179
2.8759
2.7389
2.6157
2.5144
2.4387
2.3863
2.3514
2.3278
2.311
2.298
2.2871
2.2773
2.2683
2.2596
2.2513
2.2432
2.2353
2.2276
2.2201
2.2127
2.2056
2.1986
2.1918
2.1851
2.1786
2.1722
2.166
2.1598
2.1537
2.1476
2.1415
2.1355
2.1294
2.1232
2.1169
2.1104
2.1037
2.0968
2.0895
2.0819
2.0739
2.0654
2.0563
2.0466
2.0362
2.025
2.0129
1.9999
1.9857
1.9705
1.954
1.9362
1.9169
1.8962
1.874
1.8501
1.8246
1.7975
1.7687
1.7383
1.7064
1.673
1.6382
1.6021
1.5649
1.5268
1.4879
1.4485
1.4086
1.3686
1.3285
1.2886
1.249
1.2098
1.1712
1.1333
1.0963
1.0601
1.0249
.9907
.9575
.9254
.8944
.8645
.8357
.808
.7814
.7558
.7313
.7078
.6852
.6636
.6429
.623
.604
.5858
.5684
.5517
.5358
.5205
.5058
.4918
.4783
.4654
.4531
.4412
.4298
.4189
.4084
.3983
.3886
.3793
.3704
.3618
.3535
.3455
.3378
.3304
.3233
.3164
.3098
.3034
.2972
.2912
.2855
.2799
.2745
.2693
.2642
.2593
.2546
.25
.2456
.2413
.2371
.2331
.2291
.2253
.2216
.218
.2145
.2111
.2078
.2046
.2015
.1985
.1955
.1926
.1898
.1871
.1844
.1818
.1793
.1768
.1744
.1721
.1698
.1676
.1654
.1632
.1612
.1591
.1571
.1552
.1533
.1514
.1496
.1478
.1461
.1444
.1427
.1411
.1395
.1379
.1364
.1349
.1334
.132
.1306
.1292
.1278
.1265
.1252
.1239
.1227
.1214
.1202
.119
.1179
.1167
.1156
.1145
.1134
.1123
.1113
.1102
.1092
.1082
.1073
.1063
.1053
.1044
.1035
.1026
.1017
.1008
.1
.0991
.0983
.0975
.0967
.0959
.0951
.0943
.0936
.0928
.0921
.0914
.0907
.09
.0893
.0886
.0879
.0873
.0866
.086
.0853
.0847
.0841
.0835
.0829
.0823
.0817
.0811
.0805
.08
.0794
.0789
.0783
.0778
.0773
.0767
.0762
.0757
.0752
.0747
.0742
.0738
.0733
.0728
.0723
.0719
.0714
.071
.0705
.0701
.0697
.0692
.0688
.0684
.068
.0676
.0672
.0668
.0664
.066
.0656
.0652
.0649
.0645
.0641
.0637
.0634
.063
.0627
.0623
.062
.0616
.0613
.061
.0606
.0603
.06
.0597
.0593
.059
.0587
.0584
.0581
.0578
.0575
.0572
.0569
.0566
.0563
.056
.0558
.0555
.0552
.0549
.0547
.0544
.0541
.0539
.0536
.0533
.0531
.0528
.0526
.0523
.0521
.0518
.0516
.0513
.0511
.0509
.0506
.0504
.0502
.0499
