4.3348
4.1459
4.0138
3.9223
3.8551
3.8016
3.7554
3.7126
3.6705
3.6274
3.5817
3.5322
3.4778
3.4175
3.3506
3.2764
3.1948
3.1063
3.0117
2.9126
2.8109
2.7088
2.6088
2.5132
2.4239
2.3429
2.2715
2.2102
2.1593
2.118
2.0853
2.0598
2.0399
2.0244
2.0122
2.0023
1.994
1.9868
1.9805
1.9748
1.9695
1.9645
1.9597
1.9551
1.9507
1.9464
1.9422
1.9381
1.9342
1.9303
1.9265
1.9228
1.9192
1.9156
1.9121
1.9086
1.9052
1.9019
1.8986
1.8953
1.8921
1.8889
1.8858
1.8827
1.8796
1.8765
1.8735
1.8705
1.8675
1.8646
1.8616
1.8587
1.8558
1.8529
1.85
1.8471
1.8442
1.8413
1.8384
1.8355
1.8325
1.8296
1.8266
1.8236
1.8206
1.8175
1.8144
1.8112
1.8079
1.8045
1.8011
1.7975
1.7938
1.79
1.786
1.7819
1.7775
1.7728
1.768
1.7627
1.7572
1.7512
1.7448
1.7379
1.7303
1.7221
1.7131
1.7032
1.6922
1.6801
1.6666
1.6516
1.6349
1.6161
1.5951
1.5717
1.5455
1.5164
1.4841
1.4487
1.4102
1.3688
1.3247
1.2786
1.231
1.1827
1.1343
1.0866
1.04
.995
.952
.911
.8722
.8357
.8014
.7691
.7389
.7106
.6841
.6593
.6361
.6142
.5938
.5745
.5565
.5395
.5234
.5083
.494
.4805
.4677
.4556
.4441
.4332
.4228
.413
.4036
.3946
.386
.3778
.37
.3625
.3553
.3484
.3418
.3354
.3293
.3234
.3177
.3123
.307
.3019
.297
.2922
.2877
.2832
.2789
.2748
.2707
.2668
.263
.2593
.2557
.2523
.2489
.2456
.2424
.2393
.2363
.2333
.2304
.2276
.2249
.2222
.2196
.2171
.2146
.2122
.2098
.2075
.2052
.203
.2008
.1987
.1966
.1946
.1926
.1907
.1888
.1869
.1851
.1833
.1815
.1798
.1781
.1764
.1748
.1732
.1716
.17
.1685
.167
.1656
.1641
.1627
.1613
.16
.1586
.1573
.156
.1547
.1534
.1522
.151
.1498
.1486
.1474
.1463
.1452
.144
.143
.1419
.1408
.1398
.1387
.1377
.1367
.1357
.1347
.1338
.1328
.1319
.131
.1301
.1292
.1283
.1274
.1265
.1257
.1249
.124
.1232
.1224
.1216
.1208
.12
.1193
.1185
.1177
.117
.1163
.1156
.1148
.1141
.1134
.1127
.1121
.1114
.1107
.1101
.1094
.1088
.1081
.1075
.1069
.1063
.1057
.1051
.1045
.1039
.1033
.1027
.1021
.1016
.101
.1005
.0999
.0994
.0989
.0983
.0978
.0973
.0968
.0963
.0958
.0953
.0948
.0943
.0938
.0933
.0928
.0924
.0919
.0914
.091
.0905
.0901
.0896
.0892
.0888
.0883
.0879
.0875
.0871
.0867
.0862
.0858
.0854
.085
.0846
.0842
.0839
.0835
.0831
.0827
.0823
.082
.0816
.0812
.0809
.0805
.0801
.0798
.0794
.0791
.0787
.0784
.0781
.0777
.0774
.0771
.0767
.0764
.0761
.0758
.0754
.0751
.0748
.0745
.0742
.0739
.0736
.0733
.073
.0727
.0724
.0721
.0718
.0715
.0712
.0709
.0707
.0704
.0701
.0698
.0696
.0693
.069
.0688
.0685
.0682
.068
.0677
.0675
.0672
.0669
.0667
.0664
.0662
.066
.0657
.0655
.0652
.065
.0648
.0645
.0643
.064
.0638
.0636
.0634
.0631
.0629
.0627
.0625
.0622
.062
.0618
.0616
.0614
.0612
.061
.0607
.0605
.0603
.0601
.0599
.0597
.0595
.0593
.0591
.0589
.0587
.0585
.0583
.0581
.0579
.0578
.0576
.0574
.0572
.057
.0568
.0566
.0565
.0563
.0561
.0559
.0557
.0556
.0554
.0552
.055
.0549
.0547
.0545
.0543
.0542
.054
.0538
.0537
.0535
.0533
.0532
.053
.0529
.0527
.0525
.0524
.0522
.0521
.0519
.0518
.0516
.0515
.0513
.0512
.051
.0509
.0507
.0506
.0504
.0503
.0501
.05
