4.8063
4.5607
4.2922
4.0286
3.7924
3.5888
3.4112
3.2507
3.1005
2.9571
2.8197
2.6902
2.5716
2.4674
2.38
2.3099
2.2554
2.2135
2.1812
2.1557
2.1349
2.1174
2.1022
2.0885
2.076
2.0643
2.0532
2.0425
2.0321
2.022
2.012
2.0022
1.9925
1.9828
1.9732
1.9636
1.9541
1.9446
1.9352
1.9257
1.9163
1.907
1.8977
1.8884
1.8791
1.87
1.8609
1.8518
1.8428
1.8339
1.8251
1.8163
1.8076
1.799
1.7904
1.7819
1.7735
1.7651
1.7568
1.7485
1.7402
1.732
1.7238
1.7155
1.7073
1.699
1.6907
1.6824
1.674
1.6654
1.6568
1.648
1.6391
1.6299
1.6206
1.611
1.6011
1.5909
1.5803
1.5692
1.5578
1.5458
1.5332
1.52
1.506
1.4912
1.4756
1.459
1.4414
1.4226
1.4027
1.3814
1.3589
1.3349
1.3096
1.283
1.2551
1.226
1.1959
1.1649
1.1332
1.1012
1.069
1.0368
1.0048
.9733
.9424
.9122
.8829
.8544
.8269
.8004
.7749
.7504
.7269
.7044
.6828
.6621
.6423
.6234
.6052
.5879
.5713
.5554
.5401
.5255
.5115
.4981
.4853
.4729
.4611
.4497
.4388
.4283
.4183
.4086
.3992
.3903
.3816
.3733
.3653
.3575
.3501
.3429
.3359
.3292
.3227
.3164
.3104
.3045
.2988
.2934
.288
.2829
.2779
.273
.2684
.2638
.2594
.2551
.2509
.2469
.243
.2391
.2354
.2318
.2283
.2249
.2215
.2183
.2151
.2121
.2091
.2061
.2033
.2005
.1978
.1952
.1926
.1901
.1876
.1852
.1829
.1806
.1783
.1761
.174
.1719
.1698
.1678
.1659
.164
.1621
.1602
.1584
.1567
.1549
.1532
.1516
.15
.1484
.1468
.1453
.1438
.1423
.1408
.1394
.138
.1367
.1353
.134
.1327
.1314
.1302
.1289
.1277
.1266
.1254
.1242
.1231
.122
.1209
.1199
.1188
.1178
.1167
.1157
.1148
.1138
.1128
.1119
.111
.1101
.1092
.1083
.1074
.1065
.1057
.1049
.104
.1032
.1024
.1017
.1009
.1001
.0994
.0986
.0979
.0972
.0965
.0958
.0951
.0944
.0937
.0931
.0924
.0918
.0911
.0905
.0899
.0893
.0887
.0881
.0875
.0869
.0863
.0857
.0852
.0846
.0841
.0835
.083
.0825
.082
.0814
.0809
.0804
.0799
.0794
.079
.0785
.078
.0775
.0771
.0766
.0762
.0757
.0753
.0748
.0744
.074
.0735
.0731
.0727
.0723
.0719
.0715
.0711
.0707
.0703
.0699
.0695
.0692
.0688
.0684
.0681
.0677
.0673
.067
.0666
.0663
.0659
.0656
.0653
.0649
.0646
.0643
.064
.0636
.0633
.063
.0627
.0624
.0621
.0618
.0615
.0612
.0609
.0606
.0603
.06
.0597
.0594
.0592
.0589
.0586
.0583
.0581
.0578
.0575
.0573
.057
.0568
.0565
.0562
.056
.0557
.0555
.0553
.055
.0548
.0545
.0543
.0541
.0538
.0536
.0534
.0531
.0529
.0527
.0525
.0523
.052
.0518
.0516
.0514
.0512
.051
.0508
.0506
.0504
.0501
.0499
