4.666
4.4019
4.0705
3.6787
3.257
2.8552
2.5225
2.2864
2.1427
2.0649
2.0247
2.0033
1.9908
1.9824
1.9757
1.9699
1.9642
1.9585
1.9526
1.9465
1.9401
1.9335
1.9264
1.9191
1.9114
1.9033
1.8949
1.886
1.8767
1.8669
1.8566
1.8458
1.8343
1.8222
1.8095
1.796
1.7818
1.7667
1.7508
1.734
1.7162
1.6975
1.6779
1.6573
1.6357
1.6131
1.5897
1.5654
1.5404
1.5147
1.4883
1.4614
1.4341
1.4065
1.3786
1.3506
1.3226
1.2946
1.2668
1.2391
1.2117
1.1847
1.158
1.1318
1.106
1.0807
1.0559
1.0316
1.0079
.9847
.9621
.9401
.9186
.8976
.8773
.8575
.8382
.8195
.8013
.7836
.7664
.7497
.7335
.7178
.7025
.6876
.6732
.6593
.6457
.6325
.6197
.6073
.5953
.5836
.5722
.5612
.5505
.54
.5299
.5201
.5106
.5013
.4923
.4835
.475
.4667
.4587
.4508
.4432
.4358
.4286
.4216
.4147
.4081
.4016
.3953
.3891
.3831
.3773
.3716
.366
.3606
.3553
.3502
.3451
.3402
.3354
.3308
.3262
.3217
.3174
.3131
.3089
.3049
.3009
.297
.2932
.2895
.2859
.2823
.2788
.2754
.2721
.2688
.2656
.2625
.2594
.2564
.2535
.2506
.2478
.245
.2423
.2396
.237
.2344
.2319
.2294
.227
.2246
.2223
.22
.2178
.2156
.2134
.2113
.2092
.2071
.2051
.2031
.2012
.1993
.1974
.1955
.1937
.1919
.1902
.1884
.1867
.1851
.1834
.1818
.1802
.1786
.1771
.1755
.1741
.1726
.1711
.1697
.1683
.1669
.1655
.1642
.1629
.1615
.1603
.159
.1577
.1565
.1553
.1541
.1529
.1517
.1506
.1495
.1483
.1472
.1462
.1451
.144
.143
.1419
.1409
.1399
.1389
.138
.137
.136
.1351
.1342
.1333
.1324
.1315
.1306
.1297
.1288
.128
.1272
.1263
.1255
.1247
.1239
.1231
.1223
.1215
.1208
.12
.1193
.1185
.1178
.1171
.1164
.1157
.115
.1143
.1136
.1129
.1123
.1116
.111
.1103
.1097
.109
.1084
.1078
.1072
.1066
.106
.1054
.1048
.1042
.1037
.1031
.1025
.102
.1014
.1009
.1003
.0998
.0993
.0988
.0982
.0977
.0972
.0967
.0962
.0957
.0952
.0947
.0943
.0938
.0933
.0929
.0924
.0919
.0915
.091
.0906
.0901
.0897
.0893
.0888
.0884
.088
.0876
.0872
.0868
.0863
.0859
.0855
.0851
.0848
.0844
.084
.0836
.0832
.0828
.0825
.0821
.0817
.0814
.081
.0807
.0803
.0799
.0796
.0793
.0789
.0786
.0782
.0779
.0776
.0772
.0769
.0766
.0763
.0759
.0756
.0753
.075
.0747
.0744
.0741
.0738
.0735
.0732
.0729
.0726
.0723
.072
.0717
.0715
.0712
.0709
.0706
.0703
.0701
.0698
.0695
.0693
.069
.0687
.0685
.0682
.0679
.0677
.0674
.0672
.0669
.0667
.0664
.0662
.0659
.0657
.0655
.0652
.065
.0648
.0645
.0643
.0641
.0638
.0636
.0634
.0632
.0629
.0627
.0625
.0623
.0621
.0618
.0616
.0614
.0612
.061
.0608
.0606
.0604
.0602
.06
.0598
.0596
.0594
.0592
.059
.0588
.0586
.0584
.0582
.058
.0578
.0576
.0574
.0572
.0571
.0569
.0567
.0565
.0563
.0562
.056
.0558
.0556
.0555
.0553
.0551
.0549
.0548
.0546
.0544
.0543
.0541
.0539
.0538
.0536
.0534
.0533
.0531
.0529
.0528
.0526
.0525
.0523
.0522
.052
.0519
.0517
.0515
.0514
.0512
.0511
.0509
.0508
.0507
.0505
.0504
.0502
.0501
.0499
