4.3013
4.0242
3.7671
3.5378
3.3312
3.1398
2.9595
2.7923
2.6452
2.5263
2.4392
2.3802
2.3416
2.3157
2.2971
2.2825
2.2702
2.2592
2.2491
2.2396
2.2305
2.2218
2.2134
2.2054
2.1977
2.1904
2.1834
2.1768
2.1705
2.1645
2.1589
2.1536
2.1486
2.1439
2.1395
2.1354
2.1315
2.1279
2.1245
2.1213
2.1183
2.1155
2.1128
2.1102
2.1078
2.1055
2.1033
2.1011
2.099
2.097
2.0951
2.0931
2.0913
2.0894
2.0876
2.0858
2.084
2.0822
2.0804
2.0786
2.0768
2.075
2.0732
2.0714
2.0696
2.0677
2.0659
2.0641
2.0622
2.0603
2.0584
2.0565
2.0546
2.0526
2.0507
2.0487
2.0467
2.0447
2.0426
2.0406
2.0385
2.0364
2.0343
2.0322
2.03
2.0278
2.0256
2.0234
2.0212
2.0189
2.0166
2.0143
2.0119
2.0096
2.0072
2.0047
2.0023
1.9998
1.9973
1.9948
1.9922
1.9897
1.9871
1.9844
1.9818
1.9791
1.9764
1.9737
1.971
1.9682
1.9654
1.9626
1.9598
1.957
1.9541
1.9513
1.9484
1.9455
1.9426
1.9397
1.9368
1.9339
1.931
1.9281
1.9251
1.9222
1.9193
1.9164
1.9135
1.9106
1.9077
1.9049
1.902
1.8992
1.8963
1.8935
1.8907
1.8879
1.8851
1.8824
1.8797
1.8769
1.8742
1.8716
1.8689
1.8663
1.8636
1.861
1.8584
1.8558
1.8533
1.8507
1.8482
1.8457
1.8432
1.8407
1.8382
1.8357
1.8333
1.8308
1.8284
1.8259
1.8235
1.821
1.8186
1.8162
1.8138
1.8113
1.8089
1.8065
1.8041
1.8016
1.7992
1.7967
1.7943
1.7918
1.7894
1.7869
1.7844
1.7819
1.7794
1.7769
1.7744
1.7718
1.7692
1.7667
1.7641
1.7615
1.7589
1.7562
1.7535
1.7509
1.7482
1.7454
1.7427
1.7399
1.7371
1.7342
1.7314
1.7285
1.7255
1.7226
1.7195
1.7165
1.7134
1.7102
1.707
1.7037
1.7004
1.697
1.6935
1.6899
1.6862
1.6824
1.6785
1.6745
1.6703
1.6659
1.6614
1.6567
1.6518
1.6466
1.6412
1.6354
1.6293
1.6229
1.6159
1.6085
1.6005
1.5919
1.5826
1.5724
1.5613
1.5491
1.5358
1.5211
1.5049
1.487
1.4673
1.4455
1.4215
1.3953
1.3667
1.3357
1.3025
1.2673
1.2303
1.1921
1.1531
1.1139
1.0748
1.0364
.999
.963
.9285
.8956
.8644
.8349
.8071
.7808
.756
.7326
.7105
.6896
.6698
.651
.6332
.6162
.6
.5845
.5697
.5555
.5419
.5289
.5163
.5042
.4925
.4812
.4703
.4598
.4495
.4396
.43
.4207
.4117
.4029
.3943
.3861
.378
.3702
.3625
.3551
.3479
.3409
.3341
.3275
.321
.3148
.3087
.3028
.297
.2914
.286
.2807
.2756
.2706
.2658
.2611
.2565
.2521
.2478
.2436
.2395
.2355
.2317
.228
.2243
.2208
.2174
.214
.2108
.2076
.2046
.2016
.1987
.1958
.1931
.1904
.1878
.1852
.1828
.1803
.178
.1757
.1734
.1712
.1691
.167
.165
.163
.161
.1591
.1573
.1555
.1537
.152
.1503
.1486
.147
.1454
.1438
.1423
.1408
.1393
.1379
.1365
.1351
.1338
.1324
.1311
.1299
.1286
.1274
.1262
.125
.1238
.1227
.1216
.1205
.1194
.1183
.1173
.1163
.1152
.1143
.1133
.1123
.1114
.1104
.1095
.1086
.1077
.1069
.106
.1052
.1043
.1035
.1027
.1019
.1011
.1004
.0996
.0989
.0981
.0974
.0967
.096
.0953
.0946
.0939
.0932
.0926
.0919
.0913
.0906
.09
.0894
.0888
.0882
.0876
.087
.0864
.0859
.0853
.0848
.0842
.0837
.0831
.0826
.0821
.0816
.0811
.0806
.0801
.0796
.0791
.0786
.0781
.0777
.0772
.0767
.0763
.0758
.0754
.075
.0745
.0741
.0737
.0733
.0728
.0724
.072
.0716
.0712
.0708
.0705
.0701
.0697
.0693
.0689
.0686
.0682
.0679
.0675
.0671
.0668
.0664
.0661
.0658
.0654
.0651
.0648
.0644
.0641
.0638
.0635
.0632
.0629
.0625
.0622
.0619
.0616
.0613
.0611
.0608
.0605
.0602
.0599
.0596
.0593
.0591
.0588
.0585
.0583
.058
.0577
.0575
.0572
.057
.0567
.0564
.0562
.0559
.0557
.0555
.0552
.055
.0547
.0545
.0543
.054
.0538
.0536
.0534
.0531
.0529
.0527
.0525
.0523
.052
.0518
.0516
.0514
.0512
.051
.0508
.0506
.0504
.0502
.05
