4.9536
4.7453
4.4927
4.2061
3.9074
3.6194
3.3551
3.117
2.9039
2.7169
2.5598
2.4371
2.3491
2.2909
2.2544
2.2318
2.2176
2.2082
2.2016
2.1966
2.1924
2.1888
2.1855
2.1823
2.1792
2.176
2.1729
2.1698
2.1665
2.1632
2.1599
2.1564
2.1529
2.1492
2.1455
2.1417
2.1378
2.1339
2.1298
2.1257
2.1214
2.1171
2.1127
2.1083
2.1038
2.0992
2.0945
2.0898
2.085
2.0801
2.0752
2.0702
2.0652
2.0601
2.0549
2.0496
2.0443
2.0389
2.0334
2.0279
2.0222
2.0165
2.0107
2.0048
1.9988
1.9927
1.9865
1.9803
1.9739
1.9675
1.9609
1.9543
1.9476
1.9408
1.9339
1.9269
1.9198
1.9127
1.9054
1.898
1.8906
1.883
1.8753
1.8675
1.8596
1.8515
1.8432
1.8348
1.8261
1.8173
1.8082
1.7988
1.7891
1.7791
1.7687
1.7578
1.7465
1.7347
1.7223
1.7092
1.6954
1.6808
1.6653
1.6489
1.6314
1.6127
1.5929
1.5718
1.5493
1.5254
1.5001
1.4734
1.4453
1.416
1.3855
1.3539
1.3215
1.2884
1.2549
1.221
1.1872
1.1534
1.12
1.087
1.0546
1.0229
.992
.9619
.9328
.9046
.8773
.851
.8256
.8012
.7778
.7552
.7335
.7126
.6926
.6734
.655
.6373
.6203
.6039
.5882
.5732
.5587
.5448
.5314
.5185
.5062
.4943
.4828
.4718
.4611
.4509
.441
.4315
.4223
.4135
.4049
.3967
.3887
.381
.3735
.3663
.3593
.3526
.346
.3397
.3336
.3276
.3219
.3163
.3109
.3056
.3005
.2955
.2907
.286
.2815
.2771
.2728
.2686
.2645
.2605
.2567
.2529
.2493
.2457
.2422
.2388
.2355
.2323
.2291
.2261
.2231
.2201
.2173
.2145
.2118
.2091
.2065
.2039
.2014
.199
.1966
.1943
.192
.1898
.1876
.1854
.1833
.1813
.1793
.1773
.1754
.1735
.1716
.1698
.168
.1663
.1645
.1629
.1612
.1596
.158
.1564
.1549
.1534
.1519
.1504
.149
.1476
.1462
.1448
.1435
.1422
.1409
.1396
.1384
.1372
.136
.1348
.1336
.1325
.1313
.1302
.1291
.128
.127
.1259
.1249
.1239
.1229
.1219
.1209
.12
.119
.1181
.1172
.1163
.1154
.1145
.1137
.1128
.112
.1111
.1103
.1095
.1087
.1079
.1072
.1064
.1057
.1049
.1042
.1035
.1027
.102
.1013
.1007
.1
.0993
.0986
.098
.0973
.0967
.0961
.0955
.0948
.0942
.0936
.093
.0925
.0919
.0913
.0907
.0902
.0896
.0891
.0886
.088
.0875
.087
.0865
.0859
.0854
.0849
.0845
.084
.0835
.083
.0825
.0821
.0816
.0811
.0807
.0802
.0798
.0794
.0789
.0785
.0781
.0777
.0772
.0768
.0764
.076
.0756
.0752
.0748
.0744
.0741
.0737
.0733
.0729
.0726
.0722
.0718
.0715
.0711
.0708
.0704
.0701
.0697
.0694
.0691
.0687
.0684
.0681
.0677
.0674
.0671
.0668
.0665
.0662
.0659
.0656
.0653
.065
.0647
.0644
.0641
.0638
.0635
.0632
.0629
.0627
.0624
.0621
.0618
.0616
.0613
.061
.0608
.0605
.0602
.06
.0597
.0595
.0592
.059
.0587
.0585
.0582
.058
.0578
.0575
.0573
.0571
.0568
.0566
.0564
.0561
.0559
.0557
.0555
.0553
.055
.0548
.0546
.0544
.0542
.054
.0538
.0536
.0534
.0532
.0529
.0527
.0525
.0524
.0522
.052
.0518
.0516
.0514
.0512
.051
.0508
.0506
.0504
.0503
.0501
.0499
