4.1651
3.8785
3.5976
3.3208
3.0455
2.7777
2.5364
2.347
2.2215
2.1498
2.1118
2.0915
2.0801
2.073
2.0683
2.0648
2.062
2.0596
2.0575
2.0556
2.0538
2.0521
2.0504
2.0488
2.0471
2.0455
2.0439
2.0422
2.0405
2.0388
2.037
2.0351
2.0332
2.0311
2.029
2.0267
2.0244
2.0218
2.0191
2.0163
2.0132
2.0099
2.0064
2.0027
1.9986
1.9943
1.9898
1.9849
1.9797
1.9741
1.9683
1.9621
1.9556
1.9488
1.9417
1.9343
1.9267
1.9188
1.9108
1.9025
1.8942
1.8858
1.8773
1.8688
1.8603
1.8518
1.8434
1.8351
1.8269
1.8188
1.8108
1.803
1.7954
1.7879
1.7805
1.7733
1.7662
1.7592
1.7523
1.7456
1.7389
1.7322
1.7257
1.7191
1.7125
1.706
1.6993
1.6926
1.6858
1.6788
1.6717
1.6643
1.6566
1.6486
1.6402
1.6314
1.622
1.612
1.6013
1.5897
1.5772
1.5637
1.5489
1.5327
1.5149
1.4955
1.4741
1.4507
1.425
1.3971
1.3667
1.3341
1.2992
1.2623
1.2236
1.1836
1.1427
1.1013
1.0599
1.0189
.9786
.9394
.9015
.8651
.8302
.7969
.7652
.7352
.7067
.6797
.6542
.6301
.6073
.5857
.5653
.546
.5278
.5104
.494
.4785
.4637
.4497
.4364
.4237
.4116
.4001
.3892
.3787
.3688
.3593
.3502
.3415
.3331
.3251
.3175
.3102
.3031
.2963
.2898
.2836
.2776
.2718
.2662
.2609
.2557
.2507
.2459
.2412
.2367
.2324
.2282
.2241
.2202
.2163
.2126
.2091
.2056
.2022
.199
.1958
.1927
.1897
.1868
.184
.1812
.1785
.1759
.1734
.1709
.1685
.1662
.1639
.1617
.1595
.1574
.1553
.1533
.1514
.1494
.1476
.1457
.1439
.1422
.1405
.1388
.1372
.1356
.134
.1325
.131
.1295
.1281
.1267
.1253
.1239
.1226
.1213
.12
.1188
.1176
.1164
.1152
.114
.1129
.1118
.1107
.1096
.1086
.1075
.1065
.1055
.1045
.1036
.1026
.1017
.1008
.0999
.099
.0981
.0973
.0964
.0956
.0948
.094
.0932
.0924
.0917
.0909
.0902
.0894
.0887
.088
.0873
.0866
.086
.0853
.0846
.084
.0834
.0827
.0821
.0815
.0809
.0803
.0797
.0791
.0786
.078
.0774
.0769
.0764
.0758
.0753
.0748
.0743
.0738
.0733
.0728
.0723
.0718
.0713
.0709
.0704
.0699
.0695
.069
.0686
.0682
.0677
.0673
.0669
.0665
.0661
.0657
.0653
.0649
.0645
.0641
.0637
.0633
.063
.0626
.0622
.0619
.0615
.0612
.0608
.0605
.0601
.0598
.0594
.0591
.0588
.0585
.0581
.0578
.0575
.0572
.0569
.0566
.0563
.056
.0557
.0554
.0551
.0548
.0545
.0543
.054
.0537
.0534
.0532
.0529
.0526
.0524
.0521
.0519
.0516
.0513
.0511
.0508
.0506
.0504
.0501
.0499
