4.6815
4.4416
4.2199
4.0352
3.8878
3.7687
3.668
3.5783
3.4946
3.4138
3.3337
3.2533
3.1715
3.0877
3.0013
2.9121
2.8198
2.7253
2.6302
2.5377
2.4521
2.3773
2.3157
2.2673
2.2301
2.2013
2.1783
2.159
2.142
2.1263
2.1115
2.0971
2.0833
2.0698
2.0567
2.044
2.0318
2.0201
2.009
1.9983
1.9881
1.9784
1.9691
1.9601
1.9515
1.9432
1.9352
1.9274
1.9198
1.9123
1.9049
1.8977
1.8905
1.8834
1.8763
1.8692
1.862
1.8549
1.8476
1.8403
1.8328
1.8251
1.8172
1.8091
1.8006
1.7918
1.7826
1.7728
1.7625
1.7515
1.7396
1.7269
1.713
1.6978
1.6812
1.6629
1.6426
1.6201
1.5951
1.5672
1.5362
1.5019
1.4641
1.4227
1.3779
1.3301
1.2799
1.228
1.1754
1.1228
1.0713
1.0213
.9735
.9282
.8855
.8456
.8082
.7734
.741
.7109
.6828
.6567
.6324
.6098
.5886
.5688
.5502
.5329
.5165
.5012
.4867
.4731
.4603
.4481
.4366
.4257
.4153
.4054
.3961
.3871
.3786
.3705
.3628
.3553
.3482
.3414
.3349
.3286
.3226
.3168
.3113
.3059
.3008
.2958
.291
.2863
.2818
.2775
.2733
.2692
.2653
.2615
.2578
.2542
.2507
.2473
.2441
.2409
.2378
.2347
.2318
.2289
.2261
.2234
.2208
.2182
.2156
.2132
.2108
.2084
.2061
.2039
.2017
.1995
.1974
.1954
.1933
.1914
.1894
.1875
.1857
.1839
.1821
.1803
.1786
.1769
.1753
.1737
.1721
.1705
.169
.1674
.166
.1645
.1631
.1617
.1603
.1589
.1576
.1562
.1549
.1537
.1524
.1511
.1499
.1487
.1475
.1464
.1452
.1441
.143
.1419
.1408
.1397
.1386
.1376
.1366
.1356
.1346
.1336
.1326
.1316
.1307
.1298
.1288
.1279
.127
.1261
.1253
.1244
.1235
.1227
.1218
.121
.1202
.1194
.1186
.1178
.117
.1163
.1155
.1148
.114
.1133
.1125
.1118
.1111
.1104
.1097
.109
.1084
.1077
.107
.1064
.1057
.1051
.1044
.1038
.1032
.1026
.1019
.1013
.1007
.1001
.0996
.099
.0984
.0978
.0973
.0967
.0962
.0956
.0951
.0945
.094
.0935
.0929
.0924
.0919
.0914
.0909
.0904
.0899
.0894
.089
.0885
.088
.0875
.0871
.0866
.0861
.0857
.0852
.0848
.0844
.0839
.0835
.0831
.0826
.0822
.0818
.0814
.081
.0806
.0802
.0798
.0794
.079
.0786
.0782
.0778
.0774
.0771
.0767
.0763
.0759
.0756
.0752
.0749
.0745
.0741
.0738
.0735
.0731
.0728
.0724
.0721
.0718
.0714
.0711
.0708
.0705
.0701
.0698
.0695
.0692
.0689
.0686
.0683
.068
.0677
.0674
.0671
.0668
.0665
.0662
.0659
.0656
.0654
.0651
.0648
.0645
.0643
.064
.0637
.0634
.0632
.0629
.0627
.0624
.0621
.0619
.0616
.0614
.0611
.0609
.0606
.0604
.0602
.0599
.0597
.0594
.0592
.059
.0587
.0585
.0583
.058
.0578
.0576
.0574
.0572
.0569
.0567
.0565
.0563
.0561
.0559
.0557
.0554
.0552
.055
.0548
.0546
.0544
.0542
.054
.0538
.0536
.0534
.0532
.053
.0529
.0527
.0525
.0523
.0521
.0519
.0517
.0516
.0514
.0512
.051
.0508
.0507
.0505
.0503
.0501
.05
