5.0086
4.8062
4.5581
4.2696
3.9565
3.6387
3.3307
3.0404
2.7755
2.5485
2.3722
2.2498
2.1712
2.1203
2.0847
2.057
2.0334
2.0121
1.9923
1.9737
1.9559
1.9391
1.9231
1.9078
1.8933
1.8795
1.8664
1.8539
1.8419
1.8305
1.8197
1.8093
1.7993
1.7897
1.7805
1.7717
1.7631
1.7549
1.7469
1.7392
1.7317
1.7244
1.7174
1.7105
1.7038
1.6972
1.6908
1.6845
1.6783
1.6722
1.6662
1.6603
1.6545
1.6487
1.643
1.6374
1.6317
1.6261
1.6206
1.615
1.6095
1.604
1.5984
1.5929
1.5873
1.5818
1.5762
1.5706
1.5649
1.5592
1.5534
1.5477
1.5418
1.5359
1.5299
1.5238
1.5177
1.5115
1.5051
1.4987
1.4922
1.4855
1.4788
1.4719
1.4649
1.4577
1.4503
1.4428
1.4351
1.4273
1.4192
1.4109
1.4023
1.3935
1.3843
1.3749
1.3651
1.355
1.3444
1.3333
1.3218
1.3096
1.2968
1.2833
1.2691
1.2539
1.2378
1.2206
1.2022
1.1826
1.1617
1.1394
1.1158
1.0908
1.0646
1.0372
1.0089
.9799
.9505
.9209
.8916
.8627
.8345
.8072
.781
.7559
.732
.7094
.688
.6678
.6487
.6307
.6137
.5976
.5825
.5681
.5545
.5415
.5292
.5175
.5063
.4956
.4854
.4756
.4662
.4572
.4485
.4401
.432
.4242
.4166
.4093
.4022
.3953
.3886
.382
.3757
.3695
.3635
.3577
.352
.3464
.341
.3357
.3305
.3254
.3204
.3156
.3109
.3062
.3017
.2972
.2929
.2886
.2845
.2804
.2764
.2725
.2687
.2649
.2613
.2577
.2541
.2507
.2473
.244
.2408
.2376
.2345
.2315
.2285
.2256
.2227
.2199
.2172
.2145
.2119
.2093
.2068
.2043
.2019
.1995
.1972
.1949
.1927
.1905
.1884
.1863
.1842
.1822
.1802
.1783
.1764
.1745
.1727
.1709
.1691
.1674
.1657
.164
.1624
.1608
.1592
.1576
.1561
.1546
.1532
.1517
.1503
.1489
.1475
.1462
.1449
.1436
.1423
.141
.1398
.1386
.1374
.1362
.1351
.1339
.1328
.1317
.1306
.1295
.1285
.1275
.1264
.1254
.1244
.1235
.1225
.1216
.1206
.1197
.1188
.1179
.117
.1162
.1153
.1145
.1136
.1128
.112
.1112
.1104
.1097
.1089
.1081
.1074
.1067
.1059
.1052
.1045
.1038
.1031
.1024
.1018
.1011
.1004
.0998
.0992
.0985
.0979
.0973
.0967
.0961
.0955
.0949
.0943
.0937
.0932
.0926
.0921
.0915
.091
.0904
.0899
.0894
.0889
.0884
.0879
.0874
.0869
.0864
.0859
.0854
.0849
.0845
.084
.0835
.0831
.0826
.0822
.0818
.0813
.0809
.0805
.08
.0796
.0792
.0788
.0784
.078
.0776
.0772
.0768
.0764
.076
.0757
.0753
.0749
.0746
.0742
.0738
.0735
.0731
.0728
.0724
.0721
.0717
.0714
.0711
.0707
.0704
.0701
.0698
.0694
.0691
.0688
.0685
.0682
.0679
.0676
.0673
.067
.0667
.0664
.0661
.0658
.0655
.0652
.065
.0647
.0644
.0641
.0639
.0636
.0633
.063
.0628
.0625
.0623
.062
.0618
.0615
.0612
.061
.0608
.0605
.0603
.06
.0598
.0595
.0593
.0591
.0588
.0586
.0584
.0582
.0579
.0577
.0575
.0573
.0571
.0568
.0566
.0564
.0562
.056
.0558
.0556
.0554
.0552
.055
.0548
.0546
.0544
.0542
.054
.0538
.0536
.0534
.0532
.053
.0528
.0526
.0524
.0523
.0521
.0519
.0517
.0515
.0514
.0512
.051
.0508
.0507
.0505
.0503
.0502
.05
