3.9766
3.7202
3.4913
3.2946
3.1278
2.9856
2.8633
2.7568
2.6636
2.5822
2.5116
2.4513
2.4007
2.3588
2.3245
2.2964
2.2732
2.2536
2.2366
2.2216
2.208
2.1953
2.1835
2.1723
2.1616
2.1515
2.1419
2.1328
2.1242
2.116
2.1082
2.1009
2.094
2.0875
2.0814
2.0756
2.0701
2.065
2.0602
2.0556
2.0513
2.0472
2.0433
2.0396
2.0361
2.0328
2.0296
2.0266
2.0237
2.021
2.0184
2.0158
2.0134
2.011
2.0088
2.0066
2.0045
2.0024
2.0004
1.9985
1.9966
1.9947
1.9929
1.9911
1.9894
1.9876
1.9859
1.9842
1.9825
1.9808
1.9791
1.9774
1.9757
1.9739
1.9721
1.9703
1.9685
1.9666
1.9646
1.9626
1.9605
1.9583
1.9561
1.9536
1.9511
1.9484
1.9455
1.9424
1.9391
1.9355
1.9315
1.9272
1.9225
1.9173
1.9115
1.9051
1.8978
1.8897
1.8805
1.87
1.8581
1.8445
1.8289
1.8109
1.7903
1.7667
1.7396
1.7088
1.6739
1.6349
1.5918
1.5448
1.4946
1.4417
1.3872
1.3319
1.2766
1.2223
1.1694
1.1184
1.0698
1.0235
.9799
.9388
.9003
.8642
.8304
.7988
.7693
.7417
.7159
.6917
.6691
.6479
.6279
.6092
.5915
.5749
.5592
.5444
.5304
.5171
.5045
.4925
.4812
.4704
.4601
.4502
.4409
.4319
.4233
.4151
.4073
.3997
.3925
.3856
.3789
.3725
.3663
.3604
.3546
.3491
.3438
.3386
.3336
.3288
.3241
.3196
.3153
.311
.3069
.303
.2991
.2953
.2917
.2882
.2847
.2814
.2781
.275
.2719
.2689
.266
.2631
.2604
.2576
.255
.2524
.2499
.2474
.245
.2427
.2404
.2382
.236
.2338
.2317
.2297
.2276
.2257
.2237
.2219
.22
.2182
.2164
.2146
.2129
.2113
.2096
.208
.2064
.2048
.2033
.2018
.2003
.1988
.1974
.196
.1946
.1933
.1919
.1906
.1893
.188
.1868
.1856
.1843
.1831
.182
.1808
.1797
.1785
.1774
.1763
.1753
.1742
.1731
.1721
.1711
.1701
.1691
.1681
.1671
.1662
.1653
.1643
.1634
.1625
.1616
.1607
.1599
.159
.1582
.1573
.1565
.1557
.1549
.1541
.1533
.1525
.1517
.151
.1502
.1495
.1487
.148
.1473
.1466
.1459
.1452
.1445
.1438
.1431
.1424
.1418
.1411
.1405
.1398
.1392
.1386
.1379
.1373
.1367
.1361
.1355
.1349
.1343
.1338
.1332
.1326
.1321
.1315
.1309
.1304
.1298
.1293
.1288
.1282
.1277
.1272
.1267
.1262
.1257
.1252
.1247
.1242
.1237
.1232
.1227
.1222
.1218
.1213
.1208
.1204
.1199
.1195
.119
.1186
.1181
.1177
.1173
.1168
.1164
.116
.1156
.1151
.1147
.1143
.1139
.1135
.1131
.1127
.1123
.1119
.1115
.1111
.1107
.1104
.11
.1096
.1092
.1089
.1085
.1081
.1078
.1074
.107
.1067
.1063
.106
.1056
.1053
.1049
.1046
.1043
.1039
.1036
.1033
.1029
.1026
.1023
.102
.1016
.1013
.101
.1007
.1004
.1001
.0998
.0994
.0991
.0988
.0985
.0982
.0979
.0976
.0974
.0971
.0968
.0965
.0962
.0959
.0956
.0953
.0951
.0948
.0945
.0942
.094
.0937
.0934
.0932
.0929
.0926
.0924
.0921
.0918
.0916
.0913
.0911
.0908
.0906
.0903
.0901
.0898
.0896
.0893
.0891
.0888
.0886
.0884
.0881
.0879
.0876
.0874
.0872
.0869
.0867
.0865
.0863
.086
.0858
.0856
.0854
.0851
.0849
.0847
.0845
.0842
.084
.0838
.0836
.0834
.0832
.083
.0828
.0825
.0823
.0821
.0819
.0817
.0815
.0813
.0811
.0809
.0807
.0805
.0803
.0801
.0799
.0797
.0795
.0793
.0792
.079
.0788
.0786
.0784
.0782
.078
.0778
.0776
.0775
.0773
.0771
.0769
.0767
.0766
.0764
.0762
.076
.0758
.0757
.0755
.0753
.0752
.075
.0748
.0746
.0745
.0743
.0741
.074
.0738
.0736
.0735
.0733
.0731
.073
.0728
.0727
.0725
.0723
.0722
.072
.0719
.0717
.0715
.0714
.0712
.0711
.0709
.0708
.0706
.0705
.0703
.0702
.07
.0699
.0697
.0696
.0694
.0693
.0691
.069
.0688
.0687
.0685
.0684
.0683
.0681
.068
.0678
.0677
.0676
.0674
.0673
.0671
.067
.0669
.0667
.0666
.0665
.0663
.0662
.0661
.0659
.0658
.0657
.0655
.0654
.0653
.0651
.065
.0649
.0648
.0646
.0645
.0644
.0642
.0641
.064
.0639
.0637
.0636
.0635
.0634
.0633
.0631
.063
.0629
.0628
.0626
.0625
.0624
.0623
.0622
.0621
.0619
.0618
.0617
.0616
.0615
.0614
.0612
.0611
.061
.0609
.0608
.0607
.0606
.0604
.0603
.0602
.0601
.06
.0599
.0598
.0597
.0596
.0595
.0593
.0592
.0591
.059
.0589
.0588
.0587
.0586
.0585
.0584
.0583
.0582
.0581
.058
.0579
.0578
.0577
.0576
.0575
.0574
.0573
.0572
.0571
.057
.0569
.0568
.0567
.0566
.0565
.0564
.0563
.0562
.0561
.056
.0559
.0558
.0557
.0556
.0555
.0554
.0553
.0552
.0551
.055
.055
.0549
.0548
.0547
.0546
.0545
.0544
.0543
.0542
.0541
.054
.054
.0539
.0538
.0537
.0536
.0535
.0534
.0533
.0533
.0532
.0531
.053
.0529
.0528
.0527
.0526
.0526
.0525
.0524
.0523
.0522
.0521
.0521
.052
.0519
.0518
.0517
.0516
.0516
.0515
.0514
.0513
.0512
.0512
.0511
.051
.0509
.0508
.0508
.0507
.0506
.0505
.0504
.0504
.0503
.0502
.0501
.0501
.05
