4.1671
3.9469
3.7418
3.5457
3.3503
3.1495
2.9422
2.7349
2.5437
2.3875
2.2771
2.2081
2.1676
2.1438
2.1291
2.1191
2.1117
2.1058
2.1008
2.0963
2.0922
2.0884
2.0847
2.081
2.0775
2.074
2.0706
2.0671
2.0637
2.0603
2.0568
2.0534
2.0499
2.0464
2.0428
2.0393
2.0357
2.032
2.0283
2.0246
2.0208
2.0169
2.013
2.0089
2.0048
2.0007
1.9964
1.992
1.9875
1.9829
1.9782
1.9734
1.9684
1.9632
1.9579
1.9525
1.9468
1.941
1.935
1.9288
1.9223
1.9156
1.9087
1.9014
1.8939
1.8861
1.878
1.8694
1.8605
1.8512
1.8413
1.831
1.82
1.8084
1.796
1.7828
1.7686
1.7533
1.7367
1.7187
1.6991
1.6776
1.654
1.628
1.5993
1.5678
1.5331
1.4951
1.4537
1.4092
1.3618
1.312
1.2605
1.2081
1.1557
1.1041
1.0541
1.006
.9603
.9173
.8769
.8391
.8038
.771
.7404
.7118
.6852
.6603
.6369
.6151
.5945
.5752
.557
.5398
.5235
.5081
.4935
.4796
.4664
.4539
.4419
.4305
.4197
.4093
.3993
.3898
.3808
.3721
.3637
.3557
.3481
.3407
.3336
.3268
.3203
.314
.308
.3022
.2966
.2912
.286
.2809
.2761
.2714
.2669
.2626
.2583
.2543
.2503
.2465
.2428
.2392
.2358
.2324
.2291
.226
.2229
.2199
.217
.2142
.2114
.2088
.2062
.2037
.2012
.1988
.1965
.1942
.192
.1898
.1877
.1856
.1836
.1817
.1797
.1779
.176
.1742
.1725
.1708
.1691
.1674
.1658
.1643
.1627
.1612
.1597
.1583
.1568
.1554
.1541
.1527
.1514
.1501
.1488
.1476
.1464
.1452
.144
.1428
.1417
.1405
.1394
.1383
.1373
.1362
.1352
.1342
.1332
.1322
.1312
.1303
.1293
.1284
.1275
.1266
.1257
.1248
.124
.1231
.1223
.1215
.1206
.1198
.1191
.1183
.1175
.1168
.116
.1153
.1145
.1138
.1131
.1124
.1117
.111
.1104
.1097
.109
.1084
.1077
.1071
.1065
.1059
.1053
.1047
.1041
.1035
.1029
.1023
.1017
.1012
.1006
.1001
.0995
.099
.0985
.0979
.0974
.0969
.0964
.0959
.0954
.0949
.0944
.0939
.0934
.093
.0925
.092
.0916
.0911
.0907
.0902
.0898
.0893
.0889
.0885
.0881
.0876
.0872
.0868
.0864
.086
.0856
.0852
.0848
.0844
.084
.0836
.0833
.0829
.0825
.0822
.0818
.0814
.0811
.0807
.0804
.08
.0797
.0793
.079
.0786
.0783
.078
.0776
.0773
.077
.0767
.0764
.076
.0757
.0754
.0751
.0748
.0745
.0742
.0739
.0736
.0733
.073
.0727
.0724
.0722
.0719
.0716
.0713
.071
.0708
.0705
.0702
.07
.0697
.0694
.0692
.0689
.0687
.0684
.0681
.0679
.0676
.0674
.0671
.0669
.0667
.0664
.0662
.0659
.0657
.0655
.0652
.065
.0648
.0645
.0643
.0641
.0639
.0637
.0634
.0632
.063
.0628
.0626
.0624
.0621
.0619
.0617
.0615
.0613
.0611
.0609
.0607
.0605
.0603
.0601
.0599
.0597
.0595
.0593
.0591
.0589
.0587
.0586
.0584
.0582
.058
.0578
.0576
.0575
.0573
.0571
.0569
.0567
.0566
.0564
.0562
.056
.0559
.0557
.0555
.0554
.0552
.055
.0549
.0547
.0545
.0544
.0542
.0541
.0539
.0537
.0536
.0534
.0533
.0531
.053
.0528
.0527
.0525
.0523
.0522
.052
.0519
.0518
.0516
.0515
.0513
.0512
.051
.0509
.0507
.0506
.0505
.0503
.0502
.05
.0499
