3.9826
3.8815
3.7953
3.7174
3.6427
3.5675
3.4886
3.4034
3.3097
3.2058
3.091
2.9667
2.8374
2.7113
2.5985
2.5071
2.4396
2.3925
2.36
2.3369
2.3195
2.3055
2.2935
2.2827
2.2728
2.2634
2.2543
2.2456
2.2371
2.2287
2.2205
2.2124
2.2045
2.1966
2.1887
2.181
2.1733
2.1656
2.1579
2.1502
2.1425
2.1348
2.1271
2.1193
2.1113
2.1033
2.0951
2.0868
2.0782
2.0694
2.0603
2.0508
2.0408
2.0304
2.0194
2.0076
1.9951
1.9815
1.9667
1.9506
1.9327
1.9129
1.8907
1.8657
1.8374
1.8052
1.7686
1.727
1.68
1.6274
1.5695
1.5069
1.4408
1.3729
1.3048
1.2381
1.1741
1.1135
1.0569
1.0043
.9557
.9109
.8696
.8316
.7965
.7642
.7344
.7068
.6813
.6576
.6355
.615
.5958
.5778
.5609
.5451
.5302
.5162
.503
.4905
.4786
.4673
.4566
.4465
.4368
.4275
.4187
.4102
.4021
.3943
.3869
.3797
.3728
.3662
.3597
.3536
.3476
.3418
.3363
.3308
.3256
.3205
.3156
.3108
.3062
.3017
.2973
.293
.2888
.2847
.2808
.2769
.2731
.2694
.2658
.2623
.2589
.2555
.2522
.249
.2458
.2427
.2397
.2367
.2338
.231
.2282
.2254
.2227
.2201
.2175
.2149
.2124
.2099
.2075
.2051
.2028
.2005
.1983
.1961
.1939
.1917
.1896
.1876
.1855
.1835
.1815
.1796
.1777
.1758
.174
.1722
.1704
.1686
.1669
.1652
.1635
.1619
.1602
.1586
.1571
.1555
.154
.1525
.151
.1496
.1481
.1467
.1453
.144
.1426
.1413
.14
.1387
.1374
.1362
.1349
.1337
.1325
.1314
.1302
.1291
.1279
.1268
.1257
.1247
.1236
.1226
.1215
.1205
.1195
.1185
.1175
.1166
.1156
.1147
.1138
.1129
.112
.1111
.1102
.1094
.1085
.1077
.1069
.1061
.1053
.1045
.1037
.1029
.1022
.1014
.1007
.0999
.0992
.0985
.0978
.0971
.0964
.0958
.0951
.0944
.0938
.0931
.0925
.0919
.0913
.0906
.09
.0894
.0889
.0883
.0877
.0871
.0866
.086
.0855
.0849
.0844
.0839
.0833
.0828
.0823
.0818
.0813
.0808
.0803
.0798
.0794
.0789
.0784
.078
.0775
.0771
.0766
.0762
.0757
.0753
.0749
.0744
.074
.0736
.0732
.0728
.0724
.072
.0716
.0712
.0708
.0705
.0701
.0697
.0693
.069
.0686
.0683
.0679
.0675
.0672
.0669
.0665
.0662
.0658
.0655
.0652
.0649
.0645
.0642
.0639
.0636
.0633
.063
.0627
.0624
.0621
.0618
.0615
.0612
.0609
.0606
.0603
.06
.0598
.0595
.0592
.0589
.0587
.0584
.0582
.0579
.0576
.0574
.0571
.0569
.0566
.0564
.0561
.0559
.0556
.0554
.0552
.0549
.0547
.0545
.0542
.054
.0538
.0535
.0533
.0531
.0529
.0527
.0524
.0522
.052
.0518
.0516
.0514
.0512
.051
.0508
.0506
.0504
.0502
.05
