3.8926
3.5017
3.1213
2.7838
2.5123
2.3176
2.1939
2.122
2.0811
2.0564
2.0396
2.0264
2.0149
2.0041
1.9934
1.9827
1.9719
1.961
1.9498
1.9385
1.9269
1.9152
1.9032
1.891
1.8785
1.8658
1.8527
1.8393
1.8255
1.8112
1.7965
1.7813
1.7654
1.749
1.7318
1.7139
1.6952
1.6756
1.6551
1.6336
1.6112
1.5877
1.5633
1.5378
1.5114
1.4841
1.456
1.4271
1.3976
1.3676
1.3372
1.3066
1.2758
1.2451
1.2145
1.1841
1.1541
1.1245
1.0954
1.0669
1.039
1.0118
.9853
.9595
.9344
.9101
.8865
.8637
.8416
.8202
.7995
.7795
.7602
.7415
.7235
.7061
.6893
.673
.6573
.6422
.6275
.6134
.5997
.5865
.5737
.5613
.5494
.5378
.5266
.5157
.5053
.4951
.4853
.4757
.4665
.4575
.4488
.4404
.4323
.4243
.4167
.4092
.402
.3949
.3881
.3814
.375
.3687
.3626
.3567
.3509
.3453
.3399
.3345
.3294
.3243
.3194
.3146
.31
.3054
.301
.2967
.2925
.2884
.2843
.2804
.2766
.2729
.2692
.2657
.2622
.2588
.2555
.2522
.2491
.2459
.2429
.2399
.237
.2342
.2314
.2287
.226
.2234
.2208
.2183
.2159
.2135
.2111
.2088
.2065
.2043
.2021
.2
.1979
.1958
.1938
.1918
.1898
.1879
.1861
.1842
.1824
.1806
.1789
.1772
.1755
.1738
.1722
.1706
.169
.1674
.1659
.1644
.163
.1615
.1601
.1587
.1573
.1559
.1546
.1533
.152
.1507
.1494
.1482
.147
.1458
.1446
.1434
.1423
.1412
.14
.139
.1379
.1368
.1357
.1347
.1337
.1327
.1317
.1307
.1297
.1288
.1278
.1269
.126
.1251
.1242
.1233
.1225
.1216
.1208
.1199
.1191
.1183
.1175
.1167
.1159
.1151
.1144
.1136
.1129
.1121
.1114
.1107
.11
.1093
.1086
.1079
.1072
.1065
.1059
.1052
.1046
.1039
.1033
.1027
.1021
.1015
.1008
.1002
.0997
.0991
.0985
.0979
.0974
.0968
.0962
.0957
.0952
.0946
.0941
.0936
.0931
.0925
.092
.0915
.091
.0905
.09
.0896
.0891
.0886
.0881
.0877
.0872
.0868
.0863
.0859
.0854
.085
.0846
.0841
.0837
.0833
.0829
.0825
.082
.0816
.0812
.0808
.0804
.0801
.0797
.0793
.0789
.0785
.0782
.0778
.0774
.0771
.0767
.0763
.076
.0756
.0753
.0749
.0746
.0743
.0739
.0736
.0733
.0729
.0726
.0723
.072
.0717
.0713
.071
.0707
.0704
.0701
.0698
.0695
.0692
.0689
.0686
.0684
.0681
.0678
.0675
.0672
.0669
.0667
.0664
.0661
.0659
.0656
.0653
.0651
.0648
.0645
.0643
.064
.0638
.0635
.0633
.063
.0628
.0625
.0623
.0621
.0618
.0616
.0613
.0611
.0609
.0606
.0604
.0602
.06
.0597
.0595
.0593
.0591
.0589
.0586
.0584
.0582
.058
.0578
.0576
.0574
.0572
.057
.0568
.0566
.0564
.0562
.056
.0558
.0556
.0554
.0552
.055
.0548
.0546
.0544
.0543
.0541
.0539
.0537
.0535
.0533
.0532
.053
.0528
.0526
.0525
.0523
.0521
.052
.0518
.0516
.0514
.0513
.0511
.0509
.0508
.0506
.0505
.0503
.0501
.05
