4.402
4.1204
3.8437
3.5857
3.3483
3.1266
2.9172
2.7208
2.5433
2.3933
2.2772
2.195
2.1409
2.1067
2.0852
2.0714
2.0622
2.0556
2.0507
2.0468
2.0434
2.0404
2.0376
2.0349
2.0323
2.0297
2.027
2.0243
2.0216
2.0187
2.0159
2.0129
2.0099
2.0068
2.0036
2.0003
1.997
1.9936
1.99
1.9864
1.9828
1.979
1.9752
1.9713
1.9673
1.9633
1.9591
1.955
1.9507
1.9464
1.9421
1.9377
1.9333
1.9288
1.9243
1.9198
1.9152
1.9106
1.9061
1.9015
1.8969
1.8922
1.8876
1.883
1.8785
1.8739
1.8693
1.8648
1.8603
1.8558
1.8514
1.8469
1.8425
1.8382
1.8339
1.8296
1.8254
1.8212
1.8171
1.813
1.8089
1.8049
1.801
1.7971
1.7932
1.7894
1.7856
1.7819
1.7783
1.7747
1.7711
1.7676
1.7642
1.7607
1.7574
1.7541
1.7508
1.7476
1.7444
1.7413
1.7382
1.7352
1.7322
1.7292
1.7263
1.7235
1.7206
1.7179
1.7151
1.7124
1.7098
1.7071
1.7045
1.702
1.6995
1.697
1.6945
1.6921
1.6897
1.6874
1.6851
1.6828
1.6805
1.6783
1.6761
1.6739
1.6718
1.6697
1.6676
1.6655
1.6635
1.6615
1.6595
1.6575
1.6556
1.6537
1.6518
1.6499
1.648
1.6462
1.6444
1.6426
1.6408
1.639
1.6373
1.6356
1.6338
1.6321
1.6305
1.6288
1.6272
1.6255
1.6239
1.6223
1.6207
1.6191
1.6176
1.616
1.6145
1.613
1.6114
1.6099
1.6084
1.6069
1.6055
1.604
1.6025
1.6011
1.5996
1.5982
1.5967
1.5953
1.5939
1.5925
1.5911
1.5897
1.5883
1.5869
1.5855
1.5841
1.5827
1.5813
1.5799
1.5786
1.5772
1.5758
1.5744
1.573
1.5716
1.5703
1.5689
1.5675
1.5661
1.5647
1.5633
1.5619
1.5605
1.5591
1.5576
1.5562
1.5548
1.5533
1.5518
1.5504
1.5489
1.5474
1.5459
1.5443
1.5428
1.5412
1.5396
1.538
1.5364
1.5347
1.5331
1.5314
1.5296
1.5279
1.5261
1.5243
1.5224
1.5205
1.5185
1.5166
1.5145
1.5124
1.5103
1.5081
1.5058
1.5035
1.5011
1.4986
1.4961
1.4934
1.4907
1.4879
1.4849
1.4819
1.4787
1.4754
1.4719
1.4683
1.4645
1.4605
1.4563
1.4518
1.4472
1.4423
1.437
1.4315
1.4256
1.4193
1.4126
1.4054
1.3977
1.3895
1.3806
1.3709
1.3605
1.3493
1.337
1.3237
1.3093
1.2935
1.2763
1.2576
1.2372
1.2151
1.1912
1.1655
1.138
1.1088
1.0781
1.0462
1.0133
.9799
.9463
.913
.8804
.8486
.8181
.7888
.761
.7347
.7097
.6861
.6639
.6428
.6229
.604
.586
.5689
.5526
.537
.5221
.5078
.4941
.4809
.4681
.4559
.444
.4326
.4216
.4109
.4006
.3906
.3809
.3716
.3626
.3538
.3454
.3372
.3293
.3217
.3143
.3071
.3002
.2935
.287
.2807
.2747
.2688
.2631
.2576
.2523
.2472
.2422
.2374
.2327
.2282
.2238
.2196
.2155
.2115
.2077
.2039
.2003
.1968
.1934
.1901
.1868
.1837
.1807
.1777
.1749
.1721
.1694
.1667
.1642
.1617
.1593
.1569
.1546
.1524
.1502
.148
.146
.1439
.142
.14
.1382
.1363
.1345
.1328
.1311
.1294
.1278
.1262
.1246
.1231
.1216
.1202
.1187
.1174
.116
.1147
.1134
.1121
.1108
.1096
.1084
.1072
.1061
.1049
.1038
.1027
.1017
.1006
.0996
.0986
.0976
.0966
.0957
.0947
.0938
.0929
.092
.0912
.0903
.0895
.0886
.0878
.087
.0862
.0855
.0847
.084
.0832
.0825
.0818
.0811
.0804
.0798
.0791
.0784
.0778
.0772
.0765
.0759
.0753
.0747
.0741
.0735
.073
.0724
.0719
.0713
.0708
.0702
.0697
.0692
.0687
.0682
.0677
.0672
.0667
.0663
.0658
.0653
.0649
.0644
.064
.0635
.0631
.0627
.0623
.0619
.0614
.061
.0606
.0602
.0599
.0595
.0591
.0587
.0583
.058
.0576
.0573
.0569
.0566
.0562
.0559
.0555
.0552
.0549
.0545
.0542
.0539
.0536
.0533
.053
.0527
.0524
.0521
.0518
.0515
.0512
.0509
.0506
.0503
.0501
.0498
