4.3738
4.2045
4.0674
3.9551
3.8591
3.7726
3.6906
3.6096
3.5269
3.4405
3.349
3.2516
3.1477
3.0377
2.923
2.8067
2.6941
2.5919
2.5069
2.4424
2.3971
2.3665
2.3452
2.3295
2.3167
2.3053
2.2945
2.2839
2.2732
2.2622
2.2508
2.2389
2.2264
2.2133
2.1997
2.1854
2.1706
2.1552
2.1394
2.1232
2.1067
2.09
2.0732
2.0565
2.0398
2.0233
2.0071
1.9912
1.9757
1.9606
1.9461
1.932
1.9185
1.9055
1.8931
1.8812
1.8698
1.859
1.8487
1.8388
1.8295
1.8206
1.8121
1.804
1.7964
1.7891
1.7821
1.7754
1.7691
1.763
1.7572
1.7517
1.7463
1.7412
1.7363
1.7316
1.727
1.7226
1.7183
1.7142
1.7102
1.7063
1.7025
1.6989
1.6953
1.6918
1.6884
1.6851
1.6819
1.6787
1.6755
1.6725
1.6695
1.6665
1.6635
1.6607
1.6578
1.6549
1.6521
1.6493
1.6466
1.6438
1.641
1.6382
1.6355
1.6327
1.6299
1.627
1.6242
1.6213
1.6183
1.6153
1.6123
1.6091
1.6059
1.6026
1.5992
1.5956
1.592
1.5881
1.5841
1.5799
1.5755
1.5708
1.5658
1.5605
1.5548
1.5487
1.5421
1.5349
1.5271
1.5185
1.5091
1.4987
1.4871
1.4742
1.4597
1.4433
1.4248
1.4037
1.3797
1.3521
1.3206
1.2846
1.2435
1.197
1.145
1.0878
1.026
.9611
.8946
.8285
.7646
.7043
.6484
.5975
.5514
.5102
.4733
.4404
.411
.3847
.3612
.3401
.3211
.3039
.2883
.2742
.2613
.2495
.2387
.2288
.2196
.2111
.2033
.196
.1892
.1828
.1769
.1713
.1661
.1612
.1566
.1522
.1481
.1442
.1405
.137
.1336
.1305
.1274
.1246
.1218
.1192
.1167
.1143
.112
.1097
.1076
.1056
.1036
.1017
.0999
.0982
.0965
.0948
.0933
.0918
.0903
.0889
.0875
.0862
.0849
.0836
.0824
.0812
.0801
.079
.0779
.0769
.0758
.0749
.0739
.073
.072
.0712
.0703
.0694
.0686
.0678
.067
.0663
.0655
.0648
.0641
.0634
.0627
.062
.0614
.0607
.0601
.0595
.0589
.0583
.0578
.0572
.0567
.0561
.0556
.0551
.0546
.0541
.0536
.0531
.0526
.0522
.0517
.0513
.0508
.0504
.05
