4.4164
4.1722
3.9536
3.7684
3.6133
3.4813
3.3661
3.2632
3.1693
3.0826
3.0012
2.9241
2.8502
2.7788
2.7093
2.6417
2.5763
2.514
2.4557
2.4026
2.3556
2.315
2.2804
2.2512
2.2262
2.2044
2.185
2.1672
2.1506
2.1348
2.1196
2.105
2.0909
2.0773
2.0641
2.0514
2.039
2.0271
2.0156
2.0044
1.9934
1.9826
1.9719
1.9613
1.9506
1.9397
1.9286
1.9171
1.9051
1.8924
1.8789
1.8644
1.8487
1.8315
1.8126
1.7917
1.7685
1.7426
1.7137
1.6815
1.6458
1.6062
1.5629
1.516
1.4658
1.4129
1.3581
1.3022
1.2461
1.1906
1.1364
1.084
1.0338
.9862
.9411
.8987
.8589
.8216
.7868
.7543
.724
.6957
.6693
.6447
.6216
.6001
.5799
.5609
.5431
.5264
.5107
.4958
.4818
.4686
.4561
.4442
.433
.4223
.4122
.4025
.3933
.3846
.3762
.3682
.3605
.3532
.3462
.3395
.333
.3268
.3208
.3151
.3096
.3042
.2991
.2942
.2894
.2848
.2803
.276
.2718
.2677
.2638
.26
.2563
.2528
.2493
.2459
.2427
.2395
.2364
.2334
.2304
.2276
.2248
.2221
.2194
.2169
.2144
.2119
.2095
.2072
.2049
.2027
.2005
.1984
.1963
.1942
.1922
.1903
.1884
.1865
.1847
.1829
.1811
.1794
.1777
.1761
.1744
.1729
.1713
.1698
.1682
.1668
.1653
.1639
.1625
.1611
.1598
.1584
.1571
.1559
.1546
.1533
.1521
.1509
.1497
.1486
.1474
.1463
.1452
.1441
.143
.142
.1409
.1399
.1389
.1379
.1369
.136
.135
.1341
.1331
.1322
.1313
.1304
.1296
.1287
.1278
.127
.1262
.1253
.1245
.1237
.123
.1222
.1214
.1207
.1199
.1192
.1184
.1177
.117
.1163
.1156
.1149
.1142
.1136
.1129
.1122
.1116
.111
.1103
.1097
.1091
.1085
.1079
.1073
.1067
.1061
.1055
.105
.1044
.1038
.1033
.1027
.1022
.1016
.1011
.1006
.1001
.0996
.0991
.0985
.098
.0976
.0971
.0966
.0961
.0956
.0952
.0947
.0942
.0938
.0933
.0929
.0924
.092
.0916
.0911
.0907
.0903
.0899
.0895
.089
.0886
.0882
.0878
.0874
.087
.0867
.0863
.0859
.0855
.0851
.0848
.0844
.084
.0837
.0833
.0829
.0826
.0822
.0819
.0815
.0812
.0809
.0805
.0802
.0799
.0795
.0792
.0789
.0786
.0782
.0779
.0776
.0773
.077
.0767
.0764
.0761
.0758
.0755
.0752
.0749
.0746
.0743
.0741
.0738
.0735
.0732
.0729
.0727
.0724
.0721
.0718
.0716
.0713
.0711
.0708
.0705
.0703
.07
.0698
.0695
.0693
.069
.0688
.0685
.0683
.0681
.0678
.0676
.0673
.0671
.0669
.0666
.0664
.0662
.066
.0657
.0655
.0653
.0651
.0648
.0646
.0644
.0642
.064
.0638
.0636
.0634
.0631
.0629
.0627
.0625
.0623
.0621
.0619
.0617
.0615
.0613
.0611
.0609
.0608
.0606
.0604
.0602
.06
.0598
.0596
.0594
.0593
.0591
.0589
.0587
.0585
.0584
.0582
.058
.0578
.0577
.0575
.0573
.0571
.057
.0568
.0566
.0565
.0563
.0561
.056
.0558
.0556
.0555
.0553
.0552
.055
.0549
.0547
.0545
.0544
.0542
.0541
.0539
.0538
.0536
.0535
.0533
.0532
.053
.0529
.0527
.0526
.0525
.0523
.0522
.052
.0519
.0517
.0516
.0515
.0513
.0512
.0511
.0509
.0508
.0506
.0505
.0504
.0502
.0501
.05
