4.3239
4.1113
3.943
3.8102
3.7002
3.6029
3.5113
3.4213
3.3303
3.2371
3.1414
3.0437
2.9452
2.8476
2.7526
2.6625
2.5792
2.5046
2.4398
2.3853
2.3408
2.3053
2.2773
2.255
2.2368
2.2216
2.2081
2.1957
2.1839
2.1722
2.1605
2.1487
2.1365
2.1241
2.1114
2.0985
2.0853
2.072
2.0586
2.0452
2.0319
2.0186
2.0056
1.9928
1.9803
1.968
1.9561
1.9446
1.9334
1.9225
1.9119
1.9016
1.8916
1.8817
1.8721
1.8626
1.8532
1.8439
1.8345
1.825
1.8154
1.8055
1.7953
1.7848
1.7736
1.7619
1.7493
1.7358
1.7212
1.7052
1.6876
1.6681
1.6463
1.6219
1.5945
1.5635
1.5286
1.4893
1.4452
1.3962
1.3424
1.2843
1.2225
1.1583
1.0931
1.0283
.9653
.905
.8481
.7951
.7462
.7012
.66
.6223
.5879
.5565
.5279
.5016
.4776
.4555
.4352
.4164
.3991
.3831
.3682
.3544
.3416
.3296
.3183
.3078
.2979
.2887
.2799
.2717
.2639
.2566
.2496
.243
.2368
.2308
.2251
.2198
.2146
.2097
.205
.2005
.1962
.1921
.1881
.1843
.1807
.1772
.1738
.1705
.1674
.1644
.1615
.1587
.156
.1533
.1508
.1484
.146
.1437
.1415
.1393
.1372
.1352
.1332
.1313
.1294
.1276
.1258
.1241
.1225
.1208
.1193
.1177
.1162
.1148
.1133
.1119
.1106
.1093
.108
.1067
.1055
.1043
.1031
.1019
.1008
.0997
.0986
.0976
.0965
.0955
.0945
.0936
.0926
.0917
.0908
.0899
.089
.0881
.0873
.0865
.0857
.0849
.0841
.0833
.0826
.0818
.0811
.0804
.0797
.079
.0783
.0776
.077
.0763
.0757
.0751
.0745
.0739
.0733
.0727
.0721
.0716
.071
.0704
.0699
.0694
.0689
.0683
.0678
.0673
.0668
.0663
.0659
.0654
.0649
.0645
.064
.0636
.0631
.0627
.0623
.0618
.0614
.061
.0606
.0602
.0598
.0594
.059
.0587
.0583
.0579
.0575
.0572
.0568
.0565
.0561
.0558
.0554
.0551
.0548
.0545
.0541
.0538
.0535
.0532
.0529
.0526
.0523
.052
.0517
.0514
.0511
.0508
.0505
.0502
.05
