4.1059
3.9564
3.842
3.751
3.6746
3.6066
3.5429
3.4806
3.4177
3.3525
3.284
3.2113
3.1341
3.0525
2.9679
2.8821
2.7983
2.7199
2.6503
2.5918
2.5449
2.5087
2.4814
2.4606
2.4446
2.4319
2.4213
2.4122
2.404
2.3965
2.3894
2.3827
2.3761
2.3698
2.3636
2.3575
2.3514
2.3455
2.3396
2.3337
2.3279
2.322
2.3162
2.3104
2.3045
2.2987
2.2928
2.2869
2.281
2.275
2.269
2.2629
2.2568
2.2506
2.2443
2.2379
2.2313
2.2246
2.2177
2.2106
2.2031
2.1953
2.1869
2.1781
2.1685
2.1581
2.1467
2.1341
2.12
2.1043
2.0865
2.0663
2.0433
2.0172
1.9874
1.9535
1.9152
1.8722
1.8245
1.7722
1.7158
1.6561
1.594
1.5306
1.4669
1.404
1.3427
1.2835
1.2268
1.1731
1.1223
1.0745
1.0298
.9879
.9489
.9124
.8785
.8469
.8175
.79
.7645
.7406
.7183
.6974
.6778
.6595
.6423
.6261
.6109
.5965
.5829
.5701
.5579
.5464
.5355
.5251
.5152
.5058
.4968
.4882
.4799
.4721
.4645
.4573
.4503
.4436
.4371
.4309
.4249
.4191
.4135
.4081
.4029
.3978
.3929
.3881
.3834
.3789
.3745
.3702
.366
.362
.358
.3541
.3503
.3466
.343
.3395
.336
.3326
.3292
.326
.3227
.3196
.3165
.3134
.3104
.3075
.3046
.3017
.2989
.2961
.2934
.2907
.288
.2854
.2828
.2802
.2777
.2752
.2727
.2703
.2679
.2655
.2632
.2608
.2585
.2563
.254
.2518
.2496
.2474
.2453
.2431
.241
.2389
.2369
.2348
.2328
.2308
.2288
.2269
.2249
.223
.2211
.2193
.2174
.2156
.2138
.212
.2102
.2084
.2067
.205
.2033
.2016
.2
.1984
.1967
.1951
.1936
.192
.1905
.189
.1875
.186
.1845
.1831
.1816
.1802
.1788
.1774
.1761
.1747
.1734
.1721
.1708
.1695
.1683
.167
.1658
.1646
.1634
.1622
.161
.1599
.1587
.1576
.1565
.1554
.1543
.1533
.1522
.1512
.1501
.1491
.1481
.1471
.1461
.1452
.1442
.1433
.1423
.1414
.1405
.1396
.1387
.1378
.1369
.1361
.1352
.1344
.1336
.1327
.1319
.1311
.1303
.1295
.1288
.128
.1272
.1265
.1258
.125
.1243
.1236
.1229
.1222
.1215
.1208
.1201
.1194
.1188
.1181
.1175
.1168
.1162
.1155
.1149
.1143
.1137
.1131
.1125
.1119
.1113
.1107
.1101
.1096
.109
.1084
.1079
.1073
.1068
.1063
.1057
.1052
.1047
.1042
.1036
.1031
.1026
.1021
.1016
.1012
.1007
.1002
.0997
.0992
.0988
.0983
.0978
.0974
.0969
.0965
.096
.0956
.0952
.0947
.0943
.0939
.0935
.093
.0926
.0922
.0918
.0914
.091
.0906
.0902
.0898
.0894
.089
.0887
.0883
.0879
.0875
.0872
.0868
.0864
.0861
.0857
.0853
.085
.0846
.0843
.084
.0836
.0833
.0829
.0826
.0823
.0819
.0816
.0813
.081
.0806
.0803
.08
.0797
.0794
.0791
.0788
.0785
.0782
.0779
.0776
.0773
.077
.0767
.0764
.0761
.0758
.0756
.0753
.075
.0747
.0744
.0742
.0739
.0736
.0734
.0731
.0728
.0726
.0723
.0721
.0718
.0715
.0713
.071
.0708
.0705
.0703
.07
.0698
.0696
.0693
.0691
.0688
.0686
.0684
.0681
.0679
.0677
.0675
.0672
.067
.0668
.0666
.0663
.0661
.0659
.0657
.0655
.0652
.065
.0648
.0646
.0644
.0642
.064
.0638
.0636
.0634
.0632
.063
.0628
.0626
.0624
.0622
.062
.0618
.0616
.0614
.0612
.061
.0608
.0607
.0605
.0603
.0601
.0599
.0597
.0596
.0594
.0592
.059
.0588
.0587
.0585
.0583
.0581
.058
.0578
.0576
.0575
.0573
.0571
.057
.0568
.0566
.0565
.0563
.0561
.056
.0558
.0557
.0555
.0553
.0552
.055
.0549
.0547
.0546
.0544
.0543
.0541
.054
.0538
.0537
.0535
.0534
.0532
.0531
.0529
.0528
.0526
.0525
.0524
.0522
.0521
.0519
.0518
.0517
.0515
.0514
.0513
.0511
.051
.0508
.0507
.0506
.0504
.0503
.0502
.0501
.0499
