3.9754
3.7499
3.5537
3.3837
3.2346
3.1015
2.9808
2.8702
2.7684
2.675
2.5899
2.5138
2.4468
2.3893
2.3407
2.3002
2.2666
2.2384
2.2145
2.1936
2.1751
2.1582
2.1425
2.1278
2.1138
2.1005
2.0877
2.0755
2.0638
2.0526
2.0419
2.0316
2.0219
2.0125
2.0036
1.9952
1.9871
1.9794
1.9721
1.9651
1.9584
1.9521
1.946
1.9402
1.9347
1.9295
1.9244
1.9196
1.915
1.9106
1.9063
1.9022
1.8983
1.8946
1.8909
1.8875
1.8841
1.8809
1.8777
1.8747
1.8718
1.8689
1.8662
1.8635
1.8609
1.8584
1.856
1.8536
1.8513
1.8491
1.8469
1.8447
1.8427
1.8406
1.8386
1.8367
1.8348
1.8329
1.8311
1.8293
1.8276
1.8258
1.8242
1.8225
1.8209
1.8193
1.8177
1.8162
1.8147
1.8132
1.8117
1.8102
1.8088
1.8074
1.806
1.8046
1.8033
1.8019
1.8006
1.7993
1.798
1.7967
1.7954
1.7942
1.7929
1.7917
1.7905
1.7893
1.7881
1.7869
1.7857
1.7845
1.7833
1.7822
1.781
1.7799
1.7787
1.7776
1.7764
1.7753
1.7742
1.773
1.7719
1.7708
1.7696
1.7685
1.7674
1.7662
1.7651
1.7639
1.7628
1.7616
1.7604
1.7592
1.758
1.7568
1.7556
1.7544
1.7531
1.7518
1.7505
1.7492
1.7479
1.7465
1.7451
1.7436
1.7421
1.7406
1.739
1.7374
1.7357
1.7339
1.7321
1.7302
1.7283
1.7262
1.7241
1.7218
1.7194
1.7169
1.7143
1.7115
1.7086
1.7054
1.7021
1.6985
1.6947
1.6906
1.6863
1.6816
1.6765
1.671
1.6651
1.6586
1.6517
1.6441
1.6358
1.6267
1.6168
1.606
1.5941
1.5811
1.5668
1.5511
1.5339
1.515
1.4944
1.4719
1.4475
1.421
1.3924
1.3618
1.3292
1.2948
1.2588
1.2214
1.1831
1.1441
1.1049
1.0658
1.0271
.9891
.9521
.9162
.8817
.8485
.8166
.7862
.7572
.7296
.7033
.6782
.6544
.6318
.6102
.5897
.5702
.5517
.534
.5172
.5012
.4859
.4713
.4575
.4442
.4316
.4195
.408
.397
.3865
.3764
.3668
.3576
.3488
.3404
.3323
.3245
.3171
.3099
.3031
.2965
.2902
.2841
.2783
.2726
.2672
.262
.2569
.2521
.2474
.2429
.2385
.2343
.2302
.2263
.2225
.2188
.2152
.2117
.2084
.2051
.202
.1989
.1959
.1931
.1903
.1875
.1849
.1823
.1798
.1774
.175
.1727
.1705
.1683
.1662
.1641
.1621
.1601
.1582
.1563
.1545
.1527
.1509
.1492
.1475
.1459
.1443
.1428
.1412
.1397
.1383
.1368
.1355
.1341
.1327
.1314
.1301
.1289
.1276
.1264
.1252
.1241
.1229
.1218
.1207
.1196
.1186
.1175
.1165
.1155
.1145
.1136
.1126
.1117
.1108
.1099
.109
.1081
.1072
.1064
.1056
.1048
.104
.1032
.1024
.1016
.1009
.1001
.0994
.0987
.098
.0973
.0966
.0959
.0952
.0946
.0939
.0933
.0927
.092
.0914
.0908
.0902
.0897
.0891
.0885
.0879
.0874
.0868
.0863
.0858
.0852
.0847
.0842
.0837
.0832
.0827
.0822
.0817
.0812
.0808
.0803
.0799
.0794
.079
.0785
.0781
.0776
.0772
.0768
.0764
.076
.0756
.0752
.0748
.0744
.074
.0736
.0732
.0728
.0725
.0721
.0717
.0714
.071
.0706
.0703
.0699
.0696
.0693
.0689
.0686
.0683
.0679
.0676
.0673
.067
.0667
.0664
.0661
.0658
.0655
.0652
.0649
.0646
.0643
.064
.0637
.0634
.0632
.0629
.0626
.0623
.0621
.0618
.0615
.0613
.061
.0608
.0605
.0603
.06
.0598
.0595
.0593
.059
.0588
.0585
.0583
.0581
.0578
.0576
.0574
.0572
.0569
.0567
.0565
.0563
.0561
.0559
.0556
.0554
.0552
.055
.0548
.0546
.0544
.0542
.054
.0538
.0536
.0534
.0532
.053
.0528
.0526
.0525
.0523
.0521
.0519
.0517
.0515
.0514
.0512
.051
.0508
.0506
.0505
.0503
.0501
.05
