3.8813
3.7217
3.5793
3.4466
3.3182
3.1908
3.0628
2.9359
2.8147
2.7064
2.6182
2.5534
2.5098
2.4816
2.4631
2.4498
2.4394
2.4302
2.4217
2.4135
2.4053
2.3971
2.3889
2.3807
2.3725
2.3643
2.3562
2.3481
2.34
2.332
2.324
2.3161
2.3083
2.3005
2.2928
2.2852
2.2776
2.2701
2.2627
2.2553
2.2481
2.2409
2.2338
2.2269
2.22
2.2133
2.2066
2.2001
2.1937
2.1875
2.1814
2.1754
2.1696
2.1639
2.1583
2.1529
2.1476
2.1425
2.1375
2.1326
2.1278
2.1231
2.1186
2.1141
2.1097
2.1054
2.1012
2.097
2.0929
2.0888
2.0847
2.0806
2.0765
2.0724
2.0683
2.0641
2.0598
2.0555
2.0511
2.0465
2.0418
2.037
2.032
2.0268
2.0214
2.0157
2.0099
2.0037
1.9972
1.9905
1.9834
1.976
1.9682
1.9601
1.9516
1.9428
1.9335
1.9239
1.9139
1.9036
1.8929
1.8819
1.8705
1.8588
1.8468
1.8344
1.8216
1.8084
1.7947
1.7806
1.7659
1.7506
1.7345
1.7175
1.6994
1.6801
1.6593
1.6368
1.6123
1.5853
1.5556
1.5228
1.4863
1.446
1.4015
1.3527
1.3
1.2437
1.1848
1.1245
1.0639
1.0044
.9471
.8929
.8422
.7953
.7523
.7129
.6771
.6445
.6149
.5879
.5632
.5407
.5201
.5011
.4837
.4676
.4527
.4388
.426
.414
.4027
.3922
.3823
.373
.3642
.3558
.348
.3405
.3334
.3266
.3201
.3139
.308
.3023
.2969
.2917
.2866
.2818
.2771
.2726
.2682
.264
.2599
.2559
.2521
.2484
.2447
.2412
.2378
.2344
.2312
.228
.2249
.2218
.2189
.216
.2132
.2104
.2077
.2051
.2025
.1999
.1974
.195
.1926
.1903
.188
.1857
.1835
.1814
.1792
.1772
.1751
.1731
.1711
.1692
.1673
.1654
.1636
.1618
.16
.1583
.1566
.1549
.1533
.1517
.1501
.1485
.147
.1455
.144
.1425
.1411
.1397
.1383
.137
.1357
.1344
.1331
.1318
.1306
.1294
.1282
.127
.1258
.1247
.1236
.1225
.1214
.1203
.1193
.1183
.1173
.1163
.1153
.1143
.1134
.1125
.1116
.1107
.1098
.1089
.1081
.1072
.1064
.1056
.1048
.104
.1032
.1025
.1017
.101
.1003
.0995
.0988
.0981
.0975
.0968
.0961
.0955
.0948
.0942
.0936
.0929
.0923
.0917
.0911
.0906
.09
.0894
.0888
.0883
.0878
.0872
.0867
.0862
.0857
.0851
.0846
.0841
.0837
.0832
.0827
.0822
.0818
.0813
.0808
.0804
.08
.0795
.0791
.0787
.0782
.0778
.0774
.077
.0766
.0762
.0758
.0754
.075
.0747
.0743
.0739
.0736
.0732
.0728
.0725
.0721
.0718
.0714
.0711
.0708
.0704
.0701
.0698
.0694
.0691
.0688
.0685
.0682
.0679
.0676
.0673
.067
.0667
.0664
.0661
.0658
.0655
.0652
.065
.0647
.0644
.0641
.0639
.0636
.0633
.0631
.0628
.0626
.0623
.0621
.0618
.0616
.0613
.0611
.0608
.0606
.0604
.0601
.0599
.0597
.0594
.0592
.059
.0587
.0585
.0583
.0581
.0579
.0576
.0574
.0572
.057
.0568
.0566
.0564
.0562
.056
.0558
.0556
.0554
.0552
.055
.0548
.0546
.0544
.0542
.054
.0538
.0537
.0535
.0533
.0531
.0529
.0527
.0526
.0524
.0522
.052
.0519
.0517
.0515
.0513
.0512
.051
.0508
.0507
.0505
.0504
.0502
.05
.0499
