4.0445
3.7745
3.5205
3.2857
3.0685
2.8675
2.6855
2.5302
2.4097
2.3264
2.2744
2.2438
2.2259
2.2145
2.2063
2.1995
2.1932
2.187
2.1807
2.1743
2.1676
2.1608
2.1539
2.1468
2.1396
2.1323
2.1249
2.1175
2.11
2.1024
2.0948
2.0872
2.0796
2.0719
2.0642
2.0566
2.049
2.0415
2.034
2.0267
2.0194
2.0123
2.0054
1.9985
1.9919
1.9855
1.9792
1.9731
1.9672
1.9615
1.956
1.9507
1.9455
1.9406
1.9358
1.9312
1.9267
1.9224
1.9183
1.9143
1.9104
1.9067
1.903
1.8995
1.8962
1.8929
1.8897
1.8866
1.8836
1.8807
1.8779
1.8751
1.8725
1.8699
1.8673
1.8648
1.8624
1.8601
1.8578
1.8555
1.8533
1.8512
1.8491
1.847
1.845
1.843
1.8411
1.8392
1.8373
1.8355
1.8337
1.8319
1.8302
1.8285
1.8268
1.8252
1.8236
1.822
1.8204
1.8189
1.8173
1.8158
1.8144
1.8129
1.8115
1.8101
1.8087
1.8073
1.806
1.8046
1.8033
1.802
1.8007
1.7994
1.7982
1.7969
1.7957
1.7945
1.7933
1.7921
1.7909
1.7898
1.7886
1.7875
1.7864
1.7852
1.7841
1.783
1.782
1.7809
1.7798
1.7788
1.7777
1.7767
1.7757
1.7747
1.7737
1.7727
1.7717
1.7707
1.7697
1.7688
1.7678
1.7669
1.7659
1.765
1.7641
1.7632
1.7622
1.7613
1.7604
1.7596
1.7587
1.7578
1.7569
1.7561
1.7552
1.7543
1.7535
1.7527
1.7518
1.751
1.7502
1.7494
1.7485
1.7477
1.7469
1.7461
1.7453
1.7446
1.7438
1.743
1.7422
1.7415
1.7407
1.7399
1.7392
1.7384
1.7377
1.737
1.7362
1.7355
1.7348
1.7341
1.7333
1.7326
1.7319
1.7312
1.7305
1.7298
1.7291
1.7284
1.7277
1.7271
1.7264
1.7257
1.725
1.7244
1.7237
1.7231
1.7224
1.7217
1.7211
1.7204
1.7198
1.7192
1.7185
1.7179
1.7173
1.7166
1.716
1.7154
1.7148
1.7142
1.7136
1.7129
1.7123
1.7117
1.7111
1.7105
1.7099
1.7093
1.7088
1.7082
1.7076
1.707
1.7064
1.7058
1.7053
1.7047
1.7041
1.7036
1.703
1.7024
1.7019
1.7013
1.7007
1.7002
1.6996
1.6991
1.6985
1.698
1.6974
1.6969
1.6963
1.6958
1.6953
1.6947
1.6942
1.6937
1.6931
1.6926
1.6921
1.6915
1.691
1.6905
1.69
1.6894
1.6889
1.6884
1.6879
1.6874
1.6868
1.6863
1.6858
1.6853
1.6848
1.6843
1.6838
1.6833
1.6828
1.6822
1.6817
1.6812
1.6807
1.6802
1.6797
1.6792
1.6787
1.6782
1.6777
1.6772
1.6767
1.6762
1.6757
1.6752
1.6747
1.6742
1.6737
1.6732
1.6727
1.6722
1.6717
1.6712
1.6707
1.6702
1.6697
1.6693
1.6688
1.6683
1.6678
1.6673
1.6668
1.6663
1.6658
1.6653
1.6648
1.6643
1.6638
1.6633
1.6628
1.6623
1.6618
1.6613
1.6608
1.6603
1.6598
1.6592
1.6587
1.6582
1.6577
1.6572
1.6567
1.6562
1.6557
1.6552
1.6547
1.6541
1.6536
1.6531
1.6526
1.6521
1.6516
1.651
1.6505
1.65
1.6495
1.6489
1.6484
1.6479
1.6473
1.6468
1.6463
1.6457
1.6452
1.6447
1.6441
1.6436
1.643
1.6425
1.6419
1.6414
1.6408
1.6403
1.6397
1.6392
1.6386
1.6381
1.6375
1.6369
1.6364
1.6358
1.6352
1.6347
1.6341
1.6335
1.6329
1.6324
1.6318
1.6312
1.6306
1.63
1.6294
1.6288
1.6282
1.6277
1.6271
1.6265
1.6259
1.6253
1.6247
1.624
1.6234
1.6228
1.6222
1.6216
1.621
1.6204
1.6198
1.6192
1.6185
1.6179
1.6173
1.6167
1.6161
1.6154
1.6148
1.6142
1.6136
1.6129
1.6123
1.6117
1.6111
1.6104
1.6098
1.6092
1.6086
1.6079
1.6073
1.6067
1.6061
1.6054
1.6048
1.6042
1.6036
1.603
1.6024
1.6017
1.6011
1.6005
1.5999
1.5993
1.5987
1.5981
1.5975
1.5969
1.5963
1.5957
1.5951
1.5945
1.5939
1.5934
1.5928
1.5922
1.5916
1.5911
1.5905
1.59
1.5894
1.5889
1.5883
1.5878
1.5873
1.5867
1.5862
1.5857
1.5852
1.5847
1.5842
1.5837
1.5832
1.5827
1.5822
1.5817
1.5813
1.5808
1.5804
1.5799
1.5795
1.579
1.5786
1.5782
1.5778
1.5774
1.577
1.5766
1.5762
1.5758
1.5754
1.5751
1.5747
1.5743
1.574
1.5736
1.5733
1.573
1.5726
1.5723
1.572
1.5717
1.5714
1.5711
1.5708
1.5706
1.5703
1.57
1.5698
1.5695
1.5693
1.569
1.5688
1.5686
1.5683
1.5681
1.5679
1.5677
1.5675
1.5673
1.5671
1.5669
1.5668
1.5666
1.5664
1.5663
1.5661
1.5659
1.5658
1.5657
1.5655
1.5654
1.5653
1.5651
1.565
1.5649
1.5648
1.5647
1.5646
1.5645
1.5644
1.5644
1.5643
1.5642
1.5641
1.5641
1.564
1.564
1.5639
1.5639
1.5638
1.5638
1.5637
1.5637
1.5637
1.5636
1.5636
1.5636
1.5636
1.5636
1.5636
1.5636
1.5636
1.5636
1.5636
1.5636
1.5636
1.5637
1.5637
1.5637
1.5638
1.5638
1.5638
1.5639
1.5639
1.564
1.564
1.5641
1.5641
1.5642
1.5643
1.5644
1.5644
1.5645
1.5646
1.5647
1.5648
1.5649
1.565
1.5651
1.5652
1.5653
1.5654
1.5655
1.5657
1.5658
1.5659
1.566
1.5662
1.5663
1.5665
1.5666
1.5668
1.5669
1.5671
1.5673
1.5674
1.5676
1.5678
1.568
1.5682
1.5684
1.5685
1.5688
1.569
1.5692
1.5694
1.5696
1.5698
1.5701
1.5703
1.5705
1.5708
1.571
1.5713
1.5716
1.5718
1.5721
1.5724
1.5727
1.573
1.5733
1.5736
1.5739
1.5742
1.5745
1.5749
1.5752
1.5756
1.5759
1.5763
1.5767
1.5771
1.5775
1.5779
1.5783
1.5787
1.5791
1.5796
1.58
1.5805
1.581
1.5815
1.582
1.5825
1.583
1.5835
1.5841
1.5847
1.5853
1.5859
1.5865
1.5871
1.5878
1.5885
1.5892
1.5899
1.5907
1.5915
1.5923
1.5931
1.594
1.5949
1.5958
1.5967
1.5977
1.5988
1.5998
1.601
1.6021
1.6033
1.6046
1.6059
1.6073
1.6087
1.6102
1.6118
1.6134
1.6151
1.6169
1.6188
1.6208
1.6229
1.6251
1.6274
1.6299
1.6324
1.6351
1.6379
1.6409
1.644
1.6472
1.6505
1.6538
1.657
1.6601
1.6626
1.6643
1.6642
1.661
1.652
1.6323
1.5935
1.5211
1.3967
1.2066
.9698
.7615
.641
.5815
.5421
.5099
.4827
.4595
.4393
.4216
.4057
.3914
.3782
.366
.3546
.344
.3339
.3244
.3153
.3066
.2984
.2904
.2828
.2754
.2683
.2615
.2549
.2486
.2425
.2365
.2308
.2253
.22
.2149
.21
.2052
.2006
.1962
.1919
.1878
.1838
.18
.1762
.1727
.1692
.1659
.1627
.1596
.1566
.1536
.1508
.1481
.1455
.143
.1405
.1382
.1359
.1336
.1315
.1294
.1274
.1254
.1235
.1216
.1198
.1181
.1164
.1147
.1131
.1116
.1101
.1086
.1071
.1057
.1044
.1031
.1018
.1005
.0993
.0981
.0969
.0958
.0946
.0935
.0925
.0914
.0904
.0894
.0885
.0875
.0866
.0857
.0848
.0839
.083
.0822
.0814
.0806
.0798
.079
.0783
.0775
.0768
.0761
.0754
.0747
.074
.0734
.0727
.0721
.0714
.0708
.0702
.0696
.0691
.0685
.0679
.0674
.0668
.0663
.0657
.0652
.0647
.0642
.0637
.0632
.0628
.0623
.0618
.0614
.0609
.0605
.06
.0596
.0592
.0588
.0583
.0579
.0575
.0571
.0568
.0564
.056
.0556
.0553
.0549
.0545
.0542
.0538
.0535
.0531
.0528
.0525
.0522
.0518
.0515
.0512
.0509
.0506
.0503
.05
