3.8812
3.8426
3.8061
3.7702
3.7336
3.6951
3.6534
3.6074
3.5556
3.4963
3.4276
3.3471
3.2524
3.1416
3.0138
2.8718
2.7236
2.5827
2.4636
2.3734
2.3101
2.2662
2.2344
2.21
2.1899
2.1728
2.1575
2.1436
2.1309
2.119
2.1079
2.0975
2.0877
2.0783
2.0695
2.061
2.053
2.0452
2.0378
2.0306
2.0235
2.0167
2.01
2.0035
1.997
1.9906
1.9843
1.9781
1.9718
1.9656
1.9594
1.9532
1.947
1.9408
1.9346
1.9284
1.9222
1.916
1.9097
1.9035
1.8972
1.891
1.8848
1.8785
1.8723
1.8661
1.86
1.8538
1.8477
1.8416
1.8356
1.8297
1.8237
1.8179
1.8121
1.8063
1.8007
1.7951
1.7895
1.7841
1.7787
1.7734
1.7682
1.763
1.7579
1.7529
1.748
1.7431
1.7384
1.7336
1.729
1.7244
1.7199
1.7155
1.7111
1.7068
1.7025
1.6983
1.6941
1.69
1.686
1.682
1.678
1.6741
1.6702
1.6664
1.6626
1.6588
1.6551
1.6514
1.6477
1.644
1.6404
1.6368
1.6332
1.6296
1.626
1.6224
1.6189
1.6153
1.6118
1.6083
1.6047
1.6012
1.5976
1.594
1.5905
1.5869
1.5833
1.5796
1.576
1.5723
1.5686
1.5648
1.561
1.5572
1.5533
1.5494
1.5454
1.5414
1.5373
1.5331
1.5289
1.5245
1.5201
1.5156
1.511
1.5062
1.5013
1.4963
1.4912
1.4859
1.4804
1.4747
1.4688
1.4627
1.4563
1.4497
1.4428
1.4355
1.4278
1.4198
1.4112
1.4022
1.3926
1.3824
1.3715
1.3598
1.3472
1.3336
1.3189
1.3029
1.2856
1.2667
1.2461
1.2236
1.1991
1.1724
1.1435
1.1122
1.0787
1.0431
1.0056
.9667
.9268
.8864
.8462
.8068
.7685
.7319
.6972
.6646
.6341
.6058
.5795
.5552
.5328
.5121
.493
.4753
.4589
.4437
.4296
.4165
.4043
.3928
.3821
.3721
.3627
.3538
.3454
.3375
.33
.3228
.3161
.3096
.3035
.2976
.292
.2866
.2815
.2765
.2718
.2672
.2627
.2585
.2543
.2504
.2465
.2427
.2391
.2356
.2321
.2288
.2255
.2224
.2193
.2163
.2133
.2104
.2076
.2049
.2022
.1995
.1969
.1944
.1919
.1895
.1871
.1848
.1824
.1802
.178
.1758
.1736
.1715
.1695
.1674
.1654
.1635
.1615
.1596
.1578
.1559
.1541
.1523
.1506
.1489
.1472
.1455
.1439
.1423
.1407
.1391
.1376
.1361
.1346
.1332
.1317
.1303
.129
.1276
.1263
.125
.1237
.1224
.1212
.1199
.1187
.1176
.1164
.1153
.1141
.113
.112
.1109
.1099
.1088
.1078
.1068
.1059
.1049
.104
.103
.1021
.1012
.1004
.0995
.0986
.0978
.097
.0962
.0954
.0946
.0938
.0931
.0923
.0916
.0909
.0902
.0895
.0888
.0881
.0875
.0868
.0862
.0856
.0849
.0843
.0837
.0831
.0825
.082
.0814
.0808
.0803
.0797
.0792
.0787
.0782
.0777
.0772
.0767
.0762
.0757
.0752
.0748
.0743
.0738
.0734
.0729
.0725
.0721
.0716
.0712
.0708
.0704
.07
.0696
.0692
.0688
.0684
.0681
.0677
.0673
.067
.0666
.0663
.0659
.0656
.0652
.0649
.0645
.0642
.0639
.0636
.0633
.0629
.0626
.0623
.062
.0617
.0614
.0611
.0608
.0606
.0603
.06
.0597
.0594
.0592
.0589
.0586
.0584
.0581
.0579
.0576
.0574
.0571
.0569
.0566
.0564
.0561
.0559
.0557
.0554
.0552
.055
.0548
.0545
.0543
.0541
.0539
.0537
.0535
.0533
.0531
.0528
.0526
.0524
.0522
.052
.0518
.0517
.0515
.0513
.0511
.0509
.0507
.0505
.0503
.0502
.05
