4.2299
4.0325
3.8582
3.7034
3.5619
3.4281
3.2973
3.166
3.0318
2.8943
2.7555
2.6211
2.4998
2.4002
2.3263
2.2754
2.2414
2.218
2.2005
2.1862
2.1735
2.1614
2.1497
2.1381
2.1265
2.115
2.1035
2.0921
2.0809
2.0698
2.0589
2.0483
2.0379
2.0277
2.0178
2.0082
1.9988
1.9897
1.9809
1.9722
1.9638
1.9556
1.9475
1.9397
1.9321
1.9246
1.9172
1.91
1.903
1.896
1.8892
1.8825
1.8758
1.8693
1.8627
1.8563
1.8498
1.8433
1.8368
1.8303
1.8237
1.817
1.8102
1.8032
1.796
1.7886
1.7809
1.7728
1.7643
1.7553
1.7458
1.7355
1.7245
1.7126
1.6995
1.6852
1.6693
1.6517
1.6321
1.6102
1.5855
1.5577
1.5264
1.4913
1.452
1.4084
1.3605
1.3085
1.2532
1.1952
1.1359
1.0763
1.0176
.9607
.9064
.8552
.8073
.7628
.7216
.6836
.6486
.6164
.5868
.5595
.5344
.5112
.4898
.47
.4516
.4345
.4186
.4038
.39
.3771
.365
.3537
.343
.333
.3235
.3146
.3061
.2981
.2905
.2833
.2765
.27
.2638
.2579
.2523
.2469
.2417
.2368
.2321
.2275
.2232
.219
.215
.2111
.2074
.2038
.2004
.197
.1938
.1907
.1877
.1848
.182
.1793
.1766
.1741
.1716
.1692
.1669
.1646
.1624
.1602
.1582
.1561
.1542
.1522
.1504
.1485
.1468
.145
.1434
.1417
.1401
.1385
.137
.1355
.134
.1326
.1312
.1298
.1285
.1272
.1259
.1246
.1234
.1222
.121
.1199
.1188
.1176
.1166
.1155
.1144
.1134
.1124
.1114
.1104
.1095
.1085
.1076
.1067
.1058
.105
.1041
.1033
.1024
.1016
.1008
.1
.0992
.0985
.0977
.097
.0963
.0955
.0948
.0941
.0935
.0928
.0921
.0915
.0908
.0902
.0895
.0889
.0883
.0877
.0871
.0865
.086
.0854
.0848
.0843
.0837
.0832
.0827
.0821
.0816
.0811
.0806
.0801
.0796
.0791
.0787
.0782
.0777
.0772
.0768
.0763
.0759
.0755
.075
.0746
.0742
.0737
.0733
.0729
.0725
.0721
.0717
.0713
.0709
.0705
.0702
.0698
.0694
.0691
.0687
.0683
.068
.0676
.0673
.0669
.0666
.0663
.0659
.0656
.0653
.0649
.0646
.0643
.064
.0637
.0634
.0631
.0628
.0625
.0622
.0619
.0616
.0613
.061
.0607
.0604
.0602
.0599
.0596
.0593
.0591
.0588
.0585
.0583
.058
.0578
.0575
.0573
.057
.0568
.0565
.0563
.056
.0558
.0556
.0553
.0551
.0549
.0546
.0544
.0542
.054
.0537
.0535
.0533
.0531
.0529
.0527
.0525
.0523
.052
.0518
.0516
.0514
.0512
.051
.0508
.0506
.0504
.0503
.0501
.0499
