4.2
3.9273
3.6705
3.4383
3.2293
3.0398
2.8679
2.7153
2.5857
2.4826
2.4062
2.3531
2.3178
2.2945
2.2788
2.2676
2.2588
2.2515
2.2449
2.2387
2.2327
2.2269
2.2211
2.2154
2.2097
2.2042
2.1987
2.1933
2.188
2.1829
2.1779
2.173
2.1683
2.1637
2.1592
2.1549
2.1507
2.1467
2.1428
2.139
2.1353
2.1318
2.1283
2.1249
2.1216
2.1183
2.1151
2.1119
2.1088
2.1056
2.1025
2.0993
2.0961
2.0929
2.0896
2.0863
2.0829
2.0794
2.0758
2.0721
2.0683
2.0643
2.0603
2.056
2.0516
2.047
2.0422
2.0372
2.032
2.0265
2.0207
2.0147
2.0084
2.0017
1.9947
1.9873
1.9795
1.9713
1.9626
1.9534
1.9437
1.9334
1.9225
1.9109
1.8987
1.8857
1.872
1.8574
1.8419
1.8256
1.8083
1.79
1.7706
1.7503
1.7288
1.7063
1.6828
1.6582
1.6326
1.6061
1.5787
1.5505
1.5216
1.4921
1.4622
1.4319
1.4013
1.3706
1.3399
1.3093
1.2789
1.2487
1.2189
1.1896
1.1607
1.1324
1.1047
1.0776
1.0511
1.0253
1.0002
.9757
.952
.9289
.9065
.8848
.8638
.8434
.8237
.8045
.786
.7681
.7507
.7339
.7176
.7018
.6866
.6718
.6575
.6436
.6302
.6172
.6046
.5924
.5806
.5691
.558
.5472
.5367
.5266
.5167
.5071
.4979
.4888
.4801
.4716
.4633
.4553
.4474
.4398
.4324
.4253
.4183
.4115
.4048
.3984
.3921
.386
.38
.3742
.3686
.363
.3577
.3524
.3473
.3423
.3374
.3327
.328
.3235
.3191
.3148
.3105
.3064
.3024
.2984
.2946
.2908
.2871
.2835
.28
.2766
.2732
.2699
.2667
.2635
.2604
.2574
.2544
.2515
.2486
.2458
.2431
.2404
.2377
.2352
.2326
.2301
.2277
.2253
.223
.2206
.2184
.2162
.214
.2118
.2097
.2077
.2056
.2036
.2017
.1998
.1979
.196
.1942
.1924
.1906
.1889
.1871
.1855
.1838
.1822
.1806
.179
.1774
.1759
.1744
.1729
.1715
.17
.1686
.1672
.1659
.1645
.1632
.1619
.1606
.1593
.1581
.1568
.1556
.1544
.1532
.152
.1509
.1498
.1486
.1475
.1464
.1454
.1443
.1433
.1422
.1412
.1402
.1392
.1382
.1373
.1363
.1354
.1344
.1335
.1326
.1317
.1308
.13
.1291
.1282
.1274
.1266
.1258
.1249
.1241
.1234
.1226
.1218
.121
.1203
.1195
.1188
.1181
.1173
.1166
.1159
.1152
.1145
.1139
.1132
.1125
.1119
.1112
.1106
.1099
.1093
.1087
.1081
.1074
.1068
.1062
.1056
.1051
.1045
.1039
.1033
.1028
.1022
.1017
.1011
.1006
.1001
.0995
.099
.0985
.098
.0975
.097
.0965
.096
.0955
.095
.0945
.094
.0936
.0931
.0926
.0922
.0917
.0913
.0908
.0904
.09
.0895
.0891
.0887
.0882
.0878
.0874
.087
.0866
.0862
.0858
.0854
.085
.0846
.0842
.0839
.0835
.0831
.0827
.0824
.082
.0816
.0813
.0809
.0806
.0802
.0799
.0795
.0792
.0788
.0785
.0782
.0778
.0775
.0772
.0768
.0765
.0762
.0759
.0756
.0753
.075
.0746
.0743
.074
.0737
.0734
.0732
.0729
.0726
.0723
.072
.0717
.0714
.0711
.0709
.0706
.0703
.0701
.0698
.0695
.0692
.069
.0687
.0685
.0682
.068
.0677
.0674
.0672
.0669
.0667
.0665
.0662
.066
.0657
.0655
.0653
.065
.0648
.0646
.0643
.0641
.0639
.0636
.0634
.0632
.063
.0628
.0625
.0623
.0621
.0619
.0617
.0615
.0613
.061
.0608
.0606
.0604
.0602
.06
.0598
.0596
.0594
.0592
.059
.0588
.0586
.0585
.0583
.0581
.0579
.0577
.0575
.0573
.0571
.057
.0568
.0566
.0564
.0562
.0561
.0559
.0557
.0555
.0554
.0552
.055
.0549
.0547
.0545
.0544
.0542
.054
.0539
.0537
.0535
.0534
.0532
.0531
.0529
.0527
.0526
.0524
.0523
.0521
.052
.0518
.0517
.0515
.0514
.0512
.0511
.0509
.0508
.0506
.0505
.0503
.0502
.0501
.0499
