4.3859
4.1652
3.9644
3.7811
3.6078
3.4363
3.2601
3.0753
2.8831
2.6919
2.5183
2.3812
2.2889
2.2343
2.2037
2.1861
2.175
2.1673
2.1613
2.1561
2.1515
2.1471
2.1429
2.1389
2.1349
2.1309
2.1271
2.1233
2.1195
2.1158
2.1122
2.1087
2.1052
2.1019
2.0986
2.0953
2.0922
2.0891
2.0861
2.0832
2.0803
2.0775
2.0747
2.0719
2.0692
2.0665
2.0638
2.0611
2.0583
2.0555
2.0527
2.0497
2.0467
2.0436
2.0404
2.037
2.0335
2.0298
2.026
2.0219
2.0176
2.0131
2.0083
2.0033
1.998
1.9925
1.9866
1.9805
1.9742
1.9675
1.9606
1.9535
1.9462
1.9386
1.9309
1.923
1.915
1.907
1.8989
1.8907
1.8826
1.8745
1.8665
1.8586
1.8508
1.8432
1.8357
1.8284
1.8212
1.8143
1.8075
1.801
1.7946
1.7885
1.7826
1.7769
1.7713
1.766
1.7608
1.7559
1.7511
1.7464
1.742
1.7376
1.7335
1.7294
1.7256
1.7218
1.7182
1.7146
1.7112
1.7079
1.7047
1.7016
1.6986
1.6957
1.6928
1.6901
1.6874
1.6848
1.6822
1.6797
1.6773
1.6749
1.6726
1.6704
1.6682
1.666
1.6639
1.6618
1.6598
1.6578
1.6559
1.654
1.6521
1.6503
1.6484
1.6467
1.6449
1.6432
1.6415
1.6398
1.6381
1.6365
1.6349
1.6333
1.6317
1.6302
1.6286
1.6271
1.6256
1.624
1.6226
1.6211
1.6196
1.6181
1.6167
1.6152
1.6137
1.6123
1.6108
1.6094
1.6079
1.6065
1.605
1.6036
1.6021
1.6006
1.5992
1.5977
1.5962
1.5946
1.5931
1.5915
1.59
1.5884
1.5867
1.5851
1.5834
1.5817
1.5799
1.5781
1.5763
1.5744
1.5725
1.5705
1.5684
1.5662
1.564
1.5617
1.5593
1.5568
1.5542
1.5515
1.5486
1.5455
1.5423
1.5389
1.5353
1.5314
1.5273
1.5228
1.5181
1.5129
1.5073
1.5012
1.4945
1.4871
1.479
1.4699
1.4599
1.4486
1.4359
1.4215
1.4051
1.3865
1.365
1.3404
1.3119
1.2791
1.2414
1.1983
1.1495
1.095
1.0355
.9721
.9066
.8408
.7768
.7162
.66
.6088
.5626
.5212
.4844
.4515
.4222
.3961
.3728
.3518
.333
.316
.3006
.2866
.2739
.2622
.2515
.2417
.2326
.2243
.2165
.2093
.2025
.1962
.1904
.1848
.1797
.1748
.1702
.1658
.1617
.1579
.1542
.1507
.1473
.1442
.1411
.1382
.1355
.1328
.1303
.1279
.1256
.1233
.1212
.1191
.1171
.1152
.1134
.1116
.1099
.1082
.1066
.1051
.1036
.1021
.1007
.0994
.098
.0967
.0955
.0943
.0931
.092
.0908
.0898
.0887
.0877
.0867
.0857
.0848
.0838
.0829
.082
.0812
.0803
.0795
.0787
.0779
.0771
.0764
.0757
.0749
.0742
.0735
.0729
.0722
.0716
.0709
.0703
.0697
.0691
.0685
.0679
.0674
.0668
.0663
.0657
.0652
.0647
.0642
.0637
.0632
.0627
.0622
.0618
.0613
.0608
.0604
.06
.0595
.0591
.0587
.0583
.0579
.0575
.0571
.0567
.0563
.0559
.0556
.0552
.0549
.0545
.0542
.0538
.0535
.0531
.0528
.0525
.0522
.0518
.0515
.0512
.0509
.0506
.0503
.05
.0497
