4.528
4.2359
3.9203
3.616
3.3507
3.133
2.9582
2.8181
2.7056
2.6152
2.543
2.4856
2.4402
2.4042
2.3753
2.3515
2.3313
2.3135
2.2972
2.2818
2.267
2.2526
2.2384
2.2246
2.211
2.1979
2.1852
2.173
2.1613
2.1502
2.1397
2.1299
2.1206
2.112
2.1039
2.0963
2.0893
2.0827
2.0766
2.071
2.0656
2.0607
2.056
2.0517
2.0476
2.0438
2.0402
2.0368
2.0336
2.0305
2.0276
2.0249
2.0222
2.0197
2.0173
2.0151
2.0129
2.0107
2.0087
2.0067
2.0049
2.003
2.0013
1.9995
1.9979
1.9962
1.9947
1.9931
1.9916
1.9902
1.9887
1.9873
1.986
1.9846
1.9833
1.982
1.9807
1.9795
1.9783
1.9771
1.9759
1.9747
1.9735
1.9724
1.9713
1.9702
1.9691
1.968
1.9669
1.9658
1.9648
1.9637
1.9627
1.9616
1.9606
1.9596
1.9586
1.9576
1.9566
1.9556
1.9547
1.9537
1.9527
1.9518
1.9508
1.9499
1.9489
1.948
1.9471
1.9461
1.9452
1.9443
1.9434
1.9424
1.9415
1.9406
1.9397
1.9388
1.9379
1.937
1.9361
1.9352
1.9343
1.9334
1.9325
1.9316
1.9307
1.9298
1.9289
1.928
1.9271
1.9262
1.9253
1.9244
1.9235
1.9225
1.9216
1.9207
1.9198
1.9188
1.9179
1.917
1.916
1.9151
1.9141
1.9131
1.9121
1.9112
1.9101
1.9091
1.9081
1.9071
1.906
1.9049
1.9038
1.9027
1.9016
1.9005
1.8993
1.8981
1.8969
1.8956
1.8943
1.893
1.8917
1.8903
1.8888
1.8874
1.8858
1.8843
1.8826
1.8809
1.8792
1.8773
1.8754
1.8734
1.8714
1.8692
1.8669
1.8645
1.862
1.8593
1.8565
1.8535
1.8503
1.8469
1.8433
1.8394
1.8352
1.8308
1.826
1.8208
1.8152
1.8091
1.8026
1.7954
1.7875
1.779
1.7696
1.7593
1.7481
1.7357
1.7221
1.7071
1.6907
1.6727
1.6531
1.6317
1.6086
1.5836
1.5568
1.5283
1.4983
1.4668
1.434
1.4002
1.3656
1.3305
1.2951
1.2595
1.224
1.1887
1.1538
1.1194
1.0856
1.0525
1.0202
.9886
.9579
.928
.8991
.871
.8438
.8174
.792
.7674
.7438
.7209
.6989
.6777
.6573
.6377
.6189
.6008
.5834
.5667
.5506
.5352
.5205
.5063
.4927
.4797
.4672
.4552
.4437
.4326
.422
.4119
.4021
.3927
.3837
.375
.3666
.3586
.3509
.3435
.3363
.3294
.3228
.3164
.3102
.3042
.2985
.2929
.2876
.2824
.2774
.2725
.2678
.2633
.2589
.2546
.2505
.2465
.2426
.2388
.2351
.2316
.2281
.2248
.2215
.2183
.2152
.2122
.2093
.2065
.2037
.201
.1983
.1958
.1933
.1908
.1884
.1861
.1839
.1816
.1795
.1774
.1753
.1733
.1713
.1694
.1675
.1656
.1638
.162
.1603
.1586
.157
.1553
.1537
.1522
.1506
.1491
.1477
.1462
.1448
.1434
.142
.1407
.1394
.1381
.1368
.1356
.1344
.1332
.132
.1308
.1297
.1286
.1275
.1264
.1253
.1243
.1233
.1222
.1212
.1203
.1193
.1184
.1174
.1165
.1156
.1147
.1138
.113
.1121
.1113
.1104
.1096
.1088
.108
.1073
.1065
.1057
.105
.1042
.1035
.1028
.1021
.1014
.1007
.1
.0994
.0987
.0981
.0974
.0968
.0961
.0955
.0949
.0943
.0937
.0931
.0925
.092
.0914
.0908
.0903
.0897
.0892
.0887
.0881
.0876
.0871
.0866
.0861
.0856
.0851
.0846
.0841
.0837
.0832
.0827
.0823
.0818
.0814
.0809
.0805
.0801
.0796
.0792
.0788
.0784
.078
.0775
.0771
.0767
.0763
.076
.0756
.0752
.0748
.0744
.0741
.0737
.0733
.073
.0726
.0723
.0719
.0716
.0712
.0709
.0705
.0702
.0699
.0695
.0692
.0689
.0686
.0683
.0679
.0676
.0673
.067
.0667
.0664
.0661
.0658
.0655
.0653
.065
.0647
.0644
.0641
.0638
.0636
.0633
.063
.0628
.0625
.0622
.062
.0617
.0615
.0612
.061
.0607
.0605
.0602
.06
.0597
.0595
.0593
.059
.0588
.0586
.0583
.0581
.0579
.0576
.0574
.0572
.057
.0568
.0565
.0563
.0561
.0559
.0557
.0555
.0553
.0551
.0549
.0547
.0545
.0543
.0541
.0539
.0537
.0535
.0533
.0531
.0529
.0527
.0525
.0523
.0522
.052
.0518
.0516
.0514
.0513
.0511
.0509
.0507
.0506
.0504
.0502
.05
.0499
