4.0111
3.9219
3.8467
3.7795
3.7156
3.6517
3.5846
3.5119
3.431
3.3396
3.2355
3.1171
2.9841
2.8381
2.6846
2.5328
2.3943
2.2794
2.1924
2.1308
2.0883
2.0583
2.0362
2.0188
2.0043
1.9917
1.9804
1.97
1.9603
1.9512
1.9425
1.9342
1.9262
1.9185
1.9111
1.9038
1.8968
1.8899
1.8832
1.8767
1.8702
1.864
1.8578
1.8517
1.8458
1.84
1.8343
1.8287
1.8232
1.8178
1.8124
1.8072
1.8021
1.7971
1.7922
1.7873
1.7825
1.7779
1.7733
1.7688
1.7643
1.76
1.7557
1.7515
1.7474
1.7433
1.7393
1.7354
1.7315
1.7277
1.724
1.7203
1.7167
1.7131
1.7096
1.7061
1.7027
1.6993
1.696
1.6927
1.6895
1.6862
1.6831
1.6799
1.6768
1.6738
1.6707
1.6677
1.6647
1.6617
1.6588
1.6559
1.6529
1.65
1.6472
1.6443
1.6414
1.6386
1.6357
1.6329
1.63
1.6272
1.6243
1.6214
1.6186
1.6157
1.6127
1.6098
1.6069
1.6039
1.6009
1.5978
1.5947
1.5916
1.5884
1.5851
1.5818
1.5784
1.5749
1.5714
1.5677
1.564
1.5601
1.5561
1.5519
1.5476
1.5431
1.5384
1.5334
1.5283
1.5228
1.517
1.5109
1.5045
1.4975
1.4901
1.4822
1.4736
1.4643
1.4543
1.4433
1.4313
1.4182
1.4038
1.3879
1.3703
1.3509
1.3294
1.3055
1.2792
1.2503
1.2185
1.184
1.1468
1.1072
1.0656
1.0226
.9789
.9352
.8922
.8506
.8109
.7733
.738
.7053
.6749
.6468
.621
.5971
.5751
.5548
.5361
.5188
.5027
.4877
.4738
.4609
.4487
.4374
.4267
.4166
.4071
.3981
.3897
.3816
.3739
.3666
.3596
.353
.3466
.3405
.3346
.3289
.3234
.3182
.3131
.3082
.3034
.2988
.2943
.2899
.2857
.2815
.2775
.2736
.2697
.266
.2623
.2587
.2552
.2518
.2484
.2451
.2418
.2386
.2355
.2324
.2294
.2264
.2235
.2206
.2178
.215
.2123
.2096
.207
.2044
.2018
.1993
.1968
.1944
.192
.1896
.1873
.1851
.1828
.1806
.1785
.1764
.1743
.1722
.1702
.1682
.1663
.1644
.1625
.1607
.1589
.1572
.1554
.1537
.1521
.1504
.1488
.1473
.1457
.1442
.1427
.1413
.1399
.1385
.1371
.1358
.1344
.1332
.1319
.1306
.1294
.1282
.1271
.1259
.1248
.1237
.1226
.1215
.1205
.1195
.1185
.1175
.1165
.1156
.1146
.1137
.1128
.1119
.1111
.1102
.1094
.1086
.1077
.1069
.1062
.1054
.1046
.1039
.1032
.1025
.1018
.1011
.1004
.0997
.0991
.0984
.0978
.0971
.0965
.0959
.0953
.0947
.0941
.0936
.093
.0924
.0919
.0914
.0908
.0903
.0898
.0893
.0888
.0883
.0878
.0873
.0868
.0864
.0859
.0855
.085
.0846
.0841
.0837
.0833
.0828
.0824
.082
.0816
.0812
.0808
.0804
.08
.0797
.0793
.0789
.0786
.0782
.0778
.0775
.0771
.0768
.0764
.0761
.0758
.0754
.0751
.0748
.0745
.0742
.0739
.0735
.0732
.0729
.0726
.0723
.0721
.0718
.0715
.0712
.0709
.0706
.0704
.0701
.0698
.0696
.0693
.069
.0688
.0685
.0683
.068
.0678
.0675
.0673
.067
.0668
.0665
.0663
.0661
.0658
.0656
.0654
.0652
.0649
.0647
.0645
.0643
.0641
.0639
.0636
.0634
.0632
.063
.0628
.0626
.0624
.0622
.062
.0618
.0616
.0614
.0612
.0611
.0609
.0607
.0605
.0603
.0601
.0599
.0598
.0596
.0594
.0592
.0591
.0589
.0587
.0585
.0584
.0582
.058
.0579
.0577
.0575
.0574
.0572
.0571
.0569
.0567
.0566
.0564
.0563
.0561
.056
.0558
.0557
.0555
.0554
.0552
.0551
.0549
.0548
.0547
.0545
.0544
.0542
.0541
.054
.0538
.0537
.0535
.0534
.0533
.0531
.053
.0529
.0527
.0526
.0525
.0524
.0522
.0521
.052
.0518
.0517
.0516
.0515
.0514
.0512
.0511
.051
.0509
.0508
.0506
.0505
.0504
.0503
.0502
.05
.0499
