4.9462
4.7416
4.5135
4.2801
4.0611
3.8683
3.7032
3.5607
3.4343
3.3182
3.2078
3.0998
2.992
2.884
2.7775
2.6764
2.5863
2.5121
2.4554
2.4142
2.3846
2.3623
2.3443
2.3285
2.3137
2.2994
2.2851
2.2709
2.2567
2.2424
2.2282
2.2141
2.2001
2.1862
2.1726
2.1592
2.1461
2.1332
2.1207
2.1084
2.0963
2.0846
2.0731
2.0619
2.051
2.0403
2.0298
2.0196
2.0096
1.9999
1.9903
1.9809
1.9717
1.9627
1.9538
1.9451
1.9365
1.9281
1.9198
1.9116
1.9036
1.8957
1.8879
1.8802
1.8726
1.8651
1.8577
1.8504
1.8433
1.8362
1.8292
1.8223
1.8155
1.8089
1.8023
1.7958
1.7893
1.783
1.7768
1.7706
1.7645
1.7585
1.7525
1.7467
1.7408
1.7351
1.7293
1.7237
1.718
1.7124
1.7068
1.7012
1.6957
1.6901
1.6845
1.6789
1.6733
1.6676
1.6619
1.6561
1.6502
1.6442
1.6381
1.6318
1.6254
1.6187
1.6119
1.6048
1.5974
1.5897
1.5817
1.5732
1.5642
1.5547
1.5445
1.5336
1.522
1.5094
1.4958
1.481
1.4649
1.4474
1.4282
1.4072
1.3842
1.3591
1.3317
1.3021
1.2702
1.2361
1.2
1.1623
1.1233
1.0836
1.0436
1.0039
.9649
.927
.8905
.8556
.8224
.791
.7614
.7336
.7075
.6829
.6599
.6382
.6179
.5987
.5807
.5637
.5476
.5325
.5181
.5044
.4915
.4792
.4674
.4563
.4456
.4354
.4256
.4163
.4073
.3987
.3904
.3825
.3748
.3674
.3603
.3535
.3468
.3404
.3342
.3282
.3224
.3168
.3113
.306
.3009
.2959
.2911
.2864
.2818
.2773
.273
.2688
.2647
.2607
.2568
.253
.2493
.2457
.2422
.2387
.2354
.2321
.2289
.2258
.2227
.2198
.2168
.214
.2112
.2085
.2058
.2032
.2007
.1982
.1958
.1934
.1911
.1888
.1866
.1844
.1822
.1801
.1781
.1761
.1741
.1721
.1702
.1684
.1666
.1648
.163
.1613
.1596
.158
.1563
.1547
.1532
.1516
.1501
.1487
.1472
.1458
.1444
.143
.1416
.1403
.139
.1377
.1364
.1352
.134
.1328
.1316
.1304
.1293
.1282
.1271
.126
.1249
.1239
.1228
.1218
.1208
.1198
.1188
.1179
.1169
.116
.1151
.1142
.1133
.1124
.1115
.1107
.1098
.109
.1082
.1074
.1066
.1058
.105
.1043
.1035
.1028
.1021
.1013
.1006
.0999
.0992
.0985
.0979
.0972
.0965
.0959
.0953
.0946
.094
.0934
.0928
.0922
.0916
.091
.0904
.0898
.0893
.0887
.0882
.0876
.0871
.0865
.086
.0855
.085
.0845
.084
.0835
.083
.0825
.082
.0815
.0811
.0806
.0801
.0797
.0792
.0788
.0783
.0779
.0775
.077
.0766
.0762
.0758
.0754
.075
.0746
.0742
.0738
.0734
.073
.0726
.0722
.0719
.0715
.0711
.0708
.0704
.0701
.0697
.0694
.069
.0687
.0683
.068
.0677
.0673
.067
.0667
.0664
.066
.0657
.0654
.0651
.0648
.0645
.0642
.0639
.0636
.0633
.063
.0627
.0624
.0622
.0619
.0616
.0613
.061
.0608
.0605
.0602
.06
.0597
.0594
.0592
.0589
.0587
.0584
.0582
.0579
.0577
.0574
.0572
.057
.0567
.0565
.0563
.056
.0558
.0556
.0553
.0551
.0549
.0547
.0545
.0542
.054
.0538
.0536
.0534
.0532
.053
.0528
.0526
.0523
.0521
.0519
.0517
.0516
.0514
.0512
.051
.0508
.0506
.0504
.0502
.05
.0498
