4.8582
4.6319
4.3899
4.1546
3.9417
3.7543
3.5869
3.432
3.2835
3.1378
2.9941
2.8551
2.7264
2.615
2.5263
2.462
2.419
2.3918
2.375
2.3645
2.3577
2.3529
2.3492
2.3461
2.3433
2.3406
2.338
2.3353
2.3326
2.3299
2.3271
2.3244
2.3216
2.3188
2.3159
2.3131
2.3102
2.3074
2.3045
2.3017
2.2988
2.2959
2.293
2.2902
2.2873
2.2844
2.2814
2.2785
2.2755
2.2726
2.2696
2.2665
2.2635
2.2603
2.2572
2.254
2.2508
2.2475
2.2441
2.2407
2.2372
2.2336
2.2299
2.2261
2.2222
2.2182
2.214
2.2097
2.2051
2.2004
2.1954
2.1902
2.1846
2.1786
2.1722
2.1653
2.1577
2.1494
2.1402
2.1299
2.1184
2.1054
2.0906
2.0736
2.0541
2.0317
2.0059
1.9762
1.9423
1.9038
1.8608
1.8133
1.7619
1.7075
1.6511
1.5937
1.5365
1.4803
1.4257
1.3732
1.3231
1.2755
1.2306
1.1882
1.1483
1.1108
1.0756
1.0425
1.0115
.9822
.9547
.9289
.9045
.8815
.8598
.8393
.8199
.8015
.7841
.7676
.7519
.7371
.7229
.7094
.6965
.6842
.6725
.6613
.6506
.6404
.6306
.6212
.6122
.6035
.5952
.5872
.5795
.5721
.5649
.5581
.5514
.545
.5388
.5329
.5271
.5215
.5161
.5108
.5057
.5008
.496
.4914
.4869
.4825
.4782
.4741
.47
.4661
.4622
.4585
.4549
.4513
.4478
.4444
.4411
.4379
.4347
.4316
.4285
.4256
.4226
.4198
.417
.4142
.4115
.4088
.4062
.4036
.4011
.3986
.3962
.3937
.3914
.389
.3867
.3844
.3821
.3799
.3777
.3755
.3733
.3712
.3691
.367
.3649
.3628
.3608
.3587
.3567
.3547
.3527
.3507
.3487
.3468
.3448
.3429
.3409
.339
.3371
.3351
.3332
.3313
.3294
.3274
.3255
.3236
.3217
.3197
.3178
.3159
.314
.312
.3101
.3082
.3062
.3043
.3023
.3003
.2984
.2964
.2944
.2924
.2904
.2884
.2864
.2844
.2824
.2804
.2783
.2763
.2743
.2722
.2702
.2681
.266
.264
.2619
.2598
.2578
.2557
.2536
.2516
.2495
.2474
.2454
.2433
.2413
.2392
.2372
.2351
.2331
.2311
.2291
.2271
.2251
.2232
.2212
.2193
.2174
.2155
.2136
.2117
.2098
.208
.2062
.2044
.2026
.2008
.1991
.1974
.1957
.194
.1924
.1907
.1891
.1875
.186
.1844
.1829
.1814
.1799
.1784
.177
.1756
.1742
.1728
.1714
.1701
.1688
.1675
.1662
.1649
.1637
.1625
.1613
.1601
.1589
.1577
.1566
.1555
.1544
.1533
.1522
.1512
.1501
.1491
.1481
.1471
.1461
.1451
.1442
.1432
.1423
.1414
.1405
.1396
.1387
.1378
.137
.1361
.1353
.1345
.1337
.1328
.1321
.1313
.1305
.1297
.129
.1282
.1275
.1268
.126
.1253
.1246
.1239
.1232
.1226
.1219
.1212
.1206
.1199
.1193
.1186
.118
.1174
.1168
.1162
.1156
.115
.1144
.1138
.1132
.1126
.1121
.1115
.111
.1104
.1099
.1093
.1088
.1083
.1077
.1072
.1067
.1062
.1057
.1052
.1047
.1042
.1037
.1033
.1028
.1023
.1018
.1014
.1009
.1005
.1
.0996
.0991
.0987
.0983
.0978
.0974
.097
.0965
.0961
.0957
.0953
.0949
.0945
.0941
.0937
.0933
.0929
.0925
.0921
.0918
.0914
.091
.0906
.0903
.0899
.0895
.0892
.0888
.0885
.0881
.0878
.0874
.0871
.0867
.0864
.0861
.0857
.0854
.0851
.0847
.0844
.0841
.0838
.0834
.0831
.0828
.0825
.0822
.0819
.0816
.0813
.081
.0807
.0804
.0801
.0798
.0795
.0792
.0789
.0787
.0784
.0781
.0778
.0775
.0773
.077
.0767
.0765
.0762
.0759
.0757
.0754
.0751
.0749
.0746
.0744
.0741
.0739
.0736
.0734
.0731
.0729
.0726
.0724
.0721
.0719
.0717
.0714
.0712
.071
.0707
.0705
.0703
.07
.0698
.0696
.0694
.0692
.0689
.0687
.0685
.0683
.0681
.0678
.0676
.0674
.0672
.067
.0668
.0666
.0664
.0662
.066
.0658
.0656
.0654
.0652
.065
.0648
.0646
.0644
.0642
.064
.0638
.0636
.0634
.0632
.0631
.0629
.0627
.0625
.0623
.0621
.062
.0618
.0616
.0614
.0612
.0611
.0609
.0607
.0605
.0604
.0602
.06
.0599
.0597
.0595
.0594
.0592
.059
.0589
.0587
.0585
.0584
.0582
.0581
.0579
.0577
.0576
.0574
.0573
.0571
.057
.0568
.0567
.0565
.0564
.0562
.0561
.0559
.0558
.0556
.0555
.0553
.0552
.055
.0549
.0547
.0546
.0545
.0543
.0542
.054
.0539
.0538
.0536
.0535
.0533
.0532
.0531
.0529
.0528
.0527
.0525
.0524
.0523
.0521
.052
.0519
.0518
.0516
.0515
.0514
.0512
.0511
.051
.0509
.0507
.0506
.0505
.0504
.0503
.0501
.05
.0499
