4.0173
3.7452
3.4849
3.2352
2.9943
2.766
2.562
2.3976
2.2816
2.2093
2.1675
2.1437
2.1296
2.1205
2.1141
2.109
2.1047
2.1008
2.0971
2.0935
2.0899
2.0864
2.0829
2.0794
2.0758
2.0723
2.0688
2.0652
2.0617
2.0582
2.0546
2.0511
2.0475
2.044
2.0404
2.0369
2.0333
2.0297
2.0262
2.0226
2.019
2.0154
2.0117
2.0081
2.0044
2.0008
1.9971
1.9933
1.9896
1.9858
1.9819
1.978
1.9741
1.9702
1.9662
1.9621
1.958
1.9538
1.9496
1.9453
1.9409
1.9364
1.9319
1.9273
1.9226
1.9178
1.9129
1.9079
1.9028
1.8976
1.8923
1.8869
1.8814
1.8757
1.87
1.8641
1.858
1.8518
1.8455
1.839
1.8324
1.8256
1.8186
1.8114
1.8041
1.7964
1.7886
1.7804
1.772
1.7632
1.754
1.7443
1.7342
1.7235
1.7121
1.7001
1.6872
1.6733
1.6585
1.6424
1.6251
1.6063
1.5859
1.5637
1.5397
1.5136
1.4855
1.4553
1.4231
1.3888
1.3527
1.315
1.2759
1.2358
1.1951
1.1541
1.1132
1.0726
1.0327
.9937
.9558
.9192
.8839
.85
.8175
.7865
.7569
.7288
.702
.6766
.6524
.6294
.6076
.5869
.5673
.5487
.5309
.5141
.4981
.4829
.4684
.4546
.4415
.429
.417
.4056
.3948
.3844
.3744
.3649
.3559
.3471
.3388
.3308
.3231
.3157
.3086
.3018
.2953
.289
.2829
.277
.2714
.266
.2607
.2557
.2508
.246
.2415
.2371
.2328
.2286
.2246
.2208
.217
.2133
.2098
.2064
.203
.1998
.1967
.1936
.1906
.1878
.185
.1822
.1796
.177
.1745
.172
.1696
.1673
.165
.1628
.1606
.1585
.1564
.1544
.1525
.1506
.1487
.1468
.1451
.1433
.1416
.1399
.1383
.1367
.1351
.1336
.1321
.1306
.1292
.1278
.1264
.125
.1237
.1224
.1211
.1198
.1186
.1174
.1162
.1151
.1139
.1128
.1117
.1106
.1096
.1085
.1075
.1065
.1055
.1046
.1036
.1027
.1017
.1008
.1
.0991
.0982
.0974
.0965
.0957
.0949
.0941
.0933
.0926
.0918
.0911
.0903
.0896
.0889
.0882
.0875
.0868
.0861
.0855
.0848
.0842
.0835
.0829
.0823
.0817
.0811
.0805
.0799
.0793
.0788
.0782
.0777
.0771
.0766
.0761
.0755
.075
.0745
.074
.0735
.073
.0725
.072
.0716
.0711
.0706
.0702
.0697
.0693
.0689
.0684
.068
.0676
.0672
.0667
.0663
.0659
.0655
.0651
.0647
.0644
.064
.0636
.0632
.0629
.0625
.0621
.0618
.0614
.0611
.0607
.0604
.06
.0597
.0594
.0591
.0587
.0584
.0581
.0578
.0575
.0572
.0569
.0566
.0563
.056
.0557
.0554
.0551
.0548
.0545
.0543
.054
.0537
.0534
.0532
.0529
.0526
.0524
.0521
.0519
.0516
.0514
.0511
.0509
.0506
.0504
.0501
.0499
