4.7346
4.4857
4.2368
4.0132
3.8246
3.6666
3.5304
3.4084
3.2959
3.1905
3.0911
2.9974
2.9092
2.8264
2.7487
2.6758
2.6072
2.5426
2.4818
2.4249
2.3721
2.3238
2.2803
2.242
2.209
2.181
2.1578
2.1388
2.1234
2.1109
2.1006
2.0922
2.085
2.0788
2.0733
2.0682
2.0634
2.0587
2.054
2.0494
2.0446
2.0397
2.0347
2.0295
2.0242
2.0187
2.013
2.0073
2.0014
1.9955
1.9895
1.9834
1.9774
1.9713
1.9652
1.9592
1.9533
1.9474
1.9416
1.9358
1.9302
1.9247
1.9194
1.9141
1.909
1.904
1.8991
1.8944
1.8898
1.8853
1.8809
1.8767
1.8726
1.8686
1.8647
1.8609
1.8572
1.8535
1.85
1.8466
1.8433
1.84
1.8368
1.8337
1.8307
1.8277
1.8248
1.822
1.8192
1.8165
1.8138
1.8112
1.8086
1.8061
1.8036
1.8012
1.7988
1.7964
1.7941
1.7919
1.7896
1.7874
1.7852
1.7831
1.781
1.7789
1.7769
1.7749
1.7729
1.7709
1.769
1.767
1.7651
1.7633
1.7614
1.7596
1.7577
1.7559
1.7541
1.7524
1.7506
1.7489
1.7471
1.7454
1.7437
1.742
1.7403
1.7387
1.737
1.7353
1.7337
1.732
1.7304
1.7288
1.7271
1.7255
1.7239
1.7223
1.7206
1.719
1.7174
1.7157
1.7141
1.7125
1.7108
1.7092
1.7075
1.7058
1.7042
1.7025
1.7008
1.699
1.6973
1.6955
1.6938
1.6919
1.6901
1.6883
1.6864
1.6844
1.6825
1.6805
1.6784
1.6763
1.6742
1.672
1.6697
1.6674
1.665
1.6625
1.6599
1.6572
1.6545
1.6515
1.6485
1.6453
1.642
1.6385
1.6347
1.6308
1.6266
1.6221
1.6174
1.6122
1.6067
1.6008
1.5943
1.5873
1.5797
1.5713
1.5621
1.552
1.5408
1.5283
1.5144
1.4988
1.4814
1.4617
1.4397
1.4148
1.3868
1.3553
1.3201
1.281
1.2379
1.191
1.1407
1.0876
1.0327
.977
.9215
.8673
.8152
.7657
.7194
.6763
.6365
.5998
.5662
.5354
.5071
.4813
.4576
.4358
.4158
.3974
.3804
.3647
.3502
.3367
.3242
.3125
.3016
.2915
.2819
.273
.2646
.2568
.2493
.2423
.2357
.2295
.2235
.2179
.2126
.2075
.2027
.1981
.1937
.1895
.1854
.1816
.1779
.1744
.171
.1678
.1647
.1617
.1588
.156
.1533
.1507
.1482
.1458
.1435
.1412
.1391
.137
.1349
.133
.131
.1292
.1274
.1256
.1239
.1223
.1207
.1191
.1176
.1161
.1147
.1133
.1119
.1106
.1093
.108
.1068
.1056
.1044
.1033
.1022
.1011
.1
.0989
.0979
.0969
.0959
.095
.094
.0931
.0922
.0913
.0905
.0896
.0888
.088
.0872
.0864
.0856
.0849
.0841
.0834
.0827
.082
.0813
.0806
.08
.0793
.0787
.078
.0774
.0768
.0762
.0756
.0751
.0745
.0739
.0734
.0728
.0723
.0718
.0712
.0707
.0702
.0697
.0692
.0688
.0683
.0678
.0674
.0669
.0665
.066
.0656
.0651
.0647
.0643
.0639
.0635
.0631
.0627
.0623
.0619
.0615
.0612
.0608
.0604
.0601
.0597
.0593
.059
.0586
.0583
.058
.0576
.0573
.057
.0567
.0563
.056
.0557
.0554
.0551
.0548
.0545
.0542
.0539
.0537
.0534
.0531
.0528
.0525
.0523
.052
.0517
.0515
.0512
.051
.0507
.0505
.0502
.05
