4.6091
4.3433
4.0922
3.8731
3.6848
3.5172
3.3604
3.2081
3.0575
2.9086
2.764
2.6272
2.502
2.3914
2.2972
2.2194
2.1569
2.1076
2.0692
2.0392
2.0156
1.9969
1.9816
1.9688
1.9577
1.9478
1.9388
1.9303
1.9222
1.9145
1.907
1.8996
1.8925
1.8855
1.8787
1.8721
1.8656
1.8594
1.8534
1.8476
1.8421
1.8368
1.8317
1.8269
1.8222
1.8178
1.8136
1.8096
1.8057
1.802
1.7985
1.795
1.7917
1.7884
1.7852
1.7822
1.7791
1.7762
1.7733
1.7705
1.7677
1.765
1.7623
1.7596
1.7571
1.7545
1.752
1.7495
1.7471
1.7447
1.7423
1.74
1.7377
1.7354
1.7332
1.731
1.7288
1.7267
1.7246
1.7225
1.7204
1.7184
1.7163
1.7143
1.7124
1.7104
1.7085
1.7066
1.7047
1.7028
1.7009
1.6991
1.6973
1.6955
1.6937
1.6919
1.6902
1.6884
1.6867
1.685
1.6833
1.6816
1.68
1.6783
1.6767
1.675
1.6734
1.6718
1.6702
1.6686
1.6671
1.6655
1.664
1.6624
1.6609
1.6593
1.6578
1.6563
1.6548
1.6533
1.6518
1.6504
1.6489
1.6474
1.646
1.6445
1.6431
1.6416
1.6402
1.6387
1.6373
1.6359
1.6344
1.633
1.6316
1.6301
1.6287
1.6273
1.6259
1.6244
1.623
1.6216
1.6201
1.6187
1.6173
1.6158
1.6144
1.6129
1.6114
1.61
1.6085
1.607
1.6055
1.6039
1.6024
1.6009
1.5993
1.5977
1.5961
1.5945
1.5928
1.5912
1.5895
1.5878
1.586
1.5842
1.5824
1.5805
1.5786
1.5767
1.5747
1.5726
1.5705
1.5684
1.5661
1.5638
1.5614
1.559
1.5564
1.5538
1.551
1.5481
1.5451
1.5419
1.5386
1.5351
1.5313
1.5274
1.5233
1.5189
1.5141
1.5091
1.5037
1.4978
1.4915
1.4847
1.4772
1.4691
1.4602
1.4504
1.4396
1.4277
1.4143
1.3995
1.3829
1.3643
1.3434
1.3199
1.2936
1.2642
1.2315
1.1954
1.156
1.1137
1.069
1.0226
.9755
.9286
.8828
.8388
.7971
.7581
.7218
.6883
.6573
.6288
.6025
.5782
.5557
.5349
.5155
.4974
.4805
.4646
.4497
.4357
.4225
.4099
.3981
.3868
.3761
.3659
.3561
.3468
.338
.3295
.3213
.3135
.306
.2988
.2919
.2853
.2789
.2727
.2668
.2611
.2556
.2503
.2452
.2402
.2354
.2308
.2264
.2221
.2179
.2139
.21
.2063
.2026
.1991
.1957
.1924
.1891
.186
.183
.1801
.1772
.1745
.1718
.1692
.1667
.1642
.1618
.1595
.1572
.155
.1529
.1508
.1488
.1468
.1449
.143
.1411
.1394
.1376
.1359
.1343
.1326
.131
.1295
.128
.1265
.1251
.1237
.1223
.1209
.1196
.1183
.117
.1158
.1146
.1134
.1122
.1111
.11
.1089
.1078
.1067
.1057
.1047
.1037
.1027
.1018
.1008
.0999
.099
.0981
.0972
.0964
.0955
.0947
.0939
.0931
.0923
.0915
.0907
.09
.0892
.0885
.0878
.0871
.0864
.0857
.0851
.0844
.0837
.0831
.0825
.0818
.0812
.0806
.08
.0794
.0789
.0783
.0777
.0772
.0766
.0761
.0756
.075
.0745
.074
.0735
.073
.0725
.072
.0716
.0711
.0706
.0702
.0697
.0693
.0688
.0684
.068
.0675
.0671
.0667
.0663
.0659
.0655
.0651
.0647
.0643
.0639
.0635
.0632
.0628
.0624
.0621
.0617
.0614
.061
.0607
.0603
.06
.0597
.0593
.059
.0587
.0584
.0581
.0577
.0574
.0571
.0568
.0565
.0562
.0559
.0556
.0554
.0551
.0548
.0545
.0542
.054
.0537
.0534
.0532
.0529
.0526
.0524
.0521
.0519
.0516
.0514
.0511
.0509
.0506
.0504
.0502
.0499
