4.3654
4.1282
3.9199
3.7399
3.5786
3.4252
3.2705
3.1087
2.9376
2.7608
2.5884
2.435
2.3132
2.2267
2.17
2.1342
2.1116
2.0969
2.0868
2.0797
2.0743
2.0702
2.0668
2.0639
2.0614
2.0592
2.0572
2.0554
2.0537
2.0521
2.0505
2.0491
2.0476
2.0463
2.0449
2.0436
2.0423
2.041
2.0398
2.0385
2.0373
2.036
2.0348
2.0336
2.0324
2.0312
2.0299
2.0287
2.0275
2.0263
2.0251
2.0239
2.0226
2.0214
2.0202
2.0189
2.0177
2.0164
2.0151
2.0138
2.0125
2.0112
2.0098
2.0085
2.0071
2.0057
2.0042
2.0028
2.0013
1.9998
1.9982
1.9966
1.995
1.9933
1.9915
1.9897
1.9879
1.9859
1.984
1.9819
1.9798
1.9776
1.9753
1.9729
1.9704
1.9678
1.9652
1.9624
1.9595
1.9565
1.9534
1.9502
1.9469
1.9435
1.9399
1.9363
1.9325
1.9286
1.9246
1.9206
1.9164
1.9122
1.9079
1.9035
1.8991
1.8946
1.8901
1.8856
1.881
1.8764
1.8718
1.8672
1.8627
1.8581
1.8536
1.8491
1.8447
1.8403
1.836
1.8317
1.8274
1.8233
1.8192
1.8151
1.8111
1.8072
1.8034
1.7996
1.7959
1.7923
1.7887
1.7852
1.7818
1.7785
1.7752
1.772
1.7688
1.7657
1.7627
1.7597
1.7568
1.7539
1.7512
1.7484
1.7457
1.7431
1.7405
1.738
1.7355
1.7331
1.7307
1.7283
1.726
1.7238
1.7216
1.7194
1.7172
1.7151
1.7131
1.711
1.7091
1.7071
1.7052
1.7033
1.7014
1.6996
1.6978
1.696
1.6943
1.6925
1.6909
1.6892
1.6876
1.6859
1.6844
1.6828
1.6812
1.6797
1.6782
1.6767
1.6753
1.6738
1.6724
1.671
1.6696
1.6683
1.6669
1.6656
1.6643
1.663
1.6617
1.6605
1.6592
1.658
1.6568
1.6555
1.6544
1.6532
1.652
1.6509
1.6497
1.6486
1.6475
1.6464
1.6453
1.6442
1.6432
1.6421
1.6411
1.64
1.639
1.638
1.637
1.636
1.635
1.634
1.6331
1.6321
1.6311
1.6302
1.6293
1.6283
1.6274
1.6265
1.6256
1.6247
1.6238
1.6229
1.6221
1.6212
1.6203
1.6195
1.6186
1.6178
1.617
1.6161
1.6153
1.6145
1.6137
1.6129
1.6121
1.6113
1.6105
1.6097
1.6089
1.6081
1.6073
1.6066
1.6058
1.605
1.6043
1.6035
1.6028
1.602
1.6013
1.6006
1.5998
1.5991
1.5984
1.5976
1.5969
1.5962
1.5955
1.5948
1.5941
1.5934
1.5927
1.592
1.5913
1.5906
1.5899
1.5892
1.5885
1.5878
1.5871
1.5864
1.5858
1.5851
1.5844
1.5837
1.583
1.5824
1.5817
1.581
1.5804
1.5797
1.579
1.5784
1.5777
1.577
1.5764
1.5757
1.575
1.5744
1.5737
1.5731
1.5724
1.5718
1.5711
1.5704
1.5698
1.5691
1.5685
1.5678
1.5671
1.5665
1.5658
1.5652
1.5645
1.5639
1.5632
1.5625
1.5619
1.5612
1.5605
1.5599
1.5592
1.5586
1.5579
1.5572
1.5566
1.5559
1.5552
1.5546
1.5539
1.5532
1.5525
1.5519
1.5512
1.5505
1.5498
1.5491
1.5485
1.5478
1.5471
1.5464
1.5457
1.545
1.5443
1.5436
1.5429
1.5422
1.5415
1.5408
1.5401
1.5394
1.5387
1.538
1.5373
1.5366
1.5358
1.5351
1.5344
1.5337
1.5329
1.5322
1.5315
1.5307
1.53
1.5293
1.5285
1.5278
1.527
1.5263
1.5255
1.5248
1.524
1.5233
1.5225
1.5218
1.521
1.5202
1.5195
1.5187
1.5179
1.5171
1.5164
1.5156
1.5148
1.514
1.5132
1.5124
1.5117
1.5109
1.5101
1.5093
1.5085
1.5077
1.5069
1.5061
1.5053
1.5045
1.5037
1.5029
1.5021
1.5013
1.5005
1.4997
1.4989
1.4981
1.4973
1.4965
1.4957
1.4949
1.4941
1.4933
1.4925
1.4916
1.4908
1.49
1.4892
1.4884
1.4876
1.4868
1.486
1.4852
1.4845
1.4837
1.4829
1.4821
1.4813
1.4805
1.4797
1.4789
1.4781
1.4774
1.4766
1.4758
1.475
1.4743
1.4735
1.4727
1.472
1.4712
1.4704
1.4697
1.4689
1.4682
1.4674
1.4667
1.466
1.4652
1.4645
1.4637
1.463
1.4623
1.4616
1.4609
1.4601
1.4594
1.4587
1.458
1.4573
1.4566
1.4559
1.4552
1.4545
1.4539
1.4532
1.4525
1.4518
1.4512
1.4505
1.4498
1.4492
1.4485
1.4479
1.4472
1.4466
1.446
1.4453
1.4447
1.4441
1.4434
1.4428
1.4422
1.4416
1.441
1.4404
1.4398
1.4392
1.4386
1.4381
1.4375
1.4369
1.4363
1.4358
1.4352
1.4347
1.4341
1.4336
1.433
1.4325
1.4319
1.4314
1.4309
1.4304
1.4299
1.4294
1.4288
1.4283
1.4278
1.4274
1.4269
1.4264
1.4259
1.4254
1.425
1.4245
1.4241
1.4236
1.4232
1.4227
1.4223
1.4218
1.4214
1.421
1.4206
1.4202
1.4197
1.4193
1.4189
1.4185
1.4182
1.4178
1.4174
1.417
1.4166
1.4163
1.4159
1.4156
1.4152
1.4149
1.4145
1.4142
1.4138
1.4135
1.4132
1.4129
1.4126
1.4122
1.4119
1.4116
1.4113
1.4111
1.4108
1.4105
1.4102
1.4099
1.4097
1.4094
1.4091
1.4089
1.4086
1.4084
1.4081
1.4079
1.4077
1.4074
1.4072
1.407
1.4068
1.4066
1.4064
1.4061
1.4059
1.4057
1.4056
1.4054
1.4052
1.405
1.4048
1.4046
1.4045
1.4043
1.4041
1.404
1.4038
1.4037
1.4035
1.4034
1.4032
1.4031
1.403
1.4028
1.4027
1.4026
1.4024
1.4023
1.4022
1.4021
1.402
1.4019
1.4018
1.4017
1.4016
1.4015
1.4014
1.4013
1.4012
1.4011
1.401
1.4009
1.4009
1.4008
1.4007
1.4006
1.4006
1.4005
1.4004
1.4004
1.4003
1.4003
1.4002
1.4002
1.4001
1.4001
1.4
1.4
1.3999
1.3999
1.3998
1.3998
1.3998
1.3997
1.3997
1.3997
1.3996
1.3996
1.3996
1.3996
1.3995
1.3995
1.3995
1.3995
1.3995
1.3994
1.3994
1.3994
1.3994
1.3994
1.3994
1.3994
1.3994
1.3994
1.3994
1.3994
1.3994
1.3994
1.3994
1.3994
1.3994
1.3994
1.3994
1.3994
1.3994
1.3994
1.3994
1.3994
1.3994
1.3994
1.3994
1.3995
1.3995
1.3995
1.3995
1.3995
1.3996
1.3996
1.3996
1.3996
1.3996
1.3997
1.3997
1.3997
1.3997
1.3998
1.3998
1.3998
1.3999
1.3999
1.3999
1.4
1.4
1.4
1.4001
1.4001
1.4002
1.4002
1.4002
1.4003
1.4003
1.4004
1.4004
1.4005
1.4005
1.4006
1.4006
1.4007
1.4007
1.4008
1.4008
1.4009
1.401
1.401
1.4011
1.4012
1.4012
1.4013
1.4014
1.4014
1.4015
1.4016
1.4016
1.4017
1.4018
1.4019
1.402
1.402
1.4021
1.4022
1.4023
1.4024
1.4025
1.4026
1.4027
1.4028
1.4029
1.403
1.4031
1.4032
1.4033
1.4034
1.4035
1.4036
1.4037
1.4038
1.404
1.4041
1.4042
1.4043
1.4045
1.4046
1.4047
1.4049
1.405
1.4051
1.4053
1.4054
1.4056
1.4057
1.4059
1.406
1.4062
1.4063
1.4065
1.4067
1.4068
1.407
1.4072
1.4073
1.4075
1.4077
1.4079
1.4081
1.4082
1.4084
1.4086
1.4088
1.409
1.4092
1.4094
1.4096
1.4098
1.4101
1.4103
1.4105
1.4107
1.4109
1.4112
1.4114
1.4116
1.4118
1.4121
1.4123
1.4126
1.4128
1.4131
1.4133
1.4136
1.4138
1.4141
1.4144
1.4146
1.4149
1.4152
1.4155
1.4158
1.416
1.4163
1.4166
1.4169
1.4172
1.4175
1.4178
1.4182
1.4185
1.4188
1.4191
1.4195
1.4198
1.4201
1.4205
1.4208
1.4212
1.4215
1.4219
1.4222
1.4226
1.423
1.4234
1.4238
1.4241
1.4245
1.4249
1.4254
1.4258
1.4262
1.4266
1.427
1.4275
1.4279
1.4284
1.4288
1.4293
1.4298
1.4302
1.4307
1.4312
1.4317
1.4322
1.4327
1.4333
1.4338
1.4343
1.4349
1.4354
1.436
1.4366
1.4372
1.4378
1.4384
1.439
1.4397
1.4403
1.441
1.4416
1.4423
1.443
1.4437
1.4445
1.4452
1.446
1.4467
1.4475
1.4483
1.4491
1.45
1.4508
1.4517
1.4526
1.4535
1.4545
1.4554
1.4564
1.4574
1.4585
1.4595
1.4606
1.4617
1.4629
1.464
1.4652
1.4665
1.4678
1.4691
1.4704
1.4718
1.4732
1.4747
1.4762
1.4778
1.4794
1.4811
1.4828
1.4846
1.4865
1.4884
1.4904
1.4924
1.4946
1.4968
1.4991
1.5015
1.504
1.5067
1.5094
1.5123
1.5153
1.5185
1.5219
1.5254
1.5291
1.533
1.5371
1.5415
1.5462
1.5512
1.5565
1.5622
1.5683
1.5748
1.5818
1.5893
1.5975
1.6062
1.6156
1.6257
1.6365
1.6477
1.6591
1.6699
1.6786
1.6817
1.6717
1.6312
1.52
1.2499
.7998
.5894
.5559
.5399
.5306
.5237
.518
.5129
.5081
.5035
.4992
.495
.491
.487
.4832
.4794
.4757
.4721
.4685
.465
.4615
.4581
.4546
.4512
.4478
.4444
.4411
.4377
.4343
.4309
.4274
.424
.4206
.4171
.4136
.41
.4064
.4028
.3991
.3954
.3916
.3878
.3839
.38
.376
.3719
.3678
.3635
.3592
.3548
.3504
.3458
.3412
.3365
.3317
.3268
.3218
.3167
.3115
.3063
.301
.2956
.2901
.2846
.279
.2733
.2677
.2619
.2562
.2504
.2447
.2389
.2332
.2275
.2219
.2163
.2108
.2054
.2001
.1949
.1897
.1848
.1799
.1752
.1706
.1662
.1619
.1577
.1537
.1498
.1461
.1425
.1391
.1357
.1325
.1295
.1265
.1237
.121
.1184
.1159
.1135
.1111
.1089
.1068
.1047
.1028
.1009
.099
.0973
.0956
.0939
.0923
.0908
.0893
.0879
.0865
.0852
.0839
.0827
.0815
.0803
.0791
.078
.077
.0759
.0749
.0739
.073
.0721
.0712
.0703
.0694
.0686
.0678
.067
.0662
.0654
.0647
.064
.0633
.0626
.0619
.0613
.0606
.06
.0594
.0588
.0582
.0576
.057
.0565
.0559
.0554
.0549
.0544
.0539
.0534
.0529
.0524
.052
.0515
.051
.0506
.0502
.0497
