4.7236
4.4638
4.1577
3.8239
3.4905
3.1826
2.914
2.6895
2.5101
2.3746
2.2786
2.2147
2.1738
2.1479
2.131
2.1192
2.1101
2.1026
2.0957
2.0892
2.0829
2.0766
2.0703
2.0641
2.0579
2.0518
2.0457
2.0398
2.034
2.0283
2.0228
2.0175
2.0123
2.0073
2.0024
1.9977
1.9932
1.9889
1.9847
1.9807
1.9768
1.9731
1.9695
1.966
1.9627
1.9594
1.9563
1.9533
1.9504
1.9476
1.9449
1.9423
1.9397
1.9372
1.9348
1.9325
1.9302
1.928
1.9259
1.9238
1.9218
1.9198
1.9178
1.9159
1.9141
1.9122
1.9104
1.9087
1.907
1.9053
1.9036
1.902
1.9003
1.8988
1.8972
1.8956
1.8941
1.8926
1.8911
1.8896
1.8881
1.8866
1.8852
1.8837
1.8823
1.8808
1.8794
1.878
1.8765
1.8751
1.8737
1.8722
1.8708
1.8694
1.8679
1.8665
1.865
1.8635
1.862
1.8605
1.859
1.8575
1.8559
1.8543
1.8527
1.851
1.8493
1.8476
1.8458
1.844
1.8421
1.8402
1.8382
1.8362
1.834
1.8318
1.8295
1.8271
1.8245
1.8219
1.8191
1.8161
1.813
1.8097
1.8061
1.8024
1.7983
1.794
1.7893
1.7842
1.7788
1.7728
1.7663
1.7591
1.7513
1.7427
1.7332
1.7227
1.711
1.6981
1.6836
1.6676
1.6496
1.6297
1.6076
1.583
1.556
1.5263
1.494
1.4592
1.422
1.3828
1.342
1.3
1.2574
1.2146
1.1722
1.1306
1.09
1.0507
1.0129
.9767
.9422
.9094
.8782
.8486
.8205
.7939
.7687
.7448
.7221
.7006
.6801
.6607
.6422
.6245
.6077
.5916
.5763
.5616
.5476
.5342
.5213
.509
.4972
.4859
.4751
.4646
.4546
.445
.4358
.4269
.4183
.4101
.4022
.3946
.3872
.3802
.3733
.3668
.3604
.3543
.3484
.3427
.3372
.3318
.3267
.3217
.3169
.3122
.3077
.3033
.299
.2949
.2909
.2871
.2833
.2796
.2761
.2726
.2693
.266
.2628
.2597
.2567
.2538
.251
.2482
.2455
.2428
.2402
.2377
.2353
.2329
.2305
.2282
.226
.2238
.2217
.2196
.2175
.2155
.2136
.2117
.2098
.2079
.2061
.2044
.2026
.2009
.1993
.1976
.196
.1945
.1929
.1914
.1899
.1884
.187
.1856
.1842
.1828
.1815
.1802
.1789
.1776
.1764
.1751
.1739
.1727
.1715
.1704
.1693
.1681
.167
.1659
.1649
.1638
.1628
.1617
.1607
.1597
.1587
.1578
.1568
.1559
.1549
.154
.1531
.1522
.1513
.1505
.1496
.1487
.1479
.1471
.1463
.1455
.1447
.1439
.1431
.1423
.1416
.1408
.1401
.1393
.1386
.1379
.1372
.1365
.1358
.1351
.1344
.1337
.1331
.1324
.1318
.1311
.1305
.1299
.1292
.1286
.128
.1274
.1268
.1262
.1256
.1251
.1245
.1239
.1234
.1228
.1222
.1217
.1212
.1206
.1201
.1196
.119
.1185
.118
.1175
.117
.1165
.116
.1155
.115
.1146
.1141
.1136
.1131
.1127
.1122
.1118
.1113
.1109
.1104
.11
.1095
.1091
.1087
.1082
.1078
.1074
.107
.1066
.1062
.1058
.1054
.105
.1046
.1042
.1038
.1034
.103
.1026
.1022
.1019
.1015
.1011
.1008
.1004
.1
.0997
.0993
.099
.0986
.0983
.0979
.0976
.0972
.0969
.0966
.0962
.0959
.0956
.0952
.0949
.0946
.0943
.0939
.0936
.0933
.093
.0927
.0924
.0921
.0918
.0915
.0912
.0909
.0906
.0903
.09
.0897
.0894
.0891
.0889
.0886
.0883
.088
.0877
.0875
.0872
.0869
.0866
.0864
.0861
.0858
.0856
.0853
.0851
.0848
.0845
.0843
.084
.0838
.0835
.0833
.083
.0828
.0825
.0823
.0821
.0818
.0816
.0813
.0811
.0809
.0806
.0804
.0802
.0799
.0797
.0795
.0793
.079
.0788
.0786
.0784
.0782
.0779
.0777
.0775
.0773
.0771
.0769
.0767
.0764
.0762
.076
.0758
.0756
.0754
.0752
.075
.0748
.0746
.0744
.0742
.074
.0738
.0736
.0734
.0732
.073
.0728
.0727
.0725
.0723
.0721
.0719
.0717
.0715
.0714
.0712
.071
.0708
.0706
.0705
.0703
.0701
.0699
.0698
.0696
.0694
.0692
.0691
.0689
.0687
.0685
.0684
.0682
.068
.0679
.0677
.0676
.0674
.0672
.0671
.0669
.0667
.0666
.0664
.0663
.0661
.066
.0658
.0656
.0655
.0653
.0652
.065
.0649
.0647
.0646
.0644
.0643
.0641
.064
.0638
.0637
.0635
.0634
.0632
.0631
.063
.0628
.0627
.0625
.0624
.0623
.0621
.062
.0618
.0617
.0616
.0614
.0613
.0612
.061
.0609
.0608
.0606
.0605
.0604
.0602
.0601
.06
.0598
.0597
.0596
.0595
.0593
.0592
.0591
.0589
.0588
.0587
.0586
.0585
.0583
.0582
.0581
.058
.0578
.0577
.0576
.0575
.0574
.0572
.0571
.057
.0569
.0568
.0567
.0565
.0564
.0563
.0562
.0561
.056
.0559
.0557
.0556
.0555
.0554
.0553
.0552
.0551
.055
.0549
.0547
.0546
.0545
.0544
.0543
.0542
.0541
.054
.0539
.0538
.0537
.0536
.0535
.0534
.0533
.0532
.0531
.053
.0529
.0528
.0527
.0526
.0525
.0524
.0523
.0522
.0521
.052
.0519
.0518
.0517
.0516
.0515
.0514
.0513
.0512
.0511
.051
.0509
.0508
.0507
.0506
.0505
.0504
.0504
.0503
.0502
.0501
.05
