4.6564
4.4319
4.2264
4.0509
3.9033
3.7757
3.6595
3.5477
3.4343
3.3148
3.1856
3.0446
2.8928
2.7362
2.5863
2.4576
2.3594
2.2913
2.2457
2.2142
2.1908
2.172
2.156
2.1417
2.1287
2.1166
2.1053
2.0948
2.0849
2.0755
2.0667
2.0584
2.0505
2.0429
2.0357
2.0287
2.022
2.0155
2.0092
2.0031
1.9971
1.9912
1.9853
1.9796
1.9739
1.9683
1.9627
1.9572
1.9517
1.9462
1.9407
1.9353
1.9298
1.9243
1.9189
1.9134
1.9079
1.9024
1.8968
1.8912
1.8856
1.8799
1.8741
1.8682
1.8623
1.8563
1.8501
1.8438
1.8374
1.8307
1.8239
1.8168
1.8094
1.8016
1.7936
1.785
1.776
1.7664
1.7562
1.7451
1.7332
1.7202
1.706
1.6905
1.6733
1.6542
1.6329
1.609
1.5823
1.5523
1.5187
1.481
1.4391
1.3928
1.3423
1.2882
1.2311
1.1722
1.1127
1.0539
.9969
.9426
.8917
.8443
.8005
.7603
.7234
.6896
.6586
.6301
.604
.5798
.5576
.5369
.5178
.5
.4834
.4678
.4533
.4396
.4268
.4147
.4033
.3925
.3822
.3725
.3633
.3546
.3462
.3383
.3307
.3235
.3166
.3099
.3036
.2975
.2917
.2861
.2808
.2756
.2706
.2658
.2612
.2568
.2525
.2484
.2444
.2406
.2369
.2333
.2298
.2264
.2232
.22
.217
.214
.2111
.2083
.2056
.203
.2004
.198
.1955
.1932
.1909
.1887
.1865
.1844
.1823
.1803
.1784
.1764
.1746
.1728
.171
.1692
.1675
.1659
.1643
.1627
.1611
.1596
.1581
.1567
.1552
.1539
.1525
.1511
.1498
.1485
.1473
.146
.1448
.1436
.1425
.1413
.1402
.1391
.138
.1369
.1359
.1348
.1338
.1328
.1319
.1309
.1299
.129
.1281
.1272
.1263
.1254
.1246
.1237
.1229
.122
.1212
.1204
.1196
.1189
.1181
.1173
.1166
.1159
.1151
.1144
.1137
.113
.1123
.1117
.111
.1103
.1097
.1091
.1084
.1078
.1072
.1066
.106
.1054
.1048
.1042
.1036
.1031
.1025
.1019
.1014
.1008
.1003
.0998
.0993
.0987
.0982
.0977
.0972
.0967
.0962
.0958
.0953
.0948
.0943
.0939
.0934
.093
.0925
.0921
.0916
.0912
.0908
.0903
.0899
.0895
.0891
.0887
.0883
.0878
.0874
.0871
.0867
.0863
.0859
.0855
.0851
.0848
.0844
.084
.0837
.0833
.0829
.0826
.0822
.0819
.0815
.0812
.0809
.0805
.0802
.0799
.0795
.0792
.0789
.0786
.0783
.0779
.0776
.0773
.077
.0767
.0764
.0761
.0758
.0755
.0752
.0749
.0747
.0744
.0741
.0738
.0735
.0732
.073
.0727
.0724
.0722
.0719
.0716
.0714
.0711
.0709
.0706
.0703
.0701
.0698
.0696
.0693
.0691
.0689
.0686
.0684
.0681
.0679
.0677
.0674
.0672
.067
.0667
.0665
.0663
.0661
.0658
.0656
.0654
.0652
.065
.0648
.0645
.0643
.0641
.0639
.0637
.0635
.0633
.0631
.0629
.0627
.0625
.0623
.0621
.0619
.0617
.0615
.0613
.0611
.0609
.0607
.0606
.0604
.0602
.06
.0598
.0596
.0595
.0593
.0591
.0589
.0587
.0586
.0584
.0582
.058
.0579
.0577
.0575
.0574
.0572
.057
.0569
.0567
.0565
.0564
.0562
.0561
.0559
.0557
.0556
.0554
.0553
.0551
.055
.0548
.0547
.0545
.0544
.0542
.0541
.0539
.0538
.0536
.0535
.0533
.0532
.053
.0529
.0527
.0526
.0525
.0523
.0522
.052
.0519
.0518
.0516
.0515
.0514
.0512
.0511
.051
.0508
.0507
.0506
.0504
.0503
.0502
.0501
.0499
