4.6815
4.4571
4.2407
4.0468
3.8784
3.731
3.5974
3.4714
3.3483
3.2249
3.1001
2.9745
2.8512
2.7353
2.6331
2.5494
2.486
2.4407
2.4091
2.3868
2.3702
2.3571
2.3461
2.3363
2.3274
2.3189
2.3108
2.303
2.2954
2.288
2.2807
2.2734
2.2662
2.259
2.2517
2.2444
2.237
2.2294
2.2217
2.2138
2.2058
2.1975
2.1889
2.1802
2.1711
2.1619
2.1524
2.1426
2.1326
2.1225
2.1121
2.1016
2.091
2.0803
2.0695
2.0587
2.0479
2.0372
2.0266
2.0161
2.0056
1.9954
1.9852
1.9753
1.9655
1.9559
1.9464
1.9372
1.9281
1.9191
1.9103
1.9017
1.8932
1.8848
1.8766
1.8684
1.8604
1.8524
1.8445
1.8366
1.8288
1.821
1.8131
1.8053
1.7973
1.7893
1.7812
1.7729
1.7645
1.7558
1.7469
1.7376
1.7279
1.7178
1.7071
1.6958
1.6837
1.6709
1.657
1.6421
1.6259
1.6082
1.589
1.5681
1.5452
1.5202
1.4929
1.4634
1.4315
1.3974
1.3611
1.3229
1.2831
1.242
1.2001
1.1579
1.1157
1.074
1.0331
.9933
.9548
.9178
.8823
.8485
.8163
.7858
.7568
.7294
.7034
.6787
.6554
.6334
.6125
.5927
.5739
.5561
.5392
.5231
.5078
.4932
.4794
.4662
.4536
.4416
.4301
.4191
.4086
.3986
.389
.3797
.3709
.3624
.3542
.3464
.3389
.3316
.3246
.3179
.3114
.3052
.2991
.2933
.2877
.2823
.277
.2719
.267
.2623
.2577
.2532
.2489
.2447
.2406
.2367
.2329
.2291
.2255
.222
.2186
.2153
.2121
.2089
.2059
.2029
.2
.1972
.1944
.1917
.1891
.1866
.1841
.1817
.1793
.177
.1747
.1725
.1704
.1683
.1662
.1642
.1622
.1603
.1584
.1566
.1548
.153
.1513
.1496
.1479
.1463
.1447
.1432
.1416
.1401
.1387
.1372
.1358
.1344
.1331
.1317
.1304
.1291
.1279
.1266
.1254
.1242
.1231
.1219
.1208
.1197
.1186
.1175
.1164
.1154
.1144
.1134
.1124
.1114
.1105
.1095
.1086
.1077
.1068
.1059
.105
.1042
.1033
.1025
.1017
.1009
.1001
.0993
.0985
.0978
.097
.0963
.0955
.0948
.0941
.0934
.0927
.0921
.0914
.0907
.0901
.0894
.0888
.0882
.0876
.087
.0864
.0858
.0852
.0846
.084
.0835
.0829
.0824
.0818
.0813
.0808
.0802
.0797
.0792
.0787
.0782
.0777
.0772
.0768
.0763
.0758
.0754
.0749
.0744
.074
.0736
.0731
.0727
.0723
.0718
.0714
.071
.0706
.0702
.0698
.0694
.069
.0686
.0682
.0679
.0675
.0671
.0668
.0664
.066
.0657
.0653
.065
.0646
.0643
.064
.0636
.0633
.063
.0626
.0623
.062
.0617
.0614
.0611
.0608
.0604
.0601
.0599
.0596
.0593
.059
.0587
.0584
.0581
.0578
.0576
.0573
.057
.0568
.0565
.0562
.056
.0557
.0554
.0552
.0549
.0547
.0544
.0542
.054
.0537
.0535
.0532
.053
.0528
.0525
.0523
.0521
.0519
.0516
.0514
.0512
.051
.0508
.0505
.0503
.0501
.0499
