3.9515
3.8646
3.7868
3.713
3.6392
3.5624
3.4801
3.3901
3.2908
3.1811
3.0608
2.9311
2.7955
2.6597
2.5316
2.4194
2.3285
2.2601
2.211
2.176
2.1502
2.13
2.113
2.0978
2.0836
2.0698
2.0563
2.0429
2.0295
2.0162
2.0029
1.9898
1.9767
1.9638
1.9511
1.9385
1.9262
1.9141
1.9022
1.8905
1.8791
1.8679
1.8569
1.8462
1.8356
1.8253
1.815
1.805
1.795
1.7851
1.7752
1.7654
1.7555
1.7455
1.7354
1.7251
1.7145
1.7036
1.6922
1.6803
1.6678
1.6544
1.6401
1.6247
1.6079
1.5895
1.5691
1.5464
1.5209
1.4922
1.4597
1.4228
1.3809
1.3336
1.2806
1.2218
1.1578
1.0896
1.0189
.9477
.8779
.8113
.7489
.6917
.6396
.5928
.5508
.5132
.4796
.4495
.4225
.3983
.3765
.3567
.3388
.3225
.3077
.2941
.2816
.2702
.2596
.2498
.2407
.2322
.2244
.217
.2102
.2037
.1976
.192
.1866
.1815
.1767
.1722
.1679
.1638
.1599
.1562
.1527
.1493
.1461
.143
.1401
.1373
.1346
.132
.1295
.1271
.1248
.1226
.1205
.1184
.1164
.1145
.1127
.1109
.1092
.1075
.1059
.1043
.1028
.1013
.0999
.0985
.0971
.0958
.0945
.0933
.0921
.0909
.0898
.0887
.0876
.0865
.0855
.0845
.0835
.0826
.0816
.0807
.0798
.079
.0781
.0773
.0765
.0757
.0749
.0741
.0734
.0727
.072
.0713
.0706
.0699
.0692
.0686
.068
.0673
.0667
.0661
.0656
.065
.0644
.0639
.0633
.0628
.0623
.0617
.0612
.0607
.0602
.0598
.0593
.0588
.0584
.0579
.0575
.057
.0566
.0562
.0558
.0553
.0549
.0545
.0541
.0538
.0534
.053
.0526
.0523
.0519
.0516
.0512
.0509
.0505
.0502
.0499
