4.638
4.376
4.1268
3.9101
3.7266
3.5668
3.4201
3.2786
3.1377
2.9963
2.8569
2.7257
2.6108
2.5185
2.4497
2.4004
2.3648
2.3376
2.3152
2.2955
2.2773
2.2598
2.2427
2.2257
2.2089
2.192
2.175
2.158
2.1409
2.1237
2.1064
2.0891
2.0717
2.0542
2.0367
2.0191
2.0015
1.9839
1.9662
1.9484
1.9305
1.9125
1.8943
1.8758
1.8571
1.838
1.8184
1.7982
1.7775
1.7559
1.7335
1.7101
1.6855
1.6597
1.6326
1.6042
1.5742
1.5428
1.51
1.4757
1.4403
1.4037
1.3662
1.328
1.2894
1.2506
1.2118
1.1732
1.1352
1.0977
1.061
1.0253
.9905
.9568
.9243
.893
.8628
.8339
.8061
.7795
.754
.7297
.7064
.6842
.6629
.6426
.6233
.6048
.5871
.5702
.5541
.5386
.5239
.5098
.4963
.4834
.471
.4591
.4478
.4369
.4264
.4164
.4067
.3974
.3885
.3799
.3717
.3637
.3561
.3487
.3416
.3347
.3281
.3217
.3155
.3095
.3038
.2982
.2928
.2875
.2824
.2775
.2728
.2681
.2637
.2593
.2551
.251
.247
.2432
.2394
.2357
.2322
.2287
.2253
.2221
.2189
.2158
.2127
.2098
.2069
.2041
.2014
.1987
.1961
.1935
.191
.1886
.1862
.1839
.1817
.1794
.1773
.1752
.1731
.1711
.1691
.1671
.1652
.1634
.1616
.1598
.158
.1563
.1546
.153
.1514
.1498
.1483
.1467
.1452
.1438
.1423
.1409
.1395
.1382
.1369
.1355
.1343
.133
.1317
.1305
.1293
.1281
.127
.1258
.1247
.1236
.1225
.1215
.1204
.1194
.1184
.1174
.1164
.1154
.1145
.1135
.1126
.1117
.1108
.1099
.1091
.1082
.1074
.1065
.1057
.1049
.1041
.1033
.1025
.1018
.101
.1003
.0996
.0988
.0981
.0974
.0967
.096
.0954
.0947
.0941
.0934
.0928
.0921
.0915
.0909
.0903
.0897
.0891
.0885
.0879
.0874
.0868
.0862
.0857
.0852
.0846
.0841
.0836
.083
.0825
.082
.0815
.081
.0805
.0801
.0796
.0791
.0786
.0782
.0777
.0773
.0768
.0764
.076
.0755
.0751
.0747
.0743
.0738
.0734
.073
.0726
.0722
.0718
.0715
.0711
.0707
.0703
.0699
.0696
.0692
.0688
.0685
.0681
.0678
.0674
.0671
.0668
.0664
.0661
.0657
.0654
.0651
.0648
.0645
.0641
.0638
.0635
.0632
.0629
.0626
.0623
.062
.0617
.0614
.0611
.0609
.0606
.0603
.06
.0597
.0595
.0592
.0589
.0587
.0584
.0581
.0579
.0576
.0574
.0571
.0569
.0566
.0564
.0561
.0559
.0556
.0554
.0552
.0549
.0547
.0545
.0542
.054
.0538
.0536
.0533
.0531
.0529
.0527
.0525
.0523
.0521
.0518
.0516
.0514
.0512
.051
.0508
.0506
.0504
.0502
.05
.0498
