4.6963
4.4452
4.1905
3.9521
3.7373
3.5417
3.3566
3.1745
2.9921
2.8118
2.6424
2.4967
2.3847
2.308
2.2597
2.2301
2.2118
2.1998
2.1913
2.1848
2.1795
2.1749
2.1707
2.1669
2.1632
2.1597
2.1564
2.1531
2.1499
2.1469
2.1439
2.1409
2.1381
2.1354
2.1327
2.1301
2.1276
2.1251
2.1227
2.1204
2.1182
2.1161
2.114
2.1119
2.11
2.108
2.1062
2.1044
2.1026
2.1009
2.0992
2.0976
2.096
2.0944
2.0929
2.0913
2.0898
2.0883
2.0869
2.0854
2.0839
2.0824
2.0809
2.0794
2.0779
2.0764
2.0748
2.0732
2.0715
2.0698
2.068
2.0661
2.0641
2.0621
2.0599
2.0576
2.0551
2.0524
2.0496
2.0465
2.0431
2.0394
2.0353
2.0309
2.0259
2.0204
2.0142
2.0073
1.9994
1.9905
1.9804
1.9688
1.9555
1.9402
1.9225
1.902
1.8783
1.8508
1.8192
1.7829
1.7416
1.6952
1.6439
1.5882
1.5291
1.468
1.4063
1.3453
1.2863
1.2301
1.1771
1.1277
1.0818
1.0393
1.0001
.9639
.9304
.8994
.8706
.8438
.8188
.7954
.7735
.7529
.7334
.715
.6976
.681
.6651
.65
.6355
.6216
.6083
.5954
.5831
.5711
.5596
.5484
.5376
.5271
.5169
.5071
.4975
.4882
.4792
.4704
.4619
.4536
.4456
.4377
.4301
.4227
.4155
.4085
.4016
.395
.3885
.3822
.3761
.3701
.3643
.3587
.3532
.3478
.3426
.3375
.3325
.3277
.323
.3184
.3139
.3096
.3053
.3011
.2971
.2931
.2893
.2855
.2818
.2782
.2747
.2713
.2679
.2646
.2614
.2583
.2552
.2522
.2493
.2464
.2436
.2408
.2381
.2354
.2329
.2303
.2278
.2254
.223
.2206
.2183
.2161
.2138
.2117
.2095
.2074
.2054
.2033
.2014
.1994
.1975
.1956
.1938
.1919
.1901
.1884
.1867
.185
.1833
.1816
.18
.1784
.1769
.1753
.1738
.1723
.1709
.1694
.168
.1666
.1652
.1638
.1625
.1612
.1599
.1586
.1573
.1561
.1549
.1536
.1525
.1513
.1501
.149
.1478
.1467
.1456
.1446
.1435
.1424
.1414
.1404
.1394
.1384
.1374
.1364
.1355
.1345
.1336
.1326
.1317
.1308
.1299
.1291
.1282
.1273
.1265
.1257
.1248
.124
.1232
.1224
.1216
.1209
.1201
.1193
.1186
.1178
.1171
.1164
.1157
.1149
.1142
.1135
.1129
.1122
.1115
.1109
.1102
.1095
.1089
.1083
.1076
.107
.1064
.1058
.1052
.1046
.104
.1034
.1028
.1023
.1017
.1012
.1006
.1001
.0995
.099
.0984
.0979
.0974
.0969
.0964
.0959
.0954
.0949
.0944
.0939
.0934
.0929
.0924
.092
.0915
.091
.0906
.0901
.0897
.0893
.0888
.0884
.0879
.0875
.0871
.0867
.0863
.0858
.0854
.085
.0846
.0842
.0838
.0834
.0831
.0827
.0823
.0819
.0815
.0812
.0808
.0804
.0801
.0797
.0794
.079
.0787
.0783
.078
.0776
.0773
.0769
.0766
.0763
.076
.0756
.0753
.075
.0747
.0744
.074
.0737
.0734
.0731
.0728
.0725
.0722
.0719
.0716
.0713
.071
.0708
.0705
.0702
.0699
.0696
.0694
.0691
.0688
.0685
.0683
.068
.0677
.0675
.0672
.067
.0667
.0664
.0662
.0659
.0657
.0654
.0652
.065
.0647
.0645
.0642
.064
.0638
.0635
.0633
.0631
.0628
.0626
.0624
.0622
.0619
.0617
.0615
.0613
.0611
.0608
.0606
.0604
.0602
.06
.0598
.0596
.0594
.0592
.059
.0588
.0586
.0584
.0582
.058
.0578
.0576
.0574
.0572
.057
.0568
.0566
.0564
.0562
.0561
.0559
.0557
.0555
.0553
.0552
.055
.0548
.0546
.0544
.0543
.0541
.0539
.0538
.0536
.0534
.0533
.0531
.0529
.0528
.0526
.0524
.0523
.0521
.0519
.0518
.0516
.0515
.0513
.0512
.051
.0509
.0507
.0505
.0504
.0502
.0501
.0499
