4.2473
4.0462
3.8592
3.6813
3.5047
3.3211
3.1238
2.9112
2.6916
2.4854
2.3185
2.2041
2.1346
2.0938
2.0684
2.0509
2.0375
2.0262
2.0162
2.007
1.9984
1.9901
1.9821
1.9745
1.967
1.9597
1.9526
1.9457
1.9389
1.9322
1.9256
1.919
1.9125
1.9061
1.8997
1.8934
1.8871
1.8807
1.8744
1.8682
1.8619
1.8556
1.8494
1.8431
1.8369
1.8307
1.8245
1.8184
1.8122
1.8061
1.8001
1.7941
1.7882
1.7823
1.7765
1.7708
1.7651
1.7595
1.754
1.7486
1.7433
1.7381
1.7329
1.7279
1.723
1.7181
1.7134
1.7087
1.7042
1.6997
1.6954
1.6911
1.687
1.6829
1.6789
1.675
1.6711
1.6674
1.6637
1.6602
1.6566
1.6532
1.6498
1.6465
1.6433
1.6401
1.637
1.6339
1.6309
1.6279
1.625
1.6222
1.6194
1.6166
1.6139
1.6112
1.6086
1.606
1.6034
1.6009
1.5984
1.5959
1.5935
1.5911
1.5887
1.5863
1.584
1.5817
1.5794
1.5771
1.5749
1.5726
1.5704
1.5682
1.5661
1.5639
1.5618
1.5596
1.5575
1.5554
1.5533
1.5512
1.5491
1.547
1.5449
1.5428
1.5408
1.5387
1.5367
1.5346
1.5326
1.5305
1.5285
1.5264
1.5244
1.5223
1.5202
1.5182
1.5161
1.5141
1.512
1.5099
1.5079
1.5058
1.5037
1.5016
1.4995
1.4974
1.4953
1.4932
1.491
1.4889
1.4868
1.4846
1.4824
1.4803
1.4781
1.4759
1.4737
1.4714
1.4692
1.467
1.4647
1.4625
1.4602
1.4579
1.4556
1.4533
1.4509
1.4486
1.4463
1.4439
1.4415
1.4391
1.4367
1.4343
1.4319
1.4295
1.427
1.4246
1.4221
1.4196
1.4171
1.4146
1.4121
1.4095
1.407
1.4045
1.4019
1.3993
1.3967
1.3942
1.3915
1.3889
1.3863
1.3837
1.381
1.3784
1.3757
1.3731
1.3704
1.3677
1.365
1.3623
1.3596
1.3569
1.3542
1.3515
1.3487
1.346
1.3432
1.3405
1.3377
1.3349
1.3322
1.3294
1.3266
1.3238
1.321
1.3182
1.3154
1.3125
1.3097
1.3069
1.304
1.3012
1.2983
1.2955
1.2926
1.2897
1.2868
1.2839
1.281
1.2781
1.2752
1.2722
1.2693
1.2663
1.2634
1.2604
1.2574
1.2544
1.2514
1.2484
1.2453
1.2423
1.2392
1.2361
1.233
1.2298
1.2267
1.2235
1.2203
1.2171
1.2138
1.2106
1.2073
1.2039
1.2005
1.1971
1.1937
1.1902
1.1867
1.1831
1.1795
1.1758
1.1721
1.1683
1.1644
1.1605
1.1565
1.1525
1.1483
1.1441
1.1398
1.1354
1.1309
1.1262
1.1215
1.1166
1.1116
1.1065
1.1011
1.0957
1.09
1.0842
1.0781
1.0719
1.0654
1.0587
1.0517
1.0444
1.0368
1.0289
1.0207
1.0121
1.0032
.9938
.9841
.9739
.9632
.9521
.9406
.9285
.916
.9029
.8894
.8754
.861
.8461
.8309
.8152
.7992
.783
.7665
.7499
.7332
.7164
.6996
.6829
.6662
.6497
.6334
.6172
.6013
.5857
.5703
.5552
.5403
.5258
.5116
.4976
.484
.4706
.4576
.4449
.4324
.4203
.4085
.397
.3858
.3749
.3643
.3541
.3441
.3345
.3252
.3162
.3075
.2992
.2911
.2833
.2758
.2686
.2616
.2549
.2485
.2423
.2364
.2307
.2252
.2199
.2148
.2099
.2052
.2006
.1963
.1921
.188
.1841
.1804
.1768
.1733
.1699
.1667
.1635
.1605
.1576
.1547
.152
.1494
.1468
.1443
.1419
.1396
.1374
.1352
.1331
.131
.129
.1271
.1252
.1234
.1216
.1199
.1182
.1166
.115
.1135
.112
.1105
.1091
.1077
.1064
.105
.1037
.1025
.1013
.1001
.0989
.0978
.0967
.0956
.0945
.0935
.0925
.0915
.0905
.0896
.0886
.0877
.0868
.086
.0851
.0843
.0835
.0827
.0819
.0811
.0803
.0796
.0789
.0782
.0775
.0768
.0761
.0755
.0748
.0742
.0735
.0729
.0723
.0717
.0712
.0706
.07
.0695
.0689
.0684
.0679
.0673
.0668
.0663
.0658
.0654
.0649
.0644
.0639
.0635
.063
.0626
.0622
.0617
.0613
.0609
.0605
.0601
.0597
.0593
.0589
.0585
.0582
.0578
.0574
.0571
.0567
.0564
.056
.0557
.0553
.055
.0547
.0543
.054
.0537
.0534
.0531
.0528
.0525
.0522
.0519
.0516
.0513
.051
.0508
.0505
.0502
.05
