3.8779
3.831
3.7884
3.7479
3.7079
3.667
3.6241
3.5779
3.5274
3.4713
3.4083
3.3371
3.2564
3.1653
3.0639
2.9541
2.8404
2.7302
2.632
2.5526
2.4937
2.4525
2.4244
2.4047
2.3902
2.3787
2.3689
2.3601
2.3518
2.3438
2.3359
2.3281
2.3202
2.3122
2.3043
2.2962
2.2881
2.2799
2.2717
2.2635
2.2553
2.2472
2.2391
2.231
2.2231
2.2153
2.2077
2.2002
2.1928
2.1857
2.1787
2.1719
2.1652
2.1586
2.1522
2.1458
2.1394
2.133
2.1265
2.1199
2.113
2.1058
2.0982
2.0901
2.0813
2.0717
2.0612
2.0497
2.0368
2.0224
2.0062
1.9881
1.9677
1.9447
1.9188
1.8899
1.8577
1.8222
1.7833
1.7413
1.6965
1.6495
1.6009
1.5515
1.5018
1.4524
1.4038
1.3564
1.3104
1.2658
1.2229
1.1816
1.142
1.104
1.0677
1.0329
.9998
.9681
.9379
.9092
.8817
.8556
.8308
.8071
.7846
.7632
.7428
.7234
.7049
.6873
.6705
.6545
.6393
.6247
.6109
.5977
.585
.573
.5614
.5504
.5399
.5298
.5201
.5108
.5019
.4934
.4852
.4773
.4698
.4625
.4555
.4488
.4423
.4361
.4301
.4242
.4186
.4132
.408
.4029
.398
.3933
.3887
.3843
.38
.3758
.3718
.3678
.364
.3603
.3567
.3532
.3498
.3465
.3433
.3402
.3371
.3341
.3312
.3284
.3256
.3229
.3203
.3177
.3152
.3127
.3103
.308
.3057
.3034
.3012
.2991
.297
.2949
.2928
.2908
.2889
.287
.2851
.2832
.2814
.2796
.2778
.2761
.2744
.2727
.2711
.2695
.2678
.2663
.2647
.2632
.2617
.2602
.2587
.2572
.2558
.2544
.253
.2516
.2502
.2489
.2475
.2462
.2449
.2436
.2423
.241
.2397
.2385
.2372
.236
.2348
.2335
.2323
.2311
.2299
.2287
.2276
.2264
.2252
.2241
.2229
.2218
.2206
.2195
.2183
.2172
.2161
.2149
.2138
.2127
.2116
.2105
.2094
.2083
.2072
.206
.2049
.2038
.2027
.2016
.2005
.1994
.1983
.1972
.1961
.195
.1939
.1928
.1917
.1906
.1895
.1884
.1873
.1862
.1851
.184
.1829
.1818
.1807
.1796
.1785
.1774
.1763
.1752
.1741
.173
.1719
.1707
.1696
.1685
.1674
.1663
.1652
.1641
.163
.1619
.1608
.1597
.1586
.1575
.1564
.1553
.1542
.1531
.152
.1509
.1498
.1487
.1476
.1466
.1455
.1444
.1434
.1423
.1413
.1402
.1392
.1381
.1371
.1361
.1351
.134
.133
.132
.131
.1301
.1291
.1281
.1271
.1262
.1252
.1243
.1233
.1224
.1215
.1206
.1197
.1188
.1179
.117
.1161
.1153
.1144
.1136
.1127
.1119
.1111
.1103
.1095
.1087
.1079
.1071
.1063
.1056
.1048
.1041
.1033
.1026
.1019
.1012
.1005
.0998
.0991
.0984
.0977
.0971
.0964
.0957
.0951
.0945
.0938
.0932
.0926
.092
.0914
.0908
.0902
.0896
.0891
.0885
.0879
.0874
.0868
.0863
.0857
.0852
.0847
.0842
.0837
.0832
.0827
.0822
.0817
.0812
.0807
.0802
.0798
.0793
.0789
.0784
.078
.0775
.0771
.0767
.0762
.0758
.0754
.075
.0746
.0742
.0738
.0734
.073
.0726
.0722
.0718
.0715
.0711
.0707
.0704
.07
.0696
.0693
.0689
.0686
.0683
.0679
.0676
.0672
.0669
.0666
.0663
.066
.0656
.0653
.065
.0647
.0644
.0641
.0638
.0635
.0632
.0629
.0626
.0624
.0621
.0618
.0615
.0612
.061
.0607
.0604
.0602
.0599
.0597
.0594
.0591
.0589
.0586
.0584
.0581
.0579
.0577
.0574
.0572
.0569
.0567
.0565
.0563
.056
.0558
.0556
.0554
.0551
.0549
.0547
.0545
.0543
.0541
.0538
.0536
.0534
.0532
.053
.0528
.0526
.0524
.0522
.052
.0518
.0516
.0514
.0513
.0511
.0509
.0507
.0505
.0503
.0501
.05
