4.3944
4.1483
3.9256
3.7293
3.552
3.3833
3.2147
3.0412
2.8629
2.6867
2.5253
2.3924
2.2953
2.2312
2.1911
2.1663
2.1503
2.1394
2.1314
2.1251
2.1199
2.1152
2.1111
2.1072
2.1035
2.1
2.0967
2.0934
2.0903
2.0872
2.0843
2.0814
2.0785
2.0758
2.073
2.0703
2.0677
2.065
2.0624
2.0598
2.0571
2.0545
2.0518
2.0491
2.0464
2.0436
2.0408
2.0378
2.0348
2.0317
2.0285
2.0252
2.0217
2.0181
2.0144
2.0105
2.0064
2.0022
1.9978
1.9932
1.9885
1.9836
1.9786
1.9734
1.968
1.9625
1.9569
1.9512
1.9454
1.9395
1.9336
1.9276
1.9216
1.9156
1.9096
1.9037
1.8978
1.892
1.8862
1.8806
1.875
1.8695
1.8642
1.8589
1.8538
1.8488
1.844
1.8392
1.8346
1.8302
1.8258
1.8216
1.8175
1.8135
1.8096
1.8058
1.8021
1.7986
1.7951
1.7917
1.7884
1.7852
1.7821
1.7791
1.7761
1.7732
1.7704
1.7677
1.765
1.7623
1.7597
1.7572
1.7547
1.7523
1.7499
1.7476
1.7453
1.743
1.7408
1.7386
1.7364
1.7343
1.7322
1.7301
1.728
1.726
1.724
1.722
1.7201
1.7181
1.7162
1.7143
1.7125
1.7106
1.7087
1.7069
1.7051
1.7033
1.7015
1.6998
1.698
1.6963
1.6945
1.6928
1.6911
1.6894
1.6877
1.6861
1.6844
1.6828
1.6811
1.6795
1.6779
1.6763
1.6747
1.6731
1.6716
1.67
1.6684
1.6669
1.6654
1.6638
1.6623
1.6608
1.6593
1.6578
1.6563
1.6549
1.6534
1.6519
1.6505
1.649
1.6476
1.6462
1.6447
1.6433
1.6419
1.6405
1.6391
1.6377
1.6363
1.635
1.6336
1.6322
1.6308
1.6295
1.6281
1.6268
1.6254
1.6241
1.6227
1.6214
1.62
1.6187
1.6173
1.616
1.6146
1.6133
1.6119
1.6106
1.6092
1.6079
1.6065
1.6051
1.6038
1.6024
1.601
1.5996
1.5982
1.5967
1.5953
1.5938
1.5924
1.5909
1.5894
1.5879
1.5863
1.5847
1.5831
1.5815
1.5798
1.5781
1.5764
1.5746
1.5728
1.5709
1.569
1.567
1.5649
1.5628
1.5606
1.5583
1.5559
1.5534
1.5508
1.5481
1.5453
1.5423
1.5391
1.5358
1.5322
1.5285
1.5244
1.5201
1.5155
1.5106
1.5052
1.4994
1.4931
1.4863
1.4788
1.4705
1.4615
1.4515
1.4404
1.4281
1.4145
1.3992
1.3822
1.3632
1.3419
1.3182
1.2919
1.2626
1.2305
1.1954
1.1575
1.1172
1.0747
1.0308
.9861
.9414
.8971
.8541
.8126
.773
.7355
.7002
.6671
.6361
.6071
.5801
.5549
.5314
.5094
.4889
.4697
.4517
.4349
.4191
.4043
.3903
.3772
.3648
.3532
.3422
.3318
.3219
.3126
.3037
.2953
.2874
.2798
.2726
.2657
.2591
.2528
.2469
.2411
.2357
.2304
.2254
.2206
.2159
.2115
.2072
.2031
.1991
.1953
.1917
.1881
.1847
.1814
.1782
.1751
.1721
.1693
.1665
.1638
.1611
.1586
.1561
.1537
.1514
.1492
.147
.1449
.1428
.1408
.1388
.1369
.1351
.1333
.1315
.1298
.1281
.1265
.1249
.1233
.1218
.1203
.1189
.1175
.1161
.1148
.1134
.1121
.1109
.1097
.1085
.1073
.1061
.105
.1039
.1028
.1017
.1007
.0997
.0987
.0977
.0967
.0958
.0948
.0939
.093
.0922
.0913
.0905
.0896
.0888
.088
.0872
.0865
.0857
.085
.0842
.0835
.0828
.0821
.0814
.0807
.0801
.0794
.0788
.0781
.0775
.0769
.0763
.0757
.0751
.0745
.074
.0734
.0729
.0723
.0718
.0713
.0707
.0702
.0697
.0692
.0687
.0682
.0678
.0673
.0668
.0664
.0659
.0655
.065
.0646
.0642
.0637
.0633
.0629
.0625
.0621
.0617
.0613
.0609
.0605
.0602
.0598
.0594
.059
.0587
.0583
.058
.0576
.0573
.0569
.0566
.0563
.056
.0556
.0553
.055
.0547
.0544
.0541
.0538
.0535
.0532
.0529
.0526
.0523
.052
.0517
.0514
.0512
.0509
.0506
.0504
.0501
.0498
