4.4734
4.1911
3.911
3.6497
3.412
3.1951
2.9958
2.8124
2.6452
2.4961
2.3675
2.2614
2.1782
2.1162
2.072
2.0412
2.0198
2.0045
1.9931
1.9841
1.9764
1.9697
1.9634
1.9575
1.9519
1.9465
1.9413
1.9362
1.9313
1.9265
1.9219
1.9174
1.9131
1.9089
1.9048
1.9009
1.8971
1.8934
1.8898
1.8863
1.8829
1.8796
1.8764
1.8733
1.8703
1.8674
1.8645
1.8617
1.859
1.8564
1.8538
1.8513
1.8488
1.8464
1.8441
1.8418
1.8396
1.8374
1.8353
1.8332
1.8311
1.8291
1.8272
1.8253
1.8234
1.8215
1.8197
1.818
1.8162
1.8145
1.8128
1.8112
1.8095
1.8079
1.8064
1.8048
1.8033
1.8018
1.8003
1.7989
1.7975
1.796
1.7947
1.7933
1.7919
1.7906
1.7893
1.788
1.7867
1.7855
1.7842
1.783
1.7818
1.7806
1.7794
1.7782
1.777
1.7759
1.7747
1.7736
1.7725
1.7714
1.7703
1.7692
1.7682
1.7671
1.7661
1.765
1.764
1.763
1.762
1.761
1.76
1.759
1.758
1.7571
1.7561
1.7551
1.7542
1.7533
1.7523
1.7514
1.7505
1.7496
1.7487
1.7478
1.7469
1.746
1.7451
1.7442
1.7434
1.7425
1.7416
1.7408
1.7399
1.7391
1.7382
1.7374
1.7366
1.7357
1.7349
1.7341
1.7333
1.7325
1.7317
1.7309
1.7301
1.7293
1.7285
1.7277
1.7269
1.7261
1.7253
1.7246
1.7238
1.723
1.7223
1.7215
1.7207
1.72
1.7192
1.7185
1.7177
1.717
1.7162
1.7155
1.7148
1.714
1.7133
1.7126
1.7119
1.7111
1.7104
1.7097
1.709
1.7083
1.7076
1.7068
1.7061
1.7054
1.7047
1.704
1.7033
1.7027
1.702
1.7013
1.7006
1.6999
1.6992
1.6985
1.6979
1.6972
1.6965
1.6959
1.6952
1.6945
1.6939
1.6932
1.6926
1.6919
1.6912
1.6906
1.69
1.6893
1.6887
1.688
1.6874
1.6868
1.6861
1.6855
1.6849
1.6842
1.6836
1.683
1.6824
1.6818
1.6812
1.6805
1.6799
1.6793
1.6787
1.6781
1.6775
1.6769
1.6763
1.6757
1.6752
1.6746
1.674
1.6734
1.6728
1.6723
1.6717
1.6711
1.6705
1.67
1.6694
1.6689
1.6683
1.6677
1.6672
1.6666
1.6661
1.6655
1.665
1.6644
1.6639
1.6634
1.6628
1.6623
1.6618
1.6612
1.6607
1.6602
1.6597
1.6592
1.6586
1.6581
1.6576
1.6571
1.6566
1.6561
1.6556
1.6551
1.6546
1.6541
1.6536
1.6531
1.6526
1.6521
1.6516
1.6512
1.6507
1.6502
1.6497
1.6493
1.6488
1.6483
1.6479
1.6474
1.6469
1.6465
1.646
1.6456
1.6451
1.6446
1.6442
1.6437
1.6433
1.6429
1.6424
1.642
1.6415
1.6411
1.6407
1.6402
1.6398
1.6394
1.639
1.6385
1.6381
1.6377
1.6373
1.6369
1.6364
1.636
1.6356
1.6352
1.6348
1.6344
1.634
1.6336
1.6332
1.6328
1.6324
1.632
1.6316
1.6312
1.6308
1.6305
1.6301
1.6297
1.6293
1.6289
1.6286
1.6282
1.6278
1.6274
1.6271
1.6267
1.6263
1.626
1.6256
1.6252
1.6249
1.6245
1.6242
1.6238
1.6234
1.6231
1.6227
1.6224
1.622
1.6217
1.6214
1.621
1.6207
1.6203
1.62
1.6197
1.6193
1.619
1.6186
1.6183
1.618
1.6177
1.6173
1.617
1.6167
1.6164
1.616
1.6157
1.6154
1.6151
1.6148
1.6144
1.6141
1.6138
1.6135
1.6132
1.6129
1.6126
1.6123
1.612
1.6117
1.6114
1.6111
1.6108
1.6105
1.6102
1.6099
1.6096
1.6093
1.609
1.6087
1.6084
1.6081
1.6078
1.6076
1.6073
1.607
1.6067
1.6064
1.6061
1.6059
1.6056
1.6053
1.605
1.6048
1.6045
1.6042
1.6039
1.6037
1.6034
1.6031
1.6029
1.6026
1.6023
1.6021
1.6018
1.6015
1.6013
1.601
1.6008
1.6005
1.6002
1.6
1.5997
1.5995
1.5992
1.599
1.5987
1.5985
1.5982
1.598
1.5977
1.5975
1.5972
1.597
1.5967
1.5965
1.5963
1.596
1.5958
1.5955
1.5953
1.5951
1.5948
1.5946
1.5943
1.5941
1.5939
1.5936
1.5934
1.5932
1.593
1.5927
1.5925
1.5923
1.592
1.5918
1.5916
1.5914
1.5911
1.5909
1.5907
1.5905
1.5903
1.59
1.5898
1.5896
1.5894
1.5892
1.5889
1.5887
1.5885
1.5883
1.5881
1.5879
1.5877
1.5875
1.5872
1.587
1.5868
1.5866
1.5864
1.5862
1.586
1.5858
1.5856
1.5854
1.5852
1.585
1.5848
1.5846
1.5844
1.5842
1.584
1.5838
1.5836
1.5834
1.5832
1.583
1.5828
1.5826
1.5824
1.5822
1.582
1.5818
1.5816
1.5814
1.5812
1.5811
1.5809
1.5807
1.5805
1.5803
1.5801
1.5799
1.5797
1.5796
1.5794
1.5792
1.579
1.5788
1.5786
1.5785
1.5783
1.5781
1.5779
1.5777
1.5775
1.5774
1.5772
1.577
1.5768
1.5767
1.5765
1.5763
1.5761
1.576
1.5758
1.5756
1.5754
1.5753
1.5751
1.5749
1.5747
1.5746
1.5744
1.5742
1.5741
1.5739
1.5737
1.5736
1.5734
1.5732
1.5731
1.5729
1.5727
1.5726
1.5724
1.5722
1.5721
1.5719
1.5717
1.5716
1.5714
1.5712
1.5711
1.5709
1.5708
1.5706
1.5704
1.5703
1.5701
1.57
1.5698
1.5696
1.5695
1.5693
1.5692
1.569
1.5689
1.5687
1.5686
1.5684
1.5682
1.5681
1.5679
1.5678
1.5676
1.5675
1.5673
1.5672
1.567
1.5669
1.5667
1.5666
1.5664
1.5663
1.5661
1.566
1.5658
1.5657
1.5655
1.5654
1.5652
1.5651
1.5649
1.5648
1.5647
1.5645
1.5644
1.5642
1.5641
1.5639
1.5638
1.5636
1.5635
1.5634
1.5632
1.5631
1.5629
1.5628
1.5626
1.5625
1.5624
1.5622
1.5621
1.5619
1.5618
1.5617
1.5615
1.5614
1.5612
1.5611
1.561
1.5608
1.5607
1.5606
1.5604
1.5603
1.5602
1.56
1.5599
1.5597
1.5596
1.5595
1.5593
1.5592
1.5591
1.5589
1.5588
1.5587
1.5585
1.5584
1.5583
1.5581
1.558
1.5579
1.5578
1.5576
1.5575
1.5574
1.5572
1.5571
1.557
1.5568
1.5567
1.5566
1.5565
1.5563
1.5562
1.5561
1.5559
1.5558
1.5557
1.5556
1.5554
1.5553
1.5552
1.555
1.5549
1.5548
1.5547
1.5545
1.5544
1.5543
1.5542
1.554
1.5539
1.5538
1.5537
1.5535
1.5534
1.5533
1.5532
1.5531
1.5529
1.5528
1.5527
1.5526
1.5524
1.5523
1.5522
1.5521
1.552
1.5518
1.5517
1.5516
1.5515
1.5513
1.5512
1.5511
1.551
1.5509
1.5507
1.5506
1.5505
1.5504
1.5503
1.5502
1.55
1.5499
1.5498
1.5497
1.5496
1.5494
1.5493
1.5492
1.5491
1.549
1.5489
1.5487
1.5486
1.5485
1.5484
1.5483
1.5481
1.548
1.5479
1.5478
1.5477
1.5476
1.5475
1.5473
1.5472
1.5471
1.547
1.5469
1.5468
1.5466
1.5465
1.5464
1.5463
1.5462
1.5461
1.546
1.5458
1.5457
1.5456
1.5455
1.5454
1.5453
1.5452
1.545
1.5449
1.5448
1.5447
1.5446
1.5445
1.5444
1.5442
1.5441
1.544
1.5439
1.5438
1.5437
1.5436
1.5435
1.5433
1.5432
1.5431
1.543
1.5429
1.5428
1.5427
1.5426
1.5424
1.5423
1.5422
1.5421
1.542
1.5419
1.5418
1.5417
1.5416
1.5414
1.5413
1.5412
1.5411
1.541
1.5409
1.5408
1.5407
1.5406
1.5404
1.5403
1.5402
1.5401
1.54
1.5399
1.5398
1.5397
1.5395
1.5394
1.5393
1.5392
1.5391
1.539
1.5389
1.5388
1.5387
1.5385
1.5384
1.5383
1.5382
1.5381
1.538
1.5379
1.5378
1.5377
1.5375
1.5374
1.5373
1.5372
1.5371
1.537
1.5369
1.5368
1.5367
1.5365
1.5364
1.5363
1.5362
1.5361
1.536
1.5359
1.5358
1.5357
1.5355
1.5354
1.5353
1.5352
1.5351
1.535
1.5349
1.5348
1.5346
1.5345
1.5344
1.5343
1.5342
1.5341
1.534
1.5339
1.5337
1.5336
1.5335
1.5334
1.5333
1.5332
1.5331
1.5329
1.5328
1.5327
1.5326
1.5325
1.5324
1.5323
1.5321
1.532
1.5319
1.5318
1.5317
1.5316
1.5314
1.5313
1.5312
1.5311
1.531
1.5309
1.5307
1.5306
1.5305
1.5304
1.5303
1.5302
1.53
1.5299
1.5298
1.5297
1.5296
1.5295
1.5293
1.5292
1.5291
1.529
1.5289
1.5287
1.5286
1.5285
1.5284
1.5283
1.5281
1.528
1.5279
1.5278
1.5276
1.5275
1.5274
1.5273
1.5271
1.527
1.5269
1.5268
1.5267
1.5265
1.5264
1.5263
1.5261
1.526
1.5259
1.5258
1.5256
1.5255
1.5254
1.5253
1.5251
1.525
1.5249
1.5247
1.5246
1.5245
1.5243
1.5242
1.5241
1.524
1.5238
1.5237
1.5236
1.5234
1.5233
1.5232
1.523
1.5229
1.5227
1.5226
1.5225
1.5223
1.5222
1.5221
1.5219
1.5218
1.5216
1.5215
1.5214
1.5212
1.5211
1.5209
1.5208
1.5206
1.5205
1.5204
1.5202
1.5201
1.5199
1.5198
1.5196
1.5195
1.5193
1.5192
1.519
1.5189
1.5187
1.5186
1.5184
1.5183
1.5181
1.5179
1.5178
1.5176
1.5175
1.5173
1.5172
1.517
1.5168
1.5167
1.5165
1.5163
1.5162
1.516
1.5158
1.5157
1.5155
1.5153
1.5152
1.515
1.5148
1.5147
1.5145
1.5143
1.5141
1.514
1.5138
1.5136
1.5134
1.5132
1.5131
1.5129
1.5127
1.5125
1.5123
1.5121
1.512
1.5118
1.5116
1.5114
1.5112
1.511
1.5108
1.5106
1.5104
1.5102
1.51
1.5098
1.5096
1.5094
1.5092
1.509
1.5088
1.5086
1.5084
1.5082
1.5079
1.5077
1.5075
1.5073
1.5071
1.5068
1.5066
1.5064
1.5062
1.506
1.5057
1.5055
1.5053
1.505
1.5048
1.5046
1.5043
1.5041
1.5038
1.5036
1.5033
1.5031
1.5028
1.5026
1.5023
1.5021
1.5018
1.5016
1.5013
1.5011
1.5008
1.5005
1.5003
1.5
1.4997
1.4994
1.4992
1.4989
1.4986
1.4983
1.498
1.4978
1.4975
1.4972
1.4969
1.4966
1.4963
1.496
1.4957
1.4954
1.4951
1.4948
1.4945
1.4942
1.4939
1.4936
1.4932
1.4929
1.4926
1.4923
1.492
1.4916
1.4913
1.491
1.4906
1.4903
1.49
1.4896
1.4893
1.489
1.4886
1.4883
1.4879
1.4876
1.4872
1.4869
1.4865
1.4862
1.4858
1.4855
1.4851
1.4848
1.4844
1.484
1.4837
1.4833
1.483
1.4826
1.4822
1.4819
1.4815
1.4811
1.4808
1.4804
1.48
1.4797
1.4793
1.4789
1.4786
1.4782
1.4778
1.4775
1.4771
1.4767
1.4764
1.476
1.4757
1.4753
1.4749
1.4746
1.4742
1.4739
1.4735
1.4732
1.4728
1.4725
1.4721
1.4718
1.4714
1.4711
1.4708
1.4704
1.4701
1.4698
1.4694
1.4691
1.4688
1.4685
1.4682
1.4679
1.4675
1.4672
1.4669
1.4666
1.4664
1.4661
1.4658
1.4655
1.4652
1.4649
1.4647
1.4644
1.4641
1.4639
1.4636
1.4634
1.4631
1.4629
1.4627
1.4624
1.4622
1.462
1.4618
1.4615
1.4613
1.4611
1.4609
1.4607
1.4605
1.4603
1.4601
1.4599
1.4597
1.4596
1.4594
1.4592
1.4591
1.4589
1.4587
1.4586
1.4584
1.4583
1.4581
1.458
1.4578
1.4577
1.4575
1.4574
1.4573
1.4572
1.457
1.4569
1.4568
1.4567
1.4566
1.4564
1.4563
1.4562
1.4561
1.456
1.4559
1.4558
1.4557
1.4556
1.4556
1.4555
1.4554
1.4553
1.4552
1.4552
1.4551
1.455
1.4549
1.4549
1.4548
1.4547
1.4547
1.4546
1.4546
1.4545
1.4545
1.4544
1.4544
1.4543
1.4543
1.4542
1.4542
1.4542
1.4541
1.4541
1.454
1.454
1.4539
1.4539
1.4538
1.4537
1.4536
1.4535
1.4534
1.4533
1.4531
1.4529
1.4526
1.4523
1.4519
1.4514
1.4507
1.4499
1.4489
1.4477
1.4461
1.444
1.4414
1.4379
1.4333
1.4272
1.419
1.4079
1.3927
1.3718
1.343
1.3038
1.2521
1.1872
1.112
1.0334
.959
.894
.8395
.7947
.7577
.7271
.7014
.6796
.6608
.6444
.63
.617
.6053
.5946
.5848
.5756
.5669
.5588
.551
.5435
.5363
.5293
.5224
.5158
.5092
.5027
.4963
.4899
.4835
.4772
.4708
.4644
.4579
.4514
.4448
.4382
.4315
.4247
.4178
.4107
.4036
.3964
.3891
.3817
.3741
.3665
.3587
.3509
.343
.335
.3269
.3188
.3107
.3025
.2944
.2862
.2781
.2701
.2621
.2542
.2465
.2389
.2314
.2241
.217
.2101
.2034
.1969
.1906
.1846
.1787
.1732
.1678
.1627
.1577
.153
.1485
.1442
.1401
.1362
.1325
.1289
.1256
.1223
.1192
.1163
.1135
.1108
.1082
.1058
.1034
.1012
.099
.097
.095
.0931
.0913
.0896
.0879
.0863
.0847
.0833
.0818
.0804
.0791
.0778
.0766
.0754
.0742
.0731
.072
.071
.07
.069
.068
.0671
.0662
.0653
.0645
.0637
.0628
.0621
.0613
.0606
.0599
.0592
.0585
.0578
.0572
.0565
.0559
.0553
.0547
.0541
.0536
.053
.0525
.052
.0514
.0509
.0504
.05
