4.6253
4.3822
4.1568
3.9608
3.7906
3.6355
3.4849
3.3305
3.1672
2.9942
2.8156
2.6409
2.4837
2.3563
2.2634
2.2008
2.1599
2.1323
2.1126
2.0973
2.0848
2.0742
2.0648
2.0565
2.0491
2.0424
2.0362
2.0306
2.0254
2.0206
2.0161
2.0118
2.0077
2.0037
1.9998
1.996
1.9922
1.9883
1.9845
1.9805
1.9765
1.9724
1.9681
1.9638
1.9592
1.9545
1.9497
1.9446
1.9394
1.9339
1.9283
1.9225
1.9165
1.9104
1.904
1.8976
1.8909
1.8842
1.8773
1.8704
1.8634
1.8563
1.8493
1.8422
1.8352
1.8281
1.8212
1.8143
1.8075
1.8009
1.7943
1.7879
1.7816
1.7755
1.7695
1.7637
1.758
1.7525
1.7471
1.7419
1.7369
1.732
1.7272
1.7226
1.7181
1.7138
1.7096
1.7055
1.7016
1.6978
1.694
1.6904
1.6869
1.6835
1.6802
1.677
1.6738
1.6708
1.6678
1.6649
1.662
1.6592
1.6565
1.6539
1.6513
1.6487
1.6463
1.6438
1.6414
1.6391
1.6368
1.6345
1.6322
1.63
1.6279
1.6257
1.6236
1.6215
1.6194
1.6174
1.6154
1.6133
1.6113
1.6094
1.6074
1.6054
1.6034
1.6015
1.5995
1.5975
1.5956
1.5936
1.5916
1.5896
1.5876
1.5856
1.5835
1.5814
1.5793
1.5772
1.575
1.5728
1.5706
1.5682
1.5659
1.5634
1.5609
1.5583
1.5557
1.5529
1.55
1.547
1.5439
1.5406
1.5372
1.5335
1.5297
1.5257
1.5214
1.5168
1.5119
1.5066
1.5009
1.4948
1.4882
1.4809
1.473
1.4643
1.4548
1.4442
1.4324
1.4193
1.4046
1.388
1.3694
1.3483
1.3245
1.2974
1.2668
1.2323
1.1934
1.1502
1.1027
1.0512
.9965
.9396
.8819
.8248
.7694
.7168
.6677
.6224
.581
.5433
.5093
.4786
.4508
.4256
.4029
.3823
.3635
.3464
.3308
.3165
.3033
.2912
.28
.2697
.2601
.2511
.2428
.235
.2277
.2209
.2145
.2085
.2028
.1974
.1923
.1875
.183
.1787
.1745
.1706
.1669
.1633
.1599
.1567
.1535
.1506
.1477
.1449
.1423
.1398
.1373
.135
.1327
.1305
.1284
.1264
.1244
.1225
.1207
.1189
.1171
.1155
.1138
.1123
.1107
.1093
.1078
.1064
.1051
.1037
.1024
.1012
.1
.0988
.0976
.0965
.0954
.0943
.0932
.0922
.0912
.0902
.0893
.0883
.0874
.0865
.0856
.0848
.0839
.0831
.0823
.0815
.0807
.08
.0792
.0785
.0778
.0771
.0764
.0757
.0751
.0744
.0738
.0732
.0725
.0719
.0714
.0708
.0702
.0696
.0691
.0685
.068
.0675
.0669
.0664
.0659
.0654
.0649
.0645
.064
.0635
.0631
.0626
.0622
.0617
.0613
.0609
.0605
.06
.0596
.0592
.0588
.0584
.0581
.0577
.0573
.0569
.0566
.0562
.0558
.0555
.0551
.0548
.0545
.0541
.0538
.0535
.0532
.0528
.0525
.0522
.0519
.0516
.0513
.051
.0507
.0504
.0501
.0499
