4.2692
3.9774
3.7035
3.462
3.2526
3.0688
2.9054
2.7604
2.6348
2.531
2.4507
2.3926
2.3532
2.3276
2.3114
2.3011
2.2943
2.2897
2.2863
2.2836
2.2812
2.2791
2.2771
2.2751
2.2731
2.2711
2.2689
2.2668
2.2645
2.2622
2.2598
2.2573
2.2547
2.252
2.2492
2.2463
2.2434
2.2404
2.2373
2.2341
2.2309
2.2276
2.2243
2.2209
2.2176
2.2143
2.2109
2.2076
2.2044
2.2011
2.198
2.1949
2.192
2.1891
2.1863
2.1836
2.1811
2.1786
2.1763
2.1741
2.172
2.17
2.1681
2.1663
2.1646
2.163
2.1615
2.16
2.1587
2.1574
2.1562
2.155
2.1539
2.1528
2.1518
2.1509
2.15
2.1491
2.1482
2.1474
2.1466
2.1458
2.145
2.1442
2.1434
2.1426
2.1418
2.141
2.1402
2.1394
2.1385
2.1376
2.1366
2.1356
2.1346
2.1334
2.1322
2.131
2.1296
2.1281
2.1265
2.1248
2.1229
2.1209
2.1188
2.1164
2.1139
2.1112
2.1082
2.105
2.1016
2.0978
2.0938
2.0895
2.0848
2.0798
2.0745
2.0687
2.0625
2.0559
2.0489
2.0414
2.0333
2.0248
2.0156
2.0059
1.9956
1.9847
1.973
1.9606
1.9475
1.9335
1.9187
1.903
1.8864
1.8687
1.85
1.8303
1.8094
1.7875
1.7644
1.7401
1.7147
1.6883
1.6608
1.6323
1.603
1.5729
1.5421
1.5108
1.479
1.4469
1.4146
1.3823
1.3499
1.3178
1.2859
1.2543
1.2231
1.1924
1.1623
1.1327
1.1037
1.0754
1.0477
1.0208
.9945
.969
.9442
.9201
.8967
.874
.852
.8306
.81
.79
.7707
.7519
.7338
.7163
.6993
.6829
.6671
.6517
.6369
.6226
.6087
.5953
.5823
.5697
.5576
.5458
.5344
.5234
.5127
.5024
.4923
.4826
.4732
.4641
.4553
.4467
.4384
.4303
.4225
.4149
.4076
.4004
.3934
.3867
.3801
.3737
.3675
.3615
.3556
.3499
.3444
.339
.3337
.3286
.3236
.3187
.314
.3094
.3049
.3005
.2962
.292
.2879
.284
.2801
.2763
.2726
.269
.2654
.262
.2586
.2553
.2521
.2489
.2459
.2428
.2399
.237
.2342
.2314
.2287
.226
.2234
.2209
.2184
.2159
.2135
.2112
.2089
.2066
.2044
.2023
.2001
.198
.196
.194
.192
.19
.1881
.1863
.1844
.1826
.1809
.1791
.1774
.1757
.1741
.1724
.1709
.1693
.1677
.1662
.1647
.1633
.1618
.1604
.159
.1576
.1563
.1549
.1536
.1523
.151
.1498
.1486
.1473
.1461
.145
.1438
.1427
.1415
.1404
.1393
.1382
.1372
.1361
.1351
.1341
.1331
.1321
.1311
.1301
.1292
.1282
.1273
.1264
.1255
.1246
.1237
.1229
.122
.1212
.1203
.1195
.1187
.1179
.1171
.1163
.1155
.1148
.114
.1133
.1125
.1118
.1111
.1104
.1097
.109
.1083
.1076
.107
.1063
.1057
.105
.1044
.1037
.1031
.1025
.1019
.1013
.1007
.1001
.0995
.0989
.0984
.0978
.0972
.0967
.0961
.0956
.0951
.0945
.094
.0935
.093
.0925
.092
.0915
.091
.0905
.09
.0895
.0891
.0886
.0881
.0877
.0872
.0868
.0863
.0859
.0854
.085
.0846
.0841
.0837
.0833
.0829
.0825
.0821
.0817
.0813
.0809
.0805
.0801
.0797
.0793
.079
.0786
.0782
.0779
.0775
.0771
.0768
.0764
.0761
.0757
.0754
.075
.0747
.0744
.074
.0737
.0734
.0731
.0727
.0724
.0721
.0718
.0715
.0712
.0709
.0706
.0703
.07
.0697
.0694
.0691
.0688
.0685
.0682
.0679
.0676
.0674
.0671
.0668
.0665
.0663
.066
.0657
.0655
.0652
.065
.0647
.0644
.0642
.0639
.0637
.0634
.0632
.063
.0627
.0625
.0622
.062
.0618
.0615
.0613
.0611
.0608
.0606
.0604
.0602
.0599
.0597
.0595
.0593
.0591
.0588
.0586
.0584
.0582
.058
.0578
.0576
.0574
.0572
.057
.0568
.0566
.0564
.0562
.056
.0558
.0556
.0554
.0552
.055
.0548
.0547
.0545
.0543
.0541
.0539
.0537
.0536
.0534
.0532
.053
.0529
.0527
.0525
.0523
.0522
.052
.0518
.0517
.0515
.0513
.0512
.051
.0508
.0507
.0505
.0504
.0502
.0501
.0499
