5.0486
4.899
4.7102
4.4753
4.1921
3.8687
3.5249
3.1869
2.8796
2.6233
2.4306
2.3019
2.2248
2.1815
2.1575
2.1433
2.1339
2.1268
2.1207
2.115
2.1094
2.1037
2.0979
2.092
2.086
2.0798
2.0734
2.0669
2.0602
2.0534
2.0464
2.0392
2.0318
2.0242
2.0163
2.0081
1.9996
1.9908
1.9816
1.972
1.9619
1.9514
1.9403
1.9287
1.9164
1.9036
1.89
1.8758
1.8609
1.8452
1.8287
1.8114
1.7934
1.7745
1.7548
1.7344
1.7132
1.6912
1.6686
1.6453
1.6213
1.5968
1.5718
1.5464
1.5206
1.4945
1.4681
1.4416
1.4149
1.3882
1.3615
1.3349
1.3084
1.282
1.2559
1.2301
1.2045
1.1793
1.1545
1.13
1.106
1.0824
1.0592
1.0365
1.0143
.9926
.9713
.9505
.9302
.9104
.8911
.8723
.8539
.836
.8185
.8016
.785
.7689
.7533
.738
.7232
.7087
.6947
.681
.6678
.6548
.6423
.63
.6182
.6066
.5953
.5844
.5737
.5634
.5533
.5435
.5339
.5247
.5156
.5068
.4982
.4899
.4817
.4738
.4661
.4586
.4513
.4441
.4372
.4304
.4238
.4173
.411
.4049
.3989
.3931
.3874
.3818
.3764
.3711
.3659
.3608
.3559
.351
.3463
.3417
.3372
.3328
.3284
.3242
.3201
.316
.3121
.3082
.3044
.3007
.2971
.2935
.2901
.2866
.2833
.28
.2768
.2737
.2706
.2676
.2646
.2617
.2588
.256
.2533
.2506
.248
.2454
.2428
.2403
.2379
.2355
.2331
.2308
.2285
.2262
.224
.2219
.2197
.2176
.2156
.2135
.2116
.2096
.2077
.2058
.2039
.2021
.2003
.1985
.1968
.195
.1933
.1917
.19
.1884
.1868
.1853
.1837
.1822
.1807
.1792
.1778
.1763
.1749
.1735
.1722
.1708
.1695
.1682
.1669
.1656
.1644
.1631
.1619
.1607
.1595
.1583
.1572
.156
.1549
.1538
.1527
.1516
.1505
.1495
.1484
.1474
.1464
.1454
.1444
.1434
.1424
.1415
.1405
.1396
.1387
.1378
.1369
.136
.1351
.1342
.1334
.1325
.1317
.1309
.1301
.1293
.1285
.1277
.1269
.1261
.1254
.1246
.1239
.1231
.1224
.1217
.121
.1203
.1196
.1189
.1182
.1175
.1168
.1162
.1155
.1149
.1142
.1136
.113
.1123
.1117
.1111
.1105
.1099
.1093
.1088
.1082
.1076
.107
.1065
.1059
.1054
.1048
.1043
.1037
.1032
.1027
.1022
.1017
.1011
.1006
.1001
.0996
.0991
.0987
.0982
.0977
.0972
.0968
.0963
.0958
.0954
.0949
.0945
.094
.0936
.0932
.0927
.0923
.0919
.0914
.091
.0906
.0902
.0898
.0894
.089
.0886
.0882
.0878
.0874
.087
.0867
.0863
.0859
.0855
.0852
.0848
.0844
.0841
.0837
.0834
.083
.0827
.0823
.082
.0816
.0813
.081
.0806
.0803
.08
.0796
.0793
.079
.0787
.0784
.0781
.0777
.0774
.0771
.0768
.0765
.0762
.0759
.0756
.0754
.0751
.0748
.0745
.0742
.0739
.0736
.0734
.0731
.0728
.0725
.0723
.072
.0717
.0715
.0712
.071
.0707
.0704
.0702
.0699
.0697
.0694
.0692
.0689
.0687
.0684
.0682
.068
.0677
.0675
.0672
.067
.0668
.0666
.0663
.0661
.0659
.0656
.0654
.0652
.065
.0648
.0645
.0643
.0641
.0639
.0637
.0635
.0633
.0631
.0629
.0626
.0624
.0622
.062
.0618
.0616
.0614
.0612
.061
.0609
.0607
.0605
.0603
.0601
.0599
.0597
.0595
.0593
.0592
.059
.0588
.0586
.0584
.0583
.0581
.0579
.0577
.0575
.0574
.0572
.057
.0569
.0567
.0565
.0564
.0562
.056
.0559
.0557
.0555
.0554
.0552
.055
.0549
.0547
.0546
.0544
.0543
.0541
.0539
.0538
.0536
.0535
.0533
.0532
.053
.0529
.0527
.0526
.0525
.0523
.0522
.052
.0519
.0517
.0516
.0515
.0513
.0512
.051
.0509
.0508
.0506
.0505
.0504
.0502
.0501
.05
