4.5144
4.2288
3.9377
3.6559
3.3865
3.1269
2.8769
2.645
2.4469
2.2978
2.1999
2.1418
2.1084
2.088
2.0741
2.0633
2.0541
2.0457
2.0375
2.0294
2.0213
2.0131
2.0049
1.9965
1.988
1.9794
1.9708
1.962
1.9532
1.9444
1.9355
1.9267
1.9178
1.9091
1.9004
1.8918
1.8833
1.875
1.8668
1.8588
1.851
1.8434
1.836
1.8287
1.8217
1.8149
1.8083
1.8019
1.7957
1.7897
1.7839
1.7783
1.7729
1.7677
1.7626
1.7577
1.753
1.7484
1.7439
1.7396
1.7355
1.7314
1.7275
1.7237
1.72
1.7165
1.713
1.7096
1.7063
1.7031
1.7
1.697
1.6941
1.6912
1.6884
1.6857
1.683
1.6804
1.6778
1.6754
1.6729
1.6706
1.6682
1.666
1.6637
1.6615
1.6594
1.6573
1.6552
1.6532
1.6512
1.6493
1.6474
1.6455
1.6437
1.6419
1.6401
1.6383
1.6366
1.6349
1.6332
1.6316
1.63
1.6284
1.6268
1.6252
1.6237
1.6222
1.6207
1.6192
1.6178
1.6163
1.6149
1.6135
1.6121
1.6107
1.6094
1.608
1.6067
1.6053
1.604
1.6027
1.6014
1.6002
1.5989
1.5976
1.5964
1.5951
1.5939
1.5927
1.5914
1.5902
1.589
1.5878
1.5866
1.5854
1.5842
1.5829
1.5817
1.5805
1.5793
1.5781
1.5769
1.5757
1.5745
1.5733
1.572
1.5708
1.5696
1.5683
1.567
1.5658
1.5645
1.5632
1.5618
1.5605
1.5591
1.5577
1.5563
1.5549
1.5534
1.5519
1.5504
1.5488
1.5472
1.5455
1.5438
1.542
1.5402
1.5383
1.5363
1.5343
1.5321
1.5299
1.5276
1.5251
1.5225
1.5198
1.5169
1.5139
1.5107
1.5072
1.5035
1.4996
1.4953
1.4908
1.4858
1.4805
1.4746
1.4682
1.4613
1.4536
1.4451
1.4358
1.4254
1.4138
1.4009
1.3865
1.3704
1.3523
1.332
1.3092
1.2838
1.2554
1.224
1.1894
1.1518
1.1113
1.0683
1.0235
.9775
.931
.8849
.8399
.7964
.755
.7158
.6791
.6448
.613
.5834
.556
.5307
.5072
.4855
.4653
.4465
.4291
.4128
.3977
.3835
.3702
.3578
.3462
.3352
.3248
.3151
.3059
.2972
.2889
.2811
.2737
.2666
.2599
.2535
.2474
.2416
.236
.2307
.2256
.2207
.2161
.2116
.2072
.2031
.1991
.1952
.1915
.188
.1845
.1812
.178
.1749
.1719
.169
.1662
.1635
.1608
.1583
.1558
.1534
.1511
.1488
.1466
.1445
.1424
.1404
.1384
.1365
.1346
.1328
.131
.1293
.1276
.126
.1244
.1228
.1213
.1198
.1184
.117
.1156
.1142
.1129
.1116
.1104
.1091
.1079
.1067
.1056
.1044
.1033
.1022
.1012
.1001
.0991
.0981
.0971
.0961
.0952
.0942
.0933
.0924
.0916
.0907
.0898
.089
.0882
.0874
.0866
.0858
.0851
.0843
.0836
.0829
.0821
.0814
.0808
.0801
.0794
.0788
.0781
.0775
.0769
.0762
.0756
.075
.0744
.0739
.0733
.0727
.0722
.0716
.0711
.0706
.0701
.0695
.069
.0685
.068
.0676
.0671
.0666
.0661
.0657
.0652
.0648
.0643
.0639
.0635
.063
.0626
.0622
.0618
.0614
.061
.0606
.0602
.0598
.0595
.0591
.0587
.0583
.058
.0576
.0573
.0569
.0566
.0562
.0559
.0556
.0553
.0549
.0546
.0543
.054
.0537
.0534
.0531
.0528
.0525
.0522
.0519
.0516
.0513
.051
.0507
.0505
.0502
.0499
