4.6289
4.3954
4.2022
4.058
3.9531
3.8744
3.8122
3.7599
3.7136
3.6706
3.6292
3.5882
3.5467
3.5041
3.4597
3.4131
3.364
3.3121
3.2572
3.1992
3.1382
3.0743
3.008
2.94
2.8717
2.8045
2.7402
2.6807
2.6277
2.582
2.5438
2.5124
2.4866
2.4651
2.4465
2.4299
2.4144
2.3994
2.3846
2.3696
2.3545
2.3389
2.323
2.3068
2.2902
2.2734
2.2563
2.2391
2.2217
2.2043
2.1869
2.1696
2.1523
2.1352
2.1183
2.1016
2.0852
2.0689
2.053
2.0372
2.0217
2.0063
1.9911
1.9759
1.9606
1.9453
1.9297
1.9138
1.8974
1.8804
1.8626
1.8437
1.8237
1.8023
1.7791
1.7539
1.7265
1.6964
1.6634
1.6271
1.5874
1.5442
1.4973
1.4471
1.3939
1.3383
1.2811
1.2231
1.1652
1.1082
1.0527
.9992
.9482
.8999
.8544
.8117
.7719
.7347
.7001
.668
.6381
.6104
.5846
.5606
.5383
.5175
.4981
.48
.463
.4471
.4322
.4183
.4051
.3927
.3811
.37
.3596
.3497
.3404
.3315
.323
.315
.3074
.3001
.2931
.2865
.2801
.274
.2682
.2626
.2572
.2521
.2471
.2424
.2378
.2334
.2291
.225
.2211
.2172
.2135
.21
.2065
.2031
.1999
.1968
.1937
.1908
.1879
.1851
.1824
.1798
.1772
.1748
.1724
.17
.1677
.1655
.1633
.1612
.1592
.1571
.1552
.1533
.1514
.1496
.1478
.1461
.1444
.1427
.1411
.1395
.138
.1364
.135
.1335
.1321
.1307
.1293
.128
.1267
.1254
.1241
.1229
.1217
.1205
.1193
.1182
.1171
.116
.1149
.1138
.1128
.1118
.1108
.1098
.1088
.1079
.1069
.106
.1051
.1042
.1033
.1025
.1016
.1008
.1
.0992
.0984
.0976
.0968
.0961
.0953
.0946
.0939
.0931
.0924
.0917
.0911
.0904
.0897
.0891
.0884
.0878
.0872
.0866
.086
.0854
.0848
.0842
.0836
.083
.0825
.0819
.0814
.0808
.0803
.0798
.0793
.0788
.0782
.0777
.0773
.0768
.0763
.0758
.0753
.0749
.0744
.074
.0735
.0731
.0727
.0722
.0718
.0714
.071
.0705
.0701
.0697
.0693
.0689
.0686
.0682
.0678
.0674
.067
.0667
.0663
.066
.0656
.0653
.0649
.0646
.0642
.0639
.0635
.0632
.0629
.0626
.0622
.0619
.0616
.0613
.061
.0607
.0604
.0601
.0598
.0595
.0592
.0589
.0586
.0584
.0581
.0578
.0575
.0573
.057
.0567
.0565
.0562
.0559
.0557
.0554
.0552
.0549
.0547
.0544
.0542
.0539
.0537
.0535
.0532
.053
.0528
.0525
.0523
.0521
.0519
.0516
.0514
.0512
.051
.0508
.0506
.0504
.0502
.0499
