4.1745
3.8385
3.4955
3.1661
2.8668
2.6143
2.4236
2.2983
2.2261
2.188
2.1687
2.1586
2.153
2.1495
2.1469
2.1447
2.1426
2.1404
2.1382
2.1358
2.1333
2.1307
2.1279
2.125
2.1221
2.119
2.1158
2.1125
2.1091
2.1056
2.1021
2.0985
2.0948
2.0911
2.0872
2.0833
2.0794
2.0753
2.0712
2.0671
2.0628
2.0585
2.0541
2.0496
2.0451
2.0404
2.0357
2.0308
2.0259
2.0208
2.0156
2.0103
2.0049
1.9993
1.9935
1.9876
1.9815
1.9753
1.9688
1.9622
1.9553
1.9482
1.9408
1.9332
1.9253
1.9171
1.9085
1.8996
1.8903
1.8806
1.8705
1.8598
1.8486
1.8368
1.8243
1.8112
1.7972
1.7824
1.7667
1.75
1.7321
1.7132
1.693
1.6715
1.6488
1.6247
1.5992
1.5725
1.5445
1.5153
1.4851
1.454
1.4221
1.3896
1.3567
1.3236
1.2904
1.2572
1.2243
1.1917
1.1595
1.1279
1.0969
1.0665
1.0369
1.008
.9798
.9525
.9259
.9002
.8752
.8511
.8277
.8051
.7832
.7621
.7417
.722
.703
.6847
.667
.65
.6335
.6176
.6023
.5875
.5733
.5595
.5463
.5335
.5211
.5092
.4977
.4866
.4759
.4655
.4555
.4459
.4365
.4275
.4188
.4103
.4021
.3942
.3866
.3792
.372
.365
.3583
.3518
.3454
.3393
.3333
.3276
.3219
.3165
.3112
.306
.301
.2962
.2915
.2869
.2824
.278
.2738
.2697
.2657
.2617
.2579
.2542
.2506
.2471
.2436
.2402
.237
.2338
.2306
.2276
.2246
.2217
.2188
.2161
.2133
.2107
.2081
.2055
.2031
.2006
.1982
.1959
.1936
.1914
.1892
.1871
.185
.1829
.1809
.1789
.177
.1751
.1732
.1714
.1696
.1678
.1661
.1644
.1628
.1611
.1595
.158
.1564
.1549
.1534
.1519
.1505
.1491
.1477
.1463
.145
.1437
.1424
.1411
.1398
.1386
.1374
.1362
.135
.1339
.1327
.1316
.1305
.1294
.1283
.1273
.1262
.1252
.1242
.1232
.1222
.1213
.1203
.1194
.1185
.1176
.1167
.1158
.1149
.114
.1132
.1124
.1115
.1107
.1099
.1091
.1083
.1076
.1068
.1061
.1053
.1046
.1039
.1032
.1025
.1018
.1011
.1004
.0997
.0991
.0984
.0978
.0971
.0965
.0959
.0953
.0947
.0941
.0935
.0929
.0923
.0918
.0912
.0906
.0901
.0895
.089
.0885
.0879
.0874
.0869
.0864
.0859
.0854
.0849
.0844
.0839
.0834
.083
.0825
.082
.0816
.0811
.0807
.0802
.0798
.0794
.0789
.0785
.0781
.0777
.0773
.0769
.0765
.0761
.0757
.0753
.0749
.0745
.0741
.0737
.0734
.073
.0726
.0723
.0719
.0715
.0712
.0708
.0705
.0702
.0698
.0695
.0691
.0688
.0685
.0682
.0678
.0675
.0672
.0669
.0666
.0663
.066
.0657
.0654
.0651
.0648
.0645
.0642
.0639
.0636
.0633
.0631
.0628
.0625
.0622
.062
.0617
.0614
.0612
.0609
.0606
.0604
.0601
.0599
.0596
.0594
.0591
.0589
.0586
.0584
.0582
.0579
.0577
.0574
.0572
.057
.0568
.0565
.0563
.0561
.0559
.0556
.0554
.0552
.055
.0548
.0546
.0543
.0541
.0539
.0537
.0535
.0533
.0531
.0529
.0527
.0525
.0523
.0521
.0519
.0517
.0516
.0514
.0512
.051
.0508
.0506
.0504
.0503
.0501
.0499
