4.7375
4.4982
4.2855
4.1189
3.9956
3.9027
3.829
3.7661
3.7089
3.6539
3.5987
3.5416
3.4813
3.417
3.3481
3.2744
3.1962
3.1137
3.0276
2.9389
2.8487
2.758
2.6682
2.5806
2.4969
2.4183
2.3462
2.2815
2.2246
2.1757
2.1341
2.0992
2.0701
2.0458
2.0255
2.0084
1.9936
1.9808
1.9695
1.9593
1.9499
1.9412
1.933
1.9251
1.9176
1.9104
1.9033
1.8965
1.8899
1.8834
1.8771
1.8711
1.8652
1.8595
1.854
1.8486
1.8435
1.8385
1.8337
1.8291
1.8245
1.8202
1.8159
1.8117
1.8077
1.8037
1.7998
1.796
1.7922
1.7885
1.7849
1.7813
1.7777
1.7742
1.7707
1.7673
1.7639
1.7606
1.7573
1.754
1.7508
1.7476
1.7445
1.7414
1.7383
1.7352
1.7322
1.7293
1.7263
1.7234
1.7205
1.7176
1.7148
1.712
1.7092
1.7065
1.7037
1.701
1.6983
1.6956
1.693
1.6903
1.6877
1.685
1.6824
1.6798
1.6771
1.6745
1.6719
1.6692
1.6666
1.6639
1.6613
1.6586
1.6558
1.6531
1.6503
1.6475
1.6446
1.6417
1.6388
1.6357
1.6327
1.6295
1.6263
1.6229
1.6195
1.616
1.6123
1.6085
1.6046
1.6005
1.5962
1.5917
1.587
1.5821
1.5769
1.5714
1.5656
1.5595
1.5529
1.5459
1.5385
1.5304
1.5218
1.5125
1.5025
1.4916
1.4798
1.4669
1.4528
1.4373
1.4204
1.4018
1.3813
1.3588
1.3339
1.3065
1.2764
1.2434
1.2074
1.1683
1.1263
1.0816
1.0346
.986
.9363
.8864
.837
.7888
.7425
.6983
.6567
.6177
.5815
.5478
.5168
.4881
.4617
.4373
.4149
.3942
.3752
.3575
.3413
.3262
.3122
.2992
.2871
.2759
.2654
.2556
.2464
.2378
.2298
.2222
.2151
.2083
.202
.196
.1904
.185
.18
.1751
.1706
.1662
.1621
.1581
.1544
.1508
.1474
.1441
.141
.1379
.1351
.1323
.1297
.1271
.1247
.1223
.12
.1179
.1158
.1137
.1118
.1099
.108
.1063
.1046
.1029
.1013
.0998
.0983
.0968
.0954
.094
.0927
.0914
.0902
.089
.0878
.0866
.0855
.0844
.0833
.0823
.0813
.0803
.0794
.0784
.0775
.0766
.0758
.0749
.0741
.0733
.0725
.0717
.071
.0702
.0695
.0688
.0681
.0674
.0668
.0661
.0655
.0649
.0642
.0636
.0631
.0625
.0619
.0614
.0608
.0603
.0598
.0592
.0587
.0583
.0578
.0573
.0568
.0564
.0559
.0555
.055
.0546
.0542
.0537
.0533
.0529
.0525
.0521
.0518
.0514
.051
.0506
.0503
.0499
