4.4371
4.2347
4.0825
3.9719
3.8894
3.8238
3.7682
3.7178
3.6697
3.6217
3.5723
3.5199
3.4634
3.4016
3.3335
3.258
3.1743
3.0822
2.982
2.8753
2.7657
2.658
2.5582
2.4715
2.4007
2.3455
2.3036
2.2721
2.2481
2.2295
2.2148
2.2027
2.1926
2.184
2.1765
2.1699
2.1639
2.1584
2.1534
2.1487
2.1443
2.1402
2.1362
2.1324
2.1288
2.1252
2.1218
2.1184
2.1151
2.1119
2.1087
2.1055
2.1023
2.0991
2.0959
2.0927
2.0895
2.0862
2.0828
2.0795
2.076
2.0725
2.0689
2.0653
2.0615
2.0576
2.0537
2.0496
2.0454
2.0411
2.0366
2.0321
2.0274
2.0225
2.0175
2.0123
2.007
2.0016
1.996
1.9902
1.9843
1.9783
1.972
1.9657
1.9592
1.9525
1.9457
1.9388
1.9317
1.9246
1.9172
1.9098
1.9022
1.8944
1.8866
1.8786
1.8704
1.8621
1.8536
1.8449
1.836
1.8268
1.8174
1.8076
1.7975
1.787
1.776
1.7644
1.7522
1.7393
1.7255
1.7107
1.6948
1.6775
1.6588
1.6383
1.6159
1.5912
1.564
1.5341
1.5012
1.4651
1.4259
1.3834
1.338
1.2901
1.2402
1.1891
1.1376
1.0864
1.0364
.9881
.942
.8984
.8574
.819
.7833
.75
.7192
.6905
.6638
.6391
.616
.5945
.5745
.5557
.5381
.5216
.5061
.4915
.4777
.4646
.4523
.4405
.4294
.4188
.4087
.3991
.3899
.3812
.3727
.3647
.3569
.3495
.3424
.3355
.3289
.3226
.3164
.3105
.3048
.2993
.294
.2888
.2839
.2791
.2744
.2699
.2655
.2613
.2572
.2532
.2494
.2456
.242
.2385
.2351
.2317
.2285
.2254
.2223
.2194
.2165
.2137
.2109
.2083
.2057
.2032
.2007
.1983
.196
.1937
.1915
.1894
.1873
.1852
.1832
.1812
.1793
.1775
.1756
.1738
.1721
.1704
.1687
.1671
.1655
.164
.1624
.1609
.1595
.158
.1566
.1553
.1539
.1526
.1513
.15
.1488
.1476
.1464
.1452
.1441
.1429
.1418
.1407
.1397
.1386
.1376
.1366
.1356
.1346
.1336
.1327
.1317
.1308
.1299
.129
.1282
.1273
.1265
.1256
.1248
.124
.1232
.1224
.1217
.1209
.1201
.1194
.1187
.118
.1173
.1166
.1159
.1152
.1145
.1139
.1132
.1126
.112
.1113
.1107
.1101
.1095
.1089
.1083
.1077
.1072
.1066
.1061
.1055
.105
.1044
.1039
.1034
.1029
.1023
.1018
.1013
.1008
.1003
.0999
.0994
.0989
.0984
.098
.0975
.0971
.0966
.0962
.0957
.0953
.0949
.0945
.094
.0936
.0932
.0928
.0924
.092
.0916
.0912
.0908
.0904
.0901
.0897
.0893
.0889
.0886
.0882
.0878
.0875
.0871
.0868
.0864
.0861
.0858
.0854
.0851
.0847
.0844
.0841
.0838
.0834
.0831
.0828
.0825
.0822
.0819
.0816
.0813
.081
.0807
.0804
.0801
.0798
.0795
.0792
.079
.0787
.0784
.0781
.0778
.0776
.0773
.077
.0768
.0765
.0762
.076
.0757
.0755
.0752
.075
.0747
.0745
.0742
.074
.0737
.0735
.0732
.073
.0728
.0725
.0723
.0721
.0718
.0716
.0714
.0712
.0709
.0707
.0705
.0703
.0701
.0698
.0696
.0694
.0692
.069
.0688
.0686
.0684
.0682
.068
.0678
.0676
.0674
.0672
.067
.0668
.0666
.0664
.0662
.066
.0658
.0656
.0654
.0652
.0651
.0649
.0647
.0645
.0643
.0641
.064
.0638
.0636
.0634
.0633
.0631
.0629
.0627
.0626
.0624
.0622
.0621
.0619
.0617
.0616
.0614
.0612
.0611
.0609
.0608
.0606
.0604
.0603
.0601
.06
.0598
.0597
.0595
.0593
.0592
.059
.0589
.0587
.0586
.0584
.0583
.0582
.058
.0579
.0577
.0576
.0574
.0573
.0571
.057
.0569
.0567
.0566
.0565
.0563
.0562
.056
.0559
.0558
.0556
.0555
.0554
.0552
.0551
.055
.0549
.0547
.0546
.0545
.0543
.0542
.0541
.054
.0538
.0537
.0536
.0535
.0533
.0532
.0531
.053
.0529
.0527
.0526
.0525
.0524
.0523
.0522
.052
.0519
.0518
.0517
.0516
.0515
.0514
.0512
.0511
.051
.0509
.0508
.0507
.0506
.0505
.0504
.0503
.0501
.05
.0499
