3.907
3.6205
3.3445
3.0803
2.8328
2.6144
2.4414
2.3224
2.2512
2.2124
2.192
2.181
2.1747
2.1707
2.1677
2.1653
2.163
2.1608
2.1586
2.1562
2.1538
2.1512
2.1486
2.1458
2.143
2.1401
2.1371
2.1341
2.1311
2.128
2.1248
2.1217
2.1186
2.1154
2.1123
2.1092
2.1062
2.1031
2.1002
2.0972
2.0943
2.0915
2.0887
2.0859
2.0832
2.0805
2.0779
2.0753
2.0728
2.0703
2.0678
2.0653
2.0629
2.0605
2.0581
2.0557
2.0533
2.0509
2.0486
2.0462
2.0438
2.0414
2.039
2.0365
2.0341
2.0316
2.0291
2.0265
2.0239
2.0213
2.0186
2.0159
2.0131
2.0102
2.0073
2.0043
2.0012
1.9981
1.9948
1.9914
1.9879
1.9843
1.9806
1.9767
1.9727
1.9685
1.9641
1.9596
1.9549
1.95
1.9449
1.9396
1.9341
1.9285
1.9226
1.9166
1.9103
1.9039
1.8974
1.8907
1.884
1.8771
1.8701
1.8631
1.8561
1.8491
1.8421
1.8351
1.8282
1.8214
1.8147
1.808
1.8015
1.7951
1.7889
1.7828
1.7769
1.7711
1.7655
1.76
1.7547
1.7495
1.7444
1.7396
1.7348
1.7302
1.7257
1.7214
1.7172
1.7131
1.7091
1.7052
1.7014
1.6977
1.694
1.6905
1.6871
1.6837
1.6804
1.6771
1.6739
1.6708
1.6677
1.6646
1.6616
1.6586
1.6556
1.6527
1.6497
1.6468
1.6439
1.641
1.6381
1.6351
1.6322
1.6292
1.6262
1.6231
1.62
1.6169
1.6137
1.6104
1.607
1.6035
1.5999
1.5962
1.5923
1.5883
1.5841
1.5797
1.5751
1.5703
1.5651
1.5597
1.5539
1.5478
1.5412
1.5342
1.5266
1.5184
1.5096
1.5
1.4896
1.4782
1.4658
1.4522
1.4372
1.4208
1.4028
1.383
1.3612
1.3374
1.3115
1.2833
1.2528
1.2203
1.1858
1.1495
1.112
1.0736
1.0347
.9959
.9576
.9201
.8838
.8488
.8153
.7833
.7529
.7241
.6968
.6709
.6464
.6232
.6012
.5804
.5606
.5419
.5241
.5072
.4911
.4759
.4614
.4475
.4344
.4219
.41
.3986
.3878
.3775
.3677
.3583
.3494
.3408
.3327
.3249
.3174
.3103
.3035
.297
.2907
.2847
.279
.2735
.2682
.2631
.2582
.2535
.249
.2446
.2404
.2364
.2325
.2287
.2251
.2216
.2182
.2149
.2117
.2086
.2056
.2028
.2
.1973
.1946
.1921
.1896
.1872
.1848
.1825
.1803
.1782
.1761
.174
.172
.1701
.1682
.1664
.1646
.1628
.1611
.1594
.1578
.1562
.1546
.1531
.1516
.1501
.1487
.1473
.1459
.1446
.1433
.142
.1407
.1395
.1382
.1371
.1359
.1347
.1336
.1325
.1314
.1304
.1293
.1283
.1273
.1263
.1253
.1244
.1234
.1225
.1216
.1207
.1198
.1189
.1181
.1172
.1164
.1156
.1148
.114
.1132
.1125
.1117
.111
.1102
.1095
.1088
.1081
.1074
.1067
.106
.1054
.1047
.1041
.1034
.1028
.1022
.1015
.1009
.1003
.0997
.0992
.0986
.098
.0975
.0969
.0963
.0958
.0953
.0947
.0942
.0937
.0932
.0927
.0922
.0917
.0912
.0907
.0902
.0898
.0893
.0888
.0884
.0879
.0875
.087
.0866
.0862
.0857
.0853
.0849
.0845
.084
.0836
.0832
.0828
.0824
.082
.0817
.0813
.0809
.0805
.0801
.0798
.0794
.079
.0787
.0783
.078
.0776
.0773
.0769
.0766
.0763
.0759
.0756
.0753
.0749
.0746
.0743
.074
.0737
.0734
.073
.0727
.0724
.0721
.0718
.0715
.0712
.071
.0707
.0704
.0701
.0698
.0695
.0693
.069
.0687
.0684
.0682
.0679
.0676
.0674
.0671
.0668
.0666
.0663
.0661
.0658
.0656
.0653
.0651
.0649
.0646
.0644
.0641
.0639
.0637
.0634
.0632
.063
.0627
.0625
.0623
.0621
.0618
.0616
.0614
.0612
.061
.0608
.0605
.0603
.0601
.0599
.0597
.0595
.0593
.0591
.0589
.0587
.0585
.0583
.0581
.0579
.0577
.0575
.0573
.0571
.057
.0568
.0566
.0564
.0562
.056
.0559
.0557
.0555
.0553
.0551
.055
.0548
.0546
.0544
.0543
.0541
.0539
.0538
.0536
.0534
.0533
.0531
.0529
.0528
.0526
.0525
.0523
.0521
.052
.0518
.0517
.0515
.0514
.0512
.0511
.0509
.0507
.0506
.0505
.0503
.0502
.05
.0499
