4.2241
4.0552
3.9119
3.7868
3.6719
3.5606
3.4479
3.33
3.2044
3.071
2.9323
2.7947
2.6681
2.5627
2.4841
2.4308
2.3964
2.3741
2.3587
2.347
2.3372
2.3285
2.3203
2.3123
2.3045
2.2968
2.2892
2.2816
2.274
2.2665
2.259
2.2515
2.244
2.2365
2.2291
2.2217
2.2143
2.207
2.1996
2.1924
2.1851
2.1779
2.1708
2.1636
2.1565
2.1495
2.1424
2.1353
2.1281
2.1209
2.1136
2.1062
2.0985
2.0906
2.0823
2.0736
2.0643
2.0544
2.0436
2.0318
2.0188
2.0043
1.9879
1.9694
1.9482
1.9237
1.8954
1.8626
1.8246
1.7806
1.7302
1.6732
1.61
1.5417
1.4697
1.3963
1.3235
1.253
1.1861
1.1236
1.0659
1.0128
.9643
.92
.8796
.8427
.8091
.7782
.75
.724
.7001
.678
.6576
.6386
.6209
.6044
.589
.5746
.5611
.5483
.5363
.5249
.5142
.5039
.4942
.485
.4762
.4678
.4597
.452
.4446
.4374
.4306
.4239
.4176
.4114
.4054
.3996
.394
.3885
.3832
.3781
.373
.3681
.3634
.3587
.3541
.3496
.3452
.3409
.3367
.3326
.3285
.3245
.3206
.3167
.3129
.3091
.3054
.3018
.2982
.2946
.2911
.2877
.2843
.2809
.2776
.2743
.2711
.2679
.2647
.2616
.2585
.2554
.2524
.2495
.2465
.2436
.2408
.2379
.2352
.2324
.2297
.227
.2244
.2218
.2192
.2167
.2142
.2118
.2094
.207
.2047
.2024
.2001
.1979
.1957
.1935
.1914
.1893
.1873
.1852
.1833
.1813
.1794
.1775
.1757
.1738
.1721
.1703
.1686
.1669
.1652
.1636
.162
.1604
.1588
.1573
.1558
.1543
.1529
.1514
.15
.1487
.1473
.146
.1447
.1434
.1421
.1409
.1397
.1385
.1373
.1361
.135
.1338
.1327
.1316
.1306
.1295
.1285
.1274
.1264
.1254
.1244
.1235
.1225
.1216
.1207
.1198
.1189
.118
.1171
.1163
.1154
.1146
.1138
.113
.1122
.1114
.1106
.1098
.1091
.1083
.1076
.1069
.1062
.1055
.1048
.1041
.1034
.1027
.1021
.1014
.1008
.1001
.0995
.0989
.0983
.0976
.097
.0964
.0959
.0953
.0947
.0941
.0936
.093
.0925
.0919
.0914
.0909
.0904
.0899
.0893
.0888
.0883
.0878
.0874
.0869
.0864
.0859
.0855
.085
.0845
.0841
.0836
.0832
.0827
.0823
.0819
.0815
.081
.0806
.0802
.0798
.0794
.079
.0786
.0782
.0778
.0774
.077
.0767
.0763
.0759
.0755
.0752
.0748
.0745
.0741
.0737
.0734
.0731
.0727
.0724
.072
.0717
.0714
.071
.0707
.0704
.0701
.0698
.0694
.0691
.0688
.0685
.0682
.0679
.0676
.0673
.067
.0667
.0665
.0662
.0659
.0656
.0653
.0651
.0648
.0645
.0642
.064
.0637
.0634
.0632
.0629
.0627
.0624
.0622
.0619
.0617
.0614
.0612
.0609
.0607
.0604
.0602
.06
.0597
.0595
.0593
.059
.0588
.0586
.0584
.0581
.0579
.0577
.0575
.0573
.0571
.0568
.0566
.0564
.0562
.056
.0558
.0556
.0554
.0552
.055
.0548
.0546
.0544
.0542
.054
.0538
.0536
.0534
.0532
.0531
.0529
.0527
.0525
.0523
.0521
.052
.0518
.0516
.0514
.0513
.0511
.0509
.0507
.0506
.0504
.0502
.0501
.0499
