4.5122
4.2978
4.1196
3.9807
3.8727
3.7857
3.7116
3.6447
3.5812
3.5184
3.4541
3.3866
3.3149
3.238
3.1555
3.0678
2.9762
2.883
2.7919
2.7071
2.6324
2.5701
2.5203
2.4813
2.4507
2.4259
2.405
2.3866
2.3699
2.3543
2.3396
2.3255
2.3121
2.2992
2.2868
2.2751
2.2639
2.2533
2.2433
2.2338
2.2248
2.2164
2.2084
2.2008
2.1936
2.1866
2.1799
2.1734
2.1669
2.1604
2.1539
2.1471
2.1401
2.1326
2.1246
2.1159
2.1062
2.0955
2.0833
2.0695
2.0535
2.0351
2.0136
1.9884
1.959
1.9245
1.8845
1.8383
1.7858
1.727
1.6627
1.594
1.5225
1.4501
1.3783
1.3085
1.2418
1.1787
1.1197
1.0646
1.0137
.9665
.9231
.883
.8461
.8121
.7808
.7518
.7251
.7004
.6774
.6561
.6363
.6178
.6006
.5844
.5693
.5551
.5417
.5291
.5172
.506
.4953
.4852
.4756
.4664
.4577
.4494
.4414
.4338
.4265
.4195
.4128
.4064
.4001
.3941
.3884
.3828
.3774
.3722
.3672
.3623
.3575
.3529
.3484
.3441
.3399
.3357
.3317
.3278
.324
.3202
.3166
.313
.3096
.3061
.3028
.2995
.2963
.2932
.2901
.2871
.2841
.2812
.2783
.2755
.2727
.27
.2673
.2647
.2621
.2596
.257
.2546
.2521
.2497
.2474
.245
.2427
.2405
.2383
.2361
.2339
.2318
.2296
.2276
.2255
.2235
.2215
.2196
.2176
.2157
.2138
.212
.2102
.2083
.2066
.2048
.2031
.2014
.1997
.1981
.1964
.1948
.1932
.1917
.1901
.1886
.1871
.1856
.1842
.1827
.1813
.1799
.1785
.1772
.1758
.1745
.1732
.1719
.1707
.1694
.1682
.167
.1658
.1646
.1635
.1623
.1612
.1601
.159
.1579
.1568
.1558
.1547
.1537
.1527
.1517
.1507
.1497
.1488
.1478
.1469
.146
.1451
.1442
.1433
.1424
.1416
.1407
.1399
.139
.1382
.1374
.1366
.1358
.135
.1343
.1335
.1327
.132
.1313
.1305
.1298
.1291
.1284
.1277
.127
.1264
.1257
.125
.1244
.1237
.1231
.1225
.1218
.1212
.1206
.12
.1194
.1188
.1182
.1176
.1171
.1165
.1159
.1154
.1148
.1143
.1137
.1132
.1127
.1121
.1116
.1111
.1106
.1101
.1096
.1091
.1086
.1081
.1077
.1072
.1067
.1062
.1058
.1053
.1049
.1044
.104
.1035
.1031
.1027
.1022
.1018
.1014
.101
.1005
.1001
.0997
.0993
.0989
.0985
.0981
.0977
.0973
.0969
.0966
.0962
.0958
.0954
.0951
.0947
.0943
.094
.0936
.0933
.0929
.0926
.0922
.0919
.0915
.0912
.0909
.0905
.0902
.0899
.0895
.0892
.0889
.0886
.0882
.0879
.0876
.0873
.087
.0867
.0864
.0861
.0858
.0855
.0852
.0849
.0846
.0843
.084
.0838
.0835
.0832
.0829
.0826
.0824
.0821
.0818
.0815
.0813
.081
.0807
.0805
.0802
.08
.0797
.0794
.0792
.0789
.0787
.0784
.0782
.0779
.0777
.0775
.0772
.077
.0767
.0765
.0763
.076
.0758
.0756
.0753
.0751
.0749
.0747
.0744
.0742
.074
.0738
.0735
.0733
.0731
.0729
.0727
.0725
.0723
.072
.0718
.0716
.0714
.0712
.071
.0708
.0706
.0704
.0702
.07
.0698
.0696
.0694
.0692
.069
.0688
.0686
.0685
.0683
.0681
.0679
.0677
.0675
.0673
.0672
.067
.0668
.0666
.0664
.0663
.0661
.0659
.0657
.0656
.0654
.0652
.065
.0649
.0647
.0645
.0644
.0642
.064
.0639
.0637
.0635
.0634
.0632
.063
.0629
.0627
.0626
.0624
.0623
.0621
.0619
.0618
.0616
.0615
.0613
.0612
.061
.0609
.0607
.0606
.0604
.0603
.0601
.06
.0598
.0597
.0596
.0594
.0593
.0591
.059
.0588
.0587
.0586
.0584
.0583
.0581
.058
.0579
.0577
.0576
.0575
.0573
.0572
.0571
.0569
.0568
.0567
.0565
.0564
.0563
.0562
.056
.0559
.0558
.0557
.0555
.0554
.0553
.0552
.055
.0549
.0548
.0547
.0545
.0544
.0543
.0542
.0541
.0539
.0538
.0537
.0536
.0535
.0534
.0532
.0531
.053
.0529
.0528
.0527
.0526
.0524
.0523
.0522
.0521
.052
.0519
.0518
.0517
.0516
.0515
.0514
.0512
.0511
.051
.0509
.0508
.0507
.0506
.0505
.0504
.0503
.0502
.0501
.05
