4.2241
3.9511
3.7025
3.4868
3.3008
3.138
2.9932
2.8638
2.7497
2.6519
2.5716
2.509
2.4625
2.4295
2.4067
2.3912
2.3806
2.3731
2.3676
2.3634
2.3598
2.3567
2.3539
2.3512
2.3486
2.346
2.3434
2.3407
2.3381
2.3354
2.3326
2.3298
2.3269
2.324
2.321
2.3179
2.3147
2.3113
2.3079
2.3043
2.3006
2.2967
2.2926
2.2883
2.2838
2.2791
2.2741
2.2688
2.2632
2.2573
2.251
2.2444
2.2374
2.2299
2.2221
2.2138
2.205
2.1958
2.1861
2.1759
2.1654
2.1543
2.1429
2.131
2.1188
2.1062
2.0933
2.08
2.0665
2.0526
2.0385
2.024
2.0092
1.994
1.9785
1.9625
1.9461
1.9291
1.9116
1.8935
1.8747
1.8552
1.8349
1.8139
1.7922
1.7697
1.7464
1.7223
1.6976
1.6723
1.6463
1.6199
1.593
1.5657
1.5381
1.5103
1.4824
1.4544
1.4265
1.3986
1.3709
1.3433
1.316
1.289
1.2623
1.236
1.2101
1.1846
1.1595
1.1349
1.1107
1.087
1.0639
1.0412
1.019
.9973
.9761
.9554
.9352
.9155
.8962
.8775
.8592
.8414
.8241
.8072
.7907
.7747
.7591
.7439
.7291
.7148
.7008
.6872
.6739
.661
.6485
.6363
.6244
.6128
.6016
.5906
.58
.5696
.5595
.5497
.5401
.5308
.5217
.5129
.5043
.4959
.4877
.4798
.472
.4644
.4571
.4499
.4429
.436
.4294
.4229
.4165
.4104
.4043
.3984
.3927
.387
.3816
.3762
.371
.3658
.3608
.356
.3512
.3465
.3419
.3375
.3331
.3288
.3247
.3206
.3166
.3127
.3088
.3051
.3014
.2978
.2943
.2908
.2874
.2841
.2808
.2776
.2745
.2715
.2684
.2655
.2626
.2598
.257
.2543
.2516
.2489
.2464
.2438
.2413
.2389
.2365
.2341
.2318
.2295
.2273
.2251
.2229
.2208
.2187
.2167
.2146
.2126
.2107
.2088
.2069
.205
.2032
.2014
.1996
.1979
.1962
.1945
.1928
.1912
.1896
.188
.1864
.1849
.1833
.1818
.1804
.1789
.1775
.1761
.1747
.1733
.172
.1706
.1693
.168
.1667
.1655
.1642
.163
.1618
.1606
.1594
.1583
.1571
.156
.1549
.1538
.1527
.1516
.1506
.1495
.1485
.1475
.1465
.1455
.1445
.1435
.1426
.1416
.1407
.1398
.1389
.138
.1371
.1362
.1353
.1345
.1336
.1328
.132
.1312
.1303
.1295
.1288
.128
.1272
.1264
.1257
.1249
.1242
.1235
.1227
.122
.1213
.1206
.1199
.1192
.1186
.1179
.1172
.1166
.1159
.1153
.1146
.114
.1134
.1128
.1122
.1116
.111
.1104
.1098
.1092
.1086
.1081
.1075
.1069
.1064
.1058
.1053
.1048
.1042
.1037
.1032
.1027
.1021
.1016
.1011
.1006
.1001
.0997
.0992
.0987
.0982
.0977
.0973
.0968
.0964
.0959
.0955
.095
.0946
.0941
.0937
.0933
.0928
.0924
.092
.0916
.0912
.0907
.0903
.0899
.0895
.0891
.0888
.0884
.088
.0876
.0872
.0868
.0865
.0861
.0857
.0854
.085
.0846
.0843
.0839
.0836
.0832
.0829
.0826
.0822
.0819
.0815
.0812
.0809
.0806
.0802
.0799
.0796
.0793
.079
.0786
.0783
.078
.0777
.0774
.0771
.0768
.0765
.0762
.0759
.0757
.0754
.0751
.0748
.0745
.0742
.074
.0737
.0734
.0731
.0729
.0726
.0723
.0721
.0718
.0716
.0713
.071
.0708
.0705
.0703
.07
.0698
.0695
.0693
.069
.0688
.0686
.0683
.0681
.0679
.0676
.0674
.0672
.0669
.0667
.0665
.0663
.066
.0658
.0656
.0654
.0651
.0649
.0647
.0645
.0643
.0641
.0639
.0637
.0635
.0633
.063
.0628
.0626
.0624
.0622
.062
.0618
.0617
.0615
.0613
.0611
.0609
.0607
.0605
.0603
.0601
.0599
.0598
.0596
.0594
.0592
.059
.0589
.0587
.0585
.0583
.0581
.058
.0578
.0576
.0575
.0573
.0571
.057
.0568
.0566
.0565
.0563
.0561
.056
.0558
.0556
.0555
.0553
.0552
.055
.0549
.0547
.0545
.0544
.0542
.0541
.0539
.0538
.0536
.0535
.0533
.0532
.053
.0529
.0528
.0526
.0525
.0523
.0522
.052
.0519
.0518
.0516
.0515
.0513
.0512
.0511
.0509
.0508
.0507
.0505
.0504
.0503
.0501
.05
.0499
