4.6362
4.4029
4.1946
4.0253
3.8921
3.7852
3.6954
3.616
3.5424
3.4715
3.4012
3.3303
3.258
3.1836
3.1072
3.0288
2.9487
2.8676
2.7864
2.7063
2.6288
2.5556
2.4882
2.4279
2.3754
2.3307
2.2935
2.2628
2.2375
2.2165
2.1988
2.1835
2.17
2.1577
2.1463
2.1353
2.1247
2.1142
2.1036
2.0929
2.082
2.0707
2.0592
2.0473
2.0349
2.0221
2.0087
1.9949
1.9805
1.9654
1.9497
1.9333
1.916
1.8979
1.8786
1.8582
1.8365
1.8132
1.7882
1.7612
1.7319
1.7003
1.6659
1.6287
1.5885
1.5454
1.4993
1.4505
1.3994
1.3465
1.2925
1.2379
1.1835
1.1298
1.0775
1.0269
.9784
.9322
.8884
.8472
.8084
.772
.7379
.7061
.6764
.6486
.6226
.5984
.5758
.5546
.5347
.5162
.4987
.4823
.467
.4525
.4388
.4259
.4137
.4022
.3913
.3809
.3711
.3618
.3529
.3444
.3364
.3287
.3213
.3143
.3075
.3011
.2949
.2889
.2832
.2778
.2725
.2674
.2625
.2578
.2533
.2489
.2446
.2405
.2366
.2327
.229
.2254
.222
.2186
.2153
.2122
.2091
.2061
.2032
.2004
.1976
.1949
.1923
.1898
.1873
.185
.1826
.1803
.1781
.176
.1738
.1718
.1698
.1678
.1659
.164
.1622
.1604
.1587
.1569
.1553
.1536
.152
.1505
.1489
.1474
.146
.1445
.1431
.1417
.1404
.139
.1377
.1364
.1352
.134
.1328
.1316
.1304
.1293
.1281
.127
.126
.1249
.1238
.1228
.1218
.1208
.1198
.1189
.1179
.117
.1161
.1152
.1143
.1134
.1126
.1117
.1109
.1101
.1093
.1085
.1077
.1069
.1062
.1054
.1047
.104
.1033
.1025
.1019
.1012
.1005
.0998
.0992
.0985
.0979
.0972
.0966
.096
.0954
.0948
.0942
.0936
.0931
.0925
.0919
.0914
.0908
.0903
.0897
.0892
.0887
.0882
.0877
.0872
.0867
.0862
.0857
.0852
.0847
.0843
.0838
.0834
.0829
.0825
.082
.0816
.0811
.0807
.0803
.0799
.0795
.079
.0786
.0782
.0778
.0774
.0771
.0767
.0763
.0759
.0755
.0752
.0748
.0744
.0741
.0737
.0734
.073
.0727
.0723
.072
.0717
.0713
.071
.0707
.0704
.07
.0697
.0694
.0691
.0688
.0685
.0682
.0679
.0676
.0673
.067
.0667
.0664
.0661
.0658
.0656
.0653
.065
.0647
.0645
.0642
.0639
.0637
.0634
.0632
.0629
.0626
.0624
.0621
.0619
.0616
.0614
.0612
.0609
.0607
.0604
.0602
.06
.0597
.0595
.0593
.0591
.0588
.0586
.0584
.0582
.058
.0577
.0575
.0573
.0571
.0569
.0567
.0565
.0563
.0561
.0559
.0557
.0555
.0553
.0551
.0549
.0547
.0545
.0543
.0541
.0539
.0537
.0536
.0534
.0532
.053
.0528
.0527
.0525
.0523
.0521
.0519
.0518
.0516
.0514
.0513
.0511
.0509
.0508
.0506
.0504
.0503
.0501
.0499
