4.1227
3.7136
3.2732
2.8459
2.4941
2.2656
2.1482
2.0943
2.0686
2.0546
2.046
2.04
2.0354
2.0318
2.0287
2.026
2.0236
2.0215
2.0195
2.0177
2.016
2.0145
2.013
2.0116
2.0103
2.009
2.0078
2.0067
2.0056
2.0045
2.0035
2.0025
2.0015
2.0006
1.9997
1.9988
1.998
1.9972
1.9963
1.9955
1.9948
1.994
1.9933
1.9925
1.9918
1.9911
1.9904
1.9897
1.989
1.9883
1.9877
1.987
1.9863
1.9857
1.985
1.9844
1.9838
1.9832
1.9825
1.9819
1.9813
1.9807
1.9801
1.9795
1.9789
1.9783
1.9777
1.9771
1.9765
1.9759
1.9753
1.9747
1.9741
1.9735
1.9729
1.9723
1.9717
1.9711
1.9705
1.9699
1.9693
1.9687
1.9681
1.9675
1.9669
1.9663
1.9657
1.9651
1.9644
1.9638
1.9632
1.9626
1.9619
1.9613
1.9606
1.9599
1.9593
1.9586
1.9579
1.9572
1.9564
1.9557
1.9549
1.9541
1.9533
1.9525
1.9517
1.9508
1.9499
1.949
1.948
1.947
1.9459
1.9448
1.9437
1.9425
1.9412
1.9399
1.9385
1.937
1.9354
1.9338
1.9321
1.9302
1.9283
1.9262
1.9241
1.9218
1.9193
1.9167
1.914
1.9111
1.9081
1.9049
1.9015
1.898
1.8943
1.8905
1.8865
1.8823
1.878
1.8736
1.869
1.8644
1.8596
1.8547
1.8498
1.8448
1.8398
1.8347
1.8296
1.8246
1.8195
1.8145
1.8095
1.8046
1.7997
1.7949
1.7901
1.7855
1.7809
1.7764
1.772
1.7677
1.7635
1.7594
1.7554
1.7515
1.7477
1.744
1.7404
1.7369
1.7335
1.7301
1.7269
1.7237
1.7207
1.7177
1.7148
1.712
1.7092
1.7065
1.704
1.7014
1.699
1.6966
1.6943
1.692
1.6898
1.6876
1.6856
1.6835
1.6816
1.6796
1.6778
1.6759
1.6742
1.6724
1.6707
1.6691
1.6675
1.6659
1.6644
1.6629
1.6615
1.66
1.6587
1.6573
1.656
1.6547
1.6535
1.6522
1.651
1.6499
1.6487
1.6476
1.6465
1.6454
1.6444
1.6434
1.6424
1.6414
1.6404
1.6395
1.6386
1.6377
1.6368
1.6359
1.6351
1.6343
1.6334
1.6327
1.6319
1.6311
1.6303
1.6296
1.6289
1.6282
1.6275
1.6268
1.6261
1.6254
1.6248
1.6241
1.6235
1.6229
1.6223
1.6217
1.6211
1.6205
1.6199
1.6194
1.6188
1.6182
1.6177
1.6172
1.6166
1.6161
1.6156
1.6151
1.6146
1.6141
1.6136
1.6132
1.6127
1.6122
1.6118
1.6113
1.6109
1.6104
1.61
1.6096
1.6091
1.6087
1.6083
1.6079
1.6075
1.607
1.6066
1.6062
1.6059
1.6055
1.6051
1.6047
1.6043
1.6039
1.6036
1.6032
1.6028
1.6025
1.6021
1.6018
1.6014
1.601
1.6007
1.6004
1.6
1.5997
1.5993
1.599
1.5987
1.5983
1.598
1.5977
1.5973
1.597
1.5967
1.5964
1.5961
1.5957
1.5954
1.5951
1.5948
1.5945
1.5942
1.5939
1.5935
1.5932
1.5929
1.5926
1.5923
1.592
1.5917
1.5914
1.5911
1.5908
1.5905
1.5902
1.5899
1.5896
1.5893
1.589
1.5887
1.5884
1.5881
1.5878
1.5875
1.5872
1.5869
1.5866
1.5863
1.586
1.5856
1.5853
1.585
1.5847
1.5844
1.5841
1.5838
1.5835
1.5831
1.5828
1.5825
1.5822
1.5819
1.5815
1.5812
1.5809
1.5805
1.5802
1.5798
1.5795
1.5792
1.5788
1.5784
1.5781
1.5777
1.5773
1.577
1.5766
1.5762
1.5758
1.5754
1.575
1.5746
1.5742
1.5738
1.5733
1.5729
1.5724
1.572
1.5715
1.571
1.5705
1.57
1.5695
1.569
1.5685
1.5679
1.5673
1.5667
1.5661
1.5655
1.5649
1.5642
1.5636
1.5629
1.5621
1.5614
1.5606
1.5598
1.559
1.5581
1.5572
1.5563
1.5553
1.5543
1.5532
1.5521
1.5509
1.5497
1.5484
1.547
1.5456
1.5441
1.5425
1.5408
1.539
1.5371
1.5351
1.5329
1.5306
1.5281
1.5255
1.5227
1.5196
1.5163
1.5127
1.5089
1.5047
1.5001
1.4952
1.4897
1.4837
1.4772
1.4699
1.4619
1.453
1.4431
1.432
1.4196
1.4058
1.3902
1.3727
1.353
1.3309
1.306
1.278
1.2469
1.2123
1.1743
1.133
1.0887
1.0419
.9932
.9434
.8935
.8443
.7964
.7504
.7068
.6657
.6272
.5915
.5584
.5278
.4996
.4736
.4497
.4276
.4073
.3886
.3712
.3553
.3404
.3267
.314
.3021
.2911
.2808
.2712
.2622
.2537
.2458
.2384
.2314
.2248
.2185
.2126
.2071
.2018
.1968
.192
.1875
.1832
.1791
.1752
.1714
.1679
.1644
.1612
.158
.155
.1522
.1494
.1467
.1442
.1417
.1393
.1371
.1348
.1327
.1307
.1287
.1268
.1249
.1231
.1214
.1197
.118
.1165
.1149
.1134
.112
.1106
.1092
.1079
.1066
.1053
.1041
.1029
.1017
.1006
.0995
.0984
.0974
.0963
.0953
.0944
.0934
.0925
.0916
.0907
.0898
.0889
.0881
.0873
.0865
.0857
.0849
.0842
.0834
.0827
.082
.0813
.0806
.08
.0793
.0787
.078
.0774
.0768
.0762
.0756
.075
.0745
.0739
.0734
.0728
.0723
.0718
.0713
.0708
.0703
.0698
.0693
.0688
.0684
.0679
.0674
.067
.0666
.0661
.0657
.0653
.0649
.0645
.0641
.0637
.0633
.0629
.0625
.0621
.0618
.0614
.061
.0607
.0603
.06
.0597
.0593
.059
.0587
.0583
.058
.0577
.0574
.0571
.0568
.0565
.0562
.0559
.0556
.0553
.055
.0547
.0544
.0542
.0539
.0536
.0534
.0531
.0528
.0526
.0523
.0521
.0518
.0516
.0513
.0511
.0509
.0506
.0504
.0502
.0499
