4.557
4.2956
4.0288
3.7696
3.5215
3.2817
3.0469
2.82
2.6142
2.4496
2.3377
2.2716
2.2349
2.2135
2.1995
2.1888
2.1797
2.1711
2.1628
2.1545
2.1462
2.1378
2.1293
2.1209
2.1124
2.1039
2.0955
2.0871
2.0788
2.0706
2.0625
2.0545
2.0467
2.039
2.0315
2.0241
2.0168
2.0097
2.0027
1.9958
1.9891
1.9824
1.9758
1.9693
1.9628
1.9563
1.9499
1.9434
1.937
1.9305
1.9239
1.9173
1.9107
1.904
1.8972
1.8903
1.8834
1.8764
1.8693
1.8621
1.8549
1.8476
1.8402
1.8329
1.8255
1.818
1.8106
1.8032
1.7957
1.7883
1.781
1.7737
1.7664
1.7592
1.752
1.7449
1.7379
1.731
1.7241
1.7173
1.7106
1.7039
1.6973
1.6907
1.6842
1.6777
1.6712
1.6648
1.6584
1.6519
1.6454
1.6389
1.6323
1.6257
1.6189
1.612
1.605
1.5978
1.5903
1.5826
1.5747
1.5663
1.5576
1.5484
1.5387
1.5284
1.5174
1.5056
1.4928
1.4791
1.4641
1.4478
1.4299
1.4103
1.3887
1.365
1.3389
1.3103
1.2791
1.2452
1.2087
1.1699
1.129
1.0867
1.0433
.9996
.9561
.9134
.872
.8322
.7941
.7581
.724
.692
.6619
.6337
.6072
.5825
.5592
.5375
.517
.4979
.4798
.4629
.4469
.4319
.4177
.4043
.3916
.3796
.3682
.3574
.3472
.3375
.3282
.3194
.311
.303
.2954
.2881
.2811
.2745
.2681
.262
.2561
.2505
.2451
.2399
.2349
.2301
.2255
.221
.2167
.2126
.2086
.2047
.201
.1974
.1939
.1906
.1873
.1841
.1811
.1781
.1752
.1724
.1697
.1671
.1646
.1621
.1597
.1573
.155
.1528
.1507
.1486
.1465
.1445
.1426
.1407
.1388
.137
.1353
.1336
.1319
.1302
.1286
.1271
.1256
.1241
.1226
.1212
.1198
.1184
.1171
.1158
.1145
.1132
.112
.1108
.1096
.1085
.1073
.1062
.1051
.1041
.103
.102
.101
.1
.099
.0981
.0972
.0962
.0953
.0944
.0936
.0927
.0919
.0911
.0902
.0894
.0887
.0879
.0871
.0864
.0856
.0849
.0842
.0835
.0828
.0821
.0815
.0808
.0802
.0795
.0789
.0783
.0777
.0771
.0765
.0759
.0753
.0748
.0742
.0737
.0731
.0726
.072
.0715
.071
.0705
.07
.0695
.069
.0686
.0681
.0676
.0672
.0667
.0662
.0658
.0654
.0649
.0645
.0641
.0637
.0633
.0629
.0625
.0621
.0617
.0613
.0609
.0605
.0601
.0598
.0594
.0591
.0587
.0583
.058
.0577
.0573
.057
.0567
.0563
.056
.0557
.0554
.055
.0547
.0544
.0541
.0538
.0535
.0532
.0529
.0526
.0524
.0521
.0518
.0515
.0513
.051
.0507
.0504
.0502
.0499
