4.1947
3.9701
3.7693
3.5901
3.4254
3.2685
3.1148
2.9623
2.8116
2.6659
2.5301
2.41
2.3102
2.2325
2.1754
2.1348
2.1064
2.0862
2.0714
2.0599
2.0505
2.0423
2.0349
2.028
2.0213
2.0148
2.0083
2.0018
1.9953
1.9889
1.9824
1.9759
1.9695
1.963
1.9566
1.9503
1.944
1.9377
1.9315
1.9253
1.9192
1.9132
1.9072
1.9013
1.8954
1.8895
1.8837
1.8779
1.8722
1.8664
1.8606
1.8548
1.8489
1.843
1.837
1.8308
1.8246
1.8181
1.8115
1.8045
1.7973
1.7898
1.7818
1.7734
1.7644
1.7548
1.7444
1.7331
1.7208
1.7073
1.6925
1.6761
1.6579
1.6376
1.6151
1.5899
1.5619
1.5307
1.4963
1.4584
1.4171
1.3726
1.3252
1.2755
1.2241
1.1719
1.1194
1.0676
1.017
.968
.9212
.8767
.8346
.795
.7578
.7231
.6906
.6602
.6319
.6055
.5808
.5578
.5362
.516
.4972
.4795
.4628
.4472
.4325
.4187
.4057
.3933
.3817
.3707
.3602
.3503
.3409
.332
.3235
.3154
.3077
.3003
.2932
.2865
.2801
.2739
.268
.2623
.2569
.2517
.2466
.2418
.2371
.2327
.2283
.2242
.2202
.2163
.2125
.2089
.2054
.202
.1987
.1955
.1924
.1894
.1865
.1837
.181
.1783
.1758
.1732
.1708
.1684
.1661
.1639
.1617
.1596
.1575
.1555
.1535
.1516
.1497
.1478
.1461
.1443
.1426
.1409
.1393
.1377
.1361
.1346
.1331
.1317
.1302
.1289
.1275
.1261
.1248
.1235
.1223
.121
.1198
.1186
.1175
.1163
.1152
.1141
.113
.112
.1109
.1099
.1089
.1079
.107
.106
.1051
.1042
.1033
.1024
.1015
.1006
.0998
.099
.0981
.0973
.0966
.0958
.095
.0943
.0935
.0928
.0921
.0914
.0907
.09
.0893
.0886
.088
.0873
.0867
.086
.0854
.0848
.0842
.0836
.083
.0824
.0819
.0813
.0808
.0802
.0797
.0791
.0786
.0781
.0776
.0771
.0766
.0761
.0756
.0751
.0746
.0741
.0737
.0732
.0728
.0723
.0719
.0714
.071
.0706
.0702
.0697
.0693
.0689
.0685
.0681
.0677
.0673
.067
.0666
.0662
.0658
.0655
.0651
.0647
.0644
.064
.0637
.0633
.063
.0627
.0623
.062
.0617
.0613
.061
.0607
.0604
.0601
.0598
.0595
.0592
.0589
.0586
.0583
.058
.0577
.0574
.0571
.0569
.0566
.0563
.056
.0558
.0555
.0552
.055
.0547
.0545
.0542
.054
.0537
.0535
.0532
.053
.0527
.0525
.0523
.052
.0518
.0516
.0513
.0511
.0509
.0507
.0504
.0502
.05
.0498
