4.9508
4.7203
4.465
4.2109
3.9803
3.7801
3.6047
3.4453
3.2945
3.1481
3.0056
2.8704
2.7493
2.65
2.577
2.5289
2.5001
2.4837
2.4745
2.4693
2.466
2.4636
2.4617
2.4598
2.4579
2.4559
2.4537
2.4514
2.4488
2.446
2.443
2.4398
2.4363
2.4325
2.4284
2.424
2.4192
2.414
2.4084
2.4022
2.3956
2.3883
2.3804
2.3718
2.3625
2.3524
2.3414
2.3296
2.3169
2.3033
2.2889
2.2737
2.2578
2.2413
2.2242
2.2068
2.1892
2.1715
2.1539
2.1366
2.1197
2.1033
2.0874
2.0723
2.0578
2.0441
2.0312
2.019
2.0075
1.9967
1.9866
1.9772
1.9683
1.9599
1.9521
1.9447
1.9378
1.9312
1.925
1.9192
1.9136
1.9084
1.9034
1.8986
1.8941
1.8897
1.8856
1.8816
1.8778
1.8741
1.8706
1.8673
1.864
1.8609
1.8578
1.8549
1.8521
1.8493
1.8467
1.8441
1.8416
1.8391
1.8368
1.8345
1.8322
1.83
1.8279
1.8258
1.8238
1.8218
1.8198
1.8179
1.816
1.8142
1.8124
1.8106
1.8089
1.8072
1.8055
1.8039
1.8022
1.8007
1.7991
1.7975
1.796
1.7945
1.793
1.7915
1.7901
1.7886
1.7872
1.7858
1.7844
1.783
1.7816
1.7802
1.7789
1.7775
1.7762
1.7748
1.7735
1.7721
1.7708
1.7694
1.7681
1.7668
1.7654
1.7641
1.7627
1.7614
1.76
1.7586
1.7572
1.7558
1.7544
1.753
1.7516
1.7501
1.7486
1.7471
1.7456
1.744
1.7424
1.7408
1.7391
1.7375
1.7357
1.7339
1.7321
1.7302
1.7282
1.7262
1.7241
1.722
1.7197
1.7173
1.7149
1.7123
1.7096
1.7067
1.7037
1.7005
1.6971
1.6934
1.6895
1.6853
1.6808
1.6759
1.6705
1.6647
1.6582
1.6511
1.6432
1.6343
1.6244
1.6131
1.6003
1.5856
1.5687
1.5491
1.5263
1.4996
1.4684
1.4318
1.3892
1.3399
1.2836
1.2207
1.1521
1.0796
1.0053
.9317
.8609
.7943
.7329
.677
.6266
.5813
.5408
.5046
.4723
.4434
.4174
.3941
.3731
.3541
.3369
.3212
.3069
.2938
.2817
.2707
.2604
.251
.2422
.234
.2264
.2193
.2127
.2064
.2006
.195
.1898
.1849
.1803
.1758
.1717
.1677
.1639
.1603
.1569
.1536
.1505
.1475
.1446
.1418
.1392
.1367
.1342
.1319
.1296
.1275
.1254
.1234
.1214
.1195
.1177
.1159
.1142
.1126
.111
.1094
.1079
.1065
.1051
.1037
.1024
.1011
.0998
.0986
.0974
.0962
.0951
.094
.0929
.0919
.0908
.0898
.0889
.0879
.087
.0861
.0852
.0843
.0835
.0826
.0818
.081
.0803
.0795
.0787
.078
.0773
.0766
.0759
.0752
.0746
.0739
.0733
.0727
.0721
.0714
.0709
.0703
.0697
.0691
.0686
.0681
.0675
.067
.0665
.066
.0655
.065
.0645
.064
.0636
.0631
.0627
.0622
.0618
.0614
.0609
.0605
.0601
.0597
.0593
.0589
.0585
.0581
.0578
.0574
.057
.0567
.0563
.056
.0556
.0553
.0549
.0546
.0543
.0539
.0536
.0533
.053
.0527
.0524
.0521
.0518
.0515
.0512
.0509
.0506
.0503
.0501
.0498
