4.7373
4.4855
4.1872
3.859
3.5262
3.2108
2.927
2.684
2.4892
2.3462
2.2508
2.1921
2.1579
2.1382
2.1265
2.1192
2.1139
2.1098
2.1061
2.1026
2.0991
2.0955
2.0918
2.088
2.0842
2.0803
2.0763
2.0723
2.0682
2.0641
2.06
2.056
2.0519
2.0479
2.0439
2.0399
2.036
2.0321
2.0283
2.0245
2.0207
2.017
2.0134
2.0099
2.0063
2.0029
1.9995
1.9961
1.9928
1.9896
1.9864
1.9833
1.9802
1.9772
1.9742
1.9713
1.9684
1.9656
1.9628
1.9601
1.9574
1.9547
1.9521
1.9495
1.947
1.9445
1.942
1.9396
1.9372
1.9349
1.9325
1.9302
1.928
1.9258
1.9236
1.9214
1.9192
1.9171
1.915
1.913
1.9109
1.9089
1.9069
1.9049
1.903
1.9011
1.8992
1.8973
1.8954
1.8936
1.8918
1.89
1.8882
1.8864
1.8847
1.883
1.8812
1.8796
1.8779
1.8762
1.8746
1.873
1.8714
1.8698
1.8682
1.8666
1.8651
1.8636
1.8621
1.8606
1.8591
1.8576
1.8562
1.8547
1.8533
1.8519
1.8505
1.8491
1.8477
1.8463
1.845
1.8437
1.8423
1.841
1.8397
1.8384
1.8372
1.8359
1.8347
1.8334
1.8322
1.831
1.8298
1.8286
1.8274
1.8262
1.8251
1.8239
1.8228
1.8216
1.8205
1.8194
1.8183
1.8172
1.8161
1.815
1.814
1.8129
1.8119
1.8108
1.8098
1.8088
1.8078
1.8068
1.8058
1.8048
1.8038
1.8029
1.8019
1.801
1.8
1.7991
1.7981
1.7972
1.7963
1.7954
1.7945
1.7936
1.7927
1.7919
1.791
1.7901
1.7893
1.7884
1.7876
1.7867
1.7859
1.7851
1.7843
1.7835
1.7826
1.7818
1.7811
1.7803
1.7795
1.7787
1.7779
1.7772
1.7764
1.7757
1.7749
1.7742
1.7734
1.7727
1.772
1.7712
1.7705
1.7698
1.7691
1.7684
1.7677
1.767
1.7663
1.7656
1.765
1.7643
1.7636
1.7629
1.7623
1.7616
1.761
1.7603
1.7597
1.759
1.7584
1.7577
1.7571
1.7565
1.7559
1.7552
1.7546
1.754
1.7534
1.7528
1.7522
1.7516
1.751
1.7504
1.7498
1.7492
1.7486
1.748
1.7475
1.7469
1.7463
1.7457
1.7452
1.7446
1.744
1.7435
1.7429
1.7424
1.7418
1.7413
1.7407
1.7402
1.7396
1.7391
1.7386
1.738
1.7375
1.737
1.7364
1.7359
1.7354
1.7348
1.7343
1.7338
1.7333
1.7328
1.7323
1.7317
1.7312
1.7307
1.7302
1.7297
1.7292
1.7287
1.7282
1.7277
1.7272
1.7267
1.7262
1.7257
1.7252
1.7247
1.7242
1.7238
1.7233
1.7228
1.7223
1.7218
1.7213
1.7208
1.7204
1.7199
1.7194
1.7189
1.7184
1.718
1.7175
1.717
1.7165
1.7161
1.7156
1.7151
1.7146
1.7142
1.7137
1.7132
1.7127
1.7123
1.7118
1.7113
1.7109
1.7104
1.7099
1.7094
1.709
1.7085
1.708
1.7076
1.7071
1.7066
1.7062
1.7057
1.7052
1.7048
1.7043
1.7038
1.7033
1.7029
1.7024
1.7019
1.7015
1.701
1.7005
1.7001
1.6996
1.6991
1.6986
1.6982
1.6977
1.6972
1.6967
1.6963
1.6958
1.6953
1.6948
1.6944
1.6939
1.6934
1.6929
1.6925
1.692
1.6915
1.691
1.6905
1.6901
1.6896
1.6891
1.6886
1.6881
1.6876
1.6872
1.6867
1.6862
1.6857
1.6852
1.6847
1.6842
1.6837
1.6832
1.6828
1.6823
1.6818
1.6813
1.6808
1.6803
1.6798
1.6793
1.6788
1.6783
1.6778
1.6773
1.6768
1.6763
1.6758
1.6753
1.6748
1.6743
1.6738
1.6733
1.6729
1.6724
1.6719
1.6714
1.6709
1.6704
1.6699
1.6694
1.6689
1.6684
1.6679
1.6674
1.6669
1.6664
1.6659
1.6655
1.665
1.6645
1.664
1.6635
1.6631
1.6626
1.6621
1.6616
1.6612
1.6607
1.6602
1.6598
1.6593
1.6588
1.6584
1.6579
1.6575
1.6571
1.6566
1.6562
1.6557
1.6553
1.6549
1.6545
1.654
1.6536
1.6532
1.6528
1.6524
1.652
1.6516
1.6513
1.6509
1.6505
1.6501
1.6498
1.6494
1.6491
1.6487
1.6484
1.6481
1.6477
1.6474
1.6471
1.6468
1.6465
1.6462
1.6459
1.6456
1.6454
1.6451
1.6448
1.6446
1.6443
1.6441
1.6439
1.6437
1.6434
1.6432
1.643
1.6428
1.6426
1.6425
1.6423
1.6421
1.642
1.6418
1.6417
1.6416
1.6414
1.6413
1.6412
1.6411
1.641
1.6409
1.6408
1.6407
1.6407
1.6406
1.6406
1.6405
1.6405
1.6404
1.6404
1.6404
1.6404
1.6404
1.6404
1.6404
1.6404
1.6404
1.6404
1.6404
1.6405
1.6405
1.6406
1.6406
1.6407
1.6407
1.6408
1.6409
1.641
1.6411
1.6411
1.6412
1.6413
1.6414
1.6415
1.6417
1.6418
1.6419
1.642
1.6422
1.6423
1.6424
1.6426
1.6427
1.6428
1.643
1.6432
1.6433
1.6435
1.6436
1.6438
1.644
1.6441
1.6443
1.6445
1.6447
1.6448
1.645
1.6452
1.6454
1.6456
1.6458
1.6459
1.6461
1.6463
1.6465
1.6467
1.6469
1.6471
1.6473
1.6475
1.6477
1.6479
1.6481
1.6483
1.6485
1.6487
1.649
1.6492
1.6494
1.6496
1.6498
1.65
1.6502
1.6504
1.6506
1.6508
1.651
1.6513
1.6515
1.6517
1.6519
1.6521
1.6523
1.6525
1.6527
1.6529
1.6532
1.6534
1.6536
1.6538
1.654
1.6542
1.6544
1.6546
1.6548
1.6551
1.6553
1.6555
1.6557
1.6559
1.6561
1.6563
1.6565
1.6567
1.657
1.6572
1.6574
1.6576
1.6578
1.658
1.6582
1.6584
1.6587
1.6589
1.6591
1.6593
1.6595
1.6597
1.6599
1.6601
1.6604
1.6606
1.6608
1.661
1.6612
1.6614
1.6616
1.6619
1.6621
1.6623
1.6625
1.6627
1.663
1.6632
1.6634
1.6636
1.6638
1.6641
1.6643
1.6645
1.6648
1.665
1.6652
1.6654
1.6657
1.6659
1.6662
1.6664
1.6666
1.6669
1.6671
1.6674
1.6676
1.6679
1.6681
1.6684
1.6686
1.6689
1.6691
1.6694
1.6697
1.6699
1.6702
1.6705
1.6707
1.671
1.6713
1.6716
1.6719
1.6722
1.6724
1.6727
1.673
1.6733
1.6737
1.674
1.6743
1.6746
1.6749
1.6752
1.6756
1.6759
1.6763
1.6766
1.677
1.6773
1.6777
1.678
1.6784
1.6788
1.6792
1.6796
1.68
1.6804
1.6808
1.6812
1.6816
1.6821
1.6825
1.683
1.6834
1.6839
1.6844
1.6848
1.6853
1.6858
1.6864
1.6869
1.6874
1.688
1.6886
1.6891
1.6897
1.6903
1.6909
1.6916
1.6922
1.6929
1.6936
1.6943
1.695
1.6957
1.6965
1.6973
1.6981
1.6989
1.6998
1.7007
1.7016
1.7025
1.7035
1.7045
1.7055
1.7066
1.7077
1.7089
1.7101
1.7113
1.7126
1.7139
1.7153
1.7167
1.7182
1.7198
1.7215
1.7232
1.7249
1.7268
1.7288
1.7308
1.733
1.7352
1.7376
1.7401
1.7428
1.7456
1.7486
1.7517
1.755
1.7586
1.7624
1.7664
1.7707
1.7753
1.7803
1.7856
1.7914
1.7975
1.8042
1.8113
1.8188
1.8267
1.8347
1.8419
1.8466
1.8444
1.8246
1.7629
1.6184
1.3733
1.0845
.8507
.73
.6749
.6377
.6075
.5822
.5606
.5417
.5248
.5095
.4954
.4823
.4699
.4582
.4469
.4361
.4257
.4155
.4056
.3959
.3865
.3773
.3682
.3594
.3507
.3422
.3339
.3257
.3178
.3101
.3025
.2952
.288
.2811
.2744
.2679
.2616
.2556
.2497
.244
.2386
.2333
.2282
.2233
.2186
.2141
.2097
.2055
.2015
.1976
.1938
.1902
.1867
.1833
.1801
.1769
.1739
.171
.1682
.1655
.1628
.1603
.1578
.1554
.1531
.1509
.1487
.1466
.1445
.1425
.1406
.1387
.1369
.1351
.1334
.1317
.1301
.1285
.127
.1255
.124
.1226
.1212
.1198
.1185
.1172
.1159
.1146
.1134
.1122
.1111
.1099
.1088
.1077
.1067
.1056
.1046
.1036
.1026
.1017
.1007
.0998
.0989
.098
.0971
.0963
.0955
.0946
.0938
.093
.0923
.0915
.0907
.09
.0893
.0886
.0879
.0872
.0865
.0858
.0852
.0845
.0839
.0833
.0827
.082
.0815
.0809
.0803
.0797
.0792
.0786
.0781
.0775
.077
.0765
.076
.0755
.075
.0745
.074
.0735
.073
.0726
.0721
.0717
.0712
.0708
.0703
.0699
.0695
.0691
.0687
.0683
.0679
.0675
.0671
.0667
.0663
.0659
.0655
.0652
.0648
.0645
.0641
.0637
.0634
.0631
.0627
.0624
.062
.0617
.0614
.0611
.0608
.0604
.0601
.0598
.0595
.0592
.0589
.0586
.0583
.0581
.0578
.0575
.0572
.0569
.0567
.0564
.0561
.0559
.0556
.0553
.0551
.0548
.0546
.0543
.0541
.0538
.0536
.0534
.0531
.0529
.0527
.0524
.0522
.052
.0517
.0515
.0513
.0511
.0509
.0507
.0504
.0502
.05
.0498
