4.4804
4.1884
3.9052
3.648
3.4166
3.2028
3.0009
2.8118
2.6433
2.5057
2.4047
2.337
2.2935
2.2653
2.2459
2.2316
2.2202
2.2106
2.2022
2.1946
2.1876
2.1811
2.175
2.1692
2.1637
2.1584
2.1534
2.1485
2.1438
2.1393
2.1349
2.1306
2.1265
2.1224
2.1183
2.1143
2.1104
2.1064
2.1025
2.0986
2.0946
2.0906
2.0865
2.0824
2.0782
2.0739
2.0695
2.065
2.0604
2.0556
2.0507
2.0456
2.0403
2.0349
2.0292
2.0234
2.0174
2.0111
2.0046
1.998
1.9911
1.984
1.9768
1.9694
1.9618
1.9541
1.9464
1.9385
1.9305
1.9226
1.9146
1.9066
1.8987
1.8908
1.883
1.8753
1.8678
1.8603
1.853
1.8458
1.8388
1.8319
1.8251
1.8185
1.8121
1.8058
1.7996
1.7936
1.7877
1.7819
1.7762
1.7707
1.7652
1.7598
1.7545
1.7493
1.7441
1.7389
1.7338
1.7287
1.7236
1.7185
1.7134
1.7083
1.7031
1.6978
1.6924
1.687
1.6814
1.6757
1.6698
1.6637
1.6573
1.6507
1.6437
1.6364
1.6286
1.6204
1.6116
1.6022
1.592
1.581
1.5691
1.5561
1.5419
1.5263
1.5091
1.4902
1.4694
1.4466
1.4215
1.3941
1.3642
1.332
1.2976
1.2612
1.223
1.1835
1.1433
1.1027
1.0622
1.0222
.9831
.9453
.9088
.8738
.8404
.8086
.7784
.7497
.7225
.6968
.6724
.6493
.6274
.6067
.587
.5683
.5506
.5337
.5177
.5025
.4879
.4741
.4609
.4484
.4364
.4249
.4139
.4034
.3934
.3838
.3746
.3658
.3573
.3492
.3414
.3339
.3266
.3197
.313
.3066
.3003
.2944
.2886
.283
.2776
.2724
.2674
.2625
.2578
.2533
.2489
.2446
.2404
.2364
.2325
.2288
.2251
.2215
.2181
.2147
.2114
.2083
.2052
.2022
.1992
.1964
.1936
.1909
.1883
.1857
.1832
.1808
.1784
.176
.1738
.1716
.1694
.1673
.1652
.1632
.1612
.1593
.1574
.1556
.1537
.152
.1503
.1486
.1469
.1453
.1437
.1421
.1406
.1391
.1376
.1362
.1348
.1334
.132
.1307
.1294
.1281
.1269
.1256
.1244
.1232
.122
.1209
.1198
.1187
.1176
.1165
.1154
.1144
.1134
.1124
.1114
.1104
.1095
.1085
.1076
.1067
.1058
.1049
.1041
.1032
.1024
.1015
.1007
.0999
.0991
.0984
.0976
.0968
.0961
.0954
.0946
.0939
.0932
.0925
.0918
.0912
.0905
.0898
.0892
.0886
.0879
.0873
.0867
.0861
.0855
.0849
.0843
.0837
.0832
.0826
.0821
.0815
.081
.0805
.0799
.0794
.0789
.0784
.0779
.0774
.0769
.0764
.076
.0755
.075
.0746
.0741
.0737
.0732
.0728
.0723
.0719
.0715
.0711
.0706
.0702
.0698
.0694
.069
.0686
.0683
.0679
.0675
.0671
.0667
.0664
.066
.0656
.0653
.0649
.0646
.0642
.0639
.0636
.0632
.0629
.0626
.0622
.0619
.0616
.0613
.061
.0607
.0604
.06
.0597
.0594
.0592
.0589
.0586
.0583
.058
.0577
.0574
.0572
.0569
.0566
.0563
.0561
.0558
.0556
.0553
.055
.0548
.0545
.0543
.054
.0538
.0535
.0533
.0531
.0528
.0526
.0524
.0521
.0519
.0517
.0514
.0512
.051
.0508
.0506
.0503
.0501
.0499
