4.1606
3.9576
3.7934
3.6549
3.5288
3.4044
3.2738
3.1315
2.9741
2.8026
2.6233
2.4497
2.2976
2.1785
2.0936
2.0366
1.9989
1.9733
1.9553
1.9419
1.9313
1.9226
1.9151
1.9084
1.9022
1.8964
1.8908
1.8854
1.88
1.8747
1.8693
1.8639
1.8583
1.8526
1.8466
1.8404
1.8338
1.8269
1.8196
1.8118
1.8034
1.7945
1.7848
1.7744
1.7632
1.751
1.7378
1.7234
1.7078
1.6909
1.6725
1.6526
1.6311
1.608
1.5831
1.5564
1.528
1.4979
1.4661
1.4329
1.3983
1.3625
1.3257
1.2882
1.2502
1.212
1.1737
1.1356
1.0979
1.0608
1.0244
.9888
.9542
.9206
.8881
.8567
.8265
.7974
.7694
.7427
.717
.6924
.6689
.6464
.6249
.6044
.5847
.566
.5481
.531
.5146
.499
.4841
.4698
.4561
.4431
.4305
.4186
.4071
.3961
.3855
.3754
.3656
.3563
.3473
.3387
.3304
.3224
.3147
.3073
.3001
.2933
.2866
.2802
.274
.268
.2622
.2567
.2513
.246
.241
.236
.2313
.2267
.2222
.2179
.2137
.2096
.2056
.2018
.198
.1944
.1909
.1874
.1841
.1808
.1776
.1745
.1715
.1686
.1657
.1629
.1602
.1576
.155
.1525
.15
.1476
.1452
.1429
.1407
.1385
.1364
.1343
.1322
.1302
.1283
.1263
.1245
.1226
.1208
.1191
.1174
.1157
.114
.1124
.1108
.1093
.1078
.1063
.1048
.1034
.102
.1006
.0993
.0979
.0967
.0954
.0941
.0929
.0917
.0905
.0894
.0883
.0871
.0861
.085
.0839
.0829
.0819
.0809
.0799
.079
.078
.0771
.0762
.0753
.0744
.0736
.0727
.0719
.0711
.0703
.0695
.0687
.068
.0672
.0665
.0657
.065
.0643
.0636
.063
.0623
.0616
.061
.0604
.0597
.0591
.0585
.0579
.0574
.0568
.0562
.0557
.0551
.0546
.054
.0535
.053
.0525
.052
.0515
.051
.0506
.0501
.0496
