4.6248
4.3517
4.0619
3.7802
3.5246
3.3016
3.1089
2.9405
2.7909
2.6561
2.5352
2.4301
2.3436
2.2778
2.2313
2.2003
2.1799
2.1659
2.1554
2.1465
2.1381
2.1295
2.1204
2.1107
2.1003
2.0892
2.0775
2.0652
2.0525
2.0395
2.0263
2.013
1.9998
1.9869
1.9742
1.962
1.9503
1.9392
1.9286
1.9187
1.9094
1.9007
1.8926
1.885
1.8779
1.8713
1.8652
1.8594
1.854
1.8489
1.8442
1.8396
1.8354
1.8313
1.8275
1.8238
1.8203
1.817
1.8138
1.8107
1.8077
1.8049
1.8021
1.7995
1.7969
1.7944
1.792
1.7896
1.7873
1.7851
1.7829
1.7808
1.7787
1.7767
1.7747
1.7728
1.7709
1.769
1.7672
1.7654
1.7636
1.7619
1.7602
1.7586
1.7569
1.7553
1.7537
1.7522
1.7506
1.7491
1.7476
1.7461
1.7447
1.7433
1.7418
1.7404
1.7391
1.7377
1.7364
1.735
1.7337
1.7324
1.7311
1.7299
1.7286
1.7274
1.7261
1.7249
1.7237
1.7225
1.7213
1.7202
1.719
1.7179
1.7167
1.7156
1.7145
1.7134
1.7123
1.7112
1.7102
1.7091
1.708
1.707
1.706
1.7049
1.7039
1.7029
1.7019
1.7009
1.6999
1.6989
1.698
1.697
1.696
1.6951
1.6941
1.6932
1.6923
1.6913
1.6904
1.6895
1.6886
1.6877
1.6868
1.6859
1.685
1.6841
1.6832
1.6823
1.6815
1.6806
1.6797
1.6789
1.678
1.6771
1.6763
1.6754
1.6746
1.6737
1.6729
1.672
1.6712
1.6704
1.6695
1.6687
1.6678
1.667
1.6661
1.6653
1.6645
1.6636
1.6628
1.6619
1.6611
1.6602
1.6594
1.6585
1.6576
1.6568
1.6559
1.655
1.6541
1.6532
1.6523
1.6514
1.6505
1.6496
1.6487
1.6477
1.6467
1.6458
1.6448
1.6438
1.6428
1.6417
1.6407
1.6396
1.6385
1.6374
1.6363
1.6351
1.6339
1.6327
1.6315
1.6302
1.6289
1.6275
1.6261
1.6246
1.6231
1.6216
1.62
1.6183
1.6165
1.6147
1.6128
1.6108
1.6087
1.6065
1.6042
1.6018
1.5992
1.5965
1.5936
1.5906
1.5873
1.5838
1.5801
1.5761
1.5718
1.5671
1.5621
1.5566
1.5506
1.5441
1.537
1.5291
1.5205
1.5109
1.5003
1.4885
1.4754
1.4607
1.4442
1.4256
1.4048
1.3815
1.3552
1.3259
1.2933
1.2572
1.2177
1.175
1.1295
1.0817
1.0325
.9826
.9329
.8842
.8371
.7921
.7495
.7095
.6721
.6373
.605
.5751
.5474
.5217
.498
.4761
.4557
.4368
.4193
.403
.3878
.3737
.3604
.3481
.3365
.3256
.3154
.3058
.2968
.2882
.2802
.2726
.2653
.2585
.252
.2458
.24
.2344
.2291
.224
.2191
.2145
.21
.2058
.2017
.1978
.1941
.1904
.187
.1836
.1804
.1773
.1744
.1715
.1687
.166
.1634
.1609
.1585
.1561
.1538
.1516
.1495
.1474
.1454
.1434
.1415
.1397
.1379
.1362
.1345
.1328
.1312
.1296
.1281
.1266
.1251
.1237
.1223
.121
.1197
.1184
.1171
.1159
.1147
.1135
.1124
.1112
.1101
.1091
.108
.107
.106
.105
.104
.103
.1021
.1012
.1003
.0994
.0985
.0977
.0969
.096
.0952
.0944
.0937
.0929
.0922
.0914
.0907
.09
.0893
.0886
.0879
.0873
.0866
.086
.0853
.0847
.0841
.0835
.0829
.0823
.0817
.0811
.0806
.08
.0795
.0789
.0784
.0779
.0774
.0769
.0764
.0759
.0754
.0749
.0744
.074
.0735
.073
.0726
.0721
.0717
.0713
.0708
.0704
.07
.0696
.0692
.0688
.0684
.068
.0676
.0672
.0668
.0665
.0661
.0657
.0654
.065
.0647
.0643
.064
.0636
.0633
.0629
.0626
.0623
.062
.0616
.0613
.061
.0607
.0604
.0601
.0598
.0595
.0592
.0589
.0586
.0583
.0581
.0578
.0575
.0572
.057
.0567
.0564
.0562
.0559
.0556
.0554
.0551
.0549
.0546
.0544
.0541
.0539
.0537
.0534
.0532
.053
.0527
.0525
.0523
.052
.0518
.0516
.0514
.0512
.0509
.0507
.0505
.0503
.0501
.0499
