4.1926
3.9709
3.7682
3.5772
3.3879
3.1924
2.9881
2.7814
2.5898
2.4357
2.3305
2.2672
2.2305
2.2081
2.1928
2.1812
2.1716
2.1633
2.1558
2.1491
2.143
2.1373
2.1322
2.1274
2.123
2.1189
2.1152
2.1117
2.1084
2.1053
2.1024
2.0997
2.0971
2.0947
2.0923
2.09
2.0879
2.0858
2.0838
2.0818
2.0799
2.0781
2.0763
2.0745
2.0728
2.0711
2.0695
2.0679
2.0664
2.0648
2.0633
2.0618
2.0603
2.0589
2.0575
2.056
2.0546
2.0533
2.0519
2.0505
2.0492
2.0478
2.0465
2.0451
2.0438
2.0424
2.041
2.0397
2.0383
2.0369
2.0355
2.0341
2.0327
2.0312
2.0297
2.0282
2.0267
2.0251
2.0235
2.0219
2.0202
2.0185
2.0167
2.0149
2.013
2.011
2.0089
2.0068
2.0046
2.0023
1.9999
1.9974
1.9947
1.9919
1.989
1.9859
1.9826
1.9792
1.9755
1.9715
1.9674
1.9629
1.9581
1.9529
1.9473
1.9413
1.9347
1.9276
1.9199
1.9114
1.9021
1.8918
1.8805
1.8679
1.8539
1.8383
1.8208
1.8011
1.7789
1.7537
1.7253
1.693
1.6564
1.6152
1.5689
1.5175
1.4612
1.4004
1.3363
1.2702
1.2036
1.1381
1.075
1.0151
.9592
.9073
.8595
.8157
.7756
.7389
.7052
.6743
.6458
.6196
.5953
.5727
.5518
.5322
.5139
.4968
.4806
.4654
.4511
.4375
.4247
.4125
.4009
.3898
.3793
.3693
.3597
.3505
.3418
.3334
.3254
.3177
.3103
.3032
.2964
.2899
.2836
.2775
.2717
.2661
.2607
.2555
.2505
.2457
.241
.2365
.2322
.228
.2239
.22
.2162
.2125
.209
.2055
.2022
.199
.1958
.1928
.1898
.187
.1842
.1815
.1789
.1763
.1738
.1714
.1691
.1668
.1645
.1624
.1603
.1582
.1562
.1542
.1523
.1505
.1486
.1469
.1451
.1434
.1418
.1402
.1386
.137
.1355
.134
.1326
.1312
.1298
.1284
.1271
.1258
.1245
.1233
.122
.1208
.1197
.1185
.1174
.1163
.1152
.1141
.113
.112
.111
.11
.109
.1081
.1071
.1062
.1053
.1044
.1035
.1026
.1018
.1009
.1001
.0993
.0985
.0977
.0969
.0962
.0954
.0947
.094
.0932
.0925
.0918
.0912
.0905
.0898
.0892
.0885
.0879
.0872
.0866
.086
.0854
.0848
.0842
.0837
.0831
.0825
.082
.0814
.0809
.0803
.0798
.0793
.0788
.0783
.0778
.0773
.0768
.0763
.0758
.0754
.0749
.0744
.074
.0735
.0731
.0727
.0722
.0718
.0714
.071
.0706
.0701
.0697
.0693
.0689
.0686
.0682
.0678
.0674
.067
.0667
.0663
.0659
.0656
.0652
.0649
.0645
.0642
.0639
.0635
.0632
.0629
.0625
.0622
.0619
.0616
.0613
.061
.0606
.0603
.06
.0597
.0595
.0592
.0589
.0586
.0583
.058
.0577
.0575
.0572
.0569
.0567
.0564
.0561
.0559
.0556
.0554
.0551
.0548
.0546
.0543
.0541
.0539
.0536
.0534
.0531
.0529
.0527
.0524
.0522
.052
.0518
.0515
.0513
.0511
.0509
.0507
.0505
.0502
.05
.0498
