3.7292
3.4732
3.2156
2.955
2.7016
2.4785
2.3095
2.2008
2.1389
2.1052
2.0866
2.0756
2.0687
2.0639
2.0603
2.0575
2.0552
2.0531
2.0513
2.0496
2.048
2.0465
2.0451
2.0438
2.0424
2.0412
2.0399
2.0388
2.0376
2.0365
2.0353
2.0343
2.0332
2.0322
2.0311
2.0301
2.0291
2.0282
2.0272
2.0263
2.0253
2.0244
2.0235
2.0226
2.0217
2.0208
2.02
2.0191
2.0183
2.0174
2.0166
2.0158
2.0149
2.0141
2.0133
2.0125
2.0117
2.0109
2.0101
2.0093
2.0085
2.0078
2.007
2.0062
2.0055
2.0047
2.0039
2.0032
2.0024
2.0017
2.0009
2.0002
1.9994
1.9987
1.9979
1.9972
1.9965
1.9957
1.995
1.9943
1.9935
1.9928
1.9921
1.9914
1.9906
1.9899
1.9892
1.9884
1.9877
1.987
1.9863
1.9855
1.9848
1.9841
1.9833
1.9826
1.9819
1.9811
1.9804
1.9796
1.9789
1.9781
1.9774
1.9766
1.9758
1.9751
1.9743
1.9735
1.9727
1.9719
1.971
1.9702
1.9693
1.9685
1.9676
1.9667
1.9658
1.9648
1.9638
1.9628
1.9618
1.9607
1.9596
1.9585
1.9573
1.956
1.9547
1.9533
1.9519
1.9504
1.9488
1.9472
1.9454
1.9436
1.9416
1.9395
1.9373
1.935
1.9325
1.9299
1.9272
1.9243
1.9212
1.918
1.9146
1.911
1.9073
1.9034
1.8994
1.8952
1.8908
1.8863
1.8818
1.8771
1.8723
1.8674
1.8625
1.8575
1.8525
1.8475
1.8425
1.8375
1.8325
1.8276
1.8227
1.818
1.8132
1.8086
1.8041
1.7996
1.7953
1.791
1.7869
1.7829
1.7789
1.7751
1.7714
1.7678
1.7643
1.7609
1.7575
1.7543
1.7512
1.7482
1.7452
1.7424
1.7396
1.7369
1.7343
1.7318
1.7293
1.7269
1.7246
1.7223
1.7201
1.718
1.7159
1.7138
1.7119
1.7099
1.7081
1.7062
1.7045
1.7027
1.701
1.6994
1.6978
1.6962
1.6947
1.6932
1.6917
1.6903
1.6889
1.6875
1.6861
1.6848
1.6835
1.6823
1.6811
1.6798
1.6787
1.6775
1.6764
1.6753
1.6742
1.6731
1.672
1.671
1.67
1.669
1.668
1.6671
1.6661
1.6652
1.6643
1.6634
1.6625
1.6616
1.6608
1.6599
1.6591
1.6583
1.6575
1.6567
1.6559
1.6552
1.6544
1.6537
1.6529
1.6522
1.6515
1.6508
1.6501
1.6494
1.6487
1.6481
1.6474
1.6468
1.6461
1.6455
1.6449
1.6443
1.6437
1.6431
1.6425
1.6419
1.6413
1.6407
1.6402
1.6396
1.6391
1.6385
1.638
1.6375
1.6369
1.6364
1.6359
1.6354
1.6349
1.6344
1.6339
1.6334
1.6329
1.6325
1.632
1.6315
1.6311
1.6306
1.6302
1.6297
1.6293
1.6288
1.6284
1.628
1.6276
1.6271
1.6267
1.6263
1.6259
1.6255
1.6251
1.6247
1.6243
1.6239
1.6235
1.6231
1.6227
1.6224
1.622
1.6216
1.6213
1.6209
1.6205
1.6202
1.6198
1.6195
1.6191
1.6188
1.6184
1.6181
1.6178
1.6174
1.6171
1.6168
1.6164
1.6161
1.6158
1.6155
1.6151
1.6148
1.6145
1.6142
1.6139
1.6136
1.6133
1.613
1.6127
1.6124
1.6121
1.6118
1.6115
1.6112
1.611
1.6107
1.6104
1.6101
1.6098
1.6096
1.6093
1.609
1.6087
1.6085
1.6082
1.608
1.6077
1.6074
1.6072
1.6069
1.6067
1.6064
1.6062
1.6059
1.6057
1.6054
1.6052
1.6049
1.6047
1.6044
1.6042
1.604
1.6037
1.6035
1.6033
1.603
1.6028
1.6026
1.6023
1.6021
1.6019
1.6017
1.6014
1.6012
1.601
1.6008
1.6006
1.6004
1.6001
1.5999
1.5997
1.5995
1.5993
1.5991
1.5989
1.5987
1.5985
1.5983
1.5981
1.5979
1.5977
1.5975
1.5973
1.5971
1.5969
1.5967
1.5965
1.5963
1.5961
1.5959
1.5957
1.5955
1.5953
1.5952
1.595
1.5948
1.5946
1.5944
1.5942
1.5941
1.5939
1.5937
1.5935
1.5933
1.5932
1.593
1.5928
1.5926
1.5925
1.5923
1.5921
1.592
1.5918
1.5916
1.5915
1.5913
1.5911
1.591
1.5908
1.5906
1.5905
1.5903
1.5901
1.59
1.5898
1.5897
1.5895
1.5893
1.5892
1.589
1.5889
1.5887
1.5886
1.5884
1.5883
1.5881
1.588
1.5878
1.5877
1.5875
1.5874
1.5872
1.5871
1.5869
1.5868
1.5866
1.5865
1.5863
1.5862
1.5861
1.5859
1.5858
1.5856
1.5855
1.5854
1.5852
1.5851
1.5849
1.5848
1.5847
1.5845
1.5844
1.5843
1.5841
1.584
1.5839
1.5837
1.5836
1.5835
1.5833
1.5832
1.5831
1.5829
1.5828
1.5827
1.5826
1.5824
1.5823
1.5822
1.582
1.5819
1.5818
1.5817
1.5815
1.5814
1.5813
1.5812
1.5811
1.5809
1.5808
1.5807
1.5806
1.5804
1.5803
1.5802
1.5801
1.58
1.5799
1.5797
1.5796
1.5795
1.5794
1.5793
1.5792
1.579
1.5789
1.5788
1.5787
1.5786
1.5785
1.5784
1.5783
1.5781
1.578
1.5779
1.5778
1.5777
1.5776
1.5775
1.5774
1.5773
1.5772
1.5771
1.5769
1.5768
1.5767
1.5766
1.5765
1.5764
1.5763
1.5762
1.5761
1.576
1.5759
1.5758
1.5757
1.5756
1.5755
1.5754
1.5753
1.5752
1.5751
1.575
1.5749
1.5748
1.5747
1.5746
1.5745
1.5744
1.5743
1.5742
1.5741
1.574
1.5739
1.5738
1.5737
1.5736
1.5735
1.5734
1.5733
1.5732
1.5731
1.573
1.5729
1.5728
1.5727
1.5727
1.5726
1.5725
1.5724
1.5723
1.5722
1.5721
1.572
1.5719
1.5718
1.5717
1.5716
1.5716
1.5715
1.5714
1.5713
1.5712
1.5711
1.571
1.5709
1.5708
1.5708
1.5707
1.5706
1.5705
1.5704
1.5703
1.5702
1.5702
1.5701
1.57
1.5699
1.5698
1.5697
1.5696
1.5696
1.5695
1.5694
1.5693
1.5692
1.5691
1.5691
1.569
1.5689
1.5688
1.5687
1.5687
1.5686
1.5685
1.5684
1.5683
1.5682
1.5682
1.5681
1.568
1.5679
1.5678
1.5678
1.5677
1.5676
1.5675
1.5675
1.5674
1.5673
1.5672
1.5671
1.5671
1.567
1.5669
1.5668
1.5668
1.5667
1.5666
1.5665
1.5665
1.5664
1.5663
1.5662
1.5662
1.5661
1.566
1.5659
1.5659
1.5658
1.5657
1.5656
1.5656
1.5655
1.5654
1.5653
1.5653
1.5652
1.5651
1.565
1.565
1.5649
1.5648
1.5648
1.5647
1.5646
1.5645
1.5645
1.5644
1.5643
1.5643
1.5642
1.5641
1.564
1.564
1.5639
1.5638
1.5638
1.5637
1.5636
1.5636
1.5635
1.5634
1.5634
1.5633
1.5632
1.5632
1.5631
1.563
1.5629
1.5629
1.5628
1.5627
1.5627
1.5626
1.5625
1.5625
1.5624
1.5623
1.5623
1.5622
1.5621
1.5621
1.562
1.562
1.5619
1.5618
1.5618
1.5617
1.5616
1.5616
1.5615
1.5614
1.5614
1.5613
1.5612
1.5612
1.5611
1.5611
1.561
1.5609
1.5609
1.5608
1.5607
1.5607
1.5606
1.5605
1.5605
1.5604
1.5604
1.5603
1.5602
1.5602
1.5601
1.5601
1.56
1.5599
1.5599
1.5598
1.5597
1.5597
1.5596
1.5596
1.5595
1.5594
1.5594
1.5593
1.5593
1.5592
1.5591
1.5591
1.559
1.559
1.5589
1.5588
1.5588
1.5587
1.5587
1.5586
1.5585
1.5585
1.5584
1.5584
1.5583
1.5583
1.5582
1.5581
1.5581
1.558
1.558
1.5579
1.5578
1.5578
1.5577
1.5577
1.5576
1.5576
1.5575
1.5574
1.5574
1.5573
1.5573
1.5572
1.5572
1.5571
1.5571
1.557
1.5569
1.5569
1.5568
1.5568
1.5567
1.5567
1.5566
1.5566
1.5565
1.5564
1.5564
1.5563
1.5563
1.5562
1.5562
1.5561
1.5561
1.556
1.5559
1.5559
1.5558
1.5558
1.5557
1.5557
1.5556
1.5556
1.5555
1.5555
1.5554
1.5554
1.5553
1.5552
1.5552
1.5551
1.5551
1.555
1.555
1.5549
1.5549
1.5548
1.5548
1.5547
1.5547
1.5546
1.5546
1.5545
1.5545
1.5544
1.5544
1.5543
1.5543
1.5542
1.5541
1.5541
1.554
1.554
1.5539
1.5539
1.5538
1.5538
1.5537
1.5537
1.5536
1.5536
1.5535
1.5535
1.5534
1.5534
1.5533
1.5533
1.5532
1.5532
1.5531
1.5531
1.553
1.553
1.5529
1.5529
1.5528
1.5528
1.5527
1.5527
1.5526
1.5526
1.5525
1.5525
1.5524
1.5524
1.5523
1.5523
1.5522
1.5522
1.5521
1.5521
1.552
1.552
1.5519
1.5519
1.5518
1.5518
1.5517
1.5517
1.5516
1.5516
1.5515
1.5515
1.5515
1.5514
1.5514
1.5513
1.5513
1.5512
1.5512
1.5511
1.5511
1.551
1.551
1.5509
1.5509
1.5508
1.5508
1.5507
1.5507
1.5506
1.5506
1.5505
1.5505
1.5505
1.5504
1.5504
1.5503
1.5503
1.5502
1.5502
1.5501
1.5501
1.55
1.55
1.5499
1.5499
1.5498
1.5498
1.5498
1.5497
1.5497
1.5496
1.5496
1.5495
1.5495
1.5494
1.5494
1.5493
1.5493
1.5492
1.5492
1.5492
1.5491
1.5491
1.549
1.549
1.5489
1.5489
1.5488
1.5488
1.5487
1.5487
1.5487
1.5486
1.5486
1.5485
1.5485
1.5484
1.5484
1.5483
1.5483
1.5482
1.5482
1.5482
1.5481
1.5481
1.548
1.548
1.5479
1.5479
1.5478
1.5478
1.5478
1.5477
1.5477
1.5476
1.5476
1.5475
1.5475
1.5474
1.5474
1.5474
1.5473
1.5473
1.5472
1.5472
1.5471
1.5471
1.547
1.547
1.547
1.5469
1.5469
1.5468
1.5468
1.5467
1.5467
1.5467
1.5466
1.5466
1.5465
1.5465
1.5464
1.5464
1.5464
1.5463
1.5463
1.5462
1.5462
1.5461
1.5461
1.546
1.546
1.546
1.5459
1.5459
1.5458
1.5458
1.5457
1.5457
1.5457
1.5456
1.5456
1.5455
1.5455
1.5454
1.5454
1.5454
1.5453
1.5453
1.5452
1.5452
1.5452
1.5451
1.5451
1.545
1.545
1.5449
1.5449
1.5449
1.5448
1.5448
1.5447
1.5447
1.5446
1.5446
1.5446
1.5445
1.5445
1.5444
1.5444
1.5444
1.5443
1.5443
1.5442
1.5442
1.5441
1.5441
1.5441
1.544
1.544
1.5439
1.5439
1.5439
1.5438
1.5438
1.5437
1.5437
1.5436
1.5436
1.5436
1.5435
1.5435
1.5434
1.5434
1.5434
1.5433
1.5433
1.5432
1.5432
1.5431
1.5431
1.5431
1.543
1.543
1.5429
1.5429
1.5429
1.5428
1.5428
1.5427
1.5427
1.5427
1.5426
1.5426
1.5425
1.5425
1.5425
1.5424
1.5424
1.5423
1.5423
1.5422
1.5422
1.5422
1.5421
1.5421
1.542
1.542
1.542
1.5419
1.5419
1.5418
1.5418
1.5418
1.5417
1.5417
1.5416
1.5416
1.5416
1.5415
1.5415
1.5414
1.5414
1.5414
1.5413
1.5413
1.5412
1.5412
1.5412
1.5411
1.5411
1.541
1.541
1.541
1.5409
1.5409
1.5408
1.5408
1.5408
1.5407
1.5407
1.5406
1.5406
1.5406
1.5405
1.5405
1.5404
1.5404
1.5404
1.5403
1.5403
1.5402
1.5402
1.5402
1.5401
1.5401
1.54
1.54
1.54
1.5399
1.5399
1.5398
1.5398
1.5398
1.5397
1.5397
1.5396
1.5396
1.5396
1.5395
1.5395
1.5394
1.5394
1.5394
1.5393
1.5393
1.5392
1.5392
1.5392
1.5391
1.5391
1.5391
1.539
1.539
1.5389
1.5389
1.5389
1.5388
1.5388
1.5387
1.5387
1.5387
1.5386
1.5386
1.5385
1.5385
1.5385
1.5384
1.5384
1.5383
1.5383
1.5383
1.5382
1.5382
1.5382
1.5381
1.5381
1.538
1.538
1.538
1.5379
1.5379
1.5378
1.5378
1.5378
1.5377
1.5377
1.5376
1.5376
1.5376
1.5375
1.5375
1.5375
1.5374
1.5374
1.5373
1.5373
1.5373
1.5372
1.5372
1.5371
1.5371
1.5371
1.537
1.537
1.5369
1.5369
1.5369
1.5368
1.5368
1.5368
1.5367
1.5367
1.5366
1.5366
1.5366
1.5365
1.5365
1.5364
1.5364
1.5364
1.5363
1.5363
1.5363
1.5362
1.5362
1.5361
1.5361
1.5361
1.536
1.536
1.5359
1.5359
1.5359
1.5358
1.5358
1.5358
1.5357
1.5357
1.5356
1.5356
1.5356
1.5355
1.5355
1.5354
1.5354
1.5354
1.5353
1.5353
1.5353
1.5352
1.5352
1.5351
1.5351
1.5351
1.535
1.535
1.5349
1.5349
1.5349
1.5348
1.5348
1.5348
1.5347
1.5347
1.5346
1.5346
1.5346
1.5345
1.5345
1.5344
1.5344
1.5344
1.5343
1.5343
1.5343
1.5342
1.5342
1.5341
1.5341
1.5341
1.534
1.534
1.534
1.5339
1.5339
1.5338
1.5338
1.5338
1.5337
1.5337
1.5336
1.5336
1.5336
1.5335
1.5335
1.5335
1.5334
1.5334
1.5333
1.5333
1.5333
1.5332
1.5332
1.5332
1.5331
1.5331
1.533
1.533
1.533
1.5329
1.5329
1.5328
1.5328
1.5328
1.5327
1.5327
1.5327
1.5326
1.5326
1.5325
1.5325
1.5325
1.5324
1.5324
1.5324
1.5323
1.5323
1.5322
1.5322
1.5322
1.5321
1.5321
1.532
1.532
1.532
1.5319
1.5319
1.5319
1.5318
1.5318
1.5317
1.5317
1.5317
1.5316
1.5316
1.5315
1.5315
1.5315
1.5314
1.5314
1.5314
1.5313
1.5313
1.5312
1.5312
1.5312
1.5311
1.5311
1.5311
1.531
1.531
1.5309
1.5309
1.5309
1.5308
1.5308
1.5307
1.5307
1.5307
1.5306
1.5306
1.5306
1.5305
1.5305
1.5304
1.5304
1.5304
1.5303
1.5303
1.5302
1.5302
1.5302
1.5301
1.5301
1.5301
1.53
1.53
1.5299
1.5299
1.5299
1.5298
1.5298
1.5297
1.5297
1.5297
1.5296
1.5296
1.5296
1.5295
1.5295
1.5294
1.5294
1.5294
1.5293
1.5293
1.5292
1.5292
1.5292
1.5291
1.5291
1.529
1.529
1.529
1.5289
1.5289
1.5289
1.5288
1.5288
1.5287
1.5287
1.5287
1.5286
1.5286
1.5285
1.5285
1.5285
1.5284
1.5284
1.5283
1.5283
1.5283
1.5282
1.5282
1.5282
1.5281
1.5281
1.528
1.528
1.528
1.5279
1.5279
1.5278
1.5278
1.5278
1.5277
1.5277
1.5276
1.5276
1.5276
1.5275
1.5275
1.5274
1.5274
1.5274
1.5273
1.5273
1.5272
1.5272
1.5272
1.5271
1.5271
1.527
1.527
1.527
1.5269
1.5269
1.5268
1.5268
1.5268
1.5267
1.5267
1.5266
1.5266
1.5266
1.5265
1.5265
1.5264
1.5264
1.5264
1.5263
1.5263
1.5262
1.5262
1.5262
1.5261
1.5261
1.526
1.526
1.526
1.5259
1.5259
1.5258
1.5258
1.5258
1.5257
1.5257
1.5256
1.5256
1.5255
1.5255
1.5255
1.5254
1.5254
1.5253
1.5253
1.5253
1.5252
1.5252
1.5251
1.5251
1.5251
1.525
1.525
1.5249
1.5249
1.5248
1.5248
1.5248
1.5247
1.5247
1.5246
1.5246
1.5246
1.5245
1.5245
1.5244
1.5244
1.5243
1.5243
1.5243
1.5242
1.5242
1.5241
1.5241
1.524
1.524
1.524
1.5239
1.5239
1.5238
1.5238
1.5237
1.5237
1.5237
1.5236
1.5236
1.5235
1.5235
1.5234
1.5234
1.5234
1.5233
1.5233
1.5232
1.5232
1.5231
1.5231
1.523
1.523
1.523
1.5229
1.5229
1.5228
1.5228
1.5227
1.5227
1.5226
1.5226
1.5226
1.5225
1.5225
1.5224
1.5224
1.5223
1.5223
1.5222
1.5222
1.5221
1.5221
1.5221
1.522
1.522
1.5219
1.5219
1.5218
1.5218
1.5217
1.5217
1.5216
1.5216
1.5215
1.5215
1.5214
1.5214
1.5214
1.5213
1.5213
1.5212
1.5212
1.5211
1.5211
1.521
1.521
1.5209
1.5209
1.5208
1.5208
1.5207
1.5207
1.5206
1.5206
1.5205
1.5205
1.5204
1.5204
1.5203
1.5203
1.5202
1.5202
1.5201
1.5201
1.52
1.52
1.5199
1.5199
1.5198
1.5198
1.5197
1.5197
1.5196
1.5196
1.5195
1.5195
1.5194
1.5194
1.5193
1.5193
1.5192
1.5192
1.5191
1.5191
1.519
1.519
1.5189
1.5189
1.5188
1.5187
1.5187
1.5186
1.5186
1.5185
1.5185
1.5184
1.5184
1.5183
1.5183
1.5182
1.5181
1.5181
1.518
1.518
1.5179
1.5179
1.5178
1.5178
1.5177
1.5176
1.5176
1.5175
1.5175
1.5174
1.5174
1.5173
1.5172
1.5172
1.5171
1.5171
1.517
1.5169
1.5169
1.5168
1.5168
1.5167
1.5166
1.5166
1.5165
1.5165
1.5164
1.5163
1.5163
1.5162
1.5162
1.5161
1.516
1.516
1.5159
1.5158
1.5158
1.5157
1.5156
1.5156
1.5155
1.5155
1.5154
1.5153
1.5153
1.5152
1.5151
1.5151
1.515
1.5149
1.5149
1.5148
1.5147
1.5146
1.5146
1.5145
1.5144
1.5144
1.5143
1.5142
1.5142
1.5141
1.514
1.5139
1.5139
1.5138
1.5137
1.5137
1.5136
1.5135
1.5134
1.5134
1.5133
1.5132
1.5131
1.5131
1.513
1.5129
1.5128
1.5128
1.5127
1.5126
1.5125
1.5124
1.5124
1.5123
1.5122
1.5121
1.512
1.512
1.5119
1.5118
1.5117
1.5116
1.5115
1.5115
1.5114
1.5113
1.5112
1.5111
1.511
1.5109
1.5109
1.5108
1.5107
1.5106
1.5105
1.5104
1.5103
1.5102
1.5101
1.5101
1.51
1.5099
1.5098
1.5097
1.5096
1.5095
1.5094
1.5093
1.5092
1.5091
1.509
1.5089
1.5088
1.5087
1.5086
1.5085
1.5084
1.5083
1.5082
1.5081
1.508
1.5079
1.5078
1.5077
1.5076
1.5074
1.5073
1.5072
1.5071
1.507
1.5069
1.5068
1.5067
1.5066
1.5064
1.5063
1.5062
1.5061
1.506
1.5059
1.5057
1.5056
1.5055
1.5054
1.5052
1.5051
1.505
1.5049
1.5047
1.5046
1.5045
1.5044
1.5042
1.5041
1.504
1.5038
1.5037
1.5036
1.5034
1.5033
1.5032
1.503
1.5029
1.5027
1.5026
1.5025
1.5023
1.5022
1.502
1.5019
1.5017
1.5016
1.5014
1.5013
1.5011
1.501
1.5008
1.5007
1.5005
1.5003
1.5002
1.5
1.4999
1.4997
1.4995
1.4994
1.4992
1.499
1.4989
1.4987
1.4985
1.4984
1.4982
1.498
1.4978
1.4977
1.4975
1.4973
1.4971
1.497
1.4968
1.4966
1.4964
1.4962
1.496
1.4958
1.4957
1.4955
1.4953
1.4951
1.4949
1.4947
1.4945
1.4943
1.4941
1.4939
1.4937
1.4935
1.4933
1.4931
1.4929
1.4927
1.4925
1.4923
1.4921
1.4919
1.4917
1.4914
1.4912
1.491
1.4908
1.4906
1.4904
1.4902
1.49
1.4897
1.4895
1.4893
1.4891
1.4889
1.4887
1.4884
1.4882
1.488
1.4878
1.4876
1.4874
1.4871
1.4869
1.4867
1.4865
1.4863
1.4861
1.4859
1.4856
1.4854
1.4852
1.485
1.4848
1.4846
1.4844
1.4842
1.484
1.4838
1.4836
1.4834
1.4832
1.483
1.4828
1.4826
1.4825
1.4823
1.4821
1.4819
1.4818
1.4816
1.4815
1.4813
1.4812
1.481
1.4809
1.4807
1.4806
1.4805
1.4804
1.4803
1.4802
1.4801
1.48
1.4799
1.4798
1.4798
1.4797
1.4797
1.4796
1.4796
1.4796
1.4796
1.4796
1.4796
1.4796
1.4797
1.4797
1.4798
1.4798
1.4799
1.48
1.48
1.4801
1.4802
1.4803
1.4804
1.4804
1.4805
1.4805
1.4804
1.4803
1.4801
1.4798
1.4792
1.4784
1.4772
1.4755
1.4731
1.4695
1.4644
1.4569
1.4456
1.4286
1.4022
1.3607
1.295
1.1936
1.0501
.8822
.7355
.6359
.5697
.5215
.4839
.4532
.4271
.4042
.3835
.3646
.3471
.3307
.3153
.3007
.287
.274
.2617
.2501
.2391
.2288
.2191
.21
.2014
.1934
.1858
.1787
.1721
.1658
.16
.1545
.1493
.1444
.1398
.1355
.1315
.1276
.124
.1206
.1173
.1142
.1113
.1086
.1059
.1034
.1011
.0988
.0966
.0946
.0926
.0907
.0889
.0872
.0855
.0839
.0824
.0809
.0795
.0781
.0768
.0756
.0743
.0732
.072
.071
.0699
.0689
.0679
.0669
.066
.0651
.0642
.0634
.0626
.0618
.061
.0602
.0595
.0588
.0581
.0574
.0568
.0561
.0555
.0549
.0543
.0538
.0532
.0526
.0521
.0516
.0511
.0506
.0501
.0496
