4.7095
4.4726
4.2452
4.0441
3.8718
3.7216
3.5847
3.4537
3.323
3.1895
3.0521
2.913
2.7776
2.6542
2.5512
2.4734
2.4196
2.3844
2.3615
2.346
2.3347
2.3258
2.3182
2.3113
2.3048
2.2985
2.2923
2.2861
2.28
2.2738
2.2675
2.2613
2.2549
2.2485
2.242
2.2355
2.2288
2.2221
2.2152
2.2083
2.2013
2.1943
2.1871
2.1799
2.1726
2.1652
2.1578
2.1503
2.1428
2.1353
2.1278
2.1203
2.1128
2.1053
2.0979
2.0905
2.0832
2.0759
2.0687
2.0616
2.0546
2.0477
2.0408
2.0341
2.0274
2.0209
2.0144
2.008
2.0018
1.9956
1.9895
1.9836
1.9777
1.9719
1.9663
1.9607
1.9552
1.9499
1.9446
1.9394
1.9343
1.9294
1.9245
1.9197
1.915
1.9104
1.9059
1.9015
1.8972
1.893
1.8888
1.8848
1.8808
1.8769
1.8731
1.8694
1.8658
1.8622
1.8587
1.8552
1.8519
1.8486
1.8453
1.8422
1.8391
1.836
1.833
1.8301
1.8272
1.8243
1.8216
1.8188
1.8161
1.8135
1.8109
1.8083
1.8058
1.8033
1.8009
1.7985
1.7961
1.7938
1.7915
1.7892
1.787
1.7847
1.7826
1.7804
1.7783
1.7762
1.7741
1.7721
1.7701
1.7681
1.7661
1.7641
1.7622
1.7603
1.7584
1.7565
1.7547
1.7529
1.751
1.7493
1.7475
1.7457
1.744
1.7422
1.7405
1.7388
1.7371
1.7355
1.7338
1.7322
1.7305
1.7289
1.7273
1.7257
1.7241
1.7226
1.721
1.7195
1.7179
1.7164
1.7149
1.7134
1.7119
1.7104
1.7089
1.7075
1.706
1.7046
1.7031
1.7017
1.7003
1.6989
1.6975
1.6961
1.6947
1.6933
1.6919
1.6905
1.6892
1.6878
1.6865
1.6851
1.6838
1.6825
1.6811
1.6798
1.6785
1.6772
1.6759
1.6746
1.6733
1.672
1.6707
1.6695
1.6682
1.6669
1.6656
1.6644
1.6631
1.6619
1.6606
1.6593
1.6581
1.6569
1.6556
1.6544
1.6531
1.6519
1.6506
1.6494
1.6482
1.6469
1.6457
1.6445
1.6432
1.642
1.6408
1.6395
1.6383
1.6371
1.6359
1.6346
1.6334
1.6322
1.6309
1.6297
1.6284
1.6272
1.626
1.6247
1.6235
1.6222
1.621
1.6197
1.6184
1.6172
1.6159
1.6146
1.6134
1.6121
1.6108
1.6095
1.6082
1.6069
1.6056
1.6043
1.603
1.6017
1.6004
1.599
1.5977
1.5964
1.595
1.5937
1.5923
1.5909
1.5896
1.5882
1.5868
1.5854
1.584
1.5826
1.5812
1.5798
1.5783
1.5769
1.5754
1.574
1.5725
1.5711
1.5696
1.5681
1.5666
1.5651
1.5636
1.5621
1.5606
1.5591
1.5575
1.556
1.5545
1.5529
1.5513
1.5498
1.5482
1.5466
1.5451
1.5435
1.5419
1.5403
1.5387
1.5371
1.5355
1.5339
1.5323
1.5307
1.529
1.5274
1.5258
1.5242
1.5226
1.5209
1.5193
1.5177
1.5161
1.5145
1.5129
1.5113
1.5097
1.508
1.5065
1.5049
1.5033
1.5017
1.5001
1.4985
1.497
1.4954
1.4939
1.4923
1.4908
1.4893
1.4877
1.4862
1.4847
1.4833
1.4818
1.4803
1.4789
1.4774
1.476
1.4746
1.4732
1.4718
1.4704
1.469
1.4676
1.4663
1.465
1.4637
1.4624
1.4611
1.4598
1.4585
1.4573
1.456
1.4548
1.4536
1.4524
1.4513
1.4501
1.4489
1.4478
1.4467
1.4456
1.4445
1.4434
1.4424
1.4413
1.4403
1.4393
1.4383
1.4373
1.4363
1.4353
1.4344
1.4335
1.4325
1.4316
1.4307
1.4299
1.429
1.4282
1.4273
1.4265
1.4257
1.4249
1.4241
1.4233
1.4226
1.4218
1.4211
1.4204
1.4197
1.419
1.4183
1.4176
1.417
1.4164
1.4157
1.4151
1.4145
1.4139
1.4133
1.4128
1.4122
1.4117
1.4111
1.4106
1.4101
1.4096
1.4091
1.4086
1.4082
1.4077
1.4073
1.4068
1.4064
1.406
1.4056
1.4052
1.4049
1.4045
1.4041
1.4038
1.4034
1.4031
1.4028
1.4025
1.4022
1.4019
1.4017
1.4014
1.4011
1.4009
1.4006
1.4004
1.4002
1.4
1.3998
1.3996
1.3994
1.3993
1.3991
1.3989
1.3988
1.3987
1.3985
1.3984
1.3983
1.3982
1.3981
1.398
1.398
1.3979
1.3978
1.3978
1.3977
1.3977
1.3977
1.3976
1.3976
1.3976
1.3976
1.3976
1.3976
1.3977
1.3977
1.3977
1.3978
1.3978
1.3979
1.3979
1.398
1.3981
1.3982
1.3983
1.3983
1.3984
1.3986
1.3987
1.3988
1.3989
1.3991
1.3992
1.3993
1.3995
1.3996
1.3998
1.4
1.4001
1.4003
1.4005
1.4007
1.4009
1.4011
1.4013
1.4015
1.4017
1.4019
1.4021
1.4024
1.4026
1.4028
1.4031
1.4033
1.4036
1.4038
1.4041
1.4044
1.4046
1.4049
1.4052
1.4055
1.4058
1.406
1.4063
1.4066
1.4069
1.4073
1.4076
1.4079
1.4082
1.4085
1.4089
1.4092
1.4095
1.4099
1.4102
1.4106
1.4109
1.4113
1.4117
1.412
1.4124
1.4128
1.4131
1.4135
1.4139
1.4143
1.4147
1.4151
1.4155
1.4159
1.4164
1.4168
1.4172
1.4177
1.4181
1.4185
1.419
1.4194
1.4199
1.4204
1.4208
1.4213
1.4218
1.4223
1.4228
1.4233
1.4238
1.4243
1.4248
1.4254
1.4259
1.4264
1.427
1.4275
1.4281
1.4287
1.4293
1.4299
1.4305
1.4311
1.4317
1.4323
1.4329
1.4336
1.4343
1.4349
1.4356
1.4363
1.437
1.4377
1.4384
1.4392
1.4399
1.4407
1.4415
1.4423
1.4431
1.4439
1.4448
1.4456
1.4465
1.4474
1.4483
1.4493
1.4502
1.4512
1.4522
1.4532
1.4542
1.4553
1.4564
1.4575
1.4586
1.4598
1.461
1.4622
1.4635
1.4648
1.4661
1.4674
1.4688
1.4703
1.4717
1.4732
1.4748
1.4764
1.478
1.4797
1.4814
1.4832
1.4851
1.487
1.4889
1.491
1.4931
1.4952
1.4975
1.4998
1.5022
1.5048
1.5074
1.5101
1.5129
1.5158
1.5189
1.5221
1.5255
1.529
1.5326
1.5365
1.5406
1.5448
1.5493
1.5541
1.5591
1.5644
1.5699
1.5758
1.5819
1.5883
1.5949
1.6015
1.6079
1.6136
1.6176
1.6183
1.6122
1.5926
1.5466
1.4496
1.2569
.9096
.5316
.4086
.3821
.3687
.3596
.3517
.3438
.3358
.328
.3204
.313
.3059
.2991
.2926
.2862
.2802
.2743
.2686
.2631
.2577
.2526
.2475
.2426
.2378
.2332
.2286
.2242
.2199
.2156
.2115
.2075
.2036
.1998
.196
.1924
.1889
.1854
.182
.1787
.1755
.1724
.1693
.1663
.1634
.1606
.1578
.1551
.1525
.1499
.1475
.145
.1427
.1404
.1381
.1359
.1338
.1317
.1297
.1277
.1258
.124
.1221
.1203
.1186
.1169
.1153
.1137
.1121
.1106
.1091
.1076
.1062
.1048
.1035
.1021
.1008
.0996
.0983
.0971
.0959
.0948
.0937
.0925
.0915
.0904
.0894
.0884
.0874
.0864
.0854
.0845
.0836
.0827
.0818
.081
.0801
.0793
.0785
.0777
.0769
.0761
.0754
.0746
.0739
.0732
.0725
.0718
.0711
.0705
.0698
.0692
.0686
.0679
.0673
.0667
.0661
.0656
.065
.0644
.0639
.0633
.0628
.0623
.0618
.0613
.0608
.0603
.0598
.0593
.0588
.0584
.0579
.0574
.057
.0566
.0561
.0557
.0553
.0549
.0545
.0541
.0537
.0533
.0529
.0525
.0521
.0518
.0514
.051
.0507
.0503
.05
