3.9098
3.7841
3.6783
3.5852
3.4996
3.4177
3.3374
3.2569
3.1758
3.0939
3.0122
2.9323
2.8565
2.7875
2.7277
2.6786
2.6402
2.6116
2.591
2.5763
2.5658
2.5581
2.5523
2.5476
2.5435
2.5398
2.5364
2.5329
2.5295
2.5261
2.5225
2.5188
2.5151
2.5111
2.5071
2.5029
2.4986
2.4941
2.4894
2.4846
2.4796
2.4743
2.469
2.4634
2.4576
2.4515
2.4453
2.4388
2.4321
2.4252
2.418
2.4106
2.4029
2.395
2.3868
2.3785
2.3699
2.3611
2.3521
2.3428
2.3334
2.3238
2.314
2.304
2.2938
2.2833
2.2725
2.2613
2.2497
2.2374
2.2244
2.2105
2.1955
2.1792
2.1613
2.1415
2.1197
2.0954
2.0686
2.0389
2.0063
1.9707
1.9321
1.8908
1.847
1.8011
1.7535
1.7047
1.6552
1.6053
1.5554
1.506
1.4573
1.4095
1.3629
1.3175
1.2734
1.2308
1.1897
1.1501
1.112
1.0755
1.0404
1.0069
.9748
.9441
.9149
.8869
.8603
.8349
.8107
.7876
.7657
.7448
.7249
.706
.6879
.6708
.6544
.6389
.624
.6099
.5964
.5835
.5712
.5595
.5483
.5376
.5274
.5176
.5082
.4993
.4907
.4824
.4746
.467
.4597
.4527
.446
.4395
.4333
.4273
.4215
.416
.4106
.4054
.4005
.3956
.391
.3865
.3821
.3779
.3738
.3699
.366
.3623
.3587
.3552
.3519
.3486
.3454
.3423
.3393
.3363
.3335
.3307
.328
.3254
.3228
.3203
.3178
.3155
.3132
.3109
.3087
.3065
.3044
.3024
.3004
.2984
.2965
.2946
.2927
.2909
.2892
.2875
.2858
.2841
.2825
.2809
.2793
.2778
.2763
.2749
.2734
.272
.2706
.2692
.2679
.2666
.2653
.264
.2628
.2615
.2603
.2591
.258
.2568
.2557
.2546
.2535
.2524
.2513
.2503
.2493
.2482
.2472
.2463
.2453
.2443
.2434
.2424
.2415
.2406
.2397
.2388
.238
.2371
.2362
.2354
.2346
.2337
.2329
.2321
.2313
.2305
.2298
.229
.2282
.2275
.2267
.226
.2253
.2246
.2239
.2231
.2224
.2218
.2211
.2204
.2197
.219
.2184
.2177
.2171
.2164
.2158
.2152
.2145
.2139
.2133
.2127
.2121
.2115
.2108
.2103
.2097
.2091
.2085
.2079
.2073
.2067
.2062
.2056
.205
.2045
.2039
.2034
.2028
.2023
.2017
.2012
.2006
.2001
.1995
.199
.1985
.1979
.1974
.1969
.1964
.1958
.1953
.1948
.1943
.1937
.1932
.1927
.1922
.1917
.1912
.1907
.1901
.1896
.1891
.1886
.1881
.1876
.1871
.1866
.1861
.1856
.1851
.1846
.1841
.1836
.1831
.1825
.182
.1815
.181
.1805
.18
.1795
.179
.1785
.178
.1775
.177
.1765
.176
.1755
.1749
.1744
.1739
.1734
.1729
.1724
.1719
.1713
.1708
.1703
.1698
.1693
.1688
.1682
.1677
.1672
.1667
.1661
.1656
.1651
.1645
.164
.1635
.1629
.1624
.1619
.1613
.1608
.1602
.1597
.1592
.1586
.1581
.1575
.157
.1564
.1559
.1553
.1548
.1542
.1536
.1531
.1525
.152
.1514
.1508
.1503
.1497
.1492
.1486
.148
.1475
.1469
.1463
.1458
.1452
.1446
.1441
.1435
.1429
.1424
.1418
.1412
.1406
.1401
.1395
.1389
.1384
.1378
.1372
.1367
.1361
.1355
.135
.1344
.1339
.1333
.1327
.1322
.1316
.1311
.1305
.1299
.1294
.1288
.1283
.1278
.1272
.1267
.1261
.1256
.125
.1245
.124
.1234
.1229
.1224
.1219
.1213
.1208
.1203
.1198
.1193
.1188
.1183
.1178
.1173
.1168
.1163
.1158
.1153
.1148
.1143
.1139
.1134
.1129
.1124
.112
.1115
.111
.1106
.1101
.1097
.1092
.1088
.1083
.1079
.1075
.107
.1066
.1062
.1058
.1053
.1049
.1045
.1041
.1037
.1033
.1029
.1025
.1021
.1017
.1013
.1009
.1005
.1001
.0998
.0994
.099
.0986
.0983
.0979
.0976
.0972
.0968
.0965
.0961
.0958
.0954
.0951
.0948
.0944
.0941
.0938
.0934
.0931
.0928
.0924
.0921
.0918
.0915
.0912
.0909
.0906
.0903
.0899
.0896
.0893
.0891
.0888
.0885
.0882
.0879
.0876
.0873
.087
.0867
.0865
.0862
.0859
.0856
.0854
.0851
.0848
.0846
.0843
.084
.0838
.0835
.0833
.083
.0828
.0825
.0823
.082
.0818
.0815
.0813
.081
.0808
.0806
.0803
.0801
.0798
.0796
.0794
.0791
.0789
.0787
.0785
.0782
.078
.0778
.0776
.0774
.0771
.0769
.0767
.0765
.0763
.0761
.0759
.0756
.0754
.0752
.075
.0748
.0746
.0744
.0742
.074
.0738
.0736
.0734
.0732
.073
.0728
.0727
.0725
.0723
.0721
.0719
.0717
.0715
.0713
.0712
.071
.0708
.0706
.0704
.0702
.0701
.0699
.0697
.0695
.0694
.0692
.069
.0688
.0687
.0685
.0683
.0682
.068
.0678
.0677
.0675
.0673
.0672
.067
.0668
.0667
.0665
.0664
.0662
.066
.0659
.0657
.0656
.0654
.0653
.0651
.0649
.0648
.0646
.0645
.0643
.0642
.064
.0639
.0637
.0636
.0635
.0633
.0632
.063
.0629
.0627
.0626
.0624
.0623
.0622
.062
.0619
.0617
.0616
.0615
.0613
.0612
.0611
.0609
.0608
.0606
.0605
.0604
.0602
.0601
.06
.0599
.0597
.0596
.0595
.0593
.0592
.0591
.0589
.0588
.0587
.0586
.0584
.0583
.0582
.0581
.0579
.0578
.0577
.0576
.0575
.0573
.0572
.0571
.057
.0569
.0567
.0566
.0565
.0564
.0563
.0562
.056
.0559
.0558
.0557
.0556
.0555
.0554
.0552
.0551
.055
.0549
.0548
.0547
.0546
.0545
.0544
.0542
.0541
.054
.0539
.0538
.0537
.0536
.0535
.0534
.0533
.0532
.0531
.053
.0529
.0528
.0527
.0526
.0525
.0523
.0522
.0521
.052
.0519
.0518
.0517
.0516
.0515
.0514
.0513
.0513
.0512
.0511
.051
.0509
.0508
.0507
.0506
.0505
.0504
.0503
.0502
.0501
.05
.0499
