4.4649
4.2703
4.1189
4.0059
3.9199
3.8513
3.7931
3.7408
3.6914
3.6429
3.5938
3.5431
3.4899
3.4338
3.3742
3.311
3.2439
3.173
3.0985
3.0206
2.94
2.8575
2.7744
2.6924
2.6138
2.5407
2.4748
2.4171
2.3673
2.3244
2.2871
2.2539
2.2238
2.1961
2.1706
2.1469
2.125
2.105
2.0867
2.0702
2.0553
2.0418
2.0298
2.0188
2.0089
1.9999
1.9916
1.9839
1.9766
1.9697
1.9631
1.9567
1.9504
1.9441
1.9377
1.9313
1.9247
1.9179
1.9107
1.9032
1.8952
1.8867
1.8776
1.8677
1.8569
1.8451
1.8321
1.8177
1.8017
1.7838
1.7637
1.741
1.7153
1.6861
1.6529
1.6153
1.5726
1.5247
1.4713
1.4125
1.349
1.2817
1.2121
1.142
1.0728
1.006
.9427
.8836
.8289
.7787
.7329
.6911
.653
.6184
.5869
.5581
.5319
.5079
.4859
.4657
.447
.4298
.4139
.3992
.3855
.3727
.3608
.3497
.3392
.3294
.3202
.3115
.3034
.2956
.2883
.2814
.2748
.2686
.2626
.257
.2516
.2464
.2415
.2368
.2323
.228
.2238
.2199
.216
.2124
.2088
.2054
.2021
.199
.1959
.193
.1901
.1874
.1847
.1821
.1796
.1772
.1748
.1726
.1704
.1682
.1661
.1641
.1621
.1602
.1583
.1565
.1548
.153
.1513
.1497
.1481
.1466
.145
.1435
.1421
.1407
.1393
.1379
.1366
.1353
.1341
.1328
.1316
.1304
.1292
.1281
.127
.1259
.1248
.1238
.1227
.1217
.1207
.1197
.1188
.1179
.1169
.116
.1151
.1143
.1134
.1125
.1117
.1109
.1101
.1093
.1085
.1078
.107
.1063
.1055
.1048
.1041
.1034
.1027
.1021
.1014
.1007
.1001
.0994
.0988
.0982
.0976
.097
.0964
.0958
.0952
.0947
.0941
.0935
.093
.0925
.0919
.0914
.0909
.0904
.0899
.0894
.0889
.0884
.0879
.0874
.0869
.0865
.086
.0856
.0851
.0847
.0842
.0838
.0834
.0829
.0825
.0821
.0817
.0813
.0809
.0805
.0801
.0797
.0793
.079
.0786
.0782
.0778
.0775
.0771
.0768
.0764
.0761
.0757
.0754
.075
.0747
.0744
.074
.0737
.0734
.0731
.0727
.0724
.0721
.0718
.0715
.0712
.0709
.0706
.0703
.07
.0697
.0694
.0692
.0689
.0686
.0683
.068
.0678
.0675
.0672
.067
.0667
.0664
.0662
.0659
.0657
.0654
.0652
.0649
.0647
.0644
.0642
.064
.0637
.0635
.0632
.063
.0628
.0625
.0623
.0621
.0619
.0616
.0614
.0612
.061
.0608
.0606
.0604
.0601
.0599
.0597
.0595
.0593
.0591
.0589
.0587
.0585
.0583
.0581
.0579
.0577
.0575
.0573
.0572
.057
.0568
.0566
.0564
.0562
.0561
.0559
.0557
.0555
.0553
.0552
.055
.0548
.0546
.0545
.0543
.0541
.054
.0538
.0536
.0535
.0533
.0531
.053
.0528
.0527
.0525
.0523
.0522
.052
.0519
.0517
.0516
.0514
.0513
.0511
.051
.0508
.0507
.0505
.0504
.0502
.0501
.05
