4.6069
4.3401
4.0447
3.7376
3.4344
3.1463
2.8831
2.6576
2.483
2.3644
2.2937
2.2553
2.235
2.2239
2.2172
2.2124
2.2084
2.2048
2.2013
2.1977
2.1942
2.1905
2.1869
2.1831
2.1794
2.1756
2.1718
2.1679
2.1641
2.1603
2.1564
2.1525
2.1486
2.1447
2.1407
2.1367
2.1326
2.1285
2.1244
2.1201
2.1157
2.1113
2.1067
2.102
2.0971
2.0921
2.0869
2.0815
2.0759
2.07
2.0639
2.0576
2.0511
2.0443
2.0372
2.0298
2.0222
2.0143
2.0061
1.9977
1.9891
1.9801
1.971
1.9615
1.9519
1.942
1.9318
1.9214
1.9108
1.8998
1.8886
1.877
1.8651
1.8528
1.84
1.8267
1.8129
1.7983
1.7831
1.767
1.75
1.732
1.7129
1.6925
1.6709
1.6478
1.6232
1.5971
1.5694
1.5403
1.5097
1.4778
1.4447
1.4106
1.3757
1.3403
1.3045
1.2686
1.2329
1.1974
1.1624
1.1281
1.0945
1.0617
1.0299
.9989
.969
.9401
.9122
.8853
.8593
.8344
.8104
.7873
.765
.7437
.7232
.7034
.6844
.6662
.6486
.6318
.6155
.5999
.5849
.5704
.5565
.5431
.5301
.5177
.5057
.4941
.4829
.4722
.4618
.4517
.442
.4327
.4236
.4149
.4064
.3983
.3904
.3827
.3753
.3681
.3612
.3544
.3479
.3416
.3355
.3295
.3238
.3182
.3127
.3074
.3023
.2973
.2925
.2878
.2832
.2788
.2744
.2702
.2661
.2621
.2582
.2544
.2507
.2471
.2436
.2402
.2369
.2336
.2304
.2273
.2243
.2213
.2185
.2156
.2129
.2102
.2076
.205
.2025
.2
.1976
.1952
.1929
.1907
.1885
.1863
.1842
.1821
.1801
.1781
.1761
.1742
.1723
.1705
.1687
.1669
.1652
.1635
.1618
.1602
.1586
.157
.1554
.1539
.1524
.1509
.1495
.1481
.1467
.1453
.144
.1427
.1414
.1401
.1388
.1376
.1364
.1352
.134
.1328
.1317
.1306
.1295
.1284
.1273
.1262
.1252
.1242
.1232
.1222
.1212
.1202
.1193
.1184
.1174
.1165
.1156
.1148
.1139
.113
.1122
.1114
.1105
.1097
.1089
.1081
.1074
.1066
.1058
.1051
.1043
.1036
.1029
.1022
.1015
.1008
.1001
.0994
.0988
.0981
.0975
.0968
.0962
.0956
.095
.0943
.0937
.0931
.0926
.092
.0914
.0908
.0903
.0897
.0892
.0886
.0881
.0876
.087
.0865
.086
.0855
.085
.0845
.084
.0835
.0831
.0826
.0821
.0816
.0812
.0807
.0803
.0798
.0794
.079
.0785
.0781
.0777
.0773
.0769
.0764
.076
.0756
.0752
.0748
.0745
.0741
.0737
.0733
.0729
.0726
.0722
.0718
.0715
.0711
.0708
.0704
.0701
.0697
.0694
.0691
.0687
.0684
.0681
.0677
.0674
.0671
.0668
.0665
.0662
.0658
.0655
.0652
.0649
.0646
.0643
.0641
.0638
.0635
.0632
.0629
.0626
.0624
.0621
.0618
.0615
.0613
.061
.0607
.0605
.0602
.06
.0597
.0595
.0592
.059
.0587
.0585
.0582
.058
.0577
.0575
.0573
.057
.0568
.0566
.0563
.0561
.0559
.0557
.0554
.0552
.055
.0548
.0546
.0544
.0541
.0539
.0537
.0535
.0533
.0531
.0529
.0527
.0525
.0523
.0521
.0519
.0517
.0515
.0513
.0512
.051
.0508
.0506
.0504
.0502
.05
.0499
