4.6499
4.4025
4.1444
3.8877
3.6371
3.3903
3.1444
2.9021
2.6755
2.4848
2.3463
2.2598
2.2109
2.1838
2.1679
2.1574
2.1496
2.1433
2.1377
2.1325
2.1275
2.1227
2.118
2.1134
2.1088
2.1043
2.0999
2.0954
2.091
2.0866
2.0823
2.078
2.0737
2.0694
2.0651
2.0609
2.0567
2.0525
2.0483
2.0442
2.04
2.0358
2.0317
2.0275
2.0233
2.019
2.0147
2.0104
2.0061
2.0016
1.9971
1.9925
1.9878
1.9829
1.9779
1.9728
1.9675
1.9619
1.9562
1.9502
1.9439
1.9372
1.9303
1.9229
1.9152
1.9069
1.8982
1.8888
1.8789
1.8683
1.857
1.8448
1.8318
1.8179
1.803
1.787
1.7699
1.7515
1.7318
1.7108
1.6882
1.664
1.6383
1.6108
1.5817
1.5509
1.5184
1.4843
1.4488
1.4119
1.374
1.3352
1.2958
1.2561
1.2163
1.1767
1.1375
1.099
1.0612
1.0244
.9886
.9539
.9205
.8882
.8572
.8275
.7989
.7716
.7454
.7204
.6965
.6736
.6517
.6308
.6109
.5918
.5736
.5562
.5396
.5237
.5085
.494
.4801
.4668
.454
.4418
.4302
.4189
.4082
.3979
.388
.3785
.3694
.3606
.3522
.3441
.3363
.3288
.3216
.3147
.308
.3015
.2953
.2893
.2835
.2779
.2724
.2672
.2621
.2572
.2525
.2479
.2435
.2392
.235
.231
.227
.2232
.2195
.216
.2125
.2091
.2058
.2026
.1995
.1965
.1936
.1907
.1879
.1852
.1826
.18
.1775
.175
.1726
.1703
.168
.1658
.1637
.1616
.1595
.1575
.1555
.1536
.1517
.1499
.1481
.1463
.1446
.1429
.1413
.1396
.1381
.1365
.135
.1335
.1321
.1306
.1292
.1279
.1265
.1252
.1239
.1227
.1214
.1202
.119
.1178
.1167
.1155
.1144
.1133
.1123
.1112
.1102
.1092
.1082
.1072
.1062
.1053
.1043
.1034
.1025
.1016
.1007
.0999
.099
.0982
.0974
.0966
.0958
.095
.0942
.0935
.0927
.092
.0912
.0905
.0898
.0891
.0885
.0878
.0871
.0865
.0858
.0852
.0845
.0839
.0833
.0827
.0821
.0815
.081
.0804
.0798
.0793
.0787
.0782
.0776
.0771
.0766
.0761
.0756
.0751
.0746
.0741
.0736
.0731
.0727
.0722
.0717
.0713
.0708
.0704
.0699
.0695
.0691
.0687
.0682
.0678
.0674
.067
.0666
.0662
.0658
.0654
.0651
.0647
.0643
.0639
.0636
.0632
.0629
.0625
.0622
.0618
.0615
.0611
.0608
.0605
.0601
.0598
.0595
.0592
.0589
.0585
.0582
.0579
.0576
.0573
.057
.0567
.0565
.0562
.0559
.0556
.0553
.055
.0548
.0545
.0542
.054
.0537
.0534
.0532
.0529
.0527
.0524
.0522
.0519
.0517
.0514
.0512
.0509
.0507
.0505
.0502
.05
.0498
