4.9564
4.7286
4.4709
4.2147
3.9914
3.8117
3.6678
3.5467
3.438
3.3341
3.2301
3.123
3.0111
2.8948
2.7761
2.6596
2.5511
2.4566
2.3796
2.3206
2.2771
2.2457
2.2227
2.2057
2.1926
2.1822
2.1737
2.1665
2.1604
2.155
2.1501
2.1458
2.1419
2.1383
2.135
2.1319
2.129
2.1263
2.1237
2.1212
2.1188
2.1164
2.1141
2.1118
2.1095
2.1072
2.1048
2.1025
2.1
2.0975
2.0949
2.0923
2.0895
2.0867
2.0837
2.0807
2.0775
2.0742
2.0709
2.0674
2.0639
2.0602
2.0565
2.0526
2.0487
2.0448
2.0408
2.0367
2.0326
2.0285
2.0243
2.0201
2.0159
2.0118
2.0076
2.0034
1.9993
1.9952
1.9912
1.9871
1.9831
1.9792
1.9753
1.9714
1.9676
1.9638
1.9601
1.9564
1.9527
1.9491
1.9455
1.9419
1.9384
1.9349
1.9314
1.9278
1.9243
1.9208
1.9173
1.9137
1.91
1.9064
1.9026
1.8988
1.8948
1.8908
1.8866
1.8822
1.8776
1.8729
1.8678
1.8624
1.8567
1.8506
1.844
1.8369
1.8292
1.8207
1.8114
1.8012
1.7898
1.7771
1.763
1.7471
1.7292
1.709
1.6862
1.6605
1.6314
1.5987
1.5621
1.5215
1.4769
1.4284
1.3767
1.3224
1.2665
1.21
1.1539
1.0991
1.0463
.996
.9484
.9038
.8622
.8233
.7873
.7538
.7227
.6938
.667
.6421
.619
.5974
.5772
.5584
.5408
.5243
.5088
.4942
.4804
.4675
.4553
.4437
.4327
.4223
.4124
.403
.3941
.3856
.3774
.3696
.3622
.355
.3482
.3416
.3353
.3293
.3234
.3178
.3124
.3072
.3021
.2972
.2925
.288
.2836
.2793
.2752
.2712
.2673
.2635
.2598
.2563
.2528
.2495
.2462
.243
.2399
.2369
.2339
.2311
.2283
.2255
.2229
.2203
.2177
.2152
.2128
.2104
.2081
.2058
.2036
.2015
.1993
.1972
.1952
.1932
.1913
.1893
.1875
.1856
.1838
.182
.1803
.1786
.1769
.1753
.1737
.1721
.1705
.169
.1675
.166
.1646
.1631
.1617
.1604
.159
.1577
.1564
.1551
.1538
.1526
.1513
.1501
.1489
.1478
.1466
.1455
.1443
.1432
.1421
.1411
.14
.139
.138
.1369
.1359
.135
.134
.133
.1321
.1312
.1302
.1293
.1284
.1276
.1267
.1258
.125
.1242
.1233
.1225
.1217
.1209
.1201
.1194
.1186
.1178
.1171
.1164
.1156
.1149
.1142
.1135
.1128
.1121
.1114
.1108
.1101
.1094
.1088
.1082
.1075
.1069
.1063
.1057
.1051
.1045
.1039
.1033
.1027
.1021
.1016
.101
.1005
.0999
.0994
.0988
.0983
.0978
.0972
.0967
.0962
.0957
.0952
.0947
.0942
.0937
.0933
.0928
.0923
.0918
.0914
.0909
.0905
.09
.0896
.0891
.0887
.0883
.0878
.0874
.087
.0866
.0862
.0857
.0853
.0849
.0845
.0841
.0838
.0834
.083
.0826
.0822
.0819
.0815
.0811
.0807
.0804
.08
.0797
.0793
.079
.0786
.0783
.0779
.0776
.0773
.0769
.0766
.0763
.076
.0756
.0753
.075
.0747
.0744
.0741
.0738
.0735
.0732
.0729
.0726
.0723
.072
.0717
.0714
.0711
.0708
.0705
.0703
.07
.0697
.0694
.0692
.0689
.0686
.0684
.0681
.0678
.0676
.0673
.0671
.0668
.0666
.0663
.0661
.0658
.0656
.0653
.0651
.0649
.0646
.0644
.0642
.0639
.0637
.0635
.0632
.063
.0628
.0626
.0623
.0621
.0619
.0617
.0615
.0613
.061
.0608
.0606
.0604
.0602
.06
.0598
.0596
.0594
.0592
.059
.0588
.0586
.0584
.0582
.058
.0578
.0576
.0574
.0573
.0571
.0569
.0567
.0565
.0563
.0562
.056
.0558
.0556
.0554
.0553
.0551
.0549
.0547
.0546
.0544
.0542
.0541
.0539
.0537
.0536
.0534
.0532
.0531
.0529
.0528
.0526
.0524
.0523
.0521
.052
.0518
.0517
.0515
.0513
.0512
.051
.0509
.0507
.0506
.0505
.0503
.0502
.05
.0499
