4.707
4.4617
4.2055
3.9525
3.7074
3.4654
3.2194
2.9669
2.7172
2.4935
2.322
2.2115
2.1487
2.1139
2.0936
2.0803
2.0707
2.0631
2.0566
2.0508
2.0455
2.0406
2.0359
2.0315
2.0272
2.0231
2.0191
2.0152
2.0114
2.0076
2.0039
2.0002
1.9966
1.993
1.9894
1.9858
1.9822
1.9785
1.9749
1.9712
1.9675
1.9638
1.96
1.9562
1.9523
1.9484
1.9444
1.9403
1.9362
1.932
1.9278
1.9235
1.9191
1.9147
1.9102
1.9056
1.901
1.8964
1.8917
1.8869
1.8822
1.8774
1.8726
1.8678
1.863
1.8582
1.8534
1.8486
1.8439
1.8392
1.8345
1.8299
1.8253
1.8208
1.8163
1.8119
1.8076
1.8033
1.7992
1.7951
1.791
1.7871
1.7832
1.7794
1.7757
1.7721
1.7686
1.7651
1.7617
1.7584
1.7551
1.752
1.7489
1.7458
1.7429
1.74
1.7372
1.7344
1.7317
1.7291
1.7265
1.724
1.7215
1.7191
1.7167
1.7144
1.7121
1.7099
1.7078
1.7056
1.7036
1.7015
1.6995
1.6976
1.6957
1.6938
1.6919
1.6901
1.6883
1.6866
1.6849
1.6832
1.6816
1.6799
1.6783
1.6768
1.6752
1.6737
1.6723
1.6708
1.6694
1.6679
1.6666
1.6652
1.6638
1.6625
1.6612
1.6599
1.6587
1.6574
1.6562
1.655
1.6538
1.6526
1.6515
1.6503
1.6492
1.6481
1.647
1.6459
1.6448
1.6438
1.6428
1.6417
1.6407
1.6397
1.6387
1.6378
1.6368
1.6359
1.6349
1.634
1.6331
1.6322
1.6313
1.6304
1.6295
1.6287
1.6278
1.627
1.6261
1.6253
1.6245
1.6237
1.6229
1.6221
1.6213
1.6206
1.6198
1.6191
1.6183
1.6176
1.6168
1.6161
1.6154
1.6147
1.614
1.6133
1.6126
1.6119
1.6112
1.6106
1.6099
1.6092
1.6086
1.608
1.6073
1.6067
1.6061
1.6054
1.6048
1.6042
1.6036
1.603
1.6024
1.6018
1.6012
1.6007
1.6001
1.5995
1.5989
1.5984
1.5978
1.5973
1.5967
1.5962
1.5956
1.5951
1.5946
1.5941
1.5935
1.593
1.5925
1.592
1.5915
1.591
1.5905
1.59
1.5895
1.589
1.5885
1.588
1.5876
1.5871
1.5866
1.5862
1.5857
1.5852
1.5848
1.5843
1.5839
1.5834
1.583
1.5825
1.5821
1.5816
1.5812
1.5808
1.5804
1.5799
1.5795
1.5791
1.5787
1.5782
1.5778
1.5774
1.577
1.5766
1.5762
1.5758
1.5754
1.575
1.5746
1.5742
1.5738
1.5734
1.573
1.5726
1.5722
1.5719
1.5715
1.5711
1.5707
1.5704
1.57
1.5696
1.5692
1.5689
1.5685
1.5681
1.5678
1.5674
1.567
1.5667
1.5663
1.566
1.5656
1.5653
1.5649
1.5645
1.5642
1.5638
1.5635
1.5631
1.5628
1.5625
1.5621
1.5618
1.5614
1.5611
1.5607
1.5604
1.5601
1.5597
1.5594
1.559
1.5587
1.5584
1.558
1.5577
1.5573
1.557
1.5567
1.5563
1.556
1.5557
1.5553
1.555
1.5547
1.5543
1.554
1.5537
1.5533
1.553
1.5527
1.5523
1.552
1.5516
1.5513
1.551
1.5506
1.5503
1.55
1.5496
1.5493
1.5489
1.5486
1.5482
1.5479
1.5475
1.5472
1.5469
1.5465
1.5461
1.5458
1.5454
1.5451
1.5447
1.5443
1.544
1.5436
1.5432
1.5429
1.5425
1.5421
1.5417
1.5413
1.5409
1.5405
1.5401
1.5397
1.5393
1.5389
1.5385
1.5381
1.5376
1.5372
1.5368
1.5363
1.5359
1.5354
1.5349
1.5344
1.534
1.5335
1.533
1.5324
1.5319
1.5314
1.5308
1.5303
1.5297
1.5291
1.5285
1.5279
1.5273
1.5266
1.526
1.5253
1.5246
1.5238
1.5231
1.5223
1.5215
1.5207
1.5198
1.5189
1.518
1.517
1.516
1.5149
1.5138
1.5127
1.5115
1.5102
1.5089
1.5075
1.5061
1.5045
1.5029
1.5012
1.4994
1.4974
1.4954
1.4932
1.4908
1.4883
1.4856
1.4827
1.4796
1.4762
1.4725
1.4685
1.4642
1.4594
1.4542
1.4485
1.4422
1.4353
1.4276
1.419
1.4094
1.3987
1.3866
1.3731
1.3578
1.3405
1.3209
1.2987
1.2736
1.2453
1.2135
1.178
1.1388
1.096
1.0501
1.0017
.9517
.9012
.8511
.8026
.7563
.7127
.6722
.6348
.6003
.5687
.5396
.5129
.4883
.4656
.4445
.4249
.4067
.3897
.3738
.3589
.3449
.3317
.3193
.3077
.2967
.2863
.2765
.2672
.2584
.2502
.2423
.2349
.2278
.2211
.2148
.2088
.203
.1976
.1924
.1875
.1828
.1783
.174
.1699
.166
.1623
.1587
.1553
.152
.1489
.1459
.143
.1402
.1375
.135
.1325
.1301
.1278
.1256
.1235
.1214
.1194
.1175
.1156
.1138
.1121
.1104
.1087
.1071
.1056
.1041
.1027
.1012
.0999
.0985
.0972
.096
.0948
.0936
.0924
.0913
.0902
.0891
.088
.087
.086
.085
.0841
.0832
.0823
.0814
.0805
.0797
.0788
.078
.0772
.0764
.0757
.0749
.0742
.0735
.0728
.0721
.0714
.0708
.0701
.0695
.0689
.0682
.0676
.0671
.0665
.0659
.0653
.0648
.0643
.0637
.0632
.0627
.0622
.0617
.0612
.0607
.0603
.0598
.0593
.0589
.0584
.058
.0576
.0572
.0567
.0563
.0559
.0555
.0551
.0548
.0544
.054
.0536
.0533
.0529
.0526
.0522
.0519
.0515
.0512
.0509
.0505
.0502
.0499
