4.4875
4.1749
3.8237
3.4544
3.0905
2.7585
2.4884
2.301
2.1907
2.1322
2.1012
2.0834
2.0719
2.0633
2.0562
2.05
2.0443
2.039
2.0338
2.0289
2.0241
2.0194
2.0148
2.0103
2.0058
2.0015
1.9972
1.9929
1.9888
1.9846
1.9805
1.9765
1.9724
1.9684
1.9645
1.9605
1.9565
1.9526
1.9486
1.9447
1.9408
1.9368
1.9329
1.9289
1.9249
1.9209
1.9168
1.9128
1.9087
1.9046
1.9004
1.8962
1.892
1.8877
1.8834
1.8791
1.8746
1.8702
1.8657
1.8611
1.8566
1.8519
1.8472
1.8425
1.8377
1.8329
1.828
1.8231
1.8182
1.8132
1.8082
1.8032
1.7982
1.7931
1.7881
1.783
1.778
1.7729
1.7679
1.7629
1.7578
1.7529
1.7479
1.743
1.7381
1.7332
1.7284
1.7236
1.7189
1.7142
1.7095
1.7049
1.7003
1.6957
1.6912
1.6867
1.6823
1.6778
1.6734
1.669
1.6647
1.6603
1.6559
1.6516
1.6472
1.6428
1.6384
1.6339
1.6295
1.6249
1.6203
1.6157
1.6109
1.6061
1.6011
1.5961
1.5908
1.5854
1.5799
1.5741
1.568
1.5617
1.5551
1.5482
1.5408
1.533
1.5247
1.5158
1.5063
1.4961
1.485
1.4731
1.4601
1.4459
1.4305
1.4137
1.3953
1.3753
1.3535
1.3298
1.3041
1.2765
1.2471
1.2159
1.1832
1.1493
1.1145
1.0791
1.0437
1.0085
.9739
.9402
.9075
.876
.8458
.8169
.7894
.7632
.7383
.7146
.692
.6706
.6501
.6307
.6121
.5944
.5774
.5612
.5456
.5308
.5165
.5028
.4897
.4771
.4649
.4533
.4421
.4313
.4209
.4109
.4013
.392
.3831
.3745
.3662
.3582
.3505
.343
.3358
.3289
.3222
.3158
.3095
.3035
.2976
.292
.2865
.2813
.2762
.2712
.2664
.2618
.2573
.2529
.2487
.2446
.2406
.2367
.2329
.2293
.2257
.2223
.2189
.2157
.2125
.2094
.2064
.2034
.2006
.1978
.1951
.1924
.1899
.1873
.1849
.1825
.1801
.1779
.1756
.1734
.1713
.1692
.1672
.1652
.1632
.1613
.1595
.1576
.1559
.1541
.1524
.1507
.1491
.1475
.1459
.1443
.1428
.1413
.1399
.1384
.137
.1357
.1343
.133
.1317
.1304
.1291
.1279
.1267
.1255
.1243
.1232
.122
.1209
.1198
.1188
.1177
.1167
.1157
.1147
.1137
.1127
.1117
.1108
.1099
.109
.1081
.1072
.1063
.1055
.1046
.1038
.103
.1022
.1014
.1006
.0998
.099
.0983
.0976
.0968
.0961
.0954
.0947
.094
.0933
.0927
.092
.0913
.0907
.0901
.0894
.0888
.0882
.0876
.087
.0864
.0858
.0853
.0847
.0841
.0836
.0831
.0825
.082
.0815
.0809
.0804
.0799
.0794
.0789
.0784
.078
.0775
.077
.0765
.0761
.0756
.0752
.0747
.0743
.0739
.0734
.073
.0726
.0722
.0718
.0713
.0709
.0705
.0701
.0698
.0694
.069
.0686
.0682
.0679
.0675
.0671
.0668
.0664
.0661
.0657
.0654
.065
.0647
.0644
.064
.0637
.0634
.0631
.0627
.0624
.0621
.0618
.0615
.0612
.0609
.0606
.0603
.06
.0597
.0594
.0592
.0589
.0586
.0583
.058
.0578
.0575
.0572
.057
.0567
.0564
.0562
.0559
.0557
.0554
.0552
.0549
.0547
.0544
.0542
.054
.0537
.0535
.0533
.053
.0528
.0526
.0524
.0521
.0519
.0517
.0515
.0513
.051
.0508
.0506
.0504
.0502
.05
