4.948
4.7407
4.497
4.235
3.9806
3.753
3.5565
3.3859
3.2338
3.0946
2.9656
2.8465
2.7388
2.6449
2.5668
2.505
2.4584
2.4244
2.3999
2.3821
2.3686
2.3579
2.3488
2.3405
2.3327
2.325
2.3172
2.3092
2.301
2.2925
2.2838
2.2747
2.2653
2.2557
2.2459
2.2358
2.2255
2.2151
2.2045
2.1939
2.1833
2.1727
2.1622
2.1518
2.1416
2.1316
2.1218
2.1122
2.103
2.094
2.0854
2.077
2.069
2.0613
2.0539
2.0467
2.0399
2.0333
2.027
2.0209
2.015
2.0094
2.004
1.9987
1.9937
1.9888
1.9841
1.9795
1.9751
1.9708
1.9666
1.9625
1.9586
1.9547
1.951
1.9473
1.9437
1.9402
1.9368
1.9335
1.9302
1.927
1.9239
1.9208
1.9178
1.9148
1.9119
1.9091
1.9063
1.9035
1.9008
1.8981
1.8955
1.8929
1.8903
1.8878
1.8853
1.8828
1.8804
1.878
1.8756
1.8732
1.8709
1.8686
1.8663
1.8641
1.8618
1.8596
1.8574
1.8552
1.853
1.8509
1.8487
1.8466
1.8444
1.8423
1.8402
1.838
1.8359
1.8338
1.8316
1.8295
1.8274
1.8252
1.823
1.8209
1.8187
1.8164
1.8142
1.8119
1.8096
1.8073
1.8049
1.8025
1.8001
1.7976
1.795
1.7924
1.7897
1.787
1.7841
1.7812
1.7782
1.7751
1.7719
1.7686
1.7651
1.7615
1.7578
1.7539
1.7498
1.7454
1.7409
1.7362
1.7311
1.7258
1.7202
1.7142
1.7079
1.7011
1.6939
1.6862
1.6779
1.6691
1.6595
1.6493
1.6382
1.6263
1.6133
1.5994
1.5842
1.5679
1.5501
1.5309
1.5102
1.4877
1.4635
1.4375
1.4096
1.3798
1.3481
1.3146
1.2794
1.2427
1.2046
1.1655
1.1256
1.0854
1.0451
1.005
.9656
.9271
.8898
.8537
.8191
.7861
.7547
.7249
.6967
.6701
.645
.6214
.5991
.5781
.5583
.5397
.5221
.5055
.4899
.4751
.4611
.4478
.4352
.4233
.4119
.4011
.3908
.381
.3717
.3627
.3542
.346
.3382
.3307
.3235
.3166
.3099
.3035
.2974
.2914
.2857
.2802
.2749
.2698
.2648
.26
.2554
.2509
.2465
.2423
.2382
.2342
.2304
.2267
.223
.2195
.2161
.2128
.2095
.2064
.2033
.2004
.1975
.1946
.1919
.1892
.1866
.184
.1815
.1791
.1767
.1744
.1721
.1699
.1677
.1656
.1636
.1615
.1596
.1576
.1557
.1539
.1521
.1503
.1486
.1469
.1452
.1435
.1419
.1404
.1388
.1373
.1358
.1344
.1329
.1315
.1302
.1288
.1275
.1262
.1249
.1237
.1224
.1212
.12
.1189
.1177
.1166
.1155
.1144
.1133
.1122
.1112
.1102
.1092
.1082
.1072
.1062
.1053
.1044
.1035
.1026
.1017
.1008
.0999
.0991
.0983
.0974
.0966
.0958
.095
.0943
.0935
.0927
.092
.0913
.0906
.0898
.0891
.0885
.0878
.0871
.0864
.0858
.0851
.0845
.0839
.0833
.0826
.082
.0815
.0809
.0803
.0797
.0791
.0786
.078
.0775
.077
.0764
.0759
.0754
.0749
.0744
.0739
.0734
.0729
.0724
.072
.0715
.071
.0706
.0701
.0697
.0692
.0688
.0684
.0679
.0675
.0671
.0667
.0663
.0659
.0655
.0651
.0647
.0643
.064
.0636
.0632
.0628
.0625
.0621
.0618
.0614
.0611
.0607
.0604
.06
.0597
.0594
.0591
.0587
.0584
.0581
.0578
.0575
.0572
.0569
.0566
.0563
.056
.0557
.0554
.0551
.0548
.0546
.0543
.054
.0537
.0535
.0532
.0529
.0527
.0524
.0522
.0519
.0517
.0514
.0512
.0509
.0507
.0504
.0502
.05
