4.1888
3.9289
3.6815
3.4464
3.2188
2.9962
2.7818
2.5847
2.4174
2.2886
2.199
2.1411
2.1049
2.0818
2.0658
2.0536
2.0431
2.0336
2.0243
2.0153
2.0063
1.9973
1.9885
1.9796
1.9709
1.9623
1.9538
1.9455
1.9373
1.9292
1.9213
1.9135
1.9058
1.8983
1.8909
1.8836
1.8764
1.8693
1.8623
1.8553
1.8484
1.8414
1.8345
1.8276
1.8207
1.8137
1.8066
1.7995
1.7922
1.7847
1.7771
1.7692
1.7611
1.7527
1.7439
1.7347
1.725
1.7148
1.7039
1.6923
1.6799
1.6665
1.652
1.6364
1.6193
1.6007
1.5805
1.5584
1.5343
1.5082
1.4798
1.4492
1.4165
1.3817
1.345
1.3068
1.2673
1.227
1.1863
1.1456
1.1052
1.0655
1.0267
.9892
.9529
.918
.8846
.8527
.8222
.7932
.7655
.7392
.7142
.6905
.6679
.6464
.626
.6065
.588
.5704
.5536
.5376
.5223
.5077
.4938
.4805
.4677
.4556
.4439
.4328
.4221
.4118
.402
.3925
.3834
.3747
.3663
.3583
.3505
.343
.3358
.3289
.3222
.3157
.3094
.3034
.2976
.2919
.2865
.2812
.2761
.2712
.2664
.2618
.2573
.2529
.2487
.2446
.2406
.2367
.2329
.2293
.2257
.2223
.2189
.2156
.2125
.2094
.2063
.2034
.2005
.1977
.195
.1924
.1898
.1872
.1848
.1824
.18
.1777
.1755
.1733
.1711
.169
.167
.165
.163
.1611
.1592
.1574
.1556
.1538
.1521
.1504
.1488
.1472
.1456
.144
.1425
.141
.1395
.1381
.1367
.1353
.1339
.1326
.1313
.13
.1287
.1275
.1263
.1251
.1239
.1227
.1216
.1205
.1194
.1183
.1172
.1162
.1152
.1142
.1132
.1122
.1112
.1103
.1094
.1084
.1075
.1067
.1058
.1049
.1041
.1032
.1024
.1016
.1008
.1
.0992
.0985
.0977
.097
.0963
.0955
.0948
.0941
.0934
.0927
.0921
.0914
.0908
.0901
.0895
.0888
.0882
.0876
.087
.0864
.0858
.0852
.0847
.0841
.0835
.083
.0824
.0819
.0814
.0808
.0803
.0798
.0793
.0788
.0783
.0778
.0773
.0769
.0764
.0759
.0755
.075
.0746
.0741
.0737
.0732
.0728
.0724
.072
.0715
.0711
.0707
.0703
.0699
.0695
.0691
.0687
.0684
.068
.0676
.0672
.0669
.0665
.0662
.0658
.0654
.0651
.0648
.0644
.0641
.0637
.0634
.0631
.0628
.0624
.0621
.0618
.0615
.0612
.0609
.0606
.0603
.06
.0597
.0594
.0591
.0588
.0585
.0583
.058
.0577
.0574
.0572
.0569
.0566
.0564
.0561
.0558
.0556
.0553
.0551
.0548
.0546
.0543
.0541
.0538
.0536
.0534
.0531
.0529
.0527
.0524
.0522
.052
.0518
.0515
.0513
.0511
.0509
.0507
.0504
.0502
.05
.0498
