4.3394
4.0287
3.7509
3.5168
3.3154
3.1333
2.963
2.804
2.6614
2.5425
2.4522
2.3893
2.3481
2.3219
2.3048
2.293
2.2844
2.2774
2.2715
2.266
2.2609
2.2559
2.2509
2.2458
2.2405
2.2351
2.2295
2.2236
2.2174
2.2109
2.204
2.1968
2.1891
2.181
2.1725
2.1635
2.154
2.1441
2.1338
2.123
2.1118
2.1003
2.0885
2.0764
2.0642
2.0518
2.0394
2.0269
2.0145
2.0022
1.99
1.978
1.9663
1.9547
1.9435
1.9324
1.9217
1.9111
1.9009
1.8909
1.8811
1.8715
1.8621
1.8528
1.8437
1.8347
1.8258
1.8169
1.808
1.7991
1.7902
1.7811
1.7719
1.7625
1.7528
1.7428
1.7323
1.7214
1.7098
1.6975
1.6843
1.6701
1.6546
1.6378
1.6193
1.5988
1.5761
1.5508
1.5226
1.4912
1.4562
1.4174
1.3748
1.3284
1.2785
1.2257
1.1708
1.1147
1.0583
1.0027
.9486
.8965
.8471
.8004
.7567
.716
.6781
.6431
.6106
.5806
.5529
.5272
.5035
.4816
.4612
.4423
.4248
.4085
.3932
.379
.3657
.3533
.3416
.3306
.3203
.3106
.3014
.2927
.2845
.2767
.2694
.2624
.2557
.2494
.2433
.2376
.2321
.2268
.2218
.217
.2124
.208
.2037
.1996
.1957
.1919
.1883
.1848
.1814
.1782
.175
.172
.1691
.1662
.1635
.1608
.1583
.1558
.1533
.151
.1487
.1465
.1444
.1423
.1403
.1383
.1364
.1345
.1327
.1309
.1292
.1275
.1259
.1243
.1227
.1212
.1197
.1183
.1169
.1155
.1141
.1128
.1115
.1103
.109
.1078
.1067
.1055
.1044
.1033
.1022
.1011
.1001
.0991
.0981
.0971
.0961
.0952
.0943
.0933
.0925
.0916
.0907
.0899
.0891
.0882
.0874
.0867
.0859
.0851
.0844
.0837
.0829
.0822
.0815
.0809
.0802
.0795
.0789
.0782
.0776
.077
.0764
.0758
.0752
.0746
.074
.0734
.0729
.0723
.0718
.0713
.0707
.0702
.0697
.0692
.0687
.0682
.0677
.0672
.0668
.0663
.0659
.0654
.065
.0645
.0641
.0637
.0632
.0628
.0624
.062
.0616
.0612
.0608
.0604
.06
.0597
.0593
.0589
.0586
.0582
.0578
.0575
.0572
.0568
.0565
.0561
.0558
.0555
.0552
.0548
.0545
.0542
.0539
.0536
.0533
.053
.0527
.0524
.0521
.0518
.0515
.0513
.051
.0507
.0504
.0502
.0499
