5.0494
4.8525
4.6128
4.3372
4.0417
3.7432
3.4517
3.1703
2.9021
2.6555
2.4448
2.2829
2.1719
2.1018
2.0582
2.0298
2.0095
1.9938
1.9805
1.9687
1.9578
1.9475
1.9377
1.9282
1.9189
1.9098
1.9009
1.8921
1.8833
1.8746
1.8659
1.8572
1.8485
1.8397
1.8308
1.8218
1.8126
1.8033
1.7937
1.7839
1.7737
1.7632
1.7523
1.7409
1.729
1.7164
1.7031
1.689
1.674
1.658
1.6409
1.6225
1.6027
1.5814
1.5585
1.5339
1.5076
1.4794
1.4495
1.4179
1.3847
1.3501
1.3143
1.2775
1.2401
1.2022
1.1643
1.1265
1.0891
1.0523
1.0162
.9811
.947
.9139
.8821
.8513
.8218
.7934
.7663
.7402
.7153
.6914
.6686
.6469
.626
.6062
.5872
.569
.5517
.5352
.5194
.5042
.4898
.476
.4628
.4501
.438
.4264
.4153
.4047
.3945
.3847
.3753
.3662
.3576
.3492
.3412
.3335
.3261
.319
.3121
.3054
.299
.2929
.2869
.2812
.2756
.2703
.2651
.2601
.2552
.2505
.246
.2416
.2373
.2332
.2292
.2253
.2215
.2179
.2143
.2109
.2075
.2042
.2011
.198
.195
.1921
.1892
.1865
.1838
.1811
.1786
.1761
.1736
.1713
.169
.1667
.1645
.1624
.1603
.1582
.1562
.1542
.1523
.1505
.1486
.1468
.1451
.1434
.1417
.1401
.1385
.1369
.1353
.1338
.1324
.1309
.1295
.1281
.1267
.1254
.1241
.1228
.1215
.1203
.1191
.1179
.1167
.1156
.1145
.1133
.1123
.1112
.1101
.1091
.1081
.1071
.1061
.1052
.1042
.1033
.1024
.1015
.1006
.0997
.0988
.098
.0972
.0964
.0955
.0948
.094
.0932
.0924
.0917
.091
.0902
.0895
.0888
.0881
.0875
.0868
.0861
.0855
.0848
.0842
.0836
.083
.0823
.0817
.0812
.0806
.08
.0794
.0789
.0783
.0778
.0772
.0767
.0762
.0757
.0751
.0746
.0741
.0736
.0732
.0727
.0722
.0717
.0713
.0708
.0704
.0699
.0695
.069
.0686
.0682
.0678
.0673
.0669
.0665
.0661
.0657
.0653
.065
.0646
.0642
.0638
.0634
.0631
.0627
.0624
.062
.0616
.0613
.061
.0606
.0603
.0599
.0596
.0593
.059
.0586
.0583
.058
.0577
.0574
.0571
.0568
.0565
.0562
.0559
.0556
.0553
.0551
.0548
.0545
.0542
.0539
.0537
.0534
.0531
.0529
.0526
.0524
.0521
.0519
.0516
.0514
.0511
.0509
.0506
.0504
.0502
.0499
