4.5579
4.309
4.0926
3.9184
3.7784
3.66
3.5525
3.4483
3.3424
3.2313
3.1131
2.9877
2.8577
2.728
2.6061
2.5
2.4145
2.3502
2.3036
2.2697
2.2442
2.224
2.207
2.192
2.1783
2.1655
2.1531
2.141
2.1292
2.1173
2.1055
2.0936
2.0815
2.0693
2.0569
2.0442
2.0313
2.0181
2.0046
1.9908
1.9767
1.9623
1.9475
1.9324
1.917
1.9013
1.8853
1.8689
1.8522
1.8351
1.8177
1.7998
1.7816
1.7629
1.7437
1.7239
1.7035
1.6823
1.6603
1.6374
1.6134
1.5882
1.5618
1.5339
1.5045
1.4734
1.4405
1.4056
1.3688
1.3299
1.2891
1.2463
1.2016
1.1554
1.1078
1.0593
1.0103
.9611
.9124
.8646
.8181
.7732
.7304
.6897
.6514
.6154
.5819
.5506
.5216
.4947
.4698
.4468
.4255
.4057
.3874
.3705
.3547
.3401
.3265
.3138
.302
.2909
.2805
.2708
.2617
.2532
.2451
.2375
.2304
.2236
.2172
.2112
.2054
.2
.1948
.1899
.1852
.1807
.1764
.1723
.1684
.1647
.1611
.1577
.1544
.1513
.1482
.1453
.1425
.1398
.1372
.1347
.1323
.1299
.1277
.1255
.1234
.1213
.1194
.1175
.1156
.1138
.1121
.1104
.1087
.1072
.1056
.1041
.1026
.1012
.0998
.0985
.0972
.0959
.0947
.0934
.0923
.0911
.09
.0889
.0878
.0868
.0857
.0847
.0838
.0828
.0819
.081
.0801
.0792
.0783
.0775
.0767
.0759
.0751
.0743
.0735
.0728
.0721
.0714
.0707
.07
.0693
.0686
.068
.0674
.0667
.0661
.0655
.0649
.0643
.0638
.0632
.0627
.0621
.0616
.0611
.0605
.06
.0595
.059
.0585
.0581
.0576
.0571
.0567
.0562
.0558
.0554
.0549
.0545
.0541
.0537
.0533
.0529
.0525
.0521
.0517
.0513
.051
.0506
.0502
.0499
