4.1119
3.8371
3.5761
3.331
3.1011
2.8892
2.7036
2.5555
2.4507
2.3847
2.3455
2.3216
2.3056
2.2932
2.2826
2.2728
2.2633
2.2542
2.2452
2.2363
2.2277
2.2193
2.2111
2.2031
2.1953
2.1878
2.1804
2.1733
2.1663
2.1595
2.1529
2.1464
2.1401
2.1338
2.1277
2.1216
2.1156
2.1096
2.1037
2.0978
2.0919
2.086
2.08
2.074
2.068
2.0619
2.0557
2.0494
2.043
2.0364
2.0297
2.0228
2.0158
2.0085
2.001
1.9933
1.9853
1.977
1.9684
1.9595
1.9502
1.9405
1.9304
1.9199
1.909
1.8975
1.8856
1.8731
1.8601
1.8465
1.8322
1.8173
1.8017
1.7853
1.7682
1.7502
1.7313
1.7114
1.6905
1.6683
1.6449
1.6202
1.5939
1.5661
1.5367
1.5056
1.4728
1.4384
1.4024
1.365
1.3264
1.2868
1.2465
1.2059
1.1651
1.1247
1.0847
1.0454
1.0072
.97
.9341
.8995
.8662
.8344
.804
.7749
.7472
.7208
.6957
.6719
.6491
.6275
.607
.5874
.5688
.5511
.5343
.5182
.5029
.4883
.4744
.4611
.4485
.4363
.4247
.4137
.4031
.3929
.3832
.3738
.3649
.3563
.348
.3401
.3324
.3251
.3181
.3113
.3047
.2984
.2923
.2864
.2808
.2753
.27
.2649
.26
.2552
.2505
.2461
.2417
.2375
.2335
.2295
.2257
.222
.2184
.2149
.2114
.2081
.2049
.2018
.1988
.1958
.1929
.1901
.1874
.1847
.1822
.1796
.1772
.1748
.1724
.1702
.1679
.1658
.1636
.1616
.1595
.1576
.1556
.1537
.1519
.1501
.1483
.1466
.1449
.1432
.1416
.14
.1385
.137
.1355
.134
.1326
.1312
.1298
.1284
.1271
.1258
.1245
.1233
.1221
.1209
.1197
.1185
.1174
.1163
.1152
.1141
.113
.112
.111
.11
.109
.108
.107
.1061
.1052
.1043
.1034
.1025
.1016
.1008
.0999
.0991
.0983
.0975
.0967
.0959
.0952
.0944
.0937
.0929
.0922
.0915
.0908
.0901
.0894
.0888
.0881
.0874
.0868
.0862
.0855
.0849
.0843
.0837
.0831
.0826
.082
.0814
.0808
.0803
.0797
.0792
.0787
.0782
.0776
.0771
.0766
.0761
.0756
.0751
.0747
.0742
.0737
.0732
.0728
.0723
.0719
.0714
.071
.0706
.0701
.0697
.0693
.0689
.0685
.0681
.0677
.0673
.0669
.0665
.0661
.0658
.0654
.065
.0646
.0643
.0639
.0636
.0632
.0629
.0625
.0622
.0619
.0615
.0612
.0609
.0606
.0602
.0599
.0596
.0593
.059
.0587
.0584
.0581
.0578
.0575
.0572
.0569
.0567
.0564
.0561
.0558
.0555
.0553
.055
.0547
.0545
.0542
.054
.0537
.0535
.0532
.053
.0527
.0525
.0522
.052
.0517
.0515
.0513
.051
.0508
.0506
.0504
.0501
.0499
