4.3537
4.0647
3.755
3.4499
3.1704
2.9269
2.7224
2.5568
2.4291
2.3358
2.2714
2.229
2.2018
2.1845
2.1733
2.1658
2.1605
2.1565
2.1531
2.1502
2.1474
2.1447
2.1421
2.1394
2.1366
2.1339
2.1311
2.1282
2.1252
2.1223
2.1192
2.1162
2.113
2.1099
2.1067
2.1034
2.1002
2.0968
2.0935
2.0901
2.0867
2.0833
2.0799
2.0765
2.073
2.0696
2.0661
2.0626
2.0592
2.0557
2.0523
2.0488
2.0454
2.042
2.0387
2.0353
2.032
2.0287
2.0255
2.0222
2.019
2.0159
2.0127
2.0096
2.0065
2.0035
2.0005
1.9975
1.9946
1.9916
1.9887
1.9859
1.983
1.9802
1.9774
1.9746
1.9718
1.969
1.9662
1.9634
1.9606
1.9578
1.955
1.9521
1.9493
1.9463
1.9434
1.9404
1.9373
1.9341
1.9309
1.9276
1.9241
1.9205
1.9168
1.9129
1.9087
1.9044
1.8998
1.8949
1.8897
1.884
1.878
1.8715
1.8644
1.8566
1.8482
1.8389
1.8287
1.8175
1.8051
1.7913
1.7761
1.7593
1.7407
1.7202
1.6977
1.6731
1.6464
1.6175
1.5867
1.554
1.5197
1.4841
1.4475
1.4104
1.3729
1.3356
1.2986
1.2622
1.2266
1.192
1.1585
1.1262
1.0951
1.0653
1.0367
1.0093
.9832
.9582
.9343
.9115
.8897
.8689
.8489
.8299
.8116
.7941
.7773
.7612
.7457
.7308
.7164
.7026
.6893
.6764
.664
.652
.6403
.6291
.6182
.6076
.5973
.5874
.5777
.5683
.5592
.5503
.5417
.5333
.5251
.5172
.5094
.5019
.4945
.4873
.4804
.4735
.4669
.4604
.4541
.4479
.4419
.436
.4302
.4246
.4191
.4138
.4085
.4034
.3984
.3935
.3887
.3841
.3795
.375
.3706
.3663
.3621
.358
.3539
.35
.3461
.3423
.3386
.3349
.3313
.3278
.3244
.321
.3177
.3144
.3112
.3081
.305
.302
.299
.2961
.2932
.2904
.2877
.2849
.2823
.2796
.277
.2745
.272
.2695
.2671
.2647
.2624
.2601
.2578
.2556
.2534
.2512
.2491
.247
.2449
.2429
.2409
.2389
.237
.2351
.2332
.2313
.2295
.2277
.2259
.2241
.2224
.2207
.219
.2174
.2157
.2141
.2125
.211
.2094
.2079
.2064
.2049
.2035
.202
.2006
.1992
.1978
.1964
.1951
.1937
.1924
.1911
.1898
.1886
.1873
.1861
.1849
.1837
.1825
.1813
.1801
.179
.1779
.1767
.1756
.1745
.1735
.1724
.1713
.1703
.1693
.1683
.1673
.1663
.1653
.1643
.1633
.1624
.1615
.1605
.1596
.1587
.1578
.1569
.156
.1552
.1543
.1535
.1526
.1518
.151
.1502
.1494
.1486
.1478
.147
.1462
.1454
.1447
.1439
.1432
.1425
.1417
.141
.1403
.1396
.1389
.1382
.1375
.1368
.1362
.1355
.1348
.1342
.1336
.1329
.1323
.1316
.131
.1304
.1298
.1292
.1286
.128
.1274
.1268
.1262
.1257
.1251
.1245
.124
.1234
.1229
.1223
.1218
.1213
.1207
.1202
.1197
.1192
.1187
.1182
.1177
.1172
.1167
.1162
.1157
.1152
.1147
.1142
.1138
.1133
.1128
.1124
.1119
.1115
.111
.1106
.1101
.1097
.1093
.1088
.1084
.108
.1076
.1071
.1067
.1063
.1059
.1055
.1051
.1047
.1043
.1039
.1035
.1031
.1027
.1024
.102
.1016
.1012
.1009
.1005
.1001
.0998
.0994
.099
.0987
.0983
.098
.0976
.0973
.0969
.0966
.0963
.0959
.0956
.0953
.0949
.0946
.0943
.094
.0936
.0933
.093
.0927
.0924
.0921
.0918
.0914
.0911
.0908
.0905
.0902
.0899
.0896
.0894
.0891
.0888
.0885
.0882
.0879
.0876
.0874
.0871
.0868
.0865
.0863
.086
.0857
.0854
.0852
.0849
.0846
.0844
.0841
.0839
.0836
.0834
.0831
.0828
.0826
.0823
.0821
.0819
.0816
.0814
.0811
.0809
.0806
.0804
.0802
.0799
.0797
.0795
.0792
.079
.0788
.0785
.0783
.0781
.0779
.0776
.0774
.0772
.077
.0768
.0766
.0763
.0761
.0759
.0757
.0755
.0753
.0751
.0749
.0747
.0745
.0743
.074
.0738
.0736
.0734
.0732
.0731
.0729
.0727
.0725
.0723
.0721
.0719
.0717
.0715
.0713
.0711
.0709
.0708
.0706
.0704
.0702
.07
.0698
.0697
.0695
.0693
.0691
.069
.0688
.0686
.0684
.0683
.0681
.0679
.0677
.0676
.0674
.0672
.0671
.0669
.0667
.0666
.0664
.0662
.0661
.0659
.0658
.0656
.0654
.0653
.0651
.065
.0648
.0647
.0645
.0643
.0642
.064
.0639
.0637
.0636
.0634
.0633
.0631
.063
.0628
.0627
.0625
.0624
.0623
.0621
.062
.0618
.0617
.0615
.0614
.0613
.0611
.061
.0608
.0607
.0606
.0604
.0603
.0602
.06
.0599
.0598
.0596
.0595
.0594
.0592
.0591
.059
.0588
.0587
.0586
.0585
.0583
.0582
.0581
.058
.0578
.0577
.0576
.0575
.0573
.0572
.0571
.057
.0568
.0567
.0566
.0565
.0564
.0562
.0561
.056
.0559
.0558
.0557
.0555
.0554
.0553
.0552
.0551
.055
.0549
.0547
.0546
.0545
.0544
.0543
.0542
.0541
.054
.0539
.0538
.0536
.0535
.0534
.0533
.0532
.0531
.053
.0529
.0528
.0527
.0526
.0525
.0524
.0523
.0522
.0521
.052
.0519
.0518
.0517
.0516
.0515
.0514
.0513
.0512
.0511
.051
.0509
.0508
.0507
.0506
.0505
.0504
.0503
.0502
.0501
.05
.0499
