4.9282
4.7162
4.453
4.1479
3.8283
3.5289
3.2716
3.0602
2.8904
2.7572
2.6568
2.5852
2.5374
2.5071
2.4886
2.4772
2.4699
2.4648
2.4606
2.457
2.4535
2.45
2.4464
2.4427
2.439
2.4352
2.4313
2.4274
2.4234
2.4195
2.4155
2.4115
2.4076
2.4036
2.3997
2.3958
2.3919
2.388
2.3841
2.3803
2.3764
2.3726
2.3687
2.3648
2.361
2.3571
2.3532
2.3493
2.3453
2.3414
2.3374
2.3334
2.3293
2.3252
2.3211
2.3169
2.3127
2.3084
2.3041
2.2996
2.2951
2.2906
2.2859
2.2812
2.2763
2.2714
2.2663
2.2611
2.2558
2.2504
2.2449
2.2392
2.2334
2.2275
2.2214
2.2152
2.2089
2.2025
2.196
2.1893
2.1826
2.1758
2.1689
2.1619
2.1549
2.1479
2.1408
2.1337
2.1265
2.1194
2.1122
2.105
2.0977
2.0905
2.0832
2.0759
2.0685
2.061
2.0535
2.0459
2.0382
2.0304
2.0224
2.0142
2.0058
1.9971
1.9882
1.9789
1.9692
1.9592
1.9486
1.9375
1.9258
1.9134
1.9002
1.8863
1.8715
1.8558
1.8391
1.8213
1.8025
1.7826
1.7616
1.7396
1.7165
1.6926
1.6677
1.6421
1.6159
1.5891
1.5619
1.5345
1.5068
1.4791
1.4514
1.4238
1.3963
1.3691
1.3422
1.3156
1.2893
1.2635
1.238
1.213
1.1884
1.1643
1.1407
1.1175
1.0948
1.0725
1.0508
1.0295
1.0087
.9883
.9684
.949
.9301
.9116
.8935
.8759
.8587
.842
.8256
.8097
.7941
.779
.7642
.7498
.7358
.7221
.7088
.6958
.6831
.6708
.6588
.6471
.6357
.6246
.6137
.6032
.5929
.5828
.5731
.5635
.5542
.5452
.5363
.5277
.5193
.5111
.5031
.4953
.4877
.4802
.473
.4659
.459
.4522
.4456
.4392
.4329
.4267
.4207
.4149
.4091
.4035
.398
.3927
.3874
.3823
.3773
.3724
.3676
.3629
.3583
.3538
.3494
.3451
.3409
.3367
.3327
.3287
.3248
.321
.3173
.3136
.3101
.3065
.3031
.2997
.2964
.2931
.29
.2868
.2837
.2807
.2778
.2749
.272
.2692
.2665
.2638
.2611
.2585
.2559
.2534
.251
.2485
.2461
.2438
.2415
.2392
.237
.2348
.2326
.2305
.2284
.2264
.2243
.2224
.2204
.2185
.2166
.2147
.2129
.2111
.2093
.2075
.2058
.2041
.2024
.2008
.1991
.1975
.1959
.1944
.1928
.1913
.1898
.1884
.1869
.1855
.1841
.1827
.1813
.18
.1786
.1773
.176
.1747
.1735
.1722
.171
.1698
.1686
.1674
.1662
.1651
.1639
.1628
.1617
.1606
.1595
.1584
.1574
.1563
.1553
.1543
.1533
.1523
.1513
.1503
.1494
.1484
.1475
.1466
.1457
.1447
.1439
.143
.1421
.1412
.1404
.1395
.1387
.1379
.1371
.1362
.1355
.1347
.1339
.1331
.1323
.1316
.1308
.1301
.1294
.1286
.1279
.1272
.1265
.1258
.1251
.1244
.1238
.1231
.1224
.1218
.1211
.1205
.1199
.1192
.1186
.118
.1174
.1168
.1162
.1156
.115
.1144
.1138
.1133
.1127
.1121
.1116
.111
.1105
.11
.1094
.1089
.1084
.1078
.1073
.1068
.1063
.1058
.1053
.1048
.1043
.1038
.1034
.1029
.1024
.1019
.1015
.101
.1006
.1001
.0997
.0992
.0988
.0983
.0979
.0975
.0971
.0966
.0962
.0958
.0954
.095
.0946
.0942
.0938
.0934
.093
.0926
.0922
.0918
.0914
.0911
.0907
.0903
.09
.0896
.0892
.0889
.0885
.0881
.0878
.0874
.0871
.0868
.0864
.0861
.0857
.0854
.0851
.0847
.0844
.0841
.0838
.0835
.0831
.0828
.0825
.0822
.0819
.0816
.0813
.081
.0807
.0804
.0801
.0798
.0795
.0792
.0789
.0786
.0784
.0781
.0778
.0775
.0772
.077
.0767
.0764
.0762
.0759
.0756
.0754
.0751
.0748
.0746
.0743
.0741
.0738
.0736
.0733
.0731
.0728
.0726
.0723
.0721
.0719
.0716
.0714
.0711
.0709
.0707
.0704
.0702
.07
.0698
.0695
.0693
.0691
.0689
.0686
.0684
.0682
.068
.0678
.0676
.0674
.0671
.0669
.0667
.0665
.0663
.0661
.0659
.0657
.0655
.0653
.0651
.0649
.0647
.0645
.0643
.0641
.0639
.0637
.0636
.0634
.0632
.063
.0628
.0626
.0624
.0623
.0621
.0619
.0617
.0615
.0614
.0612
.061
.0608
.0607
.0605
.0603
.0601
.06
.0598
.0596
.0595
.0593
.0591
.059
.0588
.0587
.0585
.0583
.0582
.058
.0579
.0577
.0575
.0574
.0572
.0571
.0569
.0568
.0566
.0565
.0563
.0562
.056
.0559
.0557
.0556
.0554
.0553
.0551
.055
.0549
.0547
.0546
.0544
.0543
.0541
.054
.0539
.0537
.0536
.0535
.0533
.0532
.0531
.0529
.0528
.0527
.0525
.0524
.0523
.0521
.052
.0519
.0518
.0516
.0515
.0514
.0512
.0511
.051
.0509
.0508
.0506
.0505
.0504
.0503
.0501
.05
.0499
