4.4126
3.928
3.506
3.109
2.7027
2.364
2.2036
2.1637
2.1543
2.1496
2.1452
2.1404
2.1352
2.1295
2.1233
2.1165
2.109
2.1008
2.0916
2.0816
2.0707
2.0589
2.0463
2.033
2.0191
2.0047
1.9901
1.9754
1.9607
1.9461
1.9318
1.9179
1.9044
1.8914
1.8789
1.8669
1.8556
1.8448
1.8346
1.8248
1.8155
1.8067
1.7981
1.7898
1.7816
1.7734
1.7652
1.7569
1.7482
1.739
1.7292
1.7185
1.7066
1.6932
1.6779
1.6602
1.6393
1.6143
1.5843
1.5478
1.5033
1.4494
1.3848
1.3091
1.2236
1.1312
1.0363
.9435
.8564
.7772
.7069
.6451
.5912
.5441
.5029
.4669
.4351
.4069
.3819
.3596
.3395
.3214
.305
.2902
.2766
.2641
.2527
.2422
.2324
.2234
.215
.2072
.1999
.1931
.1867
.1807
.175
.1697
.1647
.1599
.1554
.1512
.1471
.1433
.1396
.1361
.1328
.1296
.1266
.1237
.1209
.1183
.1157
.1133
.1109
.1086
.1065
.1044
.1023
.1004
.0985
.0967
.095
.0933
.0916
.0901
.0885
.0871
.0856
.0842
.0829
.0816
.0803
.0791
.0779
.0767
.0756
.0745
.0734
.0724
.0714
.0704
.0694
.0685
.0676
.0667
.0658
.065
.0641
.0633
.0625
.0618
.061
.0603
.0596
.0589
.0582
.0575
.0569
.0562
.0556
.055
.0544
.0538
.0532
.0526
.0521
.0515
.051
.0505
.05
