4.3903
3.7687
3.1026
2.5128
2.1704
2.0753
2.0562
2.0481
2.0413
2.0345
2.0277
2.0209
2.0141
2.0074
2.0007
1.994
1.9873
1.9806
1.9738
1.967
1.9601
1.9531
1.946
1.9389
1.9317
1.9244
1.9172
1.9099
1.9026
1.8954
1.8882
1.8811
1.8741
1.8671
1.8603
1.8535
1.8468
1.8402
1.8337
1.8272
1.8207
1.8142
1.8078
1.8013
1.7947
1.7879
1.781
1.7739
1.7665
1.7587
1.7504
1.7415
1.7318
1.7212
1.7094
1.6961
1.681
1.6635
1.643
1.6187
1.5897
1.5547
1.5125
1.4617
1.4014
1.3313
1.2528
1.1683
1.0817
.9971
.9177
.8451
.7802
.7224
.6712
.6257
.5851
.5488
.5161
.4867
.46
.4358
.4137
.3935
.375
.3579
.3422
.3278
.3143
.3019
.2903
.2795
.2694
.26
.2511
.2428
.235
.2276
.2206
.2141
.2079
.202
.1964
.1911
.186
.1812
.1766
.1723
.1681
.1641
.1603
.1566
.1531
.1498
.1466
.1435
.1405
.1376
.1349
.1322
.1297
.1272
.1248
.1225
.1203
.1181
.1161
.1141
.1121
.1102
.1084
.1067
.1049
.1033
.1017
.1001
.0986
.0971
.0957
.0943
.0929
.0916
.0903
.0891
.0878
.0866
.0855
.0844
.0833
.0822
.0811
.0801
.0791
.0781
.0772
.0763
.0753
.0745
.0736
.0727
.0719
.0711
.0703
.0695
.0687
.068
.0673
.0666
.0658
.0652
.0645
.0638
.0632
.0625
.0619
.0613
.0607
.0601
.0595
.059
.0584
.0579
.0573
.0568
.0563
.0558
.0553
.0548
.0543
.0538
.0533
.0529
.0524
.052
.0515
.0511
.0507
.0503
.0499
