4.584
4.123
3.745
3.4731
3.2609
3.0774
2.91
2.7608
2.644
2.5735
2.5435
2.5345
2.531
2.5267
2.5195
2.5091
2.4956
2.4789
2.4589
2.4358
2.4094
2.3799
2.3477
2.3137
2.2788
2.2444
2.2115
2.1811
2.1537
2.1295
2.1084
2.0902
2.0745
2.061
2.0493
2.039
2.03
2.0221
2.015
2.0086
2.0028
1.9975
1.9927
1.9881
1.9839
1.98
1.9763
1.9727
1.9694
1.9662
1.9631
1.9601
1.9572
1.9544
1.9517
1.949
1.9463
1.9436
1.941
1.9383
1.9356
1.9327
1.9298
1.9268
1.9235
1.92
1.9162
1.9119
1.9071
1.9016
1.8952
1.8876
1.8784
1.867
1.8527
1.8343
1.8101
1.7778
1.7341
1.6744
1.5935
1.4869
1.3546
1.205
1.0532
.9133
.7928
.6928
.6111
.5446
.4902
.4454
.4081
.3766
.3499
.327
.3071
.2897
.2743
.2607
.2485
.2376
.2277
.2187
.2105
.203
.196
.1896
.1837
.1782
.1731
.1683
.1637
.1595
.1555
.1518
.1482
.1448
.1417
.1386
.1357
.133
.1304
.1279
.1255
.1232
.121
.1188
.1168
.1149
.113
.1112
.1094
.1077
.1061
.1045
.103
.1016
.1001
.0988
.0974
.0961
.0949
.0936
.0924
.0913
.0902
.0891
.088
.087
.086
.085
.084
.0831
.0822
.0813
.0804
.0796
.0787
.0779
.0771
.0764
.0756
.0749
.0741
.0734
.0727
.072
.0714
.0707
.0701
.0694
.0688
.0682
.0676
.067
.0665
.0659
.0653
.0648
.0643
.0637
.0632
.0627
.0622
.0617
.0612
.0608
.0603
.0598
.0594
.0589
.0585
.0581
.0577
.0572
.0568
.0564
.056
.0556
.0552
.0549
.0545
.0541
.0537
.0534
.053
.0527
.0523
.052
.0517
.0513
.051
.0507
.0504
.05
.0497
