4.7173
4.2881
3.964
3.7399
3.5502
3.3532
3.1263
2.8715
2.6391
2.5048
2.4616
2.4505
2.4448
2.4387
2.4312
2.4224
2.4121
2.4003
2.387
2.3721
2.3557
2.3379
2.3187
2.2985
2.2776
2.2564
2.2353
2.2146
2.1948
2.1761
2.1586
2.1425
2.1276
2.114
2.1015
2.09
2.0794
2.0694
2.0599
2.0507
2.0415
2.0321
2.022
2.0107
1.9974
1.9811
1.9599
1.9309
1.8891
1.8264
1.7298
1.5855
1.3972
1.2075
1.0581
.9483
.8641
.7964
.7403
.6928
.6519
.6163
.5851
.5574
.5326
.5103
.4902
.4718
.455
.4395
.4251
.4118
.3993
.3876
.3766
.3662
.3564
.347
.338
.3295
.3213
.3134
.3058
.2985
.2914
.2845
.2778
.2713
.265
.2589
.253
.2472
.2415
.236
.2307
.2255
.2204
.2155
.2107
.206
.2015
.1971
.1929
.1887
.1847
.1808
.177
.1734
.1698
.1664
.1631
.1599
.1568
.1537
.1508
.148
.1453
.1426
.1401
.1376
.1352
.1329
.1306
.1285
.1263
.1243
.1223
.1204
.1185
.1167
.1149
.1132
.1116
.1099
.1084
.1068
.1054
.1039
.1025
.1011
.0998
.0985
.0972
.096
.0948
.0936
.0924
.0913
.0902
.0891
.0881
.0871
.0861
.0851
.0841
.0832
.0823
.0814
.0805
.0796
.0788
.078
.0772
.0764
.0756
.0748
.0741
.0734
.0726
.0719
.0712
.0706
.0699
.0692
.0686
.068
.0673
.0667
.0661
.0655
.065
.0644
.0638
.0633
.0627
.0622
.0617
.0612
.0607
.0602
.0597
.0592
.0587
.0582
.0578
.0573
.0569
.0564
.056
.0556
.0552
.0547
.0543
.0539
.0535
.0531
.0527
.0524
.052
.0516
.0512
.0509
.0505
.0502
.0498
