4.5031
3.9544
3.4222
3.0054
2.7177
2.5264
2.3949
2.301
2.2328
2.183
2.1463
2.1189
2.0983
2.0825
2.0703
2.0606
2.0529
2.0466
2.0415
2.0372
2.0337
2.0307
2.0281
2.0259
2.024
2.0223
2.0209
2.0196
2.0185
2.0174
2.0165
2.0157
2.015
2.0143
2.0137
2.0131
2.0126
2.0121
2.0117
2.0112
2.0109
2.0105
2.0102
2.0099
2.0096
2.0093
2.009
2.0088
2.0086
2.0083
2.0081
2.0079
2.0077
2.0076
2.0074
2.0072
2.0071
2.0069
2.0068
2.0066
2.0065
2.0064
2.0062
2.0061
2.006
2.0059
2.0058
2.0057
2.0056
2.0055
2.0054
2.0053
2.0052
2.0051
2.0051
2.005
2.0049
2.0048
2.0048
2.0047
2.0046
2.0046
2.0045
2.0044
2.0044
2.0043
2.0042
2.0042
2.0041
2.0041
2.004
2.004
2.0039
2.0039
2.0038
2.0038
2.0037
2.0037
2.0036
2.0036
2.0035
2.0035
2.0035
2.0034
2.0034
2.0033
2.0033
2.0033
2.0032
2.0032
2.0031
2.0031
2.0031
2.003
2.003
2.003
2.0029
2.0029
2.0029
2.0028
2.0028
2.0028
2.0027
2.0027
2.0027
2.0027
2.0026
2.0026
2.0026
2.0025
2.0025
2.0025
2.0025
2.0024
2.0024
2.0024
2.0024
2.0023
2.0023
2.0023
2.0023
2.0022
2.0022
2.0022
2.0022
2.0021
2.0021
2.0021
2.0021
2.002
2.002
2.002
2.002
2.0019
2.0019
2.0019
2.0019
2.0019
2.0018
2.0018
2.0018
2.0018
2.0018
2.0017
2.0017
2.0017
2.0017
2.0016
2.0016
2.0016
2.0016
2.0016
2.0015
2.0015
2.0015
2.0015
2.0015
2.0014
2.0014
2.0014
2.0014
2.0014
2.0013
2.0013
2.0013
2.0013
2.0013
2.0013
2.0012
2.0012
2.0012
2.0012
2.0012
2.0011
2.0011
2.0011
2.0011
2.0011
2.001
2.001
2.001
2.001
2.001
2.0009
2.0009
2.0009
2.0009
2.0009
2.0009
2.0008
2.0008
2.0008
2.0008
2.0008
2.0007
2.0007
2.0007
2.0007
2.0007
2.0006
2.0006
2.0006
2.0006
2.0006
2.0005
2.0005
2.0005
2.0005
2.0005
2.0005
2.0004
2.0004
2.0004
2.0004
2.0004
2.0003
2.0003
2.0003
2.0003
2.0003
2.0002
2.0002
2.0002
2.0002
2.0002
2.0001
2.0001
2.0001
2.0001
2.0001
2.0
2.0
2.0
2.0
1.9999
1.9999
1.9999
1.9999
1.9999
1.9998
1.9998
1.9998
1.9998
1.9998
1.9997
1.9997
1.9997
1.9997
1.9996
1.9996
1.9996
1.9996
1.9995
1.9995
1.9995
1.9995
1.9995
1.9994
1.9994
1.9994
1.9994
1.9993
1.9993
1.9993
1.9993
1.9992
1.9992
1.9992
1.9992
1.9991
1.9991
1.9991
1.9991
1.999
1.999
1.999
1.9989
1.9989
1.9989
1.9989
1.9988
1.9988
1.9988
1.9987
1.9987
1.9987
1.9987
1.9986
1.9986
1.9986
1.9985
1.9985
1.9985
1.9985
1.9984
1.9984
1.9984
1.9983
1.9983
1.9983
1.9982
1.9982
1.9982
1.9981
1.9981
1.9981
1.998
1.998
1.998
1.9979
1.9979
1.9978
1.9978
1.9978
1.9977
1.9977
1.9977
1.9976
1.9976
1.9975
1.9975
1.9975
1.9974
1.9974
1.9973
1.9973
1.9973
1.9972
1.9972
1.9971
1.9971
1.997
1.997
1.9969
1.9969
1.9969
1.9968
1.9968
1.9967
1.9967
1.9966
1.9966
1.9965
1.9965
1.9964
1.9964
1.9963
1.9963
1.9962
1.9961
1.9961
1.996
1.996
1.9959
1.9959
1.9958
1.9958
1.9957
1.9956
1.9956
1.9955
1.9954
1.9954
1.9953
1.9953
1.9952
1.9951
1.9951
1.995
1.9949
1.9948
1.9948
1.9947
1.9946
1.9946
1.9945
1.9944
1.9943
1.9943
1.9942
1.9941
1.994
1.9939
1.9939
1.9938
1.9937
1.9936
1.9935
1.9934
1.9933
1.9932
1.9931
1.9931
1.993
1.9929
1.9928
1.9927
1.9926
1.9925
1.9924
1.9923
1.9921
1.992
1.9919
1.9918
1.9917
1.9916
1.9915
1.9914
1.9912
1.9911
1.991
1.9909
1.9907
1.9906
1.9905
1.9903
1.9902
1.9901
1.9899
1.9898
1.9896
1.9895
1.9894
1.9892
1.989
1.9889
1.9887
1.9886
1.9884
1.9882
1.9881
1.9879
1.9877
1.9876
1.9874
1.9872
1.987
1.9868
1.9866
1.9864
1.9862
1.986
1.9858
1.9856
1.9854
1.9852
1.985
1.9848
1.9845
1.9843
1.9841
1.9838
1.9836
1.9834
1.9831
1.9829
1.9826
1.9824
1.9821
1.9818
1.9815
1.9813
1.981
1.9807
1.9804
1.9801
1.9798
1.9795
1.9792
1.9789
1.9786
1.9782
1.9779
1.9776
1.9772
1.9769
1.9766
1.9762
1.9758
1.9755
1.9751
1.9747
1.9743
1.974
1.9736
1.9732
1.9728
1.9724
1.972
1.9715
1.9711
1.9707
1.9703
1.9698
1.9694
1.9689
1.9685
1.968
1.9676
1.9671
1.9666
1.9662
1.9657
1.9652
1.9647
1.9643
1.9638
1.9633
1.9628
1.9623
1.9618
1.9613
1.9608
1.9603
1.9598
1.9593
1.9588
1.9582
1.9577
1.9572
1.9567
1.9562
1.9557
1.9552
1.9547
1.9542
1.9537
1.9532
1.9527
1.9522
1.9517
1.9512
1.9507
1.9502
1.9497
1.9492
1.9487
1.9482
1.9477
1.9473
1.9468
1.9463
1.9458
1.9454
1.9449
1.9444
1.944
1.9435
1.9431
1.9426
1.9422
1.9418
1.9413
1.9409
1.9404
1.94
1.9396
1.9392
1.9387
1.9383
1.9379
1.9375
1.9371
1.9367
1.9363
1.9359
1.9355
1.9351
1.9347
1.9343
1.9339
1.9335
1.9331
1.9327
1.9323
1.9319
1.9316
1.9312
1.9308
1.9304
1.9301
1.9297
1.9293
1.9289
1.9286
1.9282
1.9278
1.9275
1.9271
1.9267
1.9264
1.926
1.9257
1.9253
1.9249
1.9246
1.9242
1.9239
1.9235
1.9232
1.9228
1.9225
1.9221
1.9218
1.9214
1.9211
1.9207
1.9204
1.92
1.9197
1.9193
1.919
1.9186
1.9183
1.9179
1.9176
1.9172
1.9169
1.9165
1.9162
1.9158
1.9155
1.9151
1.9148
1.9145
1.9141
1.9138
1.9134
1.9131
1.9127
1.9124
1.912
1.9117
1.9113
1.911
1.9106
1.9103
1.9099
1.9095
1.9092
1.9088
1.9085
1.9081
1.9078
1.9074
1.907
1.9067
1.9063
1.906
1.9056
1.9052
1.9049
1.9045
1.9041
1.9038
1.9034
1.9031
1.9027
1.9023
1.902
1.9016
1.9012
1.9009
1.9005
1.9001
1.8998
1.8994
1.8991
1.8987
1.8983
1.898
1.8976
1.8973
1.8969
1.8966
1.8962
1.8959
1.8956
1.8952
1.8949
1.8946
1.8943
1.894
1.8937
1.8934
1.8931
1.8928
1.8926
1.8923
1.8921
1.8918
1.8916
1.8914
1.8912
1.891
1.8908
1.8907
1.8905
1.8904
1.8903
1.8902
1.8901
1.8901
1.89
1.89
1.89
1.89
1.89
1.8901
1.8901
1.8902
1.8903
1.8903
1.8904
1.8905
1.8906
1.8907
1.8908
1.8908
1.8908
1.8908
1.8907
1.8906
1.8904
1.89
1.8896
1.889
1.8883
1.8873
1.8861
1.8845
1.8827
1.8803
1.8775
1.8741
1.87
1.8651
1.8592
1.8521
1.8439
1.8342
1.823
1.8101
1.7955
1.7791
1.7611
1.7415
1.7204
1.6982
1.6749
1.6507
1.6258
1.6002
1.5739
1.547
1.5191
1.4902
1.4599
1.4279
1.3937
1.3568
1.3166
1.2727
1.2244
1.1713
1.1134
1.0511
.9851
.9172
.8492
.7835
.722
.6657
.6154
.5708
.5316
.497
.4664
.4393
.4151
.3934
.3738
.356
.3399
.3251
.3115
.299
.2875
.2768
.2669
.2577
.2491
.241
.2335
.2264
.2197
.2134
.2075
.2019
.1966
.1916
.1868
.1822
.1779
.1738
.1699
.1661
.1625
.1591
.1558
.1527
.1497
.1468
.144
.1413
.1387
.1363
.1339
.1316
.1293
.1272
.1251
.1231
.1212
.1193
.1175
.1157
.114
.1124
.1108
.1092
.1077
.1062
.1048
.1034
.1021
.1007
.0995
.0982
.097
.0958
.0947
.0936
.0925
.0914
.0903
.0893
.0883
.0874
.0864
.0855
.0846
.0837
.0828
.082
.0811
.0803
.0795
.0787
.078
.0772
.0765
.0758
.0751
.0744
.0737
.073
.0724
.0717
.0711
.0705
.0699
.0693
.0687
.0681
.0676
.067
.0665
.0659
.0654
.0649
.0644
.0639
.0634
.0629
.0624
.062
.0615
.061
.0606
.0602
.0597
.0593
.0589
.0585
.058
.0576
.0572
.0569
.0565
.0561
.0557
.0553
.055
.0546
.0543
.0539
.0536
.0532
.0529
.0526
.0522
.0519
.0516
.0513
.051
.0507
.0504
.0501
.0498
