4.4604
4.0509
3.7379
3.4878
3.2499
3.0008
2.7519
2.5538
2.4462
2.4018
2.3784
2.3588
2.339
2.3184
2.2973
2.2759
2.2544
2.233
2.2118
2.1908
2.1699
2.1489
2.1278
2.1061
2.0835
2.0595
2.0333
2.0042
1.9709
1.932
1.8856
1.8294
1.761
1.6782
1.5804
1.47
1.3524
1.2353
1.1251
1.0258
.9385
.8628
.7975
.7412
.6926
.6503
.6134
.581
.5524
.5269
.5041
.4836
.465
.4481
.4327
.4185
.4053
.3932
.3819
.3713
.3613
.352
.3432
.3348
.3268
.3193
.312
.3051
.2985
.2921
.286
.2801
.2744
.2688
.2635
.2583
.2533
.2485
.2438
.2392
.2348
.2305
.2263
.2222
.2183
.2145
.2108
.2072
.2037
.2003
.197
.1939
.1908
.1878
.1849
.182
.1793
.1766
.1741
.1716
.1691
.1668
.1645
.1623
.1601
.158
.156
.154
.1521
.1502
.1484
.1466
.1449
.1432
.1416
.14
.1384
.1369
.1354
.134
.1326
.1312
.1299
.1286
.1273
.126
.1248
.1236
.1225
.1213
.1202
.1191
.118
.117
.1159
.1149
.1139
.113
.112
.1111
.1102
.1093
.1084
.1075
.1067
.1058
.105
.1042
.1034
.1026
.1019
.1011
.1004
.0996
.0989
.0982
.0975
.0968
.0961
.0955
.0948
.0942
.0935
.0929
.0923
.0917
.0911
.0905
.0899
.0893
.0888
.0882
.0877
.0871
.0866
.086
.0855
.085
.0845
.084
.0835
.083
.0825
.082
.0816
.0811
.0806
.0802
.0797
.0793
.0788
.0784
.078
.0775
.0771
.0767
.0763
.0759
.0755
.0751
.0747
.0743
.0739
.0735
.0732
.0728
.0724
.072
.0717
.0713
.071
.0706
.0703
.0699
.0696
.0693
.0689
.0686
.0683
.0679
.0676
.0673
.067
.0667
.0664
.0661
.0658
.0655
.0652
.0649
.0646
.0643
.064
.0637
.0634
.0631
.0629
.0626
.0623
.0621
.0618
.0615
.0613
.061
.0607
.0605
.0602
.06
.0597
.0595
.0592
.059
.0588
.0585
.0583
.058
.0578
.0576
.0573
.0571
.0569
.0567
.0564
.0562
.056
.0558
.0556
.0554
.0551
.0549
.0547
.0545
.0543
.0541
.0539
.0537
.0535
.0533
.0531
.0529
.0527
.0525
.0523
.0521
.052
.0518
.0516
.0514
.0512
.051
.0508
.0507
.0505
.0503
.0501
.05
