3.7824
3.3037
2.8789
2.5389
2.3556
2.3015
2.2863
2.2743
2.2603
2.2446
2.2279
2.2106
2.1932
2.1756
2.1582
2.1408
2.1234
2.1062
2.0891
2.072
2.0551
2.0383
2.0215
2.0049
1.9883
1.9717
1.9551
1.9383
1.9213
1.9039
1.8859
1.8671
1.8472
1.8258
1.8024
1.7765
1.7473
1.714
1.6756
1.631
1.5792
1.5196
1.4519
1.3772
1.2973
1.2149
1.133
1.0542
.9804
.9126
.8509
.7952
.745
.6998
.6589
.622
.5884
.5578
.5298
.5042
.4806
.4589
.4387
.4201
.4028
.3866
.3716
.3575
.3443
.332
.3204
.3095
.2992
.2895
.2803
.2717
.2635
.2557
.2484
.2414
.2347
.2284
.2223
.2166
.2111
.2059
.2009
.1961
.1915
.1871
.1829
.1789
.175
.1712
.1677
.1642
.1609
.1577
.1546
.1516
.1488
.146
.1433
.1407
.1383
.1358
.1335
.1312
.129
.1269
.1248
.1228
.1209
.119
.1172
.1154
.1137
.112
.1104
.1088
.1072
.1057
.1043
.1028
.1014
.1001
.0988
.0975
.0962
.095
.0938
.0926
.0915
.0903
.0893
.0882
.0871
.0861
.0851
.0842
.0832
.0823
.0813
.0805
.0796
.0787
.0779
.0771
.0762
.0755
.0747
.0739
.0732
.0724
.0717
.071
.0703
.0696
.069
.0683
.0677
.067
.0664
.0658
.0652
.0646
.0641
.0635
.0629
.0624
.0618
.0613
.0608
.0603
.0598
.0593
.0588
.0583
.0578
.0573
.0569
.0564
.056
.0555
.0551
.0547
.0543
.0539
.0534
.053
.0526
.0523
.0519
.0515
.0511
.0507
.0504
.05
.0497
