4.4916
4.0775
3.7628
3.5362
3.3521
3.1836
3.0184
2.8545
2.7034
2.5874
2.5174
2.4781
2.4485
2.4186
2.386
2.3513
2.3153
2.279
2.243
2.208
2.1742
2.1422
2.1121
2.0844
2.0591
2.0362
2.0157
1.9974
1.9812
1.9667
1.9537
1.9421
1.9315
1.9219
1.9131
1.9049
1.8973
1.8902
1.8834
1.8771
1.871
1.8652
1.8596
1.8542
1.849
1.8439
1.8389
1.834
1.8292
1.8244
1.8197
1.815
1.8103
1.8056
1.8008
1.7959
1.791
1.7859
1.7807
1.7753
1.7697
1.7638
1.7576
1.7511
1.7441
1.7365
1.7284
1.7195
1.7098
1.699
1.6869
1.6732
1.6576
1.6395
1.6182
1.593
1.5625
1.5252
1.4788
1.4208
1.3484
1.2602
1.1577
1.0467
.9365
.8355
.7479
.6741
.6125
.561
.5173
.48
.4477
.4194
.3945
.3724
.3525
.3347
.3185
.3037
.2902
.2779
.2665
.2559
.2462
.2371
.2286
.2207
.2134
.2064
.1999
.1938
.1881
.1826
.1775
.1726
.168
.1636
.1594
.1554
.1516
.148
.1446
.1413
.1381
.1351
.1322
.1294
.1268
.1242
.1218
.1194
.1171
.1149
.1128
.1108
.1088
.1069
.105
.1033
.1015
.0999
.0982
.0967
.0952
.0937
.0923
.0909
.0895
.0882
.087
.0857
.0845
.0833
.0822
.0811
.08
.079
.0779
.0769
.076
.075
.0741
.0732
.0723
.0714
.0706
.0698
.069
.0682
.0674
.0667
.0659
.0652
.0645
.0638
.0631
.0625
.0618
.0612
.0605
.0599
.0593
.0588
.0582
.0576
.0571
.0565
.056
.0554
.0549
.0544
.0539
.0534
.053
.0525
.052
.0516
.0511
.0507
.0503
.0498
