4.2432
3.8774
3.6182
3.4207
3.2537
3.1048
2.9677
2.8371
2.7074
2.5746
2.4415
2.3191
2.2204
2.1474
2.0932
2.0513
2.0183
1.9926
1.9723
1.9558
1.9418
1.9294
1.918
1.9073
1.8971
1.8874
1.878
1.8689
1.86
1.8513
1.8427
1.8342
1.8258
1.8173
1.8088
1.8002
1.7914
1.7826
1.7735
1.7642
1.7545
1.7445
1.7341
1.7231
1.7115
1.699
1.6855
1.6707
1.6543
1.6358
1.6147
1.5901
1.5611
1.5264
1.4843
1.433
1.3703
1.2949
1.2064
1.1073
1.0031
.9004
.8052
.7207
.6478
.5855
.5325
.4873
.4485
.4151
.3861
.3608
.3386
.3189
.3013
.2857
.2716
.2588
.2473
.2367
.2271
.2182
.2101
.2026
.1956
.1891
.1831
.1774
.1722
.1672
.1626
.1582
.1541
.1502
.1465
.143
.1397
.1365
.1335
.1306
.1279
.1253
.1228
.1204
.1181
.1159
.1138
.1117
.1098
.1079
.1061
.1043
.1026
.101
.0994
.0979
.0964
.095
.0936
.0923
.091
.0897
.0885
.0873
.0861
.085
.0839
.0829
.0818
.0808
.0798
.0789
.078
.077
.0762
.0753
.0744
.0736
.0728
.072
.0713
.0705
.0698
.069
.0683
.0677
.067
.0663
.0657
.065
.0644
.0638
.0632
.0626
.062
.0615
.0609
.0604
.0598
.0593
.0588
.0583
.0578
.0573
.0568
.0564
.0559
.0554
.055
.0546
.0541
.0537
.0533
.0529
.0525
.0521
.0517
.0513
.0509
.0505
.0501
.0498
