4.2618
3.9166
3.723
3.5949
3.4878
3.3846
3.2782
3.1657
3.0465
2.9219
2.7958
2.6758
2.5721
2.4934
2.4414
2.4105
2.3927
2.3818
2.3739
2.3669
2.3597
2.3517
2.3424
2.3317
2.3194
2.3052
2.289
2.2707
2.25
2.2267
2.2005
2.1709
2.1375
2.0995
2.0561
2.0067
1.951
1.8891
1.8219
1.7506
1.6769
1.6021
1.5276
1.4545
1.3834
1.3149
1.2495
1.1874
1.1288
1.0736
1.0219
.9737
.9288
.887
.8482
.8123
.7789
.748
.7192
.6925
.6677
.6445
.6229
.6028
.5839
.5661
.5495
.5338
.5191
.5051
.492
.4795
.4677
.4565
.4458
.4356
.4259
.4167
.4078
.3994
.3913
.3835
.3761
.3689
.362
.3554
.3491
.3429
.337
.3313
.3258
.3204
.3153
.3103
.3055
.3008
.2963
.2919
.2876
.2835
.2794
.2755
.2717
.268
.2645
.261
.2575
.2542
.251
.2478
.2448
.2418
.2388
.236
.2332
.2305
.2278
.2252
.2226
.2202
.2177
.2153
.213
.2107
.2085
.2063
.2041
.202
.2
.1979
.196
.194
.1921
.1902
.1884
.1866
.1848
.1831
.1814
.1797
.1781
.1764
.1748
.1733
.1717
.1702
.1687
.1673
.1658
.1644
.163
.1617
.1603
.159
.1577
.1564
.1551
.1539
.1527
.1515
.1503
.1491
.1479
.1468
.1457
.1446
.1435
.1424
.1413
.1403
.1393
.1382
.1372
.1362
.1353
.1343
.1334
.1324
.1315
.1306
.1297
.1288
.1279
.127
.1262
.1253
.1245
.1237
.1229
.122
.1213
.1205
.1197
.1189
.1182
.1174
.1167
.1159
.1152
.1145
.1138
.1131
.1124
.1117
.1111
.1104
.1097
.1091
.1084
.1078
.1072
.1065
.1059
.1053
.1047
.1041
.1035
.1029
.1024
.1018
.1012
.1007
.1001
.0995
.099
.0985
.0979
.0974
.0969
.0964
.0958
.0953
.0948
.0943
.0938
.0934
.0929
.0924
.0919
.0915
.091
.0905
.0901
.0896
.0892
.0887
.0883
.0879
.0874
.087
.0866
.0862
.0857
.0853
.0849
.0845
.0841
.0837
.0833
.0829
.0825
.0822
.0818
.0814
.081
.0807
.0803
.0799
.0796
.0792
.0788
.0785
.0781
.0778
.0774
.0771
.0768
.0764
.0761
.0758
.0754
.0751
.0748
.0745
.0742
.0738
.0735
.0732
.0729
.0726
.0723
.072
.0717
.0714
.0711
.0708
.0705
.0702
.07
.0697
.0694
.0691
.0688
.0686
.0683
.068
.0678
.0675
.0672
.067
.0667
.0664
.0662
.0659
.0657
.0654
.0652
.0649
.0647
.0644
.0642
.064
.0637
.0635
.0633
.063
.0628
.0626
.0623
.0621
.0619
.0616
.0614
.0612
.061
.0608
.0605
.0603
.0601
.0599
.0597
.0595
.0593
.0591
.0589
.0587
.0585
.0583
.058
.0579
.0577
.0575
.0573
.0571
.0569
.0567
.0565
.0563
.0561
.0559
.0557
.0556
.0554
.0552
.055
.0548
.0546
.0545
.0543
.0541
.0539
.0538
.0536
.0534
.0533
.0531
.0529
.0527
.0526
.0524
.0523
.0521
.0519
.0518
.0516
.0514
.0513
.0511
.051
.0508
.0507
.0505
.0503
.0502
.05
.0499
