4.4043
3.7773
3.144
2.6146
2.2841
2.1807
2.1679
2.1647
2.1589
2.1507
2.1408
2.1299
2.1184
2.1064
2.0942
2.082
2.0698
2.0579
2.0463
2.0351
2.0244
2.0142
2.0046
1.9956
1.9871
1.9792
1.9718
1.9649
1.9584
1.9523
1.9465
1.941
1.9359
1.9309
1.9262
1.9217
1.9174
1.9132
1.9092
1.9053
1.9016
1.8979
1.8943
1.8909
1.8875
1.8841
1.8809
1.8777
1.8746
1.8715
1.8684
1.8654
1.8625
1.8596
1.8567
1.8538
1.851
1.8481
1.8453
1.8425
1.8398
1.837
1.8342
1.8314
1.8286
1.8258
1.823
1.8202
1.8174
1.8146
1.8117
1.8088
1.8059
1.803
1.8
1.7971
1.794
1.791
1.7879
1.7848
1.7817
1.7785
1.7753
1.7721
1.7688
1.7655
1.7622
1.7589
1.7555
1.7521
1.7486
1.7452
1.7417
1.7382
1.7347
1.7312
1.7277
1.7241
1.7206
1.7171
1.7136
1.7101
1.7066
1.7031
1.6997
1.6963
1.6929
1.6895
1.6862
1.6829
1.6797
1.6765
1.6733
1.6703
1.6672
1.6642
1.6613
1.6584
1.6556
1.6529
1.6502
1.6475
1.645
1.6425
1.64
1.6376
1.6353
1.633
1.6309
1.6287
1.6267
1.6246
1.6227
1.6208
1.619
1.6172
1.6155
1.6138
1.6122
1.6107
1.6092
1.6077
1.6063
1.605
1.6037
1.6025
1.6013
1.6001
1.599
1.5979
1.5969
1.5959
1.595
1.5941
1.5932
1.5923
1.5915
1.5908
1.59
1.5893
1.5886
1.5879
1.5873
1.5867
1.5861
1.5855
1.5849
1.5844
1.5838
1.5833
1.5828
1.5823
1.5818
1.5813
1.5808
1.5804
1.5799
1.5794
1.5789
1.5784
1.5779
1.5774
1.5769
1.5764
1.5758
1.5754
1.5745
1.5747
1.5724
1.5753
1.5671
1.5828
1.5466
1.6242
1.4576
1.8317
1.2008
2.2806
1.1577
2.2093
1.1422
2.1544
1.2029
2.1349
1.2591
2.1209
1.3013
2.1093
1.3306
2.101
1.3476
2.0963
1.3538
2.0946
1.3512
2.0953
1.342
2.0974
1.3281
2.0999
1.3111
2.102
1.2918
2.1031
1.2706
2.1027
1.2474
2.1005
1.2225
2.0959
1.1961
2.0885
1.1687
2.0778
1.1413
2.0628
1.1148
2.0418
1.0905
2.0116
1.0705
1.9647
1.0589
1.8847
1.0681
1.7354
1.1409
1.4828
1.2909
1.2385
1.1931
1.137
1.0741
1.0138
.9588
.9075
.86
.8173
.7793
.7452
.7147
.6873
.6627
.6404
.6203
.6019
.5853
.57
.556
.5432
.5314
.5204
.5103
.5009
.4921
.4839
.4762
.469
.4623
.4559
.4498
.4441
.4387
.4336
.4286
.4239
.4194
.4151
.411
.407
.4032
.3995
.3959
.3924
.389
.3857
.3825
.3793
.3762
.3732
.3702
.3673
.3644
.3615
.3587
.3558
.353
.3502
.3474
.3446
.3418
.3389
.336
.3331
.3302
.3272
.3242
.3211
.3179
.3147
.3114
.308
.3045
.3009
.2972
.2933
.2894
.2853
.281
.2766
.2721
.2674
.2625
.2575
.2524
.247
.2416
.236
.2304
.2246
.2188
.2129
.207
.2012
.1954
.1897
.184
.1786
.1732
.168
.163
.1582
.1536
.1492
.1449
.1409
.137
.1333
.1299
.1265
.1233
.1203
.1175
.1147
.1121
.1096
.1072
.1049
.1028
.1007
.0987
.0968
.0949
.0932
.0915
.0899
.0883
.0868
.0853
.0839
.0826
.0813
.08
.0788
.0776
.0764
.0753
.0742
.0732
.0722
.0712
.0702
.0693
.0684
.0675
.0667
.0658
.065
.0642
.0634
.0627
.062
.0612
.0605
.0599
.0592
.0586
.0579
.0573
.0567
.0561
.0555
.055
.0544
.0539
.0533
.0528
.0523
.0518
.0513
.0508
.0504
.0499
