4.4944
4.1436
3.8816
3.6736
3.4767
3.2629
3.0193
2.76
2.542
2.4217
2.3769
2.3579
2.3436
2.3292
2.3141
2.2984
2.2822
2.2657
2.2491
2.2326
2.216
2.1997
2.1834
2.1674
2.1517
2.1362
2.1209
2.106
2.0913
2.0769
2.0627
2.0488
2.0352
2.0219
2.0088
1.996
1.9835
1.9713
1.9593
1.9477
1.9362
1.925
1.914
1.9032
1.8926
1.8821
1.8717
1.8614
1.8511
1.8407
1.8302
1.8195
1.8085
1.797
1.785
1.7722
1.7584
1.7432
1.7263
1.7071
1.685
1.6589
1.6276
1.5894
1.5422
1.4835
1.4107
1.3222
1.2188
1.1054
.9902
.8816
.7851
.7024
.6327
.5741
.5248
.4829
.447
.416
.389
.3653
.3443
.3256
.3088
.2936
.2799
.2674
.256
.2455
.2359
.227
.2187
.2111
.204
.1973
.1911
.1853
.1798
.1747
.1699
.1653
.161
.1569
.1531
.1494
.146
.1427
.1395
.1365
.1337
.131
.1283
.1259
.1235
.1212
.119
.1169
.1148
.1129
.111
.1092
.1075
.1058
.1042
.1026
.1011
.0996
.0982
.0968
.0955
.0942
.093
.0918
.0906
.0894
.0883
.0873
.0862
.0852
.0842
.0832
.0823
.0814
.0805
.0796
.0788
.0779
.0771
.0763
.0755
.0748
.0741
.0733
.0726
.0719
.0713
.0706
.0699
.0693
.0687
.0681
.0675
.0669
.0663
.0658
.0652
.0647
.0641
.0636
.0631
.0626
.0621
.0616
.0611
.0607
.0602
.0598
.0593
.0589
.0584
.058
.0576
.0572
.0568
.0564
.056
.0556
.0552
.0549
.0545
.0541
.0538
.0534
.0531
.0527
.0524
.0521
.0517
.0514
.0511
.0508
.0505
.0502
.0498
