4.2853
3.7376
3.2558
2.8957
2.6446
2.4972
2.4342
2.4127
2.3996
2.383
2.3608
2.3337
2.3031
2.2706
2.2376
2.2056
2.1754
2.1475
2.1222
2.0994
2.0789
2.0603
2.0434
2.0279
2.0136
2.0002
1.9877
1.9759
1.9646
1.9539
1.9436
1.9337
1.9241
1.9148
1.9057
1.8969
1.8883
1.8798
1.8715
1.8632
1.8551
1.8471
1.8391
1.8311
1.823
1.815
1.8068
1.7985
1.7901
1.7814
1.7724
1.7632
1.7535
1.7433
1.7326
1.7212
1.709
1.6958
1.6816
1.666
1.6488
1.6298
1.6086
1.5848
1.5579
1.5275
1.4929
1.4536
1.4089
1.3586
1.3025
1.241
1.1751
1.1062
1.0365
.9679
.9023
.8409
.7845
.7333
.6872
.6458
.6087
.5753
.5453
.5182
.4936
.4712
.4508
.4321
.4149
.399
.3843
.3707
.3579
.346
.3349
.3244
.3146
.3053
.2965
.2882
.2803
.2728
.2656
.2588
.2523
.2461
.2401
.2344
.229
.2237
.2187
.2138
.2092
.2047
.2003
.1961
.1921
.1882
.1844
.1808
.1773
.1739
.1706
.1674
.1643
.1613
.1584
.1556
.1529
.1502
.1476
.1451
.1427
.1404
.1381
.1358
.1337
.1316
.1295
.1275
.1256
.1237
.1218
.1201
.1183
.1166
.1149
.1133
.1117
.1102
.1087
.1072
.1058
.1044
.1031
.1017
.1004
.0992
.0979
.0967
.0955
.0944
.0932
.0921
.091
.09
.0889
.0879
.0869
.0859
.085
.084
.0831
.0822
.0813
.0805
.0796
.0788
.078
.0772
.0764
.0756
.0749
.0741
.0734
.0727
.072
.0713
.0706
.07
.0693
.0687
.068
.0674
.0668
.0662
.0656
.065
.0645
.0639
.0634
.0628
.0623
.0618
.0612
.0607
.0602
.0597
.0593
.0588
.0583
.0579
.0574
.0569
.0565
.0561
.0556
.0552
.0548
.0544
.054
.0536
.0532
.0528
.0524
.052
.0517
.0513
.0509
.0506
.0502
.0499
