4.2713
3.8019
3.4172
3.1122
2.863
2.673
2.5568
2.5057
2.4888
2.4829
2.4784
2.4726
2.4653
2.4562
2.4456
2.4335
2.4197
2.4041
2.3865
2.3668
2.3446
2.3198
2.2921
2.2616
2.2281
2.1915
2.1515
2.1078
2.0593
2.0046
1.9418
1.8689
1.7846
1.6885
1.5825
1.4702
1.3563
1.2456
1.1417
1.0469
.9622
.8873
.8215
.764
.7137
.6697
.6309
.5967
.5663
.5393
.515
.4932
.4734
.4554
.439
.4238
.4099
.397
.385
.3738
.3633
.3535
.3443
.3355
.3273
.3194
.312
.3048
.2981
.2916
.2854
.2795
.2738
.2683
.2631
.258
.2531
.2484
.2439
.2395
.2353
.2313
.2273
.2235
.2199
.2163
.2129
.2095
.2063
.2032
.2002
.1973
.1944
.1917
.189
.1864
.1839
.1814
.1791
.1768
.1745
.1723
.1702
.1682
.1662
.1642
.1623
.1605
.1587
.1569
.1552
.1535
.1519
.1503
.1487
.1472
.1458
.1443
.1429
.1415
.1402
.1388
.1375
.1363
.135
.1338
.1326
.1315
.1303
.1292
.1281
.127
.126
.1249
.1239
.1229
.1219
.121
.12
.1191
.1182
.1173
.1164
.1155
.1147
.1139
.113
.1122
.1114
.1106
.1099
.1091
.1084
.1076
.1069
.1062
.1055
.1048
.1041
.1034
.1027
.1021
.1014
.1008
.1002
.0995
.0989
.0983
.0977
.0971
.0966
.096
.0954
.0949
.0943
.0938
.0932
.0927
.0922
.0917
.0911
.0906
.0901
.0896
.0891
.0887
.0882
.0877
.0872
.0868
.0863
.0859
.0854
.085
.0846
.0841
.0837
.0833
.0829
.0824
.082
.0816
.0812
.0808
.0804
.08
.0797
.0793
.0789
.0785
.0782
.0778
.0774
.0771
.0767
.0764
.076
.0757
.0753
.075
.0746
.0743
.074
.0737
.0733
.073
.0727
.0724
.0721
.0717
.0714
.0711
.0708
.0705
.0702
.0699
.0697
.0694
.0691
.0688
.0685
.0682
.068
.0677
.0674
.0671
.0669
.0666
.0663
.0661
.0658
.0656
.0653
.065
.0648
.0645
.0643
.0641
.0638
.0636
.0633
.0631
.0629
.0626
.0624
.0622
.0619
.0617
.0615
.0612
.061
.0608
.0606
.0604
.0601
.0599
.0597
.0595
.0593
.0591
.0589
.0587
.0585
.0583
.0581
.0579
.0577
.0575
.0573
.0571
.0569
.0567
.0565
.0563
.0561
.0559
.0558
.0556
.0554
.0552
.055
.0548
.0547
.0545
.0543
.0541
.054
.0538
.0536
.0534
.0533
.0531
.0529
.0528
.0526
.0524
.0523
.0521
.052
.0518
.0516
.0515
.0513
.0512
.051
.0509
.0507
.0506
.0504
.0503
.0501
.05
