4.2623
3.938
3.6904
3.4623
3.2115
2.915
2.5886
2.3208
2.1873
2.1381
2.114
2.0968
2.0824
2.0696
2.0581
2.0476
2.038
2.029
2.0205
2.0122
2.004
1.9959
1.9878
1.9795
1.971
1.9623
1.9533
1.9441
1.9346
1.9249
1.9149
1.9047
1.8943
1.8839
1.8734
1.8629
1.8526
1.8423
1.8323
1.8225
1.813
1.8039
1.795
1.7865
1.7783
1.7705
1.763
1.7558
1.7489
1.7423
1.736
1.7299
1.7241
1.7185
1.7132
1.708
1.7031
1.6983
1.6937
1.6892
1.6849
1.6808
1.6768
1.6729
1.6691
1.6654
1.6618
1.6584
1.655
1.6517
1.6485
1.6454
1.6423
1.6393
1.6364
1.6335
1.6307
1.628
1.6253
1.6226
1.62
1.6174
1.6148
1.6123
1.6098
1.6073
1.6048
1.6023
1.5999
1.5974
1.595
1.5925
1.59
1.5875
1.585
1.5824
1.5798
1.5771
1.5744
1.5716
1.5687
1.5657
1.5625
1.5593
1.5558
1.5521
1.5482
1.544
1.5395
1.5346
1.5292
1.5233
1.5167
1.5093
1.5008
1.4912
1.48
1.467
1.4516
1.4332
1.411
1.384
1.3509
1.3102
1.2601
1.1993
1.1271
1.0446
.9554
.8647
.7778
.6987
.6288
.5682
.5159
.4709
.432
.3983
.3689
.3432
.3205
.3006
.2828
.267
.2528
.2401
.2286
.2181
.2086
.2
.192
.1847
.178
.1718
.166
.1607
.1557
.151
.1467
.1426
.1387
.1351
.1317
.1285
.1254
.1225
.1198
.1172
.1147
.1123
.1101
.1079
.1059
.1039
.102
.1002
.0984
.0968
.0952
.0936
.0921
.0907
.0893
.0879
.0866
.0854
.0842
.083
.0818
.0807
.0797
.0786
.0776
.0766
.0757
.0748
.0738
.073
.0721
.0713
.0705
.0697
.0689
.0681
.0674
.0667
.066
.0653
.0646
.064
.0633
.0627
.0621
.0615
.0609
.0603
.0598
.0592
.0587
.0581
.0576
.0571
.0566
.0561
.0556
.0552
.0547
.0542
.0538
.0533
.0529
.0525
.0521
.0516
.0512
.0508
.0505
.0501
.0497
