4.4342
3.9551
3.5065
3.1185
2.7757
2.5012
2.3397
2.2744
2.2486
2.2322
2.2172
2.2026
2.1883
2.1745
2.1613
2.1487
2.1368
2.1253
2.1142
2.1035
2.0931
2.0829
2.0729
2.063
2.0532
2.0434
2.0337
2.024
2.0143
2.0045
1.9946
1.9846
1.9744
1.9641
1.9535
1.9426
1.9315
1.9199
1.9079
1.8953
1.8822
1.8682
1.8534
1.8375
1.8203
1.8015
1.7808
1.7577
1.7316
1.702
1.6679
1.6284
1.5826
1.5293
1.4681
1.3989
1.3228
1.242
1.1596
1.0788
1.0024
.932
.8683
.8113
.7604
.7149
.6742
.6376
.6045
.5744
.5471
.522
.4989
.4775
.4578
.4394
.4223
.4063
.3914
.3774
.3642
.3518
.3401
.3291
.3187
.3088
.2995
.2906
.2823
.2743
.2667
.2595
.2526
.2461
.2398
.2339
.2282
.2227
.2175
.2125
.2077
.2031
.1987
.1944
.1904
.1864
.1827
.179
.1755
.1721
.1689
.1657
.1627
.1597
.1569
.1541
.1515
.1489
.1464
.144
.1416
.1394
.1372
.135
.1329
.1309
.1289
.127
.1252
.1234
.1216
.1199
.1182
.1166
.115
.1135
.112
.1105
.1091
.1077
.1063
.105
.1037
.1024
.1012
.0999
.0988
.0976
.0965
.0954
.0943
.0932
.0922
.0911
.0901
.0892
.0882
.0873
.0864
.0855
.0846
.0837
.0829
.082
.0812
.0804
.0796
.0788
.0781
.0773
.0766
.0759
.0752
.0745
.0738
.0731
.0725
.0718
.0712
.0706
.07
.0693
.0688
.0682
.0676
.067
.0665
.0659
.0654
.0648
.0643
.0638
.0633
.0628
.0623
.0618
.0613
.0609
.0604
.06
.0595
.0591
.0586
.0582
.0578
.0573
.0569
.0565
.0561
.0557
.0553
.0549
.0546
.0542
.0538
.0534
.0531
.0527
.0524
.052
.0517
.0513
.051
.0507
.0504
.05
.0497
