4.8626
4.3891
3.8915
3.5021
3.1863
2.8845
2.5932
2.3565
2.2086
2.1305
2.0882
2.0621
2.044
2.0302
2.0191
2.0098
2.0016
1.9943
1.9876
1.9814
1.9753
1.9695
1.9637
1.9579
1.9521
1.946
1.9398
1.9332
1.9264
1.9192
1.9115
1.9035
1.895
1.886
1.8766
1.8667
1.8563
1.8454
1.834
1.8222
1.8098
1.7968
1.7832
1.7688
1.7534
1.7369
1.719
1.6992
1.6772
1.6524
1.624
1.5912
1.5532
1.5089
1.4576
1.3989
1.3331
1.2614
1.1859
1.1093
1.0341
.9625
.8959
.8349
.7794
.7293
.684
.643
.6059
.5722
.5415
.5134
.4876
.4639
.4421
.422
.4034
.3861
.37
.3551
.3412
.3282
.316
.3046
.2939
.2838
.2744
.2654
.257
.2491
.2416
.2344
.2277
.2213
.2152
.2094
.2039
.1986
.1936
.1888
.1842
.1798
.1756
.1716
.1678
.1641
.1605
.1571
.1538
.1507
.1477
.1447
.1419
.1392
.1366
.134
.1316
.1292
.127
.1247
.1226
.1205
.1185
.1166
.1147
.1129
.1111
.1094
.1077
.1061
.1045
.1029
.1014
.1
.0986
.0972
.0959
.0946
.0933
.092
.0908
.0896
.0885
.0874
.0863
.0852
.0841
.0831
.0821
.0811
.0802
.0793
.0783
.0775
.0766
.0757
.0749
.0741
.0733
.0725
.0717
.071
.0702
.0695
.0688
.0681
.0674
.0667
.0661
.0654
.0648
.0642
.0635
.0629
.0624
.0618
.0612
.0607
.0601
.0596
.059
.0585
.058
.0575
.057
.0565
.056
.0556
.0551
.0546
.0542
.0537
.0533
.0529
.0525
.052
.0516
.0512
.0508
.0504
.0501
.0497
