3.8107
3.5597
3.2753
2.9282
2.5664
2.3454
2.2803
2.2569
2.2374
2.2176
2.1976
2.1781
2.1594
2.142
2.1259
2.1112
2.0981
2.0864
2.076
2.0668
2.0588
2.0517
2.0454
2.0399
2.0351
2.0307
2.0269
2.0235
2.0205
2.0178
2.0153
2.0131
2.0111
2.0093
2.0077
2.0062
2.0048
2.0036
2.0024
2.0013
2.0003
1.9994
1.9985
1.9977
1.997
1.9963
1.9956
1.995
1.9944
1.9938
1.9933
1.9927
1.9922
1.9918
1.9913
1.9909
1.9905
1.9901
1.9897
1.9893
1.9889
1.9885
1.9882
1.9878
1.9875
1.9871
1.9868
1.9864
1.9861
1.9857
1.9854
1.9851
1.9847
1.9843
1.984
1.9836
1.9832
1.9828
1.9824
1.982
1.9816
1.9811
1.9806
1.9801
1.9796
1.9791
1.9785
1.9779
1.9772
1.9765
1.9757
1.9749
1.974
1.9731
1.972
1.9709
1.9696
1.9682
1.9667
1.9649
1.963
1.9607
1.9582
1.9553
1.9519
1.948
1.9434
1.9378
1.9311
1.9229
1.9126
1.8997
1.883
1.8609
1.8313
1.7907
1.7342
1.6559
1.5506
1.42
1.2784
1.1459
1.0338
.9418
.866
.8024
.7481
.701
.6595
.6226
.5894
.5592
.5316
.5061
.4825
.4605
.44
.4206
.4025
.3853
.3691
.3539
.3394
.3258
.3128
.3006
.2891
.2782
.268
.2582
.2491
.2404
.2322
.2245
.2172
.2103
.2037
.1975
.1916
.1861
.1808
.1757
.171
.1664
.1621
.1579
.154
.1502
.1466
.1432
.1399
.1368
.1337
.1308
.1281
.1254
.1228
.1203
.1179
.1157
.1134
.1113
.1092
.1073
.1053
.1035
.1017
.0999
.0983
.0966
.095
.0935
.092
.0906
.0892
.0878
.0865
.0852
.084
.0827
.0816
.0804
.0793
.0782
.0771
.0761
.0751
.0741
.0731
.0722
.0713
.0704
.0695
.0686
.0678
.067
.0662
.0654
.0646
.0639
.0632
.0624
.0617
.061
.0604
.0597
.0591
.0584
.0578
.0572
.0566
.056
.0554
.0549
.0543
.0538
.0533
.0527
.0522
.0517
.0512
.0507
.0502
.0498
