4.6501
4.1658
3.7691
3.4917
3.264
3.0428
2.8164
2.6024
2.4388
2.3454
2.3021
2.2808
2.2673
2.2564
2.2464
2.2367
2.2269
2.217
2.2069
2.1964
2.1856
2.1745
2.1631
2.1515
2.1397
2.1277
2.1156
2.1033
2.0909
2.0783
2.0655
2.0524
2.0389
2.0249
2.0102
1.9947
1.978
1.9599
1.9401
1.918
1.8932
1.8648
1.8319
1.7932
1.7472
1.6922
1.6261
1.5474
1.4555
1.3518
1.2407
1.1281
1.0202
.9212
.8332
.7562
.6895
.6317
.5817
.5381
.5001
.4666
.437
.4106
.3871
.3659
.3468
.3294
.3136
.2992
.2859
.2737
.2624
.252
.2423
.2332
.2248
.2169
.2095
.2026
.1961
.1899
.1841
.1786
.1734
.1685
.1638
.1593
.1551
.1511
.1472
.1436
.1401
.1367
.1335
.1304
.1275
.1246
.1219
.1193
.1168
.1144
.1121
.1098
.1077
.1056
.1036
.1016
.0997
.0979
.0962
.0945
.0928
.0912
.0897
.0882
.0867
.0853
.084
.0827
.0814
.0801
.0789
.0777
.0766
.0755
.0744
.0733
.0723
.0713
.0703
.0693
.0684
.0675
.0666
.0658
.0649
.0641
.0633
.0625
.0617
.061
.0603
.0595
.0588
.0582
.0575
.0568
.0562
.0556
.0549
.0543
.0538
.0532
.0526
.0521
.0515
.051
.0505
.05
