4.7559
4.3149
3.8539
3.4225
2.9972
2.5868
2.3014
2.1946
2.1671
2.1542
2.1426
2.1307
2.1185
2.1061
2.0936
2.0811
2.0687
2.0562
2.0438
2.0314
2.019
2.0067
1.9945
1.9822
1.9701
1.9579
1.9458
1.9338
1.9218
1.9098
1.8979
1.886
1.8742
1.8623
1.8505
1.8387
1.827
1.8151
1.8033
1.7914
1.7794
1.7673
1.7549
1.7423
1.7293
1.7158
1.7017
1.6867
1.6707
1.6533
1.6342
1.6128
1.5886
1.5608
1.5286
1.4909
1.4468
1.3954
1.3363
1.2696
1.1967
1.1198
1.0416
.965
.8924
.8252
.7641
.7091
.6598
.6156
.5761
.5406
.5086
.4797
.4535
.4297
.408
.3881
.3699
.3531
.3376
.3234
.3101
.2978
.2864
.2758
.2658
.2565
.2478
.2396
.2318
.2246
.2177
.2112
.2051
.1993
.1938
.1886
.1836
.1789
.1744
.17
.1659
.162
.1583
.1547
.1512
.1479
.1447
.1417
.1388
.1359
.1332
.1306
.1281
.1257
.1233
.1211
.1189
.1168
.1147
.1127
.1108
.109
.1072
.1054
.1038
.1021
.1005
.099
.0975
.096
.0946
.0932
.0919
.0906
.0893
.0881
.0869
.0857
.0846
.0834
.0824
.0813
.0803
.0793
.0783
.0773
.0764
.0754
.0745
.0737
.0728
.072
.0711
.0703
.0695
.0688
.068
.0673
.0666
.0658
.0652
.0645
.0638
.0631
.0625
.0619
.0613
.0606
.0601
.0595
.0589
.0583
.0578
.0572
.0567
.0562
.0557
.0552
.0547
.0542
.0537
.0532
.0528
.0523
.0519
.0514
.051
.0506
.0501
.0497
