4.1292
3.443
2.8174
2.4269
2.2984
2.2853
2.2854
2.2817
2.2749
2.2663
2.2569
2.2472
2.2376
2.2281
2.2188
2.2095
2.2001
2.1905
2.1805
2.1701
2.159
2.1473
2.1347
2.1213
2.1072
2.0922
2.0765
2.0601
2.0431
2.0257
2.0078
1.9897
1.9714
1.9529
1.9345
1.9161
1.8978
1.8797
1.8618
1.8442
1.8269
1.8098
1.7929
1.7763
1.7599
1.7436
1.7274
1.7111
1.6947
1.6781
1.6612
1.6437
1.6255
1.6063
1.586
1.5642
1.5406
1.5148
1.4862
1.4545
1.4191
1.3796
1.3358
1.2877
1.2358
1.181
1.1245
1.068
1.0128
.9601
.9105
.8645
.8221
.7832
.7474
.7144
.6839
.6556
.6293
.6046
.5814
.5595
.5388
.5191
.5004
.4825
.4654
.4491
.4334
.4185
.4041
.3904
.3773
.3647
.3527
.3413
.3303
.3198
.3098
.3003
.2912
.2825
.2742
.2663
.2588
.2515
.2447
.2381
.2318
.2258
.22
.2145
.2092
.2041
.1993
.1946
.1901
.1858
.1817
.1777
.1739
.1702
.1667
.1633
.16
.1568
.1537
.1507
.1479
.1451
.1424
.1398
.1373
.1349
.1326
.1303
.1281
.1259
.1238
.1218
.1199
.118
.1161
.1143
.1126
.1109
.1092
.1076
.106
.1045
.103
.1016
.1002
.0988
.0974
.0961
.0948
.0936
.0924
.0912
.09
.0889
.0878
.0867
.0856
.0846
.0836
.0826
.0816
.0807
.0798
.0788
.078
.0771
.0762
.0754
.0746
.0738
.073
.0722
.0715
.0707
.07
.0693
.0686
.0679
.0672
.0665
.0659
.0653
.0646
.064
.0634
.0628
.0622
.0616
.0611
.0605
.06
.0594
.0589
.0584
.0579
.0574
.0569
.0564
.0559
.0555
.055
.0545
.0541
.0536
.0532
.0528
.0524
.0519
.0515
.0511
.0507
.0503
.0499
