4.5929
4.1012
3.682
3.3462
3.0323
2.7254
2.4764
2.344
2.3026
2.2948
2.2947
2.296
2.2972
2.2983
2.2992
2.2999
2.3004
2.3008
2.301
2.301
2.3008
2.3005
2.2999
2.2992
2.2982
2.2971
2.2957
2.2942
2.2924
2.2904
2.2881
2.2856
2.2828
2.2796
2.2762
2.2724
2.2683
2.2638
2.259
2.2538
2.2483
2.2425
2.2364
2.2301
2.2235
2.2169
2.2101
2.2033
2.1965
2.1897
2.1829
2.1761
2.1694
2.1626
2.1557
2.1488
2.1417
2.1345
2.1272
2.1196
2.1118
2.1038
2.0956
2.0871
2.0784
2.0696
2.0606
2.0514
2.0421
2.0326
2.0231
2.0135
2.0039
1.9943
1.9848
1.9753
1.9658
1.9565
1.9472
1.9381
1.9291
1.9203
1.9115
1.9029
1.8943
1.8858
1.8772
1.8687
1.86
1.8512
1.8422
1.8328
1.823
1.8126
1.8015
1.7894
1.7762
1.7613
1.7446
1.7252
1.7027
1.676
1.644
1.6052
1.558
1.5007
1.4322
1.3524
1.2632
1.1684
1.0732
.9824
.8994
.8254
.7603
.7033
.6532
.609
.5697
.5346
.5031
.4746
.4487
.4252
.4037
.384
.3659
.3492
.3339
.3196
.3064
.2942
.2828
.2722
.2623
.253
.2443
.2361
.2285
.2212
.2144
.208
.2019
.1962
.1907
.1855
.1806
.176
.1715
.1673
.1632
.1593
.1556
.1521
.1487
.1454
.1423
.1393
.1365
.1337
.131
.1285
.126
.1236
.1213
.1191
.117
.1149
.1129
.111
.1091
.1073
.1055
.1038
.1022
.1006
.099
.0975
.0961
.0946
.0932
.0919
.0906
.0893
.0881
.0869
.0857
.0846
.0834
.0823
.0813
.0803
.0792
.0783
.0773
.0763
.0754
.0745
.0737
.0728
.072
.0711
.0703
.0696
.0688
.068
.0673
.0666
.0659
.0652
.0645
.0638
.0632
.0625
.0619
.0613
.0607
.0601
.0595
.0589
.0584
.0578
.0573
.0568
.0562
.0557
.0552
.0547
.0543
.0538
.0533
.0528
.0524
.0519
.0515
.0511
.0507
.0502
.0498
