4.2781
3.9982
3.8205
3.6867
3.5651
3.4406
3.3049
3.1532
2.9847
2.8052
2.6339
2.5002
2.4196
2.3782
2.3545
2.3366
2.3201
2.3036
2.2866
2.2692
2.2513
2.2331
2.2148
2.1967
2.1789
2.1618
2.1453
2.1297
2.1148
2.1007
2.0872
2.0742
2.0617
2.0494
2.0374
2.0254
2.0135
2.0016
1.9897
1.9776
1.9654
1.9531
1.9406
1.9279
1.915
1.902
1.8886
1.875
1.8611
1.8467
1.8318
1.8162
1.7998
1.7823
1.7635
1.7428
1.7198
1.6937
1.6635
1.6279
1.5851
1.5331
1.4694
1.3918
1.2995
1.1945
1.0825
.9718
.8698
.7805
.7047
.641
.5876
.5426
.5043
.4714
.4429
.4179
.3959
.3763
.3587
.3429
.3285
.3154
.3033
.2922
.282
.2725
.2636
.2554
.2477
.2404
.2337
.2273
.2212
.2155
.2102
.2051
.2002
.1956
.1913
.1871
.1832
.1794
.1758
.1724
.1691
.1659
.1629
.16
.1572
.1546
.152
.1495
.1471
.1449
.1427
.1405
.1385
.1365
.1346
.1327
.1309
.1292
.1275
.1259
.1243
.1228
.1213
.1198
.1184
.1171
.1157
.1144
.1132
.112
.1108
.1096
.1085
.1074
.1063
.1052
.1042
.1032
.1022
.1013
.1003
.0994
.0985
.0976
.0968
.0959
.0951
.0943
.0935
.0927
.092
.0912
.0905
.0898
.0891
.0884
.0877
.087
.0864
.0857
.0851
.0845
.0839
.0833
.0827
.0821
.0815
.081
.0804
.0799
.0793
.0788
.0783
.0778
.0772
.0767
.0763
.0758
.0753
.0748
.0744
.0739
.0735
.073
.0726
.0721
.0717
.0713
.0709
.0705
.0701
.0697
.0693
.0689
.0685
.0681
.0677
.0674
.067
.0666
.0663
.0659
.0656
.0652
.0649
.0645
.0642
.0639
.0635
.0632
.0629
.0626
.0623
.062
.0617
.0614
.0611
.0608
.0605
.0602
.0599
.0596
.0593
.0591
.0588
.0585
.0582
.058
.0577
.0574
.0572
.0569
.0567
.0564
.0562
.0559
.0557
.0554
.0552
.0549
.0547
.0545
.0542
.054
.0538
.0536
.0533
.0531
.0529
.0527
.0525
.0522
.052
.0518
.0516
.0514
.0512
.051
.0508
.0506
.0504
.0502
.05
