4.0389
3.5247
3.0499
2.6373
2.3799
2.2936
2.2707
2.2562
2.241
2.2249
2.2086
2.1925
2.1768
2.1617
2.1473
2.1336
2.1206
2.1083
2.0966
2.0856
2.0752
2.0654
2.056
2.0471
2.0386
2.0304
2.0226
2.0151
2.0078
2.0007
1.9939
1.9872
1.9807
1.9744
1.9681
1.962
1.956
1.95
1.9441
1.9383
1.9326
1.9268
1.9211
1.9155
1.9098
1.9042
1.8985
1.8929
1.8872
1.8816
1.8759
1.8701
1.8644
1.8585
1.8527
1.8467
1.8407
1.8346
1.8284
1.8221
1.8158
1.8093
1.8027
1.7959
1.7891
1.782
1.7749
1.7676
1.7601
1.7525
1.7446
1.7367
1.7285
1.7202
1.7117
1.703
1.6941
1.6851
1.6758
1.6665
1.6569
1.6472
1.6374
1.6274
1.6173
1.607
1.5967
1.5862
1.5757
1.565
1.5543
1.5435
1.5327
1.5218
1.5108
1.4999
1.4889
1.4779
1.467
1.456
1.4451
1.4342
1.4233
1.4125
1.4017
1.391
1.3803
1.3698
1.3593
1.3489
1.3385
1.3283
1.3182
1.3082
1.2983
1.2885
1.2788
1.2692
1.2597
1.2504
1.2412
1.232
1.223
1.2141
1.2054
1.1967
1.1881
1.1797
1.1713
1.1631
1.1549
1.1469
1.139
1.1311
1.1234
1.1157
1.1081
1.1006
1.0932
1.0859
1.0786
1.0715
1.0644
1.0573
1.0504
1.0435
1.0366
1.0299
1.0232
1.0165
1.0099
1.0034
.9969
.9905
.9841
.9778
.9715
.9653
.9591
.953
.9469
.9409
.9349
.9289
.923
.9171
.9113
.9055
.8997
.894
.8883
.8827
.8771
.8715
.866
.8606
.8551
.8497
.8444
.839
.8338
.8285
.8233
.8182
.8131
.808
.8029
.798
.793
.7881
.7832
.7784
.7737
.7689
.7643
.7596
.755
.7505
.746
.7416
.7372
.7328
.7285
.7243
.7201
.716
.7119
.7078
.7038
.6999
.696
.6922
.6884
.6847
.681
.6774
.6738
.6703
.6669
.6635
.6601
.6568
.6536
.6503
.6472
.6441
.641
.638
.635
.6321
.6292
.6264
.6236
.6208
.6181
.6154
.6127
.6101
.6074
.6048
.6023
.5997
.5971
.5946
.5921
.5896
.5871
.5846
.5821
.5796
.5771
.5746
.5721
.5696
.5671
.5646
.5621
.5596
.5571
.5546
.5521
.5496
.5471
.5446
.5421
.5395
.537
.5345
.532
.5295
.527
.5245
.522
.5195
.517
.5146
.5121
.5096
.5072
.5047
.5023
.4999
.4975
.4951
.4927
.4903
.4879
.4855
.4832
.4808
.4785
.4762
.4738
.4715
.4692
.467
.4647
.4624
.4602
.4579
.4557
.4535
.4513
.4491
.4469
.4447
.4426
.4404
.4383
.4361
.434
.4319
.4298
.4277
.4257
.4236
.4215
.4195
.4175
.4155
.4134
.4115
.4095
.4075
.4055
.4036
.4016
.3997
.3978
.3959
.394
.3921
.3902
.3884
.3865
.3847
.3828
.381
.3792
.3774
.3756
.3739
.3721
.3703
.3686
.3668
.3651
.3634
.3617
.36
.3583
.3566
.355
.3533
.3517
.3501
.3484
.3468
.3452
.3436
.342
.3405
.3389
.3373
.3358
.3343
.3327
.3312
.3297
.3282
.3267
.3252
.3238
.3223
.3208
.3194
.318
.3165
.3151
.3137
.3123
.3109
.3095
.3082
.3068
.3054
.3041
.3028
.3014
.3001
.2988
.2975
.2962
.2949
.2936
.2923
.2911
.2898
.2886
.2873
.2861
.2849
.2836
.2824
.2812
.28
.2788
.2777
.2765
.2753
.2742
.273
.2719
.2707
.2696
.2685
.2673
.2662
.2651
.264
.2629
.2619
.2608
.2597
.2587
.2576
.2566
.2555
.2545
.2534
.2524
.2514
.2504
.2494
.2484
.2474
.2464
.2454
.2445
.2435
.2425
.2416
.2406
.2397
.2387
.2378
.2369
.236
.235
.2341
.2332
.2323
.2314
.2305
.2297
.2288
.2279
.227
.2262
.2253
.2245
.2236
.2228
.2219
.2211
.2203
.2195
.2186
.2178
.217
.2162
.2154
.2146
.2138
.2131
.2123
.2115
.2107
.21
.2092
.2085
.2077
.207
.2062
.2055
.2048
.204
.2033
.2026
.2019
.2011
.2004
.1997
.199
.1983
.1976
.197
.1963
.1956
.1949
.1942
.1936
.1929
.1922
.1916
.1909
.1903
.1896
.189
.1884
.1877
.1871
.1865
.1858
.1852
.1846
.184
.1834
.1828
.1822
.1816
.181
.1804
.1798
.1792
.1786
.178
.1774
.1769
.1763
.1757
.1752
.1746
.174
.1735
.1729
.1724
.1718
.1713
.1708
.1702
.1697
.1691
.1686
.1681
.1676
.167
.1665
.166
.1655
.165
.1645
.164
.1635
.163
.1625
.162
.1615
.161
.1605
.16
.1595
.1591
.1586
.1581
.1576
.1572
.1567
.1562
.1558
.1553
.1549
.1544
.154
.1535
.1531
.1526
.1522
.1517
.1513
.1509
.1504
.15
.1496
.1491
.1487
.1483
.1479
.1474
.147
.1466
.1462
.1458
.1454
.145
.1446
.1442
.1438
.1434
.143
.1426
.1422
.1418
.1414
.141
.1406
.1402
.1399
.1395
.1391
.1387
.1383
.138
.1376
.1372
.1369
.1365
.1361
.1358
.1354
.1351
.1347
.1343
.134
.1336
.1333
.1329
.1326
.1322
.1319
.1316
.1312
.1309
.1305
.1302
.1299
.1295
.1292
.1289
.1285
.1282
.1279
.1276
.1272
.1269
.1266
.1263
.126
.1256
.1253
.125
.1247
.1244
.1241
.1238
.1235
.1232
.1229
.1226
.1223
.122
.1217
.1214
.1211
.1208
.1205
.1202
.1199
.1196
.1193
.1191
.1188
.1185
.1182
.1179
.1176
.1174
.1171
.1168
.1165
.1163
.116
.1157
.1154
.1152
.1149
.1146
.1144
.1141
.1139
.1136
.1133
.1131
.1128
.1125
.1123
.112
.1118
.1115
.1113
.111
.1108
.1105
.1103
.11
.1098
.1095
.1093
.109
.1088
.1086
.1083
.1081
.1078
.1076
.1074
.1071
.1069
.1067
.1064
.1062
.106
.1057
.1055
.1053
.1051
.1048
.1046
.1044
.1042
.1039
.1037
.1035
.1033
.103
.1028
.1026
.1024
.1022
.102
.1017
.1015
.1013
.1011
.1009
.1007
.1005
.1003
.1001
.0999
.0996
.0994
.0992
.099
.0988
.0986
.0984
.0982
.098
.0978
.0976
.0974
.0972
.097
.0968
.0966
.0965
.0963
.0961
.0959
.0957
.0955
.0953
.0951
.0949
.0947
.0946
.0944
.0942
.094
.0938
.0936
.0934
.0933
.0931
.0929
.0927
.0925
.0924
.0922
.092
.0918
.0917
.0915
.0913
.0911
.091
.0908
.0906
.0904
.0903
.0901
.0899
.0898
.0896
.0894
.0892
.0891
.0889
.0887
.0886
.0884
.0883
.0881
.0879
.0878
.0876
.0874
.0873
.0871
.087
.0868
.0866
.0865
.0863
.0862
.086
.0859
.0857
.0855
.0854
.0852
.0851
.0849
.0848
.0846
.0845
.0843
.0842
.084
.0839
.0837
.0836
.0834
.0833
.0831
.083
.0828
.0827
.0826
.0824
.0823
.0821
.082
.0818
.0817
.0816
.0814
.0813
.0811
.081
.0808
.0807
.0806
.0804
.0803
.0802
.08
.0799
.0798
.0796
.0795
.0793
.0792
.0791
.0789
.0788
.0787
.0785
.0784
.0783
.0782
.078
.0779
.0778
.0776
.0775
.0774
.0773
.0771
.077
.0769
.0767
.0766
.0765
.0764
.0762
.0761
.076
.0759
.0757
.0756
.0755
.0754
.0753
.0751
.075
.0749
.0748
.0747
.0745
.0744
.0743
.0742
.0741
.0739
.0738
.0737
.0736
.0735
.0734
.0732
.0731
.073
.0729
.0728
.0727
.0726
.0725
.0723
.0722
.0721
.072
.0719
.0718
.0717
.0716
.0714
.0713
.0712
.0711
.071
.0709
.0708
.0707
.0706
.0705
.0704
.0703
.0702
.07
.0699
.0698
.0697
.0696
.0695
.0694
.0693
.0692
.0691
.069
.0689
.0688
.0687
.0686
.0685
.0684
.0683
.0682
.0681
.068
.0679
.0678
.0677
.0676
.0675
.0674
.0673
.0672
.0671
.067
.0669
.0668
.0667
.0666
.0665
.0664
.0663
.0662
.0661
.066
.0659
.0659
.0658
.0657
.0656
.0655
.0654
.0653
.0652
.0651
.065
.0649
.0648
.0647
.0647
.0646
.0645
.0644
.0643
.0642
.0641
.064
.0639
.0638
.0638
.0637
.0636
.0635
.0634
.0633
.0632
.0631
.0631
.063
.0629
.0628
.0627
.0626
.0625
.0625
.0624
.0623
.0622
.0621
.062
.0619
.0619
.0618
.0617
.0616
.0615
.0615
.0614
.0613
.0612
.0611
.061
.061
.0609
.0608
.0607
.0606
.0606
.0605
.0604
.0603
.0602
.0602
.0601
.06
.0599
.0598
.0598
.0597
.0596
.0595
.0595
.0594
.0593
.0592
.0591
.0591
.059
.0589
.0588
.0588
.0587
.0586
.0585
.0585
.0584
.0583
.0582
.0582
.0581
.058
.0579
.0579
.0578
.0577
.0577
.0576
.0575
.0574
.0574
.0573
.0572
.0572
.0571
.057
.0569
.0569
.0568
.0567
.0567
.0566
.0565
.0564
.0564
.0563
.0562
.0562
.0561
.056
.056
.0559
.0558
.0558
.0557
.0556
.0555
.0555
.0554
.0553
.0553
.0552
.0551
.0551
.055
.0549
.0549
.0548
.0547
.0547
.0546
.0545
.0545
.0544
.0544
.0543
.0542
.0542
.0541
.054
.054
.0539
.0538
.0538
.0537
.0536
.0536
.0535
.0535
.0534
.0533
.0533
.0532
.0531
.0531
.053
.053
.0529
.0528
.0528
.0527
.0527
.0526
.0525
.0525
.0524
.0523
.0523
.0522
.0522
.0521
.052
.052
.0519
.0519
.0518
.0518
.0517
.0516
.0516
.0515
.0515
.0514
.0513
.0513
.0512
.0512
.0511
.0511
.051
.0509
.0509
.0508
.0508
.0507
.0507
.0506
.0505
.0505
.0504
.0504
.0503
.0503
.0502
.0501
.0501
.05
.05
