4.6791
4.1907
3.7757
3.4885
3.2641
3.0607
2.8703
2.7077
2.5948
2.5363
2.5141
2.5076
2.5057
2.5044
2.5023
2.4991
2.4949
2.4895
2.4832
2.4759
2.4677
2.4586
2.4487
2.438
2.4267
2.4148
2.4026
2.3902
2.3778
2.3656
2.3537
2.3423
2.3316
2.3217
2.3125
2.3042
2.2967
2.29
2.284
2.2786
2.2738
2.2694
2.2654
2.2615
2.2577
2.2538
2.2497
2.245
2.2396
2.2329
2.2245
2.2135
2.1988
2.1788
2.151
2.1124
2.059
1.9867
1.8932
1.7804
1.6552
1.528
1.407
1.2968
1.1987
1.1126
1.0373
.9716
.914
.8633
.8186
.7787
.7431
.711
.682
.6556
.6315
.6093
.5888
.5698
.5521
.5356
.5201
.5055
.4918
.4787
.4664
.4546
.4434
.4326
.4224
.4125
.403
.3939
.3851
.3766
.3684
.3605
.3529
.3455
.3383
.3313
.3246
.3181
.3118
.3056
.2997
.2939
.2883
.2829
.2777
.2726
.2676
.2628
.2582
.2537
.2493
.245
.2409
.2369
.233
.2292
.2255
.222
.2185
.2151
.2119
.2087
.2056
.2026
.1996
.1968
.194
.1913
.1886
.186
.1835
.1811
.1787
.1763
.1741
.1718
.1697
.1675
.1655
.1634
.1615
.1595
.1576
.1558
.1539
.1522
.1504
.1487
.1471
.1454
.1438
.1423
.1407
.1392
.1377
.1363
.1349
.1335
.1321
.1308
.1294
.1281
.1269
.1256
.1244
.1232
.122
.1208
.1197
.1186
.1175
.1164
.1153
.1143
.1132
.1122
.1112
.1102
.1093
.1083
.1074
.1064
.1055
.1046
.1037
.1029
.102
.1012
.1003
.0995
.0987
.0979
.0971
.0964
.0956
.0949
.0941
.0934
.0927
.092
.0913
.0906
.0899
.0892
.0886
.0879
.0873
.0866
.086
.0854
.0848
.0841
.0835
.083
.0824
.0818
.0812
.0807
.0801
.0796
.079
.0785
.078
.0774
.0769
.0764
.0759
.0754
.0749
.0744
.074
.0735
.073
.0726
.0721
.0716
.0712
.0708
.0703
.0699
.0695
.069
.0686
.0682
.0678
.0674
.067
.0666
.0662
.0658
.0654
.065
.0647
.0643
.0639
.0636
.0632
.0628
.0625
.0621
.0618
.0614
.0611
.0608
.0604
.0601
.0598
.0594
.0591
.0588
.0585
.0582
.0579
.0576
.0573
.057
.0567
.0564
.0561
.0558
.0555
.0552
.0549
.0547
.0544
.0541
.0538
.0536
.0533
.053
.0528
.0525
.0523
.052
.0518
.0515
.0513
.051
.0508
.0505
.0503
.0501
.0498
