4.6401
4.2258
3.9276
3.7257
3.5592
3.3934
3.211
3.0072
2.793
2.5995
2.4625
2.3882
2.3508
2.3258
2.3026
2.2778
2.2509
2.2215
2.1898
2.1559
2.12
2.0825
2.0435
2.0035
1.9626
1.9206
1.8773
1.832
1.784
1.7323
1.676
1.6142
1.5465
1.4732
1.395
1.3135
1.2305
1.1481
1.0682
.9921
.9209
.8549
.7944
.7392
.689
.6435
.6022
.5647
.5307
.4998
.4717
.4461
.4227
.4012
.3815
.3634
.3467
.3313
.317
.3038
.2915
.2801
.2694
.2594
.2501
.2413
.2331
.2253
.2181
.2112
.2047
.1986
.1928
.1872
.182
.177
.1723
.1678
.1635
.1594
.1555
.1518
.1482
.1448
.1415
.1384
.1354
.1325
.1297
.127
.1244
.122
.1196
.1173
.115
.1129
.1108
.1088
.1069
.105
.1032
.1015
.0998
.0981
.0965
.095
.0935
.092
.0906
.0892
.0879
.0866
.0853
.0841
.0829
.0817
.0806
.0795
.0784
.0774
.0764
.0754
.0744
.0734
.0725
.0716
.0707
.0699
.069
.0682
.0674
.0666
.0658
.0651
.0643
.0636
.0629
.0622
.0615
.0609
.0602
.0596
.059
.0583
.0577
.0572
.0566
.056
.0555
.0549
.0544
.0539
.0533
.0528
.0523
.0519
.0514
.0509
.0504
.05
