4.0043
3.641
3.3397
3.0628
2.7967
2.5602
2.3948
2.315
2.2859
2.2728
2.2625
2.2518
2.2403
2.2283
2.216
2.2035
2.1909
2.1784
2.1659
2.1534
2.1411
2.1289
2.1169
2.105
2.0934
2.0819
2.0707
2.0597
2.049
2.0385
2.0283
2.0184
2.0088
1.9995
1.9906
1.982
1.9738
1.9659
1.9584
1.9512
1.9444
1.9378
1.9316
1.9257
1.9201
1.9148
1.9097
1.9049
1.9003
1.8959
1.8917
1.8877
1.8838
1.8802
1.8767
1.8733
1.8701
1.867
1.864
1.8611
1.8584
1.8557
1.8531
1.8507
1.8483
1.8459
1.8437
1.8415
1.8394
1.8373
1.8353
1.8334
1.8315
1.8296
1.8278
1.8261
1.8244
1.8227
1.821
1.8194
1.8179
1.8164
1.8149
1.8134
1.8119
1.8105
1.8091
1.8078
1.8064
1.8051
1.8038
1.8026
1.8013
1.8001
1.7988
1.7976
1.7965
1.7953
1.7941
1.793
1.7918
1.7907
1.7896
1.7885
1.7874
1.7864
1.7853
1.7842
1.7832
1.7821
1.7811
1.7801
1.779
1.778
1.777
1.776
1.775
1.774
1.773
1.7719
1.7709
1.7699
1.7689
1.7679
1.7669
1.7659
1.7649
1.7639
1.7628
1.7618
1.7608
1.7597
1.7587
1.7576
1.7566
1.7555
1.7544
1.7533
1.7522
1.7511
1.7499
1.7488
1.7476
1.7464
1.7452
1.744
1.7427
1.7414
1.7401
1.7388
1.7374
1.736
1.7346
1.7331
1.7316
1.73
1.7284
1.7267
1.725
1.7232
1.7214
1.7195
1.7175
1.7154
1.7133
1.711
1.7086
1.7062
1.7036
1.7008
1.6979
1.6949
1.6917
1.6882
1.6846
1.6806
1.6765
1.6719
1.6671
1.6618
1.656
1.6498
1.6429
1.6352
1.6268
1.6173
1.6065
1.5943
1.5803
1.5638
1.5444
1.521
1.4924
1.4564
1.4104
1.3504
1.2716
1.1702
1.0471
.9136
.7876
.6828
.6014
.539
.4905
.4515
.4193
.3919
.3681
.347
.328
.3108
.2951
.2807
.2673
.255
.2435
.2329
.2231
.2139
.2054
.1975
.1902
.1833
.1769
.171
.1654
.1602
.1553
.1507
.1464
.1424
.1386
.135
.1315
.1283
.1253
.1224
.1196
.117
.1145
.1121
.1098
.1076
.1056
.1036
.1016
.0998
.098
.0963
.0947
.0931
.0915
.0901
.0886
.0873
.0859
.0846
.0834
.0822
.081
.0799
.0788
.0777
.0766
.0756
.0746
.0737
.0727
.0718
.0709
.0701
.0692
.0684
.0676
.0668
.0661
.0653
.0646
.0639
.0632
.0625
.0618
.0612
.0605
.0599
.0593
.0587
.0581
.0575
.057
.0564
.0559
.0554
.0548
.0543
.0538
.0533
.0528
.0524
.0519
.0514
.051
.0506
.0501
.0497
