4.0711
3.7992
3.5978
3.4121
3.2123
2.9861
2.7479
2.5491
2.4361
2.3905
2.3716
2.36
2.3502
2.3408
2.3314
2.322
2.3124
2.3025
2.2924
2.2819
2.271
2.2598
2.2482
2.2362
2.224
2.2116
2.199
2.1864
2.1739
2.1614
2.1491
2.137
2.1252
2.1135
2.102
2.0906
2.0791
2.0674
2.0553
2.0424
2.0285
2.0129
1.9951
1.9742
1.9491
1.9183
1.8802
1.8328
1.7745
1.7045
1.624
1.5367
1.4471
1.3597
1.2769
1.1999
1.129
1.064
1.0046
.9505
.9014
.8568
.8165
.7799
.7468
.7168
.6896
.6649
.6423
.6218
.603
.5858
.5699
.5553
.5419
.5294
.5179
.5072
.4972
.4879
.4792
.471
.4634
.4562
.4494
.443
.437
.4313
.4259
.4208
.416
.4114
.407
.4028
.3988
.395
.3914
.3879
.3846
.3814
.3783
.3754
.3726
.3698
.3672
.3647
.3623
.36
.3577
.3556
.3535
.3514
.3495
.3476
.3457
.344
.3422
.3406
.3389
.3374
.3359
.3344
.3329
.3315
.3302
.3288
.3276
