4.143
3.6898
3.3325
3.0188
2.7202
2.4631
2.292
2.2076
2.1726
2.1579
2.1507
2.1465
2.1437
2.1416
2.1398
2.1381
2.1364
2.1346
2.1327
2.1305
2.1281
2.1254
2.1224
2.1192
2.1156
2.1118
2.1077
2.1033
2.0987
2.094
2.089
2.084
2.0788
2.0736
2.0683
2.0629
2.0576
2.0523
2.047
2.0418
2.0367
2.0316
2.0266
2.0217
2.0169
2.0122
2.0076
2.0031
1.9988
1.9945
1.9903
1.9862
1.9822
1.9783
1.9744
1.9707
1.967
1.9635
1.96
1.9565
1.9531
1.9498
1.9466
1.9433
1.9402
1.937
1.9339
1.9309
1.9278
1.9248
1.9217
1.9187
1.9156
1.9126
1.9095
1.9063
1.9031
1.8999
1.8965
1.8931
1.8896
1.8859
1.8821
1.878
1.8738
1.8693
1.8645
1.8594
1.8538
1.8478
1.8412
1.8339
1.8259
1.8169
1.8067
1.7952
1.782
1.7667
1.749
1.7282
1.7036
1.6743
1.6394
1.5976
1.548
1.4898
1.4231
1.3491
1.2703
1.1904
1.1126
1.0394
.972
.9106
.855
.8045
.7584
.7164
.6778
.6424
.6098
.5798
.5522
.5268
.5034
.4819
.4621
.4439
.4272
.4117
.3973
.3841
.3718
.3604
.3498
.3398
.3306
.3219
.3137
.3061
.2988
.292
.2856
.2795
.2737
.2682
.2629
.2579
.2531
.2486
.2442
.24
.236
.2322
.2284
.2249
.2214
.2181
.2149
.2118
.2088
.2059
.2031
.2004
.1977
.1951
.1926
.1902
.1879
.1856
.1833
.1812
.179
.177
.175
.173
.1711
.1692
.1674
.1656
.1638
.1621
.1604
.1588
.1572
.1556
.1541
.1526
.1511
.1496
.1482
.1468
.1454
.1441
.1428
.1415
.1402
.139
.1377
.1365
.1353
.1342
.133
.1319
.1308
.1297
.1286
.1276
.1265
.1255
.1245
.1235
.1225
.1216
.1206
.1197
.1188
.1179
.117
.1161
.1152
.1144
.1135
.1127
.1119
.1111
.1103
.1095
.1087
.108
.1072
.1065
.1057
.105
.1043
.1036
.1029
.1022
.1015
.1008
.1002
.0995
.0989
.0982
.0976
.097
.0964
.0958
.0952
.0946
.094
.0934
.0928
.0923
.0917
.0911
.0906
.09
.0895
.089
.0885
.0879
.0874
.0869
.0864
.0859
.0854
.0849
.0845
.084
.0835
.0831
.0826
.0821
.0817
.0812
.0808
.0804
.0799
.0795
.0791
.0787
.0783
.0778
.0774
.077
.0766
.0762
.0758
.0755
.0751
.0747
.0743
.0739
.0736
.0732
.0728
.0725
.0721
.0718
.0714
.0711
.0707
.0704
.0701
.0697
.0694
.0691
.0687
.0684
.0681
.0678
.0675
.0672
.0668
.0665
.0662
.0659
.0656
.0653
.0651
.0648
.0645
.0642
.0639
.0636
.0633
.0631
.0628
.0625
.0623
.062
.0617
.0615
.0612
.0609
.0607
.0604
.0602
.0599
.0597
.0594
.0592
.0589
.0587
.0585
.0582
.058
.0578
.0575
.0573
.0571
.0568
.0566
.0564
.0562
.0559
.0557
.0555
.0553
.0551
.0549
.0547
.0545
.0542
.054
.0538
.0536
.0534
.0532
.053
.0528
.0526
.0524
.0522
.0521
.0519
.0517
.0515
.0513
.0511
.0509
.0508
.0506
.0504
.0502
.05
.0499
