3.8981
3.1977
2.5756
2.2088
2.102
2.085
2.0784
2.0701
2.06
2.0486
2.0367
2.0246
2.0124
2.0001
1.9878
1.9752
1.9623
1.9491
1.9352
1.9208
1.9056
1.8896
1.8725
1.8543
1.8347
1.8135
1.7904
1.765
1.7371
1.7062
1.6721
1.6343
1.5928
1.5473
1.4981
1.4454
1.3897
1.3318
1.2725
1.2127
1.1532
1.0947
1.038
.9835
.9314
.882
.8354
.7916
.7504
.712
.676
.6424
.611
.5817
.5544
.5289
.5051
.4828
.462
.4426
.4243
.4073
.3912
.3762
.3621
.3488
.3362
.3244
.3133
.3028
.2928
.2834
.2745
.266
.258
.2504
.2431
.2362
.2296
.2234
.2174
.2117
.2063
.201
.1961
.1913
.1867
.1823
.1781
.1741
.1702
.1664
.1629
.1594
.1561
.1529
.1498
.1468
.1439
.1411
.1385
.1359
.1334
.1309
.1286
.1263
.1241
.122
.1199
.1179
.116
.1141
.1122
.1105
.1087
.1071
.1054
.1038
.1023
.1008
.0993
.0979
.0965
.0952
.0938
.0926
.0913
.0901
.0889
.0877
.0866
.0855
.0844
.0833
.0823
.0813
.0803
.0793
.0784
.0775
.0766
.0757
.0748
.074
.0732
.0723
.0715
.0708
.07
.0693
.0685
.0678
.0671
.0664
.0657
.0651
.0644
.0638
.0631
.0625
.0619
.0613
.0607
.0602
.0596
.059
.0585
.058
.0574
.0569
.0564
.0559
.0554
.0549
.0545
.054
.0535
.0531
.0526
.0522
.0518
.0513
.0509
.0505
.0501
.0497
