4.5897
3.984
3.23
2.5491
2.1964
2.1356
2.1412
2.1485
2.1529
2.1554
2.1567
2.1574
2.1577
2.1578
2.1578
2.1577
2.1577
2.1576
2.1575
2.1575
2.1574
2.1574
2.1573
2.1572
2.1572
2.1571
2.1571
2.157
2.157
2.157
2.157
2.1571
2.1571
2.1572
2.1573
2.1574
2.1576
2.1578
2.1579
2.1581
2.1583
2.1585
2.1587
2.1589
2.159
2.1591
2.1591
2.159
2.1587
2.1583
2.1577
2.1568
2.1555
2.1539
2.1518
2.1491
2.1459
2.1419
2.1372
2.1317
2.1253
2.1181
2.1101
2.1014
2.092
2.0822
2.072
2.0616
2.0513
2.0411
2.0311
2.0215
2.0124
2.0037
1.9955
1.9879
1.9807
1.974
1.9678
1.962
1.9566
1.9515
1.9468
1.9424
1.9382
1.9343
1.9307
1.9272
1.924
1.9209
1.918
1.9153
1.9127
1.9102
1.9078
1.9056
1.9034
1.9014
1.8994
1.8975
1.8957
1.894
1.8923
1.8907
1.8891
1.8876
1.8862
1.8848
1.8834
1.8821
1.8808
1.8795
1.8783
1.8771
1.8759
1.8748
1.8736
1.8725
1.8714
1.8704
1.8693
1.8682
1.8672
1.8662
1.8651
1.8641
1.8631
1.8621
1.8611
1.8601
1.8591
1.858
1.857
1.8559
1.8549
1.8538
1.8527
1.8516
1.8505
1.8493
1.8481
1.8468
1.8456
1.8442
1.8428
1.8414
1.8399
1.8383
1.8366
1.8348
1.8329
1.8309
1.8288
1.8264
1.8239
1.8212
1.8182
1.8149
1.8112
1.8072
1.8026
1.7975
1.7917
1.785
1.7772
1.7682
1.7576
1.745
1.7298
1.7114
1.6888
1.6609
1.6262
1.583
1.5295
1.4643
1.3869
1.2986
1.2032
1.106
1.0124
.9265
.85
.7832
.7251
.6744
.6299
.5905
.5553
.5237
.4951
.4692
.4455
.4239
.4041
.3859
.3691
.3536
.3393
.3261
.3138
.3024
.2917
.2818
.2725
.2638
.2556
.248
.2407
.2339
.2275
.2213
.2156
.2101
.2048
.1999
.1951
.1906
.1863
.1821
.1782
.1744
.1707
.1672
.1639
.1606
.1575
.1545
.1516
.1489
.1462
.1436
.1411
.1386
.1363
.134
.1318
.1297
.1276
.1256
.1236
.1217
.1199
.1181
.1164
.1147
.113
.1114
.1099
.1084
.1069
.1055
.1041
.1027
.1013
.1
.0988
.0975
.0963
.0951
.094
.0928
.0917
.0907
.0896
.0886
.0876
.0866
.0856
.0846
.0837
.0828
.0819
.081
.0802
.0793
.0785
.0777
.0769
.0761
.0754
.0746
.0739
.0732
.0725
.0718
.0711
.0704
.0698
.0691
.0685
.0679
.0672
.0666
.066
.0655
.0649
.0643
.0638
.0632
.0627
.0621
.0616
.0611
.0606
.0601
.0596
.0591
.0587
.0582
.0577
.0573
.0568
.0564
.056
.0555
.0551
.0547
.0543
.0539
.0535
.0531
.0527
.0523
.0519
.0516
.0512
.0508
.0505
.0501
.0498
