4.4365
3.9482
3.599
3.3674
3.1799
3.0055
2.8372
2.6786
2.5375
2.4225
2.338
2.2821
2.2475
2.2264
2.2131
2.2036
2.1959
2.189
2.1822
2.1753
2.1681
2.1606
2.1527
2.1445
2.1361
2.1274
2.1185
2.1094
2.1001
2.0907
2.0811
2.0714
2.0616
2.0516
2.0414
2.0309
2.0202
2.0091
1.9975
1.9853
1.9724
1.9585
1.9434
1.9268
1.9082
1.8871
1.8628
1.8346
1.8013
1.7618
1.7148
1.659
1.5935
1.5183
1.4352
1.3471
1.2581
1.1723
1.0925
1.02
.9551
.8975
.8463
.8008
.7602
.7238
.6911
.6615
.6346
.6101
.5877
.5672
.5482
.5307
.5145
.4994
.4853
.4722
.4598
.4482
.4373
.427
.4173
.4081
.3993
.391
.3831
.3755
.3683
.3614
.3547
.3484
.3423
.3364
.3308
.3253
.3201
.315
.3101
.3053
.3008
.2963
.292
.2878
.2838
.2798
.276
.2723
.2687
.2651
.2617
.2583
.2551
.2519
.2488
.2458
.2428
.2399
.2371
.2343
.2316
.229
.2264
.2239
.2214
.219
.2166
.2143
.212
.2098
.2076
.2054
.2033
.2012
.1992
.1972
.1953
.1933
.1915
.1896
.1878
.186
.1842
.1825
.1808
.1791
.1775
.1759
.1743
.1727
.1712
.1697
.1682
.1667
.1653
.1638
.1624
.161
.1597
.1583
.157
.1557
.1544
.1532
.1519
.1507
.1495
.1483
.1471
.1459
.1448
.1437
.1426
.1415
.1404
.1393
.1382
.1372
.1362
.1351
.1341
.1331
.1322
.1312
.1302
.1293
.1284
.1274
.1265
.1256
.1247
.1239
.123
.1221
.1213
.1205
.1196
.1188
.118
.1172
.1164
.1156
.1148
.1141
.1133
.1126
.1118
.1111
.1104
.1097
.1089
.1082
.1075
.1069
.1062
.1055
.1048
.1042
.1035
.1029
.1022
.1016
.101
.1003
.0997
.0991
.0985
.0979
.0973
.0967
.0962
.0956
.095
.0944
.0939
.0933
.0928
.0922
.0917
.0912
.0906
.0901
.0896
.0891
.0886
.0881
.0875
.087
.0866
.0861
.0856
.0851
.0846
.0841
.0837
.0832
.0828
.0823
.0818
.0814
.0809
.0805
.0801
.0796
.0792
.0788
.0783
.0779
.0775
.0771
.0767
.0763
.0759
.0755
.0751
.0747
.0743
.0739
.0735
.0731
.0727
.0724
.072
.0716
.0713
.0709
.0705
.0702
.0698
.0695
.0691
.0688
.0684
.0681
.0677
.0674
.067
.0667
.0664
.0661
.0657
.0654
.0651
.0648
.0644
.0641
.0638
.0635
.0632
.0629
.0626
.0623
.062
.0617
.0614
.0611
.0608
.0605
.0602
.06
.0597
.0594
.0591
.0588
.0586
.0583
.058
.0578
.0575
.0572
.057
.0567
.0564
.0562
.0559
.0557
.0554
.0552
.0549
.0547
.0544
.0542
.0539
.0537
.0535
.0532
.053
.0528
.0525
.0523
.0521
.0518
.0516
.0514
.0512
.0509
.0507
.0505
.0503
.0501
.0499
