4.1758
3.5526
2.9688
2.5472
2.2896
2.1592
2.1052
2.084
2.0735
2.0657
2.0585
2.0511
2.0436
2.036
2.0285
2.021
2.0136
2.0064
1.9992
1.9922
1.9854
1.9787
1.9721
1.9656
1.9593
1.9531
1.9471
1.9411
1.9353
1.9296
1.924
1.9185
1.9131
1.9079
1.9027
1.8976
1.8926
1.8876
1.8828
1.878
1.8732
1.8685
1.8637
1.859
1.8543
1.8496
1.8448
1.84
1.835
1.8299
1.8246
1.8191
1.8133
1.8072
1.8005
1.7933
1.7854
1.7766
1.7666
1.7552
1.7421
1.7268
1.7088
1.6874
1.6621
1.6323
1.5972
1.5569
1.5113
1.4613
1.408
1.3528
1.297
1.2419
1.1883
1.1367
1.0874
1.0405
.996
.9538
.9139
.8761
.8404
.8066
.7747
.7445
.716
.689
.6634
.6393
.6164
.5948
.5743
.5548
.5364
.5189
.5023
.4866
.4716
.4573
.4438
.4308
.4185
.4068
.3956
.3849
.3747
.3649
.3556
.3466
.338
.3298
.3219
.3144
.3071
.3001
.2934
.287
.2808
.2748
.269
.2635
.2581
.253
.248
.2432
.2385
.234
.2297
.2255
.2214
.2175
.2137
.21
.2064
.2029
.1995
.1963
.1931
.19
.187
.1841
.1813
.1785
.1758
.1732
.1707
.1682
.1658
.1635
.1612
.159
.1568
.1547
.1526
.1506
.1486
.1467
.1449
.143
.1412
.1395
.1378
.1361
.1345
.1329
.1313
.1298
.1283
.1268
.1254
.124
.1226
.1213
.12
.1187
.1174
.1162
.1149
.1138
.1126
.1114
.1103
.1092
.1081
.1071
.106
.105
.104
.103
.102
.1011
.1001
.0992
.0983
.0974
.0965
.0957
.0948
.094
.0932
.0924
.0916
.0908
.09
.0893
.0885
.0878
.0871
.0863
.0856
.085
.0843
.0836
.083
.0823
.0817
.081
.0804
.0798
.0792
.0786
.078
.0775
.0769
.0763
.0758
.0752
.0747
.0742
.0736
.0731
.0726
.0721
.0716
.0711
.0706
.0701
.0697
.0692
.0688
.0683
.0679
.0674
.067
.0665
.0661
.0657
.0653
.0649
.0645
.0641
.0637
.0633
.0629
.0625
.0621
.0617
.0614
.061
.0606
.0603
.0599
.0596
.0592
.0589
.0586
.0582
.0579
.0576
.0572
.0569
.0566
.0563
.056
.0557
.0554
.0551
.0548
.0545
.0542
.0539
.0536
.0533
.0531
.0528
.0525
.0522
.052
.0517
.0514
.0512
.0509
.0507
.0504
.0502
.0499
