4.1415
3.8794
3.7081
3.5708
3.4388
3.297
3.1376
2.9601
2.7768
2.615
2.5006
2.4325
2.3909
2.3606
2.3354
2.313
2.2926
2.2738
2.2563
2.2397
2.224
2.2088
2.1939
2.1793
2.1646
2.1497
2.1344
2.1184
2.1012
2.0825
2.0617
2.038
2.0104
1.9776
1.9377
1.8884
1.8265
1.7486
1.6514
1.5341
1.4007
1.2609
1.1261
1.0048
.9001
.8118
.7378
.6758
.6235
.5791
.541
.5081
.4794
.4541
.4318
.4118
.3938
.3776
.3628
.3493
.3369
.3255
.3149
.3051
.2959
.2874
.2794
.2718
.2647
.258
.2517
.2457
.24
.2346
.2295
.2246
.2199
.2154
.2112
.2071
.2032
.1995
.1959
.1925
.1892
.186
.1829
.18
.1771
.1744
.1717
.1692
.1667
.1643
.162
.1598
.1576
.1555
.1535
.1515
.1496
.1478
.146
.1442
.1425
.1409
.1392
.1377
.1361
.1346
.1332
.1318
.1304
.129
.1277
.1264
.1252
.1239
.1227
.1216
.1204
.1193
.1182
.1171
.116
.115
.114
.113
.112
.1111
.1101
.1092
.1083
.1074
.1066
.1057
.1049
.104
.1032
.1024
.1017
.1009
.1001
.0994
.0987
.0979
.0972
.0965
.0959
.0952
.0945
.0939
.0932
.0926
.092
.0913
.0907
.0901
.0895
.089
.0884
.0878
.0873
.0867
.0862
.0856
.0851
.0846
.0841
.0836
.0831
.0826
.0821
.0816
.0811
.0806
.0802
.0797
.0793
.0788
.0784
.0779
.0775
.0771
.0767
.0762
.0758
.0754
.075
.0746
.0742
.0738
.0734
.0731
.0727
.0723
.0719
.0716
.0712
.0708
.0705
.0701
.0698
.0694
.0691
.0688
.0684
.0681
.0678
.0675
.0671
.0668
.0665
.0662
.0659
.0656
.0653
.065
.0647
.0644
.0641
.0638
.0635
.0632
.0629
.0627
.0624
.0621
.0619
.0616
.0613
.0611
.0608
.0605
.0603
.06
.0598
.0595
.0593
.059
.0588
.0585
.0583
.0581
.0578
.0576
.0574
.0571
.0569
.0567
.0564
.0562
.056
.0558
.0556
.0553
.0551
.0549
.0547
.0545
.0543
.0541
.0539
.0537
.0535
.0533
.0531
.0529
.0527
.0525
.0523
.0521
.0519
.0517
.0515
.0513
.0512
.051
.0508
.0506
.0504
.0503
.0501
.0499
