4.3508
3.8763
3.4994
3.1706
2.8458
2.5453
2.3429
2.2601
2.2346
2.2221
2.2107
2.1982
2.1842
2.1692
2.1532
2.1367
2.1199
2.1031
2.0865
2.0702
2.0546
2.0396
2.0255
2.0122
1.9999
1.9884
1.9778
1.9681
1.959
1.9507
1.9429
1.9355
1.9285
1.9218
1.9153
1.9089
1.9024
1.8959
1.8891
1.8819
1.8742
1.8657
1.8563
1.8456
1.8332
1.8186
1.8011
1.7798
1.7534
1.7202
1.6779
1.6235
1.5536
1.4646
1.3551
1.2277
1.0914
.9588
.8399
.7391
.6556
.5869
.5303
.4832
.4436
.41
.3813
.3564
.3347
.3156
.2986
.2835
.27
.2577
.2466
.2365
.2273
.2187
.2109
.2036
.1969
.1906
.1847
.1792
.174
.1692
.1646
.1603
.1562
.1523
.1487
.1452
.1418
.1387
.1356
.1328
.13
.1273
.1248
.1224
.12
.1178
.1156
.1135
.1115
.1096
.1077
.1059
.1042
.1025
.1009
.0993
.0977
.0963
.0948
.0934
.0921
.0908
.0895
.0882
.087
.0859
.0847
.0836
.0825
.0815
.0804
.0794
.0784
.0775
.0766
.0757
.0748
.0739
.073
.0722
.0714
.0706
.0698
.0691
.0683
.0676
.0669
.0662
.0655
.0648
.0642
.0636
.0629
.0623
.0617
.0611
.0605
.0599
.0594
.0588
.0583
.0578
.0572
.0567
.0562
.0557
.0552
.0548
.0543
.0538
.0534
.0529
.0525
.0521
.0516
.0512
.0508
.0504
.05
