4.7728
4.2637
3.6774
3.0691
2.5049
2.2073
2.1512
2.139
2.1292
2.1195
2.1101
2.1012
2.0929
2.0854
2.0784
2.0721
2.0663
2.061
2.0562
2.0518
2.0478
2.0441
2.0408
2.0377
2.0349
2.0323
2.0299
2.0277
2.0257
2.0239
2.0222
2.0206
2.0191
2.0178
2.0165
2.0153
2.0142
2.0132
2.0123
2.0114
2.0106
2.0098
2.0091
2.0084
2.0078
2.0072
2.0067
2.0062
2.0057
2.0052
2.0048
2.0044
2.004
2.0036
2.0033
2.003
2.0026
2.0023
2.0021
2.0018
2.0015
2.0012
2.0009
2.0007
2.0004
2.0
1.9997
1.9993
1.9989
1.9985
1.998
1.9974
1.9967
1.9958
1.9949
1.9937
1.9924
1.9908
1.989
1.9869
1.9844
1.9815
1.9782
1.9745
1.9703
1.9656
1.9604
1.9548
1.9488
1.9424
1.9357
1.9287
1.9215
1.9141
1.9067
1.8993
1.8918
1.8845
1.8773
1.8702
1.8634
1.8568
1.8504
1.8444
1.8386
1.8331
1.828
1.8231
1.8185
1.8141
1.8101
1.8062
1.8026
1.7992
1.796
1.793
1.7901
1.7874
1.7849
1.7825
1.7802
1.778
1.7759
1.774
1.7721
1.7703
1.7686
1.767
1.7654
1.7639
1.7625
1.7611
1.7598
1.7585
1.7573
1.7561
1.7549
1.7538
1.7528
1.7517
1.7507
1.7497
1.7488
1.7479
1.747
1.7461
1.7453
1.7444
1.7436
1.7428
1.742
1.7412
1.7405
1.7397
1.739
1.7383
1.7376
1.7369
1.7362
1.7355
1.7348
1.7341
1.7334
1.7327
1.732
1.7313
1.7306
1.7299
1.7292
1.7285
1.7277
1.727
1.7262
1.7255
1.7247
1.7239
1.7231
1.7222
1.7214
1.7205
1.7195
1.7186
1.7176
1.7165
1.7154
1.7142
1.713
1.7117
1.7104
1.7089
1.7074
1.7057
1.7039
1.702
1.6999
1.6976
1.6951
1.6924
1.6894
1.686
1.6823
1.6781
1.6734
1.668
1.6618
1.6547
1.6464
1.6367
1.6251
1.6111
1.5942
1.5733
1.5474
1.5147
1.4732
1.4201
1.3525
1.2679
1.1655
1.0488
.9259
.8076
.7025
.6146
.543
.4853
.4382
.3994
.3669
.3393
.3156
.295
.2768
.2608
.2465
.2338
.2222
.2118
.2023
.1937
.1858
.1785
.1718
.1655
.1598
.1544
.1494
.1447
.1403
.1362
.1324
.1287
.1253
.122
.1189
.116
.1132
.1105
.108
.1056
.1033
.1011
.0989
.0969
.095
.0931
.0913
.0896
.0879
.0863
.0848
.0833
.0819
.0805
.0791
.0778
.0766
.0754
.0742
.073
.0719
.0708
.0698
.0688
.0678
.0668
.0659
.065
.0641
.0632
.0624
.0616
.0608
.06
.0593
.0585
.0578
.0571
.0564
.0557
.0551
.0544
.0538
.0532
.0526
.052
.0514
.0509
.0503
.0498
