4.5234
4.154
3.9439
3.8159
3.7129
3.6085
3.4862
3.3312
3.1306
2.8822
2.6165
2.405
2.2953
2.2553
2.2401
2.231
2.2229
2.2146
2.206
2.1968
2.187
2.1766
2.1652
2.1529
2.1395
2.125
2.1092
2.0922
2.074
2.0546
2.0341
2.0128
1.9908
1.9681
1.945
1.9212
1.8967
1.871
1.8434
1.813
1.7783
1.7375
1.688
1.6266
1.5495
1.4528
1.3349
1.1989
1.0549
.9164
.794
.6915
.6077
.5395
.4838
.4377
.3993
.3667
.3389
.3149
.294
.2757
.2594
.245
.232
.2204
.2098
.2002
.1914
.1834
.176
.1691
.1628
.1569
.1515
.1463
.1416
.1371
.1329
.1289
.1252
.1217
.1184
.1152
.1122
.1094
.1067
.1041
.1016
.0993
.0971
.0949
.0929
.0909
.089
.0872
.0855
.0838
.0822
.0807
.0792
.0778
.0764
.0751
.0738
.0725
.0713
.0701
.069
.0679
.0669
.0658
.0648
.0639
.0629
.062
.0611
.0603
.0594
.0586
.0578
.0571
.0563
.0556
.0549
.0542
.0535
.0528
.0522
.0515
.0509
.0503
.0497
