4.23
3.6519
3.0613
2.5364
2.2141
2.1168
2.0959
2.0835
2.0701
2.0556
2.0406
2.0256
2.0107
1.9961
1.9817
1.9675
1.9535
1.9395
1.9255
1.9114
1.8972
1.8827
1.868
1.8528
1.8373
1.8212
1.8045
1.787
1.7685
1.7488
1.7276
1.7045
1.6791
1.6509
1.6193
1.5835
1.5431
1.4974
1.4461
1.3892
1.3273
1.2614
1.1931
1.1241
1.0562
.9909
.9293
.8718
.8188
.7701
.7256
.6849
.6477
.6136
.5824
.5536
.5271
.5026
.48
.459
.4394
.4213
.4044
.3885
.3738
.3599
.3469
.3347
.3232
.3124
.3022
.2926
.2835
.2748
.2667
.2589
.2516
.2446
.2379
.2316
.2255
.2198
.2143
.209
.204
.1992
.1945
.1901
.1859
.1818
.1779
.1741
.1705
.167
.1636
.1604
.1573
.1542
.1513
.1485
.1458
.1432
.1406
.1382
.1358
.1335
.1312
.1291
.127
.1249
.123
.121
.1192
.1173
.1156
.1139
.1122
.1106
.109
.1075
.106
.1045
.1031
.1017
.1003
.099
.0977
.0965
.0952
.0941
.0929
.0917
.0906
.0895
.0885
.0874
.0864
.0854
.0844
.0835
.0825
.0816
.0807
.0799
.079
.0782
.0773
.0765
.0757
.0749
.0742
.0734
.0727
.072
.0713
.0706
.0699
.0692
.0686
.0679
.0673
.0667
.0661
.0655
.0649
.0643
.0637
.0632
.0626
.0621
.0615
.061
.0605
.06
.0595
.059
.0585
.058
.0576
.0571
.0567
.0562
.0558
.0553
.0549
.0545
.0541
.0537
.0533
.0529
.0525
.0521
.0517
.0513
.051
.0506
.0502
.0499
