4.4656
4.0575
3.784
3.5984
3.4442
3.296
3.1444
2.9868
2.8232
2.656
2.4926
2.3477
2.236
2.1599
2.1101
2.0755
2.0485
2.0255
2.0045
1.9843
1.9644
1.9442
1.9236
1.9024
1.8803
1.8572
1.8328
1.8065
1.7779
1.7459
1.7094
1.6669
1.6163
1.5557
1.4828
1.3968
1.2985
1.1918
1.0824
.9768
.8794
.7925
.7165
.6507
.5939
.5448
.5023
.4653
.433
.4045
.3794
.357
.337
.3191
.3029
.2882
.2748
.2626
.2514
.2411
.2316
.2228
.2147
.2071
.2
.1934
.1872
.1813
.1759
.1707
.1658
.1612
.1568
.1527
.1488
.145
.1415
.1381
.1349
.1318
.1288
.126
.1233
.1207
.1182
.1158
.1135
.1113
.1091
.1071
.1051
.1032
.1014
.0996
.0979
.0962
.0946
.093
.0915
.0901
.0887
.0873
.0859
.0846
.0834
.0822
.081
.0798
.0787
.0776
.0765
.0755
.0745
.0735
.0726
.0716
.0707
.0698
.069
.0681
.0673
.0665
.0657
.0649
.0642
.0634
.0627
.062
.0613
.0606
.06
.0593
.0587
.0581
.0574
.0568
.0563
.0557
.0551
.0546
.054
.0535
.053
.0525
.052
.0515
.051
.0505
.05
.0496
