4.2615
3.8316
3.5133
3.2435
2.9763
2.7156
2.5117
2.403
2.3569
2.3305
2.3081
2.2867
2.266
2.246
2.2267
2.2078
2.1893
2.1709
2.1525
2.134
2.1152
2.0963
2.0771
2.0576
2.0379
2.0179
1.9978
1.9774
1.9569
1.9361
1.915
1.8937
1.8718
1.8494
1.8262
1.8018
1.776
1.7484
1.7184
1.6853
1.6486
1.6075
1.5611
1.509
1.4508
1.3869
1.318
1.2458
1.1723
1.0996
1.0294
.9631
.9013
.8442
.7918
.7438
.7
.6599
.6233
.5897
.559
.5307
.5048
.4808
.4587
.4383
.4194
.4018
.3855
.3703
.3561
.3428
.3304
.3187
.3078
.2975
.2878
.2786
.27
.2618
.2541
.2468
.2398
.2332
.2269
.2209
.2152
.2097
.2045
.1995
.1948
.1902
.1859
.1817
.1777
.1738
.1701
.1665
.1631
.1598
.1566
.1535
.1506
.1477
.145
.1423
.1397
.1372
.1348
.1325
.1302
.128
.1259
.1238
.1218
.1199
.118
.1162
.1144
.1127
.111
.1094
.1078
.1062
.1047
.1032
.1018
.1004
.099
.0977
.0964
.0952
.0939
.0927
.0915
.0904
.0893
.0882
.0871
.0861
.085
.084
.083
.0821
.0811
.0802
.0793
.0784
.0776
.0767
.0759
.0751
.0743
.0735
.0727
.072
.0713
.0705
.0698
.0691
.0684
.0678
.0671
.0665
.0658
.0652
.0646
.064
.0634
.0628
.0622
.0617
.0611
.0606
.06
.0595
.059
.0585
.058
.0575
.057
.0565
.056
.0556
.0551
.0547
.0542
.0538
.0534
.0529
.0525
.0521
.0517
.0513
.0509
.0505
.0501
.0497
