4.2921
3.8057
3.43
3.1269
2.8515
2.6026
2.4126
2.3046
2.2589
2.2413
2.233
2.2269
2.2206
2.2134
2.2048
2.1945
2.1825
2.1684
2.1521
2.1333
2.1119
2.0875
2.06
2.029
1.9944
1.956
1.9134
1.8667
1.8155
1.7601
1.7005
1.6371
1.5707
1.5021
1.4323
1.3624
1.2932
1.2257
1.1606
1.0982
1.0389
.9829
.9302
.8808
.8346
.7915
.7512
.7138
.6789
.6464
.6161
.5879
.5616
.5371
.5142
.4928
.4728
.4541
.4366
.4201
.4047
.3901
.3765
.3636
.3515
.34
.3292
.3189
.3092
.3
.2913
.283
.2751
.2676
.2604
.2536
.2471
.2409
.2349
.2293
.2238
.2186
.2136
.2088
.2043
.1998
.1956
.1915
.1876
.1838
.1802
.1766
.1733
.17
.1668
.1638
.1608
.158
.1552
.1525
.15
.1475
.145
.1427
.1404
.1382
.136
.1339
.1319
.1299
.128
.1261
.1243
.1225
.1208
.1191
.1175
.1159
.1144
.1129
.1114
.11
.1085
.1072
.1058
.1045
.1033
.102
.1008
.0996
.0984
.0973
.0962
.0951
.094
.093
.092
.091
.09
.089
.0881
.0871
.0862
.0854
.0845
.0836
.0828
.082
.0812
.0804
.0796
.0788
.0781
.0774
.0766
.0759
.0752
.0746
.0739
.0732
.0726
.0719
.0713
.0707
.0701
.0695
.0689
.0683
.0678
.0672
.0667
.0661
.0656
.0651
.0645
.064
.0635
.063
.0625
.0621
.0616
.0611
.0607
.0602
.0598
.0593
.0589
.0585
.058
.0576
.0572
.0568
.0564
.056
.0556
.0553
.0549
.0545
.0541
.0538
.0534
.0531
.0527
.0524
.052
.0517
.0514
.051
.0507
.0504
.0501
.0498
