3.9071
3.2278
2.6063
2.2601
2.1911
2.1862
2.1831
2.1777
2.1709
2.1635
2.1559
2.1484
2.1409
2.1335
2.1264
2.1193
2.1124
2.1057
2.099
2.0925
2.086
2.0796
2.0732
2.0668
2.0605
2.0542
2.0479
2.0417
2.0354
2.0291
2.0228
2.0164
2.0101
2.0037
1.9973
1.9909
1.9845
1.9781
1.9716
1.9652
1.9587
1.9523
1.9459
1.9394
1.9331
1.9267
1.9204
1.9141
1.9079
1.9018
1.8956
1.8895
1.8835
1.8774
1.8714
1.8654
1.8594
1.8533
1.8472
1.841
1.8347
1.8283
1.8217
1.8149
1.8078
1.8004
1.7926
1.7844
1.7755
1.766
1.7556
1.7443
1.7316
1.7174
1.7013
1.6827
1.661
1.6355
1.6049
1.5678
1.5225
1.4671
1.3998
1.3199
1.2289
1.1308
1.0318
.9378
.8528
.778
.7131
.6568
.6078
.5647
.5266
.4926
.4622
.4349
.4103
.388
.3677
.3493
.3324
.3171
.3029
.2899
.278
.2669
.2567
.2471
.2383
.23
.2223
.2151
.2083
.2019
.1959
.1902
.1848
.1797
.1749
.1703
.166
.1618
.1579
.1541
.1506
.1471
.1438
.1407
.1377
.1348
.132
.1293
.1268
.1243
.1219
.1196
.1174
.1153
.1132
.1112
.1093
.1074
.1056
.1039
.1022
.1006
.099
.0974
.0959
.0945
.0931
.0917
.0904
.0891
.0878
.0866
.0854
.0842
.0831
.082
.0809
.0799
.0789
.0779
.0769
.0759
.075
.0741
.0732
.0723
.0715
.0707
.0699
.0691
.0683
.0675
.0668
.0661
.0653
.0647
.064
.0633
.0626
.062
.0614
.0608
.0601
.0596
.059
.0584
.0578
.0573
.0567
.0562
.0557
.0552
.0547
.0542
.0537
.0532
.0527
.0523
.0518
.0514
.0509
.0505
.0501
.0497
