4.8742
4.4606
4.0435
3.7265
3.5004
3.3248
3.1765
3.0456
2.9289
2.8285
2.7499
2.6983
2.6724
2.6645
2.6658
2.67
2.6742
2.677
2.6784
2.6784
2.6769
2.6743
2.6704
2.6652
2.6587
2.6505
2.6406
2.6284
2.6137
2.5959
2.5745
2.5489
2.5187
2.4836
2.4441
2.4011
2.3565
2.3123
2.2707
2.2331
2.2003
2.172
2.1478
2.1269
2.1088
2.0928
2.0786
2.0657
2.0538
2.0427
2.0322
2.0221
2.0122
2.0023
1.9924
1.9821
1.9713
1.9596
1.9468
1.9326
1.9163
1.8974
1.8752
1.8488
1.8171
1.7789
1.733
1.6784
1.6147
1.5421
1.4616
1.375
1.2847
1.1928
1.1017
1.0131
.9285
.8488
.775
.7076
.6465
.5919
.5433
.5004
.4624
.4289
.3993
.3731
.3499
.3291
.3106
.2939
.2789
.2653
.253
.2417
.2314
.2219
.2132
.2051
.1977
.1907
.1843
.1783
.1726
.1674
.1624
.1577
.1533
.1492
.1452
.1415
.138
.1346
.1314
.1284
.1255
.1227
.1201
.1176
.1151
.1128
.1106
.1084
.1064
.1044
.1025
.1007
.0989
.0972
.0956
.094
.0924
.0909
.0895
.0881
.0868
.0855
.0842
.083
.0818
.0806
.0795
.0784
.0773
.0763
.0753
.0743
.0734
.0724
.0715
.0707
.0698
.069
.0681
.0673
.0666
.0658
.0651
.0643
.0636
.0629
.0622
.0616
.0609
.0603
.0597
.0591
.0585
.0579
.0573
.0567
.0562
.0556
.0551
.0546
.0541
.0536
.0531
.0526
.0521
.0517
.0512
.0508
.0503
.0499
