4.4771
3.9726
3.4091
2.9549
2.6549
2.4779
2.3899
2.3546
2.3437
2.3415
2.3417
2.3422
2.3423
2.3419
2.3412
2.3402
2.3391
2.3379
2.3368
2.3356
2.3345
2.3335
2.3325
2.3316
2.3308
2.33
2.3293
2.3286
2.3279
2.3273
2.3266
2.326
2.3253
2.3246
2.3238
2.3229
2.3219
2.3207
2.3195
2.318
2.3163
2.3143
2.3121
2.3095
2.3065
2.3032
2.2993
2.295
2.2901
2.2846
2.2784
2.2715
2.2639
2.2554
2.2461
2.2358
2.2244
2.2118
2.1978
2.1821
2.1645
2.1445
2.1217
2.0955
2.0655
2.031
1.9919
1.948
1.8994
1.8467
1.7908
1.7325
1.6728
1.6127
1.5529
1.4939
1.4364
1.3806
1.3267
1.2748
1.2251
1.1775
1.1321
1.0888
1.0476
1.0084
.9711
.9358
.9023
.8706
.8405
.8121
.7851
.7597
.7356
.7127
.6912
.6707
.6513
.633
.6155
.599
.5833
.5684
.5542
.5407
.5278
.5155
.5038
.4926
.4819
.4717
.4618
.4525
.4434
.4348
.4265
.4185
.4108
.4034
.3962
.3894
.3827
.3763
.3701
.3641
.3584
.3527
.3473
.3421
.337
.332
.3272
.3226
.318
.3136
.3094
.3052
.3011
.2972
.2934
.2896
.286
.2824
.2789
.2756
.2723
.269
.2659
.2628
.2598
.2569
.254
.2512
.2484
.2457
.2431
.2405
.238
.2355
.2331
.2307
.2284
.2261
.2239
.2217
.2195
.2174
.2153
.2133
.2113
.2093
.2074
.2055
.2037
.2018
.2
.1983
.1965
.1948
.1932
.1915
.1899
.1883
.1867
.1852
.1836
.1821
.1807
.1792
.1778
.1764
.175
.1736
.1723
.1709
.1696
.1683
.1671
.1658
.1646
.1634
.1622
.161
.1598
.1587
.1575
.1564
.1553
.1542
.1531
.1521
.151
.15
.149
.148
.147
.146
.145
.1441
.1431
.1422
.1413
.1404
.1395
.1386
.1377
.1368
.136
.1351
.1343
.1335
.1326
.1318
.131
.1302
.1295
.1287
.1279
.1272
.1264
.1257
.125
.1242
.1235
.1228
.1221
.1214
.1207
.1201
.1194
.1187
.1181
.1174
.1168
.1161
.1155
.1149
.1143
.1137
.1131
.1125
.1119
.1113
.1107
.1101
.1096
.109
.1084
.1079
.1073
.1068
.1063
.1057
.1052
.1047
.1042
.1036
.1031
.1026
.1021
.1016
.1012
.1007
.1002
.0997
.0992
.0988
.0983
.0978
.0974
.0969
.0965
.096
.0956
.0952
.0947
.0943
.0939
.0935
.0931
.0926
.0922
.0918
.0914
.091
.0906
.0902
.0898
.0894
.0891
.0887
.0883
.0879
.0876
.0872
.0868
.0865
.0861
.0857
.0854
.085
.0847
.0843
.084
.0837
.0833
.083
.0826
.0823
.082
.0817
.0813
.081
.0807
.0804
.0801
.0798
.0794
.0791
.0788
.0785
.0782
.0779
.0776
.0773
.0771
.0768
.0765
.0762
.0759
.0756
.0753
.0751
.0748
.0745
.0742
.074
.0737
.0734
.0732
.0729
.0727
.0724
.0721
.0719
.0716
.0714
.0711
.0709
.0706
.0704
.0701
.0699
.0697
.0694
.0692
.0689
.0687
.0685
.0682
.068
.0678
.0676
.0673
.0671
.0669
.0667
.0664
.0662
.066
.0658
.0656
.0654
.0652
.0649
.0647
.0645
.0643
.0641
.0639
.0637
.0635
.0633
.0631
.0629
.0627
.0625
.0623
.0621
.0619
.0617
.0616
.0614
.0612
.061
.0608
.0606
.0604
.0603
.0601
.0599
.0597
.0595
.0594
.0592
.059
.0588
.0587
.0585
.0583
.0581
.058
.0578
.0576
.0575
.0573
.0571
.057
.0568
.0567
.0565
.0563
.0562
.056
.0559
.0557
.0555
.0554
.0552
.0551
.0549
.0548
.0546
.0545
.0543
.0542
.054
.0539
.0537
.0536
.0534
.0533
.0532
.053
.0529
.0527
.0526
.0525
.0523
.0522
.052
.0519
.0518
.0516
.0515
.0514
.0512
.0511
.051
.0508
.0507
.0506
.0504
.0503
.0502
.0501
.0499
