4.4172
4.0818
3.8406
3.6404
3.4344
3.1908
2.899
2.6064
2.4195
2.3527
2.3285
2.3111
2.2939
2.2765
2.2591
2.2421
2.2256
2.2098
2.1948
2.1806
2.1673
2.1547
2.143
2.132
2.1219
2.1124
2.1037
2.0956
2.0881
2.0812
2.0748
2.0688
2.0633
2.058
2.0531
2.0484
2.044
2.0397
2.0356
2.0316
2.0277
2.0238
2.0201
2.0163
2.0126
2.009
2.0053
2.0016
1.9979
1.9941
1.9903
1.9864
1.9825
1.9784
1.9741
1.9696
1.9649
1.9598
1.9543
1.9483
1.9417
1.9344
1.9262
1.917
1.9066
1.8945
1.8806
1.8643
1.8449
1.8215
1.7927
1.7568
1.7113
1.6525
1.5763
1.4779
1.3547
1.2097
1.0551
.9079
.7807
.6767
.5934
.5266
.4726
.4283
.3915
.3605
.3341
.3114
.2917
.2744
.2592
.2456
.2335
.2226
.2127
.2037
.1955
.188
.1811
.1747
.1688
.1634
.1582
.1535
.149
.1448
.1409
.1371
.1336
.1303
.1272
.1242
.1214
.1187
.1161
.1137
.1113
.1091
.1069
.1049
.1029
.101
.0992
.0975
.0958
.0942
.0926
.0911
.0897
.0883
.0869
.0856
.0843
.0831
.0819
.0807
.0796
.0785
.0775
.0764
.0754
.0745
.0735
.0726
.0717
.0708
.07
.0691
.0683
.0675
.0668
.066
.0653
.0646
.0639
.0632
.0625
.0619
.0612
.0606
.06
.0594
.0588
.0582
.0576
.0571
.0565
.056
.0555
.055
.0545
.054
.0535
.053
.0526
.0521
.0517
.0512
.0508
.0504
.0499
