4.5201
4.04
3.6362
3.3235
3.0617
2.8305
2.629
2.4664
2.3526
2.2845
2.2452
2.2178
2.1933
2.1687
2.1436
2.1184
2.0938
2.0703
2.0485
2.0285
2.0104
1.9941
1.9796
1.9666
1.9551
1.9448
1.9356
1.9273
1.9199
1.9131
1.907
1.9013
1.8962
1.8914
1.887
1.8829
1.8791
1.8755
1.8721
1.8689
1.8659
1.863
1.8602
1.8576
1.8551
1.8527
1.8504
1.8482
1.8461
1.844
1.842
1.84
1.8381
1.8363
1.8344
1.8326
1.8309
1.8292
1.8274
1.8257
1.8241
1.8224
1.8207
1.819
1.8173
1.8156
1.8138
1.812
1.8102
1.8083
1.8063
1.8043
1.8022
1.7999
1.7975
1.795
1.7922
1.7893
1.786
1.7824
1.7784
1.774
1.7689
1.7631
1.7564
1.7485
1.7393
1.7282
1.7147
1.6982
1.6778
1.6521
1.6195
1.5778
1.5242
1.4556
1.369
1.2637
1.1426
1.0141
.889
.7759
.679
.598
.5311
.4757
.4297
.3911
.3585
.3306
.3067
.2858
.2676
.2515
.2373
.2246
.2132
.2029
.1935
.1851
.1773
.1702
.1636
.1576
.152
.1468
.1419
.1374
.1332
.1292
.1255
.122
.1187
.1156
.1126
.1098
.1072
.1046
.1022
.1
.0978
.0957
.0937
.0918
.09
.0882
.0865
.0849
.0834
.0819
.0804
.0791
.0777
.0764
.0752
.074
.0728
.0717
.0706
.0696
.0685
.0676
.0666
.0657
.0648
.0639
.063
.0622
.0614
.0606
.0598
.0591
.0584
.0577
.057
.0563
.0556
.055
.0544
.0538
.0532
.0526
.052
.0515
.0509
.0504
.0499
