4.3051
3.9056
3.6331
3.4248
3.2319
3.0349
2.836
2.6598
2.537
2.4698
2.4341
2.4102
2.3903
2.372
2.3546
2.3382
2.3226
2.3079
2.294
2.2807
2.2681
2.256
2.2442
2.2326
2.2208
2.2086
2.1955
2.1812
2.1648
2.1457
2.1224
2.0936
2.0569
2.0097
1.9487
1.8706
1.7736
1.6595
1.5346
1.4087
1.2904
1.1844
1.0921
1.0124
.9439
.8849
.8338
.7893
.7503
.7159
.6853
.658
.6334
.6111
.5907
.5721
.555
.5391
.5244
.5106
.4976
.4854
.4738
.4628
.4524
.4423
.4327
.4235
.4145
.4059
.3975
.3893
.3814
.3736
.3661
.3587
.3515
.3445
.3376
.3309
.3243
.3179
.3116
.3055
.2995
.2937
.288
.2825
.2772
.2719
.2669
.262
.2572
.2526
.2481
.2437
.2395
.2354
.2315
.2277
.2239
.2204
.2169
.2135
.2102
.207
.204
.201
.1981
.1953
.1925
.1899
.1873
.1848
.1823
.18
.1777
.1754
.1732
.1711
.169
.167
.165
.163
.1611
.1593
.1575
.1557
.154
.1523
.1507
.1491
.1475
.1459
.1444
.1429
.1415
.1401
.1387
.1373
.136
.1347
.1334
.1321
.1309
.1296
.1284
.1273
.1261
.125
.1239
.1228
.1217
.1206
.1196
.1186
.1176
.1166
.1156
.1146
.1137
.1128
.1119
.111
.1101
.1092
.1083
.1075
.1067
.1058
.105
.1042
.1035
.1027
.1019
.1012
.1004
.0997
.099
.0983
.0976
.0969
.0962
.0955
.0949
.0942
.0936
.0929
.0923
.0917
.091
.0904
.0898
.0893
.0887
.0881
.0875
.087
.0864
.0859
.0853
.0848
.0843
.0837
.0832
.0827
.0822
.0817
.0812
.0807
.0802
.0798
.0793
.0788
.0784
.0779
.0775
.077
.0766
.0761
.0757
.0753
.0749
.0744
.074
.0736
.0732
.0728
.0724
.072
.0716
.0713
.0709
.0705
.0701
.0698
.0694
.069
.0687
.0683
.068
.0676
.0673
.0669
.0666
.0663
.0659
.0656
.0653
.065
.0647
.0643
.064
.0637
.0634
.0631
.0628
.0625
.0622
.0619
.0616
.0613
.0611
.0608
.0605
.0602
.0599
.0597
.0594
.0591
.0589
.0586
.0583
.0581
.0578
.0576
.0573
.0571
.0568
.0566
.0563
.0561
.0558
.0556
.0554
.0551
.0549
.0547
.0544
.0542
.054
.0538
.0535
.0533
.0531
.0529
.0527
.0525
.0523
.052
.0518
.0516
.0514
.0512
.051
.0508
.0506
.0504
.0502
.05
.0498
