3.9864
3.4342
2.9074
2.4683
2.2632
2.2183
2.2021
2.1862
2.1688
2.1506
2.1321
2.1138
2.096
2.0789
2.0625
2.047
2.0323
2.0184
2.0052
1.9925
1.9804
1.9686
1.9571
1.9458
1.9347
1.9237
1.9127
1.9017
1.8907
1.8797
1.8685
1.8572
1.8457
1.8341
1.8222
1.8099
1.7973
1.7841
1.7702
1.7555
1.7397
1.7225
1.7036
1.6823
1.6582
1.6304
1.5981
1.5601
1.5152
1.4624
1.4009
1.3305
1.252
1.1672
1.0792
.9911
.9061
.8266
.7539
.6887
.6306
.5793
.5341
.4941
.4588
.4275
.3996
.3748
.3525
.3325
.3144
.2979
.283
.2694
.257
.2455
.235
.2252
.2162
.2079
.2001
.1929
.1861
.1797
.1738
.1682
.163
.158
.1533
.1489
.1447
.1408
.137
.1334
.13
.1268
.1237
.1207
.1179
.1152
.1126
.1101
.1078
.1055
.1033
.1012
.0992
.0972
.0954
.0936
.0918
.0901
.0885
.0869
.0854
.084
.0825
.0812
.0798
.0786
.0773
.0761
.0749
.0738
.0727
.0716
.0706
.0695
.0686
.0676
.0667
.0657
.0649
.064
.0631
.0623
.0615
.0607
.06
.0592
.0585
.0578
.0571
.0564
.0558
.0551
.0545
.0539
.0533
.0527
.0521
.0515
.051
.0504
.0499
