4.5056
3.9652
3.4305
2.9304
2.4949
2.2432
2.1677
2.1489
2.1403
2.1338
2.128
2.1227
2.1178
2.1134
2.1092
2.1054
2.1019
2.0986
2.0956
2.0927
2.0901
2.0876
2.0852
2.083
2.0809
2.0789
2.077
2.0751
2.0734
2.0717
2.07
2.0684
2.0669
2.0654
2.0639
2.0624
2.0609
2.0595
2.0581
2.0567
2.0553
2.0538
2.0524
2.051
2.0495
2.048
2.0465
2.045
2.0434
2.0417
2.0401
2.0383
2.0365
2.0345
2.0325
2.0304
2.0282
2.0258
2.0232
2.0205
2.0175
2.0143
2.0108
2.007
2.0029
1.9982
1.993
1.9873
1.9807
1.9733
1.9648
1.9549
1.9435
1.93
1.914
1.8948
1.8717
1.8435
1.8088
1.7664
1.7144
1.6517
1.5782
1.4951
1.4061
1.3156
1.2281
1.1462
1.0711
1.0026
.94
.8826
.8297
.7807
.7352
.6929
.6536
.6172
.5835
.5524
.5238
.4975
.4734
.4512
.4307
.4119
.3945
.3785
.3636
.3498
.3369
.3249
.3137
.3033
.2934
.2842
.2755
.2672
.2595
.2521
.2452
.2386
.2323
.2263
.2206
.2152
.21
.205
.2003
.1957
.1914
.1872
.1832
.1793
.1756
.1721
.1687
.1653
.1622
.1591
.1561
.1532
.1505
.1478
.1452
.1427
.1403
.1379
.1356
.1334
.1313
.1292
.1272
.1252
.1233
.1215
.1197
.1179
.1162
.1145
.1129
.1114
.1098
.1083
.1069
.1055
.1041
.1027
.1014
.1001
.0989
.0976
.0964
.0953
.0941
.093
.0919
.0908
.0898
.0888
.0878
.0868
.0858
.0849
.0839
.083
.0822
.0813
.0804
.0796
.0788
.078
.0772
.0764
.0757
.0749
.0742
.0735
.0728
.0721
.0714
.0707
.0701
.0694
.0688
.0682
.0676
.067
.0664
.0658
.0652
.0647
.0641
.0636
.063
.0625
.062
.0615
.061
.0605
.06
.0595
.059
.0586
.0581
.0577
.0572
.0568
.0564
.0559
.0555
.0551
.0547
.0543
.0539
.0535
.0531
.0527
.0524
.052
.0516
.0513
.0509
.0506
.0502
.0499
