4.1677
3.7044
3.3181
2.9762
2.6689
2.4416
2.3289
2.2919
2.2807
2.2751
2.2701
2.2648
2.2591
2.253
2.2466
2.24
2.2333
2.2264
2.2192
2.2117
2.2038
2.1954
2.1864
2.1768
2.1663
2.1551
2.143
2.1301
2.1162
2.1016
2.086
2.0696
2.0524
2.0343
2.0152
1.9951
1.9737
1.9508
1.9261
1.8991
1.8693
1.8359
1.7981
1.755
1.7057
1.6495
1.586
1.5156
1.4393
1.359
1.2771
1.1959
1.1173
1.0429
.9736
.9095
.8508
.7972
.7483
.7038
.6632
.6262
.5924
.5614
.5331
.507
.483
.4609
.4404
.4215
.4039
.3875
.3723
.3581
.3448
.3323
.3207
.3097
.2994
.2897
.2805
.2718
.2636
.2559
.2485
.2415
.2349
.2286
.2226
.2168
.2114
.2062
.2012
.1964
.1918
.1875
.1833
.1792
.1754
.1717
.1681
.1646
.1613
.1581
.1551
.1521
.1492
.1465
.1438
.1412
.1387
.1363
.134
.1317
.1295
.1274
.1254
.1234
.1214
.1195
.1177
.1159
.1142
.1125
.1109
.1093
.1077
.1062
.1048
.1033
.1019
.1006
.0993
.098
.0967
.0955
.0943
.0931
.092
.0909
.0898
.0887
.0876
.0866
.0856
.0846
.0837
.0828
.0818
.0809
.0801
.0792
.0784
.0775
.0767
.0759
.0752
.0744
.0736
.0729
.0722
.0715
.0708
.0701
.0694
.0688
.0681
.0675
.0669
.0663
.0657
.0651
.0645
.0639
.0634
.0628
.0623
.0617
.0612
.0607
.0602
.0597
.0592
.0587
.0582
.0578
.0573
.0569
.0564
.056
.0555
.0551
.0547
.0543
.0539
.0535
.0531
.0527
.0523
.0519
.0515
.0511
.0508
.0504
.0501
.0497
