4.4825
3.8277
3.189
2.6527
2.2583
2.0607
2.0076
1.9997
1.9969
1.9925
1.9864
1.9792
1.9715
1.9636
1.9559
1.9483
1.941
1.934
1.9272
1.9208
1.9146
1.9088
1.9032
1.8978
1.8927
1.8879
1.8832
1.8788
1.8745
1.8704
1.8664
1.8626
1.8589
1.8554
1.8519
1.8485
1.8452
1.842
1.8388
1.8357
1.8327
1.8297
1.8267
1.8238
1.8209
1.8181
1.8153
1.8124
1.8097
1.8069
1.8041
1.8013
1.7985
1.7958
1.793
1.7901
1.7873
1.7845
1.7816
1.7786
1.7757
1.7726
1.7696
1.7664
1.7632
1.7599
1.7565
1.753
1.7494
1.7457
1.7419
1.7378
1.7337
1.7293
1.7247
1.7199
1.7148
1.7095
1.7038
1.6977
1.6913
1.6844
1.677
1.669
1.6603
1.6509
1.6406
1.6293
1.6168
1.6028
1.5872
1.5694
1.5491
1.5256
1.4979
1.4648
1.4246
1.3749
1.3129
1.2355
1.1409
1.0312
.9138
.7998
.6985
.6133
.5436
.4867
.4399
.401
.3681
.34
.3157
.2945
.2758
.2593
.2446
.2314
.2195
.2087
.199
.19
.1819
.1744
.1675
.1611
.1552
.1497
.1446
.1399
.1354
.1313
.1274
.1237
.1202
.1169
.1138
.1109
.1081
.1055
.103
.1006
.0983
.0961
.0941
.0921
.0902
.0883
.0866
.0849
.0833
.0818
.0803
.0788
.0774
.0761
.0748
.0736
.0724
.0712
.0701
.069
.0679
.0669
.0659
.065
.064
.0631
.0622
.0614
.0605
.0597
.0589
.0582
.0574
.0567
.056
.0553
.0546
.054
.0533
.0527
.0521
.0515
.0509
.0503
.0498
