4.1442
3.697
3.3647
3.0818
2.8097
2.5583
2.363
2.2422
2.1785
2.1446
2.1237
2.1083
2.0958
2.0849
2.0753
2.0666
2.0586
2.0511
2.0439
2.0369
2.03
2.023
2.016
2.0088
2.0014
1.9936
1.9855
1.9769
1.9679
1.9584
1.9482
1.9375
1.9262
1.9142
1.9017
1.8885
1.8746
1.8599
1.8445
1.8282
1.8108
1.792
1.7717
1.7493
1.7245
1.6967
1.6652
1.6293
1.5882
1.5412
1.4881
1.4287
1.3638
1.2947
1.2233
1.1516
1.0815
1.0146
.9516
.8931
.8391
.7895
.7439
.702
.6636
.6283
.5957
.5658
.5381
.5125
.4887
.4667
.4463
.4272
.4095
.3929
.3774
.3629
.3494
.3366
.3246
.3133
.3027
.2926
.2832
.2742
.2657
.2577
.25
.2428
.2359
.2293
.2231
.2171
.2114
.206
.2008
.1959
.1911
.1866
.1822
.178
.174
.1702
.1665
.1629
.1595
.1562
.153
.1499
.147
.1441
.1413
.1387
.1361
.1336
.1312
.1289
.1266
.1244
.1223
.1203
.1183
.1163
.1145
.1126
.1109
.1092
.1075
.1059
.1043
.1027
.1012
.0998
.0984
.097
.0956
.0943
.093
.0918
.0906
.0894
.0882
.0871
.086
.0849
.0839
.0828
.0818
.0808
.0799
.0789
.078
.0771
.0762
.0754
.0745
.0737
.0729
.0721
.0713
.0705
.0698
.0691
.0683
.0676
.0669
.0663
.0656
.0649
.0643
.0637
.0631
.0624
.0618
.0613
.0607
.0601
.0596
.059
.0585
.058
.0574
.0569
.0564
.0559
.0554
.055
.0545
.054
.0536
.0531
.0527
.0523
.0518
.0514
.051
.0506
.0502
.0498
