4.3909
3.8608
3.4203
3.1091
2.8883
2.729
2.6175
2.5444
2.4985
2.4666
2.4383
2.408
2.3735
2.3354
2.2953
2.2552
2.2171
2.1824
2.1518
2.1254
2.1029
2.0838
2.0677
2.0539
2.042
2.0316
2.0225
2.0143
2.007
2.0003
1.9941
1.9885
1.9832
1.9783
1.9736
1.9693
1.9651
1.9612
1.9575
1.954
1.9507
1.9475
1.9445
1.9416
1.9389
1.9363
1.9339
1.9315
1.9293
1.9272
1.9251
1.9232
1.9213
1.9196
1.9179
1.9163
1.9147
1.9133
1.9119
1.9105
1.9092
1.908
1.9068
1.9056
1.9045
1.9035
1.9025
1.9015
1.9005
1.8996
1.8987
1.8979
1.897
1.8962
1.8954
1.8947
1.8939
1.8932
1.8925
1.8918
1.8912
1.8905
1.8899
1.8893
1.8886
1.888
1.8874
1.8869
1.8863
1.8857
1.8852
1.8846
1.8841
1.8836
1.883
1.8825
1.882
1.8815
1.881
1.8805
1.88
1.8795
1.8791
1.8786
1.8781
1.8776
1.8772
1.8767
1.8762
1.8758
1.8753
1.8748
1.8744
1.8739
1.8735
1.873
1.8726
1.8721
1.8717
1.8712
1.8708
1.8704
1.8699
1.8695
1.869
1.8686
1.8681
1.8677
1.8672
1.8668
1.8663
1.8659
1.8654
1.865
1.8645
1.864
1.8636
1.8631
1.8626
1.8622
1.8617
1.8612
1.8607
1.8602
1.8597
1.8592
1.8587
1.8582
1.8577
1.8571
1.8566
1.856
1.8555
1.8549
1.8543
1.8537
1.8531
1.8525
1.8518
1.8512
1.8505
1.8498
1.8491
1.8483
1.8476
1.8468
1.846
1.8451
1.8442
1.8433
1.8424
1.8414
1.8403
1.8392
1.838
1.8368
1.8355
1.8342
1.8327
1.8312
1.8295
1.8278
1.8259
1.8239
1.8217
1.8193
1.8167
1.8139
1.8108
1.8073
1.8035
1.7993
1.7945
1.7892
1.7831
1.7761
1.768
1.7586
1.7476
1.7344
1.7186
1.6993
1.6754
1.6456
1.6077
1.5591
1.4963
1.4153
1.3132
1.1903
1.0534
.9149
.7874
.6778
.5873
.5137
.4542
.4057
.3659
.3328
.3051
.2816
.2614
.244
.2288
.2155
.2037
.1931
.1837
.1752
.1675
.1605
.1541
.1482
.1428
.1379
.1332
.129
.125
.1212
.1177
.1145
.1114
.1085
.1058
.1032
.1007
.0984
.0962
.0941
.0921
.0902
.0884
.0867
.085
.0834
.0819
.0805
.0791
.0777
.0764
.0752
.074
.0728
.0717
.0706
.0696
.0686
.0676
.0666
.0657
.0649
.064
.0632
.0624
.0616
.0608
.0601
.0593
.0586
.058
.0573
.0567
.056
.0554
.0548
.0542
.0537
.0531
.0526
.052
.0515
.051
.0505
.05
.0496
