4.2369
3.974
3.8015
3.6605
3.5179
3.3527
3.1499
2.9098
2.6745
2.5215
2.4625
2.4421
2.4288
2.4152
2.4004
2.3846
2.3681
2.3512
2.3343
2.3177
2.3014
2.2858
2.271
2.2569
2.2437
2.2314
2.2199
2.2093
2.1995
2.1904
2.182
2.1741
2.1667
2.1598
2.1532
2.147
2.141
2.1352
2.1296
2.1242
2.1188
2.1136
2.1084
2.1033
2.0983
2.0933
2.0884
2.0835
2.0786
2.0738
2.0689
2.0642
2.0594
2.0547
2.0501
2.0454
2.0407
2.036
2.0312
2.0263
2.0213
2.0161
2.0106
2.0049
1.9988
1.9923
1.9853
1.9778
1.9698
1.9613
1.9521
1.9422
1.9315
1.9199
1.9072
1.8929
1.8766
1.8576
1.8349
1.8067
1.7707
1.7235
1.6598
1.5729
1.4549
1.3018
1.1217
.9385
.7781
.6509
.5538
.4798
.4226
.3775
.3414
.3118
.2872
.2665
.2488
.2336
.2202
.2085
.1981
.1888
.1805
.1729
.1661
.1598
.154
.1487
.1438
.1393
.135
.1311
.1274
.124
.1207
.1176
.1147
.112
.1094
.107
.1046
.1024
.1003
.0983
.0963
.0945
.0927
.091
.0894
.0878
.0863
.0849
.0835
.0821
.0808
.0796
.0784
.0772
.0761
.075
.0739
.0729
.0719
.0709
.07
.0691
.0682
.0673
.0665
.0657
.0649
.0641
.0634
.0626
.0619
.0612
.0605
.0599
.0592
.0586
.0579
.0573
.0567
.0562
.0556
.055
.0545
.054
.0534
.0529
.0524
.0519
.0515
.051
.0505
.0501
.0496
