4.0975
3.6904
3.3579
3.0523
2.7571
2.5016
2.3341
2.2549
2.2193
2.1958
2.174
2.1515
2.1281
2.1041
2.0801
2.0564
2.0334
2.0114
1.9904
1.9704
1.9513
1.9329
1.915
1.8974
1.8796
1.8615
1.8426
1.8224
1.8002
1.7753
1.7465
1.7124
1.6711
1.6201
1.5567
1.4781
1.3827
1.2721
1.1522
1.0318
.9194
.8201
.7349
.6631
.6026
.5516
.5082
.4711
.439
.4111
.3866
.3649
.3456
.3283
.3128
.2987
.2859
.2742
.2635
.2537
.2446
.2361
.2283
.221
.2142
.2078
.2018
.1962
.1909
.1859
.1812
.1767
.1725
.1685
.1646
.161
.1575
.1542
.151
.1479
.145
.1422
.1396
.137
.1345
.1321
.1298
.1276
.1255
.1234
.1214
.1195
.1176
.1158
.1141
.1124
.1107
.1092
.1076
.1061
.1047
.1032
.1019
.1005
.0992
.098
.0967
.0955
.0943
.0932
.0921
.091
.0899
.0889
.0879
.0869
.0859
.085
.084
.0831
.0823
.0814
.0805
.0797
.0789
.0781
.0773
.0766
.0758
.0751
.0744
.0737
.073
.0723
.0716
.071
.0703
.0697
.0691
.0685
.0679
.0673
.0667
.0661
.0656
.065
.0645
.0639
.0634
.0629
.0624
.0619
.0614
.0609
.0605
.06
.0595
.0591
.0586
.0582
.0578
.0573
.0569
.0565
.0561
.0557
.0553
.0549
.0545
.0541
.0538
.0534
.053
.0527
.0523
.052
.0516
.0513
.0509
.0506
.0503
.0499
