4.9152
4.4672
3.9289
3.453
3.084
2.7847
2.545
2.3789
2.2861
2.2399
2.2131
2.1919
2.1717
2.1512
2.1304
2.1095
2.0889
2.0689
2.0497
2.0314
2.014
1.9977
1.9822
1.9676
1.9538
1.9408
1.9284
1.9166
1.9053
1.8946
1.8843
1.8743
1.8647
1.8554
1.8463
1.8374
1.8287
1.8202
1.8117
1.8033
1.7948
1.7864
1.7778
1.7692
1.7603
1.7511
1.7415
1.7314
1.7206
1.709
1.6963
1.6822
1.6663
1.6481
1.6271
1.6025
1.5733
1.5386
1.4973
1.4487
1.3925
1.3292
1.2605
1.1889
1.1171
1.0476
.9819
.921
.8651
.8142
.7678
.7257
.6873
.6523
.6203
.5909
.564
.5391
.5161
.4948
.475
.4566
.4394
.4233
.4083
.3941
.3809
.3683
.3565
.3454
.3348
.3249
.3154
.3064
.2978
.2897
.282
.2746
.2675
.2608
.2544
.2482
.2423
.2367
.2312
.226
.221
.2163
.2116
.2072
.2029
.1988
.1949
.191
.1873
.1838
.1803
.177
.1738
.1707
.1677
.1648
.1619
.1592
.1566
.154
.1515
.1491
.1467
.1444
.1422
.1401
.138
.1359
.1339
.132
.1301
.1283
.1265
.1248
.1231
.1214
.1198
.1182
.1167
.1152
.1137
.1123
.1109
.1096
.1082
.1069
.1056
.1044
.1032
.102
.1008
.0997
.0986
.0975
.0964
.0953
.0943
.0933
.0923
.0914
.0904
.0895
.0886
.0877
.0868
.0859
.0851
.0842
.0834
.0826
.0818
.0811
.0803
.0796
.0788
.0781
.0774
.0767
.076
.0754
.0747
.074
.0734
.0728
.0722
.0715
.0709
.0704
.0698
.0692
.0686
.0681
.0675
.067
.0665
.066
.0654
.0649
.0644
.0639
.0635
.063
.0625
.062
.0616
.0611
.0607
.0603
.0598
.0594
.059
.0586
.0582
.0577
.0573
.057
.0566
.0562
.0558
.0554
.0551
.0547
.0543
.054
.0536
.0533
.0529
.0526
.0523
.0519
.0516
.0513
.051
.0507
.0504
.05
.0497
