4.0514
3.6365
3.2991
2.9814
2.6683
2.3921
2.2094
2.1275
2.0965
2.0807
2.0683
2.0563
2.0438
2.0304
2.0162
2.0013
1.9857
1.9696
1.9532
1.9366
1.9201
1.9039
1.8881
1.8727
1.858
1.844
1.8307
1.8181
1.8062
1.795
1.7845
1.7745
1.7651
1.7563
1.7479
1.74
1.7325
1.7254
1.7186
1.7122
1.7061
1.7003
1.6947
1.6893
1.6842
1.6793
1.6746
1.6701
1.6658
1.6616
1.6576
1.6537
1.65
1.6464
1.6429
1.6395
1.6363
1.6331
1.6301
1.6271
1.6242
1.6214
1.6187
1.6161
1.6136
1.6111
1.6087
1.6064
1.6041
1.6019
1.5997
1.5976
1.5955
1.5935
1.5916
1.5897
1.5878
1.586
1.5842
1.5825
1.5808
1.5791
1.5775
1.5759
1.5743
1.5728
1.5713
1.5699
1.5684
1.567
1.5656
1.5643
1.563
1.5617
1.5604
1.5591
1.5579
1.5567
1.5555
1.5543
1.5532
1.552
1.5509
1.5498
1.5488
1.5477
1.5467
1.5456
1.5446
1.5436
1.5427
1.5417
1.5407
1.5398
1.5389
1.5379
1.537
1.5362
1.5353
1.5344
1.5335
1.5327
1.5318
1.531
1.5302
1.5294
1.5286
1.5278
1.527
1.5262
1.5254
1.5247
1.5239
1.5231
1.5224
1.5216
1.5209
1.5201
1.5194
1.5187
1.5179
1.5172
1.5165
1.5158
1.515
1.5143
1.5136
1.5129
1.5121
1.5114
1.5107
1.51
1.5092
1.5085
1.5078
1.507
1.5063
1.5055
1.5047
1.5039
1.5032
1.5024
1.5016
1.5007
1.4999
1.499
1.4982
1.4973
1.4964
1.4955
1.4945
1.4935
1.4925
1.4915
1.4904
1.4893
1.4881
1.4869
1.4857
1.4844
1.483
1.4816
1.4801
1.4786
1.4769
1.4752
1.4733
1.4714
1.4693
1.4671
1.4647
1.4622
1.4594
1.4565
1.4533
1.4498
1.446
1.4419
1.4373
1.4323
1.4267
1.4204
1.4135
1.4056
1.3967
1.3865
1.3749
1.3614
1.3456
1.3271
1.3052
1.2789
1.2473
1.2089
1.1621
1.1054
1.0372
.9574
.8678
.7729
.6791
.5924
.5163
.4519
.3982
.3538
.3171
.2864
.2607
.2389
.2203
.2043
.1903
.1781
.1673
.1578
.1493
.1416
.1347
.1284
.1228
.1175
.1128
.1084
.1043
.1006
.0971
.0938
.0908
.088
.0853
.0828
.0805
.0783
.0762
.0742
.0724
.0706
.0689
.0673
.0658
.0644
.063
.0616
.0604
.0592
.058
.0569
.0558
.0548
.0538
.0529
.052
.0511
.0502
.0494
