4.0602
3.7244
3.4558
3.2106
2.9684
2.7394
2.5612
2.4604
2.4161
2.3934
2.3758
2.3587
2.3412
2.3233
2.3054
2.2875
2.27
2.2528
2.2361
2.2199
2.2043
2.1893
2.175
2.1612
2.1479
2.1351
2.1227
2.1106
2.0987
2.087
2.0753
2.0636
2.0518
2.04
2.028
2.0159
2.0036
1.9911
1.9785
1.9656
1.9524
1.9391
1.9255
1.9116
1.8975
1.883
1.8682
1.8529
1.8372
1.8209
1.8039
1.786
1.7671
1.7468
1.7246
1.7002
1.6727
1.6413
1.6048
1.5617
1.5106
1.45
1.3791
1.2981
1.2092
1.116
1.0232
.9349
.8541
.7821
.719
.664
.6163
.5747
.5384
.5064
.4781
.453
.4305
.4102
.3919
.3752
.36
.346
.3331
.3212
.3101
.2998
.2902
.2812
.2728
.2648
.2573
.2502
.2435
.2372
.2311
.2254
.2199
.2147
.2097
.2049
.2003
.1959
.1917
.1877
.1838
.1801
.1765
.173
.1697
.1665
.1634
.1604
.1575
.1547
.152
.1494
.1468
.1444
.142
.1397
.1374
.1353
.1332
.1311
.1291
.1272
.1253
.1235
.1217
.12
.1183
.1167
.1151
.1135
.112
.1106
.1091
.1077
.1064
.105
.1037
.1024
.1012
.1
.0988
.0976
.0965
.0954
.0943
.0933
.0922
.0912
.0902
.0892
.0883
.0873
.0864
.0855
.0847
.0838
.0829
.0821
.0813
.0805
.0797
.079
.0782
.0775
.0767
.076
.0753
.0746
.074
.0733
.0726
.072
.0714
.0707
.0701
.0695
.0689
.0684
.0678
.0672
.0667
.0661
.0656
.0651
.0646
.064
.0635
.063
.0626
.0621
.0616
.0611
.0607
.0602
.0598
.0593
.0589
.0585
.0581
.0576
.0572
.0568
.0564
.056
.0556
.0553
.0549
.0545
.0541
.0538
.0534
.0531
.0527
.0524
.052
.0517
.0514
.051
.0507
.0504
.0501
.0498
