4.1837
3.6879
3.2762
2.9247
2.6221
2.4069
2.3036
2.2698
2.2578
2.2494
2.2403
2.23
2.2188
2.207
2.1948
2.1824
2.1698
2.157
2.1441
2.1308
2.1173
2.1033
2.0889
2.0743
2.0593
2.0443
2.0292
2.0143
1.9998
1.9857
1.9721
1.9591
1.9469
1.9354
1.9246
1.9144
1.905
1.8962
1.8879
1.8802
1.8729
1.8661
1.8596
1.8535
1.8476
1.8421
1.8367
1.8315
1.8265
1.8216
1.8168
1.812
1.8073
1.8025
1.7977
1.7929
1.7879
1.7828
1.7775
1.7719
1.7661
1.7598
1.753
1.7457
1.7377
1.7288
1.7189
1.7077
1.695
1.6804
1.6634
1.6436
1.6202
1.5924
1.5591
1.5192
1.4716
1.4152
1.3496
1.2754
1.1948
1.1108
1.0274
.9478
.8742
.8077
.7482
.6952
.648
.6058
.568
.5339
.5032
.4752
.4498
.4267
.4054
.3859
.368
.3514
.3361
.3219
.3087
.2964
.2849
.2742
.2641
.2547
.2458
.2374
.2295
.2221
.215
.2083
.202
.1959
.1902
.1847
.1795
.1746
.1698
.1653
.1609
.1568
.1528
.149
.1453
.1418
.1384
.1351
.132
.1289
.126
.1232
.1205
.1179
.1153
.1129
.1105
.1083
.106
.1039
.1018
.0998
.0979
.096
.0942
.0924
.0907
.089
.0874
.0858
.0843
.0828
.0814
.0799
.0786
.0773
.076
.0747
.0735
.0723
.0711
.07
.0689
.0678
.0668
.0657
.0647
.0638
.0628
.0619
.061
.0601
.0592
.0584
.0576
.0568
.056
.0552
.0545
.0538
.053
.0523
.0517
.051
.0503
.0497
