4.4383
3.9397
3.4916
3.1606
2.9192
2.742
2.6247
2.5638
2.5425
2.5396
2.542
2.5444
2.5455
2.5452
2.5437
2.5415
2.5388
2.5356
2.5323
2.5288
2.5251
2.5214
2.5175
2.5136
2.5095
2.5052
2.5008
2.4961
2.4911
2.4857
2.4799
2.4736
2.4668
2.4593
2.451
2.4419
2.432
2.4212
2.4095
2.397
2.3838
2.3702
2.3562
2.3423
2.3285
2.3152
2.3025
2.2904
2.2791
2.2685
2.2587
2.2496
2.241
2.2331
2.2256
2.2185
2.2119
2.2056
2.1997
2.194
2.1885
2.1833
2.1782
2.1734
2.1687
2.1641
2.1596
2.1552
2.1509
2.1466
2.1423
2.1379
2.1334
2.1288
2.1238
2.1185
2.1126
2.106
2.0985
2.0895
2.0788
2.0656
2.0492
2.0282
2.0014
1.9667
1.922
1.8653
1.7951
1.7116
1.6173
1.5163
1.4134
1.3129
1.2176
1.1293
1.0485
.9753
.9093
.85
.7968
.7491
.7062
.6676
.6329
.6014
.573
.5471
.5234
.5018
.482
.4637
.4469
.4313
.4169
.4034
.3909
.3792
.3683
.358
.3484
.3393
.3308
.3227
.315
.3078
.3009
.2944
.2882
.2823
.2767
.2713
.2662
.2613
.2566
.2521
.2478
.2436
.2396
.2358
.2321
.2285
.2251
.2218
.2186
.2155
.2125
.2097
.2069
.2042
.2015
.199
.1965
.1941
.1918
.1895
.1873
.1852
.1831
.1811
.1791
.1772
.1753
.1735
.1717
.17
.1683
.1666
.165
.1634
.1618
.1603
.1588
.1574
.156
.1546
.1532
.1519
.1506
.1493
.148
.1468
.1456
.1444
.1432
.1421
.141
.1399
.1388
.1377
.1367
.1356
.1346
.1336
.1326
.1317
.1307
.1298
.1289
.128
.1271
.1262
.1254
.1245
.1237
.1229
.122
.1212
.1205
.1197
.1189
.1182
.1174
.1167
.116
.1152
.1145
.1138
.1132
.1125
.1118
.1112
.1105
.1099
.1092
.1086
.108
.1074
.1068
.1062
.1056
.105
.1044
.1038
.1033
.1027
.1022
.1016
.1011
.1006
.1
.0995
.099
.0985
.098
.0975
.097
.0965
.096
.0955
.0951
.0946
.0941
.0937
.0932
.0928
.0923
.0919
.0915
.091
.0906
.0902
.0898
.0893
.0889
.0885
.0881
.0877
.0873
.0869
.0866
.0862
.0858
.0854
.085
.0847
.0843
.0839
.0836
.0832
.0829
.0825
.0822
.0818
.0815
.0811
.0808
.0805
.0801
.0798
.0795
.0792
.0788
.0785
.0782
.0779
.0776
.0773
.077
.0767
.0764
.0761
.0758
.0755
.0752
.0749
.0746
.0743
.0741
.0738
.0735
.0732
.073
.0727
.0724
.0721
.0719
.0716
.0714
.0711
.0708
.0706
.0703
.0701
.0698
.0696
.0693
.0691
.0689
.0686
.0684
.0681
.0679
.0677
.0674
.0672
.067
.0667
.0665
.0663
.0661
.0658
.0656
.0654
.0652
.065
.0648
.0645
.0643
.0641
.0639
.0637
.0635
.0633
.0631
.0629
.0627
.0625
.0623
.0621
.0619
.0617
.0615
.0613
.0611
.0609
.0607
.0606
.0604
.0602
.06
.0598
.0596
.0595
.0593
.0591
.0589
.0587
.0586
.0584
.0582
.058
.0579
.0577
.0575
.0574
.0572
.057
.0569
.0567
.0565
.0564
.0562
.0561
.0559
.0557
.0556
.0554
.0553
.0551
.055
.0548
.0547
.0545
.0543
.0542
.054
.0539
.0538
.0536
.0535
.0533
.0532
.053
.0529
.0527
.0526
.0525
.0523
.0522
.052
.0519
.0518
.0516
.0515
.0514
.0512
.0511
.051
.0508
.0507
.0506
.0504
.0503
.0502
.05
.0499
