4.1741
3.9866
3.8779
3.7992
3.7292
3.6567
3.5738
3.4723
3.3425
3.1746
2.965
2.7351
2.544
2.4338
2.3791
2.3444
2.3157
2.2894
2.265
2.2423
2.2212
2.2016
2.1832
2.1658
2.1491
2.1328
2.1164
2.0996
2.0818
2.0624
2.0404
2.0149
1.9843
1.9465
1.8987
1.8371
1.7573
1.6551
1.5297
1.3868
1.2395
1.1019
.9822
.8817
.7985
.7294
.6718
.6232
.5819
.5464
.5156
.4886
.4649
.4438
.4248
.4078
.3923
.3783
.3653
.3535
.3425
.3323
.3228
.3139
.3055
.2977
.2903
.2833
.2767
.2705
.2645
.2588
.2534
.2483
.2433
.2386
.2341
.2297
.2256
.2216
.2177
.214
.2104
.207
.2037
.2005
.1974
.1944
.1915
.1887
.186
.1834
.1808
.1783
.176
.1736
.1714
.1692
.1671
.165
.163
.161
.1591
.1573
.1555
.1537
.152
.1504
.1487
.1471
.1456
.1441
.1426
.1411
.1397
.1383
.137
.1357
.1344
.1331
.1319
.1307
.1295
.1283
.1272
.126
.1249
.1239
.1228
.1218
.1207
.1197
.1188
.1178
.1169
.1159
.115
.1141
.1132
.1124
.1115
.1107
.1098
.109
.1082
.1074
.1066
.1059
.1051
.1044
.1037
.1029
.1022
.1015
.1008
.1002
.0995
.0988
.0982
.0975
.0969
.0963
.0957
.0951
.0945
.0939
.0933
.0927
.0921
.0916
.091
.0905
.0899
.0894
.0889
.0883
.0878
.0873
.0868
.0863
.0858
.0853
.0848
.0844
.0839
.0834
.083
.0825
.0821
.0816
.0812
.0808
.0803
.0799
.0795
.0791
.0787
.0782
.0778
.0774
.077
.0767
.0763
.0759
.0755
.0751
.0748
.0744
.074
.0737
.0733
.0729
.0726
.0722
.0719
.0716
.0712
.0709
.0706
.0702
.0699
.0696
.0693
.0689
.0686
.0683
.068
.0677
.0674
.0671
.0668
.0665
.0662
.0659
.0656
.0654
.0651
.0648
.0645
.0642
.064
.0637
.0634
.0632
.0629
.0626
.0624
.0621
.0619
.0616
.0614
.0611
.0609
.0606
.0604
.0601
.0599
.0597
.0594
.0592
.0589
.0587
.0585
.0583
.058
.0578
.0576
.0574
.0571
.0569
.0567
.0565
.0563
.0561
.0559
.0557
.0555
.0552
.055
.0548
.0546
.0544
.0542
.054
.0539
.0537
.0535
.0533
.0531
.0529
.0527
.0525
.0523
.0522
.052
.0518
.0516
.0514
.0513
.0511
.0509
.0507
.0506
.0504
.0502
.0501
.0499
