4.3377
3.9083
3.6154
3.4013
3.2141
3.0345
2.8652
2.7249
2.6336
2.5905
2.5758
2.5722
2.5712
2.5702
2.5684
2.5659
2.5627
2.559
2.5549
2.5504
2.5456
2.5406
2.5352
2.5295
2.5234
2.5167
2.5095
2.5014
2.4924
2.4821
2.4704
2.4567
2.4408
2.4218
2.3992
2.3719
2.3388
2.2982
2.2483
2.1868
2.1115
2.021
1.9159
1.7997
1.678
1.5566
1.4401
1.3315
1.2322
1.1429
1.0634
.993
.9309
.8762
.8278
.7851
.7472
.7134
.6832
.6561
.6316
.6095
.5894
.571
.5542
.5388
.5246
.5114
.4992
.4879
.4774
.4675
.4583
.4496
.4414
.4337
.4265
.4196
.4131
.407
.4011
.3955
.3902
.3851
.3802
.3756
.3711
.3668
.3627
.3587
.3549
.3512
.3476
.3442
.3408
.3376
.3344
.3314
.3284
.3255
.3227
.3199
.3172
.3146
.312
.3094
.307
.3045
.3021
.2997
.2974
.295
.2927
.2905
.2882
.286
.2837
.2815
.2793
.2771
.2749
.2727
.2704
.2682
.266
.2638
.2615
.2592
.2569
.2546
.2523
.2499
.2475
.2451
.2426
.2402
.2376
.2351
.2325
.2298
.2272
.2245
.2217
.2189
.2161
.2132
.2104
.2074
.2045
.2015
.1985
.1955
.1924
.1894
.1864
.1833
.1803
.1772
.1742
.1712
.1682
.1653
.1624
.1595
.1567
.1539
.1512
.1485
.1459
.1433
.1408
.1383
.1359
.1336
.1313
.1291
.1269
.1248
.1228
.1208
.1188
.1169
.1151
.1133
.1116
.1099
.1083
.1067
.1051
.1036
.1021
.1007
.0993
.0979
.0966
.0953
.0941
.0928
.0917
.0905
.0894
.0882
.0872
.0861
.0851
.0841
.0831
.0821
.0812
.0803
.0794
.0785
.0776
.0768
.0759
.0751
.0743
.0736
.0728
.072
.0713
.0706
.0699
.0692
.0685
.0679
.0672
.0666
.0659
.0653
.0647
.0641
.0635
.063
.0624
.0618
.0613
.0608
.0602
.0597
.0592
.0587
.0582
.0577
.0572
.0568
.0563
.0558
.0554
.055
.0545
.0541
.0537
.0533
.0528
.0524
.052
.0516
.0513
.0509
.0505
.0501
.0498
