4.2701
3.9045
3.6344
3.3977
3.1502
2.8829
2.6383
2.4823
2.4068
2.3601
2.3203
2.2835
2.2496
2.2186
2.1904
2.1649
2.1419
2.1211
2.1022
2.0849
2.069
2.0542
2.0403
2.0272
2.0147
2.0026
1.9909
1.9793
1.9679
1.9566
1.9452
1.9338
1.9222
1.9105
1.8984
1.886
1.8732
1.8598
1.8457
1.8308
1.8148
1.7975
1.7786
1.7576
1.734
1.7072
1.6762
1.64
1.5972
1.5464
1.4859
1.4147
1.3328
1.242
1.1467
1.0523
.964
.8851
.8163
.7572
.7065
.6629
.6251
.592
.5628
.5368
.5134
.4922
.4729
.4551
.4386
.4233
.409
.3956
.383
.371
.3597
.349
.3388
.3291
.3199
.3112
.3028
.2949
.2873
.2801
.2732
.2667
.2605
.2545
.2488
.2434
.2383
.2334
.2287
.2242
.2199
.2158
.2118
.2081
.2045
.201
.1977
.1945
.1914
.1885
.1857
.1829
.1803
.1778
.1753
.1729
.1706
.1684
.1663
.1642
.1622
.1603
.1584
.1565
.1547
.153
.1513
.1497
.1481
.1465
.145
.1435
.1421
.1407
.1393
.138
.1367
.1354
.1341
.1329
.1317
.1305
.1294
.1283
.1272
.1261
.125
.124
.123
.122
.121
.1201
.1191
.1182
.1173
.1164
.1155
.1146
.1138
.113
.1121
.1113
.1105
.1097
.109
.1082
.1075
.1067
.106
.1053
.1046
.1039
.1032
.1025
.1019
.1012
.1006
.0999
.0993
.0987
.0981
.0974
.0968
.0963
.0957
.0951
.0945
.094
.0934
.0929
.0923
.0918
.0913
.0907
.0902
.0897
.0892
.0887
.0882
.0877
.0873
.0868
.0863
.0858
.0854
.0849
.0845
.084
.0836
.0831
.0827
.0823
.0819
.0814
.081
.0806
.0802
.0798
.0794
.079
.0786
.0782
.0778
.0775
.0771
.0767
.0763
.076
.0756
.0753
.0749
.0746
.0742
.0739
.0735
.0732
.0728
.0725
.0722
.0718
.0715
.0712
.0709
.0706
.0702
.0699
.0696
.0693
.069
.0687
.0684
.0681
.0678
.0675
.0673
.067
.0667
.0664
.0661
.0658
.0656
.0653
.065
.0648
.0645
.0642
.064
.0637
.0634
.0632
.0629
.0627
.0624
.0622
.0619
.0617
.0615
.0612
.061
.0607
.0605
.0603
.06
.0598
.0596
.0593
.0591
.0589
.0587
.0585
.0582
.058
.0578
.0576
.0574
.0572
.057
.0567
.0565
.0563
.0561
.0559
.0557
.0555
.0553
.0551
.0549
.0547
.0545
.0543
.0542
.054
.0538
.0536
.0534
.0532
.053
.0529
.0527
.0525
.0523
.0521
.052
.0518
.0516
.0514
.0513
.0511
.0509
.0508
.0506
.0504
.0503
.0501
.0499
