4.1299
3.8426
3.6506
3.4978
3.3534
3.202
3.0373
2.8632
2.6964
2.5629
2.4781
2.4338
2.4115
2.3982
2.3879
2.3785
2.3692
2.3598
2.3503
2.3408
2.3314
2.3221
2.313
2.304
2.2953
2.2867
2.2782
2.2697
2.261
2.2518
2.242
2.231
2.2184
2.2036
2.1857
2.1638
2.1366
2.1027
2.0604
2.0077
1.9433
1.8665
1.7781
1.6811
1.5793
1.4773
1.3786
1.2857
1.1998
1.1214
1.0505
.9866
.9292
.8777
.8314
.7898
.7523
.7185
.6878
.6599
.6345
.6112
.5899
.5703
.5521
.5353
.5196
.5051
.4914
.4786
.4666
.4553
.4445
.4344
.4247
.4155
.4068
.3984
.3903
.3826
.3752
.368
.3611
.3544
.3479
.3417
.3356
.3296
.3239
.3183
.3128
.3074
.3022
.2971
.2921
.2873
.2825
.2779
.2733
.2689
.2645
.2602
.2561
.252
.248
.2441
.2403
.2366
.2329
.2294
.2259
.2225
.2192
.216
.2128
.2097
.2067
.2038
.2009
.1981
.1954
.1927
.1901
.1876
.1851
.1827
.1803
.178
.1757
.1735
.1714
.1693
.1672
.1652
.1632
.1613
.1594
.1576
.1558
.154
.1523
.1506
.1489
.1473
.1457
.1441
.1426
.1411
.1396
.1382
.1368
.1354
.134
.1327
.1314
.1301
.1289
.1276
.1264
.1252
.124
.1229
.1217
.1206
.1195
.1184
.1174
.1163
.1153
.1143
.1133
.1123
.1113
.1104
.1095
.1085
.1076
.1068
.1059
.105
.1042
.1033
.1025
.1017
.1009
.1001
.0993
.0985
.0978
.097
.0963
.0955
.0948
.0941
.0934
.0927
.092
.0914
.0907
.0901
.0894
.0888
.0881
.0875
.0869
.0863
.0857
.0851
.0845
.0839
.0834
.0828
.0822
.0817
.0812
.0806
.0801
.0796
.079
.0785
.078
.0775
.077
.0765
.076
.0756
.0751
.0746
.0742
.0737
.0733
.0728
.0724
.0719
.0715
.0711
.0706
.0702
.0698
.0694
.069
.0686
.0682
.0678
.0674
.067
.0666
.0662
.0659
.0655
.0651
.0647
.0644
.064
.0637
.0633
.063
.0626
.0623
.062
.0616
.0613
.061
.0606
.0603
.06
.0597
.0594
.059
.0587
.0584
.0581
.0578
.0575
.0572
.0569
.0567
.0564
.0561
.0558
.0555
.0553
.055
.0547
.0544
.0542
.0539
.0536
.0534
.0531
.0529
.0526
.0524
.0521
.0519
.0516
.0514
.0511
.0509
.0507
.0504
.0502
.05
