4.187
3.5521
2.9338
2.428
2.1744
2.1227
2.1116
2.0999
2.0857
2.0702
2.0544
2.0386
2.0231
2.0081
1.9935
1.9796
1.9661
1.9533
1.9409
1.9291
1.9177
1.9068
1.8961
1.8858
1.8757
1.8658
1.8559
1.8461
1.8363
1.8263
1.8161
1.8056
1.7946
1.7831
1.7707
1.7575
1.7429
1.7268
1.7087
1.6881
1.6642
1.6362
1.6029
1.5631
1.5151
1.4577
1.3899
1.3117
1.2252
1.1338
1.0422
.955
.8751
.8039
.7414
.6868
.6391
.5971
.56
.5269
.4973
.4705
.4462
.424
.4036
.3849
.3676
.3516
.3367
.3228
.3099
.2978
.2865
.2759
.266
.2566
.2478
.2396
.2318
.2244
.2175
.2109
.2047
.1988
.1932
.1879
.1829
.1781
.1735
.1691
.165
.161
.1572
.1536
.1501
.1468
.1436
.1405
.1376
.1348
.1321
.1294
.1269
.1245
.1222
.1199
.1177
.1156
.1136
.1116
.1097
.1079
.1061
.1044
.1027
.1011
.0995
.098
.0965
.095
.0936
.0923
.0909
.0896
.0884
.0872
.086
.0848
.0837
.0826
.0815
.0805
.0795
.0785
.0775
.0765
.0756
.0747
.0738
.0729
.0721
.0713
.0705
.0697
.0689
.0681
.0674
.0667
.066
.0653
.0646
.0639
.0632
.0626
.062
.0614
.0607
.0601
.0596
.059
.0584
.0579
.0573
.0568
.0563
.0558
.0553
.0548
.0543
.0538
.0533
.0528
.0524
.0519
.0515
.0511
.0506
.0502
.0498
