4.6387
4.127
3.6245
3.2108
2.8558
2.5533
2.3423
2.2379
2.2
2.1878
2.1837
2.182
2.1809
2.18
2.1791
2.1781
2.1771
2.1761
2.175
2.1739
2.1728
2.1716
2.1704
2.1692
2.1679
2.1666
2.1653
2.1639
2.1626
2.1612
2.1598
2.1584
2.157
2.1556
2.1542
2.1528
2.1514
2.15
2.1485
2.1471
2.1456
2.1441
2.1426
2.141
2.1394
2.1377
2.136
2.1341
2.1321
2.13
2.1277
2.1252
2.1226
2.1196
2.1165
2.1131
2.1094
2.1054
2.1012
2.0968
2.0921
2.0872
2.0822
2.0771
2.072
2.0669
2.0618
2.0568
2.0519
2.0472
2.0426
2.0383
2.0341
2.03
2.0262
2.0226
2.0191
2.0159
2.0128
2.0098
2.0071
2.0044
2.0019
1.9995
1.9972
1.9951
1.993
1.9911
1.9892
1.9874
1.9857
1.9841
1.9825
1.981
1.9796
1.9782
1.9768
1.9755
1.9743
1.9731
1.9719
1.9708
1.9697
1.9686
1.9676
1.9665
1.9655
1.9646
1.9636
1.9627
1.9618
1.9608
1.9599
1.9591
1.9582
1.9573
1.9564
1.9556
1.9547
1.9538
1.953
1.9521
1.9512
1.9503
1.9494
1.9485
1.9475
1.9466
1.9456
1.9446
1.9435
1.9425
1.9414
1.9402
1.939
1.9378
1.9364
1.9351
1.9336
1.9321
1.9304
1.9287
1.9268
1.9248
1.9227
1.9204
1.9178
1.915
1.912
1.9086
1.9049
1.9007
1.896
1.8907
1.8847
1.8777
1.8697
1.8602
1.8492
1.836
1.8201
1.801
1.7775
1.7487
1.7131
1.6692
1.6153
1.5502
1.4736
1.3867
1.2926
1.1957
1.1005
1.0107
.9285
.8548
.7893
.7312
.6799
.6343
.5938
.5576
.5252
.496
.4697
.4459
.4242
.4044
.3863
.3697
.3544
.3402
.3271
.3149
.3036
.293
.2831
.2738
.2651
.257
.2492
.242
.2351
.2285
.2224
.2165
.2109
.2056
.2005
.1957
.1911
.1867
.1825
.1785
.1746
.1709
.1673
.1639
.1606
.1574
.1544
.1514
.1486
.1459
.1432
.1407
.1382
.1358
.1335
.1313
.1291
.127
.125
.123
.1211
.1193
.1175
.1157
.114
.1124
.1107
.1092
.1077
.1062
.1047
.1033
.1019
.1006
.0993
.098
.0968
.0956
.0944
.0932
.0921
.091
.0899
.0889
.0878
.0868
.0859
.0849
.0839
.083
.0821
.0812
.0804
.0795
.0787
.0779
.0771
.0763
.0755
.0747
.074
.0733
.0726
.0719
.0712
.0705
.0698
.0692
.0686
.0679
.0673
.0667
.0661
.0655
.0649
.0644
.0638
.0633
.0627
.0622
.0617
.0612
.0607
.0602
.0597
.0592
.0587
.0583
.0578
.0573
.0569
.0565
.056
.0556
.0552
.0548
.0544
.054
.0536
.0532
.0528
.0524
.052
.0517
.0513
.0509
.0506
.0502
.0499
