4.0588
3.8024
3.6192
3.468
3.3273
3.1856
3.0363
2.8782
2.7226
2.5953
2.5163
2.4765
2.4534
2.4333
2.4114
2.3873
2.3614
2.3344
2.3071
2.28
2.2535
2.2278
2.203
2.1794
2.1568
2.1352
2.1145
2.0947
2.0756
2.0573
2.0396
2.0225
2.0059
1.9898
1.9741
1.9586
1.9433
1.9279
1.9124
1.8965
1.8798
1.8622
1.843
1.8219
1.798
1.7704
1.7382
1.6997
1.6534
1.5974
1.5297
1.4492
1.356
1.2528
1.1449
1.0386
.9397
.8513
.774
.7073
.6499
.6003
.5573
.5198
.4868
.4575
.4315
.4082
.3871
.3681
.3508
.3349
.3204
.307
.2947
.2832
.2726
.2627
.2535
.2449
.2368
.2293
.2222
.2155
.2092
.2032
.1976
.1923
.1872
.1824
.1779
.1736
.1695
.1656
.1618
.1583
.1549
.1516
.1485
.1455
.1426
.1399
.1373
.1347
.1323
.13
.1277
.1255
.1234
.1214
.1195
.1176
.1157
.114
.1123
.1106
.109
.1075
.106
.1045
.1031
.1017
.1004
.0991
.0978
.0966
.0954
.0942
.0931
.092
.0909
.0899
.0888
.0878
.0869
.0859
.085
.0841
.0832
.0823
.0815
.0806
.0798
.079
.0783
.0775
.0768
.076
.0753
.0746
.0739
.0732
.0726
.0719
.0713
.0707
.0701
.0695
.0689
.0683
.0677
.0672
.0666
.0661
.0655
.065
.0645
.064
.0635
.063
.0625
.0621
.0616
.0611
.0607
.0602
.0598
.0594
.0589
.0585
.0581
.0577
.0573
.0569
.0565
.0561
.0558
.0554
.055
.0547
.0543
.0539
.0536
.0532
.0529
.0526
.0522
.0519
.0516
.0513
.051
.0506
.0503
.05
.0497
