4.1782
3.742
3.3607
3.0113
2.6857
2.4261
2.2825
2.2285
2.2065
2.1909
2.1756
2.1596
2.1428
2.1255
2.1079
2.0902
2.0727
2.0555
2.0387
2.0224
2.0067
1.9915
1.9767
1.9623
1.9481
1.9339
1.9197
1.9051
1.89
1.874
1.8567
1.8376
1.8161
1.7913
1.7622
1.7271
1.6842
1.6312
1.5658
1.486
1.3918
1.286
1.1749
1.0663
.9664
.8782
.8022
.7375
.6823
.6351
.5944
.5591
.5282
.501
.4768
.4551
.4355
.4178
.4015
.3867
.373
.3603
.3485
.3374
.3271
.3175
.3084
.2998
.2917
.284
.2767
.2698
.2632
.257
.251
.2454
.24
.2348
.2299
.2251
.2206
.2163
.2121
.2082
.2043
.2007
.1972
.1938
.1905
.1874
.1844
.1815
.1787
.176
.1734
.1708
.1684
.1661
.1638
.1616
.1594
.1574
.1554
.1534
.1515
.1497
.1479
.1462
.1445
.1429
.1413
.1397
.1382
.1368
.1353
.1339
.1326
.1312
.1299
.1287
.1274
.1262
.125
.1239
.1228
.1216
.1206
.1195
.1185
.1174
.1164
.1155
.1145
.1136
.1126
.1117
.1108
.11
.1091
.1083
.1074
.1066
.1058
.105
.1043
.1035
.1028
.102
.1013
.1006
.0999
.0992
.0985
.0979
.0972
.0966
.0959
.0953
.0947
.0941
.0935
.0929
.0923
.0917
.0911
.0906
.09
.0895
.0889
.0884
.0879
.0874
.0868
.0863
.0858
.0853
.0849
.0844
.0839
.0834
.083
.0825
.0821
.0816
.0812
.0807
.0803
.0799
.0794
.079
.0786
.0782
.0778
.0774
.077
.0766
.0762
.0758
.0755
.0751
.0747
.0744
.074
.0736
.0733
.0729
.0726
.0722
.0719
.0715
.0712
.0709
.0705
.0702
.0699
.0696
.0693
.069
.0686
.0683
.068
.0677
.0674
.0671
.0668
.0665
.0663
.066
.0657
.0654
.0651
.0648
.0646
.0643
.064
.0638
.0635
.0632
.063
.0627
.0625
.0622
.062
.0617
.0615
.0612
.061
.0607
.0605
.0603
.06
.0598
.0596
.0593
.0591
.0589
.0586
.0584
.0582
.058
.0578
.0575
.0573
.0571
.0569
.0567
.0565
.0563
.0561
.0559
.0557
.0555
.0553
.0551
.0549
.0547
.0545
.0543
.0541
.0539
.0537
.0535
.0533
.0532
.053
.0528
.0526
.0524
.0523
.0521
.0519
.0517
.0516
.0514
.0512
.051
.0509
.0507
.0505
.0504
.0502
.05
.0499
