4.4824
3.8527
3.1776
2.6099
2.2446
2.0997
2.0577
2.0349
2.0122
1.9877
1.9616
1.9343
1.9063
1.8779
1.8494
1.8209
1.7925
1.7642
1.736
1.7076
1.6789
1.6494
1.6188
1.5867
1.5526
1.5158
1.476
1.4325
1.3849
1.333
1.2767
1.2163
1.1528
1.0873
1.0212
.956
.8931
.8334
.7775
.7258
.6783
.6349
.5952
.559
.5261
.496
.4686
.4435
.4205
.3994
.38
.3621
.3456
.3303
.3162
.303
.2908
.2794
.2687
.2588
.2494
.2407
.2325
.2247
.2174
.2106
.204
.1979
.1921
.1865
.1813
.1763
.1716
.167
.1627
.1586
.1547
.1509
.1474
.1439
.1406
.1375
.1344
.1315
.1287
.126
.1234
.1209
.1185
.1162
.114
.1118
.1098
.1077
.1058
.1039
.1021
.1003
.0986
.097
.0954
.0938
.0923
.0908
.0894
.088
.0867
.0854
.0841
.0829
.0817
.0805
.0794
.0783
.0772
.0761
.0751
.0741
.0731
.0722
.0713
.0704
.0695
.0686
.0678
.0669
.0661
.0653
.0646
.0638
.0631
.0623
.0616
.0609
.0603
.0596
.059
.0583
.0577
.0571
.0565
.0559
.0553
.0548
.0542
.0537
.0531
.0526
.0521
.0516
.0511
.0506
.0501
.0496
