4.1442
3.8256
3.59
3.3662
3.1106
2.8063
2.4947
2.2877
2.2116
2.187
2.173
2.1615
2.151
2.1413
2.1321
2.1232
2.1144
2.1057
2.0969
2.088
2.0789
2.0696
2.06
2.0501
2.0398
2.029
2.0179
2.0062
1.9939
1.9811
1.9676
1.9534
1.9386
1.923
1.9067
1.8897
1.872
1.8535
1.8343
1.8142
1.7932
1.7711
1.7474
1.7218
1.6935
1.6617
1.6251
1.5823
1.5318
1.4718
1.4015
1.3208
1.2314
1.1367
1.0413
.9494
.864
.7868
.718
.6574
.6041
.5573
.516
.4795
.4471
.4182
.3924
.3692
.3483
.3294
.3122
.2965
.2822
.269
.2569
.2458
.2355
.226
.2171
.2088
.2011
.194
.1872
.1809
.175
.1694
.1641
.1591
.1544
.15
.1458
.1417
.1379
.1343
.1309
.1276
.1245
.1215
.1186
.1159
.1133
.1107
.1083
.106
.1038
.1017
.0996
.0976
.0957
.0939
.0921
.0904
.0888
.0872
.0856
.0841
.0827
.0813
.08
.0786
.0774
.0761
.0749
.0738
.0727
.0716
.0705
.0695
.0685
.0675
.0665
.0656
.0647
.0638
.063
.0621
.0613
.0605
.0598
.059
.0583
.0576
.0568
.0562
.0555
.0548
.0542
.0536
.053
.0524
.0518
.0512
.0506
.0501
.0495
