4.2849
3.6932
3.1455
2.7293
2.4374
2.2559
2.1626
2.1221
2.1057
2.0989
2.0957
2.0937
2.092
2.0902
2.0882
2.0859
2.0832
2.08
2.0764
2.0721
2.0672
2.0615
2.0551
2.0477
2.0394
2.0301
2.0196
2.008
1.9951
1.981
1.9656
1.9488
1.9306
1.911
1.8899
1.867
1.8423
1.8155
1.7863
1.7546
1.72
1.6824
1.6418
1.5984
1.5523
1.5042
1.4544
1.4038
1.3527
1.3019
1.2516
1.2023
1.1542
1.1076
1.0625
1.0191
.9774
.9375
.8993
.8628
.8281
.795
.7635
.7336
.7052
.6782
.6526
.6282
.6051
.5832
.5624
.5427
.5239
.5061
.4891
.473
.4577
.4431
.4292
.416
.4034
.3913
.3798
.3689
.3584
.3484
.3388
.3296
.3208
.3124
.3043
.2966
.2892
.282
.2751
.2685
.2621
.256
.2501
.2444
.2389
.2336
.2285
.2235
.2187
.2141
.2096
.2052
.201
.197
.193
.1892
.1854
.1818
.1783
.1749
.1715
.1683
.1652
.1621
.1591
.1562
.1534
.1506
.1479
.1453
.1428
.1403
.1378
.1354
.1331
.1308
.1286
.1264
.1243
.1223
.1202
.1182
.1163
.1144
.1126
.1107
.109
.1072
.1055
.1039
.1022
.1007
.0991
.0976
.0961
.0946
.0932
.0918
.0904
.0891
.0877
.0864
.0852
.0839
.0827
.0815
.0804
.0792
.0781
.077
.076
.0749
.0739
.0729
.0719
.0709
.07
.0691
.0681
.0672
.0664
.0655
.0647
.0639
.0631
.0623
.0615
.0607
.06
.0592
.0585
.0578
.0571
.0565
.0558
.0552
.0545
.0539
.0533
.0527
.0521
.0515
.0509
.0504
.0498
