4.3224
3.7536
3.1722
2.6736
2.371
2.2846
2.2802
2.2845
2.2859
2.2847
2.2816
2.2773
2.2724
2.2669
2.2612
2.2553
2.2492
2.2429
2.2366
2.2301
2.2234
2.2166
2.2096
2.2023
2.1949
2.1872
2.1792
2.1711
2.1628
2.1543
2.1458
2.1372
2.1286
2.1202
2.1118
2.1037
2.0958
2.0881
2.0807
2.0736
2.0668
2.0604
2.0542
2.0483
2.0428
2.0375
2.0325
2.0277
2.0232
2.0189
2.0148
2.011
2.0073
2.0038
2.0004
1.9972
1.9942
1.9913
1.9885
1.9858
1.9832
1.9808
1.9784
1.9762
1.974
1.9719
1.9698
1.9679
1.966
1.9642
1.9625
1.9608
1.9592
1.9576
1.9561
1.9546
1.9532
1.9518
1.9504
1.9492
1.9479
1.9467
1.9455
1.9443
1.9432
1.9421
1.9411
1.9401
1.9391
1.9381
1.9372
1.9362
1.9353
1.9345
1.9336
1.9328
1.932
1.9312
1.9304
1.9297
1.9289
1.9282
1.9275
1.9268
1.9261
1.9255
1.9248
1.9242
1.9236
1.923
1.9224
1.9218
1.9212
1.9207
1.9201
1.9196
1.9191
1.9185
1.918
1.9175
1.917
1.9166
1.9161
1.9156
1.9152
1.9147
1.9143
1.9138
1.9134
1.913
1.9126
1.9122
1.9118
1.9114
1.911
1.9106
1.9102
1.9099
1.9095
1.9091
1.9088
1.9084
1.9081
1.9077
1.9074
1.9071
1.9067
1.9064
1.9061
1.9058
1.9055
1.9052
1.9049
1.9046
1.9043
1.904
1.9037
1.9034
1.9031
1.9029
1.9026
1.9023
1.9021
1.9018
1.9015
1.9013
1.901
1.9008
1.9005
1.9003
1.9
1.8998
1.8996
1.8993
1.8991
1.8989
1.8986
1.8984
1.8982
1.898
1.8977
1.8975
1.8973
1.8971
1.8969
1.8967
1.8965
1.8963
1.8961
1.8959
1.8957
1.8955
1.8953
1.8951
1.8949
1.8947
1.8945
1.8943
1.8941
1.8939
1.8938
1.8936
1.8934
1.8932
1.8931
1.8929
1.8927
1.8925
1.8924
1.8922
1.892
1.8919
1.8917
1.8915
1.8914
1.8912
1.8911
1.8909
1.8907
1.8906
1.8904
1.8903
1.8901
1.89
1.8898
1.8897
1.8895
1.8894
1.8892
1.8891
1.8889
1.8888
1.8887
1.8885
1.8884
1.8882
1.8881
1.888
1.8878
1.8877
1.8876
1.8874
1.8873
1.8872
1.887
1.8869
1.8868
1.8867
1.8865
1.8864
1.8863
1.8861
1.886
1.8859
1.8858
1.8857
1.8855
1.8854
1.8853
1.8852
1.8851
1.8849
1.8848
1.8847
1.8846
1.8845
1.8844
1.8842
1.8841
1.884
1.8839
1.8838
1.8837
1.8836
1.8835
1.8834
1.8832
1.8831
1.883
1.8829
1.8828
1.8827
1.8826
1.8825
1.8824
1.8823
1.8822
1.8821
1.882
1.8819
1.8818
1.8817
1.8816
1.8815
1.8814
1.8813
1.8812
1.8811
1.881
1.8809
1.8808
1.8807
1.8806
1.8805
1.8804
1.8803
1.8802
1.8801
1.88
1.88
1.8799
1.8798
1.8797
1.8796
1.8795
1.8794
1.8793
1.8792
1.8791
1.8791
1.879
1.8789
1.8788
1.8787
1.8786
1.8785
1.8784
1.8784
1.8783
1.8782
1.8781
1.878
1.8779
1.8778
1.8778
1.8777
1.8776
1.8775
1.8774
1.8773
1.8773
1.8772
1.8771
1.877
1.8769
1.8769
1.8768
1.8767
1.8766
1.8765
1.8765
1.8764
1.8763
1.8762
1.8761
1.8761
1.876
1.8759
1.8758
1.8758
1.8757
1.8756
1.8755
1.8754
1.8754
1.8753
1.8752
1.8751
1.8751
1.875
1.8749
1.8748
1.8748
1.8747
1.8746
1.8746
1.8745
1.8744
1.8743
1.8743
1.8742
1.8741
1.874
1.874
1.8739
1.8738
1.8738
1.8737
1.8736
1.8735
1.8735
1.8734
1.8733
1.8733
1.8732
1.8731
1.873
1.873
1.8729
1.8728
1.8728
1.8727
1.8726
1.8726
1.8725
1.8724
1.8724
1.8723
1.8722
1.8722
1.8721
1.872
1.8719
1.8719
1.8718
1.8717
1.8717
1.8716
1.8715
1.8715
1.8714
1.8713
1.8713
1.8712
1.8711
1.8711
1.871
1.8709
1.8709
1.8708
1.8707
1.8707
1.8706
1.8706
1.8705
1.8704
1.8704
1.8703
1.8702
1.8702
1.8701
1.87
1.87
1.8699
1.8698
1.8698
1.8697
1.8696
1.8696
1.8695
1.8694
1.8694
1.8693
1.8693
1.8692
1.8691
1.8691
1.869
1.8689
1.8689
1.8688
1.8687
1.8687
1.8686
1.8686
1.8685
1.8684
1.8684
1.8683
1.8682
1.8682
1.8681
1.868
1.868
1.8679
1.8679
1.8678
1.8677
1.8677
1.8676
1.8675
1.8675
1.8674
1.8673
1.8673
1.8672
1.8672
1.8671
1.867
1.867
1.8669
1.8668
1.8668
1.8667
1.8667
1.8666
1.8665
1.8665
1.8664
1.8663
1.8663
1.8662
1.8661
1.8661
1.866
1.866
1.8659
1.8658
1.8658
1.8657
1.8656
1.8656
1.8655
1.8654
1.8654
1.8653
1.8653
1.8652
1.8651
1.8651
1.865
1.8649
1.8649
1.8648
1.8647
1.8647
1.8646
1.8645
1.8645
1.8644
1.8644
1.8643
1.8642
1.8642
1.8641
1.864
1.864
1.8639
1.8638
1.8638
1.8637
1.8636
1.8636
1.8635
1.8634
1.8634
1.8633
1.8632
1.8632
1.8631
1.863
1.863
1.8629
1.8628
1.8628
1.8627
1.8626
1.8626
1.8625
1.8624
1.8624
1.8623
1.8622
1.8622
1.8621
1.862
1.8619
1.8619
1.8618
1.8617
1.8617
1.8616
1.8615
1.8615
1.8614
1.8613
1.8612
1.8612
1.8611
1.861
1.861
1.8609
1.8608
1.8607
1.8607
1.8606
1.8605
1.8604
1.8604
1.8603
1.8602
1.8601
1.8601
1.86
1.8599
1.8598
1.8598
1.8597
1.8596
1.8595
1.8595
1.8594
1.8593
1.8592
1.8591
1.8591
1.859
1.8589
1.8588
1.8588
1.8587
1.8586
1.8585
1.8584
1.8583
1.8583
1.8582
1.8581
1.858
1.8579
1.8578
1.8578
1.8577
1.8576
1.8575
1.8574
1.8573
1.8572
1.8572
1.8571
1.857
1.8569
1.8568
1.8567
1.8566
1.8565
1.8564
1.8564
1.8563
1.8562
1.8561
1.856
1.8559
1.8558
1.8557
1.8556
1.8555
1.8554
1.8553
1.8552
1.8551
1.855
1.8549
1.8548
1.8547
1.8546
1.8545
1.8544
1.8543
1.8542
1.8541
1.854
1.8539
1.8538
1.8537
1.8536
1.8535
1.8533
1.8532
1.8531
1.853
1.8529
1.8528
1.8527
1.8526
1.8524
1.8523
1.8522
1.8521
1.852
1.8518
1.8517
1.8516
1.8515
1.8514
1.8512
1.8511
1.851
1.8509
1.8507
1.8506
1.8505
1.8503
1.8502
1.8501
1.8499
1.8498
1.8497
1.8495
1.8494
1.8492
1.8491
1.849
1.8488
1.8487
1.8485
1.8484
1.8482
1.8481
1.8479
1.8478
1.8476
1.8475
1.8473
1.8472
1.847
1.8469
1.8467
1.8465
1.8464
1.8462
1.846
1.8459
1.8457
1.8455
1.8454
1.8452
1.845
1.8449
1.8447
1.8445
1.8443
1.8441
1.844
1.8438
1.8436
1.8434
1.8432
1.843
1.8429
1.8427
1.8425
1.8423
1.8421
1.8419
1.8417
1.8415
1.8413
1.8411
1.8409
1.8407
1.8405
1.8403
1.8401
1.8399
1.8397
1.8395
1.8393
1.8391
1.8389
1.8387
1.8385
1.8383
1.838
1.8378
1.8376
1.8374
1.8372
1.837
1.8368
1.8366
1.8364
1.8362
1.836
1.8357
1.8355
1.8353
1.8351
1.8349
1.8347
1.8345
1.8343
1.8341
1.8339
1.8337
1.8335
1.8333
1.8331
1.8329
1.8328
1.8326
1.8324
1.8322
1.832
1.8318
1.8317
1.8315
1.8313
1.8312
1.831
1.8308
1.8307
1.8305
1.8304
1.8302
1.8301
1.8299
1.8298
1.8297
1.8295
1.8294
1.8293
1.8292
1.829
1.8289
1.8288
1.8287
1.8286
1.8285
1.8284
1.8283
1.8282
1.8281
1.828
1.828
1.8279
1.8278
1.8277
1.8277
1.8276
1.8275
1.8275
1.8274
1.8273
1.8273
1.8272
1.8272
1.8271
1.8271
1.827
1.827
1.8269
1.8269
1.8269
1.8268
1.8268
1.8267
1.8267
1.8267
1.8266
1.8266
1.8265
1.8265
1.8265
1.8264
1.8264
1.8264
1.8263
1.8263
1.8263
1.8262
1.8262
1.8261
1.8261
1.8261
1.826
1.826
1.826
1.8259
1.8259
1.8259
1.8258
1.8258
1.8258
1.8257
1.8257
1.8256
1.8256
1.8256
1.8255
1.8255
1.8255
1.8255
1.8254
1.8254
1.8254
1.8253
1.8254
1.8252
1.8255
1.8248
1.8263
1.823
1.8302
1.8145
1.8504
1.7739
1.9684
1.6602
2.4484
1.9102
1.6639
2.1737
1.7433
1.8811
1.7002
2.0408
1.6879
2.0806
1.7035
1.9995
1.6825
2.0663
1.7008
1.9858
1.6828
2.0468
1.6956
1.9903
1.6839
2.0302
1.6914
1.9957
1.6844
2.0189
1.6885
1.9992
1.6844
2.0121
1.6864
2.0011
1.6838
2.0086
1.6847
2.0024
1.6829
2.007
1.6833
2.0034
1.6819
2.0066
1.682
2.0044
1.6809
2.0068
1.6808
2.0054
1.6798
2.0074
1.6796
2.0063
1.6786
2.0082
1.6784
2.0073
1.6775
2.0092
1.6773
2.0083
1.6764
2.0103
1.6763
2.0092
1.6753
2.0115
1.6753
2.01
1.6741
2.0129
1.6744
2.0106
1.6729
2.0146
1.6736
2.0107
1.6716
2.0169
1.673
2.01
1.67
2.0206
1.673
2.0073
1.6676
2.0272
1.6742
1.9996
1.6636
2.041
1.6787
1.9796
1.656
2.0704
1.6915
1.9303
1.6458
2.1137
1.7136
1.8569
1.6576
2.0693
1.6868
1.9637
1.6421
2.1425
1.729
1.8114
1.6818
1.9755
1.6372
2.2008
1.7652
1.7279
1.8131
1.668
2.0464
1.6605
2.1353
1.7196
1.8627
1.6212
2.2517
1.8006
1.6603
2.0067
1.6408
2.1601
1.7383
1.774
1.6952
1.902
1.5983
2.4142
1.909
1.6115
2.1522
1.7355
1.7305
1.7567
1.7121
1.8343
1.6116
2.3259
1.8565
1.5879
2.3098
1.844
1.5935
2.2164
1.7795
1.6385
2.0113
1.6416
2.074
1.6796
1.9202
1.5958
2.3072
1.8405
1.5944
2.1872
1.7598
1.6541
1.9333
1.599
2.266
1.8132
1.5994
2.1568
1.7386
1.6903
1.8073
1.5999
2.2541
1.8061
1.5955
2.1973
1.7656
1.6422
1.9663
1.5857
2.4148
1.9163
1.5881
2.171
1.7493
1.6355
1.9523
1.584
2.3531
1.8753
1.5656
2.2676
1.8166
1.5668
2.2274
1.7883
1.5802
2.1606
1.7409
1.639
1.9135
1.562
2.4181
1.9133
1.5912
2.0844
1.6836
1.7714
1.5765
2.2462
1.7988
1.552
2.3213
1.8564
1.5232
2.4514
1.9315
1.612
1.9222
1.5614
2.3051
1.8413
1.5332
2.3472
1.8668
1.5573
2.182
1.7549
1.5662
2.1439
1.7212
1.6418
1.8156
1.4911
2.6825
2.0355
1.6974
1.5866
1.9212
1.489
2.7546
2.041
1.6867
1.5994
1.8055
1.3993
2.8857
1.9373
1.3562
2.85
1.6438
2.427
1.8098
1.4043
2.4085
1.4756
2.184
.5861
.8754
.3761
.3249
.2881
.267
.2485
.2316
.2159
.2013
.1878
.1753
.1639
.1535
.1441
.1355
.1278
.1208
.1144
.1087
.1035
.0987
.0944
.0904
.0868
.0835
.0804
.0776
.0749
.0725
.0702
.0681
.0661
.0643
.0625
.0609
.0594
.0579
.0565
.0552
.054
.0528
.0517
.0507
.0497
