4.8426
4.4232
3.8587
3.2909
2.8644
2.5938
2.4567
2.4119
2.4077
2.4135
2.4191
2.4222
2.423
2.422
2.4194
2.4157
2.411
2.4054
2.3991
2.392
2.3841
2.3756
2.3664
2.3565
2.346
2.3349
2.3233
2.3112
2.2989
2.2863
2.2737
2.2613
2.249
2.2372
2.2257
2.2147
2.2042
2.1943
2.1848
2.1758
2.1672
2.1591
2.1513
2.144
2.1369
2.1302
2.1238
2.1177
2.1119
2.1063
2.101
2.0959
2.091
2.0863
2.0818
2.0775
2.0734
2.0695
2.0657
2.0621
2.0587
2.0554
2.0522
2.0492
2.0463
2.0435
2.0408
2.0382
2.0358
2.0334
2.0311
2.0289
2.0268
2.0248
2.0228
2.021
2.0191
2.0174
2.0157
2.0141
2.0125
2.011
2.0095
2.0081
2.0067
2.0054
2.0041
2.0029
2.0017
2.0005
1.9994
1.9983
1.9972
1.9962
1.9952
1.9942
1.9932
1.9923
1.9914
1.9905
1.9897
1.9888
1.988
1.9872
1.9865
1.9857
1.985
1.9843
1.9836
1.9829
1.9822
1.9816
1.9809
1.9803
1.9797
1.9791
1.9785
1.9779
1.9774
1.9768
1.9763
1.9758
1.9752
1.9747
1.9742
1.9738
1.9733
1.9728
1.9723
1.9719
1.9715
1.971
1.9706
1.9702
1.9698
1.9694
1.969
1.9686
1.9682
1.9678
1.9674
1.9671
1.9667
1.9664
1.966
1.9657
1.9653
1.965
1.9647
1.9644
1.964
1.9637
1.9634
1.9631
1.9628
1.9625
1.9622
1.962
1.9617
1.9614
1.9611
1.9609
1.9606
1.9603
1.9601
1.9598
1.9596
1.9593
1.9591
1.9588
1.9586
1.9584
1.9581
1.9579
1.9577
1.9575
1.9572
1.957
1.9568
1.9566
1.9564
1.9562
1.956
1.9558
1.9556
1.9554
1.9552
1.955
1.9548
1.9546
1.9544
1.9543
1.9541
1.9539
1.9537
1.9536
1.9534
1.9532
1.953
1.9529
1.9527
1.9526
1.9524
1.9522
1.9521
1.9519
1.9518
1.9516
1.9515
1.9513
1.9512
1.951
1.9509
1.9507
1.9506
1.9504
1.9503
1.9502
1.95
1.9499
1.9498
1.9496
1.9495
1.9494
1.9493
1.9491
1.949
1.9489
1.9488
1.9486
1.9485
1.9484
1.9483
1.9482
1.948
1.9479
1.9478
1.9477
1.9476
1.9475
1.9474
1.9473
1.9472
1.947
1.9469
1.9468
1.9467
1.9466
1.9465
1.9464
1.9463
1.9462
1.9461
1.946
1.9459
1.9458
1.9458
1.9457
1.9456
1.9455
1.9454
1.9453
1.9452
1.9451
1.945
1.9449
1.9449
1.9448
1.9447
1.9446
1.9445
1.9444
1.9444
1.9443
1.9442
1.9441
1.944
1.944
1.9439
1.9438
1.9437
1.9436
1.9436
1.9435
1.9434
1.9433
1.9433
1.9432
1.9431
1.9431
1.943
1.9429
1.9428
1.9428
1.9427
1.9426
1.9426
1.9425
1.9424
1.9424
1.9423
1.9422
1.9422
1.9421
1.9421
1.942
1.9419
1.9419
1.9418
1.9418
1.9417
1.9416
1.9416
1.9415
1.9415
1.9414
1.9413
1.9413
1.9412
1.9412
1.9411
1.9411
1.941
1.9409
1.9409
1.9408
1.9408
1.9407
1.9407
1.9406
1.9406
1.9405
1.9405
1.9404
1.9404
1.9403
1.9403
1.9402
1.9402
1.9401
1.9401
1.94
1.94
1.9399
1.9399
1.9398
1.9398
1.9398
1.9397
1.9397
1.9396
1.9396
1.9395
1.9395
1.9395
1.9394
1.9394
1.9393
1.9393
1.9392
1.9392
1.9392
1.9391
1.9391
1.939
1.939
1.939
1.9389
1.9389
1.9388
1.9388
1.9388
1.9387
1.9387
1.9387
1.9386
1.9386
1.9385
1.9385
1.9385
1.9384
1.9384
1.9384
1.9383
1.9383
1.9383
1.9382
1.9382
1.9382
1.9381
1.9381
1.9381
1.938
1.938
1.938
1.9379
1.9379
1.9379
1.9379
1.9378
1.9378
1.9378
1.9377
1.9377
1.9377
1.9376
1.9376
1.9376
1.9376
1.9375
1.9375
1.9375
1.9375
1.9374
1.9374
1.9374
1.9374
1.9373
1.9373
1.9373
1.9372
1.9372
1.9372
1.9372
1.9372
1.9371
1.9371
1.9371
1.9371
1.937
1.937
1.937
1.937
1.9369
1.9369
1.9369
1.9369
1.9369
1.9368
1.9368
1.9368
1.9368
1.9368
1.9367
1.9367
1.9367
1.9367
1.9367
1.9367
1.9366
1.9366
1.9366
1.9366
1.9366
1.9366
1.9365
1.9365
1.9365
1.9365
1.9365
1.9365
1.9364
1.9364
1.9364
1.9364
1.9364
1.9364
1.9364
1.9363
1.9363
1.9363
1.9363
1.9363
1.9363
1.9363
1.9363
1.9363
1.9362
1.9362
1.9362
1.9362
1.9362
1.9362
1.9362
1.9362
1.9362
1.9362
1.9362
1.9361
1.9361
1.9361
1.9361
1.9361
1.9361
1.9361
1.9361
1.9361
1.9361
1.9361
1.9361
1.9361
1.9361
1.9361
1.936
1.936
1.936
1.936
1.936
1.936
1.936
1.936
1.936
1.936
1.936
1.936
1.936
1.936
1.936
1.936
1.936
1.9359
1.9359
1.9359
1.9359
1.9359
1.9359
1.9359
1.9359
1.9358
1.9358
1.9358
1.9358
1.9357
1.9357
1.9357
1.9356
1.9356
1.9355
1.9355
1.9354
1.9353
1.9353
1.9352
1.9351
1.935
1.9348
1.9347
1.9345
1.9343
1.9341
1.9339
1.9336
1.9334
1.933
1.9326
1.9322
1.9317
1.9311
1.9304
1.9296
1.9287
1.9277
1.9264
1.9249
1.9232
1.9211
1.9187
1.9157
1.9121
1.9077
1.9023
1.8956
1.8872
1.8767
1.8633
1.8461
1.8238
1.7949
1.7572
1.7082
1.6452
1.5665
1.4719
1.3647
1.2509
1.1376
1.0307
.9336
.8475
.7724
.7073
.6509
.602
.5594
.5221
.4892
.4601
.4341
.4109
.3899
.3709
.3537
.3379
.3235
.3103
.2981
.2868
.2763
.2666
.2575
.2491
.2412
.2338
.2268
.2203
.2141
.2083
.2029
.1977
.1928
.1881
.1837
.1795
.1755
.1717
.168
.1646
.1612
.1581
.155
.1521
.1494
.1467
.1441
.1417
.1393
.137
.1348
.1327
.1307
.1287
.1268
.125
.1232
.1215
.1198
.1182
.1166
.1151
.1137
.1122
.1109
.1095
.1082
.107
.1057
.1045
.1034
.1022
.1011
.1001
.099
.098
.097
.096
.0951
.0942
.0933
.0924
.0915
.0907
.0898
.089
.0882
.0875
.0867
.086
.0852
.0845
.0838
.0831
.0825
.0818
.0811
.0805
.0799
.0793
.0787
.0781
.0775
.0769
.0764
.0758
.0753
.0748
.0742
.0737
.0732
.0727
.0722
.0717
.0713
.0708
.0703
.0699
.0694
.069
.0686
.0681
.0677
.0673
.0669
.0665
.0661
.0657
.0653
.0649
.0645
.0642
.0638
.0634
.0631
.0627
.0624
.062
.0617
.0614
.061
.0607
.0604
.06
.0597
.0594
.0591
.0588
.0585
.0582
.0579
.0576
.0573
.057
.0568
.0565
.0562
.0559
.0557
.0554
.0551
.0549
.0546
.0543
.0541
.0538
.0536
.0533
.0531
.0529
.0526
.0524
.0521
.0519
.0517
.0515
.0512
.051
.0508
.0506
.0503
.0501
.0499
