4.9719
4.5241
4.0658
3.7344
3.4926
3.2776
3.0659
2.8582
2.6659
2.5013
2.3713
2.2752
2.2063
2.1565
2.119
2.0894
2.0651
2.0445
2.0267
2.0113
1.9976
1.9854
1.9746
1.9647
1.9558
1.9477
1.9403
1.9335
1.9272
1.9215
1.9162
1.9113
1.9068
1.9026
1.8986
1.8949
1.8913
1.888
1.8848
1.8817
1.8787
1.8759
1.8731
1.8704
1.8679
1.8654
1.8629
1.8606
1.8583
1.856
1.8538
1.8517
1.8496
1.8475
1.8454
1.8433
1.8412
1.8392
1.8371
1.8349
1.8327
1.8305
1.8282
1.8258
1.8233
1.8207
1.8179
1.815
1.8119
1.8085
1.8049
1.8009
1.7965
1.7917
1.7864
1.7804
1.7736
1.7659
1.757
1.7466
1.7345
1.7201
1.703
1.6823
1.6571
1.6263
1.5887
1.5428
1.4874
1.4221
1.3471
1.2645
1.1773
1.0894
1.0044
.9249
.8521
.7866
.7279
.6757
.6291
.5875
.5504
.517
.4869
.4597
.435
.4126
.3921
.3733
.3561
.3402
.3256
.312
.2994
.2877
.2768
.2667
.2572
.2482
.2399
.232
.2246
.2176
.211
.2048
.1989
.1932
.1879
.1829
.1781
.1735
.1691
.165
.161
.1572
.1535
.1501
.1467
.1435
.1404
.1375
.1346
.1319
.1293
.1268
.1243
.122
.1197
.1175
.1154
.1133
.1114
.1094
.1076
.1058
.104
.1024
.1007
.0991
.0976
.0961
.0947
.0932
.0919
.0905
.0892
.088
.0868
.0856
.0844
.0833
.0821
.0811
.08
.079
.078
.077
.0761
.0751
.0742
.0733
.0725
.0716
.0708
.07
.0692
.0684
.0676
.0669
.0662
.0654
.0647
.0641
.0634
.0627
.0621
.0614
.0608
.0602
.0596
.059
.0585
.0579
.0573
.0568
.0563
.0557
.0552
.0547
.0542
.0537
.0533
.0528
.0523
.0519
.0514
.051
.0505
.0501
.0497
