4.5627
4.0658
3.6477
3.3486
3.1116
2.9035
2.7227
2.5843
2.4979
2.4515
2.424
2.4019
2.3795
2.3555
2.3299
2.3031
2.2756
2.248
2.2209
2.1945
2.1693
2.1453
2.1228
2.1016
2.0817
2.063
2.0454
2.0288
2.0131
1.9981
1.9838
1.97
1.9566
1.9436
1.9309
1.9182
1.9055
1.8927
1.8795
1.8658
1.8513
1.8358
1.8189
1.8004
1.7796
1.7563
1.7298
1.6996
1.6653
1.6266
1.5833
1.5357
1.4843
1.4299
1.3733
1.3155
1.2573
1.1995
1.1427
1.0875
1.0342
.983
.9343
.888
.8442
.803
.7642
.7277
.6936
.6616
.6317
.6037
.5776
.5531
.5302
.5087
.4886
.4697
.452
.4354
.4198
.4051
.3912
.3781
.3658
.3541
.3431
.3327
.3228
.3134
.3045
.296
.288
.2803
.273
.266
.2594
.253
.2469
.2411
.2355
.2302
.225
.2201
.2154
.2108
.2065
.2023
.1982
.1943
.1906
.1869
.1834
.18
.1768
.1736
.1706
.1676
.1647
.162
.1593
.1567
.1542
.1517
.1493
.147
.1448
.1426
.1405
.1384
.1364
.1345
.1326
.1307
.1289
.1272
.1255
.1238
.1222
.1206
.1191
.1176
.1161
.1146
.1132
.1119
.1105
.1092
.1079
.1067
.1055
.1043
.1031
.1019
.1008
.0997
.0986
.0976
.0966
.0955
.0945
.0936
.0926
.0917
.0908
.0899
.089
.0881
.0873
.0864
.0856
.0848
.084
.0832
.0825
.0817
.081
.0803
.0795
.0788
.0781
.0775
.0768
.0762
.0755
.0749
.0742
.0736
.073
.0724
.0719
.0713
.0707
.0701
.0696
.0691
.0685
.068
.0675
.067
.0665
.066
.0655
.065
.0645
.0641
.0636
.0631
.0627
.0622
.0618
.0614
.0609
.0605
.0601
.0597
.0593
.0589
.0585
.0581
.0577
.0574
.057
.0566
.0562
.0559
.0555
.0552
.0548
.0545
.0542
.0538
.0535
.0532
.0528
.0525
.0522
.0519
.0516
.0513
.051
.0507
.0504
.0501
.0498
