4.9366
4.524
4.0965
3.7562
3.487
3.2363
2.9756
2.7127
2.498
2.378
2.3316
2.3137
2.3029
2.293
2.2826
2.2714
2.2596
2.2472
2.2342
2.2207
2.2066
2.1918
2.176
2.159
2.1405
2.12
2.0966
2.0695
2.0371
1.9975
1.9481
1.8857
1.807
1.7103
1.5971
1.4741
1.3512
1.2366
1.1345
1.0455
.9685
.9019
.844
.7933
.7486
.709
.6735
.6415
.6126
.5862
.562
.5397
.5191
.5
.4821
.4655
.4498
.4352
.4214
.4083
.396
.3844
.3734
.3629
.353
.3436
.3346
.3261
.3179
.3102
.3028
.2957
.2889
.2825
.2763
.2703
.2646
.2591
.2539
.2488
.244
.2393
.2348
.2304
.2262
.2222
.2183
.2145
.2108
.2073
.2039
.2006
.1974
.1943
.1912
.1883
.1855
.1827
.18
.1774
.1749
.1724
.17
.1677
.1654
.1632
.161
.1589
.1568
.1548
.1529
.151
.1491
.1473
.1455
.1438
.1421
.1404
.1388
.1372
.1357
.1341
.1326
.1312
.1298
.1284
.127
.1257
.1243
.1231
.1218
.1206
.1193
.1181
.117
.1158
.1147
.1136
.1125
.1114
.1104
.1094
.1084
.1074
.1064
.1054
.1045
.1036
.1027
.1018
.1009
.1
.0992
.0983
.0975
.0967
.0959
.0951
.0943
.0936
.0928
.0921
.0913
.0906
.0899
.0892
.0885
.0879
.0872
.0865
.0859
.0853
.0846
.084
.0834
.0828
.0822
.0816
.081
.0805
.0799
.0793
.0788
.0783
.0777
.0772
.0767
.0762
.0757
.0752
.0747
.0742
.0737
.0732
.0727
.0723
.0718
.0714
.0709
.0705
.07
.0696
.0692
.0688
.0683
.0679
.0675
.0671
.0667
.0663
.0659
.0655
.0652
.0648
.0644
.064
.0637
.0633
.063
.0626
.0623
.0619
.0616
.0612
.0609
.0606
.0602
.0599
.0596
.0593
.059
.0587
.0584
.058
.0577
.0574
.0572
.0569
.0566
.0563
.056
.0557
.0554
.0552
.0549
.0546
.0543
.0541
.0538
.0536
.0533
.053
.0528
.0525
.0523
.052
.0518
.0516
.0513
.0511
.0508
.0506
.0504
.0501
.0499
