4.0745
3.4479
2.9225
2.5345
2.2775
2.1435
2.0898
2.0658
2.0477
2.0295
2.0105
1.9914
1.9729
1.9554
1.9391
1.9243
1.9109
1.8989
1.8881
1.8784
1.8698
1.8621
1.8551
1.8489
1.8432
1.838
1.8333
1.829
1.825
1.8214
1.8179
1.8147
1.8117
1.8088
1.8061
1.8034
1.8009
1.7984
1.796
1.7936
1.7912
1.7888
1.7864
1.7839
1.7814
1.7788
1.776
1.773
1.7699
1.7665
1.7628
1.7587
1.7541
1.7489
1.743
1.7363
1.7285
1.7193
1.7084
1.6955
1.6798
1.6609
1.6377
1.6091
1.5738
1.5303
1.4769
1.4123
1.336
1.249
1.1545
1.0571
.9618
.8726
.7916
.7196
.6562
.6007
.5522
.5097
.4724
.4395
.4105
.3847
.3616
.341
.3224
.3056
.2904
.2765
.2638
.2522
.2415
.2316
.2225
.2141
.2062
.1989
.192
.1856
.1796
.174
.1687
.1637
.159
.1545
.1503
.1463
.1425
.1389
.1354
.1321
.129
.126
.1232
.1204
.1178
.1153
.1129
.1106
.1084
.1062
.1042
.1022
.1003
.0984
.0967
.095
.0933
.0917
.0902
.0887
.0872
.0858
.0844
.0831
.0819
.0806
.0794
.0782
.0771
.076
.0749
.0739
.0729
.0719
.0709
.07
.069
.0682
.0673
.0664
.0656
.0648
.064
.0632
.0625
.0618
.061
.0603
.0597
.059
.0583
.0577
.0571
.0564
.0558
.0552
.0547
.0541
.0535
.053
.0525
.0519
.0514
.0509
.0504
.05
