4.5889
4.164
3.8293
3.5714
3.3377
3.0986
2.853
2.6372
2.5041
2.4552
2.4453
2.4447
2.4446
2.4433
2.4408
2.4373
2.4331
2.4284
2.4233
2.4179
2.4122
2.4064
2.4004
2.3943
2.3881
2.3818
2.3755
2.369
2.3625
2.356
2.3494
2.3427
2.336
2.3292
2.3224
2.3155
2.3084
2.3012
2.2939
2.2862
2.2782
2.2698
2.2608
2.2511
2.2404
2.2287
2.2156
2.2008
2.1839
2.1645
2.142
2.1156
2.0843
2.0468
2.0012
1.9454
1.8769
1.7933
1.6934
1.5788
1.4546
1.3285
1.2077
1.0971
.9987
.9125
.8375
.7724
.7158
.6663
.6229
.5846
.5505
.5201
.4928
.4681
.4457
.4253
.4066
.3895
.3737
.3591
.3456
.333
.3213
.3103
.3001
.2905
.2816
.2731
.2652
.2577
.2506
.2439
.2375
.2315
.2258
.2204
.2153
.2104
.2057
.2012
.197
.1929
.189
.1853
.1817
.1783
.175
.1718
.1688
.1659
.163
.1603
.1577
.1552
.1527
.1504
.1481
.1459
.1437
.1417
.1397
.1377
.1358
.134
.1322
.1305
.1288
.1272
.1256
.124
.1225
.1211
.1196
.1182
.1169
.1155
.1142
.113
.1117
.1105
.1094
.1082
.1071
.106
.1049
.1038
.1028
.1018
.1008
.0998
.0989
.098
.097
.0961
.0953
.0944
.0936
.0927
.0919
.0911
.0903
.0896
.0888
.0881
.0873
.0866
.0859
.0852
.0845
.0838
.0832
.0825
.0819
.0813
.0806
.08
.0794
.0788
.0783
.0777
.0771
.0766
.076
.0755
.0749
.0744
.0739
.0734
.0729
.0724
.0719
.0714
.0709
.0705
.07
.0696
.0691
.0687
.0682
.0678
.0674
.0669
.0665
.0661
.0657
.0653
.0649
.0645
.0641
.0637
.0634
.063
.0626
.0622
.0619
.0615
.0612
.0608
.0605
.0601
.0598
.0595
.0591
.0588
.0585
.0582
.0579
.0575
.0572
.0569
.0566
.0563
.056
.0557
.0555
.0552
.0549
.0546
.0543
.0541
.0538
.0535
.0532
.053
.0527
.0525
.0522
.052
.0517
.0515
.0512
.051
.0507
.0505
.0502
.05
.0498
