4.2039
3.7898
3.4771
3.2433
3.0546
2.889
2.7351
2.5938
2.4781
2.3991
2.35
2.314
2.2801
2.2451
2.2101
2.1774
2.1484
2.1237
2.103
2.0855
2.0703
2.0569
2.0447
2.0334
2.0228
2.0127
2.003
1.9936
1.9845
1.9755
1.9667
1.958
1.9492
1.9405
1.9318
1.923
1.914
1.9048
1.8954
1.8857
1.8756
1.865
1.8537
1.8417
1.8287
1.8146
1.7989
1.7814
1.7616
1.7389
1.7126
1.6817
1.6451
1.6017
1.55
1.4893
1.4191
1.3406
1.2561
1.1695
1.0845
1.0044
.9312
.8655
.8071
.7555
.7098
.6692
.6329
.6004
.5711
.5445
.5203
.4982
.4779
.4592
.4419
.4258
.4108
.3969
.3838
.3716
.36
.3492
.3389
.3292
.32
.3113
.303
.2951
.2876
.2805
.2736
.2671
.2608
.2548
.2491
.2435
.2382
.2331
.2282
.2235
.219
.2146
.2104
.2063
.2024
.1986
.1949
.1914
.1879
.1846
.1814
.1783
.1753
.1723
.1695
.1667
.1641
.1615
.159
.1565
.1541
.1518
.1496
.1474
.1452
.1432
.1412
.1392
.1373
.1354
.1336
.1318
.1301
.1284
.1267
.1251
.1235
.122
.1205
.119
.1176
.1162
.1148
.1135
.1122
.1109
.1096
.1084
.1072
.106
.1049
.1037
.1026
.1015
.1005
.0994
.0984
.0974
.0964
.0955
.0945
.0936
.0927
.0918
.0909
.09
.0892
.0883
.0875
.0867
.0859
.0851
.0844
.0836
.0829
.0822
.0814
.0807
.0801
.0794
.0787
.078
.0774
.0768
.0761
.0755
.0749
.0743
.0737
.0731
.0726
.072
.0714
.0709
.0704
.0698
.0693
.0688
.0683
.0678
.0673
.0668
.0663
.0658
.0654
.0649
.0644
.064
.0635
.0631
.0627
.0622
.0618
.0614
.061
.0606
.0602
.0598
.0594
.059
.0586
.0583
.0579
.0575
.0572
.0568
.0565
.0561
.0558
.0554
.0551
.0548
.0544
.0541
.0538
.0535
.0532
.0528
.0525
.0522
.0519
.0516
.0513
.051
.0508
.0505
.0502
.0499
