4.0482
3.8702
3.7252
3.5796
3.41
3.1963
2.9312
2.6558
2.4698
2.397
2.3677
2.3451
2.322
2.2979
2.2732
2.2487
2.2247
2.2016
2.1799
2.1596
2.1409
2.1238
2.1082
2.0941
2.0814
2.0698
2.0592
2.0495
2.0405
2.032
2.0238
2.0157
2.0076
1.9992
1.9902
1.9804
1.9691
1.9558
1.9396
1.9192
1.8925
1.8564
1.8065
1.7364
1.6388
1.5111
1.3641
1.2214
1.1003
1.0023
.9224
.8557
.7991
.7504
.7079
.6706
.6376
.6081
.5818
.558
.5365
.5169
.499
.4825
.4674
.4533
.4403
.4281
.4167
.406
.3959
.3863
.3773
.3687
.3605
.3526
.3451
.3378
.3308
.3241
.3175
.3112
.305
.2989
.293
.2872
.2815
.276
.2705
.2651
.2598
.2545
.2494
.2443
.2392
.2343
.2294
.2245
.2198
.2151
.2105
.2059
.2014
.1971
.1928
.1885
.1844
.1804
.1765
.1726
.1689
.1652
.1617
.1583
.1549
.1517
.1485
.1455
.1426
.1397
.1369
.1342
.1317
.1291
.1267
.1244
.1221
.1199
.1178
.1157
.1137
.1118
.1099
.1081
.1063
.1046
.103
.1014
.0998
.0983
.0968
.0954
.094
.0927
.0914
.0901
.0889
.0877
.0865
.0853
.0842
.0831
.0821
.081
.08
.079
.0781
.0771
.0762
.0753
.0744
.0736
.0728
.0719
.0711
.0703
.0696
.0688
.0681
.0674
.0667
.066
.0653
.0646
.064
.0633
.0627
.0621
.0615
.0609
.0603
.0598
.0592
.0586
.0581
.0576
.0571
.0565
.056
.0555
.0551
.0546
.0541
.0536
.0532
.0527
.0523
.0519
.0514
.051
.0506
.0502
.0498
