4.595
4.1216
3.7633
3.5233
3.3336
3.1588
2.9906
2.84
2.7287
2.6657
2.6352
2.6169
2.6007
2.5833
2.5645
2.5445
2.5238
2.503
2.4825
2.4626
2.4438
2.4261
2.4097
2.3948
2.3814
2.3695
2.359
2.3499
2.342
2.3353
2.3296
2.3246
2.3202
2.3163
2.3126
2.309
2.3053
2.3014
2.2971
2.2922
2.2865
2.2795
2.2709
2.2597
2.2448
2.2239
2.1939
2.1491
2.0813
1.9797
1.8353
1.6521
1.4536
1.2682
1.1092
.9775
.8696
.7813
.7088
.6489
.599
.5569
.5211
.4903
.4635
.4401
.4193
.4009
.3843
.3694
.3557
.3433
.3319
.3213
.3115
.3024
.2938
.2858
.2782
.2711
.2644
.258
.2519
.2461
.2405
.2352
.2301
.2253
.2206
.2161
.2118
.2076
.2036
.1998
.196
.1924
.189
.1856
.1824
.1792
.1762
.1733
.1704
.1677
.165
.1624
.1599
.1575
.1551
.1528
.1506
.1485
.1464
.1443
.1424
.1404
.1386
.1368
.135
.1333
.1316
.13
.1284
.1268
.1253
.1239
.1224
.121
.1197
.1183
.117
.1158
.1145
.1133
.1121
.111
.1099
.1087
.1077
.1066
.1056
.1046
.1036
.1026
.1016
.1007
.0998
.0989
.098
.0971
.0963
.0954
.0946
.0938
.093
.0923
.0915
.0908
.09
.0893
.0886
.0879
.0872
.0865
.0859
.0852
.0846
.0839
.0833
.0827
.0821
.0815
.0809
.0803
.0798
.0792
.0787
.0781
.0776
.0771
.0765
.076
.0755
.075
.0745
.0741
.0736
.0731
.0726
.0722
.0717
.0713
.0708
.0704
.07
.0695
.0691
.0687
.0683
.0679
.0675
.0671
.0667
.0663
.0659
.0656
.0652
.0648
.0645
.0641
.0637
.0634
.063
.0627
.0624
.062
.0617
.0614
.061
.0607
.0604
.0601
.0598
.0595
.0592
.0589
.0586
.0583
.058
.0577
.0574
.0571
.0568
.0565
.0563
.056
.0557
.0555
.0552
.0549
.0547
.0544
.0542
.0539
.0537
.0534
.0532
.0529
.0527
.0524
.0522
.052
.0517
.0515
.0513
.051
.0508
.0506
.0504
.0502
.0499
