4.5645
3.9086
3.059
2.3732
2.1181
2.0902
2.0872
2.0801
2.069
2.0556
2.0405
2.0242
2.0068
1.9882
1.9684
1.9472
1.9245
1.9001
1.8739
1.8454
1.8145
1.7808
1.7441
1.704
1.6601
1.6124
1.5609
1.5058
1.4476
1.387
1.325
1.2624
1.2004
1.1396
1.0808
1.0246
.9711
.9206
.8731
.8285
.7868
.7478
.7114
.6774
.6456
.616
.5883
.5625
.5383
.5157
.4945
.4747
.4561
.4387
.4223
.4069
.3924
.3787
.3658
.3537
.3422
.3313
.321
.3112
.302
.2932
.2849
.2769
.2694
.2622
.2553
.2487
.2425
.2365
.2308
.2253
.22
.215
.2101
.2055
.201
.1968
.1926
.1887
.1848
.1812
.1776
.1742
.1709
.1677
.1646
.1616
.1587
.1559
.1532
.1506
.1481
.1456
.1432
.1409
.1387
.1365
.1344
.1323
.1303
.1284
.1265
.1247
.1229
.1211
.1194
.1178
.1162
.1146
.1131
.1116
.1101
.1087
.1073
.106
.1046
.1033
.1021
.1008
.0996
.0985
.0973
.0962
.0951
.094
.0929
.0919
.0909
.0899
.0889
.088
.087
.0861
.0852
.0844
.0835
.0827
.0818
.081
.0802
.0794
.0787
.0779
.0772
.0764
.0757
.075
.0743
.0736
.073
.0723
.0717
.071
.0704
.0698
.0692
.0686
.068
.0675
.0669
.0663
.0658
.0653
.0647
.0642
.0637
.0632
.0627
.0622
.0617
.0612
.0608
.0603
.0599
.0594
.059
.0585
.0581
.0577
.0573
.0568
.0564
.056
.0556
.0552
.0549
.0545
.0541
.0537
.0534
.053
.0526
.0523
.052
.0516
.0513
.0509
.0506
.0503
.05
