4.0553
3.7641
3.5479
3.3587
3.1689
2.9692
2.77
2.6028
2.4966
2.4437
2.4163
2.397
2.38
2.3638
2.3484
2.3339
2.3204
2.3081
2.297
2.2871
2.2782
2.2703
2.2633
2.257
2.2512
2.2457
2.2404
2.2351
2.2296
2.224
2.218
2.2116
2.2048
2.1976
2.1899
2.1818
2.1733
2.1643
2.155
2.1451
2.1348
2.1241
2.1128
2.1009
2.0885
2.0754
2.0617
2.0473
2.0323
2.0166
2.0003
1.9836
1.9664
1.9489
1.9313
1.9137
1.8961
1.8788
1.8618
1.8452
1.8291
1.8133
1.798
1.783
1.7683
1.7538
1.7393
1.7247
1.7099
1.6947
1.6788
1.6619
1.6437
1.6238
1.6015
1.5762
1.547
1.5125
1.4715
1.4223
1.3633
1.2935
1.2133
1.1251
1.0331
.9426
.8583
.7827
.7166
.6595
.6104
.568
.5312
.4991
.4709
.4458
.4235
.4035
.3854
.369
.354
.3403
.3277
.316
.3052
.2951
.2858
.277
.2688
.261
.2537
.2468
.2403
.2341
.2282
.2226
.2173
.2122
.2073
.2026
.1981
.1939
.1897
.1858
.1819
.1783
.1747
.1713
.168
.1648
.1617
.1587
.1558
.153
.1503
.1477
.1451
.1426
.1402
.1379
.1356
.1334
.1313
.1292
.1272
.1252
.1233
.1214
.1196
.1178
.1161
.1144
.1127
.1111
.1096
.1081
.1066
.1051
.1037
.1023
.101
.0997
.0984
.0971
.0959
.0947
.0935
.0924
.0913
.0902
.0891
.088
.087
.086
.085
.0841
.0831
.0822
.0813
.0804
.0795
.0787
.0778
.077
.0762
.0754
.0747
.0739
.0732
.0724
.0717
.071
.0703
.0697
.069
.0683
.0677
.0671
.0665
.0658
.0653
.0647
.0641
.0635
.063
.0624
.0619
.0613
.0608
.0603
.0598
.0593
.0588
.0583
.0579
.0574
.0569
.0565
.056
.0556
.0552
.0547
.0543
.0539
.0535
.0531
.0527
.0523
.0519
.0515
.0512
.0508
.0504
.0501
.0497
