4.635
4.079
3.4969
2.9605
2.5328
2.3348
2.2966
2.2874
2.2779
2.2665
2.2539
2.2407
2.2274
2.214
2.2009
2.1881
2.1756
2.1636
2.1522
2.1412
2.1308
2.1209
2.1115
2.1025
2.094
2.0859
2.0781
2.0706
2.0633
2.0562
2.0493
2.0424
2.0356
2.0288
2.022
2.0151
2.0081
2.0009
1.9937
1.9863
1.9788
1.9711
1.9633
1.9554
1.9474
1.9393
1.9312
1.923
1.9149
1.9068
1.8988
1.8908
1.8829
1.8751
1.8674
1.8597
1.8522
1.8446
1.8371
1.8295
1.8218
1.8141
1.8061
1.7979
1.7893
1.7802
1.7706
1.7601
1.7486
1.7359
1.7214
1.7049
1.6855
1.6626
1.635
1.6013
1.5598
1.5085
1.4453
1.369
1.2797
1.1805
1.0769
.9755
.882
.7993
.7279
.6667
.6141
.5686
.5288
.4937
.4626
.4347
.4095
.3867
.3659
.347
.3296
.3136
.2989
.2854
.2728
.2612
.2504
.2404
.2311
.2224
.2143
.2067
.1996
.1929
.1867
.1808
.1752
.17
.165
.1603
.1559
.1517
.1477
.1439
.1403
.1368
.1335
.1304
.1274
.1245
.1218
.1191
.1166
.1142
.1119
.1096
.1075
.1054
.1034
.1015
.0996
.0978
.0961
.0944
.0928
.0912
.0897
.0883
.0868
.0855
.0841
.0828
.0816
.0804
.0792
.078
.0769
.0758
.0748
.0737
.0727
.0717
.0708
.0699
.069
.0681
.0672
.0664
.0656
.0648
.064
.0632
.0625
.0617
.061
.0603
.0596
.059
.0583
.0577
.0571
.0564
.0558
.0553
.0547
.0541
.0536
.053
.0525
.052
.0515
.051
.0505
.05
