4.1015
3.8134
3.6072
3.4396
3.2895
3.1481
3.0115
2.8774
2.7445
2.6138
2.4883
2.3739
2.2769
2.2011
2.1461
2.1077
2.0808
2.0612
2.0461
2.034
2.0238
2.0151
2.0074
2.0006
1.9944
1.9888
1.9836
1.9788
1.9744
1.9702
1.9663
1.9626
1.9592
1.9559
1.9528
1.9498
1.9469
1.9441
1.9414
1.9388
1.9361
1.9335
1.9308
1.928
1.9252
1.9222
1.919
1.9156
1.9118
1.9075
1.9026
1.8969
1.8901
1.8818
1.8715
1.8584
1.8413
1.8187
1.7883
1.7468
1.69
1.6129
1.5115
1.3854
1.2412
1.0912
.9487
.8228
.7163
.6284
.5565
.4975
.4488
.4084
.3743
.3454
.3206
.2992
.2804
.2639
.2493
.2363
.2246
.214
.2044
.1957
.1877
.1804
.1736
.1674
.1616
.1562
.1512
.1464
.142
.1379
.134
.1303
.1268
.1236
.1205
.1175
.1147
.112
.1095
.107
.1047
.1025
.1004
.0984
.0964
.0945
.0927
.091
.0894
.0878
.0862
.0847
.0833
.0819
.0806
.0793
.078
.0768
.0756
.0745
.0734
.0723
.0713
.0703
.0693
.0683
.0674
.0665
.0656
.0648
.064
.0631
.0624
.0616
.0608
.0601
.0594
.0587
.058
.0574
.0567
.0561
.0555
.0549
.0543
.0537
.0531
.0526
.052
.0515
.051
.0505
.05
