4.3619
3.9547
3.6363
3.3564
3.069
2.7657
2.4981
2.3465
2.2987
2.2879
2.284
2.2802
2.2756
2.2702
2.2644
2.2584
2.2521
2.2459
2.2396
2.2333
2.2271
2.2209
2.2148
2.2087
2.2026
2.1965
2.1904
2.1842
2.1781
2.1719
2.1657
2.1595
2.1532
2.1469
2.1405
2.134
2.1274
2.1208
2.114
2.1071
2.1001
2.093
2.0857
2.0782
2.0707
2.0629
2.055
2.0469
2.0386
2.0302
2.0216
2.0128
2.0039
1.9947
1.9854
1.9758
1.9661
1.9561
1.9458
1.9353
1.9244
1.9131
1.9013
1.8889
1.8756
1.8612
1.8454
1.8277
1.8076
1.7844
1.7569
1.724
1.6838
1.6342
1.5728
1.4971
1.4059
1.3003
1.1856
1.07
.9615
.8649
.7817
.7108
.6506
.5991
.5548
.5163
.4827
.4531
.4268
.4034
.3824
.3635
.3464
.3309
.3168
.3039
.292
.2811
.2711
.2618
.2532
.2452
.2377
.2307
.2242
.2181
.2123
.2069
.2018
.197
.1925
.1881
.184
.1802
.1764
.1729
.1695
.1663
.1632
.1603
.1575
.1547
.1521
.1496
.1472
.1449
.1427
.1405
.1384
.1364
.1345
.1326
.1307
.129
.1273
.1256
.124
.1224
.1209
.1194
.118
.1166
.1152
.1139
.1126
.1113
.1101
.1089
.1077
.1066
.1054
.1044
.1033
.1022
.1012
.1002
.0992
.0983
.0973
.0964
.0955
.0946
.0938
.0929
.0921
.0913
.0905
.0897
.0889
.0882
.0874
.0867
.086
.0853
.0846
.0839
.0832
.0826
.0819
.0813
.0806
.08
.0794
.0788
.0782
.0777
.0771
.0765
.076
.0754
.0749
.0744
.0738
.0733
.0728
.0723
.0718
.0713
.0709
.0704
.0699
.0695
.069
.0686
.0681
.0677
.0672
.0668
.0664
.066
.0656
.0652
.0648
.0644
.064
.0636
.0632
.0628
.0625
.0621
.0617
.0614
.061
.0607
.0603
.06
.0596
.0593
.059
.0587
.0583
.058
.0577
.0574
.0571
.0568
.0565
.0562
.0559
.0556
.0553
.055
.0547
.0544
.0541
.0539
.0536
.0533
.053
.0528
.0525
.0523
.052
.0517
.0515
.0512
.051
.0507
.0505
.0503
.05
.0498
