4.2776
3.6983
3.1269
2.6107
2.2568
2.1221
2.0903
2.0802
2.0731
2.0661
2.0586
2.0508
2.0428
2.0348
2.0268
2.0188
2.0109
2.003
1.995
1.9871
1.9791
1.9709
1.9625
1.9537
1.9446
1.9349
1.9246
1.9134
1.9012
1.8877
1.8726
1.8555
1.8361
1.8137
1.7878
1.7577
1.7227
1.6819
1.6349
1.5813
1.5211
1.455
1.3841
1.31
1.2345
1.1595
1.0864
1.0164
.9503
.8884
.831
.7781
.7293
.6846
.6435
.606
.5715
.54
.511
.4844
.4599
.4374
.4166
.3974
.3796
.3632
.3479
.3336
.3204
.308
.2964
.2856
.2754
.2659
.2569
.2485
.2405
.233
.2259
.2191
.2128
.2067
.201
.1955
.1903
.1854
.1806
.1761
.1718
.1677
.1638
.16
.1564
.1529
.1496
.1464
.1433
.1404
.1375
.1348
.1322
.1296
.1272
.1248
.1225
.1203
.1181
.1161
.1141
.1121
.1103
.1084
.1067
.105
.1033
.1017
.1001
.0986
.0971
.0957
.0943
.0929
.0916
.0903
.0891
.0879
.0867
.0855
.0844
.0833
.0822
.0812
.0801
.0791
.0782
.0772
.0763
.0754
.0745
.0736
.0728
.0719
.0711
.0703
.0695
.0688
.068
.0673
.0666
.0659
.0652
.0645
.0638
.0632
.0625
.0619
.0613
.0607
.0601
.0595
.059
.0584
.0579
.0573
.0568
.0563
.0558
.0553
.0548
.0543
.0538
.0533
.0529
.0524
.052
.0515
.0511
.0507
.0503
.0498
