4.009
3.6333
3.3506
3.1212
2.918
2.7329
2.5765
2.4677
2.4096
2.3829
2.3677
2.3539
2.3387
2.3215
2.3025
2.2821
2.2605
2.2381
2.2152
2.1923
2.1695
2.1473
2.1258
2.1053
2.0859
2.0677
2.0506
2.0347
2.0199
2.0062
1.9934
1.9816
1.9707
1.9606
1.9511
1.9423
1.9341
1.9264
1.9192
1.9124
1.906
1.9
1.8942
1.8888
1.8836
1.8786
1.8738
1.8692
1.8648
1.8605
1.8563
1.8523
1.8483
1.8444
1.8406
1.8368
1.833
1.8293
1.8255
1.8218
1.818
1.8142
1.8104
1.8064
1.8024
1.7982
1.794
1.7895
1.7848
1.78
1.7748
1.7693
1.7635
1.7572
1.7504
1.7431
1.735
1.7261
1.7162
1.7052
1.6927
1.6785
1.6622
1.6432
1.621
1.5946
1.563
1.5249
1.4784
1.4219
1.3541
1.2747
1.1859
1.0923
1.0
.9144
.8385
.7728
.7164
.668
.6259
.5892
.5567
.5276
.5014
.4777
.456
.4361
.4177
.4006
.3848
.3701
.3563
.3434
.3312
.3199
.3092
.2991
.2895
.2806
.2721
.264
.2564
.2492
.2423
.2358
.2296
.2237
.218
.2127
.2075
.2026
.198
.1935
.1892
.1851
.1811
.1773
.1737
.1702
.1668
.1636
.1604
.1574
.1545
.1517
.149
.1464
.1438
.1414
.139
.1367
.1345
.1323
.1302
.1282
.1263
.1243
.1225
.1207
.1189
.1172
.1156
.114
.1124
.1109
.1094
.1079
.1065
.1051
.1038
.1025
.1012
.0999
.0987
.0975
.0964
.0952
.0941
.093
.0919
.0909
.0899
.0889
.0879
.087
.086
.0851
.0842
.0833
.0825
.0816
.0808
.08
.0792
.0784
.0776
.0769
.0762
.0754
.0747
.074
.0733
.0727
.072
.0714
.0707
.0701
.0695
.0689
.0683
.0677
.0671
.0665
.066
.0654
.0649
.0644
.0638
.0633
.0628
.0623
.0618
.0613
.0609
.0604
.0599
.0595
.059
.0586
.0581
.0577
.0573
.0569
.0565
.056
.0556
.0553
.0549
.0545
.0541
.0537
.0534
.053
.0526
.0523
.0519
.0516
.0512
.0509
.0506
.0502
.0499
