4.6521
4.1261
3.5889
3.1668
2.8598
2.6391
2.4904
2.4021
2.3554
2.3294
2.3096
2.2891
2.2661
2.2405
2.2133
2.1858
2.159
2.1336
2.1102
2.089
2.0701
2.0533
2.0385
2.0253
2.0137
2.0033
1.994
1.9857
1.9782
1.9714
1.9652
1.9596
1.9544
1.9496
1.9452
1.9411
1.9372
1.9336
1.9302
1.9271
1.9241
1.9212
1.9185
1.9159
1.9135
1.9112
1.9089
1.9068
1.9047
1.9028
1.9009
1.8991
1.8974
1.8957
1.8941
1.8926
1.8911
1.8896
1.8883
1.8869
1.8857
1.8844
1.8832
1.8821
1.881
1.8799
1.8788
1.8778
1.8768
1.8759
1.875
1.8741
1.8732
1.8723
1.8715
1.8707
1.8699
1.8691
1.8684
1.8676
1.8669
1.8662
1.8655
1.8648
1.8641
1.8635
1.8628
1.8621
1.8615
1.8608
1.8602
1.8596
1.8589
1.8583
1.8576
1.857
1.8564
1.8557
1.855
1.8544
1.8537
1.853
1.8523
1.8516
1.8508
1.8501
1.8493
1.8485
1.8476
1.8467
1.8458
1.8448
1.8438
1.8427
1.8415
1.8403
1.839
1.8376
1.8361
1.8344
1.8326
1.8306
1.8284
1.826
1.8233
1.8203
1.8169
1.8131
1.8087
1.8036
1.7977
1.7908
1.7825
1.7727
1.7608
1.7462
1.7281
1.7056
1.6771
1.641
1.5951
1.5371
1.4652
1.3788
1.2796
1.1722
1.0627
.957
.8593
.7717
.6945
.6274
.5693
.519
.4755
.4378
.4048
.376
.3507
.3283
.3083
.2905
.2746
.2602
.2472
.2354
.2247
.2149
.2058
.1975
.1898
.1827
.1761
.17
.1643
.1589
.1539
.1492
.1448
.1406
.1367
.133
.1295
.1262
.123
.12
.1171
.1144
.1118
.1093
.107
.1047
.1025
.1005
.0985
.0966
.0947
.093
.0913
.0896
.088
.0865
.0851
.0836
.0823
.0809
.0797
.0784
.0772
.0761
.0749
.0738
.0728
.0717
.0707
.0698
.0688
.0679
.067
.0662
.0653
.0645
.0637
.0629
.0621
.0614
.0607
.06
.0593
.0586
.0579
.0573
.0567
.0561
.0555
.0549
.0543
.0537
.0532
.0526
.0521
.0516
.0511
.0506
.0501
.0496
