4.8633
4.4126
3.9708
3.6477
3.404
3.1841
2.9635
2.7396
2.5279
2.356
2.2429
2.1806
2.1481
2.1293
2.1161
2.1052
2.0951
2.0853
2.0754
2.0654
2.0552
2.0447
2.034
2.0231
2.0119
2.0004
1.9887
1.9767
1.9644
1.9519
1.9391
1.9261
1.9129
1.8994
1.8858
1.872
1.858
1.8438
1.8294
1.8148
1.7999
1.7846
1.7689
1.7527
1.7356
1.7176
1.6983
1.6774
1.6544
1.6287
1.5996
1.5664
1.5281
1.4839
1.4332
1.3758
1.3123
1.2441
1.1733
1.1021
1.0325
.966
.9036
.8457
.7922
.7432
.6982
.6571
.6194
.5849
.5533
.5243
.4976
.4731
.4504
.4295
.4102
.3922
.3756
.3601
.3457
.3322
.3197
.3079
.2969
.2865
.2768
.2676
.259
.2508
.2431
.2358
.2289
.2224
.2162
.2103
.2046
.1993
.1942
.1893
.1846
.1802
.1759
.1719
.168
.1642
.1606
.1572
.1539
.1507
.1476
.1447
.1418
.1391
.1364
.1339
.1314
.129
.1267
.1245
.1223
.1203
.1182
.1163
.1144
.1125
.1108
.109
.1073
.1057
.1041
.1026
.1011
.0996
.0982
.0968
.0955
.0942
.0929
.0916
.0904
.0892
.0881
.0869
.0858
.0848
.0837
.0827
.0817
.0807
.0798
.0788
.0779
.077
.0761
.0753
.0745
.0736
.0728
.072
.0713
.0705
.0698
.0691
.0683
.0676
.067
.0663
.0656
.065
.0644
.0637
.0631
.0625
.0619
.0614
.0608
.0602
.0597
.0591
.0586
.0581
.0576
.0571
.0566
.0561
.0556
.0551
.0547
.0542
.0538
.0533
.0529
.0525
.0521
.0516
.0512
.0508
.0504
.05
.0497
