4.7222
4.271
3.876
3.5894
3.3634
3.1587
2.9628
2.7873
2.6586
2.5873
2.5532
2.5325
2.5142
2.4955
2.4759
2.4557
2.4352
2.4149
2.3948
2.3752
2.3562
2.3378
2.32
2.3028
2.2863
2.2704
2.2551
2.2404
2.2263
2.2128
2.1998
2.1873
2.1751
2.1632
2.1515
2.1398
2.128
2.1159
2.1033
2.0901
2.0759
2.0604
2.0432
2.0236
2.0007
1.9732
1.9392
1.8959
1.8392
1.7637
1.6636
1.5358
1.3848
1.2251
1.0741
.9427
.8333
.7441
.6715
.6123
.5636
.5231
.4891
.4602
.4354
.414
.3953
.3788
.3642
.3511
.3393
.3287
.319
.3101
.302
.2945
.2875
.2811
.275
.2693
.264
.259
.2543
.2498
.2455
.2414
.2375
.2338
.2303
.2268
.2235
.2203
.2173
.2143
.2114
.2086
.2059
.2033
.2007
.1982
.1957
.1933
.191
.1887
.1864
.1842
.182
.1799
.1778
.1757
.1736
.1716
.1697
.1677
.1658
.1639
.162
.1601
.1583
.1565
.1547
.1529
.1512
.1495
.1478
.1461
.1444
.1427
.1411
.1395
.1379
.1363
.1348
.1332
.1317
.1302
.1287
.1273
.1258
.1244
.123
.1216
.1202
.1188
.1175
.1162
.1149
.1136
.1123
.1111
.1099
.1087
.1075
.1063
.1051
.104
.1029
.1018
.1007
.0996
.0986
.0975
.0965
.0955
.0945
.0935
.0926
.0916
.0907
.0898
.0889
.088
.0872
.0863
.0855
.0846
.0838
.083
.0822
.0815
.0807
.0799
.0792
.0785
.0778
.0771
.0764
.0757
.075
.0743
.0737
.0731
.0724
.0718
.0712
.0706
.07
.0694
.0688
.0683
.0677
.0672
.0666
.0661
.0655
.065
.0645
.064
.0635
.063
.0625
.0621
.0616
.0611
.0607
.0602
.0598
.0593
.0589
.0585
.058
.0576
.0572
.0568
.0564
.056
.0556
.0552
.0549
.0545
.0541
.0537
.0534
.053
.0527
.0523
.052
.0516
.0513
.051
.0506
.0503
.05
