4.5503
4.139
3.8593
3.6809
3.5456
3.4235
3.2997
3.1659
3.0191
2.8648
2.72
2.6066
2.5339
2.4923
2.4669
2.4486
2.4333
2.4196
2.4072
2.3958
2.3851
2.3751
2.3653
2.3554
2.3452
2.3344
2.3231
2.3109
2.2979
2.2838
2.2686
2.2521
2.234
2.2137
2.1906
2.1638
2.132
2.0931
2.045
1.9845
1.9085
1.8144
1.7021
1.5755
1.4424
1.3115
1.1893
1.0791
.9818
.8968
.8231
.7593
.7042
.6564
.6148
.5785
.5466
.5185
.4935
.4713
.4513
.4333
.417
.4022
.3887
.3762
.3648
.3542
.3443
.3351
.3266
.3185
.311
.3039
.2972
.2908
.2848
.279
.2736
.2684
.2634
.2586
.2541
.2497
.2455
.2414
.2375
.2337
.2301
.2266
.2232
.2199
.2167
.2136
.2107
.2078
.2049
.2022
.1995
.197
.1944
.192
.1896
.1873
.185
.1828
.1807
.1786
.1765
.1745
.1726
.1706
.1688
.167
.1652
.1634
.1617
.1601
.1584
.1568
.1553
.1537
.1522
.1508
.1493
.1479
.1465
.1451
.1438
.1425
.1412
.14
.1387
.1375
.1363
.1351
.134
.1329
.1317
.1307
.1296
.1285
.1275
.1265
.1255
.1245
.1235
.1225
.1216
.1207
.1198
.1189
.118
.1171
.1163
.1154
.1146
.1138
.1129
.1121
.1114
.1106
.1098
.1091
.1083
.1076
.1069
.1062
.1054
.1048
.1041
.1034
.1027
.1021
.1014
.1008
.1001
.0995
.0989
.0983
.0977
.0971
.0965
.0959
.0953
.0948
.0942
.0937
.0931
.0926
.092
.0915
.091
.0905
.09
.0895
.089
.0885
.088
.0875
.087
.0865
.0861
.0856
.0851
.0847
.0842
.0838
.0834
.0829
.0825
.0821
.0816
.0812
.0808
.0804
.08
.0796
.0792
.0788
.0784
.078
.0776
.0773
.0769
.0765
.0762
.0758
.0754
.0751
.0747
.0744
.074
.0737
.0733
.073
.0727
.0723
.072
.0717
.0714
.071
.0707
.0704
.0701
.0698
.0695
.0692
.0689
.0686
.0683
.068
.0677
.0674
.0671
.0668
.0665
.0663
.066
.0657
.0654
.0652
.0649
.0646
.0644
.0641
.0638
.0636
.0633
.0631
.0628
.0626
.0623
.0621
.0618
.0616
.0613
.0611
.0609
.0606
.0604
.0602
.0599
.0597
.0595
.0593
.059
.0588
.0586
.0584
.0582
.0579
.0577
.0575
.0573
.0571
.0569
.0567
.0565
.0563
.0561
.0559
.0557
.0555
.0553
.0551
.0549
.0547
.0545
.0543
.0541
.0539
.0538
.0536
.0534
.0532
.053
.0528
.0527
.0525
.0523
.0521
.052
.0518
.0516
.0514
.0513
.0511
.0509
.0508
.0506
.0504
.0503
.0501
.05
