4.4231
3.9116
3.359
2.8808
2.5268
2.3114
2.2145
2.184
2.179
2.1819
2.1864
2.191
2.1949
2.1983
2.2011
2.2034
2.2053
2.2069
2.2081
2.2091
2.2098
2.2102
2.2104
2.2102
2.2098
2.209
2.2078
2.2061
2.2039
2.2011
2.1977
2.1936
2.1888
2.1832
2.1769
2.1698
2.162
2.1536
2.1446
2.1351
2.1253
2.1151
2.1048
2.0944
2.0839
2.0735
2.0632
2.0528
2.0426
2.0323
2.0221
2.0117
2.0011
1.9903
1.9791
1.9674
1.9549
1.9416
1.9272
1.9115
1.8942
1.875
1.8536
1.8297
1.8029
1.773
1.7399
1.7035
1.6641
1.6218
1.5772
1.5309
1.4835
1.4355
1.3877
1.3403
1.2939
1.2487
1.2048
1.1624
1.1215
1.0822
1.0444
1.008
.9732
.9398
.9077
.877
.8476
.8195
.7925
.7667
.7421
.7184
.6958
.6742
.6535
.6337
.6147
.5966
.5792
.5625
.5466
.5313
.5167
.5026
.4892
.4763
.4639
.452
.4406
.4296
.419
.4089
.3992
.3898
.3808
.3721
.3637
.3557
.3479
.3404
.3332
.3262
.3195
.313
.3067
.3006
.2948
.2891
.2836
.2783
.2731
.2682
.2633
.2586
.2541
.2497
.2454
.2413
.2373
.2334
.2296
.2259
.2223
.2188
.2154
.2121
.2089
.2058
.2028
.1998
.1969
.1941
.1914
.1887
.1861
.1836
.1811
.1787
.1763
.174
.1718
.1696
.1674
.1653
.1633
.1613
.1593
.1574
.1555
.1537
.1519
.1501
.1484
.1467
.1451
.1434
.1419
.1403
.1388
.1373
.1358
.1344
.133
.1316
.1303
.1289
.1276
.1263
.1251
.1239
.1227
.1215
.1203
.1192
.118
.1169
.1158
.1148
.1137
.1127
.1117
.1107
.1097
.1087
.1078
.1068
.1059
.105
.1041
.1033
.1024
.1015
.1007
.0999
.0991
.0983
.0975
.0967
.096
.0952
.0945
.0937
.093
.0923
.0916
.0909
.0902
.0896
.0889
.0883
.0876
.087
.0864
.0857
.0851
.0845
.0839
.0833
.0828
.0822
.0816
.0811
.0805
.08
.0795
.0789
.0784
.0779
.0774
.0769
.0764
.0759
.0754
.075
.0745
.074
.0736
.0731
.0726
.0722
.0718
.0713
.0709
.0705
.0701
.0696
.0692
.0688
.0684
.068
.0676
.0672
.0669
.0665
.0661
.0657
.0654
.065
.0646
.0643
.0639
.0636
.0632
.0629
.0626
.0622
.0619
.0616
.0612
.0609
.0606
.0603
.06
.0597
.0594
.0591
.0588
.0585
.0582
.0579
.0576
.0573
.057
.0567
.0565
.0562
.0559
.0556
.0554
.0551
.0548
.0546
.0543
.0541
.0538
.0536
.0533
.0531
.0528
.0526
.0524
.0521
.0519
.0516
.0514
.0512
.051
.0507
.0505
.0503
.0501
.0498
