4.5464
4.0596
3.6828
3.4254
3.224
3.0467
2.8891
2.7617
2.677
2.6332
2.6149
2.6072
2.6022
2.5969
2.5904
2.5827
2.5738
2.5638
2.5527
2.5406
2.5274
2.5131
2.4976
2.4808
2.4625
2.4428
2.4216
2.3988
2.3745
2.3487
2.3214
2.2925
2.2617
2.2284
2.1915
2.1493
2.0995
2.0393
1.9655
1.8754
1.7682
1.6464
1.516
1.3851
1.2608
1.1472
1.0462
.9576
.8805
.8136
.7555
.705
.6609
.6223
.5882
.5581
.5313
.5072
.4856
.466
.4482
.432
.4171
.4034
.3907
.3789
.3679
.3577
.3481
.339
.3305
.3225
.3149
.3077
.3008
.2942
.288
.282
.2763
.2708
.2655
.2604
.2555
.2508
.2463
.2419
.2377
.2336
.2296
.2258
.222
.2184
.215
.2116
.2083
.2051
.202
.199
.1961
.1932
.1905
.1878
.1851
.1826
.1801
.1777
.1754
.1731
.1709
.1687
.1666
.1645
.1625
.1605
.1586
.1568
.1549
.1532
.1514
.1497
.1481
.1465
.1449
.1433
.1418
.1404
.1389
.1375
.1361
.1348
.1334
.1321
.1309
.1296
.1284
.1272
.126
.1249
.1237
.1226
.1216
.1205
.1194
.1184
.1174
.1164
.1155
.1145
.1136
.1126
.1117
.1108
.11
.1091
.1083
.1074
.1066
.1058
.105
.1042
.1035
.1027
.102
.1012
.1005
.0998
.0991
.0984
.0977
.097
.0964
.0957
.0951
.0944
.0938
.0932
.0926
.092
.0914
.0908
.0902
.0897
.0891
.0886
.088
.0875
.0869
.0864
.0859
.0854
.0849
.0844
.0839
.0834
.0829
.0824
.082
.0815
.081
.0806
.0801
.0797
.0792
.0788
.0784
.0779
.0775
.0771
.0767
.0763
.0759
.0755
.0751
.0747
.0743
.0739
.0735
.0732
.0728
.0724
.0721
.0717
.0714
.071
.0707
.0703
.07
.0696
.0693
.069
.0686
.0683
.068
.0677
.0674
.067
.0667
.0664
.0661
.0658
.0655
.0652
.0649
.0646
.0643
.0641
.0638
.0635
.0632
.0629
.0627
.0624
.0621
.0619
.0616
.0613
.0611
.0608
.0606
.0603
.0601
.0598
.0596
.0593
.0591
.0588
.0586
.0584
.0581
.0579
.0577
.0574
.0572
.057
.0568
.0565
.0563
.0561
.0559
.0557
.0554
.0552
.055
.0548
.0546
.0544
.0542
.054
.0538
.0536
.0534
.0532
.053
.0528
.0526
.0524
.0522
.052
.0519
.0517
.0515
.0513
.0511
.0509
.0508
.0506
.0504
.0502
.0501
.0499
