3.9526
3.8809
3.8196
3.7644
3.7122
3.6607
3.608
3.5527
3.4932
3.4281
3.3562
3.2762
3.1873
3.0893
2.9832
2.8721
2.7614
2.658
2.5686
2.4974
2.4441
2.4057
2.378
2.3575
2.3416
2.3286
2.3173
2.3073
2.2981
2.2896
2.2815
2.2738
2.2665
2.2595
2.2528
2.2463
2.2401
2.2341
2.2284
2.2228
2.2175
2.2124
2.2074
2.2027
2.1981
2.1937
2.1895
2.1854
2.1815
2.1778
2.1742
2.1707
2.1674
2.1642
2.1611
2.1581
2.1552
2.1524
2.1497
2.147
2.1444
2.1418
2.1392
2.1367
2.1341
2.1314
2.1288
2.126
2.1231
2.1202
2.117
2.1137
2.1101
2.1062
2.1021
2.0975
2.0925
2.087
2.0809
2.074
2.0663
2.0575
2.0475
2.0361
2.0228
2.0074
1.9894
1.9683
1.9434
1.9139
1.879
1.8379
1.7896
1.7335
1.6696
1.5982
1.5207
1.4392
1.3563
1.2743
1.1953
1.1206
1.0511
.9871
.9285
.8751
.8265
.7825
.7424
.706
.6729
.6427
.6151
.5898
.5666
.5452
.5255
.5072
.4903
.4746
.4599
.4462
.4334
.4214
.4101
.3995
.3895
.3801
.3711
.3626
.3546
.347
.3397
.3328
.3262
.3198
.3138
.308
.3025
.2972
.2921
.2872
.2825
.2779
.2736
.2693
.2653
.2613
.2575
.2539
.2503
.2469
.2435
.2403
.2372
.2341
.2312
.2283
.2255
.2228
.2202
.2176
.2151
.2127
.2103
.208
.2057
.2035
.2014
.1993
.1973
.1953
.1933
.1914
.1895
.1877
.1859
.1842
.1825
.1808
.1792
.1776
.176
.1745
.173
.1715
.17
.1686
.1672
.1658
.1645
.1632
.1619
.1606
.1594
.1581
.1569
.1558
.1546
.1535
.1523
.1512
.1501
.1491
.148
.147
.146
.145
.144
.143
.142
.1411
.1402
.1393
.1384
.1375
.1366
.1357
.1349
.134
.1332
.1324
.1316
.1308
.13
.1293
.1285
.1278
.127
.1263
.1256
.1249
.1242
.1235
.1228
.1221
.1214
.1208
.1201
.1195
.1188
.1182
.1176
.117
.1164
.1158
.1152
.1146
.114
.1135
.1129
.1123
.1118
.1112
.1107
.1102
.1096
.1091
.1086
.1081
.1076
.1071
.1066
.1061
.1056
.1051
.1046
.1042
.1037
.1032
.1028
.1023
.1019
.1014
.101
.1006
.1001
.0997
.0993
.0989
.0984
.098
.0976
.0972
.0968
.0964
.096
.0956
.0953
.0949
.0945
.0941
.0937
.0934
.093
.0926
.0923
.0919
.0916
.0912
.0909
.0905
.0902
.0898
.0895
.0892
.0888
.0885
.0882
.0879
.0875
.0872
.0869
.0866
.0863
.086
.0857
.0854
.0851
.0848
.0845
.0842
.0839
.0836
.0833
.083
.0827
.0825
.0822
.0819
.0816
.0814
.0811
.0808
.0805
.0803
.08
.0798
.0795
.0792
.079
.0787
.0785
.0782
.078
.0777
.0775
.0772
.077
.0767
.0765
.0763
.076
.0758
.0756
.0753
.0751
.0749
.0746
.0744
.0742
.074
.0738
.0735
.0733
.0731
.0729
.0727
.0725
.0722
.072
.0718
.0716
.0714
.0712
.071
.0708
.0706
.0704
.0702
.07
.0698
.0696
.0694
.0692
.069
.0688
.0686
.0684
.0683
.0681
.0679
.0677
.0675
.0673
.0672
.067
.0668
.0666
.0664
.0663
.0661
.0659
.0657
.0656
.0654
.0652
.0651
.0649
.0647
.0645
.0644
.0642
.0641
.0639
.0637
.0636
.0634
.0632
.0631
.0629
.0628
.0626
.0625
.0623
.0621
.062
.0618
.0617
.0615
.0614
.0612
.0611
.0609
.0608
.0606
.0605
.0604
.0602
.0601
.0599
.0598
.0596
.0595
.0594
.0592
.0591
.0589
.0588
.0587
.0585
.0584
.0583
.0581
.058
.0579
.0577
.0576
.0575
.0573
.0572
.0571
.0569
.0568
.0567
.0566
.0564
.0563
.0562
.0561
.0559
.0558
.0557
.0556
.0554
.0553
.0552
.0551
.055
.0548
.0547
.0546
.0545
.0544
.0542
.0541
.054
.0539
.0538
.0537
.0536
.0534
.0533
.0532
.0531
.053
.0529
.0528
.0527
.0526
.0524
.0523
.0522
.0521
.052
.0519
.0518
.0517
.0516
.0515
.0514
.0513
.0512
.0511
.051
.0509
.0508
.0507
.0506
.0505
.0504
.0503
.0502
.0501
.05
