4.3259
4.0527
3.807
3.5982
3.4205
3.2643
3.1216
2.9874
2.8596
2.7385
2.6262
2.5256
2.4391
2.3676
2.3101
2.2644
2.2277
2.1978
2.1729
2.1514
2.1327
2.1159
2.1007
2.0867
2.0737
2.0614
2.0499
2.0389
2.0283
2.0181
2.0083
1.9988
1.9895
1.9804
1.9716
1.9629
1.9545
1.9461
1.938
1.93
1.9221
1.9144
1.9068
1.8994
1.8921
1.8849
1.878
1.8711
1.8644
1.8579
1.8515
1.8452
1.8391
1.8331
1.8273
1.8216
1.8161
1.8106
1.8054
1.8002
1.7952
1.7903
1.7855
1.7808
1.7762
1.7718
1.7674
1.7632
1.759
1.7549
1.751
1.7471
1.7433
1.7395
1.7359
1.7323
1.7288
1.7253
1.722
1.7186
1.7154
1.7122
1.709
1.7059
1.7029
1.6999
1.6969
1.694
1.6912
1.6883
1.6855
1.6828
1.6801
1.6774
1.6747
1.6721
1.6695
1.6669
1.6643
1.6618
1.6593
1.6568
1.6543
1.6519
1.6494
1.647
1.6446
1.6422
1.6398
1.6374
1.635
1.6326
1.6302
1.6278
1.6255
1.6231
1.6207
1.6183
1.6159
1.6135
1.6111
1.6087
1.6062
1.6038
1.6013
1.5988
1.5963
1.5938
1.5912
1.5886
1.586
1.5833
1.5806
1.5779
1.5751
1.5723
1.5694
1.5665
1.5635
1.5604
1.5573
1.5541
1.5508
1.5474
1.544
1.5405
1.5368
1.533
1.5292
1.5252
1.521
1.5167
1.5122
1.5076
1.5027
1.4977
1.4924
1.4868
1.481
1.4749
1.4684
1.4615
1.4542
1.4464
1.438
1.429
1.4193
1.4088
1.3973
1.3847
1.3709
1.3556
1.3386
1.3196
1.2983
1.2745
1.2478
1.218
1.185
1.1486
1.1092
1.0672
1.0232
.978
.9327
.888
.8448
.8036
.7648
.7285
.6949
.6637
.635
.6085
.584
.5614
.5404
.5209
.5028
.4859
.4701
.4553
.4414
.4283
.416
.4043
.3933
.3828
.3728
.3633
.3543
.3456
.3374
.3295
.3219
.3147
.3077
.3011
.2946
.2885
.2825
.2768
.2713
.266
.2608
.2559
.2511
.2464
.242
.2376
.2334
.2294
.2254
.2216
.2179
.2143
.2109
.2075
.2042
.201
.1979
.1949
.192
.1892
.1864
.1837
.1811
.1785
.176
.1736
.1713
.169
.1667
.1645
.1624
.1603
.1583
.1563
.1544
.1525
.1506
.1488
.1471
.1453
.1436
.142
.1404
.1388
.1372
.1357
.1342
.1328
.1314
.13
.1286
.1273
.1259
.1247
.1234
.1222
.1209
.1197
.1186
.1174
.1163
.1152
.1141
.113
.112
.111
.1099
.1089
.108
.107
.1061
.1051
.1042
.1033
.1024
.1016
.1007
.0999
.099
.0982
.0974
.0966
.0958
.0951
.0943
.0936
.0928
.0921
.0914
.0907
.09
.0893
.0887
.088
.0874
.0867
.0861
.0855
.0848
.0842
.0836
.083
.0825
.0819
.0813
.0807
.0802
.0796
.0791
.0786
.0781
.0775
.077
.0765
.076
.0755
.075
.0746
.0741
.0736
.0731
.0727
.0722
.0718
.0713
.0709
.0705
.07
.0696
.0692
.0688
.0684
.068
.0676
.0672
.0668
.0664
.066
.0657
.0653
.0649
.0646
.0642
.0638
.0635
.0631
.0628
.0624
.0621
.0618
.0614
.0611
.0608
.0605
.0601
.0598
.0595
.0592
.0589
.0586
.0583
.058
.0577
.0574
.0571
.0568
.0566
.0563
.056
.0557
.0554
.0552
.0549
.0546
.0544
.0541
.0539
.0536
.0534
.0531
.0529
.0526
.0524
.0521
.0519
.0516
.0514
.0512
.0509
.0507
.0505
.0503
.05
.0498
