3.9934
3.8276
3.6901
3.5714
3.4634
3.3602
3.2582
3.1551
3.0501
2.9435
2.837
2.7335
2.6366
2.55
2.4768
2.4181
2.3733
2.3403
2.3164
2.2992
2.2866
2.2769
2.2691
2.2625
2.2565
2.2509
2.2455
2.2401
2.2346
2.2289
2.2232
2.2172
2.211
2.2046
2.1979
2.191
2.1839
2.1765
2.1689
2.161
2.1529
2.1446
2.1362
2.1275
2.1187
2.1098
2.1008
2.0917
2.0827
2.0736
2.0646
2.0556
2.0467
2.0379
2.0293
2.0208
2.0124
2.0042
1.9962
1.9883
1.9806
1.9731
1.9657
1.9585
1.9514
1.9444
1.9376
1.9308
1.9242
1.9176
1.9111
1.9046
1.8982
1.8917
1.8853
1.8788
1.8722
1.8655
1.8587
1.8517
1.8445
1.8371
1.8294
1.8213
1.8128
1.8039
1.7943
1.7841
1.7732
1.7613
1.7484
1.7343
1.7188
1.7018
1.6829
1.6619
1.6386
1.6126
1.5837
1.5516
1.5162
1.4774
1.4351
1.3896
1.3414
1.2908
1.2387
1.1858
1.1329
1.0806
1.0295
.9802
.9329
.8879
.8454
.8053
.7677
.7325
.6995
.6688
.6401
.6134
.5885
.5652
.5435
.5232
.5042
.4864
.4697
.4541
.4394
.4256
.4126
.4003
.3887
.3777
.3673
.3575
.3482
.3393
.3309
.3229
.3152
.3079
.301
.2943
.288
.2819
.276
.2704
.2651
.2599
.2549
.2502
.2456
.2411
.2369
.2328
.2288
.225
.2213
.2177
.2142
.2108
.2076
.2044
.2014
.1984
.1956
.1928
.1901
.1874
.1849
.1824
.18
.1776
.1753
.1731
.1709
.1688
.1667
.1647
.1627
.1608
.1589
.1571
.1553
.1536
.1519
.1502
.1486
.147
.1454
.1439
.1424
.1409
.1395
.1381
.1367
.1354
.134
.1327
.1315
.1302
.129
.1278
.1266
.1255
.1243
.1232
.1221
.1211
.12
.119
.1179
.1169
.116
.115
.114
.1131
.1122
.1113
.1104
.1095
.1087
.1078
.107
.1062
.1053
.1045
.1038
.103
.1022
.1015
.1007
.1
.0993
.0986
.0979
.0972
.0965
.0959
.0952
.0945
.0939
.0933
.0926
.092
.0914
.0908
.0902
.0896
.0891
.0885
.0879
.0874
.0868
.0863
.0858
.0852
.0847
.0842
.0837
.0832
.0827
.0822
.0817
.0812
.0808
.0803
.0798
.0794
.0789
.0785
.078
.0776
.0772
.0767
.0763
.0759
.0755
.0751
.0747
.0743
.0739
.0735
.0731
.0727
.0723
.072
.0716
.0712
.0709
.0705
.0701
.0698
.0694
.0691
.0687
.0684
.0681
.0677
.0674
.0671
.0668
.0664
.0661
.0658
.0655
.0652
.0649
.0646
.0643
.064
.0637
.0634
.0631
.0628
.0625
.0623
.062
.0617
.0614
.0612
.0609
.0606
.0604
.0601
.0598
.0596
.0593
.0591
.0588
.0586
.0583
.0581
.0578
.0576
.0574
.0571
.0569
.0567
.0564
.0562
.056
.0557
.0555
.0553
.0551
.0549
.0546
.0544
.0542
.054
.0538
.0536
.0534
.0532
.053
.0528
.0526
.0524
.0522
.052
.0518
.0516
.0514
.0512
.051
.0508
.0506
.0504
.0503
.0501
.0499
