4.0226
3.6016
3.1606
2.7498
2.4308
2.2363
2.141
2.098
2.0774
2.0659
2.0583
2.0526
2.0478
2.0435
2.0395
2.0357
2.032
2.0284
2.0248
2.0213
2.0178
2.0144
2.011
2.0077
2.0043
2.001
1.9978
1.9945
1.9913
1.9881
1.985
1.9818
1.9787
1.9756
1.9725
1.9695
1.9664
1.9634
1.9604
1.9573
1.9543
1.9513
1.9483
1.9453
1.9422
1.9392
1.9361
1.9331
1.93
1.9269
1.9237
1.9205
1.9174
1.9141
1.9109
1.9075
1.9042
1.9008
1.8973
1.8938
1.8902
1.8866
1.8829
1.8791
1.8753
1.8713
1.8673
1.8632
1.859
1.8547
1.8503
1.8458
1.8412
1.8365
1.8316
1.8267
1.8216
1.8164
1.8111
1.8057
1.8002
1.7946
1.7889
1.7831
1.7773
1.7714
1.7654
1.7594
1.7534
1.7473
1.7413
1.7353
1.7292
1.7232
1.7173
1.7114
1.7056
1.6998
1.6941
1.6884
1.6829
1.6774
1.672
1.6667
1.6614
1.6563
1.6512
1.6462
1.6413
1.6364
1.6316
1.6269
1.6223
1.6176
1.6131
1.6085
1.604
1.5995
1.5951
1.5906
1.5862
1.5817
1.5773
1.5728
1.5682
1.5636
1.559
1.5543
1.5495
1.5446
1.5396
1.5344
1.5291
1.5236
1.5179
1.5119
1.5057
1.4992
1.4923
1.4851
1.4774
1.4692
1.4604
1.451
1.4408
1.4298
1.4179
1.4049
1.3908
1.3754
1.3585
1.34
1.3197
1.2976
1.2735
1.2474
1.2192
1.189
1.157
1.1233
1.0882
1.0522
1.0156
.9789
.9424
.9066
.8716
.8378
.8052
.7741
.7444
.7161
.6892
.6637
.6395
.6165
.5947
.5741
.5544
.5357
.5179
.501
.4849
.4695
.4549
.4409
.4276
.4149
.4028
.3913
.3802
.3697
.3596
.35
.3407
.3319
.3235
.3154
.3077
.3003
.2932
.2864
.2799
.2736
.2676
.2618
.2562
.2508
.2457
.2407
.2359
.2313
.2269
.2226
.2185
.2145
.2106
.2069
.2032
.1997
.1963
.1931
.1899
.1868
.1838
.1809
.1781
.1754
.1727
.1701
.1676
.1652
.1628
.1605
.1582
.156
.1539
.1518
.1498
.1478
.1459
.144
.1422
.1404
.1386
.1369
.1352
.1336
.132
.1305
.1289
.1274
.126
.1246
.1232
.1218
.1205
.1192
.1179
.1166
.1154
.1142
.113
.1118
.1107
.1096
.1085
.1074
.1063
.1053
.1043
.1033
.1023
.1013
.1004
.0995
.0986
.0977
.0968
.0959
.0951
.0942
.0934
.0926
.0918
.091
.0902
.0895
.0887
.088
.0873
.0866
.0859
.0852
.0845
.0838
.0832
.0825
.0819
.0812
.0806
.08
.0794
.0788
.0782
.0776
.0771
.0765
.076
.0754
.0749
.0743
.0738
.0733
.0728
.0723
.0718
.0713
.0708
.0703
.0699
.0694
.0689
.0685
.068
.0676
.0672
.0667
.0663
.0659
.0655
.065
.0646
.0642
.0638
.0634
.0631
.0627
.0623
.0619
.0616
.0612
.0608
.0605
.0601
.0598
.0594
.0591
.0587
.0584
.0581
.0577
.0574
.0571
.0568
.0565
.0562
.0559
.0555
.0552
.055
.0547
.0544
.0541
.0538
.0535
.0532
.053
.0527
.0524
.0521
.0519
.0516
.0513
.0511
.0508
.0506
.0503
.0501
.0498
