4.5186
4.2423
3.9654
3.7088
3.4792
3.2726
3.0829
2.9069
2.7463
2.6064
2.4932
2.4092
2.3515
2.3139
2.2895
2.2733
2.2617
2.2528
2.2452
2.2385
2.2322
2.2261
2.2201
2.2143
2.2084
2.2026
2.1969
2.1911
2.1854
2.1798
2.1742
2.1686
2.1632
2.1577
2.1523
2.147
2.1418
2.1366
2.1314
2.1263
2.1212
2.1161
2.111
2.1059
2.1007
2.0955
2.0902
2.0847
2.0791
2.0733
2.0672
2.0608
2.0541
2.0468
2.039
2.0305
2.0213
2.0111
1.9997
1.9871
1.9728
1.9567
1.9384
1.9174
1.8934
1.8658
1.8341
1.7977
1.7564
1.7098
1.6579
1.6011
1.5402
1.4765
1.4113
1.346
1.2821
1.2205
1.162
1.1071
1.0559
1.0085
.9647
.9244
.8872
.8531
.8216
.7927
.7659
.7412
.7183
.697
.6772
.6588
.6415
.6254
.6102
.596
.5825
.5698
.5577
.5463
.5354
.525
.5152
.5057
.4967
.488
.4796
.4716
.4639
.4564
.4493
.4423
.4356
.4291
.4227
.4166
.4107
.4049
.3993
.3938
.3884
.3833
.3782
.3733
.3684
.3637
.3592
.3547
.3503
.346
.3419
.3378
.3338
.3299
.326
.3223
.3186
.3151
.3116
.3081
.3048
.3015
.2983
.2951
.292
.289
.286
.2831
.2803
.2775
.2747
.272
.2694
.2668
.2643
.2618
.2594
.257
.2546
.2523
.2501
.2479
.2457
.2435
.2414
.2394
.2373
.2354
.2334
.2315
.2296
.2277
.2259
.2241
.2223
.2206
.2189
.2172
.2155
.2139
.2123
.2107
.2091
.2076
.2061
.2046
.2031
.2017
.2003
.1989
.1975
.1961
.1948
.1935
.1922
.1909
.1896
.1884
.1871
.1859
.1847
.1835
.1823
.1812
.18
.1789
.1778
.1767
.1756
.1746
.1735
.1725
.1714
.1704
.1694
.1684
.1674
.1664
.1655
.1645
.1636
.1627
.1618
.1608
.1599
.1591
.1582
.1573
.1565
.1556
.1548
.1539
.1531
.1523
.1515
.1507
.1499
.1491
.1484
.1476
.1468
.1461
.1454
.1446
.1439
.1432
.1425
.1418
.1411
.1404
.1397
.139
.1383
.1377
.137
.1364
.1357
.1351
.1344
.1338
.1332
.1326
.132
.1314
.1308
.1302
.1296
.129
.1284
.1278
.1273
.1267
.1261
.1256
.125
.1245
.1239
.1234
.1229
.1223
.1218
.1213
.1208
.1203
.1198
.1193
.1188
.1183
.1178
.1173
.1168
.1163
.1159
.1154
.1149
.1144
.114
.1135
.1131
.1126
.1122
.1117
.1113
.1109
.1104
.11
.1096
.1091
.1087
.1083
.1079
.1075
.1071
.1067
.1063
.1059
.1055
.1051
.1047
.1043
.1039
.1035
.1032
.1028
.1024
.102
.1017
.1013
.1009
.1006
.1002
.0999
.0995
.0991
.0988
.0985
.0981
.0978
.0974
.0971
.0967
.0964
.0961
.0958
.0954
.0951
.0948
.0945
.0941
.0938
.0935
.0932
.0929
.0926
.0923
.092
.0917
.0914
.0911
.0908
.0905
.0902
.0899
.0896
.0893
.089
.0887
.0885
.0882
.0879
.0876
.0873
.0871
.0868
.0865
.0863
.086
.0857
.0855
.0852
.0849
.0847
.0844
.0842
.0839
.0836
.0834
.0831
.0829
.0826
.0824
.0822
.0819
.0817
.0814
.0812
.0809
.0807
.0805
.0802
.08
.0798
.0795
.0793
.0791
.0789
.0786
.0784
.0782
.078
.0777
.0775
.0773
.0771
.0769
.0767
.0764
.0762
.076
.0758
.0756
.0754
.0752
.075
.0748
.0746
.0744
.0742
.074
.0738
.0736
.0734
.0732
.073
.0728
.0726
.0724
.0722
.072
.0718
.0716
.0714
.0713
.0711
.0709
.0707
.0705
.0703
.0702
.07
.0698
.0696
.0694
.0693
.0691
.0689
.0687
.0686
.0684
.0682
.068
.0679
.0677
.0675
.0674
.0672
.067
.0669
.0667
.0665
.0664
.0662
.0661
.0659
.0657
.0656
.0654
.0653
.0651
.0649
.0648
.0646
.0645
.0643
.0642
.064
.0639
.0637
.0636
.0634
.0633
.0631
.063
.0628
.0627
.0625
.0624
.0622
.0621
.062
.0618
.0617
.0615
.0614
.0613
.0611
.061
.0608
.0607
.0606
.0604
.0603
.0602
.06
.0599
.0598
.0596
.0595
.0594
.0592
.0591
.059
.0588
.0587
.0586
.0585
.0583
.0582
.0581
.0579
.0578
.0577
.0576
.0574
.0573
.0572
.0571
.057
.0568
.0567
.0566
.0565
.0564
.0562
.0561
.056
.0559
.0558
.0557
.0555
.0554
.0553
.0552
.0551
.055
.0548
.0547
.0546
.0545
.0544
.0543
.0542
.0541
.054
.0539
.0537
.0536
.0535
.0534
.0533
.0532
.0531
.053
.0529
.0528
.0527
.0526
.0525
.0524
.0523
.0522
.0521
.052
.0519
.0518
.0517
.0515
.0514
.0513
.0513
.0512
.0511
.051
.0509
.0508
.0507
.0506
.0505
.0504
.0503
.0502
.0501
.05
