4.1747
3.7978
3.3917
2.9935
2.6479
2.3924
2.2349
2.1505
2.1074
2.0842
2.0703
2.0609
2.0537
2.0478
2.0425
2.0377
2.0331
2.0288
2.0246
2.0204
2.0164
2.0124
2.0085
2.0046
2.0007
1.9969
1.9931
1.9892
1.9854
1.9816
1.9777
1.9739
1.97
1.9661
1.9621
1.9581
1.954
1.9499
1.9457
1.9414
1.9369
1.9324
1.9278
1.923
1.918
1.9129
1.9075
1.902
1.8962
1.8901
1.8837
1.877
1.8699
1.8624
1.8545
1.8461
1.8372
1.8276
1.8175
1.8067
1.7952
1.7829
1.7697
1.7556
1.7405
1.7245
1.7073
1.689
1.6694
1.6487
1.6267
1.6033
1.5787
1.5528
1.5257
1.4973
1.4679
1.4375
1.4062
1.3741
1.3415
1.3085
1.2752
1.2417
1.2083
1.1751
1.1422
1.1097
1.0778
1.0464
1.0157
.9857
.9565
.9281
.9006
.8738
.8479
.8229
.7987
.7753
.7528
.7311
.7101
.6899
.6705
.6518
.6338
.6165
.5999
.5838
.5684
.5536
.5393
.5256
.5124
.4997
.4875
.4757
.4644
.4535
.443
.4329
.4231
.4137
.4046
.3959
.3874
.3793
.3714
.3638
.3565
.3494
.3425
.3359
.3294
.3232
.3172
.3114
.3057
.3002
.2949
.2898
.2848
.28
.2753
.2707
.2662
.2619
.2577
.2537
.2497
.2459
.2421
.2385
.2349
.2315
.2281
.2248
.2216
.2185
.2154
.2125
.2096
.2067
.204
.2013
.1987
.1961
.1936
.1911
.1887
.1864
.1841
.1819
.1797
.1775
.1755
.1734
.1714
.1694
.1675
.1656
.1638
.162
.1602
.1584
.1567
.1551
.1534
.1518
.1502
.1487
.1472
.1457
.1442
.1428
.1414
.14
.1386
.1373
.136
.1347
.1334
.1322
.131
.1298
.1286
.1274
.1263
.1251
.124
.123
.1219
.1208
.1198
.1188
.1178
.1168
.1158
.1149
.1139
.113
.1121
.1112
.1103
.1094
.1085
.1077
.1069
.106
.1052
.1044
.1036
.1029
.1021
.1013
.1006
.0998
.0991
.0984
.0977
.097
.0963
.0956
.095
.0943
.0936
.093
.0924
.0917
.0911
.0905
.0899
.0893
.0887
.0881
.0876
.087
.0864
.0859
.0853
.0848
.0842
.0837
.0832
.0827
.0822
.0817
.0812
.0807
.0802
.0797
.0792
.0788
.0783
.0778
.0774
.0769
.0765
.076
.0756
.0752
.0748
.0743
.0739
.0735
.0731
.0727
.0723
.0719
.0715
.0711
.0707
.0703
.07
.0696
.0692
.0689
.0685
.0681
.0678
.0674
.0671
.0668
.0664
.0661
.0657
.0654
.0651
.0648
.0644
.0641
.0638
.0635
.0632
.0629
.0626
.0623
.062
.0617
.0614
.0611
.0608
.0605
.0602
.06
.0597
.0594
.0591
.0589
.0586
.0583
.0581
.0578
.0575
.0573
.057
.0568
.0565
.0563
.056
.0558
.0555
.0553
.0551
.0548
.0546
.0544
.0541
.0539
.0537
.0535
.0532
.053
.0528
.0526
.0524
.0521
.0519
.0517
.0515
.0513
.0511
.0509
.0507
.0505
.0503
.0501
.0499
