4.3623
4.1268
3.9128
3.7237
3.5545
3.3978
3.2474
3.099
2.9508
2.8033
2.6597
2.5261
2.4092
2.3143
2.2421
2.1898
2.1523
2.1248
2.1035
2.0859
2.0706
2.0567
2.0435
2.0309
2.0185
2.0063
1.9943
1.9824
1.9706
1.9588
1.9471
1.9353
1.9236
1.9118
1.9
1.8881
1.8761
1.8639
1.8516
1.8389
1.826
1.8128
1.7992
1.785
1.7704
1.7551
1.7391
1.7223
1.7046
1.6859
1.6662
1.6453
1.6231
1.5996
1.5746
1.5483
1.5205
1.4913
1.4606
1.4288
1.3957
1.3617
1.3268
1.2913
1.2554
1.2194
1.1833
1.1475
1.1121
1.0773
1.0432
1.0098
.9774
.9459
.9155
.8861
.8577
.8304
.8042
.779
.7549
.7317
.7095
.6882
.6678
.6483
.6296
.6117
.5946
.5782
.5624
.5474
.5329
.519
.5058
.493
.4808
.469
.4577
.4469
.4364
.4264
.4168
.4075
.3985
.3899
.3816
.3736
.3658
.3584
.3512
.3442
.3375
.331
.3247
.3186
.3128
.3071
.3016
.2962
.291
.286
.2811
.2764
.2718
.2674
.2631
.2589
.2548
.2508
.2469
.2432
.2395
.236
.2325
.2291
.2259
.2227
.2195
.2165
.2135
.2106
.2078
.2051
.2024
.1998
.1972
.1947
.1923
.1899
.1875
.1852
.183
.1808
.1787
.1766
.1745
.1725
.1706
.1687
.1668
.1649
.1631
.1614
.1596
.1579
.1563
.1546
.153
.1515
.1499
.1484
.1469
.1455
.144
.1426
.1412
.1399
.1386
.1372
.136
.1347
.1335
.1322
.131
.1299
.1287
.1276
.1264
.1253
.1242
.1232
.1221
.1211
.1201
.1191
.1181
.1171
.1162
.1152
.1143
.1134
.1125
.1116
.1107
.1099
.109
.1082
.1074
.1065
.1057
.105
.1042
.1034
.1027
.1019
.1012
.1004
.0997
.099
.0983
.0976
.097
.0963
.0956
.095
.0943
.0937
.0931
.0924
.0918
.0912
.0906
.09
.0895
.0889
.0883
.0878
.0872
.0866
.0861
.0856
.085
.0845
.084
.0835
.083
.0825
.082
.0815
.081
.0805
.0801
.0796
.0791
.0787
.0782
.0778
.0774
.0769
.0765
.0761
.0756
.0752
.0748
.0744
.074
.0736
.0732
.0728
.0724
.072
.0716
.0713
.0709
.0705
.0702
.0698
.0694
.0691
.0687
.0684
.068
.0677
.0674
.067
.0667
.0664
.066
.0657
.0654
.0651
.0648
.0644
.0641
.0638
.0635
.0632
.0629
.0626
.0623
.0621
.0618
.0615
.0612
.0609
.0606
.0604
.0601
.0598
.0596
.0593
.059
.0588
.0585
.0583
.058
.0578
.0575
.0573
.057
.0568
.0565
.0563
.056
.0558
.0556
.0553
.0551
.0549
.0547
.0544
.0542
.054
.0538
.0536
.0533
.0531
.0529
.0527
.0525
.0523
.0521
.0519
.0517
.0515
.0513
.0511
.0509
.0507
.0505
.0503
.0501
.0499
