4.3693
4.156
3.9694
3.8076
3.6628
3.5268
3.3927
3.2553
3.1109
2.9578
2.7973
2.6349
2.4814
2.3499
2.2491
2.1792
2.1331
2.1025
2.0811
2.0648
2.0513
2.0394
2.0283
2.0177
2.0073
1.9972
1.9872
1.9773
1.9676
1.958
1.9486
1.9394
1.9304
1.9216
1.913
1.9046
1.8964
1.8885
1.8808
1.8733
1.866
1.8589
1.852
1.8452
1.8387
1.8322
1.826
1.8199
1.8139
1.808
1.8022
1.7965
1.7909
1.7854
1.78
1.7746
1.7693
1.764
1.7587
1.7535
1.7482
1.743
1.7377
1.7324
1.727
1.7215
1.716
1.7104
1.7046
1.6986
1.6925
1.6862
1.6796
1.6727
1.6654
1.6578
1.6498
1.6412
1.632
1.6222
1.6116
1.6002
1.5877
1.5741
1.5592
1.5428
1.5247
1.5048
1.4827
1.4584
1.4316
1.4021
1.3699
1.335
1.2975
1.2577
1.216
1.1729
1.1291
1.0851
1.0417
.9993
.9584
.9193
.8822
.8472
.8142
.7832
.7542
.7271
.7016
.6777
.6553
.6343
.6145
.5959
.5783
.5617
.546
.5311
.5169
.5035
.4907
.4785
.4669
.4559
.4453
.4351
.4255
.4162
.4073
.3987
.3906
.3827
.3751
.3679
.3609
.3541
.3477
.3414
.3354
.3296
.324
.3186
.3134
.3084
.3036
.2989
.2943
.2899
.2857
.2816
.2776
.2737
.27
.2664
.2629
.2595
.2561
.2529
.2498
.2468
.2438
.241
.2382
.2355
.2328
.2302
.2277
.2253
.2229
.2206
.2183
.2161
.214
.2119
.2098
.2078
.2058
.2039
.202
.2002
.1984
.1967
.1949
.1933
.1916
.19
.1884
.1869
.1853
.1839
.1824
.181
.1795
.1782
.1768
.1755
.1742
.1729
.1716
.1704
.1692
.168
.1668
.1656
.1645
.1634
.1622
.1612
.1601
.159
.158
.157
.156
.155
.154
.153
.1521
.1512
.1502
.1493
.1484
.1475
.1467
.1458
.145
.1441
.1433
.1425
.1417
.1409
.1401
.1393
.1386
.1378
.1371
.1363
.1356
.1349
.1342
.1334
.1328
.1321
.1314
.1307
.13
.1294
.1287
.1281
.1275
.1268
.1262
.1256
.125
.1244
.1238
.1232
.1226
.122
.1215
.1209
.1203
.1198
.1192
.1187
.1182
.1176
.1171
.1166
.116
.1155
.115
.1145
.114
.1135
.113
.1125
.1121
.1116
.1111
.1106
.1102
.1097
.1093
.1088
.1084
.1079
.1075
.107
.1066
.1062
.1058
.1053
.1049
.1045
.1041
.1037
.1033
.1029
.1025
.1021
.1017
.1013
.1009
.1005
.1001
.0998
.0994
.099
.0986
.0983
.0979
.0975
.0972
.0968
.0965
.0961
.0958
.0954
.0951
.0948
.0944
.0941
.0937
.0934
.0931
.0928
.0924
.0921
.0918
.0915
.0912
.0909
.0905
.0902
.0899
.0896
.0893
.089
.0887
.0884
.0881
.0878
.0875
.0873
.087
.0867
.0864
.0861
.0858
.0856
.0853
.085
.0847
.0845
.0842
.0839
.0837
.0834
.0831
.0829
.0826
.0824
.0821
.0819
.0816
.0814
.0811
.0809
.0806
.0804
.0801
.0799
.0796
.0794
.0792
.0789
.0787
.0785
.0782
.078
.0778
.0775
.0773
.0771
.0769
.0766
.0764
.0762
.076
.0758
.0755
.0753
.0751
.0749
.0747
.0745
.0743
.0741
.0738
.0736
.0734
.0732
.073
.0728
.0726
.0724
.0722
.072
.0718
.0716
.0714
.0712
.0711
.0709
.0707
.0705
.0703
.0701
.0699
.0697
.0696
.0694
.0692
.069
.0688
.0686
.0685
.0683
.0681
.0679
.0678
.0676
.0674
.0672
.0671
.0669
.0667
.0665
.0664
.0662
.066
.0659
.0657
.0655
.0654
.0652
.0651
.0649
.0647
.0646
.0644
.0643
.0641
.0639
.0638
.0636
.0635
.0633
.0632
.063
.0629
.0627
.0626
.0624
.0623
.0621
.062
.0618
.0617
.0615
.0614
.0612
.0611
.061
.0608
.0607
.0605
.0604
.0602
.0601
.06
.0598
.0597
.0596
.0594
.0593
.0591
.059
.0589
.0587
.0586
.0585
.0584
.0582
.0581
.058
.0578
.0577
.0576
.0574
.0573
.0572
.0571
.0569
.0568
.0567
.0566
.0564
.0563
.0562
.0561
.056
.0558
.0557
.0556
.0555
.0554
.0552
.0551
.055
.0549
.0548
.0547
.0545
.0544
.0543
.0542
.0541
.054
.0539
.0537
.0536
.0535
.0534
.0533
.0532
.0531
.053
.0529
.0527
.0526
.0525
.0524
.0523
.0522
.0521
.052
.0519
.0518
.0517
.0516
.0515
.0514
.0513
.0512
.0511
.051
.0509
.0508
.0507
.0506
.0505
.0504
.0503
.0502
.0501
.05
