4.3694
4.0963
3.8579
3.6639
3.5059
3.372
3.2535
3.1452
3.0446
2.9508
2.8641
2.7851
2.7143
2.6522
2.599
2.5542
2.5172
2.487
2.4625
2.4423
2.4256
2.4113
2.3987
2.3872
2.3762
2.3655
2.3548
2.3438
2.3325
2.3208
2.3086
2.2959
2.2828
2.2692
2.2552
2.241
2.2265
2.212
2.1974
2.1828
2.1684
2.1543
2.1405
2.127
2.1139
2.1013
2.0892
2.0776
2.0665
2.056
2.0459
2.0363
2.0272
2.0185
2.0103
2.0025
1.9951
1.9881
1.9814
1.975
1.969
1.9632
1.9577
1.9524
1.9473
1.9425
1.9378
1.9334
1.929
1.9249
1.9209
1.917
1.9132
1.9095
1.906
1.9025
1.8992
1.8959
1.8927
1.8895
1.8865
1.8835
1.8806
1.8777
1.8749
1.8721
1.8694
1.8667
1.8641
1.8615
1.8589
1.8564
1.8539
1.8515
1.849
1.8466
1.8442
1.8419
1.8395
1.8372
1.8349
1.8325
1.8302
1.8279
1.8256
1.8233
1.8209
1.8186
1.8162
1.8138
1.8114
1.8089
1.8064
1.8039
1.8013
1.7987
1.796
1.7932
1.7904
1.7875
1.7844
1.7813
1.7781
1.7747
1.7713
1.7676
1.7638
1.7599
1.7557
1.7513
1.7467
1.7419
1.7367
1.7312
1.7254
1.7192
1.7126
1.7056
1.698
1.6898
1.6811
1.6716
1.6614
1.6504
1.6384
1.6255
1.6114
1.5961
1.5794
1.5614
1.5417
1.5204
1.4974
1.4725
1.4457
1.4169
1.3863
1.3538
1.3196
1.2839
1.2469
1.2088
1.1701
1.1309
1.0917
1.0527
1.0142
.9764
.9395
.9037
.8692
.8359
.8039
.7733
.7441
.7162
.6897
.6644
.6404
.6176
.596
.5754
.556
.5375
.5199
.5032
.4874
.4724
.4581
.4445
.4316
.4193
.4076
.3964
.3858
.3756
.3659
.3567
.3478
.3394
.3312
.3235
.316
.3089
.302
.2955
.2891
.2831
.2772
.2716
.2661
.2609
.2559
.251
.2463
.2418
.2374
.2332
.2291
.2251
.2213
.2175
.2139
.2104
.2071
.2038
.2006
.1975
.1945
.1915
.1887
.1859
.1832
.1806
.1781
.1756
.1732
.1708
.1685
.1663
.1641
.1619
.1599
.1578
.1559
.1539
.152
.1502
.1484
.1466
.1449
.1432
.1415
.1399
.1383
.1368
.1353
.1338
.1323
.1309
.1295
.1281
.1268
.1255
.1242
.1229
.1217
.1205
.1193
.1181
.117
.1158
.1147
.1136
.1126
.1115
.1105
.1095
.1085
.1075
.1065
.1056
.1047
.1037
.1028
.102
.1011
.1002
.0994
.0986
.0977
.0969
.0962
.0954
.0946
.0939
.0931
.0924
.0917
.0909
.0902
.0896
.0889
.0882
.0875
.0869
.0862
.0856
.085
.0844
.0838
.0832
.0826
.082
.0814
.0809
.0803
.0797
.0792
.0787
.0781
.0776
.0771
.0766
.0761
.0756
.0751
.0746
.0741
.0737
.0732
.0727
.0723
.0718
.0714
.0709
.0705
.0701
.0696
.0692
.0688
.0684
.068
.0676
.0672
.0668
.0664
.066
.0657
.0653
.0649
.0646
.0642
.0638
.0635
.0631
.0628
.0624
.0621
.0618
.0614
.0611
.0608
.0605
.0601
.0598
.0595
.0592
.0589
.0586
.0583
.058
.0577
.0574
.0571
.0568
.0566
.0563
.056
.0557
.0555
.0552
.0549
.0547
.0544
.0541
.0539
.0536
.0534
.0531
.0529
.0526
.0524
.0522
.0519
.0517
.0514
.0512
.051
.0508
.0505
.0503
.0501
.0499
