4.2273
3.9798
3.7598
3.565
3.3867
3.2171
3.0513
2.8883
2.7301
2.5812
2.4471
2.3327
2.2403
2.1693
2.1165
2.0777
2.0488
2.0267
2.0089
1.994
1.981
1.9692
1.9582
1.948
1.9382
1.9288
1.9197
1.911
1.9025
1.8943
1.8864
1.8787
1.8712
1.864
1.8569
1.85
1.8433
1.8368
1.8304
1.8241
1.8179
1.8119
1.806
1.8001
1.7944
1.7887
1.783
1.7774
1.7718
1.7663
1.7607
1.7551
1.7496
1.7439
1.7382
1.7324
1.7265
1.7205
1.7144
1.708
1.7015
1.6947
1.6876
1.6801
1.6723
1.664
1.6553
1.6459
1.6359
1.625
1.6133
1.6005
1.5865
1.5711
1.5542
1.5354
1.5145
1.4913
1.4654
1.4365
1.4044
1.3689
1.3299
1.2875
1.2418
1.1934
1.1429
1.0913
1.0394
.9881
.9382
.8904
.845
.8023
.7623
.7251
.6906
.6586
.629
.6016
.5762
.5527
.5309
.5106
.4918
.4742
.4578
.4425
.4281
.4146
.402
.39
.3788
.3682
.3582
.3488
.3398
.3313
.3232
.3155
.3082
.3012
.2946
.2883
.2822
.2764
.2708
.2655
.2604
.2555
.2508
.2463
.2419
.2378
.2337
.2298
.2261
.2225
.219
.2156
.2123
.2091
.2061
.2031
.2002
.1975
.1948
.1921
.1896
.1871
.1847
.1824
.1801
.1779
.1757
.1736
.1716
.1696
.1677
.1658
.1639
.1621
.1604
.1586
.157
.1553
.1537
.1521
.1506
.1491
.1476
.1462
.1448
.1434
.1421
.1407
.1395
.1382
.1369
.1357
.1345
.1333
.1322
.1311
.1299
.1289
.1278
.1267
.1257
.1247
.1237
.1227
.1217
.1208
.1198
.1189
.118
.1171
.1163
.1154
.1146
.1137
.1129
.1121
.1113
.1105
.1097
.109
.1082
.1075
.1067
.106
.1053
.1046
.1039
.1032
.1026
.1019
.1013
.1006
.1
.0993
.0987
.0981
.0975
.0969
.0963
.0957
.0952
.0946
.094
.0935
.0929
.0924
.0919
.0913
.0908
.0903
.0898
.0893
.0888
.0883
.0878
.0873
.0869
.0864
.0859
.0855
.085
.0846
.0841
.0837
.0832
.0828
.0824
.082
.0815
.0811
.0807
.0803
.0799
.0795
.0791
.0787
.0784
.078
.0776
.0772
.0769
.0765
.0761
.0758
.0754
.0751
.0747
.0744
.074
.0737
.0733
.073
.0727
.0723
.072
.0717
.0714
.0711
.0707
.0704
.0701
.0698
.0695
.0692
.0689
.0686
.0683
.068
.0678
.0675
.0672
.0669
.0666
.0664
.0661
.0658
.0655
.0653
.065
.0647
.0645
.0642
.064
.0637
.0635
.0632
.063
.0627
.0625
.0622
.062
.0617
.0615
.0613
.061
.0608
.0606
.0603
.0601
.0599
.0597
.0594
.0592
.059
.0588
.0586
.0584
.0582
.0579
.0577
.0575
.0573
.0571
.0569
.0567
.0565
.0563
.0561
.0559
.0557
.0555
.0553
.0551
.0549
.0548
.0546
.0544
.0542
.054
.0538
.0536
.0535
.0533
.0531
.0529
.0528
.0526
.0524
.0522
.0521
.0519
.0517
.0516
.0514
.0512
.0511
.0509
.0507
.0506
.0504
.0503
.0501
.0499
