4.3997
4.1498
3.9067
3.6763
3.457
3.2444
3.0368
2.8382
2.659
2.513
2.4079
2.3399
2.2982
2.272
2.254
2.2403
2.2286
2.2182
2.2084
2.1991
2.1902
2.1815
2.1732
2.1651
2.1572
2.1497
2.1424
2.1354
2.1286
2.1221
2.1157
2.1096
2.1037
2.098
2.0924
2.087
2.0818
2.0766
2.0715
2.0666
2.0617
2.0569
2.0522
2.0475
2.0428
2.0382
2.0336
2.029
2.0244
2.0198
2.0152
2.0106
2.0059
2.0013
1.9966
1.9918
1.987
1.9822
1.9773
1.9724
1.9674
1.9623
1.9572
1.9521
1.9469
1.9417
1.9364
1.931
1.9257
1.9203
1.9149
1.9094
1.904
1.8985
1.8931
1.8877
1.8823
1.8769
1.8715
1.8662
1.861
1.8557
1.8506
1.8455
1.8404
1.8354
1.8305
1.8257
1.8209
1.8162
1.8116
1.807
1.8026
1.7982
1.7939
1.7896
1.7855
1.7814
1.7773
1.7734
1.7695
1.7657
1.762
1.7583
1.7547
1.7512
1.7477
1.7442
1.7409
1.7376
1.7343
1.7311
1.728
1.7249
1.7218
1.7188
1.7159
1.7129
1.7101
1.7072
1.7044
1.7017
1.6989
1.6963
1.6936
1.691
1.6884
1.6858
1.6833
1.6808
1.6783
1.6759
1.6734
1.671
1.6686
1.6663
1.6639
1.6616
1.6593
1.657
1.6547
1.6525
1.6502
1.648
1.6458
1.6436
1.6414
1.6392
1.6371
1.6349
1.6328
1.6306
1.6285
1.6264
1.6243
1.6222
1.6201
1.618
1.6159
1.6138
1.6117
1.6097
1.6076
1.6055
1.6035
1.6014
1.5994
1.5973
1.5953
1.5932
1.5912
1.5891
1.5871
1.585
1.583
1.581
1.5789
1.5769
1.5748
1.5728
1.5708
1.5687
1.5667
1.5647
1.5626
1.5606
1.5585
1.5565
1.5545
1.5524
1.5504
1.5483
1.5463
1.5443
1.5422
1.5402
1.5382
1.5361
1.5341
1.5321
1.53
1.528
1.526
1.5239
1.5219
1.5199
1.5179
1.5158
1.5138
1.5118
1.5098
1.5078
1.5058
1.5038
1.5018
1.4998
1.4978
1.4959
1.4939
1.4919
1.49
1.488
1.486
1.4841
1.4822
1.4802
1.4783
1.4764
1.4745
1.4726
1.4707
1.4688
1.4669
1.4651
1.4632
1.4613
1.4595
1.4577
1.4559
1.454
1.4522
1.4505
1.4487
1.4469
1.4451
1.4434
1.4417
1.4399
1.4382
1.4365
1.4348
1.4332
1.4315
1.4298
1.4282
1.4266
1.4249
1.4233
1.4218
1.4202
1.4186
1.4171
1.4155
1.414
1.4125
1.411
1.4095
1.408
1.4066
1.4051
1.4037
1.4023
1.4009
1.3995
1.3982
1.3968
1.3955
1.3941
1.3928
1.3915
1.3902
1.389
1.3877
1.3865
1.3852
1.384
1.3828
1.3816
1.3805
1.3793
1.3782
1.377
1.3759
1.3748
1.3737
1.3727
1.3716
1.3706
1.3695
1.3685
1.3675
1.3665
1.3656
1.3646
1.3637
1.3627
1.3618
1.3609
1.36
1.3592
1.3583
1.3575
1.3566
1.3558
1.355
1.3542
1.3534
1.3527
1.3519
1.3512
1.3505
1.3497
1.349
1.3484
1.3477
1.347
1.3464
1.3457
1.3451
1.3445
1.3439
1.3433
1.3428
1.3422
1.3417
1.3411
1.3406
1.3401
1.3396
1.3391
1.3387
1.3382
1.3378
1.3373
1.3369
1.3365
1.3361
1.3357
1.3353
1.335
1.3346
1.3343
1.334
1.3336
1.3333
1.333
1.3328
1.3325
1.3322
1.332
1.3317
1.3315
1.3313
1.3311
1.3309
1.3307
1.3306
1.3304
1.3302
