4.7067
4.4525
4.1844
3.9196
3.666
3.4223
3.1841
2.9503
2.7279
2.5321
2.379
2.2748
2.2115
2.1751
2.154
2.1408
2.1318
2.1249
2.1192
2.1142
2.1095
2.105
2.1007
2.0965
2.0924
2.0882
2.0841
2.08
2.0759
2.0717
2.0675
2.0632
2.0589
2.0544
2.0498
2.045
2.0401
2.0349
2.0296
2.024
2.0182
2.0122
2.0059
1.9993
1.9924
1.9852
1.9778
1.9702
1.9622
1.9541
1.9457
1.9372
1.9285
1.9197
1.9108
1.9018
1.8929
1.8839
1.875
1.8661
1.8574
1.8488
1.8403
1.8319
1.8237
1.8157
1.8079
1.8003
1.7928
1.7855
1.7784
1.7714
1.7646
1.758
1.7514
1.745
1.7388
1.7326
1.7265
1.7204
1.7144
1.7085
1.7025
1.6966
1.6906
1.6845
1.6784
1.6722
1.6658
1.6593
1.6525
1.6455
1.6382
1.6305
1.6224
1.6139
1.6048
1.5951
1.5847
1.5734
1.5613
1.548
1.5336
1.5178
1.5005
1.4816
1.4608
1.438
1.4131
1.386
1.3566
1.325
1.2913
1.2556
1.2182
1.1796
1.14
1.0999
1.0599
1.0201
.9812
.9432
.9065
.8712
.8374
.8051
.7744
.7453
.7176
.6914
.6666
.6431
.6209
.5998
.5798
.5609
.5429
.5259
.5097
.4942
.4796
.4656
.4523
.4396
.4275
.416
.405
.3944
.3843
.3747
.3654
.3566
.3481
.3399
.3321
.3246
.3174
.3104
.3037
.2973
.2911
.2851
.2793
.2738
.2684
.2632
.2582
.2534
.2487
.2442
.2398
.2355
.2314
.2274
.2236
.2198
.2162
.2127
.2093
.2059
.2027
.1996
.1965
.1936
.1907
.1879
.1852
.1825
.1799
.1774
.1749
.1725
.1702
.1679
.1657
.1635
.1614
.1593
.1573
.1553
.1534
.1515
.1497
.1479
.1461
.1444
.1427
.1411
.1395
.1379
.1363
.1348
.1333
.1319
.1305
.1291
.1277
.1264
.125
.1238
.1225
.1212
.12
.1188
.1177
.1165
.1154
.1143
.1132
.1121
.1111
.11
.109
.108
.107
.1061
.1051
.1042
.1033
.1024
.1015
.1006
.0998
.0989
.0981
.0973
.0965
.0957
.0949
.0941
.0934
.0926
.0919
.0912
.0905
.0898
.0891
.0884
.0877
.087
.0864
.0857
.0851
.0845
.0839
.0833
.0827
.0821
.0815
.0809
.0803
.0798
.0792
.0787
.0781
.0776
.0771
.0766
.0761
.0755
.0751
.0746
.0741
.0736
.0731
.0726
.0722
.0717
.0713
.0708
.0704
.0699
.0695
.0691
.0687
.0683
.0678
.0674
.067
.0666
.0662
.0659
.0655
.0651
.0647
.0643
.064
.0636
.0633
.0629
.0625
.0622
.0619
.0615
.0612
.0608
.0605
.0602
.0599
.0595
.0592
.0589
.0586
.0583
.058
.0577
.0574
.0571
.0568
.0565
.0562
.0559
.0557
.0554
.0551
.0548
.0546
.0543
.054
.0538
.0535
.0532
.053
.0527
.0525
.0522
.052
.0517
.0515
.0513
.051
.0508
.0506
.0503
.0501
.0499
