4.5068
4.2855
4.0857
3.9164
3.7754
3.655
3.5476
3.4469
3.3485
3.2492
3.1472
3.0417
2.9337
2.8255
2.7214
2.626
2.5438
2.4771
2.4255
2.3866
2.3573
2.3346
2.3164
2.3012
2.2879
2.2761
2.2653
2.2553
2.2461
2.2375
2.2295
2.222
2.215
2.2085
2.2025
2.1969
2.1917
2.1868
2.1823
2.1781
2.1742
2.1705
2.1671
2.1638
2.1606
2.1576
2.1547
2.1517
2.1489
2.146
2.143
2.1399
2.1367
2.1333
2.1297
2.1258
2.1214
2.1167
2.1113
2.1053
2.0984
2.0905
2.0813
2.0707
2.0582
2.0436
2.0262
2.0057
1.9813
1.9525
1.9185
1.8788
1.8328
1.7804
1.7219
1.6581
1.5904
1.5203
1.4498
1.3804
1.3134
1.2497
1.1899
1.1341
1.0825
1.0349
.9911
.9509
.914
.8801
.8489
.8202
.7938
.7695
.7469
.7261
.7067
.6887
.672
.6563
.6417
.628
.6152
.6031
.5917
.581
.5709
.5613
.5522
.5436
.5354
.5276
.5202
.5131
.5064
.4999
.4937
.4878
.4822
.4767
.4715
.4665
.4616
.457
.4525
.4482
.444
.44
.436
.4323
.4286
.4251
.4216
.4183
.4151
.4119
.4089
.4059
.403
.4002
.3975
.3948
.3922
.3896
.3872
.3847
.3824
.3801
.3778
.3756
.3734
.3713
.3692
.3672
.3652
.3632
.3613
.3594
.3575
.3557
.3539
.3522
.3504
.3487
.347
.3454
.3437
.3421
.3405
.3389
.3374
.3358
.3343
.3328
.3313
.3299
.3284
.327
.3256
.3241
.3227
.3213
.32
.3186
.3172
.3159
.3145
.3132
.3119
.3106
.3092
.3079
.3066
.3053
.304
.3027
.3014
.3001
.2989
.2976
.2963
.295
.2937
.2924
.2911
.2899
.2886
.2873
.286
.2847
.2834
.2821
.2808
.2795
.2782
.2768
.2755
.2742
.2728
.2715
.2701
.2688
.2674
.266
.2647
.2633
.2619
.2605
.2591
.2577
.2562
.2548
.2533
.2519
.2504
.249
.2475
.246
.2445
.243
.2415
.24
.2385
.2369
.2354
.2338
.2323
.2307
.2292
.2276
.226
.2245
.2229
.2213
.2197
.2181
.2165
.2149
.2134
.2118
.2102
.2086
.207
.2054
.2039
.2023
.2007
.1992
.1976
.1961
.1946
.193
.1915
.19
.1885
.187
.1855
.1841
.1826
.1812
.1797
.1783
.1769
.1755
.1741
.1728
.1714
.1701
.1688
.1675
.1662
.1649
.1636
.1624
.1612
.16
.1588
.1576
.1564
.1552
.1541
.153
.1519
.1508
.1497
.1486
.1476
.1465
.1455
.1445
.1435
.1425
.1416
.1406
.1397
.1387
.1378
.1369
.136
.1351
.1342
.1334
.1325
.1317
.1309
.1301
.1293
.1285
.1277
.1269
.1261
.1254
.1246
.1239
.1232
.1225
.1217
.121
.1204
.1197
.119
.1183
.1177
.117
.1164
.1157
.1151
.1145
.1139
.1133
.1127
.1121
.1115
.1109
.1103
.1098
.1092
.1086
.1081
.1075
.107
.1065
.1059
.1054
.1049
.1044
.1039
.1034
.1029
.1024
.1019
.1014
.1009
.1005
.1
.0995
.0991
.0986
.0982
.0977
.0973
.0968
.0964
.096
.0956
.0951
.0947
.0943
.0939
.0935
.0931
.0927
.0923
.0919
.0915
.0911
.0907
.0903
.09
.0896
.0892
.0889
.0885
.0881
.0878
.0874
.0871
.0867
.0864
.086
.0857
.0853
.085
.0847
.0843
.084
.0837
.0833
.083
.0827
.0824
.0821
.0818
.0815
.0811
.0808
.0805
.0802
.0799
.0796
.0793
.0791
.0788
.0785
.0782
.0779
.0776
.0773
.0771
.0768
.0765
.0762
.076
.0757
.0754
.0752
.0749
.0746
.0744
.0741
.0739
.0736
.0734
.0731
.0729
.0726
.0724
.0721
.0719
.0716
.0714
.0711
.0709
.0707
.0704
.0702
.07
.0697
.0695
.0693
.0691
.0688
.0686
.0684
.0682
.068
.0677
.0675
.0673
.0671
.0669
.0667
.0665
.0663
.066
.0658
.0656
.0654
.0652
.065
.0648
.0646
.0644
.0642
.064
.0638
.0636
.0635
.0633
.0631
.0629
.0627
.0625
.0623
.0621
.062
.0618
.0616
.0614
.0612
.061
.0609
.0607
.0605
.0603
.0602
.06
.0598
.0596
.0595
.0593
.0591
.059
.0588
.0586
.0585
.0583
.0581
.058
.0578
.0577
.0575
.0573
.0572
.057
.0569
.0567
.0566
.0564
.0563
.0561
.0559
.0558
.0556
.0555
.0553
.0552
.0551
.0549
.0548
.0546
.0545
.0543
.0542
.054
.0539
.0538
.0536
.0535
.0533
.0532
.0531
.0529
.0528
.0527
.0525
.0524
.0522
.0521
.052
.0519
.0517
.0516
.0515
.0513
.0512
.0511
.0509
.0508
.0507
.0506
.0504
.0503
.0502
.0501
.0499
