3.9141
3.7816
3.6602
3.5432
3.4257
3.304
3.176
3.0413
2.9016
2.7617
2.6296
2.5147
2.4236
2.3576
2.3122
2.281
2.2586
2.2413
2.227
2.2144
2.2028
2.192
2.1816
2.1715
2.1616
2.1519
2.1422
2.1327
2.1232
2.1138
2.1044
2.095
2.0857
2.0764
2.0672
2.0581
2.049
2.0399
2.031
2.0221
2.0133
2.0046
1.996
1.9875
1.9791
1.9707
1.9625
1.9545
1.9465
1.9387
1.931
1.9234
1.916
1.9088
1.9016
1.8946
1.8878
1.8811
1.8746
1.8682
1.862
1.8559
1.8499
1.8441
1.8384
1.8329
1.8275
1.8222
1.817
1.812
1.8071
1.8023
1.7976
1.793
1.7886
1.7842
1.7799
1.7757
1.7717
1.7677
1.7638
1.7599
1.7562
1.7525
1.7489
1.7454
1.7419
1.7386
1.7352
1.732
1.7288
1.7256
1.7226
1.7195
1.7166
1.7136
1.7108
1.708
1.7052
1.7024
1.6998
1.6971
1.6945
1.6919
1.6894
1.6869
1.6845
1.6821
1.6797
1.6773
1.675
1.6727
1.6704
1.6682
1.666
1.6638
1.6617
1.6596
1.6574
1.6554
1.6533
1.6513
1.6493
1.6473
1.6453
1.6433
1.6414
1.6395
1.6376
1.6357
1.6338
1.632
1.6301
1.6283
1.6265
1.6247
1.6229
1.6211
1.6193
1.6176
1.6158
1.6141
1.6123
1.6106
1.6089
1.6072
1.6055
1.6038
1.6021
1.6004
1.5987
1.597
1.5954
1.5937
1.592
1.5903
1.5887
1.587
1.5853
1.5837
1.582
1.5803
1.5786
1.577
1.5753
1.5736
1.5719
1.5702
1.5685
1.5668
1.5651
1.5634
1.5616
1.5599
1.5582
1.5564
1.5546
1.5528
1.551
1.5492
1.5474
1.5456
1.5437
1.5418
1.54
1.538
1.5361
1.5342
1.5322
1.5302
1.5282
1.5261
1.524
1.5219
1.5198
1.5176
1.5154
1.5132
1.5109
1.5086
1.5062
1.5038
1.5013
1.4988
1.4963
1.4937
1.491
1.4882
1.4854
1.4825
1.4796
1.4765
1.4734
1.4702
1.4668
1.4634
1.4598
1.4561
1.4523
1.4483
1.4442
1.4399
1.4354
1.4306
1.4257
1.4205
1.415
1.4092
1.403
1.3965
1.3896
1.3822
1.3743
1.3658
1.3566
1.3467
1.3361
1.3245
1.3119
1.2982
1.2833
1.267
1.2491
1.2296
1.2083
1.1851
1.1599
1.1327
1.1035
1.0724
1.0396
1.0054
.9702
.9344
.8985
.863
.8283
.7948
.7627
.7323
.7036
.6768
.6517
.6283
.6066
.5865
.5677
.5503
.5341
.5191
.505
.4919
.4796
.4681
.4573
.4472
.4376
.4285
.42
.4119
.4042
.3968
.3899
.3832
.3768
.3707
.3648
.3592
.3537
.3485
.3435
.3386
.3338
.3292
.3248
.3204
.3162
.3121
.3081
.3041
.3003
.2965
.2928
.2892
.2856
.2821
.2787
.2753
.2719
.2686
.2653
.2621
.2589
.2557
.2526
.2495
.2464
.2433
.2403
.2373
.2343
.2313
.2284
.2255
.2226
.2197
.2168
.214
.2112
.2084
.2056
.2028
.2001
.1974
.1947
.1921
.1894
.1868
.1842
.1817
.1792
.1767
.1742
.1718
.1694
.1671
.1647
.1625
.1602
.158
.1558
.1537
.1516
.1495
.1475
.1455
.1436
.1417
.1398
.138
.1362
.1344
.1327
.131
.1293
.1277
.1261
.1246
.1231
.1216
.1201
.1187
.1173
.116
.1146
.1133
.1121
.1108
.1096
.1084
.1073
.1061
.105
.1039
.1028
.1018
.1008
.0998
.0988
.0978
.0969
.096
.095
.0942
.0933
.0924
.0916
.0908
.09
.0892
.0884
.0877
.0869
.0862
.0855
.0848
.0841
.0834
.0827
.0821
.0814
.0808
.0802
.0796
.079
.0784
.0778
.0772
.0767
.0761
.0756
.075
.0745
.074
.0735
.073
.0725
.072
.0715
.071
.0706
.0701
.0697
.0692
.0688
.0684
.0679
.0675
.0671
.0667
.0663
.0659
.0655
.0651
.0647
.0644
.064
.0636
.0633
.0629
.0626
.0622
.0619
.0615
.0612
.0609
.0606
.0602
.0599
.0596
.0593
.059
.0587
.0584
.0581
.0578
.0575
.0572
.057
.0567
.0564
.0561
.0559
.0556
.0554
.0551
.0548
.0546
.0543
.0541
.0538
.0536
.0534
.0531
.0529
.0527
.0524
.0522
.052
.0518
.0515
.0513
.0511
.0509
.0507
.0505
.0503
.0501
.0499
