4.5342
4.2349
3.8905
3.5235
3.1628
2.8362
2.5667
2.3693
2.2431
2.1712
2.1327
2.112
2.1
2.0924
2.087
2.0825
2.0786
2.075
2.0716
2.0682
2.065
2.0617
2.0585
2.0553
2.0521
2.0489
2.0458
2.0426
2.0394
2.0362
2.033
2.0298
2.0266
2.0233
2.02
2.0166
2.0132
2.0098
2.0063
2.0027
1.9991
1.9955
1.9917
1.988
1.9841
1.9802
1.9762
1.9722
1.9681
1.964
1.9598
1.9555
1.9512
1.9469
1.9425
1.938
1.9336
1.9291
1.9245
1.9199
1.9153
1.9107
1.9061
1.9014
1.8968
1.8921
1.8874
1.8828
1.8781
1.8735
1.8688
1.8642
1.8595
1.8549
1.8504
1.8458
1.8412
1.8367
1.8322
1.8278
1.8233
1.8189
1.8145
1.8101
1.8058
1.8015
1.7972
1.7929
1.7887
1.7845
1.7803
1.7762
1.772
1.7679
1.7638
1.7597
1.7556
1.7515
1.7474
1.7433
1.7392
1.7352
1.731
1.7269
1.7228
1.7186
1.7144
1.7101
1.7058
1.7015
1.697
1.6925
1.6879
1.6832
1.6783
1.6733
1.6682
1.6628
1.6573
1.6516
1.6455
1.6392
1.6326
1.6256
1.6181
1.6102
1.6017
1.5927
1.5829
1.5724
1.561
1.5486
1.5352
1.5205
1.5045
1.487
1.468
1.4473
1.4248
1.4005
1.3744
1.3466
1.3171
1.2861
1.2539
1.2208
1.187
1.153
1.1191
1.0855
1.0525
1.0202
.9889
.9585
.9293
.9011
.8741
.8481
.8231
.7991
.7761
.754
.7327
.7122
.6925
.6736
.6553
.6377
.6208
.6045
.5887
.5735
.5589
.5447
.5311
.5179
.5052
.493
.4812
.4698
.4588
.4482
.438
.4281
.4186
.4094
.4005
.392
.3837
.3757
.368
.3606
.3534
.3464
.3397
.3332
.3269
.3209
.315
.3093
.3037
.2984
.2932
.2882
.2833
.2786
.274
.2695
.2652
.261
.2569
.253
.2491
.2454
.2417
.2382
.2347
.2313
.228
.2248
.2217
.2187
.2157
.2128
.21
.2073
.2046
.202
.1994
.1969
.1944
.1921
.1897
.1874
.1852
.183
.1809
.1788
.1767
.1747
.1728
.1708
.169
.1671
.1653
.1635
.1618
.1601
.1584
.1568
.1552
.1536
.152
.1505
.149
.1476
.1461
.1447
.1433
.142
.1406
.1393
.138
.1368
.1355
.1343
.1331
.1319
.1307
.1296
.1285
.1273
.1263
.1252
.1241
.1231
.1221
.121
.1201
.1191
.1181
.1172
.1162
.1153
.1144
.1135
.1126
.1118
.1109
.1101
.1092
.1084
.1076
.1068
.106
.1052
.1045
.1037
.103
.1022
.1015
.1008
.1001
.0994
.0987
.098
.0974
.0967
.0961
.0954
.0948
.0942
.0935
.0929
.0923
.0917
.0911
.0906
.09
.0894
.0888
.0883
.0877
.0872
.0867
.0861
.0856
.0851
.0846
.0841
.0836
.0831
.0826
.0821
.0816
.0812
.0807
.0802
.0798
.0793
.0789
.0784
.078
.0775
.0771
.0767
.0763
.0759
.0754
.075
.0746
.0742
.0738
.0735
.0731
.0727
.0723
.0719
.0716
.0712
.0708
.0705
.0701
.0697
.0694
.0691
.0687
.0684
.068
.0677
.0674
.067
.0667
.0664
.0661
.0658
.0654
.0651
.0648
.0645
.0642
.0639
.0636
.0633
.063
.0627
.0625
.0622
.0619
.0616
.0613
.0611
.0608
.0605
.0602
.06
.0597
.0595
.0592
.0589
.0587
.0584
.0582
.0579
.0577
.0574
.0572
.057
.0567
.0565
.0563
.056
.0558
.0556
.0553
.0551
.0549
.0547
.0544
.0542
.054
.0538
.0536
.0534
.0532
.053
.0527
.0525
.0523
.0521
.0519
.0517
.0515
.0513
.0511
.0509
.0508
.0506
.0504
.0502
.05
