4.8083
4.5712
4.321
4.0846
3.8798
3.7087
3.5639
3.4368
3.3202
3.2093
3.1013
2.9948
2.8898
2.788
2.6921
2.6054
2.531
2.4704
2.423
2.387
2.3598
2.3387
2.3218
2.3076
2.2952
2.284
2.2735
2.2636
2.254
2.2448
2.2357
2.2269
2.2183
2.2099
2.2016
2.1935
2.1855
2.1777
2.1701
2.1626
2.1552
2.148
2.1409
2.134
2.1271
2.1203
2.1136
2.1069
2.1003
2.0937
2.0871
2.0804
2.0737
2.067
2.0602
2.0534
2.0464
2.0394
2.0323
2.0251
2.0179
2.0105
2.003
1.9955
1.9878
1.9801
1.9724
1.9645
1.9566
1.9487
1.9407
1.9327
1.9246
1.9165
1.9084
1.9002
1.892
1.8838
1.8756
1.8673
1.859
1.8506
1.8422
1.8337
1.8251
1.8164
1.8076
1.7987
1.7895
1.7802
1.7706
1.7607
1.7505
1.7398
1.7287
1.7171
1.7048
1.6919
1.6781
1.6634
1.6476
1.6306
1.6122
1.5924
1.5709
1.5475
1.5222
1.4949
1.4655
1.4341
1.4006
1.3654
1.3287
1.2907
1.252
1.2127
1.1735
1.1345
1.0962
1.0587
1.0224
.9872
.9534
.9209
.8898
.8601
.8317
.8047
.7789
.7543
.7309
.7086
.6874
.6671
.6478
.6293
.6117
.5949
.5789
.5635
.5488
.5348
.5213
.5084
.4961
.4842
.4729
.4619
.4514
.4414
.4317
.4223
.4133
.4047
.3963
.3883
.3805
.373
.3658
.3588
.352
.3455
.3392
.333
.3271
.3214
.3158
.3104
.3052
.3001
.2952
.2904
.2858
.2813
.2769
.2726
.2685
.2644
.2605
.2567
.253
.2493
.2458
.2424
.239
.2357
.2325
.2294
.2264
.2234
.2205
.2177
.2149
.2122
.2096
.207
.2045
.202
.1996
.1973
.1949
.1927
.1905
.1883
.1862
.1841
.1821
.1801
.1781
.1762
.1743
.1725
.1707
.1689
.1672
.1655
.1638
.1622
.1605
.159
.1574
.1559
.1544
.1529
.1515
.15
.1486
.1473
.1459
.1446
.1433
.142
.1407
.1395
.1383
.1371
.1359
.1347
.1336
.1325
.1314
.1303
.1292
.1281
.1271
.1261
.1251
.1241
.1231
.1221
.1212
.1202
.1193
.1184
.1175
.1166
.1157
.1149
.114
.1132
.1124
.1116
.1108
.11
.1092
.1084
.1076
.1069
.1062
.1054
.1047
.104
.1033
.1026
.1019
.1012
.1006
.0999
.0992
.0986
.098
.0973
.0967
.0961
.0955
.0949
.0943
.0937
.0931
.0926
.092
.0914
.0909
.0904
.0898
.0893
.0888
.0882
.0877
.0872
.0867
.0862
.0857
.0852
.0847
.0843
.0838
.0833
.0829
.0824
.0819
.0815
.0811
.0806
.0802
.0798
.0793
.0789
.0785
.0781
.0777
.0773
.0769
.0765
.0761
.0757
.0753
.0749
.0745
.0742
.0738
.0734
.0731
.0727
.0724
.072
.0716
.0713
.071
.0706
.0703
.0699
.0696
.0693
.069
.0686
.0683
.068
.0677
.0674
.0671
.0668
.0665
.0662
.0659
.0656
.0653
.065
.0647
.0644
.0641
.0638
.0636
.0633
.063
.0628
.0625
.0622
.062
.0617
.0614
.0612
.0609
.0607
.0604
.0602
.0599
.0597
.0594
.0592
.0589
.0587
.0585
.0582
.058
.0578
.0575
.0573
.0571
.0569
.0566
.0564
.0562
.056
.0558
.0555
.0553
.0551
.0549
.0547
.0545
.0543
.0541
.0539
.0537
.0535
.0533
.0531
.0529
.0527
.0525
.0523
.0521
.0519
.0518
.0516
.0514
.0512
.051
.0508
.0507
.0505
.0503
.0501
.05
