4.5271
4.2845
4.0722
3.8979
3.7553
3.6345
3.5276
3.4297
3.3378
3.2506
3.1677
3.0889
3.014
2.9431
2.8757
2.8115
2.7499
2.6905
2.6328
2.5766
2.5222
2.4699
2.4206
2.3752
2.3344
2.2985
2.2675
2.2405
2.2168
2.1954
2.1755
2.1565
2.1378
2.1194
2.101
2.0826
2.0642
2.0461
2.0282
2.0107
1.9938
1.9774
1.9616
1.9466
1.9323
1.9188
1.906
1.8939
1.8825
1.8718
1.8617
1.8522
1.8432
1.8347
1.8266
1.819
1.8117
1.8047
1.7981
1.7916
1.7854
1.7794
1.7735
1.7677
1.762
1.7563
1.7507
1.7451
1.7394
1.7336
1.7277
1.7217
1.7154
1.709
1.7022
1.6951
1.6876
1.6795
1.671
1.6617
1.6517
1.6408
1.6288
1.6156
1.6009
1.5846
1.5663
1.5458
1.5227
1.4966
1.4672
1.4341
1.3969
1.3555
1.3099
1.2603
1.2072
1.1513
1.0938
1.0357
.9781
.9222
.8686
.8179
.7704
.7263
.6854
.6478
.6132
.5814
.5521
.5253
.5005
.4777
.4567
.4373
.4193
.4026
.3871
.3726
.3591
.3465
.3347
.3237
.3133
.3036
.2944
.2857
.2775
.2698
.2624
.2554
.2488
.2425
.2366
.2309
.2254
.2202
.2153
.2105
.206
.2016
.1974
.1934
.1896
.1859
.1823
.1789
.1756
.1724
.1693
.1664
.1635
.1607
.158
.1555
.153
.1505
.1482
.1459
.1437
.1415
.1395
.1374
.1355
.1336
.1317
.1299
.1282
.1264
.1248
.1232
.1216
.12
.1185
.1171
.1157
.1143
.1129
.1116
.1103
.109
.1078
.1066
.1054
.1042
.1031
.102
.1009
.0998
.0988
.0978
.0968
.0958
.0948
.0939
.093
.0921
.0912
.0903
.0895
.0886
.0878
.087
.0862
.0854
.0847
.0839
.0832
.0825
.0818
.0811
.0804
.0797
.079
.0784
.0777
.0771
.0765
.0759
.0753
.0747
.0741
.0735
.073
.0724
.0719
.0713
.0708
.0703
.0697
.0692
.0687
.0682
.0677
.0673
.0668
.0663
.0659
.0654
.065
.0645
.0641
.0637
.0632
.0628
.0624
.062
.0616
.0612
.0608
.0604
.06
.0597
.0593
.0589
.0586
.0582
.0578
.0575
.0571
.0568
.0565
.0561
.0558
.0555
.0552
.0548
.0545
.0542
.0539
.0536
.0533
.053
.0527
.0524
.0521
.0518
.0516
.0513
.051
.0507
.0505
.0502
.0499
