4.199
3.9083
3.6214
3.3579
3.1273
2.9314
2.77
2.6422
2.5471
2.4812
2.4389
2.4134
2.3987
2.3904
2.3855
2.3825
2.3802
2.3782
2.3763
2.3744
2.3723
2.3702
2.368
2.3657
2.3633
2.3609
2.3585
2.3561
2.3537
2.3513
2.3488
2.3465
2.3441
2.3417
2.3394
2.3371
2.3349
2.3326
2.3304
2.3281
2.3259
2.3237
2.3215
2.3194
2.3172
2.315
2.3128
2.3106
2.3084
2.3062
2.3039
2.3016
2.2993
2.2969
2.2945
2.292
2.2895
2.2869
2.2842
2.2814
2.2785
2.2755
2.2725
2.2692
2.2659
2.2625
2.2589
2.2551
2.2513
2.2472
2.2431
2.2388
2.2343
2.2297
2.2249
2.2201
2.2151
2.2099
2.2047
2.1994
2.194
2.1885
2.1829
2.1773
2.1717
2.166
2.1604
2.1547
2.149
2.1434
2.1378
2.1323
2.1268
2.1213
2.116
2.1107
2.1055
2.1003
2.0953
2.0903
2.0855
2.0807
2.076
2.0714
2.0669
2.0626
2.0583
2.0541
2.05
2.046
2.0421
2.0383
2.0345
2.0309
2.0274
2.0239
2.0205
2.0172
2.014
2.0109
2.0078
2.0048
2.0019
1.9991
1.9963
1.9936
1.9909
1.9884
1.9858
1.9834
1.981
1.9786
1.9763
1.9741
1.9719
1.9698
1.9677
1.9656
1.9636
1.9617
1.9597
1.9579
1.956
1.9542
1.9525
1.9507
1.949
1.9474
1.9458
1.9442
1.9426
1.9411
1.9396
1.9381
1.9367
1.9353
1.9339
1.9325
1.9312
1.9299
1.9286
1.9273
1.926
1.9248
1.9236
1.9224
1.9213
1.9201
1.919
1.9179
1.9168
1.9157
1.9147
1.9136
1.9126
1.9116
1.9106
1.9096
1.9086
1.9077
1.9068
1.9058
1.9049
1.904
1.9031
1.9023
1.9014
1.9006
1.8997
1.8989
1.8981
1.8973
1.8965
1.8957
1.8949
1.8942
1.8934
1.8927
1.8919
1.8912
1.8905
1.8898
1.8891
1.8884
1.8877
1.887
1.8863
1.8857
1.885
1.8844
1.8837
1.8831
1.8825
1.8818
1.8812
1.8806
1.88
1.8794
1.8788
1.8782
1.8777
1.8771
1.8765
1.876
1.8754
1.8749
1.8743
1.8738
1.8733
1.8727
1.8722
1.8717
1.8712
1.8707
1.8702
1.8697
1.8692
1.8687
1.8682
1.8677
1.8672
1.8668
1.8663
1.8658
1.8654
1.8649
1.8644
1.864
1.8635
1.8631
1.8627
1.8622
1.8618
1.8614
1.8609
1.8605
1.8601
1.8597
1.8593
1.8589
1.8584
1.858
1.8576
1.8572
1.8568
1.8565
1.8561
1.8557
1.8553
1.8549
1.8545
1.8542
1.8538
1.8534
1.853
1.8527
1.8523
1.852
1.8516
1.8512
1.8509
1.8505
1.8502
1.8498
1.8495
1.8491
1.8488
1.8485
1.8481
1.8478
1.8475
1.8471
1.8468
1.8465
1.8462
1.8458
1.8455
1.8452
1.8449
1.8446
1.8442
1.8439
1.8436
1.8433
1.843
1.8427
1.8424
1.8421
1.8418
1.8415
1.8412
1.8409
1.8406
1.8403
1.84
1.8397
1.8394
1.8391
1.8388
1.8386
1.8383
1.838
1.8377
1.8374
1.8371
1.8369
1.8366
1.8363
1.836
1.8358
1.8355
1.8352
1.8349
1.8347
1.8344
1.8341
1.8339
1.8336
1.8333
1.8331
1.8328
1.8325
1.8323
1.832
1.8318
1.8315
1.8312
1.831
1.8307
1.8305
1.8302
1.83
1.8297
1.8294
1.8292
1.8289
1.8287
1.8284
1.8282
1.8279
1.8277
1.8274
1.8272
1.8269
1.8267
1.8264
1.8262
1.8259
1.8257
1.8254
1.8252
1.8249
1.8247
1.8244
1.8242
1.8239
1.8237
1.8234
1.8232
1.8229
1.8227
1.8224
1.8222
1.8219
1.8217
1.8214
1.8212
1.8209
1.8207
1.8204
1.8201
1.8199
1.8196
1.8194
1.8191
1.8189
1.8186
1.8183
1.8181
1.8178
1.8176
1.8173
1.817
1.8168
1.8165
1.8162
1.8159
1.8157
1.8154
1.8151
1.8148
1.8146
1.8143
1.814
1.8137
1.8134
1.8131
1.8128
1.8125
1.8122
1.8119
1.8116
1.8113
1.811
1.8107
1.8104
1.81
1.8097
1.8094
1.809
1.8087
1.8083
1.808
1.8076
1.8073
1.8069
1.8065
1.8061
1.8057
1.8053
1.8049
1.8045
1.8041
1.8037
1.8032
1.8028
1.8023
1.8018
1.8014
1.8009
1.8003
1.7998
1.7993
1.7987
1.7982
1.7976
1.797
1.7963
1.7957
1.795
1.7943
1.7936
1.7928
1.792
1.7912
1.7904
1.7895
1.7886
1.7876
1.7866
1.7855
1.7844
1.7832
1.782
1.7807
1.7793
1.7778
1.7762
1.7746
1.7728
1.7709
1.7689
1.7667
1.7644
1.7619
1.7591
1.7562
1.753
1.7495
1.7457
1.7416
1.737
1.732
1.7265
1.7204
1.7136
1.706
1.6976
1.6881
1.6776
1.6657
1.6524
1.6374
1.6206
1.6017
1.5806
1.5571
1.5311
1.5025
1.4714
1.4378
1.4021
1.3646
1.3256
1.2858
1.2456
1.2055
1.1659
1.1272
1.0897
1.0536
1.019
.986
.9546
.9249
.8969
.8703
.8453
.8217
.7994
.7783
.7584
.7396
.7218
.7049
.6889
.6737
.6592
.6454
.6322
.6196
.6075
.596
.5849
.5743
.564
.5542
.5447
.5355
.5266
.518
.5097
.5017
.4938
.4862
.4788
.4717
.4647
.4578
.4512
.4447
.4384
.4322
.4261
.4202
.4144
.4088
.4032
.3978
.3925
.3873
.3822
.3772
.3722
.3674
.3627
.3581
.3535
.3491
.3447
.3404
.3362
.332
.328
.324
.3201
.3163
.3125
.3088
.3052
.3016
.2982
.2947
.2914
.2881
.2849
.2817
.2786
.2756
.2726
.2697
.2668
.264
.2612
.2585
.2558
.2532
.2507
.2482
.2457
.2433
.2409
.2386
.2363
.234
.2318
.2297
.2276
.2255
.2234
.2214
.2194
.2175
.2156
.2137
.2119
.2101
.2083
.2065
.2048
.2031
.2014
.1998
.1982
.1966
.195
.1935
.192
.1905
.189
.1876
.1861
.1847
.1834
.182
.1807
.1793
.178
.1767
.1755
.1742
.173
.1718
.1706
.1694
.1682
.1671
.166
.1648
.1637
.1627
.1616
.1605
.1595
.1584
.1574
.1564
.1554
.1544
.1535
.1525
.1515
.1506
.1497
.1488
.1479
.147
.1461
.1452
.1444
.1435
.1427
.1418
.141
.1402
.1394
.1386
.1378
.137
.1363
.1355
.1347
.134
.1333
.1325
.1318
.1311
.1304
.1297
.129
.1283
.1276
.1269
.1263
.1256
.125
.1243
.1237
.1231
.1224
.1218
.1212
.1206
.12
.1194
.1188
.1182
.1176
.1171
.1165
.1159
.1154
.1148
.1143
.1137
.1132
.1126
.1121
.1116
.1111
.1106
.11
.1095
.109
.1085
.108
.1076
.1071
.1066
.1061
.1056
.1052
.1047
.1043
.1038
.1033
.1029
.1025
.102
.1016
.1011
.1007
.1003
.0999
.0994
.099
.0986
.0982
.0978
.0974
.097
.0966
.0962
.0958
.0954
.095
.0946
.0943
.0939
.0935
.0931
.0928
.0924
.092
.0917
.0913
.091
.0906
.0903
.0899
.0896
.0892
.0889
.0886
.0882
.0879
.0876
.0872
.0869
.0866
.0863
.0859
.0856
.0853
.085
.0847
.0844
.0841
.0838
.0835
.0832
.0829
.0826
.0823
.082
.0817
.0814
.0811
.0808
.0806
.0803
.08
.0797
.0794
.0792
.0789
.0786
.0784
.0781
.0778
.0776
.0773
.077
.0768
.0765
.0763
.076
.0758
.0755
.0753
.075
.0748
.0745
.0743
.0741
.0738
.0736
.0733
.0731
.0729
.0726
.0724
.0722
.0719
.0717
.0715
.0713
.071
.0708
.0706
.0704
.0702
.07
.0697
.0695
.0693
.0691
.0689
.0687
.0685
.0683
.0681
.0679
.0676
.0674
.0672
.067
.0668
.0666
.0665
.0663
.0661
.0659
.0657
.0655
.0653
.0651
.0649
.0647
.0645
.0644
.0642
.064
.0638
.0636
.0634
.0633
.0631
.0629
.0627
.0626
.0624
.0622
.062
.0619
.0617
.0615
.0613
.0612
.061
.0608
.0607
.0605
.0603
.0602
.06
.0599
.0597
.0595
.0594
.0592
.0591
.0589
.0587
.0586
.0584
.0583
.0581
.058
.0578
.0577
.0575
.0574
.0572
.0571
.0569
.0568
.0566
.0565
.0563
.0562
.0561
.0559
.0558
.0556
.0555
.0553
.0552
.0551
.0549
.0548
.0547
.0545
.0544
.0542
.0541
.054
.0538
.0537
.0536
.0535
.0533
.0532
.0531
.0529
.0528
.0527
.0525
.0524
.0523
.0522
.052
.0519
.0518
.0517
.0515
.0514
.0513
.0512
.0511
.0509
.0508
.0507
.0506
.0505
.0503
.0502
.0501
.05
