4.4412
4.2064
4.0174
3.8715
3.7557
3.6578
3.5697
3.4864
3.4049
3.3237
3.242
3.1601
3.0786
2.9985
2.9211
2.8478
2.7798
2.7181
2.6634
2.6158
2.5753
2.5411
2.5124
2.488
2.4668
2.4478
2.43
2.4128
2.3955
2.3778
2.3595
2.3406
2.321
2.3009
2.2806
2.2603
2.2403
2.221
2.2024
2.1849
2.1685
2.1533
2.1393
2.1265
2.1148
2.1042
2.0946
2.0858
2.0779
2.0707
2.0641
2.0581
2.0526
2.0475
2.0429
2.0385
2.0345
2.0308
2.0272
2.0239
2.0208
2.0179
2.0151
2.0124
2.0098
2.0074
2.005
2.0027
2.0004
1.9983
1.9961
1.994
1.992
1.99
1.988
1.986
1.984
1.9821
1.9802
1.9782
1.9763
1.9744
1.9724
1.9705
1.9686
1.9666
1.9646
1.9627
1.9607
1.9587
1.9566
1.9546
1.9525
1.9505
1.9484
1.9463
1.9441
1.942
1.9398
1.9376
1.9354
1.9332
1.931
1.9287
1.9264
1.9241
1.9218
1.9195
1.9172
1.9148
1.9125
1.9101
1.9077
1.9053
1.9028
1.9004
1.8979
1.8955
1.893
1.8905
1.8879
1.8854
1.8828
1.8802
1.8776
1.875
1.8724
1.8697
1.867
1.8643
1.8615
1.8587
1.8559
1.8531
1.8502
1.8473
1.8443
1.8413
1.8383
1.8352
1.832
1.8288
1.8256
1.8222
1.8189
1.8154
1.8118
1.8082
1.8045
1.8007
1.7968
1.7928
1.7886
1.7843
1.7799
1.7753
1.7705
1.7655
1.7603
1.7548
1.749
1.7429
1.7365
1.7296
1.7222
1.7143
1.7057
1.6963
1.6861
1.6749
1.6625
1.6488
1.6336
1.6165
1.5975
1.576
1.552
1.5249
1.4944
1.4603
1.4223
1.3804
1.3344
1.2847
1.2319
1.1765
1.1196
1.062
1.0047
.9487
.8945
.8428
.7938
.7478
.7048
.6649
.6278
.5936
.562
.5329
.506
.4812
.4584
.4373
.4178
.3997
.383
.3675
.3531
.3397
.3271
.3155
.3045
.2943
.2847
.2757
.2672
.2592
.2517
.2445
.2378
.2314
.2253
.2196
.2141
.2089
.204
.1993
.1947
.1904
.1863
.1824
.1786
.175
.1715
.1681
.1649
.1618
.1589
.156
.1532
.1506
.148
.1455
.1431
.1408
.1386
.1364
.1343
.1323
.1303
.1284
.1265
.1247
.123
.1213
.1196
.118
.1164
.1149
.1134
.112
.1106
.1092
.1079
.1066
.1053
.1041
.1028
.1017
.1005
.0994
.0983
.0972
.0962
.0951
.0941
.0931
.0922
.0912
.0903
.0894
.0885
.0876
.0868
.0859
.0851
.0843
.0835
.0828
.082
.0813
.0805
.0798
.0791
.0784
.0777
.0771
.0764
.0758
.0751
.0745
.0739
.0733
.0727
.0721
.0716
.071
.0704
.0699
.0693
.0688
.0683
.0678
.0673
.0668
.0663
.0658
.0653
.0649
.0644
.064
.0635
.0631
.0626
.0622
.0618
.0614
.0609
.0605
.0601
.0597
.0593
.059
.0586
.0582
.0578
.0575
.0571
.0567
.0564
.056
.0557
.0554
.055
.0547
.0544
.0541
.0537
.0534
.0531
.0528
.0525
.0522
.0519
.0516
.0513
.051
.0507
.0505
.0502
.0499
