3.9332
3.8178
3.7099
3.6016
3.4857
3.3559
3.206
3.0326
2.8376
2.6345
2.4495
2.3081
2.2173
2.1647
2.1348
2.1168
2.105
2.0967
2.0903
2.0852
2.0808
2.077
2.0736
2.0705
2.0676
2.0649
2.0624
2.06
2.0578
2.0556
2.0536
2.0516
2.0498
2.048
2.0463
2.0447
2.0431
2.0417
2.0402
2.0389
2.0375
2.0363
2.0351
2.0339
2.0328
2.0317
2.0307
2.0297
2.0287
2.0278
2.0269
2.026
2.0252
2.0244
2.0236
2.0229
2.0222
2.0215
2.0208
2.0201
2.0195
2.0189
2.0183
2.0177
2.0171
2.0166
2.0161
2.0156
2.0151
2.0146
2.0141
2.0136
2.0132
2.0127
2.0123
2.0119
2.0115
2.0111
2.0107
2.0103
2.01
2.0096
2.0092
2.0089
2.0086
2.0082
2.0079
2.0076
2.0073
2.007
2.0067
2.0064
2.0061
2.0058
2.0055
2.0053
2.005
2.0047
2.0045
2.0042
2.004
2.0037
2.0035
2.0033
2.003
2.0028
2.0026
2.0023
2.0021
2.0019
2.0017
2.0015
2.0013
2.0011
2.0009
2.0007
2.0005
2.0003
2.0001
1.9999
1.9997
1.9995
1.9993
1.9992
1.999
1.9988
1.9986
1.9984
1.9983
1.9981
1.9979
1.9977
1.9976
1.9974
1.9972
1.9971
1.9969
1.9968
1.9966
1.9964
1.9963
1.9961
1.996
1.9958
1.9956
1.9955
1.9953
1.9952
1.995
1.9949
1.9947
1.9946
1.9944
1.9943
1.9941
1.994
1.9938
1.9937
1.9935
1.9934
1.9932
1.9931
1.9929
1.9928
1.9926
1.9925
1.9924
1.9922
1.9921
1.9919
1.9918
1.9916
1.9915
1.9913
1.9912
1.991
1.9909
1.9908
1.9906
1.9905
1.9903
1.9902
1.99
1.9899
1.9897
1.9896
1.9894
1.9893
1.9891
1.989
1.9888
1.9887
1.9885
1.9884
1.9882
1.9881
1.9879
1.9878
1.9876
1.9875
1.9873
1.9872
1.987
1.9868
1.9867
1.9865
1.9864
1.9862
1.986
1.9859
1.9857
1.9855
1.9854
1.9852
1.985
1.9849
1.9847
1.9845
1.9844
1.9842
1.984
1.9838
1.9837
1.9835
1.9833
1.9831
1.9829
1.9827
1.9825
1.9824
1.9822
1.982
1.9818
1.9816
1.9814
1.9812
1.981
1.9807
1.9805
1.9803
1.9801
1.9799
1.9797
1.9794
1.9792
1.979
1.9787
1.9785
1.9782
1.978
1.9777
1.9775
1.9772
1.9769
1.9767
1.9764
1.9761
1.9758
1.9755
1.9752
1.9749
1.9746
1.9742
1.9739
1.9736
1.9732
1.9728
1.9725
1.9721
1.9717
1.9713
1.9709
1.9705
1.97
1.9696
1.9691
1.9686
1.9681
1.9676
1.9671
1.9665
1.9659
1.9653
1.9647
1.9641
1.9634
1.9627
1.962
1.9612
1.9604
1.9596
1.9587
1.9578
1.9568
1.9558
1.9548
1.9537
1.9525
1.9513
1.9499
1.9486
1.9471
1.9456
1.9439
1.9422
1.9403
1.9383
1.9362
1.9339
1.9314
1.9288
1.926
1.923
1.9197
1.9161
1.9123
1.9081
1.9035
1.8985
1.893
1.887
1.8804
1.8732
1.8651
1.8561
1.8462
1.835
1.8225
1.8085
1.7926
1.7747
1.7543
1.7312
1.7048
1.6748
1.6405
1.6017
1.5578
1.5087
1.4545
1.3956
1.3328
1.2674
1.2011
1.1352
1.0713
1.0104
.9531
.8998
.8505
.8051
.7633
.7249
.6895
.6569
.6268
.599
.5731
.5491
.5268
.5059
.4864
.4682
.4511
.435
.4199
.4056
.3922
.3795
.3675
.3562
.3455
.3353
.3256
.3165
.3078
.2995
.2916
.284
.2769
.27
.2635
.2572
.2512
.2455
.24
.2347
.2296
.2248
.2201
.2156
.2113
.2072
.2032
.1993
.1956
.192
.1885
.1852
.1819
.1788
.1758
.1728
.17
.1673
.1646
.162
.1595
.1571
.1547
.1524
.1502
.148
.1459
.1438
.1418
.1399
.138
.1361
.1344
.1326
.1309
.1292
.1276
.126
.1245
.1229
.1215
.12
.1186
.1172
.1159
.1146
.1133
.112
.1108
.1096
.1084
.1072
.1061
.105
.1039
.1028
.1018
.1007
.0997
.0987
.0978
.0968
.0959
.095
.0941
.0932
.0923
.0915
.0906
.0898
.089
.0882
.0874
.0867
.0859
.0852
.0844
.0837
.083
.0823
.0816
.081
.0803
.0796
.079
.0784
.0777
.0771
.0765
.0759
.0754
.0748
.0742
.0736
.0731
.0726
.072
.0715
.071
.0704
.0699
.0694
.0689
.0685
.068
.0675
.067
.0666
.0661
.0657
.0652
.0648
.0644
.0639
.0635
.0631
.0627
.0623
.0619
.0615
.0611
.0607
.0603
.06
.0596
.0592
.0589
.0585
.0581
.0578
.0574
.0571
.0568
.0564
.0561
.0558
.0554
.0551
.0548
.0545
.0542
.0539
.0536
.0533
.053
.0527
.0524
.0521
.0518
.0515
.0513
.051
.0507
.0504
.0502
.0499
