4.433
4.1778
3.9583
3.7819
3.6397
3.5194
3.411
3.3078
3.2055
3.1017
2.9955
2.8875
2.78
2.6766
2.5814
2.4984
2.43
2.3766
2.3366
2.3076
2.2867
2.2717
2.2606
2.2521
2.2454
2.2397
2.2347
2.2301
2.2257
2.2213
2.217
2.2125
2.2079
2.2031
2.1981
2.1929
2.1874
2.1816
2.1755
2.1691
2.1622
2.155
2.1472
2.139
2.1301
2.1206
2.1103
2.0992
2.0871
2.0739
2.0594
2.0434
2.0257
2.0061
1.9841
1.9595
1.9319
1.9009
1.8662
1.8275
1.7848
1.738
1.6876
1.634
1.5782
1.521
1.4635
1.4065
1.3508
1.297
1.2455
1.1964
1.15
1.1063
1.0652
1.0266
.9905
.9566
.9249
.8951
.8672
.841
.8164
.7933
.7714
.7508
.7313
.7128
.6953
.6787
.6629
.6478
.6334
.6196
.6065
.5938
.5817
.5701
.5589
.5481
.5377
.5276
.5179
.5085
.4994
.4906
.4821
.4738
.4657
.4579
.4503
.4429
.4357
.4287
.4218
.4152
.4087
.4024
.3962
.3902
.3843
.3786
.373
.3675
.3621
.3569
.3518
.3468
.342
.3372
.3326
.328
.3236
.3192
.3149
.3108
.3067
.3027
.2988
.295
.2912
.2876
.284
.2805
.277
.2737
.2704
.2671
.264
.2609
.2578
.2548
.2519
.249
.2462
.2435
.2408
.2381
.2355
.2329
.2304
.228
.2256
.2232
.2208
.2186
.2163
.2141
.2119
.2098
.2077
.2056
.2036
.2016
.1997
.1977
.1958
.194
.1921
.1903
.1886
.1868
.1851
.1834
.1817
.1801
.1785
.1769
.1753
.1738
.1723
.1708
.1693
.1679
.1664
.165
.1636
.1623
.1609
.1596
.1583
.157
.1557
.1544
.1532
.152
.1508
.1496
.1484
.1472
.1461
.145
.1438
.1427
.1416
.1406
.1395
.1385
.1374
.1364
.1354
.1344
.1334
.1325
.1315
.1305
.1296
.1287
.1278
.1269
.126
.1251
.1242
.1234
.1225
.1217
.1208
.12
.1192
.1184
.1176
.1168
.116
.1153
.1145
.1137
.113
.1123
.1115
.1108
.1101
.1094
.1087
.108
.1073
.1066
.106
.1053
.1046
.104
.1034
.1027
.1021
.1015
.1008
.1002
.0996
.099
.0984
.0979
.0973
.0967
.0961
.0956
.095
.0944
.0939
.0934
.0928
.0923
.0918
.0912
.0907
.0902
.0897
.0892
.0887
.0882
.0877
.0872
.0867
.0863
.0858
.0853
.0848
.0844
.0839
.0835
.083
.0826
.0821
.0817
.0813
.0808
.0804
.08
.0796
.0792
.0788
.0783
.0779
.0775
.0771
.0767
.0764
.076
.0756
.0752
.0748
.0744
.0741
.0737
.0733
.073
.0726
.0723
.0719
.0716
.0712
.0709
.0705
.0702
.0698
.0695
.0692
.0688
.0685
.0682
.0679
.0676
.0672
.0669
.0666
.0663
.066
.0657
.0654
.0651
.0648
.0645
.0642
.0639
.0636
.0633
.063
.0628
.0625
.0622
.0619
.0616
.0614
.0611
.0608
.0606
.0603
.06
.0598
.0595
.0593
.059
.0587
.0585
.0582
.058
.0577
.0575
.0573
.057
.0568
.0565
.0563
.0561
.0558
.0556
.0554
.0551
.0549
.0547
.0545
.0542
.054
.0538
.0536
.0534
.0532
.0529
.0527
.0525
.0523
.0521
.0519
.0517
.0515
.0513
.0511
.0509
.0507
.0505
.0503
.0501
.0499
