4.4905
4.1662
3.8
3.4309
3.0958
2.8135
2.5891
2.4222
2.3072
2.2336
2.1887
2.1616
2.1447
2.1334
2.125
2.1183
2.1124
2.1069
2.1016
2.0965
2.0914
2.0863
2.0813
2.0763
2.0713
2.0664
2.0616
2.0567
2.0519
2.0472
2.0425
2.0379
2.0333
2.0288
2.0243
2.0199
2.0156
2.0113
2.0071
2.0029
1.9988
1.9947
1.9907
1.9868
1.9829
1.9791
1.9753
1.9716
1.968
1.9644
1.9608
1.9573
1.9539
1.9506
1.9472
1.944
1.9408
1.9376
1.9345
1.9314
1.9284
1.9254
1.9225
1.9196
1.9168
1.914
1.9113
1.9086
1.9059
1.9033
1.9007
1.8981
1.8956
1.8931
1.8907
1.8883
1.8859
1.8836
1.8812
1.879
1.8767
1.8745
1.8723
1.8701
1.868
1.8659
1.8638
1.8617
1.8597
1.8576
1.8556
1.8536
1.8517
1.8497
1.8478
1.8459
1.844
1.8421
1.8402
1.8384
1.8365
1.8347
1.8329
1.831
1.8292
1.8274
1.8256
1.8238
1.822
1.8202
1.8184
1.8166
1.8148
1.813
1.8112
1.8094
1.8075
1.8057
1.8038
1.8019
1.8
1.798
1.7961
1.7941
1.792
1.79
1.7878
1.7857
1.7834
1.7812
1.7788
1.7764
1.7739
1.7713
1.7686
1.7658
1.7629
1.7598
1.7566
1.7532
1.7497
1.746
1.742
1.7378
1.7333
1.7284
1.7233
1.7178
1.7118
1.7054
1.6984
1.6909
1.6827
1.6737
1.664
1.6534
1.6418
1.6291
1.6153
1.6002
1.5838
1.5661
1.5469
1.5263
1.5042
1.4808
1.456
1.4301
1.4032
1.3754
1.347
1.3181
1.289
1.2598
1.2307
1.2018
1.1733
1.1452
1.1176
1.0906
1.0643
1.0385
1.0134
.9889
.9651
.9419
.9194
.8975
.8763
.8556
.8356
.8162
.7973
.779
.7613
.7441
.7274
.7113
.6956
.6804
.6657
.6514
.6376
.6241
.6111
.5985
.5863
.5744
.5629
.5517
.5409
.5304
.5202
.5103
.5006
.4913
.4822
.4734
.4648
.4565
.4484
.4405
.4329
.4254
.4182
.4111
.4042
.3976
.3911
.3847
.3786
.3726
.3667
.361
.3554
.35
.3447
.3396
.3345
.3296
.3249
.3202
.3156
.3112
.3068
.3026
.2985
.2944
.2904
.2866
.2828
.2791
.2755
.272
.2685
.2651
.2618
.2586
.2554
.2523
.2493
.2463
.2434
.2406
.2378
.2351
.2324
.2298
.2272
.2247
.2222
.2198
.2174
.2151
.2128
.2105
.2083
.2062
.204
.2019
.1999
.1979
.1959
.194
.1921
.1902
.1884
.1866
.1848
.183
.1813
.1796
.178
.1764
.1748
.1732
.1716
.1701
.1686
.1671
.1657
.1642
.1628
.1615
.1601
.1587
.1574
.1561
.1548
.1536
.1523
.1511
.1499
.1487
.1475
.1464
.1452
.1441
.143
.1419
.1408
.1398
.1387
.1377
.1367
.1357
.1347
.1337
.1327
.1318
.1308
.1299
.129
.1281
.1272
.1263
.1254
.1246
.1237
.1229
.1221
.1213
.1205
.1197
.1189
.1181
.1173
.1166
.1158
.1151
.1144
.1136
.1129
.1122
.1115
.1108
.1101
.1095
.1088
.1081
.1075
.1069
.1062
.1056
.105
.1043
.1037
.1031
.1025
.1019
.1014
.1008
.1002
.0997
.0991
.0985
.098
.0975
.0969
.0964
.0959
.0953
.0948
.0943
.0938
.0933
.0928
.0923
.0918
.0914
.0909
.0904
.09
.0895
.089
.0886
.0881
.0877
.0873
.0868
.0864
.086
.0855
.0851
.0847
.0843
.0839
.0835
.0831
.0827
.0823
.0819
.0815
.0811
.0807
.0804
.08
.0796
.0793
.0789
.0785
.0782
.0778
.0775
.0771
.0768
.0764
.0761
.0758
.0754
.0751
.0748
.0744
.0741
.0738
.0735
.0732
.0728
.0725
.0722
.0719
.0716
.0713
.071
.0707
.0704
.0701
.0699
.0696
.0693
.069
.0687
.0684
.0682
.0679
.0676
.0674
.0671
.0668
.0666
.0663
.066
.0658
.0655
.0653
.065
.0648
.0645
.0643
.064
.0638
.0635
.0633
.0631
.0628
.0626
.0624
.0621
.0619
.0617
.0615
.0612
.061
.0608
.0606
.0603
.0601
.0599
.0597
.0595
.0593
.0591
.0589
.0586
.0584
.0582
.058
.0578
.0576
.0574
.0572
.057
.0568
.0567
.0565
.0563
.0561
.0559
.0557
.0555
.0553
.0551
.055
.0548
.0546
.0544
.0542
.0541
.0539
.0537
.0535
.0534
.0532
.053
.0529
.0527
.0525
.0524
.0522
.052
.0519
.0517
.0515
.0514
.0512
.0511
.0509
.0507
.0506
.0504
.0503
.0501
.05
