4.8159
4.5552
4.2633
3.9699
3.7001
3.4598
3.2416
3.0363
2.839
2.6512
2.4799
2.3342
2.2206
2.1393
2.0844
2.0483
2.0241
2.0071
1.9943
1.9838
1.9748
1.9665
1.9585
1.9508
1.9432
1.9355
1.9278
1.92
1.9121
1.9041
1.8961
1.888
1.8798
1.8716
1.8632
1.8548
1.8463
1.8377
1.829
1.8202
1.8112
1.802
1.7927
1.783
1.7731
1.7628
1.7522
1.741
1.7294
1.7171
1.7042
1.6905
1.6759
1.6603
1.6437
1.6259
1.6069
1.5864
1.5646
1.5412
1.5162
1.4897
1.4617
1.4322
1.4014
1.3694
1.3363
1.3025
1.268
1.2332
1.1982
1.1633
1.1286
1.0943
1.0605
1.0274
.9951
.9637
.9331
.9035
.8748
.8472
.8205
.7948
.77
.7462
.7234
.7014
.6803
.6601
.6406
.622
.6041
.5869
.5704
.5546
.5394
.5248
.5108
.4973
.4844
.472
.46
.4485
.4375
.4269
.4166
.4068
.3973
.3881
.3793
.3708
.3626
.3547
.3471
.3397
.3326
.3257
.3191
.3126
.3064
.3004
.2946
.2889
.2835
.2782
.273
.2681
.2632
.2586
.254
.2496
.2454
.2412
.2372
.2332
.2294
.2257
.2221
.2186
.2152
.2119
.2086
.2055
.2024
.1994
.1965
.1937
.1909
.1882
.1856
.183
.1805
.1781
.1757
.1733
.1711
.1688
.1667
.1645
.1624
.1604
.1584
.1565
.1546
.1527
.1509
.1491
.1474
.1456
.144
.1423
.1407
.1391
.1376
.1361
.1346
.1332
.1317
.1303
.129
.1276
.1263
.125
.1237
.1225
.1212
.12
.1189
.1177
.1165
.1154
.1143
.1132
.1122
.1111
.1101
.1091
.1081
.1071
.1062
.1052
.1043
.1034
.1025
.1016
.1007
.0998
.099
.0982
.0974
.0965
.0957
.095
.0942
.0934
.0927
.0919
.0912
.0905
.0898
.0891
.0884
.0877
.0871
.0864
.0858
.0851
.0845
.0839
.0833
.0827
.0821
.0815
.0809
.0803
.0798
.0792
.0786
.0781
.0776
.077
.0765
.076
.0755
.075
.0745
.074
.0735
.073
.0726
.0721
.0716
.0712
.0707
.0703
.0698
.0694
.069
.0685
.0681
.0677
.0673
.0669
.0665
.0661
.0657
.0653
.0649
.0645
.0642
.0638
.0634
.0631
.0627
.0623
.062
.0616
.0613
.061
.0606
.0603
.06
.0596
.0593
.059
.0587
.0584
.058
.0577
.0574
.0571
.0568
.0565
.0562
.056
.0557
.0554
.0551
.0548
.0545
.0543
.054
.0537
.0535
.0532
.0529
.0527
.0524
.0522
.0519
.0517
.0514
.0512
.0509
.0507
.0505
.0502
.05
