4.0029
3.7881
3.6001
3.4323
3.2772
3.1295
2.9868
2.8496
2.7211
2.6061
2.5092
2.4328
2.3761
2.3354
2.3064
2.2851
2.2686
2.2549
2.2431
2.2323
2.2222
2.2126
2.2033
2.1944
2.1859
2.1776
2.1697
2.1621
2.1548
2.1478
2.141
2.1345
2.1283
2.1222
2.1162
2.1104
2.1047
2.099
2.0934
2.0877
2.082
2.0762
2.0703
2.0643
2.0581
2.0517
2.0452
2.0384
2.0315
2.0243
2.0169
2.0093
2.0014
1.9934
1.9851
1.9767
1.968
1.9592
1.9502
1.9411
1.9318
1.9225
1.913
1.9034
1.8938
1.8841
1.8744
1.8647
1.8549
1.8452
1.8354
1.8257
1.816
1.8064
1.7968
1.7872
1.7777
1.7682
1.7589
1.7495
1.7402
1.731
1.7218
1.7127
1.7036
1.6946
1.6856
1.6766
1.6676
1.6586
1.6496
1.6406
1.6315
1.6224
1.6132
1.6039
1.5945
1.585
1.5753
1.5654
1.5553
1.5449
1.5342
1.5232
1.5118
1.5
1.4877
1.4748
1.4613
1.4471
1.4321
1.4163
1.3996
1.3818
1.363
1.343
1.3217
1.2992
1.2754
1.2503
1.2239
1.1964
1.1678
1.1383
1.108
1.0773
1.0462
1.0151
.9841
.9535
.9235
.8941
.8655
.8378
.8111
.7854
.7608
.7372
.7146
.693
.6723
.6526
.6338
.6159
.5988
.5824
.5668
.5519
.5376
.524
.5109
.4984
.4864
.4749
.4638
.4532
.443
.4332
.4238
.4147
.406
.3975
.3894
.3816
.374
.3666
.3596
.3527
.3461
.3397
.3334
.3274
.3216
.3159
.3104
.3051
.2999
.2949
.29
.2853
.2806
.2762
.2718
.2676
.2634
.2594
.2555
.2517
.248
.2443
.2408
.2374
.234
.2308
.2276
.2244
.2214
.2184
.2155
.2127
.21
.2073
.2046
.202
.1995
.197
.1946
.1923
.19
.1877
.1855
.1833
.1812
.1791
.1771
.1751
.1732
.1713
.1694
.1676
.1658
.164
.1623
.1606
.1589
.1573
.1557
.1541
.1526
.151
.1496
.1481
.1467
.1453
.1439
.1425
.1412
.1399
.1386
.1373
.1361
.1348
.1336
.1324
.1313
.1301
.129
.1279
.1268
.1257
.1247
.1236
.1226
.1216
.1206
.1196
.1186
.1177
.1167
.1158
.1149
.114
.1131
.1123
.1114
.1106
.1097
.1089
.1081
.1073
.1065
.1057
.105
.1042
.1035
.1027
.102
.1013
.1006
.0999
.0992
.0985
.0978
.0972
.0965
.0959
.0952
.0946
.094
.0934
.0927
.0921
.0916
.091
.0904
.0898
.0893
.0887
.0881
.0876
.0871
.0865
.086
.0855
.085
.0845
.0839
.0835
.083
.0825
.082
.0815
.081
.0806
.0801
.0797
.0792
.0788
.0783
.0779
.0775
.077
.0766
.0762
.0758
.0754
.0749
.0745
.0741
.0738
.0734
.073
.0726
.0722
.0718
.0715
.0711
.0707
.0704
.07
.0697
.0693
.069
.0686
.0683
.0679
.0676
.0673
.067
.0666
.0663
.066
.0657
.0654
.065
.0647
.0644
.0641
.0638
.0635
.0632
.0629
.0627
.0624
.0621
.0618
.0615
.0612
.061
.0607
.0604
.0602
.0599
.0596
.0594
.0591
.0589
.0586
.0583
.0581
.0578
.0576
.0574
.0571
.0569
.0566
.0564
.0562
.0559
.0557
.0555
.0552
.055
.0548
.0546
.0543
.0541
.0539
.0537
.0535
.0533
.053
.0528
.0526
.0524
.0522
.052
.0518
.0516
.0514
.0512
.051
.0508
.0506
.0504
.0502
.0501
.0499
