3.9561
3.8825
3.8219
3.7688
3.7196
3.6717
3.623
3.5719
3.5169
3.4564
3.389
3.3132
3.2278
3.1319
3.026
2.9125
2.7967
2.6861
2.5889
2.5105
2.4514
2.4086
2.3775
2.3542
2.3359
2.3208
2.3077
2.2961
2.2855
2.2757
2.2666
2.2581
2.2501
2.2425
2.2354
2.2287
2.2224
2.2164
2.2108
2.2055
2.2006
2.1959
2.1915
2.1873
2.1833
2.1795
2.1758
2.1722
2.1688
2.1653
2.1619
2.1585
2.155
2.1514
2.1477
2.1439
2.1398
2.1355
2.1309
2.126
2.1207
2.115
2.1087
2.1019
2.0943
2.086
2.0767
2.0664
2.0548
2.0417
2.027
2.0102
1.991
1.9691
1.9438
1.9149
1.8816
1.8435
1.8003
1.7516
1.6976
1.6389
1.5765
1.5115
1.4456
1.38
1.3161
1.2546
1.1962
1.1412
1.0895
1.0413
.9963
.9544
.9154
.8792
.8455
.814
.7848
.7574
.7318
.7079
.6855
.6644
.6446
.626
.6084
.5918
.5761
.5612
.547
.5336
.5209
.5087
.4971
.4861
.4755
.4653
.4556
.4463
.4374
.4288
.4205
.4125
.4048
.3974
.3903
.3833
.3767
.3702
.3639
.3578
.3519
.3462
.3406
.3352
.3299
.3248
.3198
.315
.3102
.3056
.3011
.2968
.2925
.2883
.2843
.2803
.2764
.2726
.2689
.2652
.2617
.2582
.2548
.2515
.2483
.2451
.242
.2389
.2359
.233
.2301
.2273
.2245
.2218
.2192
.2166
.2141
.2116
.2091
.2067
.2044
.2021
.1998
.1976
.1954
.1933
.1912
.1891
.1871
.1851
.1832
.1813
.1794
.1775
.1757
.174
.1722
.1705
.1688
.1672
.1655
.1639
.1624
.1608
.1593
.1578
.1563
.1549
.1535
.1521
.1507
.1493
.148
.1467
.1454
.1441
.1429
.1417
.1405
.1393
.1381
.137
.1358
.1347
.1336
.1325
.1314
.1304
.1294
.1283
.1273
.1263
.1254
.1244
.1234
.1225
.1216
.1207
.1198
.1189
.118
.1171
.1163
.1155
.1146
.1138
.113
.1122
.1114
.1107
.1099
.1091
.1084
.1077
.1069
.1062
.1055
.1048
.1041
.1034
.1028
.1021
.1014
.1008
.1002
.0995
.0989
.0983
.0977
.0971
.0965
.0959
.0953
.0947
.0941
.0936
.093
.0925
.0919
.0914
.0909
.0903
.0898
.0893
.0888
.0883
.0878
.0873
.0868
.0863
.0858
.0854
.0849
.0844
.084
.0835
.0831
.0826
.0822
.0817
.0813
.0809
.0805
.08
.0796
.0792
.0788
.0784
.078
.0776
.0772
.0768
.0765
.0761
.0757
.0753
.075
.0746
.0742
.0739
.0735
.0732
.0728
.0725
.0721
.0718
.0714
.0711
.0708
.0704
.0701
.0698
.0695
.0692
.0688
.0685
.0682
.0679
.0676
.0673
.067
.0667
.0664
.0661
.0658
.0656
.0653
.065
.0647
.0644
.0642
.0639
.0636
.0633
.0631
.0628
.0626
.0623
.062
.0618
.0615
.0613
.061
.0608
.0605
.0603
.06
.0598
.0596
.0593
.0591
.0589
.0586
.0584
.0582
.0579
.0577
.0575
.0573
.057
.0568
.0566
.0564
.0562
.056
.0558
.0555
.0553
.0551
.0549
.0547
.0545
.0543
.0541
.0539
.0537
.0535
.0533
.0531
.053
.0528
.0526
.0524
.0522
.052
.0518
.0517
.0515
.0513
.0511
.0509
.0508
.0506
.0504
.0502
.0501
.0499
