4.499
4.2989
4.1355
4.0061
3.9014
3.8122
3.7316
3.6546
3.5772
3.4963
3.4095
3.3142
3.2088
3.092
2.9645
2.8298
2.6953
2.5715
2.4685
2.3908
2.3361
2.298
2.2706
2.2495
2.2321
2.2169
2.203
2.19
2.1775
2.1654
2.1536
2.1419
2.1304
2.119
2.1077
2.0964
2.0852
2.074
2.0628
2.0517
2.0407
2.0297
2.0187
2.0078
1.997
1.9863
1.9757
1.9652
1.9548
1.9444
1.9342
1.9241
1.914
1.904
1.894
1.8841
1.8742
1.8643
1.8543
1.8443
1.8342
1.8239
1.8134
1.8026
1.7915
1.7799
1.7679
1.7553
1.742
1.7278
1.7126
1.6963
1.6785
1.6591
1.6378
1.6143
1.5883
1.5593
1.5271
1.4912
1.4515
1.4076
1.3596
1.3078
1.2527
1.1952
1.1363
1.0772
1.019
.9628
.9092
.8588
.8118
.7682
.728
.6909
.6569
.6255
.5967
.5702
.5457
.5231
.5022
.4827
.4647
.4479
.4323
.4176
.4039
.3911
.379
.3676
.3569
.3468
.3372
.3282
.3196
.3114
.3037
.2963
.2893
.2826
.2763
.2702
.2644
.2588
.2534
.2483
.2434
.2387
.2342
.2299
.2257
.2216
.2178
.214
.2104
.2069
.2036
.2003
.1972
.1942
.1912
.1884
.1857
.183
.1804
.1779
.1755
.1731
.1708
.1686
.1664
.1643
.1623
.1603
.1584
.1565
.1546
.1528
.1511
.1494
.1477
.1461
.1445
.143
.1415
.14
.1386
.1372
.1358
.1345
.1331
.1319
.1306
.1294
.1282
.127
.1258
.1247
.1236
.1225
.1214
.1204
.1194
.1184
.1174
.1164
.1154
.1145
.1136
.1127
.1118
.1109
.1101
.1092
.1084
.1076
.1068
.106
.1052
.1045
.1037
.103
.1023
.1016
.1009
.1002
.0995
.0988
.0981
.0975
.0969
.0962
.0956
.095
.0944
.0938
.0932
.0926
.092
.0915
.0909
.0904
.0898
.0893
.0888
.0882
.0877
.0872
.0867
.0862
.0857
.0853
.0848
.0843
.0838
.0834
.0829
.0825
.082
.0816
.0812
.0807
.0803
.0799
.0795
.0791
.0787
.0783
.0779
.0775
.0771
.0767
.0763
.076
.0756
.0752
.0749
.0745
.0742
.0738
.0735
.0731
.0728
.0724
.0721
.0718
.0714
.0711
.0708
.0705
.0702
.0698
.0695
.0692
.0689
.0686
.0683
.068
.0677
.0675
.0672
.0669
.0666
.0663
.066
.0658
.0655
.0652
.065
.0647
.0644
.0642
.0639
.0637
.0634
.0632
.0629
.0627
.0624
.0622
.0619
.0617
.0615
.0612
.061
.0608
.0605
.0603
.0601
.0599
.0596
.0594
.0592
.059
.0588
.0585
.0583
.0581
.0579
.0577
.0575
.0573
.0571
.0569
.0567
.0565
.0563
.0561
.0559
.0557
.0555
.0553
.0552
.055
.0548
.0546
.0544
.0542
.054
.0539
.0537
.0535
.0533
.0532
.053
.0528
.0526
.0525
.0523
.0521
.052
.0518
.0516
.0515
.0513
.0512
.051
.0508
.0507
.0505
.0504
.0502
.0501
.0499
