4.3741
4.1571
3.9675
3.8035
3.6574
3.5209
3.3875
3.2526
3.1138
2.9713
2.829
2.6942
2.5764
2.4831
2.4162
2.3718
2.3436
2.3257
2.3138
2.3054
2.2991
2.294
2.2895
2.2856
2.2819
2.2783
2.2749
2.2716
2.2683
2.2651
2.2619
2.2587
2.2555
2.2523
2.2491
2.246
2.2428
2.2396
2.2364
2.2332
2.23
2.2267
2.2235
2.2202
2.2169
2.2135
2.2102
2.2068
2.2034
2.1999
2.1964
2.1929
2.1893
2.1857
2.182
2.1783
2.1745
2.1706
2.1667
2.1627
2.1586
2.1543
2.15
2.1456
2.141
2.1362
2.1313
2.1262
2.1208
2.1152
2.1092
2.103
2.0963
2.0892
2.0816
2.0735
2.0646
2.0551
2.0447
2.0333
2.0208
2.0071
1.9919
1.9751
1.9564
1.9356
1.9124
1.8864
1.8572
1.8247
1.7884
1.7481
1.7035
1.6547
1.6019
1.5455
1.4862
1.4248
1.3625
1.3002
1.2389
1.1793
1.1222
1.0678
1.0164
.9681
.923
.8809
.8417
.8053
.7714
.74
.7107
.6835
.6582
.6345
.6125
.5918
.5725
.5544
.5373
.5213
.5061
.4919
.4783
.4655
.4534
.4418
.4309
.4204
.4104
.4009
.3917
.383
.3746
.3666
.3589
.3514
.3443
.3374
.3308
.3244
.3182
.3122
.3065
.3009
.2955
.2903
.2852
.2803
.2756
.271
.2665
.2622
.258
.2539
.2499
.2461
.2423
.2387
.2351
.2317
.2283
.225
.2219
.2188
.2157
.2128
.2099
.2072
.2044
.2018
.1992
.1967
.1942
.1918
.1895
.1872
.1849
.1828
.1806
.1785
.1765
.1745
.1726
.1707
.1688
.167
.1652
.1635
.1618
.1601
.1585
.1568
.1553
.1537
.1522
.1508
.1493
.1479
.1465
.1452
.1438
.1425
.1412
.14
.1387
.1375
.1363
.1351
.134
.1329
.1317
.1307
.1296
.1285
.1275
.1265
.1255
.1245
.1235
.1226
.1216
.1207
.1198
.1189
.118
.1172
.1163
.1155
.1146
.1138
.113
.1122
.1114
.1107
.1099
.1092
.1084
.1077
.107
.1063
.1056
.1049
.1042
.1036
.1029
.1023
.1016
.101
.1004
.0998
.0991
.0985
.098
.0974
.0968
.0962
.0957
.0951
.0946
.094
.0935
.0929
.0924
.0919
.0914
.0909
.0904
.0899
.0894
.0889
.0884
.088
.0875
.087
.0866
.0861
.0857
.0852
.0848
.0844
.0839
.0835
.0831
.0827
.0823
.0819
.0815
.0811
.0807
.0803
.0799
.0795
.0791
.0788
.0784
.078
.0777
.0773
.0769
.0766
.0762
.0759
.0755
.0752
.0749
.0745
.0742
.0739
.0735
.0732
.0729
.0726
.0723
.072
.0717
.0714
.071
.0707
.0704
.0702
.0699
.0696
.0693
.069
.0687
.0684
.0682
.0679
.0676
.0673
.0671
.0668
.0665
.0663
.066
.0658
.0655
.0652
.065
.0647
.0645
.0643
.064
.0638
.0635
.0633
.063
.0628
.0626
.0623
.0621
.0619
.0617
.0614
.0612
.061
.0608
.0606
.0603
.0601
.0599
.0597
.0595
.0593
.0591
.0589
.0587
.0585
.0583
.0581
.0579
.0577
.0575
.0573
.0571
.0569
.0567
.0565
.0563
.0561
.0559
.0558
.0556
.0554
.0552
.055
.0549
.0547
.0545
.0543
.0542
.054
.0538
.0536
.0535
.0533
.0531
.053
.0528
.0526
.0525
.0523
.0522
.052
.0518
.0517
.0515
.0514
.0512
.0511
.0509
.0507
.0506
.0504
.0503
.0501
.05
