3.9399
3.8081
3.6922
3.5851
3.4811
3.3762
3.2677
3.1541
3.0351
2.9127
2.7907
2.6754
2.574
2.492
2.4305
2.3872
2.3572
2.336
2.3203
2.3078
2.2973
2.288
2.2794
2.2713
2.2636
2.2562
2.2491
2.2422
2.2356
2.2292
2.223
2.217
2.2111
2.2055
2.1999
2.1945
2.1893
2.1841
2.1789
2.1739
2.1688
2.1637
2.1586
2.1534
2.1481
2.1426
2.137
2.1312
2.1251
2.1187
2.1119
2.1046
2.0969
2.0885
2.0795
2.0696
2.0588
2.047
2.0338
2.0192
2.003
1.9848
1.9644
1.9414
1.9155
1.8864
1.8536
1.8169
1.776
1.7309
1.6817
1.6288
1.5728
1.5146
1.455
1.395
1.3354
1.277
1.2201
1.1653
1.1128
1.0627
1.015
.9698
.927
.8865
.8484
.8125
.7786
.7467
.7166
.6883
.6617
.6365
.6128
.5905
.5694
.5494
.5306
.5128
.4959
.4799
.4648
.4504
.4368
.4239
.4115
.3998
.3887
.378
.3679
.3583
.349
.3402
.3318
.3237
.316
.3086
.3015
.2947
.2882
.2819
.2759
.2701
.2645
.2592
.254
.249
.2442
.2396
.2351
.2308
.2266
.2226
.2187
.2149
.2113
.2077
.2043
.201
.1978
.1946
.1916
.1887
.1858
.183
.1803
.1777
.1752
.1727
.1703
.1679
.1656
.1634
.1612
.1591
.1571
.155
.1531
.1512
.1493
.1475
.1457
.1439
.1422
.1406
.1389
.1373
.1358
.1343
.1328
.1313
.1299
.1285
.1271
.1258
.1245
.1232
.1219
.1207
.1195
.1183
.1171
.116
.1148
.1137
.1127
.1116
.1106
.1095
.1085
.1075
.1066
.1056
.1047
.1038
.1029
.102
.1011
.1002
.0994
.0985
.0977
.0969
.0961
.0953
.0946
.0938
.0931
.0923
.0916
.0909
.0902
.0895
.0888
.0882
.0875
.0869
.0862
.0856
.085
.0844
.0837
.0831
.0826
.082
.0814
.0808
.0803
.0797
.0792
.0787
.0781
.0776
.0771
.0766
.0761
.0756
.0751
.0746
.0741
.0737
.0732
.0727
.0723
.0718
.0714
.071
.0705
.0701
.0697
.0693
.0688
.0684
.068
.0676
.0672
.0669
.0665
.0661
.0657
.0653
.065
.0646
.0642
.0639
.0635
.0632
.0628
.0625
.0622
.0618
.0615
.0612
.0608
.0605
.0602
.0599
.0596
.0593
.059
.0587
.0584
.0581
.0578
.0575
.0572
.0569
.0566
.0564
.0561
.0558
.0555
.0553
.055
.0547
.0545
.0542
.054
.0537
.0535
.0532
.053
.0527
.0525
.0522
.052
.0518
.0515
.0513
.0511
.0508
.0506
.0504
.0502
.05
