4.4478
4.1851
3.9504
3.7534
3.5871
3.4402
3.3034
3.1704
3.0382
2.9068
2.7792
2.6608
2.5575
2.4735
2.4096
2.3631
2.3298
2.3055
2.2872
2.2726
2.2604
2.2499
2.2405
2.2318
2.2238
2.2163
2.2092
2.2024
2.196
2.1898
2.1837
2.1779
2.1721
2.1665
2.1609
2.1553
2.1498
2.1442
2.1385
2.1327
2.1268
2.1207
2.1146
2.1082
2.1017
2.095
2.0881
2.081
2.0738
2.0664
2.0589
2.0512
2.0434
2.0355
2.0275
2.0194
2.0113
2.0032
1.995
1.9869
1.9787
1.9705
1.9624
1.9542
1.9461
1.9379
1.9298
1.9216
1.9133
1.905
1.8966
1.888
1.8793
1.8704
1.8611
1.8516
1.8417
1.8313
1.8204
1.8088
1.7965
1.7833
1.769
1.7535
1.7367
1.7182
1.6978
1.6754
1.6506
1.6231
1.5928
1.5593
1.5227
1.4828
1.4397
1.3938
1.3455
1.2953
1.244
1.1922
1.1407
1.09
1.0408
.9933
.9479
.9047
.8638
.8252
.7889
.7549
.7229
.693
.665
.6388
.6142
.5912
.5697
.5495
.5305
.5126
.4958
.48
.4651
.451
.4378
.4252
.4133
.402
.3913
.3812
.3715
.3623
.3535
.3452
.3372
.3296
.3223
.3153
.3087
.3023
.2961
.2902
.2845
.2791
.2739
.2688
.2639
.2593
.2547
.2504
.2461
.2421
.2381
.2343
.2306
.227
.2236
.2202
.2169
.2138
.2107
.2077
.2048
.202
.1993
.1966
.194
.1915
.189
.1866
.1843
.182
.1798
.1776
.1755
.1734
.1714
.1694
.1675
.1656
.1638
.162
.1602
.1585
.1568
.1552
.1536
.152
.1504
.1489
.1474
.146
.1445
.1431
.1418
.1404
.1391
.1378
.1365
.1353
.134
.1328
.1317
.1305
.1294
.1282
.1271
.126
.125
.1239
.1229
.1219
.1209
.1199
.1189
.118
.1171
.1161
.1152
.1143
.1135
.1126
.1117
.1109
.1101
.1093
.1085
.1077
.1069
.1061
.1054
.1046
.1039
.1032
.1024
.1017
.101
.1003
.0997
.099
.0983
.0977
.097
.0964
.0958
.0952
.0945
.0939
.0934
.0928
.0922
.0916
.091
.0905
.0899
.0894
.0888
.0883
.0878
.0873
.0867
.0862
.0857
.0852
.0847
.0843
.0838
.0833
.0828
.0824
.0819
.0815
.081
.0806
.0801
.0797
.0793
.0788
.0784
.078
.0776
.0772
.0768
.0764
.076
.0756
.0752
.0748
.0744
.0741
.0737
.0733
.0729
.0726
.0722
.0719
.0715
.0712
.0708
.0705
.0701
.0698
.0695
.0692
.0688
.0685
.0682
.0679
.0676
.0672
.0669
.0666
.0663
.066
.0657
.0654
.0651
.0648
.0646
.0643
.064
.0637
.0634
.0632
.0629
.0626
.0624
.0621
.0618
.0616
.0613
.061
.0608
.0605
.0603
.06
.0598
.0595
.0593
.0591
.0588
.0586
.0584
.0581
.0579
.0577
.0574
.0572
.057
.0568
.0565
.0563
.0561
.0559
.0557
.0555
.0552
.055
.0548
.0546
.0544
.0542
.054
.0538
.0536
.0534
.0532
.053
.0528
.0526
.0524
.0523
.0521
.0519
.0517
.0515
.0513
.0511
.051
.0508
.0506
.0504
.0503
.0501
.0499
