4.13
3.7833
3.4172
3.0514
2.7148
2.4445
2.2649
2.1659
2.1161
2.0899
2.0738
2.0622
2.0523
2.0433
2.0348
2.0264
2.0181
2.01
2.0019
1.9939
1.986
1.9782
1.9704
1.9628
1.9552
1.9477
1.9403
1.933
1.9257
1.9186
1.9114
1.9044
1.8974
1.8904
1.8835
1.8766
1.8698
1.863
1.8562
1.8494
1.8426
1.8358
1.829
1.8222
1.8154
1.8085
1.8016
1.7947
1.7877
1.7806
1.7734
1.7662
1.7588
1.7513
1.7437
1.7359
1.728
1.7198
1.7114
1.7028
1.6938
1.6846
1.6749
1.6649
1.6544
1.6433
1.6317
1.6194
1.6063
1.5924
1.5776
1.5618
1.5448
1.5265
1.5069
1.4859
1.4633
1.4391
1.4132
1.3856
1.3564
1.3255
1.2932
1.2594
1.2245
1.1887
1.1521
1.1151
1.0779
1.0409
1.0042
.9681
.9328
.8983
.865
.8328
.8018
.772
.7435
.7162
.6902
.6654
.6417
.6192
.5977
.5773
.5579
.5394
.5219
.5051
.4892
.4741
.4596
.4459
.4328
.4203
.4084
.397
.3862
.3758
.3659
.3564
.3474
.3387
.3304
.3225
.3148
.3075
.3005
.2938
.2873
.2811
.2751
.2693
.2637
.2584
.2532
.2483
.2435
.2388
.2344
.23
.2259
.2218
.2179
.2141
.2104
.2069
.2034
.2001
.1969
.1937
.1907
.1877
.1848
.182
.1793
.1767
.1741
.1716
.1691
.1668
.1644
.1622
.16
.1578
.1558
.1537
.1517
.1498
.1479
.146
.1442
.1425
.1407
.1391
.1374
.1358
.1342
.1327
.1312
.1297
.1282
.1268
.1254
.1241
.1227
.1214
.1202
.1189
.1177
.1165
.1153
.1141
.113
.1119
.1108
.1097
.1086
.1076
.1066
.1056
.1046
.1036
.1027
.1017
.1008
.0999
.099
.0982
.0973
.0965
.0956
.0948
.094
.0932
.0925
.0917
.0909
.0902
.0895
.0888
.088
.0873
.0867
.086
.0853
.0847
.084
.0834
.0827
.0821
.0815
.0809
.0803
.0797
.0792
.0786
.078
.0775
.0769
.0764
.0759
.0753
.0748
.0743
.0738
.0733
.0728
.0723
.0718
.0714
.0709
.0704
.07
.0695
.0691
.0686
.0682
.0678
.0674
.0669
.0665
.0661
.0657
.0653
.0649
.0645
.0641
.0638
.0634
.063
.0626
.0623
.0619
.0616
.0612
.0609
.0605
.0602
.0598
.0595
.0592
.0588
.0585
.0582
.0579
.0576
.0573
.057
.0567
.0564
.0561
.0558
.0555
.0552
.0549
.0546
.0543
.0541
.0538
.0535
.0532
.053
.0527
.0524
.0522
.0519
.0517
.0514
.0512
.0509
.0507
.0504
.0502
.05
