3.8794
3.6002
3.3373
3.0916
2.8631
2.6542
2.471
2.3201
2.2051
2.1237
2.0691
2.0331
2.009
1.9922
1.9798
1.97
1.9618
1.9546
1.948
1.9418
1.9359
1.9301
1.9244
1.9189
1.9133
1.9079
1.9025
1.8971
1.8918
1.8865
1.8812
1.876
1.8708
1.8657
1.8606
1.8555
1.8505
1.8455
1.8405
1.8356
1.8307
1.8259
1.8211
1.8163
1.8115
1.8067
1.802
1.7973
1.7926
1.7879
1.7832
1.7785
1.7738
1.7691
1.7644
1.7597
1.7549
1.7501
1.7453
1.7404
1.7354
1.7304
1.7252
1.72
1.7147
1.7092
1.7036
1.6979
1.6919
1.6858
1.6794
1.6728
1.6659
1.6586
1.6511
1.6431
1.6347
1.6258
1.6163
1.6062
1.5955
1.584
1.5717
1.5584
1.5442
1.5289
1.5123
1.4945
1.4753
1.4546
1.4324
1.4087
1.3835
1.3567
1.3285
1.2989
1.2683
1.2367
1.2044
1.1717
1.1388
1.1059
1.0733
1.0412
1.0097
.9789
.949
.9201
.892
.865
.839
.8139
.7899
.7667
.7445
.7232
.7027
.6831
.6642
.6461
.6287
.612
.596
.5806
.5658
.5515
.5378
.5246
.512
.4998
.488
.4767
.4658
.4554
.4452
.4355
.4261
.417
.4083
.3998
.3917
.3838
.3762
.3688
.3617
.3548
.3482
.3417
.3355
.3294
.3235
.3179
.3124
.307
.3018
.2968
.2919
.2871
.2825
.2781
.2737
.2695
.2653
.2613
.2574
.2536
.2499
.2463
.2428
.2394
.236
.2328
.2296
.2265
.2235
.2205
.2177
.2148
.2121
.2094
.2068
.2042
.2017
.1993
.1969
.1945
.1922
.19
.1878
.1856
.1835
.1815
.1794
.1775
.1755
.1736
.1717
.1699
.1681
.1664
.1646
.1629
.1613
.1597
.1581
.1565
.1549
.1534
.1519
.1505
.149
.1476
.1463
.1449
.1436
.1422
.1409
.1397
.1384
.1372
.136
.1348
.1336
.1325
.1313
.1302
.1291
.128
.127
.1259
.1249
.1239
.1229
.1219
.1209
.12
.119
.1181
.1172
.1163
.1154
.1145
.1137
.1128
.112
.1111
.1103
.1095
.1087
.1079
.1072
.1064
.1056
.1049
.1042
.1034
.1027
.102
.1013
.1006
.1
.0993
.0986
.098
.0973
.0967
.0961
.0954
.0948
.0942
.0936
.093
.0924
.0919
.0913
.0907
.0902
.0896
.0891
.0885
.088
.0875
.0869
.0864
.0859
.0854
.0849
.0844
.0839
.0835
.083
.0825
.082
.0816
.0811
.0807
.0802
.0798
.0793
.0789
.0785
.078
.0776
.0772
.0768
.0764
.076
.0756
.0752
.0748
.0744
.074
.0737
.0733
.0729
.0725
.0722
.0718
.0714
.0711
.0707
.0704
.07
.0697
.0694
.069
.0687
.0684
.068
.0677
.0674
.0671
.0668
.0664
.0661
.0658
.0655
.0652
.0649
.0646
.0643
.064
.0638
.0635
.0632
.0629
.0626
.0623
.0621
.0618
.0615
.0613
.061
.0607
.0605
.0602
.06
.0597
.0594
.0592
.0589
.0587
.0585
.0582
.058
.0577
.0575
.0573
.057
.0568
.0566
.0563
.0561
.0559
.0557
.0554
.0552
.055
.0548
.0546
.0544
.0542
.0539
.0537
.0535
.0533
.0531
.0529
.0527
.0525
.0523
.0521
.0519
.0517
.0515
.0514
.0512
.051
.0508
.0506
.0504
.0502
.0501
.0499
