4.0263
3.8297
3.6443
3.4605
3.2695
3.0663
2.853
2.6423
2.456
2.314
2.2204
2.1641
2.131
2.1106
2.097
2.0873
2.0798
2.0737
2.0685
2.064
2.0599
2.0561
2.0527
2.0495
2.0464
2.0435
2.0408
2.0382
2.0357
2.0333
2.0309
2.0287
2.0265
2.0243
2.0223
2.0202
2.0182
2.0163
2.0144
2.0125
2.0106
2.0088
2.0069
2.0051
2.0033
2.0016
1.9998
1.998
1.9962
1.9944
1.9927
1.9909
1.989
1.9872
1.9854
1.9835
1.9816
1.9797
1.9777
1.9757
1.9737
1.9716
1.9695
1.9673
1.9651
1.9627
1.9604
1.9579
1.9554
1.9527
1.95
1.9472
1.9443
1.9413
1.9381
1.9349
1.9315
1.928
1.9244
1.9206
1.9167
1.9126
1.9084
1.9041
1.8996
1.895
1.8903
1.8855
1.8805
1.8755
1.8703
1.8651
1.8598
1.8545
1.8491
1.8437
1.8383
1.8329
1.8275
1.8222
1.8169
1.8116
1.8064
1.8013
1.7962
1.7912
1.7863
1.7815
1.7767
1.7721
1.7675
1.7631
1.7587
1.7544
1.7502
1.7461
1.7421
1.7381
1.7342
1.7304
1.7267
1.7231
1.7195
1.7159
1.7124
1.709
1.7056
1.7022
1.6989
1.6956
1.6924
1.6891
1.6859
1.6827
1.6795
1.6763
1.673
1.6698
1.6666
1.6633
1.6599
1.6566
1.6531
1.6496
1.646
1.6424
1.6386
1.6347
1.6307
1.6265
1.6221
1.6176
1.6128
1.6077
1.6024
1.5967
1.5907
1.5843
1.5773
1.5699
1.5618
1.5531
1.5435
1.5331
1.5216
1.509
1.4951
1.4796
1.4625
1.4435
1.4225
1.3991
1.3732
1.3447
1.3134
1.2793
1.2426
1.2034
1.1622
1.1195
1.0758
1.0319
.9882
.9454
.9038
.8639
.8258
.7896
.7553
.723
.6926
.6639
.637
.6116
.5878
.5654
.5443
.5244
.5057
.4881
.4715
.4558
.441
.4271
.4139
.4014
.3896
.3784
.3678
.3578
.3483
.3393
.3307
.3225
.3147
.3073
.3003
.2936
.2871
.281
.2752
.2695
.2642
.259
.2541
.2494
.2448
.2404
.2362
.2322
.2283
.2245
.2209
.2174
.214
.2108
.2076
.2046
.2017
.1988
.196
.1934
.1908
.1883
.1858
.1834
.1811
.1789
.1767
.1746
.1725
.1705
.1686
.1667
.1648
.163
.1612
.1595
.1578
.1562
.1546
.153
.1515
.15
.1485
.1471
.1457
.1443
.143
.1417
.1404
.1391
.1379
.1367
.1355
.1343
.1332
.1321
.131
.1299
.1288
.1278
.1267
.1257
.1248
.1238
.1228
.1219
.121
.1201
.1192
.1183
.1174
.1166
.1157
.1149
.1141
.1133
.1125
.1117
.111
.1102
.1095
.1088
.108
.1073
.1066
.1059
.1053
.1046
.1039
.1033
.1026
.102
.1014
.1008
.1001
.0995
.0989
.0984
.0978
.0972
.0966
.0961
.0955
.095
.0944
.0939
.0934
.0929
.0924
.0918
.0913
.0908
.0904
.0899
.0894
.0889
.0884
.088
.0875
.0871
.0866
.0862
.0857
.0853
.0849
.0844
.084
.0836
.0832
.0828
.0824
.082
.0816
.0812
.0808
.0804
.08
.0797
.0793
.0789
.0786
.0782
.0778
.0775
.0771
.0768
.0764
.0761
.0757
.0754
.0751
.0747
.0744
.0741
.0738
.0734
.0731
.0728
.0725
.0722
.0719
.0716
.0713
.071
.0707
.0704
.0701
.0698
.0695
.0693
.069
.0687
.0684
.0681
.0679
.0676
.0673
.0671
.0668
.0665
.0663
.066
.0658
.0655
.0653
.065
.0648
.0645
.0643
.064
.0638
.0636
.0633
.0631
.0629
.0626
.0624
.0622
.0619
.0617
.0615
.0613
.0611
.0608
.0606
.0604
.0602
.06
.0598
.0596
.0594
.0591
.0589
.0587
.0585
.0583
.0581
.0579
.0577
.0575
.0574
.0572
.057
.0568
.0566
.0564
.0562
.056
.0558
.0557
.0555
.0553
.0551
.0549
.0548
.0546
.0544
.0542
.0541
.0539
.0537
.0536
.0534
.0532
.0531
.0529
.0527
.0526
.0524
.0522
.0521
.0519
.0518
.0516
.0515
.0513
.0511
.051
.0508
.0507
.0505
.0504
.0502
.0501
.0499
