4.7882
4.5402
4.2821
4.0401
3.829
3.6486
3.4919
3.3515
3.222
3.1004
2.9854
2.877
2.7762
2.6845
2.6036
2.5346
2.4777
2.4317
2.3948
2.365
2.34
2.3182
2.2983
2.2795
2.2613
2.2434
2.2257
2.2084
2.1915
2.1751
2.1593
2.1442
2.1299
2.1164
2.1039
2.0921
2.0812
2.0711
2.0617
2.053
2.0449
2.0374
2.0305
2.024
2.0179
2.0122
2.0069
2.0018
1.997
1.9925
1.9882
1.9841
1.9801
1.9764
1.9727
1.9693
1.9659
1.9627
1.9595
1.9565
1.9536
1.9507
1.948
1.9453
1.9427
1.9402
1.9377
1.9354
1.933
1.9308
1.9286
1.9265
1.9244
1.9223
1.9204
1.9184
1.9165
1.9147
1.9129
1.9111
1.9094
1.9077
1.906
1.9044
1.9028
1.9012
1.8997
1.8982
1.8967
1.8953
1.8939
1.8925
1.8911
1.8898
1.8884
1.8871
1.8859
1.8846
1.8834
1.8822
1.881
1.8799
1.8788
1.8776
1.8766
1.8755
1.8745
1.8734
1.8724
1.8714
1.8705
1.8695
1.8686
1.8677
1.8668
1.866
1.8651
1.8643
1.8635
1.8627
1.8619
1.8611
1.8604
1.8596
1.8589
1.8582
1.8575
1.8568
1.8561
1.8555
1.8548
1.8542
1.8536
1.853
1.8524
1.8518
1.8512
1.8506
1.8501
1.8495
1.849
1.8484
1.8479
1.8474
1.8469
1.8463
1.8458
1.8453
1.8449
1.8444
1.8439
1.8434
1.8429
1.8425
1.842
1.8416
1.8411
1.8406
1.8402
1.8398
1.8393
1.8389
1.8384
1.838
1.8376
1.8372
1.8367
1.8363
1.8359
1.8355
1.8351
1.8347
1.8342
1.8338
1.8334
1.833
1.8326
1.8322
1.8318
1.8314
1.831
1.8306
1.8302
1.8298
1.8294
1.829
1.8286
1.8282
1.8279
1.8275
1.8271
1.8267
1.8263
1.8259
1.8255
1.8252
1.8248
1.8244
1.824
1.8236
1.8233
1.8229
1.8225
1.8221
1.8218
1.8214
1.821
1.8207
1.8203
1.8199
1.8195
1.8192
1.8188
1.8184
1.8181
1.8177
1.8174
1.817
1.8166
1.8163
1.8159
1.8156
1.8152
1.8148
1.8145
1.8141
1.8138
1.8134
1.8131
1.8127
1.8124
1.812
1.8117
1.8113
1.811
1.8106
1.8103
1.8099
1.8096
1.8093
1.8089
1.8086
1.8082
1.8079
1.8076
1.8072
1.8069
1.8065
1.8062
1.8059
1.8055
1.8052
1.8049
1.8045
1.8042
1.8039
1.8035
1.8032
1.8029
1.8026
1.8022
1.8019
1.8016
1.8012
1.8009
1.8006
1.8003
1.8
1.7996
1.7993
1.799
1.7987
1.7983
1.798
1.7977
1.7974
1.7971
1.7967
1.7964
1.7961
1.7958
1.7955
1.7952
1.7948
1.7945
1.7942
1.7939
1.7936
1.7933
1.7929
1.7926
1.7923
1.792
1.7917
1.7914
1.7911
1.7908
1.7905
1.7901
1.7898
1.7895
1.7892
1.7889
1.7886
1.7883
1.788
1.7877
1.7873
1.787
1.7867
1.7864
1.7861
1.7858
1.7855
1.7852
1.7849
1.7846
1.7843
1.784
1.7837
1.7833
1.783
1.7827
1.7824
1.7821
1.7818
1.7815
1.7812
1.7809
1.7806
1.7803
1.78
1.7796
1.7793
1.779
1.7787
1.7784
1.7781
1.7778
1.7775
1.7772
1.7769
1.7766
1.7762
1.7759
1.7756
1.7753
1.775
1.7747
1.7744
1.7741
1.7738
1.7734
1.7731
1.7728
1.7725
1.7722
1.7719
1.7716
1.7712
1.7709
1.7706
1.7703
1.77
1.7696
1.7693
1.769
1.7687
1.7684
1.768
1.7677
1.7674
1.7671
1.7667
1.7664
1.7661
1.7658
1.7654
1.7651
1.7648
1.7644
1.7641
1.7638
1.7634
1.7631
1.7628
1.7624
1.7621
1.7617
1.7614
1.7611
1.7607
1.7604
1.76
1.7597
1.7593
1.759
1.7586
1.7583
1.7579
1.7575
1.7572
1.7568
1.7564
1.7561
1.7557
1.7553
1.755
1.7546
1.7542
1.7538
1.7534
1.7531
1.7527
1.7523
1.7519
1.7515
1.7511
1.7507
1.7503
1.7499
1.7495
1.749
1.7486
1.7482
1.7478
1.7473
1.7469
1.7465
1.746
1.7456
1.7451
1.7446
1.7442
1.7437
1.7432
1.7428
1.7423
1.7418
1.7413
1.7408
1.7403
1.7398
1.7392
1.7387
1.7382
1.7376
1.737
1.7365
1.7359
1.7353
1.7347
1.7341
1.7335
1.7329
1.7322
1.7316
1.7309
1.7302
1.7295
1.7288
1.7281
1.7274
1.7266
1.7258
1.7251
1.7242
1.7234
1.7225
1.7217
1.7208
1.7198
1.7189
1.7179
1.7168
1.7158
1.7147
1.7136
1.7124
1.7112
1.7099
1.7086
1.7072
1.7058
1.7043
1.7028
1.7011
1.6994
1.6976
1.6957
1.6937
1.6916
1.6893
1.6869
1.6844
1.6816
1.6787
1.6756
1.6722
1.6685
1.6645
1.6601
1.6553
1.65
1.6441
1.6375
1.6301
1.6217
1.6121
1.6011
1.5884
1.5734
1.5558
1.5348
1.5096
1.4792
1.4423
1.3976
1.3442
1.2813
1.2096
1.1312
1.0496
.9692
.8937
.8254
.7652
.7127
.6671
.6274
.5926
.562
.5349
.5106
.4887
.4689
.4509
.4344
.4192
.4051
.3921
.3799
.3685
.3579
.3479
.3384
.3295
.321
.313
.3053
.298
.2911
.2845
.2781
.2721
.2663
.2607
.2553
.2502
.2452
.2405
.2359
.2315
.2272
.2231
.2191
.2153
.2116
.208
.2045
.2012
.1979
.1948
.1917
.1888
.1859
.1831
.1804
.1778
.1753
.1728
.1704
.1681
.1658
.1636
.1615
.1594
.1574
.1554
.1535
.1516
.1497
.148
.1462
.1445
.1429
.1413
.1397
.1381
.1366
.1352
.1337
.1323
.1309
.1296
.1283
.127
.1257
.1245
.1233
.1221
.121
.1198
.1187
.1176
.1165
.1155
.1145
.1135
.1125
.1115
.1105
.1096
.1087
.1078
.1069
.106
.1052
.1043
.1035
.1027
.1019
.1011
.1003
.0995
.0988
.0981
.0973
.0966
.0959
.0952
.0945
.0939
.0932
.0925
.0919
.0913
.0906
.09
.0894
.0888
.0882
.0877
.0871
.0865
.086
.0854
.0849
.0843
.0838
.0833
.0828
.0822
.0817
.0812
.0808
.0803
.0798
.0793
.0789
.0784
.0779
.0775
.0771
.0766
.0762
.0758
.0753
.0749
.0745
.0741
.0737
.0733
.0729
.0725
.0721
.0717
.0714
.071
.0706
.0702
.0699
.0695
.0692
.0688
.0685
.0681
.0678
.0675
.0671
.0668
.0665
.0661
.0658
.0655
.0652
.0649
.0646
.0643
.064
.0637
.0634
.0631
.0628
.0625
.0622
.0619
.0617
.0614
.0611
.0608
.0606
.0603
.06
.0598
.0595
.0593
.059
.0588
.0585
.0583
.058
.0578
.0575
.0573
.057
.0568
.0566
.0563
.0561
.0559
.0557
.0554
.0552
.055
.0548
.0546
.0543
.0541
.0539
.0537
.0535
.0533
.0531
.0529
.0527
.0525
.0523
.0521
.0519
.0517
.0515
.0513
.0511
.0509
.0507
.0506
.0504
.0502
.05
.0498
