4.5822
4.3146
4.0066
3.6773
3.3516
3.0504
2.787
2.5705
2.4063
2.293
2.2213
2.1783
2.1525
2.1364
2.1252
2.1164
2.1088
2.1017
2.0946
2.0873
2.0799
2.0722
2.0641
2.0557
2.0469
2.0377
2.0282
2.0181
2.0076
1.9966
1.9851
1.9729
1.9601
1.9467
1.9325
1.9176
1.9018
1.8852
1.8677
1.8493
1.8299
1.8096
1.7882
1.7659
1.7426
1.7183
1.6932
1.6671
1.6402
1.6125
1.5842
1.5552
1.5257
1.4957
1.4654
1.4349
1.4042
1.3734
1.3426
1.3119
1.2813
1.251
1.221
1.1914
1.1622
1.1334
1.1051
1.0774
1.0503
1.0237
.9978
.9725
.9478
.9238
.9004
.8777
.8556
.8341
.8133
.7931
.7735
.7545
.7361
.7183
.701
.6843
.6681
.6525
.6373
.6226
.6084
.5947
.5814
.5685
.5561
.544
.5323
.521
.5101
.4995
.4892
.4793
.4696
.4603
.4512
.4425
.4339
.4257
.4177
.4099
.4024
.3951
.388
.3811
.3744
.3678
.3615
.3554
.3494
.3436
.3379
.3324
.3271
.3219
.3168
.3119
.3071
.3024
.2978
.2934
.289
.2848
.2807
.2767
.2728
.2689
.2652
.2616
.258
.2545
.2511
.2478
.2446
.2414
.2383
.2353
.2323
.2294
.2266
.2238
.2211
.2184
.2158
.2133
.2108
.2084
.206
.2036
.2013
.1991
.1969
.1947
.1926
.1905
.1885
.1865
.1845
.1826
.1807
.1789
.177
.1753
.1735
.1718
.1701
.1684
.1668
.1652
.1636
.1621
.1605
.159
.1576
.1561
.1547
.1533
.1519
.1506
.1492
.1479
.1466
.1454
.1441
.1429
.1417
.1405
.1393
.1382
.137
.1359
.1348
.1337
.1326
.1316
.1305
.1295
.1285
.1275
.1265
.1256
.1246
.1237
.1227
.1218
.1209
.12
.1191
.1183
.1174
.1166
.1157
.1149
.1141
.1133
.1125
.1117
.111
.1102
.1095
.1087
.108
.1073
.1066
.1058
.1052
.1045
.1038
.1031
.1025
.1018
.1011
.1005
.0999
.0993
.0986
.098
.0974
.0968
.0962
.0957
.0951
.0945
.0939
.0934
.0928
.0923
.0918
.0912
.0907
.0902
.0897
.0891
.0886
.0881
.0876
.0872
.0867
.0862
.0857
.0853
.0848
.0843
.0839
.0834
.083
.0825
.0821
.0817
.0812
.0808
.0804
.08
.0796
.0792
.0788
.0784
.078
.0776
.0772
.0768
.0764
.076
.0757
.0753
.0749
.0746
.0742
.0738
.0735
.0731
.0728
.0724
.0721
.0718
.0714
.0711
.0708
.0704
.0701
.0698
.0695
.0692
.0689
.0685
.0682
.0679
.0676
.0673
.067
.0667
.0664
.0662
.0659
.0656
.0653
.065
.0647
.0645
.0642
.0639
.0637
.0634
.0631
.0629
.0626
.0623
.0621
.0618
.0616
.0613
.0611
.0608
.0606
.0603
.0601
.0599
.0596
.0594
.0592
.0589
.0587
.0585
.0582
.058
.0578
.0576
.0573
.0571
.0569
.0567
.0565
.0563
.0561
.0558
.0556
.0554
.0552
.055
.0548
.0546
.0544
.0542
.054
.0538
.0536
.0534
.0532
.0531
.0529
.0527
.0525
.0523
.0521
.0519
.0518
.0516
.0514
.0512
.051
.0509
.0507
.0505
.0504
.0502
.05
.0498
