4.3744
4.1508
3.9485
3.7666
3.5986
3.4372
3.2766
3.1134
2.9481
2.7858
2.6371
2.5144
2.4248
2.3657
2.3283
2.3037
2.2859
2.2714
2.2585
2.2463
2.2344
2.2226
2.2109
2.1992
2.1874
2.1756
2.1638
2.152
2.1401
2.1283
2.1164
2.1046
2.0927
2.0809
2.0691
2.0573
2.0456
2.034
2.0224
2.011
1.9997
1.9885
1.9776
1.9669
1.9564
1.9461
1.9362
1.9265
1.9172
1.9081
1.8993
1.8909
1.8827
1.8749
1.8673
1.86
1.853
1.8462
1.8397
1.8334
1.8274
1.8215
1.8159
1.8104
1.8051
1.8
1.795
1.7902
1.7856
1.7811
1.7767
1.7724
1.7682
1.7642
1.7602
1.7564
1.7526
1.7489
1.7454
1.7419
1.7384
1.7351
1.7318
1.7286
1.7255
1.7224
1.7194
1.7164
1.7135
1.7107
1.7079
1.7052
1.7025
1.6998
1.6972
1.6946
1.6921
1.6896
1.6872
1.6848
1.6824
1.6801
1.6778
1.6755
1.6733
1.6711
1.6689
1.6668
1.6647
1.6626
1.6605
1.6584
1.6564
1.6544
1.6524
1.6505
1.6485
1.6466
1.6447
1.6428
1.641
1.6391
1.6373
1.6354
1.6336
1.6318
1.63
1.6283
1.6265
1.6248
1.623
1.6213
1.6196
1.6179
1.6162
1.6145
1.6128
1.6111
1.6094
1.6077
1.6061
1.6044
1.6027
1.6011
1.5994
1.5977
1.5961
1.5944
1.5928
1.5911
1.5895
1.5878
1.5862
1.5845
1.5828
1.5812
1.5795
1.5778
1.5762
1.5745
1.5728
1.5711
1.5694
1.5677
1.566
1.5642
1.5625
1.5608
1.559
1.5573
1.5555
1.5537
1.5519
1.5501
1.5483
1.5465
1.5447
1.5428
1.541
1.5391
1.5372
1.5353
1.5334
1.5315
1.5295
1.5276
1.5256
1.5237
1.5217
1.5197
1.5176
1.5156
1.5135
1.5115
1.5094
1.5073
1.5052
1.5031
1.501
1.4988
1.4967
1.4945
1.4923
1.4901
1.4879
1.4857
1.4835
1.4813
1.4791
1.4768
1.4746
1.4723
1.4701
1.4678
1.4655
1.4633
1.461
1.4587
1.4564
1.4542
1.4519
1.4496
1.4473
1.445
1.4428
1.4405
1.4382
1.436
1.4337
1.4315
1.4292
1.427
1.4247
1.4225
1.4202
1.418
1.4158
1.4135
1.4113
1.4091
1.4069
1.4046
1.4024
1.4001
1.3979
1.3956
1.3933
1.391
1.3886
1.3863
1.3838
1.3814
1.3789
1.3763
1.3737
1.371
1.3682
1.3653
1.3622
1.359
1.3557
1.3521
1.3484
1.3443
1.34
1.3353
1.3302
1.3246
1.3184
1.3116
1.304
1.2954
1.2857
1.2747
1.2622
1.2479
1.2314
1.2124
1.1906
1.1656
1.1372
1.1051
1.0694
1.0302
.9881
.9439
.8984
.8528
.8078
.7644
.723
.6842
.6479
.6142
.5832
.5545
.5281
.5038
.4813
.4606
.4414
.4236
.407
.3916
.3772
.3637
.3511
.3392
.328
.3175
.3075
.2981
.2892
.2807
.2727
.265
.2578
.2508
.2442
.2379
.2318
.226
.2205
.2151
.21
.2051
.2004
.1959
.1915
.1874
.1833
.1794
.1757
.1721
.1686
.1652
.162
.1588
.1558
.1528
.15
.1473
.1446
.142
.1395
.1371
.1348
.1325
.1303
.1281
.1261
.124
.1221
.1202
.1183
.1165
.1148
.1131
.1114
.1098
.1082
.1067
.1052
.1038
.1024
.101
.0997
.0984
.0971
.0958
.0946
.0934
.0923
.0911
.09
.089
.0879
.0869
.0859
.0849
.0839
.083
.0821
.0812
.0803
.0794
.0786
.0777
.0769
.0761
.0753
.0746
.0738
.0731
.0724
.0717
.071
.0703
.0696
.069
.0683
.0677
.0671
.0665
.0659
.0653
.0647
.0642
.0636
.0631
.0625
.062
.0615
.061
.0605
.06
.0595
.059
.0585
.0581
.0576
.0572
.0567
.0563
.0559
.0554
.055
.0546
.0542
.0538
.0534
.053
.0527
.0523
.0519
.0516
.0512
.0508
.0505
.0502
.0498
