4.0614
3.8906
3.7509
3.6292
3.5154
3.4023
3.2854
3.1623
3.0324
2.8975
2.7619
2.6316
2.5139
2.4148
2.3372
2.2796
2.2381
2.2081
2.1857
2.1682
2.1537
2.1414
2.1306
2.1208
2.112
2.1038
2.0963
2.0893
2.0828
2.0767
2.0709
2.0655
2.0603
2.0553
2.0505
2.0459
2.0415
2.0372
2.033
2.0289
2.0249
2.0209
2.017
2.0132
2.0094
2.0056
2.0019
1.9981
1.9944
1.9907
1.9869
1.9832
1.9795
1.9757
1.9719
1.9681
1.9642
1.9604
1.9565
1.9525
1.9486
1.9446
1.9406
1.9365
1.9325
1.9284
1.9243
1.9202
1.916
1.9119
1.9078
1.9037
1.8995
1.8955
1.8914
1.8873
1.8833
1.8793
1.8753
1.8714
1.8675
1.8636
1.8598
1.8561
1.8524
1.8487
1.8451
1.8416
1.8381
1.8346
1.8313
1.8279
1.8247
1.8215
1.8183
1.8152
1.8122
1.8092
1.8063
1.8034
1.8006
1.7979
1.7951
1.7925
1.7899
1.7873
1.7848
1.7823
1.7799
1.7775
1.7752
1.7729
1.7706
1.7684
1.7663
1.7641
1.762
1.76
1.7579
1.7559
1.754
1.752
1.7501
1.7483
1.7464
1.7446
1.7428
1.7411
1.7394
1.7377
1.736
1.7343
1.7327
1.7311
1.7295
1.7279
1.7264
1.7249
1.7234
1.7219
1.7204
1.719
1.7176
1.7162
1.7148
1.7134
1.7121
1.7107
1.7094
1.7081
1.7068
1.7055
1.7042
1.703
1.7018
1.7005
1.6993
1.6981
1.6969
1.6958
1.6946
1.6934
1.6923
1.6912
1.69
1.6889
1.6878
1.6868
1.6857
1.6846
1.6836
1.6825
1.6815
1.6804
1.6794
1.6784
1.6774
1.6764
1.6754
1.6744
1.6735
1.6725
1.6715
1.6706
1.6696
1.6687
1.6678
1.6668
1.6659
1.665
1.6641
1.6632
1.6623
1.6615
1.6606
1.6597
1.6588
1.658
1.6571
1.6563
1.6554
1.6546
1.6538
1.6529
1.6521
1.6513
1.6505
1.6497
1.6489
1.6481
1.6473
1.6465
1.6457
1.645
1.6442
1.6434
1.6427
1.6419
1.6411
1.6404
1.6396
1.6389
1.6382
1.6374
1.6367
1.636
1.6352
1.6345
1.6338
1.6331
1.6324
1.6317
1.631
1.6303
1.6296
1.6289
1.6282
1.6275
1.6268
1.6261
1.6255
1.6248
1.6241
1.6234
1.6228
1.6221
1.6214
1.6208
1.6201
1.6195
1.6188
1.6182
1.6175
1.6169
1.6162
1.6156
1.615
1.6143
1.6137
1.6131
1.6124
1.6118
1.6112
1.6106
1.6099
1.6093
1.6087
1.6081
1.6074
1.6068
1.6062
1.6056
1.605
1.6044
1.6038
1.6032
1.6026
1.6019
1.6013
1.6007
1.6001
1.5995
1.5989
1.5983
1.5977
1.5971
1.5965
1.5959
1.5953
1.5947
1.5941
1.5935
1.5929
1.5923
1.5917
1.5911
1.5905
1.5899
1.5893
1.5887
1.5881
1.5874
1.5868
1.5862
1.5856
1.585
1.5844
1.5838
1.5832
1.5825
1.5819
1.5813
1.5807
1.58
1.5794
1.5788
1.5782
1.5775
1.5769
1.5762
1.5756
1.5749
1.5743
1.5736
1.573
1.5723
1.5716
1.571
1.5703
1.5696
1.5689
1.5682
1.5675
1.5668
1.5661
1.5654
1.5647
1.564
1.5632
1.5625
1.5618
1.561
1.5602
1.5595
1.5587
1.5579
1.5571
1.5563
1.5555
1.5547
1.5538
1.553
1.5521
1.5513
1.5504
1.5495
1.5486
1.5477
1.5467
1.5458
1.5448
1.5438
1.5428
1.5418
1.5408
1.5397
1.5387
1.5376
1.5365
1.5353
1.5342
1.533
1.5318
1.5305
1.5293
1.528
1.5267
1.5253
1.5239
1.5225
1.5211
1.5196
1.518
1.5164
1.5148
1.5132
1.5114
1.5097
1.5078
1.506
1.504
1.502
1.4999
1.4977
1.4955
1.4932
1.4908
1.4882
1.4856
1.4829
1.48
1.4771
1.4739
1.4706
1.4672
1.4635
1.4597
1.4556
1.4513
1.4466
1.4417
1.4364
1.4306
1.4245
1.4177
1.4103
1.4022
1.3932
1.3832
1.3719
1.3591
1.3443
1.3273
1.3073
1.2837
1.2555
1.2217
1.1811
1.1327
1.0761
1.0117
.9415
.8689
.7973
.73
.6687
.6142
.5662
.5242
.4874
.4551
.4265
.4012
.3785
.3583
.3399
.3234
.3083
.2945
.2819
.2703
.2596
.2498
.2406
.2321
.2242
.2169
.21
.2035
.1975
.1918
.1864
.1814
.1766
.1721
.1678
.1638
.16
.1563
.1528
.1495
.1464
.1433
.1405
.1377
.1351
.1325
.1301
.1278
.1255
.1234
.1213
.1193
.1174
.1155
.1137
.112
.1103
.1087
.1071
.1056
.1041
.1027
.1013
.1
.0987
.0974
.0962
.095
.0938
.0927
.0916
.0905
.0894
.0884
.0874
.0865
.0855
.0846
.0837
.0828
.0819
.0811
.0803
.0795
.0787
.0779
.0771
.0764
.0757
.075
.0743
.0736
.0729
.0723
.0716
.071
.0704
.0698
.0692
.0686
.068
.0675
.0669
.0664
.0659
.0653
.0648
.0643
.0638
.0633
.0628
.0624
.0619
.0614
.061
.0605
.0601
.0597
.0593
.0588
.0584
.058
.0576
.0572
.0568
.0565
.0561
.0557
.0553
.055
.0546
.0543
.0539
.0536
.0532
.0529
.0526
.0523
.0519
.0516
.0513
.051
.0507
.0504
.0501
.0498
