4.3765
4.1179
3.8734
3.6511
3.4494
3.2631
3.0876
2.921
2.765
2.6248
2.5071
2.417
2.3543
2.3142
2.2898
2.2751
2.2658
2.2593
2.2542
2.2497
2.2451
2.2402
2.235
2.2292
2.2229
2.216
2.2085
2.2003
2.1916
2.1823
2.1724
2.1621
2.1513
2.1402
2.1288
2.1171
2.1054
2.0936
2.0818
2.0702
2.0587
2.0475
2.0366
2.026
2.0158
2.0059
1.9965
1.9874
1.9787
1.9704
1.9625
1.9549
1.9477
1.9408
1.9341
1.9278
1.9217
1.9158
1.9102
1.9047
1.8994
1.8943
1.8893
1.8844
1.8796
1.8749
1.8703
1.8657
1.8611
1.8565
1.8519
1.8473
1.8426
1.8378
1.8329
1.8279
1.8227
1.8173
1.8117
1.8058
1.7995
1.7928
1.7857
1.778
1.7696
1.7605
1.7505
1.7395
1.7273
1.7136
1.6982
1.6809
1.6613
1.639
1.6137
1.5849
1.5521
1.515
1.4733
1.4268
1.3759
1.3208
1.2625
1.2019
1.1404
1.0791
1.0191
.9613
.9063
.8547
.8064
.7616
.7202
.682
.6469
.6146
.5849
.5575
.5324
.5092
.4878
.468
.4496
.4326
.4167
.402
.3882
.3754
.3633
.352
.3414
.3314
.322
.3131
.3047
.2968
.2892
.2821
.2753
.2688
.2627
.2568
.2512
.2458
.2407
.2358
.2311
.2266
.2222
.2181
.2141
.2102
.2065
.2029
.1995
.1962
.193
.1899
.1869
.184
.1812
.1784
.1758
.1733
.1708
.1684
.166
.1638
.1616
.1594
.1573
.1553
.1533
.1514
.1496
.1477
.146
.1442
.1425
.1409
.1393
.1377
.1362
.1347
.1332
.1318
.1304
.129
.1277
.1264
.1251
.1238
.1226
.1214
.1202
.1191
.1179
.1168
.1157
.1146
.1136
.1126
.1116
.1106
.1096
.1086
.1077
.1068
.1059
.105
.1041
.1033
.1024
.1016
.1008
.1
.0992
.0984
.0976
.0969
.0961
.0954
.0947
.094
.0933
.0926
.0919
.0913
.0906
.09
.0893
.0887
.0881
.0875
.0869
.0863
.0857
.0851
.0845
.084
.0834
.0829
.0823
.0818
.0813
.0808
.0803
.0798
.0793
.0788
.0783
.0778
.0773
.0769
.0764
.076
.0755
.0751
.0746
.0742
.0738
.0733
.0729
.0725
.0721
.0717
.0713
.0709
.0705
.0701
.0697
.0693
.069
.0686
.0682
.0679
.0675
.0672
.0668
.0665
.0661
.0658
.0654
.0651
.0648
.0645
.0641
.0638
.0635
.0632
.0629
.0626
.0623
.062
.0617
.0614
.0611
.0608
.0605
.0602
.0599
.0597
.0594
.0591
.0588
.0586
.0583
.058
.0578
.0575
.0573
.057
.0567
.0565
.0563
.056
.0558
.0555
.0553
.055
.0548
.0546
.0543
.0541
.0539
.0537
.0534
.0532
.053
.0528
.0526
.0524
.0521
.0519
.0517
.0515
.0513
.0511
.0509
.0507
.0505
.0503
.0501
.0499
