4.4303
4.1575
3.9033
3.6807
3.4872
3.3145
3.1555
3.0061
2.8659
2.7372
2.624
2.53
2.4569
2.4033
2.3653
2.3387
2.3193
2.3045
2.2924
2.2819
2.2721
2.2629
2.2538
2.2447
2.2355
2.2262
2.2166
2.2067
2.1966
2.186
2.1752
2.1639
2.1524
2.1405
2.1284
2.1161
2.1036
2.0911
2.0786
2.0662
2.0539
2.0419
2.0302
2.0188
2.0079
1.9974
1.9874
1.9778
1.9687
1.96
1.9518
1.944
1.9365
1.9294
1.9227
1.9162
1.91
1.9041
1.8984
1.8928
1.8874
1.8822
1.8771
1.8721
1.8672
1.8624
1.8576
1.8528
1.848
1.8432
1.8384
1.8336
1.8286
1.8236
1.8184
1.8131
1.8077
1.8019
1.796
1.7897
1.783
1.776
1.7684
1.7603
1.7514
1.7418
1.7312
1.7196
1.7066
1.6922
1.676
1.6577
1.6371
1.6137
1.5872
1.5572
1.5233
1.4852
1.4428
1.3961
1.3453
1.2912
1.2346
1.1767
1.1186
1.0615
1.0062
.9536
.904
.8578
.8148
.7752
.7387
.7051
.6742
.6458
.6196
.5954
.5732
.5525
.5334
.5156
.4991
.4836
.4692
.4556
.4429
.431
.4197
.4091
.3991
.3896
.3805
.372
.3639
.3561
.3487
.3417
.335
.3285
.3224
.3165
.3108
.3054
.3002
.2952
.2903
.2857
.2812
.2769
.2728
.2687
.2649
.2611
.2575
.254
.2506
.2473
.2441
.241
.238
.2351
.2322
.2295
.2268
.2242
.2217
.2192
.2168
.2145
.2122
.21
.2078
.2057
.2037
.2016
.1997
.1978
.1959
.194
.1923
.1905
.1888
.1871
.1855
.1839
.1823
.1807
.1792
.1777
.1763
.1748
.1734
.1721
.1707
.1694
.1681
.1668
.1656
.1643
.1631
.1619
.1608
.1596
.1585
.1574
.1563
.1552
.1541
.1531
.1521
.1511
.1501
.1491
.1481
.1472
.1462
.1453
.1444
.1435
.1426
.1417
.1409
.14
.1392
.1383
.1375
.1367
.1359
.1351
.1344
.1336
.1328
.1321
.1314
.1306
.1299
.1292
.1285
.1278
.1271
.1264
.1258
.1251
.1245
.1238
.1232
.1225
.1219
.1213
.1207
.1201
.1195
.1189
.1183
.1177
.1171
.1166
.116
.1155
.1149
.1144
.1138
.1133
.1128
.1122
.1117
.1112
.1107
.1102
.1097
.1092
.1087
.1082
.1078
.1073
.1068
.1063
.1059
.1054
.105
.1045
.1041
.1036
.1032
.1028
.1023
.1019
.1015
.1011
.1007
.1002
.0998
.0994
.099
.0986
.0982
.0978
.0975
.0971
.0967
.0963
.0959
.0956
.0952
.0948
.0945
.0941
.0937
.0934
.093
.0927
.0923
.092
.0916
.0913
.091
.0906
.0903
.09
.0896
.0893
.089
.0887
.0884
.088
.0877
.0874
.0871
.0868
.0865
.0862
.0859
.0856
.0853
.085
.0847
.0844
.0841
.0839
.0836
.0833
.083
.0827
.0825
.0822
.0819
.0816
.0814
.0811
.0808
.0806
.0803
.0801
.0798
.0795
.0793
.079
.0788
.0785
.0783
.078
.0778
.0775
.0773
.0771
.0768
.0766
.0763
.0761
.0759
.0756
.0754
.0752
.075
.0747
.0745
.0743
.0741
.0738
.0736
.0734
.0732
.073
.0728
.0725
.0723
.0721
.0719
.0717
.0715
.0713
.0711
.0709
.0707
.0705
.0703
.0701
.0699
.0697
.0695
.0693
.0691
.0689
.0687
.0685
.0683
.0681
.068
.0678
.0676
.0674
.0672
.067
.0668
.0667
.0665
.0663
.0661
.066
.0658
.0656
.0654
.0653
.0651
.0649
.0647
.0646
.0644
.0642
.0641
.0639
.0637
.0636
.0634
.0632
.0631
.0629
.0628
.0626
.0624
.0623
.0621
.062
.0618
.0617
.0615
.0614
.0612
.0611
.0609
.0608
.0606
.0605
.0603
.0602
.06
.0599
.0597
.0596
.0594
.0593
.0591
.059
.0589
.0587
.0586
.0584
.0583
.0582
.058
.0579
.0578
.0576
.0575
.0574
.0572
.0571
.057
.0568
.0567
.0566
.0564
.0563
.0562
.056
.0559
.0558
.0557
.0555
.0554
.0553
.0552
.055
.0549
.0548
.0547
.0545
.0544
.0543
.0542
.0541
.0539
.0538
.0537
.0536
.0535
.0534
.0532
.0531
.053
.0529
.0528
.0527
.0526
.0524
.0523
.0522
.0521
.052
.0519
.0518
.0517
.0516
.0514
.0513
.0512
.0511
.051
.0509
.0508
.0507
.0506
.0505
.0504
.0503
.0502
.0501
.05
