4.4641
4.1682
3.8499
3.5298
3.2237
2.9418
2.6946
2.4958
2.3543
2.266
2.2162
2.1891
2.174
2.165
2.159
2.1545
2.1508
2.1475
2.1444
2.1414
2.1386
2.1357
2.1329
2.1302
2.1274
2.1247
2.1219
2.1192
2.1165
2.1137
2.111
2.1083
2.1055
2.1027
2.0999
2.097
2.0941
2.0912
2.0881
2.085
2.0819
2.0786
2.0752
2.0718
2.0682
2.0645
2.0607
2.0567
2.0526
2.0484
2.0439
2.0394
2.0347
2.0298
2.0247
2.0195
2.0142
2.0087
2.003
1.9972
1.9912
1.9852
1.9789
1.9726
1.9662
1.9597
1.9531
1.9464
1.9397
1.933
1.9262
1.9194
1.9126
1.9058
1.899
1.8922
1.8855
1.8788
1.8722
1.8656
1.8591
1.8527
1.8463
1.84
1.8338
1.8276
1.8216
1.8156
1.8097
1.8039
1.7981
1.7924
1.7868
1.7813
1.7758
1.7704
1.765
1.7596
1.7543
1.7491
1.7438
1.7386
1.7334
1.7281
1.7229
1.7176
1.7123
1.707
1.7016
1.6961
1.6905
1.6849
1.679
1.6731
1.6669
1.6606
1.654
1.6472
1.64
1.6325
1.6247
1.6164
1.6076
1.5982
1.5882
1.5776
1.5661
1.5537
1.5404
1.5259
1.5102
1.4932
1.4748
1.4548
1.4332
1.4098
1.3848
1.358
1.3296
1.2996
1.2683
1.2359
1.2027
1.169
1.1351
1.1012
1.0677
1.0348
1.0025
.9712
.9408
.9115
.8832
.856
.8298
.8047
.7806
.7574
.7352
.7139
.6934
.6738
.655
.6369
.6195
.6028
.5867
.5713
.5565
.5422
.5285
.5153
.5027
.4905
.4788
.4675
.4566
.4461
.4361
.4263
.417
.408
.3993
.3909
.3828
.375
.3674
.3601
.3531
.3463
.3397
.3333
.3271
.3212
.3154
.3098
.3044
.2991
.294
.289
.2842
.2796
.2751
.2707
.2664
.2622
.2582
.2543
.2504
.2467
.2431
.2396
.2361
.2328
.2295
.2263
.2232
.2202
.2172
.2144
.2115
.2088
.2061
.2035
.2009
.1984
.196
.1936
.1912
.189
.1867
.1845
.1824
.1803
.1782
.1762
.1742
.1723
.1704
.1686
.1668
.165
.1632
.1615
.1598
.1582
.1566
.155
.1534
.1519
.1504
.1489
.1475
.1461
.1447
.1433
.1419
.1406
.1393
.138
.1368
.1355
.1343
.1331
.1319
.1308
.1297
.1285
.1274
.1263
.1253
.1242
.1232
.1222
.1212
.1202
.1192
.1183
.1173
.1164
.1155
.1146
.1137
.1128
.1119
.1111
.1102
.1094
.1086
.1078
.107
.1062
.1054
.1047
.1039
.1032
.1025
.1017
.101
.1003
.0996
.0989
.0983
.0976
.0969
.0963
.0956
.095
.0944
.0938
.0932
.0926
.092
.0914
.0908
.0902
.0896
.0891
.0885
.088
.0874
.0869
.0864
.0859
.0853
.0848
.0843
.0838
.0833
.0828
.0824
.0819
.0814
.0809
.0805
.08
.0796
.0791
.0787
.0782
.0778
.0774
.0769
.0765
.0761
.0757
.0753
.0749
.0745
.0741
.0737
.0733
.0729
.0725
.0722
.0718
.0714
.0711
.0707
.0703
.07
.0696
.0693
.0689
.0686
.0683
.0679
.0676
.0673
.0669
.0666
.0663
.066
.0657
.0654
.0651
.0647
.0644
.0641
.0638
.0636
.0633
.063
.0627
.0624
.0621
.0618
.0616
.0613
.061
.0607
.0605
.0602
.0599
.0597
.0594
.0592
.0589
.0587
.0584
.0582
.0579
.0577
.0574
.0572
.0569
.0567
.0565
.0562
.056
.0558
.0556
.0553
.0551
.0549
.0547
.0544
.0542
.054
.0538
.0536
.0534
.0532
.053
.0528
.0525
.0523
.0521
.0519
.0517
.0515
.0514
.0512
.051
.0508
.0506
.0504
.0502
.05
.0498
