4.1747
4.0349
3.9236
3.8305
3.7477
3.669
3.5901
3.5073
3.4176
3.3185
3.2079
3.0851
2.951
2.8097
2.6691
2.5398
2.4312
2.3481
2.2887
2.2473
2.2178
2.1957
2.178
2.1627
2.149
2.1362
2.1239
2.1119
2.1002
2.0886
2.0771
2.0658
2.0546
2.0434
2.0324
2.0215
2.0108
2.0003
1.9899
1.9797
1.9698
1.9601
1.9507
1.9415
1.9326
1.924
1.9157
1.9077
1.9
1.8925
1.8854
1.8785
1.8719
1.8656
1.8595
1.8537
1.848
1.8426
1.8374
1.8324
1.8275
1.8229
1.8183
1.8139
1.8097
1.8055
1.8015
1.7976
1.7938
1.7901
1.7865
1.783
1.7795
1.7761
1.7728
1.7695
1.7663
1.7632
1.7601
1.7571
1.7541
1.7512
1.7483
1.7454
1.7426
1.7398
1.737
1.7343
1.7316
1.7289
1.7263
1.7237
1.721
1.7184
1.7159
1.7133
1.7107
1.7082
1.7056
1.7031
1.7005
1.698
1.6954
1.6929
1.6903
1.6877
1.685
1.6824
1.6797
1.6769
1.6742
1.6713
1.6684
1.6655
1.6624
1.6593
1.6561
1.6527
1.6493
1.6456
1.6419
1.6379
1.6338
1.6294
1.6247
1.6197
1.6144
1.6087
1.6026
1.5959
1.5887
1.5808
1.5722
1.5627
1.5521
1.5404
1.5274
1.5128
1.4964
1.478
1.4573
1.4341
1.4079
1.3786
1.3458
1.3096
1.2698
1.2267
1.1806
1.1321
1.0819
1.031
.9802
.9303
.882
.8358
.792
.7509
.7126
.6769
.6438
.6131
.5847
.5583
.534
.5113
.4903
.4708
.4526
.4357
.4198
.405
.3911
.3781
.3658
.3543
.3434
.3331
.3234
.3142
.3055
.2973
.2894
.2819
.2748
.268
.2616
.2554
.2495
.2439
.2385
.2333
.2283
.2235
.2189
.2145
.2103
.2062
.2023
.1985
.1948
.1913
.1879
.1846
.1814
.1783
.1754
.1725
.1697
.167
.1643
.1618
.1593
.1569
.1546
.1523
.1501
.1479
.1459
.1438
.1419
.1399
.1381
.1362
.1344
.1327
.131
.1294
.1277
.1262
.1246
.1231
.1217
.1202
.1188
.1175
.1161
.1148
.1135
.1123
.111
.1098
.1086
.1075
.1064
.1053
.1042
.1031
.1021
.101
.1
.099
.0981
.0971
.0962
.0953
.0944
.0935
.0926
.0918
.0909
.0901
.0893
.0885
.0877
.087
.0862
.0855
.0848
.084
.0833
.0826
.082
.0813
.0806
.08
.0793
.0787
.0781
.0775
.0769
.0763
.0757
.0751
.0745
.074
.0734
.0729
.0723
.0718
.0713
.0708
.0703
.0698
.0693
.0688
.0683
.0678
.0674
.0669
.0664
.066
.0656
.0651
.0647
.0643
.0638
.0634
.063
.0626
.0622
.0618
.0614
.061
.0606
.0603
.0599
.0595
.0592
.0588
.0585
.0581
.0578
.0574
.0571
.0567
.0564
.0561
.0558
.0554
.0551
.0548
.0545
.0542
.0539
.0536
.0533
.053
.0527
.0524
.0521
.0518
.0516
.0513
.051
.0508
.0505
.0502
.05
