4.1747
3.8674
3.5571
3.2461
2.9377
2.6489
2.4119
2.2512
2.1597
2.1114
2.0846
2.0678
2.0559
2.0464
2.0383
2.0312
2.0246
2.0184
2.0126
2.007
2.0017
1.9965
1.9915
1.9865
1.9817
1.977
1.9723
1.9677
1.9632
1.9587
1.9542
1.9498
1.9453
1.9409
1.9365
1.9321
1.9277
1.9233
1.9189
1.9145
1.9101
1.9056
1.9012
1.8967
1.8922
1.8878
1.8832
1.8787
1.8742
1.8696
1.865
1.8605
1.8559
1.8512
1.8466
1.842
1.8373
1.8326
1.8279
1.8232
1.8185
1.8138
1.8091
1.8044
1.7996
1.7949
1.7902
1.7854
1.7806
1.7759
1.7711
1.7664
1.7616
1.7569
1.7521
1.7474
1.7426
1.7379
1.7332
1.7285
1.7238
1.7191
1.7144
1.7098
1.7051
1.7005
1.6959
1.6914
1.6868
1.6823
1.6779
1.6734
1.669
1.6646
1.6603
1.656
1.6517
1.6475
1.6433
1.6391
1.635
1.6309
1.6269
1.6229
1.619
1.6151
1.6113
1.6075
1.6037
1.6
1.5963
1.5927
1.5891
1.5855
1.582
1.5785
1.5751
1.5717
1.5683
1.565
1.5617
1.5584
1.5552
1.552
1.5489
1.5457
1.5426
1.5395
1.5365
1.5335
1.5305
1.5275
1.5245
1.5216
1.5187
1.5158
1.513
1.5101
1.5073
1.5045
1.5017
1.4989
1.4961
1.4934
1.4906
1.4879
1.4852
1.4825
1.4798
1.4771
1.4745
1.4718
1.4692
1.4665
1.4639
1.4613
1.4587
1.4561
1.4535
1.4509
1.4483
1.4457
1.4431
1.4406
1.438
1.4354
1.4329
1.4303
1.4278
1.4253
1.4227
1.4202
1.4177
1.4152
1.4127
1.4102
1.4077
1.4052
1.4027
1.4002
1.3977
1.3952
1.3927
1.3903
1.3878
1.3853
1.3829
1.3804
1.378
1.3755
1.3731
1.3707
1.3683
1.3658
1.3634
1.361
1.3586
1.3562
1.3538
1.3514
1.349
1.3467
1.3443
1.3419
1.3396
1.3372
1.3349
1.3326
1.3302
1.3279
1.3256
1.3233
1.321
1.3187
1.3164
1.3141
1.3119
1.3096
1.3073
1.3051
1.3029
1.3006
1.2984
1.2962
1.294
1.2918
1.2896
1.2874
1.2852
1.283
1.2809
1.2787
1.2765
1.2744
1.2723
1.2701
1.268
1.2659
1.2638
1.2617
1.2596
1.2575
1.2554
1.2534
1.2513
1.2492
1.2472
1.2451
1.2431
1.241
1.239
1.237
1.2349
1.2329
1.2309
1.2289
1.2268
1.2248
1.2228
1.2208
1.2188
1.2168
1.2147
1.2127
1.2107
1.2086
1.2066
1.2045
1.2025
1.2004
1.1983
1.1962
1.1941
1.192
1.1898
1.1876
1.1854
1.1832
1.1809
1.1785
1.1762
1.1737
1.1713
1.1687
1.1661
1.1634
1.1606
1.1577
1.1547
1.1516
1.1483
1.1449
1.1412
1.1374
1.1334
1.1291
1.1245
1.1197
1.1144
1.1088
1.1028
1.0962
1.0891
1.0814
1.0731
1.064
1.054
1.0432
1.0314
1.0186
1.0046
.9895
.973
.9553
.9363
.916
.8943
.8715
.8476
.8227
.797
.7707
.744
.7171
.6903
.6637
.6375
.6119
.5871
.563
.5398
.5176
.4963
.476
.4567
.4383
.4208
.4042
.3885
.3736
.3595
.3461
.3334
.3213
.3099
.2991
.2888
.2791
.2698
.261
.2527
.2447
.2372
.23
.2231
.2166
.2104
.2044
.1988
.1934
.1882
.1832
.1785
.174
.1696
.1655
.1615
.1577
.154
.1505
.1471
.1438
.1407
.1377
.1348
.132
.1293
.1267
.1242
.1217
.1194
.1171
.1149
.1128
.1108
.1088
.1069
.105
.1032
.1015
.0998
.0982
.0966
.095
.0935
.0921
.0907
.0893
.0879
.0866
.0854
.0841
.0829
.0818
.0806
.0795
.0784
.0774
.0764
.0754
.0744
.0734
.0725
.0716
.0707
.0698
.069
.0681
.0673
.0665
.0658
.065
.0643
.0635
.0628
.0621
.0614
.0608
.0601
.0595
.0589
.0582
.0576
.057
.0565
.0559
.0553
.0548
.0543
.0537
.0532
.0527
.0522
.0517
.0512
.0508
.0503
.0498
