4.4688
4.187
3.8503
3.4765
3.1019
2.7703
2.5152
2.3463
2.2493
2.199
2.1742
2.1618
2.1551
2.151
2.148
2.1455
2.1431
2.1406
2.1381
2.1355
2.1329
2.1301
2.1274
2.1246
2.1217
2.1189
2.1161
2.1132
2.1104
2.1075
2.1047
2.1018
2.099
2.0962
2.0933
2.0905
2.0877
2.0848
2.082
2.0791
2.0762
2.0733
2.0704
2.0674
2.0643
2.0613
2.0581
2.0549
2.0516
2.0483
2.0448
2.0412
2.0375
2.0337
2.0298
2.0256
2.0214
2.0169
2.0122
2.0073
2.0021
1.9967
1.991
1.985
1.9787
1.972
1.9649
1.9575
1.9497
1.9414
1.9326
1.9234
1.9137
1.9035
1.8928
1.8815
1.8697
1.8573
1.8443
1.8307
1.8166
1.8019
1.7866
1.7707
1.7543
1.7373
1.7197
1.7016
1.683
1.6639
1.6444
1.6244
1.604
1.5832
1.5621
1.5407
1.5191
1.4972
1.4752
1.453
1.4308
1.4084
1.3861
1.3637
1.3414
1.3192
1.2971
1.2751
1.2532
1.2316
1.2101
1.1889
1.1679
1.1471
1.1267
1.1064
1.0865
1.0669
1.0475
1.0285
1.0098
.9914
.9734
.9556
.9382
.9211
.9044
.888
.8719
.8561
.8407
.8256
.8108
.7963
.7821
.7682
.7547
.7414
.7285
.7158
.7034
.6913
.6795
.6679
.6566
.6456
.6348
.6242
.614
.6039
.5941
.5845
.5751
.5659
.557
.5482
.5397
.5313
.5232
.5152
.5074
.4998
.4923
.485
.4779
.471
.4641
.4575
.451
.4446
.4384
.4323
.4263
.4205
.4148
.4092
.4037
.3984
.3931
.388
.383
.378
.3732
.3685
.3639
.3593
.3549
.3505
.3463
.3421
.338
.3339
.33
.3261
.3223
.3186
.315
.3114
.3079
.3044
.301
.2977
.2944
.2912
.2881
.285
.282
.279
.2761
.2732
.2704
.2676
.2648
.2622
.2595
.2569
.2544
.2519
.2494
.247
.2446
.2423
.24
.2377
.2355
.2333
.2311
.229
.2269
.2248
.2228
.2208
.2188
.2169
.215
.2131
.2112
.2094
.2076
.2059
.2041
.2024
.2007
.199
.1974
.1958
.1942
.1926
.191
.1895
.188
.1865
.185
.1836
.1822
.1807
.1794
.178
.1766
.1753
.174
.1727
.1714
.1701
.1689
.1676
.1664
.1652
.164
.1628
.1617
.1605
.1594
.1583
.1572
.1561
.155
.154
.1529
.1519
.1508
.1498
.1488
.1478
.1469
.1459
.1449
.144
.1431
.1421
.1412
.1403
.1394
.1386
.1377
.1368
.136
.1351
.1343
.1335
.1327
.1318
.1311
.1303
.1295
.1287
.1279
.1272
.1264
.1257
.125
.1242
.1235
.1228
.1221
.1214
.1207
.12
.1194
.1187
.118
.1174
.1167
.1161
.1154
.1148
.1142
.1136
.113
.1124
.1118
.1112
.1106
.11
.1094
.1088
.1083
.1077
.1072
.1066
.1061
.1055
.105
.1044
.1039
.1034
.1029
.1024
.1019
.1014
.1009
.1004
.0999
.0994
.0989
.0984
.098
.0975
.097
.0966
.0961
.0957
.0952
.0948
.0943
.0939
.0934
.093
.0926
.0922
.0917
.0913
.0909
.0905
.0901
.0897
.0893
.0889
.0885
.0881
.0877
.0873
.087
.0866
.0862
.0858
.0855
.0851
.0847
.0844
.084
.0837
.0833
.083
.0826
.0823
.0819
.0816
.0812
.0809
.0806
.0802
.0799
.0796
.0793
.079
.0786
.0783
.078
.0777
.0774
.0771
.0768
.0765
.0762
.0759
.0756
.0753
.075
.0747
.0744
.0741
.0739
.0736
.0733
.073
.0727
.0725
.0722
.0719
.0717
.0714
.0711
.0709
.0706
.0703
.0701
.0698
.0696
.0693
.0691
.0688
.0686
.0683
.0681
.0679
.0676
.0674
.0671
.0669
.0667
.0664
.0662
.066
.0657
.0655
.0653
.0651
.0648
.0646
.0644
.0642
.064
.0637
.0635
.0633
.0631
.0629
.0627
.0625
.0623
.0621
.0619
.0617
.0615
.0613
.0611
.0609
.0607
.0605
.0603
.0601
.0599
.0597
.0595
.0593
.0591
.0589
.0588
.0586
.0584
.0582
.058
.0578
.0577
.0575
.0573
.0571
.057
.0568
.0566
.0564
.0563
.0561
.0559
.0558
.0556
.0554
.0553
.0551
.0549
.0548
.0546
.0544
.0543
.0541
.054
.0538
.0536
.0535
.0533
.0532
.053
.0529
.0527
.0526
.0524
.0523
.0521
.052
.0518
.0517
.0515
.0514
.0512
.0511
.051
.0508
.0507
.0505
.0504
.0503
.0501
.05
