4.1682
3.8886
3.6213
3.3684
3.1284
2.9025
2.6978
2.5264
2.3982
2.3131
2.2611
2.2296
2.2092
2.1943
2.182
2.1711
2.1608
2.1509
2.141
2.1313
2.1215
2.1118
2.1021
2.0924
2.0827
2.0731
2.0635
2.0539
2.0443
2.0348
2.0254
2.0159
2.0066
1.9973
1.988
1.9788
1.9697
1.9606
1.9516
1.9427
1.9338
1.925
1.9163
1.9077
1.8991
1.8906
1.8821
1.8738
1.8655
1.8573
1.8491
1.8411
1.833
1.8251
1.8172
1.8094
1.8016
1.7939
1.7862
1.7786
1.771
1.7634
1.7558
1.7482
1.7407
1.7331
1.7254
1.7178
1.71
1.7022
1.6943
1.6862
1.678
1.6695
1.6609
1.6519
1.6427
1.633
1.6229
1.6123
1.6011
1.5891
1.5764
1.5628
1.5482
1.5323
1.5151
1.4964
1.4761
1.4539
1.4297
1.4034
1.3749
1.3442
1.3112
1.2762
1.2392
1.2007
1.1609
1.1203
1.0793
1.0384
.9979
.9583
.9199
.8828
.8473
.8133
.7811
.7505
.7216
.6942
.6684
.6441
.6211
.5994
.579
.5596
.5413
.524
.5077
.4921
.4774
.4634
.4501
.4374
.4254
.4139
.4029
.3925
.3825
.3729
.3637
.355
.3466
.3385
.3308
.3234
.3162
.3094
.3028
.2964
.2903
.2844
.2787
.2732
.2679
.2628
.2579
.2531
.2485
.2441
.2397
.2356
.2315
.2276
.2238
.2201
.2165
.2131
.2097
.2064
.2032
.2001
.1971
.1942
.1914
.1886
.1859
.1833
.1808
.1783
.1759
.1735
.1712
.1689
.1668
.1646
.1625
.1605
.1585
.1566
.1547
.1528
.151
.1492
.1475
.1458
.1441
.1425
.1409
.1394
.1378
.1363
.1349
.1334
.132
.1307
.1293
.128
.1267
.1254
.1242
.1229
.1217
.1206
.1194
.1183
.1171
.1161
.115
.1139
.1129
.1119
.1109
.1099
.1089
.1079
.107
.1061
.1052
.1043
.1034
.1025
.1017
.1008
.1
.0992
.0984
.0976
.0969
.0961
.0953
.0946
.0939
.0932
.0924
.0917
.0911
.0904
.0897
.0891
.0884
.0878
.0871
.0865
.0859
.0853
.0847
.0841
.0835
.0829
.0824
.0818
.0813
.0807
.0802
.0797
.0791
.0786
.0781
.0776
.0771
.0766
.0761
.0756
.0752
.0747
.0742
.0738
.0733
.0729
.0724
.072
.0716
.0711
.0707
.0703
.0699
.0695
.0691
.0687
.0683
.0679
.0675
.0671
.0668
.0664
.066
.0656
.0653
.0649
.0646
.0642
.0639
.0635
.0632
.0629
.0625
.0622
.0619
.0615
.0612
.0609
.0606
.0603
.06
.0597
.0594
.0591
.0588
.0585
.0582
.0579
.0576
.0574
.0571
.0568
.0565
.0563
.056
.0557
.0555
.0552
.0549
.0547
.0544
.0542
.0539
.0537
.0534
.0532
.053
.0527
.0525
.0522
.052
.0518
.0516
.0513
.0511
.0509
.0507
.0504
.0502
.05
.0498
