4.3021
3.9877
3.6799
3.3921
3.1251
2.8779
2.6569
2.4742
2.3396
2.2513
2.1982
2.167
2.148
2.1356
2.1264
2.1191
2.1127
2.1069
2.1013
2.0959
2.0906
2.0853
2.0801
2.0749
2.0698
2.0647
2.0596
2.0545
2.0494
2.0443
2.0393
2.0342
2.0291
2.024
2.0189
2.0138
2.0086
2.0034
1.9982
1.9928
1.9874
1.9819
1.9764
1.9707
1.965
1.9591
1.9532
1.9471
1.941
1.9347
1.9284
1.9219
1.9154
1.9088
1.9022
1.8955
1.8887
1.8819
1.8751
1.8683
1.8615
1.8547
1.848
1.8413
1.8346
1.828
1.8215
1.815
1.8087
1.8024
1.7962
1.7902
1.7842
1.7784
1.7726
1.767
1.7615
1.7561
1.7508
1.7456
1.7405
1.7355
1.7307
1.7259
1.7212
1.7166
1.7121
1.7076
1.7033
1.699
1.6947
1.6906
1.6865
1.6824
1.6784
1.6744
1.6705
1.6666
1.6628
1.6589
1.6551
1.6512
1.6474
1.6436
1.6397
1.6359
1.632
1.628
1.6241
1.62
1.6159
1.6117
1.6075
1.6031
1.5986
1.5939
1.5891
1.5842
1.579
1.5736
1.5679
1.562
1.5557
1.549
1.542
1.5344
1.5264
1.5177
1.5084
1.4983
1.4875
1.4756
1.4628
1.4487
1.4335
1.4168
1.3985
1.3787
1.3571
1.3338
1.3086
1.2816
1.2529
1.2226
1.1909
1.1581
1.1245
1.0905
1.0563
1.0222
.9887
.9557
.9237
.8926
.8626
.8338
.8061
.7795
.754
.7297
.7064
.6841
.6628
.6425
.623
.6043
.5865
.5694
.5531
.5375
.5225
.5082
.4945
.4814
.4688
.4567
.4451
.434
.4234
.4132
.4034
.3939
.3849
.3762
.3678
.3597
.352
.3445
.3373
.3304
.3237
.3173
.311
.305
.2992
.2936
.2882
.2829
.2778
.2729
.2682
.2635
.2591
.2547
.2505
.2464
.2425
.2386
.2349
.2313
.2277
.2243
.2209
.2177
.2145
.2114
.2084
.2055
.2027
.1999
.1972
.1945
.1919
.1894
.187
.1846
.1822
.1799
.1777
.1755
.1734
.1713
.1693
.1673
.1653
.1634
.1615
.1597
.1579
.1561
.1544
.1527
.1511
.1495
.1479
.1463
.1448
.1433
.1418
.1404
.139
.1376
.1362
.1349
.1336
.1323
.131
.1298
.1285
.1273
.1262
.125
.1239
.1227
.1216
.1206
.1195
.1184
.1174
.1164
.1154
.1144
.1135
.1125
.1116
.1107
.1097
.1089
.108
.1071
.1063
.1054
.1046
.1038
.103
.1022
.1014
.1006
.0999
.0991
.0984
.0976
.0969
.0962
.0955
.0948
.0942
.0935
.0928
.0922
.0915
.0909
.0903
.0896
.089
.0884
.0878
.0872
.0867
.0861
.0855
.085
.0844
.0839
.0833
.0828
.0823
.0817
.0812
.0807
.0802
.0797
.0792
.0788
.0783
.0778
.0773
.0769
.0764
.076
.0755
.0751
.0746
.0742
.0738
.0734
.0729
.0725
.0721
.0717
.0713
.0709
.0705
.0701
.0697
.0694
.069
.0686
.0683
.0679
.0675
.0672
.0668
.0665
.0661
.0658
.0654
.0651
.0648
.0644
.0641
.0638
.0635
.0631
.0628
.0625
.0622
.0619
.0616
.0613
.061
.0607
.0604
.0601
.0598
.0596
.0593
.059
.0587
.0584
.0582
.0579
.0576
.0574
.0571
.0568
.0566
.0563
.0561
.0558
.0556
.0553
.0551
.0548
.0546
.0544
.0541
.0539
.0537
.0534
.0532
.053
.0528
.0525
.0523
.0521
.0519
.0517
.0514
.0512
.051
.0508
.0506
.0504
.0502
.05
