4.6853
4.438
4.2009
3.9934
3.8179
3.6664
3.5285
3.3957
3.262
3.1238
2.9805
2.8351
2.6946
2.569
2.4673
2.3928
2.3425
2.3098
2.2883
2.2735
2.2625
2.2538
2.2464
2.2399
2.2339
2.2283
2.223
2.218
2.2131
2.2084
2.2038
2.1994
2.1951
2.1908
2.1867
2.1827
2.1787
2.1748
2.1709
2.167
2.1632
2.1594
2.1556
2.1517
2.1478
2.1439
2.1399
2.1358
2.1315
2.1272
2.1227
2.118
2.1132
2.1081
2.1028
2.0972
2.0913
2.0852
2.0787
2.0719
2.0647
2.0572
2.0494
2.0412
2.0326
2.0237
2.0145
2.005
1.9953
1.9853
1.9752
1.9649
1.9545
1.9441
1.9336
1.9232
1.9129
1.9028
1.8927
1.8829
1.8732
1.8638
1.8546
1.8457
1.837
1.8286
1.8205
1.8126
1.8051
1.7977
1.7907
1.7838
1.7772
1.7709
1.7647
1.7588
1.7531
1.7475
1.7422
1.737
1.732
1.7271
1.7224
1.7178
1.7134
1.709
1.7048
1.7007
1.6967
1.6928
1.6889
1.6852
1.6815
1.6779
1.6744
1.6709
1.6674
1.6641
1.6607
1.6574
1.6541
1.6509
1.6476
1.6444
1.6412
1.638
1.6348
1.6316
1.6284
1.6251
1.6218
1.6185
1.6152
1.6118
1.6083
1.6047
1.6011
1.5974
1.5935
1.5895
1.5854
1.5811
1.5766
1.5719
1.567
1.5618
1.5563
1.5504
1.5441
1.5374
1.5302
1.5224
1.5139
1.5046
1.4945
1.4835
1.4713
1.4579
1.443
1.4265
1.4083
1.388
1.3656
1.3408
1.3135
1.2836
1.2511
1.216
1.1786
1.1393
1.0984
1.0565
1.0141
.9718
.9301
.8895
.8503
.8128
.7771
.7434
.7116
.6818
.6537
.6275
.6029
.5798
.5582
.5379
.5189
.501
.4842
.4684
.4535
.4394
.4261
.4135
.4015
.3902
.3795
.3692
.3595
.3502
.3414
.333
.3249
.3172
.3098
.3028
.296
.2895
.2833
.2773
.2715
.266
.2607
.2555
.2506
.2458
.2412
.2367
.2324
.2283
.2242
.2204
.2166
.2129
.2094
.206
.2026
.1994
.1963
.1932
.1903
.1874
.1846
.1819
.1792
.1767
.1742
.1717
.1694
.167
.1648
.1626
.1604
.1583
.1563
.1543
.1524
.1505
.1486
.1468
.145
.1433
.1416
.1399
.1383
.1367
.1352
.1336
.1321
.1307
.1293
.1279
.1265
.1251
.1238
.1225
.1213
.12
.1188
.1176
.1164
.1153
.1141
.113
.1119
.1109
.1098
.1088
.1078
.1068
.1058
.1048
.1039
.103
.1021
.1012
.1003
.0994
.0985
.0977
.0969
.0961
.0953
.0945
.0937
.0929
.0922
.0914
.0907
.09
.0893
.0886
.0879
.0872
.0865
.0859
.0852
.0846
.0839
.0833
.0827
.0821
.0815
.0809
.0803
.0798
.0792
.0786
.0781
.0776
.077
.0765
.076
.0754
.0749
.0744
.0739
.0735
.073
.0725
.072
.0716
.0711
.0706
.0702
.0697
.0693
.0689
.0684
.068
.0676
.0672
.0668
.0664
.066
.0656
.0652
.0648
.0644
.0641
.0637
.0633
.0629
.0626
.0622
.0619
.0615
.0612
.0608
.0605
.0602
.0598
.0595
.0592
.0589
.0585
.0582
.0579
.0576
.0573
.057
.0567
.0564
.0561
.0558
.0555
.0553
.055
.0547
.0544
.0541
.0539
.0536
.0533
.0531
.0528
.0526
.0523
.052
.0518
.0515
.0513
.0511
.0508
.0506
.0503
.0501
.0499
