4.2611
3.9967
3.7511
3.529
3.3263
3.1375
2.9591
2.7926
2.6448
2.5252
2.4395
2.385
2.3531
2.3349
2.3238
2.3161
2.3098
2.304
2.2982
2.2921
2.2858
2.2792
2.2723
2.2652
2.258
2.2506
2.2431
2.2355
2.228
2.2206
2.2132
2.2059
2.1987
2.1917
2.1848
2.1781
2.1715
2.1651
2.1587
2.1525
2.1464
2.1403
2.1343
2.1283
2.1223
2.1163
2.1102
2.1041
2.0979
2.0916
2.0851
2.0786
2.0718
2.065
2.0579
2.0507
2.0433
2.0357
2.0279
2.0199
2.0118
2.0036
1.9952
1.9867
1.9781
1.9694
1.9607
1.952
1.9433
1.9346
1.9259
1.9173
1.9088
1.9004
1.8922
1.8841
1.8762
1.8684
1.8608
1.8534
1.8462
1.8392
1.8323
1.8257
1.8193
1.813
1.807
1.8011
1.7955
1.79
1.7847
1.7795
1.7745
1.7697
1.765
1.7605
1.7561
1.7519
1.7477
1.7438
1.7399
1.7361
1.7325
1.7289
1.7255
1.7221
1.7188
1.7157
1.7126
1.7096
1.7066
1.7038
1.701
1.6983
1.6956
1.693
1.6905
1.688
1.6856
1.6832
1.6809
1.6786
1.6764
1.6742
1.6721
1.67
1.6679
1.6659
1.6639
1.662
1.6601
1.6582
1.6564
1.6546
1.6528
1.651
1.6493
1.6476
1.6459
1.6443
1.6427
1.6411
1.6395
1.6379
1.6364
1.6348
1.6333
1.6319
1.6304
1.629
1.6275
1.6261
1.6247
1.6233
1.622
1.6206
1.6192
1.6179
1.6166
1.6153
1.614
1.6127
1.6114
1.6102
1.6089
1.6076
1.6064
1.6052
1.6039
1.6027
1.6015
1.6003
1.5991
1.5979
1.5967
1.5955
1.5943
1.5931
1.5919
1.5907
1.5895
1.5883
1.5871
1.586
1.5848
1.5836
1.5824
1.5812
1.58
1.5788
1.5775
1.5763
1.5751
1.5738
1.5726
1.5713
1.57
1.5688
1.5674
1.5661
1.5648
1.5634
1.5621
1.5607
1.5592
1.5578
1.5563
1.5548
1.5532
1.5516
1.55
1.5483
1.5466
1.5449
1.543
1.5412
1.5392
1.5372
1.5351
1.5329
1.5306
1.5282
1.5257
1.5231
1.5203
1.5174
1.5143
1.511
1.5075
1.5038
1.4998
1.4955
1.4909
1.4859
1.4805
1.4746
1.4682
1.4612
1.4535
1.4449
1.4355
1.425
1.4133
1.4002
1.3855
1.3689
1.3503
1.3293
1.3056
1.279
1.2491
1.2159
1.1792
1.1391
1.096
1.0504
1.0029
.9547
.9065
.8593
.814
.771
.7308
.6935
.6592
.6277
.5989
.5725
.5484
.5263
.5059
.4872
.4699
.4538
.4389
.425
.412
.3998
.3883
.3775
.3673
.3576
.3484
.3397
.3313
.3234
.3158
.3085
.3015
.2948
.2884
.2822
.2762
.2705
.2649
.2595
.2544
.2493
.2445
.2398
.2352
.2308
.2266
.2224
.2184
.2145
.2107
.207
.2034
.1999
.1965
.1932
.19
.1869
.1839
.1809
.178
.1752
.1725
.1699
.1673
.1648
.1623
.1599
.1576
.1553
.1531
.1509
.1488
.1467
.1447
.1428
.1408
.139
.1371
.1354
.1336
.1319
.1303
.1286
.127
.1255
.124
.1225
.121
.1196
.1182
.1169
.1155
.1142
.113
.1117
.1105
.1093
.1081
.107
.1058
.1047
.1036
.1026
.1015
.1005
.0995
.0985
.0976
.0966
.0957
.0948
.0939
.093
.0921
.0913
.0905
.0896
.0888
.088
.0873
.0865
.0857
.085
.0843
.0836
.0829
.0822
.0815
.0808
.0802
.0795
.0789
.0782
.0776
.077
.0764
.0758
.0752
.0747
.0741
.0735
.073
.0725
.0719
.0714
.0709
.0704
.0699
.0694
.0689
.0684
.0679
.0675
.067
.0665
.0661
.0656
.0652
.0648
.0643
.0639
.0635
.0631
.0627
.0623
.0619
.0615
.0611
.0607
.0603
.06
.0596
.0592
.0589
.0585
.0582
.0578
.0575
.0571
.0568
.0565
.0561
.0558
.0555
.0552
.0548
.0545
.0542
.0539
.0536
.0533
.053
.0527
.0525
.0522
.0519
.0516
.0513
.0511
.0508
.0505
.0503
.05
