4.3927
4.1362
3.9042
3.7033
3.5291
3.374
3.2317
3.0977
2.9694
2.846
2.7285
2.6192
2.5218
2.4398
2.3747
2.3255
2.2893
2.2623
2.2413
2.2238
2.2082
2.1935
2.1793
2.165
2.1507
2.1363
2.1218
2.1072
2.0926
2.0781
2.0637
2.0496
2.0358
2.0224
2.0094
1.9969
1.9849
1.9734
1.9625
1.9521
1.9422
1.9329
1.924
1.9156
1.9077
1.9001
1.893
1.8862
1.8797
1.8736
1.8678
1.8622
1.8568
1.8517
1.8468
1.8421
1.8376
1.8332
1.829
1.8249
1.821
1.8172
1.8134
1.8098
1.8063
1.8029
1.7995
1.7962
1.793
1.7898
1.7867
1.7836
1.7806
1.7777
1.7747
1.7719
1.769
1.7662
1.7634
1.7606
1.7578
1.7551
1.7524
1.7497
1.7469
1.7442
1.7415
1.7388
1.7361
1.7334
1.7307
1.7279
1.7252
1.7224
1.7196
1.7168
1.7139
1.711
1.7081
1.7051
1.702
1.6989
1.6958
1.6925
1.6892
1.6858
1.6823
1.6787
1.675
1.6712
1.6672
1.663
1.6587
1.6542
1.6495
1.6446
1.6394
1.6339
1.6281
1.622
1.6154
1.6084
1.6008
1.5927
1.5839
1.5743
1.5639
1.5524
1.5398
1.5259
1.5104
1.4931
1.4738
1.4521
1.4278
1.4006
1.3701
1.3362
1.2987
1.2577
1.2136
1.1668
1.118
1.0683
1.0184
.9694
.9219
.8764
.8335
.7931
.7554
.7204
.6879
.6577
.6297
.6038
.5796
.5572
.5363
.5168
.4986
.4815
.4655
.4505
.4364
.4231
.4105
.3986
.3874
.3767
.3666
.357
.3479
.3392
.3309
.323
.3155
.3082
.3013
.2947
.2884
.2823
.2764
.2708
.2654
.2602
.2552
.2504
.2457
.2412
.2369
.2327
.2286
.2247
.2209
.2172
.2137
.2102
.2069
.2036
.2005
.1974
.1945
.1916
.1888
.1861
.1834
.1808
.1783
.1759
.1735
.1712
.1689
.1667
.1645
.1624
.1604
.1584
.1564
.1545
.1527
.1508
.1491
.1473
.1456
.144
.1423
.1407
.1392
.1376
.1362
.1347
.1333
.1318
.1305
.1291
.1278
.1265
.1252
.124
.1227
.1215
.1204
.1192
.1181
.117
.1159
.1148
.1137
.1127
.1117
.1107
.1097
.1087
.1077
.1068
.1059
.105
.1041
.1032
.1023
.1015
.1007
.0998
.099
.0982
.0974
.0967
.0959
.0951
.0944
.0937
.093
.0922
.0916
.0909
.0902
.0895
.0889
.0882
.0876
.0869
.0863
.0857
.0851
.0845
.0839
.0833
.0828
.0822
.0816
.0811
.0805
.08
.0795
.0789
.0784
.0779
.0774
.0769
.0764
.0759
.0754
.075
.0745
.074
.0736
.0731
.0727
.0722
.0718
.0714
.0709
.0705
.0701
.0697
.0693
.0689
.0685
.0681
.0677
.0673
.0669
.0666
.0662
.0658
.0654
.0651
.0647
.0644
.064
.0637
.0633
.063
.0627
.0623
.062
.0617
.0613
.061
.0607
.0604
.0601
.0598
.0595
.0592
.0589
.0586
.0583
.058
.0577
.0574
.0572
.0569
.0566
.0563
.0561
.0558
.0555
.0553
.055
.0547
.0545
.0542
.054
.0537
.0535
.0532
.053
.0527
.0525
.0523
.052
.0518
.0516
.0513
.0511
.0509
.0507
.0505
.0502
.05
.0498
