4.7006
4.4597
4.203
3.9513
3.7197
3.5125
3.3261
3.155
2.9954
2.8464
2.711
2.5943
2.5011
2.4327
2.3863
2.3563
2.3372
2.3246
2.3157
2.3087
2.3028
2.2974
2.2922
2.287
2.2819
2.2767
2.2714
2.2661
2.2608
2.2554
2.25
2.2446
2.2392
2.2337
2.2282
2.2227
2.2172
2.2116
2.206
2.2003
2.1946
2.1888
2.1829
2.1769
2.1707
2.1644
2.1579
2.1512
2.1442
2.1368
2.1291
2.1208
2.1119
2.1024
2.092
2.0805
2.0678
2.0537
2.0378
2.0198
1.9994
1.976
1.9494
1.9189
1.8842
1.845
1.801
1.7524
1.6995
1.6431
1.5842
1.524
1.4637
1.4043
1.3467
1.2915
1.2392
1.19
1.1439
1.1009
1.0609
1.0237
.9892
.9571
.9274
.8997
.8739
.8498
.8274
.8065
.7868
.7684
.7512
.7349
.7196
.7051
.6914
.6784
.6661
.6545
.6433
.6327
.6226
.6129
.6037
.5948
.5863
.578
.5702
.5625
.5552
.5481
.5412
.5346
.5281
.5219
.5158
.5098
.5041
.4984
.4929
.4876
.4823
.4772
.4722
.4672
.4624
.4576
.4529
.4483
.4438
.4393
.4349
.4306
.4263
.4221
.4179
.4138
.4097
.4056
.4016
.3977
.3937
.3898
.386
.3822
.3784
.3746
.3709
.3672
.3635
.3599
.3563
.3527
.3492
.3457
.3422
.3388
.3354
.332
.3287
.3254
.3221
.3189
.3156
.3125
.3094
.3063
.3032
.3002
.2972
.2943
.2914
.2885
.2857
.2829
.2801
.2774
.2748
.2721
.2695
.267
.2645
.262
.2596
.2572
.2548
.2525
.2502
.2479
.2457
.2435
.2414
.2393
.2372
.2351
.2331
.2312
.2292
.2273
.2254
.2235
.2217
.2199
.2181
.2164
.2147
.213
.2113
.2097
.208
.2065
.2049
.2033
.2018
.2003
.1988
.1974
.1959
.1945
.1931
.1918
.1904
.1891
.1877
.1864
.1852
.1839
.1826
.1814
.1802
.179
.1778
.1766
.1755
.1743
.1732
.1721
.171
.1699
.1688
.1678
.1667
.1657
.1647
.1637
.1627
.1617
.1607
.1598
.1588
.1579
.1569
.156
.1551
.1542
.1533
.1524
.1516
.1507
.1499
.149
.1482
.1474
.1465
.1457
.1449
.1442
.1434
.1426
.1418
.1411
.1403
.1396
.1388
.1381
.1374
.1367
.136
.1353
.1346
.1339
.1332
.1325
.1319
.1312
.1306
.1299
.1293
.1286
.128
.1274
.1268
.1261
.1255
.1249
.1243
.1237
.1232
.1226
.122
.1214
.1209
.1203
.1197
.1192
.1187
.1181
.1176
.117
.1165
.116
.1155
.115
.1144
.1139
.1134
.1129
.1124
.112
.1115
.111
.1105
.11
.1096
.1091
.1086
.1082
.1077
.1073
.1068
.1064
.1059
.1055
.1051
.1046
.1042
.1038
.1033
.1029
.1025
.1021
.1017
.1013
.1009
.1005
.1001
.0997
.0993
.0989
.0985
.0981
.0978
.0974
.097
.0966
.0963
.0959
.0955
.0952
.0948
.0945
.0941
.0938
.0934
.0931
.0927
.0924
.092
.0917
.0914
.091
.0907
.0904
.09
.0897
.0894
.0891
.0888
.0884
.0881
.0878
.0875
.0872
.0869
.0866
.0863
.086
.0857
.0854
.0851
.0848
.0845
.0842
.084
.0837
.0834
.0831
.0828
.0826
.0823
.082
.0817
.0815
.0812
.0809
.0807
.0804
.0801
.0799
.0796
.0794
.0791
.0789
.0786
.0784
.0781
.0779
.0776
.0774
.0771
.0769
.0766
.0764
.0762
.0759
.0757
.0755
.0752
.075
.0748
.0745
.0743
.0741
.0739
.0736
.0734
.0732
.073
.0728
.0725
.0723
.0721
.0719
.0717
.0715
.0713
.0711
.0708
.0706
.0704
.0702
.07
.0698
.0696
.0694
.0692
.069
.0688
.0686
.0684
.0682
.0681
.0679
.0677
.0675
.0673
.0671
.0669
.0667
.0666
.0664
.0662
.066
.0658
.0656
.0655
.0653
.0651
.0649
.0648
.0646
.0644
.0642
.0641
.0639
.0637
.0636
.0634
.0632
.0631
.0629
.0627
.0626
.0624
.0622
.0621
.0619
.0618
.0616
.0614
.0613
.0611
.061
.0608
.0607
.0605
.0604
.0602
.06
.0599
.0597
.0596
.0594
.0593
.0592
.059
.0589
.0587
.0586
.0584
.0583
.0581
.058
.0579
.0577
.0576
.0574
.0573
.0572
.057
.0569
.0567
.0566
.0565
.0563
.0562
.0561
.0559
.0558
.0557
.0555
.0554
.0553
.0552
.055
.0549
.0548
.0547
.0545
.0544
.0543
.0541
.054
.0539
.0538
.0537
.0535
.0534
.0533
.0532
.0531
.0529
.0528
.0527
.0526
.0525
.0523
.0522
.0521
.052
.0519
.0518
.0517
.0515
.0514
.0513
.0512
.0511
.051
.0509
.0508
.0507
.0505
.0504
.0503
.0502
.0501
.05
.0499
