5.0911
4.9209
4.6978
4.4105
4.0576
3.6598
3.2598
2.9037
2.6201
2.4182
2.2904
2.2176
2.1779
2.1557
2.1416
2.1311
2.1223
2.114
2.106
2.0979
2.0899
2.0818
2.0737
2.0655
2.0574
2.0493
2.0412
2.0332
2.0253
2.0175
2.0097
2.002
1.9944
1.987
1.9796
1.9723
1.9651
1.9581
1.9511
1.9443
1.9376
1.931
1.9245
1.918
1.9117
1.9055
1.8995
1.8935
1.8876
1.8818
1.876
1.8704
1.8649
1.8594
1.8541
1.8488
1.8436
1.8384
1.8333
1.8283
1.8233
1.8184
1.8135
1.8087
1.8039
1.7991
1.7944
1.7897
1.785
1.7803
1.7756
1.7708
1.7661
1.7613
1.7564
1.7515
1.7465
1.7415
1.7363
1.7309
1.7254
1.7198
1.7139
1.7077
1.7013
1.6945
1.6873
1.6796
1.6714
1.6626
1.6531
1.6427
1.6314
1.619
1.6053
1.5902
1.5735
1.555
1.5345
1.5118
1.4869
1.4595
1.4299
1.398
1.3641
1.3286
1.2918
1.2542
1.2164
1.1787
1.1417
1.1056
1.0708
1.0372
1.0052
.9747
.9456
.9181
.8919
.8671
.8436
.8213
.8001
.78
.7608
.7425
.7251
.7085
.6926
.6773
.6627
.6487
.6353
.6223
.6099
.5978
.5863
.5751
.5643
.5538
.5437
.5339
.5244
.5151
.5062
.4975
.489
.4808
.4728
.4649
.4573
.4499
.4427
.4356
.4287
.422
.4154
.409
.4027
.3966
.3906
.3848
.379
.3734
.3679
.3626
.3573
.3522
.3471
.3422
.3374
.3326
.328
.3235
.319
.3147
.3105
.3063
.3022
.2982
.2943
.2905
.2867
.2831
.2795
.2759
.2725
.2691
.2658
.2625
.2594
.2563
.2532
.2502
.2473
.2444
.2416
.2388
.2361
.2335
.2309
.2283
.2259
.2234
.221
.2186
.2163
.2141
.2118
.2097
.2075
.2054
.2033
.2013
.1993
.1974
.1954
.1936
.1917
.1899
.1881
.1863
.1846
.1829
.1812
.1796
.178
.1764
.1748
.1733
.1718
.1703
.1688
.1674
.166
.1646
.1632
.1619
.1605
.1592
.1579
.1567
.1554
.1542
.153
.1518
.1506
.1494
.1483
.1471
.146
.1449
.1439
.1428
.1417
.1407
.1397
.1387
.1377
.1367
.1357
.1348
.1338
.1329
.132
.131
.1302
.1293
.1284
.1275
.1267
.1258
.125
.1242
.1234
.1226
.1218
.121
.1202
.1195
.1187
.118
.1172
.1165
.1158
.1151
.1144
.1137
.113
.1123
.1116
.111
.1103
.1097
.109
.1084
.1078
.1072
.1065
.1059
.1053
.1047
.1042
.1036
.103
.1024
.1019
.1013
.1008
.1002
.0997
.0991
.0986
.0981
.0976
.097
.0965
.096
.0955
.095
.0945
.0941
.0936
.0931
.0926
.0922
.0917
.0913
.0908
.0903
.0899
.0895
.089
.0886
.0882
.0877
.0873
.0869
.0865
.0861
.0857
.0853
.0849
.0845
.0841
.0837
.0833
.0829
.0826
.0822
.0818
.0814
.0811
.0807
.0804
.08
.0796
.0793
.079
.0786
.0783
.0779
.0776
.0773
.0769
.0766
.0763
.076
.0756
.0753
.075
.0747
.0744
.0741
.0738
.0735
.0732
.0729
.0726
.0723
.072
.0717
.0714
.0711
.0708
.0706
.0703
.07
.0697
.0695
.0692
.0689
.0687
.0684
.0681
.0679
.0676
.0674
.0671
.0669
.0666
.0664
.0661
.0659
.0656
.0654
.0651
.0649
.0647
.0644
.0642
.064
.0637
.0635
.0633
.0631
.0628
.0626
.0624
.0622
.0619
.0617
.0615
.0613
.0611
.0609
.0607
.0605
.0603
.06
.0598
.0596
.0594
.0592
.059
.0588
.0586
.0584
.0583
.0581
.0579
.0577
.0575
.0573
.0571
.0569
.0567
.0566
.0564
.0562
.056
.0558
.0557
.0555
.0553
.0551
.055
.0548
.0546
.0545
.0543
.0541
.0539
.0538
.0536
.0535
.0533
.0531
.053
.0528
.0526
.0525
.0523
.0522
.052
.0519
.0517
.0516
.0514
.0513
.0511
.051
.0508
.0507
.0505
.0504
.0502
.0501
.0499
