4.8567
4.6182
4.319
3.9644
3.5776
3.1944
2.8491
2.5681
2.3661
2.24
2.1706
2.1351
2.1173
2.1083
2.1034
2.1006
2.0987
2.0973
2.096
2.0948
2.0935
2.0921
2.0906
2.0891
2.0874
2.0856
2.0837
2.0817
2.0796
2.0774
2.0751
2.0727
2.0702
2.0677
2.0651
2.0624
2.0596
2.0567
2.0538
2.0509
2.0478
2.0448
2.0416
2.0384
2.0352
2.0319
2.0286
2.0253
2.0219
2.0185
2.0151
2.0116
2.0081
2.0046
2.001
1.9974
1.9938
1.9902
1.9865
1.9829
1.9792
1.9754
1.9717
1.9679
1.9641
1.9603
1.9564
1.9526
1.9487
1.9448
1.9409
1.937
1.9331
1.9292
1.9253
1.9213
1.9174
1.9135
1.9096
1.9056
1.9017
1.8978
1.8939
1.89
1.8861
1.8823
1.8784
1.8746
1.8707
1.8669
1.8631
1.8593
1.8555
1.8517
1.848
1.8442
1.8404
1.8366
1.8329
1.8291
1.8253
1.8215
1.8177
1.8138
1.8099
1.806
1.8021
1.7981
1.794
1.7899
1.7857
1.7814
1.777
1.7725
1.7679
1.7631
1.7582
1.7531
1.7478
1.7422
1.7363
1.7302
1.7237
1.7168
1.7095
1.7017
1.6933
1.6843
1.6746
1.6641
1.6528
1.6404
1.627
1.6123
1.5963
1.5789
1.56
1.5394
1.5172
1.4932
1.4675
1.4401
1.4112
1.381
1.3495
1.3172
1.2841
1.2507
1.2172
1.1838
1.1507
1.1181
1.0862
1.055
1.0247
.9952
.9666
.9389
.9121
.8861
.8611
.8369
.8135
.791
.7692
.7481
.7278
.7082
.6892
.671
.6533
.6363
.6199
.604
.5887
.574
.5598
.5461
.5328
.5201
.5078
.4959
.4845
.4735
.4629
.4526
.4427
.4332
.4239
.415
.4065
.3982
.3901
.3824
.3749
.3677
.3607
.3539
.3474
.341
.3349
.3289
.3231
.3175
.3121
.3068
.3017
.2968
.292
.2873
.2827
.2783
.274
.2699
.2658
.2618
.258
.2542
.2506
.247
.2436
.2402
.2369
.2337
.2305
.2275
.2245
.2216
.2187
.2159
.2132
.2106
.208
.2054
.203
.2005
.1982
.1958
.1936
.1913
.1892
.187
.1849
.1829
.1809
.1789
.177
.1751
.1732
.1714
.1696
.1679
.1662
.1645
.1629
.1612
.1596
.1581
.1565
.155
.1536
.1521
.1507
.1493
.1479
.1465
.1452
.1439
.1426
.1413
.1401
.1389
.1377
.1365
.1353
.1341
.133
.1319
.1308
.1297
.1287
.1276
.1266
.1256
.1246
.1236
.1226
.1217
.1207
.1198
.1189
.118
.1171
.1162
.1153
.1145
.1136
.1128
.112
.1112
.1104
.1096
.1088
.1081
.1073
.1066
.1058
.1051
.1044
.1037
.103
.1023
.1016
.1009
.1003
.0996
.099
.0983
.0977
.0971
.0964
.0958
.0952
.0946
.094
.0935
.0929
.0923
.0918
.0912
.0906
.0901
.0896
.089
.0885
.088
.0875
.087
.0865
.086
.0855
.085
.0845
.084
.0836
.0831
.0826
.0822
.0817
.0813
.0808
.0804
.08
.0796
.0791
.0787
.0783
.0779
.0775
.0771
.0767
.0763
.0759
.0755
.0751
.0747
.0744
.074
.0736
.0732
.0729
.0725
.0722
.0718
.0715
.0711
.0708
.0704
.0701
.0698
.0694
.0691
.0688
.0685
.0681
.0678
.0675
.0672
.0669
.0666
.0663
.066
.0657
.0654
.0651
.0648
.0645
.0642
.064
.0637
.0634
.0631
.0629
.0626
.0623
.062
.0618
.0615
.0613
.061
.0607
.0605
.0602
.06
.0597
.0595
.0593
.059
.0588
.0585
.0583
.0581
.0578
.0576
.0574
.0571
.0569
.0567
.0565
.0562
.056
.0558
.0556
.0554
.0552
.055
.0547
.0545
.0543
.0541
.0539
.0537
.0535
.0533
.0531
.0529
.0527
.0525
.0523
.0522
.052
.0518
.0516
.0514
.0512
.051
.0509
.0507
.0505
.0503
.0501
.05
