4.1813
4.0353
3.913
3.8082
3.7149
3.6282
3.5443
3.4602
3.3734
3.2817
3.1833
3.0768
2.9621
2.8412
2.7193
2.6046
2.506
2.4287
2.3723
2.3322
2.3028
2.2796
2.2598
2.2419
2.2249
2.2084
2.1922
2.1765
2.1611
2.1462
2.1318
2.1179
2.1047
2.0921
2.0802
2.0688
2.058
2.0477
2.038
2.0287
2.0198
2.0113
2.0032
1.9953
1.9877
1.9804
1.9732
1.9663
1.9595
1.9528
1.9463
1.9398
1.9335
1.9271
1.9208
1.9145
1.9082
1.9018
1.8954
1.8888
1.8821
1.8752
1.8681
1.8607
1.8529
1.8447
1.836
1.8267
1.8166
1.8056
1.7934
1.78
1.7649
1.7479
1.7286
1.7064
1.6809
1.6514
1.6172
1.5775
1.5318
1.4796
1.4208
1.3558
1.2857
1.2124
1.1379
1.0646
.9943
.9284
.8677
.8123
.7623
.7172
.6767
.6404
.6076
.5781
.5515
.5273
.5054
.4854
.4671
.4503
.4348
.4206
.4073
.3951
.3836
.373
.363
.3536
.3448
.3366
.3287
.3213
.3143
.3077
.3013
.2953
.2896
.2841
.2789
.2739
.2691
.2645
.26
.2558
.2517
.2478
.244
.2403
.2368
.2334
.2301
.2269
.2238
.2208
.2179
.2151
.2124
.2097
.2072
.2047
.2023
.1999
.1976
.1954
.1932
.1911
.189
.187
.185
.1831
.1813
.1794
.1777
.1759
.1742
.1726
.1709
.1694
.1678
.1663
.1648
.1633
.1619
.1605
.1592
.1578
.1565
.1552
.154
.1527
.1515
.1503
.1492
.148
.1469
.1458
.1447
.1437
.1426
.1416
.1406
.1396
.1386
.1377
.1367
.1358
.1349
.134
.1331
.1322
.1314
.1306
.1297
.1289
.1281
.1273
.1265
.1258
.125
.1243
.1235
.1228
.1221
.1214
.1207
.12
.1194
.1187
.1181
.1174
.1168
.1161
.1155
.1149
.1143
.1137
.1131
.1125
.112
.1114
.1108
.1103
.1097
.1092
.1087
.1081
.1076
.1071
.1066
.1061
.1056
.1051
.1046
.1041
.1037
.1032
.1027
.1023
.1018
.1014
.1009
.1005
.1
.0996
.0992
.0987
.0983
.0979
.0975
.0971
.0967
.0963
.0959
.0955
.0951
.0947
.0944
.094
.0936
.0932
.0929
.0925
.0922
.0918
.0915
.0911
.0908
.0904
.0901
.0897
.0894
.0891
.0888
.0884
.0881
.0878
.0875
.0872
.0868
.0865
.0862
.0859
.0856
.0853
.085
.0847
.0844
.0842
.0839
.0836
.0833
.083
.0827
.0825
.0822
.0819
.0816
.0814
.0811
.0808
.0806
.0803
.0801
.0798
.0796
.0793
.0791
.0788
.0786
.0783
.0781
.0778
.0776
.0773
.0771
.0769
.0766
.0764
.0762
.076
.0757
.0755
.0753
.075
.0748
.0746
.0744
.0742
.074
.0737
.0735
.0733
.0731
.0729
.0727
.0725
.0723
.0721
.0719
.0717
.0715
.0713
.0711
.0709
.0707
.0705
.0703
.0701
.0699
.0697
.0695
.0694
.0692
.069
.0688
.0686
.0684
.0683
.0681
.0679
.0677
.0675
.0674
.0672
.067
.0668
.0667
.0665
.0663
.0662
.066
.0658
.0657
.0655
.0653
.0652
.065
.0648
.0647
.0645
.0644
.0642
.0641
.0639
.0637
.0636
.0634
.0633
.0631
.063
.0628
.0627
.0625
.0624
.0622
.0621
.0619
.0618
.0616
.0615
.0614
.0612
.0611
.0609
.0608
.0606
.0605
.0604
.0602
.0601
.06
.0598
.0597
.0596
.0594
.0593
.0592
.059
.0589
.0588
.0586
.0585
.0584
.0582
.0581
.058
.0579
.0577
.0576
.0575
.0574
.0572
.0571
.057
.0569
.0567
.0566
.0565
.0564
.0563
.0561
.056
.0559
.0558
.0557
.0556
.0554
.0553
.0552
.0551
.055
.0549
.0548
.0546
.0545
.0544
.0543
.0542
.0541
.054
.0539
.0538
.0537
.0535
.0534
.0533
.0532
.0531
.053
.0529
.0528
.0527
.0526
.0525
.0524
.0523
.0522
.0521
.052
.0519
.0518
.0517
.0516
.0515
.0514
.0513
.0512
.0511
.051
.0509
.0508
.0507
.0506
.0505
.0504
.0503
.0502
.0501
.05
.0499
