3.738
3.4802
3.2409
3.0178
2.8107
2.624
2.4662
2.345
2.2608
2.2072
2.1744
2.1542
2.1413
2.1325
2.1258
2.1204
2.1156
2.1112
2.107
2.1029
2.0988
2.0946
2.0904
2.0861
2.0817
2.0772
2.0725
2.0677
2.0628
2.0577
2.0525
2.0471
2.0416
2.0359
2.0301
2.0242
2.0182
2.0121
2.0059
1.9996
1.9934
1.9871
1.9808
1.9745
1.9683
1.9621
1.956
1.95
1.9441
1.9383
1.9326
1.927
1.9216
1.9163
1.9111
1.9061
1.9012
1.8965
1.8919
1.8874
1.8831
1.8789
1.8748
1.8709
1.867
1.8633
1.8598
1.8563
1.8529
1.8496
1.8465
1.8434
1.8404
1.8375
1.8347
1.832
1.8293
1.8267
1.8242
1.8218
1.8194
1.8171
1.8148
1.8126
1.8105
1.8084
1.8064
1.8044
1.8024
1.8006
1.7987
1.7969
1.7951
1.7934
1.7917
1.7901
1.7884
1.7869
1.7853
1.7838
1.7823
1.7808
1.7794
1.778
1.7766
1.7753
1.7739
1.7726
1.7714
1.7701
1.7689
1.7677
1.7665
1.7653
1.7642
1.763
1.7619
1.7608
1.7597
1.7587
1.7576
1.7566
1.7556
1.7546
1.7536
1.7527
1.7517
1.7508
1.7498
1.7489
1.748
1.7471
1.7463
1.7454
1.7446
1.7437
1.7429
1.7421
1.7413
1.7405
1.7397
1.7389
1.7382
1.7374
1.7367
1.736
1.7352
1.7345
1.7338
1.7331
1.7324
1.7317
1.7311
1.7304
1.7298
1.7291
1.7285
1.7278
1.7272
1.7266
1.726
1.7254
1.7248
1.7242
1.7236
1.723
1.7224
1.7219
1.7213
1.7208
1.7202
1.7197
1.7191
1.7186
1.7181
1.7176
1.717
1.7165
1.716
1.7155
1.715
1.7145
1.7141
1.7136
1.7131
1.7126
1.7122
1.7117
1.7113
1.7108
1.7104
1.7099
1.7095
1.709
1.7086
1.7082
1.7078
1.7073
1.7069
1.7065
1.7061
1.7057
1.7053
1.7049
1.7045
1.7041
1.7037
1.7033
1.7029
1.7026
1.7022
1.7018
1.7015
1.7011
1.7007
1.7004
1.7
1.6997
1.6993
1.699
1.6986
1.6983
1.6979
1.6976
1.6973
1.6969
1.6966
1.6963
1.696
1.6956
1.6953
1.695
1.6947
1.6944
1.6941
1.6938
1.6935
1.6932
1.6929
1.6926
1.6923
1.692
1.6917
1.6914
1.6911
1.6908
1.6905
1.6902
1.69
1.6897
1.6894
1.6891
1.6889
1.6886
1.6883
1.6881
1.6878
1.6875
1.6873
1.687
1.6868
1.6865
1.6863
1.686
1.6858
1.6855
1.6853
1.685
1.6848
1.6845
1.6843
1.6841
1.6838
1.6836
1.6834
1.6831
1.6829
1.6827
1.6824
1.6822
1.682
1.6818
1.6815
1.6813
1.6811
1.6809
1.6807
1.6804
1.6802
1.68
1.6798
1.6796
1.6794
1.6792
1.679
1.6788
1.6785
1.6783
1.6781
1.6779
1.6777
1.6775
1.6773
1.6771
1.677
1.6768
1.6766
1.6764
1.6762
1.676
1.6758
1.6756
1.6754
1.6752
1.6751
1.6749
1.6747
1.6745
1.6743
1.6741
1.674
1.6738
1.6736
1.6734
1.6733
1.6731
1.6729
1.6727
1.6726
1.6724
1.6722
1.6721
1.6719
1.6717
1.6716
1.6714
1.6712
1.6711
1.6709
1.6707
1.6706
1.6704
1.6703
1.6701
1.6699
1.6698
1.6696
1.6695
1.6693
1.6692
1.669
1.6689
1.6687
1.6685
1.6684
1.6682
1.6681
1.6679
1.6678
1.6677
1.6675
1.6674
1.6672
1.6671
1.6669
1.6668
1.6666
1.6665
1.6664
1.6662
1.6661
1.6659
1.6658
1.6657
1.6655
1.6654
1.6652
1.6651
1.665
1.6648
1.6647
1.6646
1.6644
1.6643
1.6642
1.664
1.6639
1.6638
1.6637
1.6635
1.6634
1.6633
1.6631
1.663
1.6629
1.6628
1.6626
1.6625
1.6624
1.6623
1.6621
1.662
1.6619
1.6618
1.6617
1.6615
1.6614
1.6613
1.6612
1.6611
1.6609
1.6608
1.6607
1.6606
1.6605
1.6604
1.6602
1.6601
1.66
1.6599
1.6598
1.6597
1.6596
1.6594
1.6593
1.6592
1.6591
1.659
1.6589
1.6588
1.6587
1.6586
1.6584
1.6583
1.6582
1.6581
1.658
1.6579
1.6578
1.6577
1.6576
1.6575
1.6574
1.6573
1.6572
1.6571
1.657
1.6569
1.6568
1.6567
1.6565
1.6564
1.6563
1.6562
1.6561
1.656
1.6559
1.6558
1.6557
1.6556
1.6555
1.6554
1.6553
1.6553
1.6552
1.6551
1.655
1.6549
1.6548
1.6547
1.6546
1.6545
1.6544
1.6543
1.6542
1.6541
1.654
1.6539
1.6538
1.6537
1.6536
1.6535
1.6535
1.6534
1.6533
1.6532
1.6531
1.653
1.6529
1.6528
1.6527
1.6526
1.6525
1.6525
1.6524
1.6523
1.6522
1.6521
1.652
1.6519
1.6518
1.6518
1.6517
1.6516
1.6515
1.6514
1.6513
1.6512
1.6512
1.6511
1.651
1.6509
1.6508
1.6507
1.6506
1.6506
1.6505
1.6504
1.6503
1.6502
1.6501
1.6501
1.65
1.6499
1.6498
1.6497
1.6497
1.6496
1.6495
1.6494
1.6493
1.6493
1.6492
1.6491
1.649
1.6489
1.6489
1.6488
1.6487
1.6486
1.6485
1.6485
1.6484
1.6483
1.6482
1.6481
1.6481
1.648
1.6479
1.6478
1.6478
1.6477
1.6476
1.6475
1.6475
1.6474
1.6473
1.6472
1.6472
1.6471
1.647
1.6469
1.6469
1.6468
1.6467
1.6466
1.6466
1.6465
1.6464
1.6463
1.6463
1.6462
1.6461
1.646
1.646
1.6459
1.6458
1.6458
1.6457
1.6456
1.6455
1.6455
1.6454
1.6453
1.6453
1.6452
1.6451
1.645
1.645
1.6449
1.6448
1.6448
1.6447
1.6446
1.6445
1.6445
1.6444
1.6443
1.6443
1.6442
1.6441
1.6441
1.644
1.6439
1.6439
1.6438
1.6437
1.6436
1.6436
1.6435
1.6434
1.6434
1.6433
1.6432
1.6432
1.6431
1.643
1.643
1.6429
1.6428
1.6428
1.6427
1.6426
1.6426
1.6425
1.6424
1.6424
1.6423
1.6422
1.6422
1.6421
1.642
1.642
1.6419
1.6418
1.6418
1.6417
1.6416
1.6416
1.6415
1.6414
1.6414
1.6413
1.6412
1.6412
1.6411
1.641
1.641
1.6409
1.6408
1.6408
1.6407
1.6406
1.6406
1.6405
1.6405
1.6404
1.6403
1.6403
1.6402
1.6401
1.6401
1.64
1.6399
1.6399
1.6398
1.6397
1.6397
1.6396
1.6395
1.6395
1.6394
1.6394
1.6393
1.6392
1.6392
1.6391
1.639
1.639
1.6389
1.6388
1.6388
1.6387
1.6386
1.6386
1.6385
1.6385
1.6384
1.6383
1.6383
1.6382
1.6381
1.6381
1.638
1.6379
1.6379
1.6378
1.6377
1.6377
1.6376
1.6375
1.6375
1.6374
1.6374
1.6373
1.6372
1.6372
1.6371
1.637
1.637
1.6369
1.6368
1.6368
1.6367
1.6366
1.6366
1.6365
1.6364
1.6364
1.6363
1.6362
1.6362
1.6361
1.6361
1.636
1.6359
1.6359
1.6358
1.6357
1.6357
1.6356
1.6355
1.6355
1.6354
1.6353
1.6353
1.6352
1.6351
1.635
1.635
1.6349
1.6348
1.6348
1.6347
1.6346
1.6346
1.6345
1.6344
1.6344
1.6343
1.6342
1.6342
1.6341
1.634
1.6339
1.6339
1.6338
1.6337
1.6337
1.6336
1.6335
1.6334
1.6334
1.6333
1.6332
1.6332
1.6331
1.633
1.6329
1.6329
1.6328
1.6327
1.6326
1.6326
1.6325
1.6324
1.6323
1.6323
1.6322
1.6321
1.632
1.632
1.6319
1.6318
1.6317
1.6316
1.6316
1.6315
1.6314
1.6313
1.6312
1.6312
1.6311
1.631
1.6309
1.6308
1.6307
1.6306
1.6306
1.6305
1.6304
1.6303
1.6302
1.6301
1.63
1.6299
1.6299
1.6298
1.6297
1.6296
1.6295
1.6294
1.6293
1.6292
1.6291
1.629
1.6289
1.6288
1.6287
1.6286
1.6285
1.6284
1.6283
1.6282
1.6281
1.628
1.6279
1.6278
1.6277
1.6276
1.6274
1.6273
1.6272
1.6271
1.627
1.6269
1.6267
1.6266
1.6265
1.6264
1.6263
1.6261
1.626
1.6259
1.6257
1.6256
1.6255
1.6253
1.6252
1.6251
1.6249
1.6248
1.6246
1.6245
1.6243
1.6242
1.624
1.6238
1.6237
1.6235
1.6234
1.6232
1.623
1.6228
1.6227
1.6225
1.6223
1.6221
1.6219
1.6217
1.6215
1.6213
1.6211
1.6209
1.6207
1.6205
1.6202
1.62
1.6198
1.6195
1.6193
1.619
1.6188
1.6185
1.6182
1.618
1.6177
1.6174
1.6171
1.6168
1.6165
1.6161
1.6158
1.6155
1.6151
1.6148
1.6144
1.614
1.6136
1.6132
1.6128
1.6123
1.6119
1.6114
1.611
1.6105
1.6099
1.6094
1.6089
1.6083
1.6077
1.6071
1.6064
1.6058
1.6051
1.6044
1.6036
1.6028
1.602
1.6011
1.6002
1.5993
1.5983
1.5973
1.5962
1.595
1.5938
1.5925
1.5912
1.5897
1.5882
1.5866
1.5849
1.5831
1.5812
1.5791
1.5769
1.5745
1.572
1.5693
1.5663
1.5632
1.5597
1.556
1.5519
1.5475
1.5426
1.5373
1.5315
1.525
1.5179
1.51
1.5011
1.4913
1.4802
1.4678
1.4538
1.4379
1.42
1.3997
1.3767
1.3506
1.3212
1.2881
1.2512
1.2104
1.166
1.1182
1.0678
1.0155
.9624
.9095
.8575
.8074
.7596
.7144
.6722
.6328
.5964
.5627
.5317
.5032
.4769
.4527
.4304
.4099
.391
.3735
.3573
.3423
.3284
.3155
.3035
.2923
.2818
.272
.2629
.2543
.2462
.2386
.2314
.2246
.2183
.2122
.2065
.2011
.1959
.191
.1864
.1819
.1777
.1737
.1698
.1661
.1626
.1592
.156
.1529
.1499
.147
.1443
.1416
.1391
.1366
.1343
.132
.1298
.1277
.1256
.1236
.1217
.1198
.118
.1163
.1146
.113
.1114
.1098
.1083
.1069
.1055
.1041
.1028
.1015
.1002
.099
.0978
.0966
.0955
.0944
.0933
.0922
.0912
.0902
.0892
.0883
.0873
.0864
.0855
.0847
.0838
.083
.0822
.0814
.0806
.0798
.0791
.0784
.0776
.0769
.0763
.0756
.0749
.0743
.0736
.073
.0724
.0718
.0712
.0706
.0701
.0695
.069
.0684
.0679
.0674
.0669
.0664
.0659
.0654
.0649
.0644
.064
.0635
.0631
.0626
.0622
.0618
.0614
.061
.0606
.0602
.0598
.0594
.059
.0586
.0582
.0579
.0575
.0572
.0568
.0565
.0561
.0558
.0555
.0551
.0548
.0545
.0542
.0539
.0536
.0533
.053
.0527
.0524
.0521
.0518
.0516
.0513
.051
.0508
.0505
.0502
.05
