4.2592
4.0983
3.9755
3.8797
3.8008
3.7314
3.6664
3.602
3.5353
3.4638
3.3851
3.2972
3.1983
3.0875
2.9654
2.8356
2.7048
2.5828
2.4788
2.3977
2.3386
2.2969
2.2672
2.2454
2.2285
2.2149
2.2035
2.1935
2.1847
2.1766
2.1693
2.1625
2.1561
2.1501
2.1445
2.1392
2.1341
2.1292
2.1246
2.1201
2.1158
2.1117
2.1076
2.1037
2.0999
2.0962
2.0926
2.0891
2.0856
2.0822
2.0788
2.0755
2.0722
2.0689
2.0657
2.0624
2.0592
2.056
2.0528
2.0495
2.0463
2.043
2.0397
2.0364
2.033
2.0296
2.0261
2.0226
2.019
2.0153
2.0116
2.0078
2.0038
1.9998
1.9956
1.9914
1.987
1.9824
1.9777
1.9728
1.9677
1.9624
1.9568
1.9511
1.945
1.9387
1.932
1.925
1.9175
1.9097
1.9013
1.8924
1.8829
1.8728
1.8618
1.85
1.8373
1.8234
1.8083
1.7918
1.7737
1.7538
1.7319
1.7076
1.6809
1.6513
1.6187
1.5829
1.5439
1.5016
1.4563
1.4084
1.3585
1.3072
1.2554
1.2038
1.1531
1.1039
1.0567
1.0117
.9692
.9291
.8916
.8564
.8235
.7928
.7641
.7373
.7123
.6888
.6669
.6463
.6269
.6086
.5915
.5752
.5599
.5454
.5316
.5186
.5061
.4943
.483
.4723
.462
.4522
.4428
.4338
.4251
.4168
.4089
.4012
.3938
.3867
.3799
.3733
.3669
.3607
.3548
.349
.3435
.3381
.3329
.3279
.323
.3183
.3137
.3093
.3049
.3008
.2967
.2927
.2889
.2852
.2815
.278
.2745
.2712
.2679
.2648
.2617
.2586
.2557
.2528
.25
.2473
.2446
.242
.2395
.237
.2345
.2322
.2298
.2275
.2253
.2231
.221
.2189
.2169
.2149
.2129
.211
.2091
.2072
.2054
.2037
.2019
.2002
.1985
.1969
.1952
.1936
.1921
.1905
.189
.1876
.1861
.1847
.1832
.1819
.1805
.1792
.1778
.1765
.1753
.174
.1728
.1715
.1703
.1691
.168
.1668
.1657
.1646
.1635
.1624
.1613
.1603
.1592
.1582
.1572
.1562
.1552
.1542
.1533
.1523
.1514
.1505
.1496
.1487
.1478
.1469
.1461
.1452
.1444
.1435
.1427
.1419
.1411
.1403
.1395
.1387
.138
.1372
.1365
.1357
.135
.1343
.1335
.1328
.1321
.1314
.1307
.1301
.1294
.1287
.1281
.1274
.1268
.1261
.1255
.1249
.1243
.1237
.1231
.1225
.1219
.1213
.1207
.1201
.1196
.119
.1184
.1179
.1173
.1168
.1162
.1157
.1152
.1147
.1141
.1136
.1131
.1126
.1121
.1116
.1111
.1106
.1101
.1097
.1092
.1087
.1083
.1078
.1073
.1069
.1064
.106
.1055
.1051
.1047
.1042
.1038
.1034
.103
.1025
.1021
.1017
.1013
.1009
.1005
.1001
.0997
.0993
.0989
.0985
.0982
.0978
.0974
.097
.0966
.0963
.0959
.0955
.0952
.0948
.0945
.0941
.0938
.0934
.0931
.0927
.0924
.0921
.0917
.0914
.0911
.0907
.0904
.0901
.0898
.0894
.0891
.0888
.0885
.0882
.0879
.0876
.0873
.087
.0867
.0864
.0861
.0858
.0855
.0852
.0849
.0846
.0843
.0841
.0838
.0835
.0832
.083
.0827
.0824
.0821
.0819
.0816
.0813
.0811
.0808
.0806
.0803
.08
.0798
.0795
.0793
.079
.0788
.0785
.0783
.078
.0778
.0776
.0773
.0771
.0768
.0766
.0764
.0761
.0759
.0757
.0755
.0752
.075
.0748
.0746
.0743
.0741
.0739
.0737
.0735
.0732
.073
.0728
.0726
.0724
.0722
.072
.0718
.0716
.0714
.0712
.071
.0707
.0705
.0703
.0702
.07
.0698
.0696
.0694
.0692
.069
.0688
.0686
.0684
.0682
.068
.0679
.0677
.0675
.0673
.0671
.0669
.0668
.0666
.0664
.0662
.066
.0659
.0657
.0655
.0654
.0652
.065
.0648
.0647
.0645
.0643
.0642
.064
.0638
.0637
.0635
.0633
.0632
.063
.0629
.0627
.0625
.0624
.0622
.0621
.0619
.0618
.0616
.0615
.0613
.0612
.061
.0608
.0607
.0606
.0604
.0603
.0601
.06
.0598
.0597
.0595
.0594
.0592
.0591
.059
.0588
.0587
.0585
.0584
.0583
.0581
.058
.0578
.0577
.0576
.0574
.0573
.0572
.057
.0569
.0568
.0566
.0565
.0564
.0563
.0561
.056
.0559
.0557
.0556
.0555
.0554
.0552
.0551
.055
.0549
.0548
.0546
.0545
.0544
.0543
.0541
.054
.0539
.0538
.0537
.0536
.0534
.0533
.0532
.0531
.053
.0529
.0527
.0526
.0525
.0524
.0523
.0522
.0521
.052
.0518
.0517
.0516
.0515
.0514
.0513
.0512
.0511
.051
.0509
.0508
.0507
.0506
.0505
.0503
.0502
.0501
.05
.0499
