4.54
4.3138
4.1314
3.9936
3.888
3.8024
3.7276
3.6579
3.5896
3.5202
3.4482
3.3729
3.2942
3.2123
3.128
3.0422
2.9558
2.8696
2.7841
2.6997
2.6167
2.5351
2.4552
2.3777
2.3031
2.2326
2.1672
2.1081
2.0558
2.0109
1.973
1.9416
1.9159
1.8949
1.8776
1.8633
1.8512
1.8409
1.832
1.8241
1.817
1.8105
1.8046
1.799
1.7939
1.789
1.7844
1.78
1.7758
1.7717
1.7679
1.7641
1.7605
1.757
1.7536
1.7503
1.7471
1.7439
1.7409
1.7379
1.735
1.7321
1.7293
1.7265
1.7239
1.7212
1.7186
1.7161
1.7136
1.7111
1.7087
1.7063
1.704
1.7017
1.6994
1.6972
1.695
1.6929
1.6908
1.6887
1.6866
1.6846
1.6826
1.6807
1.6787
1.6768
1.675
1.6731
1.6713
1.6695
1.6678
1.666
1.6643
1.6626
1.661
1.6593
1.6577
1.6561
1.6545
1.6529
1.6514
1.6499
1.6484
1.6469
1.6454
1.6439
1.6425
1.6411
1.6397
1.6383
1.6369
1.6355
1.6342
1.6328
1.6315
1.6302
1.6289
1.6275
1.6263
1.625
1.6237
1.6224
1.6212
1.6199
1.6187
1.6174
1.6162
1.615
1.6138
1.6125
1.6113
1.6101
1.6089
1.6077
1.6065
1.6053
1.6041
1.6029
1.6017
1.6005
1.5992
1.598
1.5968
1.5956
1.5944
1.5931
1.5919
1.5906
1.5894
1.5881
1.5868
1.5856
1.5843
1.5829
1.5816
1.5803
1.5789
1.5775
1.5761
1.5747
1.5733
1.5718
1.5703
1.5688
1.5672
1.5657
1.564
1.5624
1.5607
1.5589
1.5571
1.5553
1.5534
1.5514
1.5494
1.5473
1.5452
1.5429
1.5406
1.5381
1.5356
1.533
1.5302
1.5273
1.5243
1.5211
1.5177
1.5141
1.5104
1.5064
1.5021
1.4976
1.4927
1.4875
1.4819
1.4758
1.4693
1.4622
1.4544
1.446
1.4367
1.4265
1.4153
1.4028
1.389
1.3736
1.3564
1.3371
1.3155
1.2912
1.2641
1.2337
1.1999
1.1626
1.1218
1.0777
1.031
.9823
.9325
.8827
.8338
.7867
.7418
.6996
.6604
.6241
.5906
.5598
.5315
.5056
.4817
.4596
.4394
.4206
.4032
.3871
.3722
.3583
.3453
.3332
.3218
.3112
.3012
.2918
.2829
.2746
.2667
.2592
.2521
.2454
.2391
.233
.2273
.2218
.2166
.2116
.2068
.2023
.1979
.1937
.1897
.1859
.1822
.1786
.1752
.1719
.1687
.1657
.1627
.1599
.1571
.1545
.1519
.1495
.1471
.1447
.1425
.1403
.1382
.1361
.1341
.1322
.1303
.1285
.1267
.125
.1233
.1216
.1201
.1185
.117
.1155
.1141
.1127
.1113
.11
.1086
.1074
.1061
.1049
.1037
.1026
.1014
.1003
.0992
.0982
.0971
.0961
.0951
.0941
.0932
.0922
.0913
.0904
.0895
.0886
.0878
.0869
.0861
.0853
.0845
.0838
.083
.0822
.0815
.0808
.0801
.0794
.0787
.078
.0774
.0767
.0761
.0754
.0748
.0742
.0736
.073
.0724
.0719
.0713
.0707
.0702
.0697
.0691
.0686
.0681
.0676
.0671
.0666
.0661
.0656
.0652
.0647
.0642
.0638
.0633
.0629
.0625
.062
.0616
.0612
.0608
.0604
.06
.0596
.0592
.0588
.0584
.0581
.0577
.0573
.057
.0566
.0563
.0559
.0556
.0552
.0549
.0546
.0542
.0539
.0536
.0533
.053
.0526
.0523
.052
.0517
.0514
.0512
.0509
.0506
.0503
.05
.0497
