4.0227
3.8592
3.7253
3.6121
3.5122
3.4212
3.3361
3.2555
3.1785
3.1048
3.034
2.9659
2.9003
2.8367
2.775
2.7148
2.6558
2.5979
2.5411
2.4856
2.4318
2.3803
2.3316
2.2864
2.2451
2.2081
2.1755
2.1471
2.1228
2.1022
2.0847
2.07
2.0577
2.0473
2.0385
2.031
2.0246
2.019
2.0141
2.0098
2.0059
2.0023
1.9991
1.996
1.9932
1.9905
1.9879
1.9854
1.9829
1.9806
1.9783
1.976
1.9738
1.9715
1.9693
1.9672
1.965
1.9629
1.9608
1.9587
1.9566
1.9546
1.9525
1.9505
1.9485
1.9466
1.9447
1.9428
1.941
1.9392
1.9374
1.9358
1.9341
1.9325
1.931
1.9295
1.928
1.9266
1.9253
1.924
1.9227
1.9215
1.9203
1.9192
1.9181
1.917
1.9159
1.9149
1.9139
1.9129
1.912
1.911
1.9101
1.9092
1.9083
1.9074
1.9065
1.9056
1.9047
1.9038
1.903
1.9021
1.9013
1.9004
1.8995
1.8987
1.8978
1.897
1.8961
1.8953
1.8944
1.8936
1.8927
1.8918
1.891
1.8901
1.8893
1.8884
1.8875
1.8866
1.8858
1.8849
1.884
1.8831
1.8822
1.8813
1.8804
1.8796
1.8787
1.8778
1.8769
1.876
1.875
1.8741
1.8732
1.8723
1.8714
1.8705
1.8696
1.8687
1.8678
1.8668
1.8659
1.865
1.8641
1.8632
1.8622
1.8613
1.8604
1.8595
1.8586
1.8576
1.8567
1.8558
1.8549
1.854
1.853
1.8521
1.8512
1.8503
1.8494
1.8485
1.8476
1.8466
1.8457
1.8448
1.8439
1.843
1.8421
1.8412
1.8403
1.8394
1.8385
1.8375
1.8366
1.8357
1.8348
1.8339
1.833
1.8321
1.8312
1.8303
1.8294
1.8285
1.8275
1.8266
1.8257
1.8248
1.8239
1.8229
1.822
1.8211
1.8201
1.8192
1.8182
1.8173
1.8163
1.8153
1.8143
1.8134
1.8124
1.8114
1.8103
1.8093
1.8083
1.8072
1.8061
1.805
1.8039
1.8028
1.8016
1.8005
1.7993
1.798
1.7968
1.7955
1.7941
1.7928
1.7914
1.7899
1.7884
1.7868
1.7852
1.7835
1.7817
1.7799
1.778
1.7759
1.7738
1.7715
1.7691
1.7666
1.7639
1.761
1.7579
1.7546
1.751
1.7471
1.7429
1.7383
1.7332
1.7277
1.7215
1.7147
1.7071
1.6986
1.6889
1.678
1.6655
1.6512
1.6346
1.6154
1.593
1.5666
1.5357
1.4995
1.4572
1.4082
1.3525
1.2904
1.2231
1.1523
1.0804
1.0093
.9409
.8766
.8169
.7623
.7126
.6678
.6273
.5909
.5581
.5285
.5018
.4776
.4556
.4355
.4172
.4005
.3851
.3709
.3578
.3456
.3343
.3238
.314
.3048
.2962
.2882
.2806
.2734
.2666
.2602
.2541
.2484
.2429
.2377
.2327
.228
.2235
.2192
.215
.211
.2072
.2036
.2001
.1967
.1934
.1903
.1873
.1844
.1815
.1788
.1762
.1736
.1712
.1688
.1665
.1642
.162
.1599
.1579
.1559
.1539
.152
.1502
.1484
.1467
.145
.1433
.1417
.1401
.1386
.1371
.1356
.1342
.1328
.1314
.1301
.1288
.1275
.1262
.125
.1238
.1226
.1215
.1203
.1192
.1182
.1171
.116
.115
.114
.113
.1121
.1111
.1102
.1093
.1084
.1075
.1066
.1058
.1049
.1041
.1033
.1025
.1017
.1009
.1002
.0994
.0987
.098
.0973
.0966
.0959
.0952
.0945
.0939
.0932
.0926
.0919
.0913
.0907
.0901
.0895
.0889
.0883
.0877
.0872
.0866
.0861
.0855
.085
.0844
.0839
.0834
.0829
.0824
.0819
.0814
.0809
.0804
.08
.0795
.079
.0786
.0781
.0777
.0772
.0768
.0764
.076
.0755
.0751
.0747
.0743
.0739
.0735
.0731
.0727
.0723
.072
.0716
.0712
.0708
.0705
.0701
.0697
.0694
.069
.0687
.0684
.068
.0677
.0673
.067
.0667
.0664
.066
.0657
.0654
.0651
.0648
.0645
.0642
.0639
.0636
.0633
.063
.0627
.0624
.0622
.0619
.0616
.0613
.061
.0608
.0605
.0602
.06
.0597
.0595
.0592
.0589
.0587
.0584
.0582
.0579
.0577
.0575
.0572
.057
.0567
.0565
.0563
.0561
.0558
.0556
.0554
.0551
.0549
.0547
.0545
.0543
.0541
.0538
.0536
.0534
.0532
.053
.0528
.0526
.0524
.0522
.052
.0518
.0516
.0514
.0512
.051
.0508
.0507
.0505
.0503
.0501
.0499
