4.3528
4.0211
3.6859
3.3868
3.1396
2.9399
2.7779
2.6459
2.5384
2.4513
2.3812
2.3252
2.2805
2.2449
2.2164
2.1932
2.1742
2.1584
2.145
2.1334
2.1233
2.1144
2.1064
2.0993
2.0928
2.0868
2.0814
2.0764
2.0718
2.0676
2.0637
2.06
2.0566
2.0534
2.0504
2.0477
2.045
2.0426
2.0402
2.038
2.0359
2.0339
2.0319
2.0301
2.0283
2.0266
2.025
2.0234
2.0219
2.0204
2.019
2.0176
2.0162
2.0149
2.0136
2.0123
2.0111
2.0098
2.0086
2.0074
2.0063
2.0051
2.004
2.0029
2.0018
2.0007
1.9996
1.9986
1.9975
1.9965
1.9955
1.9944
1.9934
1.9924
1.9914
1.9904
1.9894
1.9885
1.9875
1.9865
1.9856
1.9846
1.9837
1.9828
1.9818
1.9809
1.98
1.9791
1.9782
1.9773
1.9764
1.9755
1.9747
1.9738
1.973
1.9721
1.9713
1.9704
1.9696
1.9688
1.968
1.9672
1.9664
1.9656
1.9648
1.9641
1.9633
1.9626
1.9618
1.9611
1.9604
1.9597
1.959
1.9583
1.9576
1.9569
1.9562
1.9556
1.9549
1.9542
1.9536
1.953
1.9523
1.9517
1.9511
1.9505
1.9499
1.9493
1.9487
1.9481
1.9476
1.947
1.9464
1.9459
1.9453
1.9448
1.9442
1.9437
1.9432
1.9426
1.9421
1.9416
1.9411
1.9406
1.9401
1.9396
1.9391
1.9386
1.9382
1.9377
1.9372
1.9367
1.9363
1.9358
1.9354
1.9349
1.9345
1.934
1.9336
1.9332
1.9327
1.9323
1.9319
1.9315
1.9311
1.9307
1.9303
1.9299
1.9295
1.9291
1.9287
1.9283
1.9279
1.9275
1.9272
1.9268
1.9264
1.9261
1.9257
1.9253
1.925
1.9246
1.9243
1.9239
1.9236
1.9233
1.9229
1.9226
1.9223
1.9219
1.9216
1.9213
1.921
1.9207
1.9204
1.92
1.9197
1.9194
1.9191
1.9188
1.9185
1.9182
1.918
1.9177
1.9174
1.9171
1.9168
1.9165
1.9163
1.916
1.9157
1.9154
1.9152
1.9149
1.9146
1.9144
1.9141
1.9139
1.9136
1.9134
1.9131
1.9129
1.9126
1.9124
1.9121
1.9119
1.9116
1.9114
1.9112
1.9109
1.9107
1.9105
1.9102
1.91
1.9098
1.9095
1.9093
1.9091
1.9089
1.9086
1.9084
1.9082
1.908
1.9078
1.9076
1.9073
1.9071
1.9069
1.9067
1.9065
1.9063
1.9061
1.9059
1.9057
1.9055
1.9053
1.9051
1.9049
1.9047
1.9045
1.9043
1.9041
1.9039
1.9037
1.9035
1.9033
1.9031
1.9029
1.9027
1.9025
1.9023
1.9021
1.9019
1.9017
1.9015
1.9013
1.9011
1.9009
1.9007
1.9005
1.9003
1.9001
1.8998
1.8996
1.8994
1.8992
1.899
1.8988
1.8986
1.8984
1.8981
1.8979
1.8977
1.8975
1.8972
1.897
1.8968
1.8965
1.8963
1.896
1.8958
1.8955
1.8952
1.895
1.8947
1.8944
1.8941
1.8938
1.8935
1.8932
1.8928
1.8925
1.8921
1.8918
1.8914
1.891
1.8906
1.8902
1.8897
1.8893
1.8888
1.8883
1.8877
1.8872
1.8866
1.886
1.8853
1.8846
1.8839
1.8831
1.8823
1.8814
1.8805
1.8795
1.8784
1.8772
1.876
1.8746
1.8732
1.8716
1.8699
1.8681
1.8661
1.8639
1.8615
1.8589
1.856
1.8528
1.8493
1.8453
1.841
1.8362
1.8307
1.8246
1.8178
1.8101
1.8014
1.7915
1.7802
1.7675
1.7529
1.7363
1.7174
1.696
1.6717
1.6444
1.6138
1.58
1.543
1.5031
1.4607
1.4162
1.3704
1.3239
1.2772
1.231
1.1856
1.1415
1.0988
1.0578
1.0185
.9809
.945
.9108
.8783
.8474
.8181
.7902
.7637
.7386
.7147
.692
.6704
.6499
.6305
.6119
.5943
.5776
.5616
.5464
.5319
.5181
.505
.4924
.4804
.469
.458
.4475
.4375
.4279
.4187
.4098
.4014
.3932
.3854
.3779
.3707
.3637
.357
.3505
.3443
.3383
.3325
.3269
.3215
.3162
.3112
.3063
.3015
.2969
.2925
.2882
.284
.2799
.276
.2721
.2684
.2648
.2612
.2578
.2545
.2512
.248
.2449
.2419
.239
.2361
.2334
.2306
.228
.2254
.2228
.2203
.2179
.2156
.2132
.211
.2088
.2066
.2045
.2024
.2003
.1983
.1964
.1945
.1926
.1907
.1889
.1872
.1854
.1837
.182
.1804
.1788
.1772
.1757
.1741
.1726
.1711
.1697
.1683
.1669
.1655
.1641
.1628
.1615
.1602
.1589
.1577
.1565
.1552
.1541
.1529
.1517
.1506
.1495
.1484
.1473
.1462
.1452
.1441
.1431
.1421
.1411
.1401
.1391
.1382
.1372
.1363
.1354
.1345
.1336
.1327
.1318
.131
.1301
.1293
.1285
.1277
.1269
.1261
.1253
.1245
.1237
.123
.1222
.1215
.1208
.1201
.1193
.1186
.118
.1173
.1166
.1159
.1153
.1146
.114
.1133
.1127
.1121
.1114
.1108
.1102
.1096
.109
.1084
.1079
.1073
.1067
.1062
.1056
.105
.1045
.104
.1034
.1029
.1024
.1019
.1013
.1008
.1003
.0998
.0993
.0989
.0984
.0979
.0974
.097
.0965
.096
.0956
.0951
.0947
.0942
.0938
.0934
.0929
.0925
.0921
.0917
.0912
.0908
.0904
.09
.0896
.0892
.0888
.0884
.0881
.0877
.0873
.0869
.0865
.0862
.0858
.0854
.0851
.0847
.0844
.084
.0837
.0833
.083
.0826
.0823
.082
.0816
.0813
.081
.0806
.0803
.08
.0797
.0794
.0791
.0787
.0784
.0781
.0778
.0775
.0772
.0769
.0766
.0763
.0761
.0758
.0755
.0752
.0749
.0746
.0744
.0741
.0738
.0736
.0733
.073
.0728
.0725
.0722
.072
.0717
.0715
.0712
.0709
.0707
.0705
.0702
.07
.0697
.0695
.0692
.069
.0688
.0685
.0683
.0681
.0678
.0676
.0674
.0671
.0669
.0667
.0665
.0663
.066
.0658
.0656
.0654
.0652
.065
.0648
.0645
.0643
.0641
.0639
.0637
.0635
.0633
.0631
.0629
.0627
.0625
.0623
.0621
.0619
.0618
.0616
.0614
.0612
.061
.0608
.0606
.0605
.0603
.0601
.0599
.0597
.0596
.0594
.0592
.059
.0588
.0587
.0585
.0583
.0582
.058
.0578
.0577
.0575
.0573
.0572
.057
.0568
.0567
.0565
.0564
.0562
.056
.0559
.0557
.0556
.0554
.0553
.0551
.055
.0548
.0547
.0545
.0544
.0542
.0541
.0539
.0538
.0536
.0535
.0533
.0532
.0531
.0529
.0528
.0526
.0525
.0524
.0522
.0521
.0519
.0518
.0517
.0515
.0514
.0513
.0511
.051
.0509
.0508
.0506
.0505
.0504
.0502
.0501
.05
