4.2753
4.1006
3.9522
3.8238
3.708
3.5985
3.4902
3.3792
3.2629
3.1398
3.0105
2.8781
2.7493
2.6331
2.5381
2.4676
2.4192
2.3869
2.3647
2.3483
2.3351
2.3238
2.3134
2.3038
2.2946
2.2858
2.2774
2.2693
2.2616
2.2542
2.2472
2.2406
2.2342
2.2282
2.2226
2.2172
2.212
2.2071
2.2025
2.198
2.1938
2.1896
2.1857
2.1819
2.1782
2.1746
2.171
2.1676
2.1642
2.1608
2.1575
2.1542
2.151
2.1477
2.1444
2.141
2.1376
2.1341
2.1306
2.1269
2.1231
2.1192
2.1151
2.1108
2.1062
2.1015
2.0965
2.0911
2.0855
2.0795
2.0731
2.0663
2.0591
2.0513
2.0431
2.0343
2.025
2.015
2.0044
1.9931
1.9811
1.9684
1.9549
1.9406
1.9254
1.9092
1.8921
1.8739
1.8545
1.8339
1.8118
1.7881
1.7627
1.7353
1.7057
1.6735
1.6384
1.6002
1.5584
1.5128
1.4632
1.4095
1.3518
1.2906
1.2264
1.1603
1.0934
1.027
.9623
.9001
.8413
.7862
.735
.6879
.6446
.605
.5689
.5359
.5057
.4782
.453
.4299
.4087
.3892
.3713
.3547
.3394
.3252
.312
.2998
.2883
.2776
.2677
.2583
.2495
.2413
.2335
.2262
.2192
.2127
.2065
.2006
.195
.1897
.1847
.1799
.1753
.171
.1668
.1628
.159
.1553
.1518
.1485
.1452
.1421
.1392
.1363
.1335
.1309
.1283
.1259
.1235
.1212
.1189
.1168
.1147
.1127
.1108
.1089
.1071
.1053
.1036
.1019
.1003
.0987
.0972
.0957
.0943
.0929
.0915
.0902
.0889
.0877
.0864
.0852
.0841
.083
.0818
.0808
.0797
.0787
.0777
.0767
.0758
.0748
.0739
.073
.0722
.0713
.0705
.0697
.0689
.0681
.0673
.0666
.0659
.0651
.0644
.0637
.0631
.0624
.0618
.0611
.0605
.0599
.0593
.0587
.0581
.0576
.057
.0565
.0559
.0554
.0549
.0544
.0539
.0534
.0529
.0524
.052
.0515
.051
.0506
.0502
.0497
