4.289
3.9939
3.6964
3.3983
3.099
2.8075
2.5508
2.3607
2.2448
2.182
2.1473
2.126
2.111
2.0993
2.0895
2.0809
2.0733
2.0663
2.0599
2.0539
2.0484
2.0432
2.0383
2.0337
2.0293
2.0252
2.0212
2.0175
2.0139
2.0104
2.0071
2.0039
2.0009
1.9979
1.995
1.9922
1.9894
1.9868
1.9842
1.9816
1.9791
1.9766
1.9742
1.9718
1.9695
1.9672
1.9649
1.9626
1.9603
1.9581
1.9558
1.9536
1.9514
1.9492
1.9469
1.9447
1.9425
1.9403
1.938
1.9358
1.9335
1.9312
1.9289
1.9266
1.9243
1.9219
1.9195
1.9171
1.9146
1.9121
1.9096
1.907
1.9044
1.9017
1.899
1.8962
1.8934
1.8905
1.8875
1.8845
1.8814
1.8782
1.8749
1.8716
1.8681
1.8646
1.8609
1.8572
1.8533
1.8494
1.8453
1.8411
1.8368
1.8324
1.8279
1.8233
1.8186
1.8138
1.8089
1.8039
1.7989
1.7938
1.7886
1.7834
1.7781
1.7728
1.7675
1.7622
1.7569
1.7516
1.7464
1.7411
1.736
1.7309
1.7259
1.7209
1.7161
1.7113
1.7066
1.702
1.6975
1.6931
1.6888
1.6847
1.6806
1.6766
1.6727
1.669
1.6653
1.6617
1.6582
1.6548
1.6515
1.6483
1.6452
1.6422
1.6392
1.6364
1.6336
1.6308
1.6282
1.6256
1.6231
1.6206
1.6182
1.6158
1.6135
1.6113
1.6091
1.607
1.6049
1.6028
1.6008
1.5989
1.597
1.5951
1.5932
1.5914
1.5896
1.5879
1.5862
1.5845
1.5828
1.5812
1.5796
1.578
1.5765
1.5749
1.5734
1.5719
1.5704
1.569
1.5675
1.5661
1.5647
1.5633
1.5619
1.5606
1.5592
1.5579
1.5565
1.5552
1.5539
1.5526
1.5513
1.55
1.5487
1.5474
1.5461
1.5448
1.5435
1.5422
1.5409
1.5397
1.5384
1.5371
1.5358
1.5345
1.5332
1.5319
1.5305
1.5292
1.5279
1.5265
1.5251
1.5237
1.5223
1.5209
1.5195
1.518
1.5165
1.515
1.5134
1.5118
1.5102
1.5086
1.5069
1.5051
1.5033
1.5015
1.4996
1.4976
1.4956
1.4935
1.4913
1.489
1.4866
1.4841
1.4815
1.4788
1.4759
1.4729
1.4697
1.4663
1.4627
1.4589
1.4548
1.4504
1.4456
1.4405
1.435
1.4289
1.4223
1.4151
1.4071
1.3982
1.3884
1.3773
1.365
1.351
1.3351
1.317
1.2963
1.2726
1.2454
1.2143
1.1788
1.1387
1.094
1.0449
.9922
.9371
.881
.8255
.7719
.7213
.6743
.6312
.592
.5564
.5241
.495
.4685
.4445
.4226
.4026
.3842
.3674
.3518
.3375
.3242
.3119
.3005
.2898
.2799
.2705
.2618
.2536
.246
.2387
.2319
.2254
.2193
.2136
.2081
.2029
.198
.1933
.1888
.1845
.1804
.1765
.1728
.1692
.1658
.1625
.1594
.1563
.1534
.1506
.1479
.1453
.1428
.1404
.138
.1358
.1336
.1315
.1294
.1274
.1255
.1237
.1219
.1201
.1184
.1167
.1151
.1136
.112
.1106
.1091
.1077
.1064
.105
.1037
.1025
.1012
.1
.0988
.0977
.0966
.0955
.0944
.0934
.0923
.0913
.0903
.0894
.0884
.0875
.0866
.0857
.0849
.084
.0832
.0824
.0816
.0808
.08
.0793
.0786
.0778
.0771
.0764
.0757
.0751
.0744
.0737
.0731
.0725
.0719
.0713
.0707
.0701
.0695
.0689
.0684
.0678
.0673
.0667
.0662
.0657
.0652
.0647
.0642
.0637
.0632
.0628
.0623
.0618
.0614
.0609
.0605
.0601
.0596
.0592
.0588
.0584
.058
.0576
.0572
.0568
.0564
.0561
.0557
.0553
.055
.0546
.0543
.0539
.0536
.0532
.0529
.0526
.0522
.0519
.0516
.0513
.051
.0507
.0503
.05
.0498
