4.4843
4.2416
4.0106
3.8037
3.6222
3.4611
3.3145
3.1779
3.049
2.9279
2.8165
2.718
2.6355
2.5706
2.5229
2.4897
2.4675
2.4529
2.4431
2.4363
2.4312
2.4271
2.4234
2.42
2.4166
2.4132
2.4098
2.4062
2.4025
2.3986
2.3947
2.3906
2.3864
2.3821
2.3777
2.3731
2.3684
2.3636
2.3587
2.3536
2.3484
2.3431
2.3376
2.3319
2.3261
2.32
2.3139
2.3075
2.3009
2.294
2.287
2.2797
2.2722
2.2644
2.2563
2.2479
2.2392
2.2301
2.2205
2.2105
2.2
2.1889
2.177
2.1644
2.1508
2.1361
2.1202
2.1028
2.0838
2.0631
2.0403
2.0154
1.9883
1.9588
1.927
1.893
1.857
1.8191
1.7796
1.739
1.6975
1.6555
1.6133
1.5712
1.5295
1.4883
1.4478
1.4082
1.3695
1.3318
1.2953
1.2598
1.2255
1.1923
1.1603
1.1294
1.0997
1.071
1.0435
1.017
.9916
.9672
.9438
.9214
.8999
.8793
.8596
.8407
.8226
.8053
.7887
.7728
.7576
.743
.7291
.7157
.7029
.6906
.6789
.6676
.6568
.6464
.6364
.6269
.6177
.6088
.6003
.5922
.5843
.5767
.5695
.5624
.5557
.5491
.5429
.5368
.5309
.5252
.5198
.5145
.5094
.5044
.4996
.495
.4905
.4861
.4819
.4778
.4738
.47
.4662
.4626
.459
.4556
.4523
.449
.4459
.4428
.4398
.4369
.434
.4313
.4286
.4259
.4234
.4209
.4184
.416
.4137
.4114
.4092
.4071
.4049
.4029
.4008
.3989
.3969
.395
.3932
.3914
.3896
.3878
.3861
.3845
.3828
.3812
.3797
.3781
.3766
.3751
.3737
.3722
.3708
.3695
.3681
.3668
.3655
.3642
.363
.3617
.3605
.3593
.3582
.357
.3559
.3548
.3537
.3526
.3516
.3505
.3495
.3485
.3475
.3465
.3456
.3446
.3437
.3428
.3419
.341
.3401
.3393
.3384
.3376
.3368
.3359
.3351
.3344
.3336
.3328
.3321
.3313
.3306
.3298
.3291
.3284
.3277
.327
.3264
.3257
.325
.3244
.3237
.3231
.3225
.3218
.3212
.3206
.32
.3194
.3189
.3183
.3177
.3172
.3166
.3161
.3155
.315
.3145
.3139
.3134
.3129
.3124
.3119
.3114
.3109
.3104
.31
.3095
.309
.3086
.3081
.3076
.3072
.3068
.3063
.3059
.3055
.305
.3046
.3042
.3038
.3034
.303
.3026
.3022
.3018
.3014
.301
.3006
.3003
.2999
.2995
.2992
.2988
.2984
.2981
.2977
.2974
.2971
.2967
.2964
.296
.2957
.2954
.2951
.2947
.2944
.2941
.2938
.2935
.2932
.2929
.2926
.2923
.292
.2917
.2914
.2911
