4.7911
4.537
4.2063
3.7979
3.3419
2.9025
2.5473
2.3099
2.1767
2.1095
2.0751
2.055
2.0408
2.029
2.0182
2.0078
1.9976
1.9874
1.9772
1.967
1.9568
1.9465
1.9362
1.9258
1.9153
1.9047
1.8939
1.8829
1.8717
1.8603
1.8486
1.8367
1.8244
1.8117
1.7987
1.7853
1.7714
1.757
1.7421
1.7266
1.7106
1.6939
1.6766
1.6586
1.6399
1.6204
1.6002
1.5791
1.5573
1.5347
1.5113
1.4871
1.4622
1.4365
1.4102
1.3832
1.3557
1.3276
1.2992
1.2705
1.2416
1.2126
1.1836
1.1546
1.1258
1.0973
1.0691
1.0413
1.0139
.9871
.9609
.9352
.9102
.8858
.8621
.839
.8167
.795
.774
.7536
.7339
.7149
.6964
.6786
.6614
.6448
.6287
.6131
.5981
.5836
.5696
.5561
.543
.5304
.5182
.5064
.495
.4839
.4733
.463
.453
.4433
.434
.425
.4162
.4078
.3996
.3917
.384
.3765
.3693
.3623
.3556
.349
.3426
.3364
.3304
.3246
.3189
.3134
.3081
.3029
.2979
.293
.2882
.2836
.2791
.2747
.2704
.2663
.2622
.2583
.2545
.2507
.2471
.2435
.2401
.2367
.2334
.2302
.227
.224
.221
.2181
.2152
.2124
.2097
.207
.2044
.2019
.1994
.197
.1946
.1922
.19
.1877
.1855
.1834
.1813
.1793
.1772
.1753
.1733
.1714
.1696
.1678
.166
.1642
.1625
.1608
.1592
.1575
.1559
.1544
.1528
.1513
.1499
.1484
.147
.1456
.1442
.1428
.1415
.1402
.1389
.1376
.1364
.1352
.1339
.1328
.1316
.1304
.1293
.1282
.1271
.126
.125
.1239
.1229
.1219
.1209
.1199
.1189
.118
.117
.1161
.1152
.1143
.1134
.1125
.1117
.1108
.11
.1092
.1084
.1076
.1068
.106
.1052
.1044
.1037
.103
.1022
.1015
.1008
.1001
.0994
.0987
.098
.0974
.0967
.0961
.0954
.0948
.0942
.0935
.0929
.0923
.0917
.0911
.0906
.09
.0894
.0888
.0883
.0877
.0872
.0867
.0861
.0856
.0851
.0846
.0841
.0836
.0831
.0826
.0821
.0816
.0811
.0807
.0802
.0797
.0793
.0788
.0784
.078
.0775
.0771
.0767
.0762
.0758
.0754
.075
.0746
.0742
.0738
.0734
.073
.0726
.0723
.0719
.0715
.0711
.0708
.0704
.07
.0697
.0693
.069
.0686
.0683
.068
.0676
.0673
.0669
.0666
.0663
.066
.0657
.0653
.065
.0647
.0644
.0641
.0638
.0635
.0632
.0629
.0626
.0623
.062
.0618
.0615
.0612
.0609
.0607
.0604
.0601
.0598
.0596
.0593
.0591
.0588
.0585
.0583
.058
.0578
.0575
.0573
.057
.0568
.0566
.0563
.0561
.0558
.0556
.0554
.0552
.0549
.0547
.0545
.0543
.054
.0538
.0536
.0534
.0532
.053
.0527
.0525
.0523
.0521
.0519
.0517
.0515
.0513
.0511
.0509
.0507
.0505
.0503
.0501
.05
