4.0741
3.9308
3.805
3.6885
3.574
3.4555
3.3281
3.188
3.0342
2.87
2.7054
2.5569
2.4395
2.3585
2.3073
2.2755
2.2547
2.2396
2.2277
2.2175
2.2084
2.2
2.1921
2.1846
2.1775
2.1708
2.1643
2.1583
2.1525
2.147
2.1418
2.1368
2.1321
2.1277
2.1235
2.1195
2.1157
2.1121
2.1087
2.1055
2.1023
2.0994
2.0965
2.0938
2.0911
2.0886
2.0861
2.0837
2.0814
2.0791
2.0768
2.0746
2.0724
2.0703
2.0681
2.066
2.0638
2.0616
2.0594
2.0572
2.0549
2.0526
2.0502
2.0478
2.0453
2.0427
2.04
2.0372
2.0343
2.0312
2.0281
2.0248
2.0214
2.0178
2.014
2.0101
2.0061
2.0018
1.9974
1.9929
1.9881
1.9833
1.9782
1.973
1.9677
1.9622
1.9566
1.9509
1.9452
1.9393
1.9334
1.9274
1.9214
1.9154
1.9094
1.9035
1.8975
1.8916
1.8858
1.88
1.8743
1.8687
1.8632
1.8578
1.8525
1.8473
1.8422
1.8373
1.8324
1.8277
1.8231
1.8186
1.8143
1.81
1.8059
1.8019
1.798
1.7942
1.7905
1.7869
1.7834
1.78
1.7767
1.7735
1.7703
1.7673
1.7643
1.7615
1.7586
1.7559
1.7532
1.7506
1.7481
1.7456
1.7432
1.7409
1.7386
1.7363
1.7341
1.732
1.7299
1.7278
1.7258
1.7239
1.722
1.7201
1.7183
1.7165
1.7147
1.713
1.7113
1.7096
1.708
1.7064
1.7048
1.7033
1.7018
1.7003
1.6988
1.6974
1.696
1.6946
1.6933
1.692
1.6906
1.6894
1.6881
1.6868
1.6856
1.6844
1.6832
1.6821
1.6809
1.6798
1.6787
1.6776
1.6765
1.6754
1.6744
1.6733
1.6723
1.6713
1.6703
1.6693
1.6684
1.6674
1.6665
1.6655
1.6646
1.6637
1.6628
1.662
1.6611
1.6602
1.6594
1.6586
1.6577
1.6569
1.6561
1.6553
1.6545
1.6537
1.653
1.6522
1.6515
1.6507
1.65
1.6493
1.6485
1.6478
1.6471
1.6464
1.6458
1.6451
1.6444
1.6437
1.6431
1.6424
1.6418
1.6411
1.6405
1.6399
1.6393
1.6386
1.638
1.6374
1.6368
1.6363
1.6357
1.6351
1.6345
1.6339
1.6334
1.6328
1.6323
1.6317
1.6312
1.6306
1.6301
1.6296
1.6291
1.6285
1.628
1.6275
1.627
1.6265
1.626
1.6255
1.625
1.6245
1.624
1.6236
1.6231
1.6226
1.6221
1.6217
1.6212
1.6208
1.6203
1.6199
1.6194
1.619
1.6185
1.6181
1.6176
1.6172
1.6168
1.6164
1.6159
1.6155
1.6151
1.6147
1.6143
1.6139
1.6134
1.613
1.6126
1.6122
1.6118
1.6114
1.6111
1.6107
1.6103
1.6099
1.6095
1.6091
1.6087
1.6084
1.608
1.6076
1.6072
1.6069
1.6065
1.6061
1.6058
1.6054
1.6051
1.6047
1.6043
1.604
1.6036
1.6033
1.6029
1.6026
1.6022
1.6019
1.6016
1.6012
1.6009
1.6005
1.6002
1.5999
1.5995
1.5992
1.5989
1.5985
1.5982
1.5979
1.5976
1.5972
1.5969
1.5966
1.5963
1.5959
1.5956
1.5953
1.595
1.5947
1.5944
1.594
1.5937
1.5934
1.5931
1.5928
1.5925
1.5922
1.5919
1.5916
1.5913
1.591
1.5907
1.5904
1.5901
1.5898
1.5895
1.5892
1.5889
1.5886
1.5883
1.588
1.5877
1.5874
1.5871
1.5868
1.5865
1.5862
1.5859
1.5856
1.5853
1.585
1.5848
1.5845
1.5842
1.5839
1.5836
1.5833
1.583
1.5828
1.5825
1.5822
1.5819
1.5816
1.5813
1.5811
1.5808
1.5805
1.5802
1.5799
1.5796
1.5794
1.5791
1.5788
1.5785
1.5783
1.578
1.5777
1.5774
1.5771
1.5769
1.5766
1.5763
1.576
1.5758
1.5755
1.5752
1.5749
1.5747
1.5744
1.5741
1.5738
1.5735
1.5733
1.573
1.5727
1.5724
1.5722
1.5719
1.5716
1.5713
1.5711
1.5708
1.5705
1.5702
1.57
1.5697
1.5694
1.5691
1.5689
1.5686
1.5683
1.568
1.5678
1.5675
1.5672
1.5669
1.5666
1.5664
1.5661
1.5658
1.5655
1.5652
1.565
1.5647
1.5644
1.5641
1.5638
1.5635
1.5632
1.563
1.5627
1.5624
1.5621
1.5618
1.5615
1.5612
1.5609
1.5606
1.5603
1.56
1.5597
1.5594
1.5591
1.5588
1.5585
1.5582
1.5579
1.5576
1.5573
1.557
1.5567
1.5564
1.5561
1.5557
1.5554
1.5551
1.5548
1.5544
1.5541
1.5538
1.5534
1.5531
1.5528
1.5524
1.5521
1.5517
1.5514
1.551
1.5506
1.5503
1.5499
1.5495
1.5491
1.5488
1.5484
1.548
1.5476
1.5472
1.5468
1.5463
1.5459
1.5455
1.545
1.5446
1.5441
1.5437
1.5432
1.5427
1.5423
1.5418
1.5413
1.5407
1.5402
1.5397
1.5391
1.5386
1.538
1.5374
1.5368
1.5362
1.5355
1.5349
1.5342
1.5335
1.5328
1.532
1.5312
1.5304
1.5296
1.5288
1.5279
1.527
1.526
1.525
1.524
1.5229
1.5218
1.5206
1.5194
1.5181
1.5167
1.5153
1.5138
1.5122
1.5106
1.5088
1.5069
1.5049
1.5028
1.5005
1.4981
1.4955
1.4927
1.4897
1.4864
1.4829
1.4791
1.4749
1.4704
1.4654
1.46
1.4539
1.4473
1.4399
1.4317
1.4225
1.4122
1.4005
1.3874
1.3725
1.3556
1.3364
1.3145
1.2894
1.2609
1.2286
1.1922
1.1514
1.1066
1.0579
1.0062
.9525
.8981
.8444
.7926
.7437
.6983
.6567
.6188
.5846
.5537
.5259
.5007
.4779
.4571
.4382
.4208
.4048
.39
.3762
.3634
.3514
.3401
.3295
.3195
.3101
.3011
.2925
.2844
.2766
.2692
.262
.2552
.2486
.2423
.2363
.2304
.2248
.2194
.2141
.2091
.2042
.1995
.1949
.1905
.1863
.1822
.1782
.1744
.1706
.167
.1636
.1602
.157
.1538
.1508
.1479
.145
.1423
.1396
.137
.1345
.1321
.1298
.1275
.1253
.1232
.1211
.1191
.1172
.1153
.1135
.1118
.11
.1084
.1068
.1052
.1037
.1022
.1008
.0994
.098
.0967
.0954
.0942
.093
.0918
.0906
.0895
.0884
.0874
.0863
.0853
.0843
.0834
.0824
.0815
.0806
.0797
.0789
.078
.0772
.0764
.0756
.0749
.0741
.0734
.0727
.072
.0713
.0706
.0699
.0693
.0687
.068
.0674
.0668
.0663
.0657
.0651
.0646
.064
.0635
.063
.0624
.0619
.0614
.061
.0605
.06
.0595
.0591
.0586
.0582
.0578
.0573
.0569
.0565
.0561
.0557
.0553
.0549
.0545
.0542
.0538
.0534
.0531
.0527
.0523
.052
.0517
.0513
.051
.0507
.0503
.05
.0497
