4.7136
4.4284
4.0965
3.7375
3.3743
3.0246
2.7048
2.4371
2.243
2.1237
2.0588
2.0244
2.0049
1.9926
1.9837
1.9767
1.9708
1.9654
1.9605
1.9558
1.9514
1.9471
1.9429
1.9387
1.9346
1.9305
1.9264
1.9222
1.918
1.9137
1.9092
1.9046
1.8998
1.8949
1.8897
1.8843
1.8787
1.8728
1.8665
1.8599
1.8529
1.8455
1.8377
1.8293
1.8204
1.8109
1.8007
1.7897
1.778
1.7653
1.7516
1.7368
1.7209
1.7035
1.6848
1.6644
1.6423
1.6184
1.5926
1.5648
1.5349
1.5029
1.469
1.4333
1.3959
1.3571
1.3172
1.2765
1.2354
1.1942
1.1531
1.1126
1.0727
1.0338
.996
.9594
.924
.89
.8573
.826
.7961
.7674
.7401
.714
.6892
.6655
.6429
.6214
.601
.5815
.5629
.5452
.5283
.5122
.4969
.4823
.4683
.455
.4423
.4301
.4185
.4074
.3967
.3865
.3768
.3674
.3585
.3499
.3416
.3337
.326
.3187
.3116
.3048
.2983
.292
.2859
.2801
.2744
.269
.2637
.2586
.2537
.249
.2444
.2399
.2356
.2315
.2274
.2235
.2197
.216
.2124
.209
.2056
.2023
.1991
.1961
.1931
.1901
.1873
.1845
.1818
.1792
.1766
.1742
.1717
.1694
.1671
.1648
.1626
.1605
.1584
.1563
.1543
.1524
.1505
.1486
.1468
.145
.1433
.1416
.1399
.1383
.1367
.1352
.1336
.1321
.1307
.1292
.1278
.1265
.1251
.1238
.1225
.1212
.12
.1187
.1175
.1164
.1152
.1141
.1129
.1118
.1108
.1097
.1087
.1077
.1067
.1057
.1047
.1038
.1028
.1019
.101
.1001
.0992
.0984
.0975
.0967
.0959
.0951
.0943
.0935
.0927
.092
.0912
.0905
.0898
.089
.0883
.0876
.087
.0863
.0856
.085
.0843
.0837
.0831
.0825
.0818
.0812
.0807
.0801
.0795
.0789
.0784
.0778
.0773
.0767
.0762
.0757
.0752
.0746
.0741
.0736
.0732
.0727
.0722
.0717
.0712
.0708
.0703
.0699
.0694
.069
.0686
.0681
.0677
.0673
.0669
.0665
.0661
.0657
.0653
.0649
.0645
.0641
.0637
.0634
.063
.0626
.0623
.0619
.0615
.0612
.0608
.0605
.0602
.0598
.0595
.0592
.0588
.0585
.0582
.0579
.0576
.0573
.057
.0567
.0564
.0561
.0558
.0555
.0552
.0549
.0546
.0544
.0541
.0538
.0535
.0533
.053
.0527
.0525
.0522
.052
.0517
.0515
.0512
.051
.0507
.0505
.0502
.05
.0498
