4.3828
4.1284
3.9014
3.7066
3.5361
3.3795
3.2295
3.0826
2.9391
2.8015
2.6732
2.5575
2.4562
2.3695
2.2966
2.236
2.1858
2.1443
2.1099
2.0812
2.0572
2.0368
2.0192
2.0038
1.9901
1.9776
1.9661
1.9552
1.9449
1.9349
1.9252
1.9158
1.9067
1.8977
1.8891
1.8808
1.8727
1.8651
1.8578
1.8509
1.8445
1.8383
1.8326
1.8272
1.822
1.8171
1.8124
1.8079
1.8034
1.799
1.7946
1.7902
1.7858
1.7814
1.7769
1.7722
1.7675
1.7627
1.7578
1.7527
1.7475
1.7421
1.7366
1.7308
1.7249
1.7187
1.7122
1.7055
1.6984
1.6909
1.6831
1.6747
1.6658
1.6563
1.6461
1.6351
1.6232
1.6103
1.5961
1.5807
1.5637
1.545
1.5244
1.5015
1.4763
1.4485
1.4178
1.3842
1.3476
1.3081
1.266
1.2215
1.1753
1.128
1.0804
1.033
.9865
.9415
.8983
.8572
.8182
.7815
.7471
.7148
.6845
.6563
.6299
.6052
.5821
.5605
.5403
.5213
.5035
.4868
.471
.4562
.4422
.429
.4166
.4047
.3936
.3829
.3729
.3633
.3542
.3455
.3372
.3293
.3217
.3145
.3076
.301
.2946
.2885
.2827
.277
.2716
.2664
.2614
.2566
.2519
.2474
.243
.2388
.2348
.2309
.2271
.2234
.2198
.2164
.213
.2098
.2066
.2036
.2006
.1977
.1949
.1922
.1895
.1869
.1844
.1819
.1796
.1772
.175
.1727
.1706
.1685
.1664
.1644
.1624
.1605
.1586
.1568
.155
.1533
.1515
.1499
.1482
.1466
.145
.1435
.142
.1405
.1391
.1376
.1362
.1349
.1335
.1322
.1309
.1297
.1284
.1272
.126
.1248
.1237
.1225
.1214
.1203
.1193
.1182
.1172
.1161
.1151
.1141
.1132
.1122
.1113
.1103
.1094
.1085
.1077
.1068
.1059
.1051
.1043
.1034
.1026
.1018
.1011
.1003
.0995
.0988
.098
.0973
.0966
.0959
.0952
.0945
.0938
.0932
.0925
.0919
.0912
.0906
.09
.0893
.0887
.0881
.0875
.087
.0864
.0858
.0853
.0847
.0841
.0836
.0831
.0825
.082
.0815
.081
.0805
.08
.0795
.079
.0785
.0781
.0776
.0771
.0767
.0762
.0758
.0753
.0749
.0745
.074
.0736
.0732
.0728
.0724
.072
.0716
.0712
.0708
.0704
.07
.0696
.0692
.0689
.0685
.0681
.0678
.0674
.0671
.0667
.0664
.066
.0657
.0653
.065
.0647
.0643
.064
.0637
.0634
.0631
.0628
.0625
.0621
.0618
.0615
.0612
.061
.0607
.0604
.0601
.0598
.0595
.0592
.059
.0587
.0584
.0582
.0579
.0576
.0574
.0571
.0568
.0566
.0563
.0561
.0558
.0556
.0554
.0551
.0549
.0546
.0544
.0542
.0539
.0537
.0535
.0532
.053
.0528
.0526
.0524
.0521
.0519
.0517
.0515
.0513
.0511
.0509
.0507
.0505
.0503
.0501
.0499
