4.7074
4.4374
4.133
3.8151
3.5028
3.2064
2.9324
2.6907
2.4958
2.3578
2.2724
2.2243
2.1979
2.1823
2.1719
2.1639
2.157
2.1506
2.1445
2.1385
2.1326
2.1267
2.1209
2.1152
2.1096
2.104
2.0985
2.093
2.0875
2.0821
2.0767
2.0713
2.0659
2.0604
2.055
2.0495
2.044
2.0384
2.0329
2.0272
2.0216
2.0158
2.0101
2.0043
1.9985
1.9927
1.9868
1.9809
1.975
1.969
1.9631
1.9571
1.9512
1.9452
1.9392
1.9333
1.9273
1.9214
1.9155
1.9096
1.9037
1.8978
1.892
1.8862
1.8804
1.8746
1.8688
1.8631
1.8574
1.8517
1.846
1.8404
1.8347
1.8291
1.8235
1.8179
1.8122
1.8066
1.801
1.7954
1.7898
1.7842
1.7785
1.7728
1.7671
1.7613
1.7555
1.7496
1.7436
1.7376
1.7314
1.7252
1.7188
1.7123
1.7056
1.6987
1.6915
1.6842
1.6765
1.6686
1.6602
1.6515
1.6423
1.6325
1.6221
1.6111
1.5992
1.5865
1.5728
1.558
1.5419
1.5246
1.5057
1.4852
1.463
1.439
1.4131
1.3854
1.3558
1.3246
1.292
1.258
1.2231
1.1876
1.1518
1.116
1.0805
1.0457
1.0116
.9786
.9466
.9158
.8862
.8578
.8306
.8046
.7797
.7559
.7331
.7113
.6905
.6705
.6513
.633
.6154
.5984
.5822
.5665
.5515
.537
.5231
.5097
.4967
.4843
.4723
.4607
.4495
.4387
.4283
.4183
.4086
.3993
.3903
.3816
.3732
.3651
.3572
.3497
.3424
.3353
.3285
.3219
.3155
.3094
.3034
.2976
.2921
.2867
.2814
.2764
.2715
.2667
.2621
.2576
.2533
.2491
.245
.2411
.2372
.2335
.2299
.2263
.2229
.2196
.2163
.2132
.2101
.2071
.2042
.2013
.1986
.1959
.1932
.1907
.1882
.1857
.1833
.181
.1787
.1765
.1744
.1722
.1702
.1681
.1662
.1642
.1623
.1605
.1586
.1569
.1551
.1534
.1518
.1501
.1485
.1469
.1454
.1439
.1424
.141
.1395
.1381
.1368
.1354
.1341
.1328
.1315
.1303
.129
.1278
.1266
.1255
.1243
.1232
.1221
.121
.1199
.1189
.1178
.1168
.1158
.1148
.1139
.1129
.112
.111
.1101
.1092
.1084
.1075
.1066
.1058
.105
.1041
.1033
.1025
.1018
.101
.1002
.0995
.0987
.098
.0973
.0966
.0959
.0952
.0945
.0938
.0932
.0925
.0919
.0912
.0906
.09
.0894
.0888
.0882
.0876
.087
.0864
.0859
.0853
.0847
.0842
.0837
.0831
.0826
.0821
.0816
.0811
.0806
.0801
.0796
.0791
.0786
.0781
.0777
.0772
.0767
.0763
.0758
.0754
.075
.0745
.0741
.0737
.0733
.0729
.0724
.072
.0716
.0712
.0708
.0705
.0701
.0697
.0693
.0689
.0686
.0682
.0678
.0675
.0671
.0668
.0664
.0661
.0658
.0654
.0651
.0648
.0644
.0641
.0638
.0635
.0632
.0628
.0625
.0622
.0619
.0616
.0613
.061
.0607
.0604
.0602
.0599
.0596
.0593
.059
.0588
.0585
.0582
.058
.0577
.0574
.0572
.0569
.0567
.0564
.0562
.0559
.0557
.0554
.0552
.0549
.0547
.0545
.0542
.054
.0538
.0535
.0533
.0531
.0528
.0526
.0524
.0522
.052
.0518
.0515
.0513
.0511
.0509
.0507
.0505
.0503
.0501
.0499
