4.0381
3.6696
3.2747
2.8996
2.5922
2.379
2.2542
2.1908
2.1615
2.1487
2.1433
2.1413
2.1407
2.1406
2.1407
2.1407
2.1407
2.1405
2.1403
2.1399
2.1394
2.1389
2.1383
2.1377
2.137
2.1363
2.1356
2.1349
2.1341
2.1334
2.1326
2.1319
2.1311
2.1303
2.1296
2.1288
2.128
2.1273
2.1265
2.1257
2.125
2.1242
2.1235
2.1227
2.1219
2.1212
2.1204
2.1196
2.1188
2.118
2.1173
2.1165
2.1157
2.1149
2.1141
2.1132
2.1124
2.1116
2.1107
2.1099
2.109
2.1082
2.1073
2.1064
2.1055
2.1046
2.1037
2.1027
2.1018
2.1008
2.0998
2.0988
2.0978
2.0967
2.0957
2.0946
2.0934
2.0923
2.0911
2.0899
2.0887
2.0874
2.0861
2.0848
2.0834
2.082
2.0805
2.079
2.0774
2.0758
2.0741
2.0723
2.0705
2.0686
2.0666
2.0645
2.0624
2.0602
2.0579
2.0555
2.053
2.0505
2.0478
2.045
2.0422
2.0392
2.0361
2.033
2.0298
2.0264
2.023
2.0195
2.0159
2.0123
2.0086
2.0048
2.0009
1.997
1.9931
1.9891
1.9851
1.981
1.9769
1.9728
1.9687
1.9646
1.9604
1.9562
1.9521
1.9479
1.9437
1.9395
1.9353
1.9311
1.9269
1.9227
1.9185
1.9142
1.9099
1.9056
1.9013
1.8969
1.8924
1.8879
1.8834
1.8787
1.8739
1.8691
1.8641
1.8589
1.8536
1.8481
1.8424
1.8364
1.8302
1.8237
1.8168
1.8096
1.8019
1.7938
1.7851
1.7759
1.766
1.7555
1.7441
1.732
1.719
1.7051
1.6901
1.6742
1.6572
1.6391
1.62
1.5998
1.5786
1.5564
1.5335
1.5097
1.4853
1.4604
1.4351
1.4095
1.3836
1.3577
1.3318
1.3061
1.2804
1.255
1.2299
1.2051
1.1807
1.1566
1.1329
1.1097
1.0868
1.0644
1.0424
1.0209
.9998
.9791
.9589
.9391
.9197
.9008
.8823
.8642
.8465
.8293
.8125
.7961
.7802
.7646
.7494
.7346
.7202
.7062
.6926
.6793
.6664
.6538
.6416
.6297
.6181
.6068
.5959
.5852
.5748
.5647
.5549
.5454
.5361
.527
.5182
.5096
.5013
.4931
.4852
.4775
.4699
.4626
.4554
.4485
.4417
.435
.4286
.4222
.4161
.4101
.4042
.3985
.3929
.3874
.3821
.3768
.3717
.3668
.3619
.3571
.3525
.3479
.3434
.3391
.3348
.3306
.3265
.3225
.3186
.3148
.311
.3073
.3037
.3002
.2967
.2933
.29
.2867
.2835
.2804
.2773
.2743
.2713
.2684
.2656
.2628
.26
.2573
.2547
.2521
.2495
.247
.2445
.2421
.2397
.2374
.2351
.2328
.2306
.2284
.2263
.2242
.2221
.22
.218
.2161
.2141
.2122
.2103
.2085
.2066
.2048
.2031
.2013
.1996
.1979
.1963
.1946
.193
.1914
.1898
.1883
.1868
.1853
.1838
.1824
.1809
.1795
.1781
.1767
.1754
.174
.1727
.1714
.1701
.1689
.1676
.1664
.1652
.164
.1628
.1616
.1605
.1593
.1582
.1571
.156
.1549
.1539
.1528
.1518
.1508
.1497
.1487
.1478
.1468
.1458
.1449
.1439
.143
.1421
.1412
.1403
.1394
.1385
.1376
.1368
.1359
.1351
.1343
.1334
.1326
.1318
.131
.1302
.1295
.1287
.1279
.1272
.1265
.1257
.125
.1243
.1236
.1229
.1222
.1215
.1208
.1201
.1195
.1188
.1182
.1175
.1169
.1162
.1156
.115
.1144
.1138
.1132
.1126
.112
.1114
.1108
.1102
.1097
.1091
.1086
.108
.1075
.1069
.1064
.1058
.1053
.1048
.1043
.1038
.1033
.1028
.1023
.1018
.1013
.1008
.1003
.0998
.0994
.0989
.0984
.098
.0975
.0971
.0966
.0962
.0957
.0953
.0949
.0944
.094
.0936
.0932
.0928
.0924
.0919
.0915
.0911
.0907
.0903
.09
.0896
.0892
.0888
.0884
.088
.0877
.0873
.0869
.0866
.0862
.0859
.0855
.0852
.0848
.0845
.0841
.0838
.0834
.0831
.0828
.0824
.0821
.0818
.0814
.0811
.0808
.0805
.0802
.0799
.0796
.0792
.0789
.0786
.0783
.078
.0777
.0774
.0772
.0769
.0766
.0763
.076
.0757
.0754
.0752
.0749
.0746
.0743
.0741
.0738
.0735
.0733
.073
.0728
.0725
.0722
.072
.0717
.0715
.0712
.071
.0707
.0705
.0702
.07
.0697
.0695
.0693
.069
.0688
.0686
.0683
.0681
.0679
.0676
.0674
.0672
.067
.0668
.0665
.0663
.0661
.0659
.0657
.0654
.0652
.065
.0648
.0646
.0644
.0642
.064
.0638
.0636
.0634
.0632
.063
.0628
.0626
.0624
.0622
.062
.0618
.0616
.0614
.0613
.0611
.0609
.0607
.0605
.0603
.0601
.06
.0598
.0596
.0594
.0593
.0591
.0589
.0587
.0586
.0584
.0582
.058
.0579
.0577
.0575
.0574
.0572
.057
.0569
.0567
.0566
.0564
.0562
.0561
.0559
.0558
.0556
.0555
.0553
.0551
.055
.0548
.0547
.0545
.0544
.0542
.0541
.0539
.0538
.0536
.0535
.0534
.0532
.0531
.0529
.0528
.0526
.0525
.0524
.0522
.0521
.052
.0518
.0517
.0515
.0514
.0513
.0511
.051
.0509
.0508
.0506
.0505
.0504
.0502
.0501
.05
