4.6667
4.4206
4.1828
3.9692
3.781
3.6098
3.4453
3.279
3.1057
2.9248
2.7429
2.5732
2.4313
2.3263
2.256
2.2109
2.1814
2.1609
2.1455
2.1332
2.1227
2.1134
2.1051
2.0974
2.0902
2.0835
2.0772
2.0712
2.0655
2.0599
2.0547
2.0495
2.0446
2.0397
2.035
2.0304
2.0259
2.0214
2.017
2.0126
2.0083
2.004
1.9997
1.9953
1.991
1.9867
1.9824
1.978
1.9736
1.9691
1.9647
1.9601
1.9556
1.951
1.9463
1.9415
1.9368
1.9319
1.927
1.922
1.9169
1.9118
1.9066
1.9013
1.896
1.8906
1.885
1.8795
1.8738
1.868
1.8622
1.8563
1.8503
1.8441
1.8379
1.8316
1.8252
1.8186
1.8119
1.8051
1.7982
1.7911
1.7838
1.7763
1.7686
1.7607
1.7526
1.7441
1.7354
1.7262
1.7167
1.7068
1.6963
1.6853
1.6737
1.6613
1.6481
1.6341
1.619
1.6028
1.5854
1.5666
1.5463
1.5244
1.5007
1.4753
1.448
1.4188
1.3877
1.3548
1.3203
1.2843
1.247
1.2088
1.17
1.1308
1.0918
1.053
1.0149
.9777
.9415
.9065
.8728
.8404
.8095
.7799
.7518
.725
.6995
.6752
.6522
.6302
.6094
.5896
.5707
.5527
.5356
.5193
.5038
.489
.4748
.4613
.4484
.4361
.4242
.4129
.4021
.3917
.3818
.3723
.3631
.3543
.3459
.3378
.33
.3225
.3153
.3083
.3017
.2952
.289
.283
.2773
.2717
.2663
.2611
.2561
.2512
.2465
.242
.2376
.2334
.2292
.2253
.2214
.2176
.214
.2105
.2071
.2037
.2005
.1974
.1943
.1914
.1885
.1857
.183
.1803
.1777
.1752
.1728
.1704
.1681
.1658
.1636
.1614
.1593
.1572
.1552
.1533
.1514
.1495
.1477
.1459
.1441
.1424
.1408
.1391
.1375
.136
.1344
.1329
.1315
.13
.1286
.1272
.1259
.1246
.1233
.122
.1207
.1195
.1183
.1171
.116
.1148
.1137
.1126
.1116
.1105
.1095
.1084
.1074
.1065
.1055
.1045
.1036
.1027
.1018
.1009
.1
.0992
.0983
.0975
.0967
.0959
.0951
.0943
.0935
.0928
.092
.0913
.0906
.0898
.0891
.0885
.0878
.0871
.0864
.0858
.0851
.0845
.0839
.0833
.0827
.0821
.0815
.0809
.0803
.0798
.0792
.0786
.0781
.0776
.077
.0765
.076
.0755
.075
.0745
.074
.0735
.073
.0726
.0721
.0716
.0712
.0707
.0703
.0698
.0694
.069
.0686
.0681
.0677
.0673
.0669
.0665
.0661
.0657
.0653
.065
.0646
.0642
.0638
.0635
.0631
.0628
.0624
.062
.0617
.0614
.061
.0607
.0604
.06
.0597
.0594
.0591
.0588
.0584
.0581
.0578
.0575
.0572
.0569
.0566
.0563
.0561
.0558
.0555
.0552
.0549
.0547
.0544
.0541
.0539
.0536
.0533
.0531
.0528
.0526
.0523
.0521
.0518
.0516
.0513
.0511
.0508
.0506
.0504
.0501
.0499
