4.075
3.811
3.5643
3.3356
3.1221
2.9229
2.7407
2.5811
2.4499
2.3496
2.2779
2.2287
2.1948
2.1705
2.1519
2.1364
2.1225
2.1096
2.097
2.0846
2.0723
2.0599
2.0475
2.035
2.0225
2.01
1.9974
1.9848
1.9723
1.9597
1.9472
1.9346
1.9221
1.9096
1.8971
1.8846
1.8721
1.8595
1.8468
1.834
1.821
1.8078
1.7944
1.7807
1.7666
1.7522
1.7372
1.7216
1.7054
1.6885
1.6707
1.652
1.6322
1.6113
1.5891
1.5657
1.5409
1.5147
1.4871
1.4581
1.4278
1.3963
1.3637
1.3303
1.2963
1.2618
1.2271
1.1925
1.158
1.124
1.0906
1.0578
1.0259
.9948
.9647
.9356
.9074
.8803
.8542
.829
.8049
.7817
.7594
.738
.7175
.6978
.6789
.6607
.6433
.6266
.6105
.5951
.5803
.5661
.5524
.5393
.5266
.5144
.5027
.4914
.4806
.4701
.46
.4502
.4408
.4317
.423
.4145
.4063
.3984
.3907
.3833
.3761
.3692
.3625
.3559
.3496
.3435
.3375
.3318
.3261
.3207
.3154
.3103
.3053
.3004
.2957
.2911
.2866
.2823
.278
.2739
.2699
.266
.2621
.2584
.2548
.2512
.2478
.2444
.2411
.2379
.2348
.2317
.2287
.2258
.2229
.2201
.2174
.2147
.2121
.2095
.207
.2046
.2022
.1998
.1975
.1953
.1931
.1909
.1888
.1867
.1847
.1827
.1807
.1788
.1769
.1751
.1732
.1715
.1697
.168
.1663
.1647
.1631
.1615
.1599
.1584
.1568
.1554
.1539
.1525
.1511
.1497
.1483
.147
.1457
.1444
.1431
.1418
.1406
.1394
.1382
.137
.1359
.1347
.1336
.1325
.1314
.1303
.1293
.1282
.1272
.1262
.1252
.1242
.1233
.1223
.1214
.1205
.1195
.1186
.1178
.1169
.116
.1152
.1143
.1135
.1127
.1119
.1111
.1103
.1095
.1088
.108
.1073
.1065
.1058
.1051
.1044
.1037
.103
.1023
.1016
.101
.1003
.0997
.099
.0984
.0978
.0972
.0965
.0959
.0953
.0948
.0942
.0936
.093
.0925
.0919
.0914
.0908
.0903
.0898
.0892
.0887
.0882
.0877
.0872
.0867
.0862
.0857
.0852
.0847
.0843
.0838
.0833
.0829
.0824
.082
.0815
.0811
.0807
.0802
.0798
.0794
.079
.0786
.0782
.0778
.0774
.077
.0766
.0762
.0758
.0754
.075
.0747
.0743
.0739
.0736
.0732
.0728
.0725
.0721
.0718
.0714
.0711
.0708
.0704
.0701
.0698
.0694
.0691
.0688
.0685
.0682
.0679
.0675
.0672
.0669
.0666
.0663
.066
.0657
.0655
.0652
.0649
.0646
.0643
.064
.0638
.0635
.0632
.0629
.0627
.0624
.0621
.0619
.0616
.0614
.0611
.0609
.0606
.0604
.0601
.0599
.0596
.0594
.0591
.0589
.0587
.0584
.0582
.058
.0577
.0575
.0573
.0571
.0568
.0566
.0564
.0562
.056
.0558
.0555
.0553
.0551
.0549
.0547
.0545
.0543
.0541
.0539
.0537
.0535
.0533
.0531
.0529
.0527
.0525
.0523
.0522
.052
.0518
.0516
.0514
.0512
.0511
.0509
.0507
.0505
.0503
.0502
.05
