3.9681
3.8648
3.7763
3.6971
3.6232
3.5516
3.48
3.4069
3.3308
3.2506
3.1654
3.0745
2.978
2.8768
2.7731
2.6708
2.575
2.4906
2.4209
2.3666
2.3255
2.2948
2.2713
2.2525
2.2368
2.223
2.2104
2.1985
2.1871
2.1761
2.1652
2.1546
2.144
2.1334
2.123
2.1125
2.1019
2.0913
2.0807
2.0699
2.0589
2.0478
2.0364
2.0248
2.0129
2.0006
1.988
1.9749
1.9613
1.9471
1.9322
1.9165
1.8999
1.8822
1.8632
1.8428
1.8206
1.7963
1.7697
1.7402
1.7073
1.6707
1.6297
1.5839
1.533
1.4769
1.4159
1.3506
1.2824
1.2125
1.1426
1.0744
1.0089
.9471
.8895
.8364
.7876
.743
.7024
.6654
.6318
.6012
.5733
.5479
.5246
.5033
.4837
.4656
.449
.4336
.4193
.406
.3936
.382
.3712
.3611
.3515
.3425
.3341
.3261
.3185
.3113
.3045
.298
.2918
.286
.2803
.275
.2698
.2649
.2601
.2556
.2512
.247
.243
.2391
.2353
.2317
.2282
.2248
.2215
.2183
.2153
.2123
.2094
.2066
.2038
.2012
.1986
.1961
.1936
.1913
.1889
.1867
.1845
.1823
.1803
.1782
.1762
.1743
.1724
.1705
.1687
.1669
.1652
.1635
.1618
.1602
.1586
.1571
.1555
.154
.1526
.1511
.1497
.1483
.147
.1456
.1443
.1431
.1418
.1406
.1394
.1382
.137
.1359
.1347
.1336
.1325
.1315
.1304
.1294
.1284
.1274
.1264
.1254
.1245
.1235
.1226
.1217
.1208
.1199
.119
.1182
.1174
.1165
.1157
.1149
.1141
.1133
.1126
.1118
.1111
.1103
.1096
.1089
.1082
.1075
.1068
.1061
.1054
.1048
.1041
.1035
.1028
.1022
.1016
.101
.1004
.0998
.0992
.0986
.098
.0975
.0969
.0964
.0958
.0953
.0947
.0942
.0937
.0932
.0927
.0922
.0917
.0912
.0907
.0902
.0897
.0893
.0888
.0883
.0879
.0874
.087
.0866
.0861
.0857
.0853
.0848
.0844
.084
.0836
.0832
.0828
.0824
.082
.0816
.0812
.0808
.0805
.0801
.0797
.0793
.079
.0786
.0783
.0779
.0776
.0772
.0769
.0765
.0762
.0759
.0755
.0752
.0749
.0745
.0742
.0739
.0736
.0733
.073
.0727
.0724
.0721
.0718
.0715
.0712
.0709
.0706
.0703
.07
.0697
.0695
.0692
.0689
.0686
.0684
.0681
.0678
.0676
.0673
.0671
.0668
.0665
.0663
.066
.0658
.0655
.0653
.065
.0648
.0646
.0643
.0641
.0639
.0636
.0634
.0632
.0629
.0627
.0625
.0623
.062
.0618
.0616
.0614
.0612
.0609
.0607
.0605
.0603
.0601
.0599
.0597
.0595
.0593
.0591
.0589
.0587
.0585
.0583
.0581
.0579
.0577
.0575
.0573
.0571
.057
.0568
.0566
.0564
.0562
.056
.0559
.0557
.0555
.0553
.0552
.055
.0548
.0546
.0545
.0543
.0541
.054
.0538
.0536
.0535
.0533
.0531
.053
.0528
.0527
.0525
.0523
.0522
.052
.0519
.0517
.0516
.0514
.0513
.0511
.051
.0508
.0507
.0505
.0504
.0502
.0501
.0499
