4.5602
4.2745
3.9562
3.6271
3.3083
3.014
2.7524
2.5316
2.3595
2.238
2.16
2.1125
2.0836
2.0648
2.0514
2.0407
2.0315
2.0229
2.0146
2.0064
1.9983
1.9901
1.9818
1.9735
1.9651
1.9567
1.9482
1.9398
1.9313
1.9229
1.9145
1.9061
1.8977
1.8894
1.8812
1.873
1.8648
1.8567
1.8486
1.8406
1.8326
1.8247
1.8167
1.8088
1.8009
1.7929
1.785
1.777
1.7689
1.7607
1.7525
1.7441
1.7355
1.7268
1.7179
1.7087
1.6993
1.6895
1.6794
1.6689
1.6578
1.6463
1.6342
1.6215
1.608
1.5937
1.5787
1.5626
1.5456
1.5275
1.5083
1.488
1.4664
1.4436
1.4196
1.3945
1.3682
1.341
1.3128
1.2839
1.2543
1.2243
1.1941
1.1638
1.1335
1.1034
1.0736
1.0443
1.0155
.9873
.9598
.933
.9069
.8816
.8571
.8334
.8104
.7883
.7668
.7462
.7262
.707
.6884
.6705
.6533
.6366
.6206
.6052
.5903
.5759
.5621
.5488
.5359
.5235
.5115
.5
.4889
.4781
.4677
.4577
.448
.4386
.4296
.4209
.4124
.4042
.3963
.3886
.3812
.374
.3671
.3603
.3538
.3475
.3413
.3354
.3296
.3239
.3185
.3132
.308
.303
.2982
.2934
.2888
.2843
.28
.2757
.2716
.2676
.2636
.2598
.2561
.2525
.2489
.2454
.2421
.2388
.2356
.2324
.2294
.2264
.2235
.2206
.2178
.2151
.2124
.2098
.2072
.2047
.2023
.1999
.1976
.1953
.193
.1908
.1887
.1866
.1845
.1825
.1805
.1785
.1766
.1747
.1729
.1711
.1693
.1676
.1659
.1642
.1626
.161
.1594
.1578
.1563
.1548
.1533
.1519
.1505
.1491
.1477
.1463
.145
.1437
.1424
.1411
.1399
.1387
.1375
.1363
.1351
.134
.1328
.1317
.1306
.1295
.1285
.1274
.1264
.1254
.1244
.1234
.1224
.1215
.1205
.1196
.1187
.1178
.1169
.116
.1151
.1143
.1134
.1126
.1118
.111
.1102
.1094
.1086
.1079
.1071
.1063
.1056
.1049
.1042
.1035
.1028
.1021
.1014
.1007
.1
.0994
.0987
.0981
.0975
.0968
.0962
.0956
.095
.0944
.0938
.0932
.0927
.0921
.0915
.091
.0904
.0899
.0893
.0888
.0883
.0877
.0872
.0867
.0862
.0857
.0852
.0847
.0843
.0838
.0833
.0828
.0824
.0819
.0815
.081
.0806
.0801
.0797
.0793
.0789
.0784
.078
.0776
.0772
.0768
.0764
.076
.0756
.0752
.0748
.0745
.0741
.0737
.0733
.073
.0726
.0722
.0719
.0715
.0712
.0708
.0705
.0702
.0698
.0695
.0692
.0688
.0685
.0682
.0679
.0675
.0672
.0669
.0666
.0663
.066
.0657
.0654
.0651
.0648
.0645
.0642
.0639
.0637
.0634
.0631
.0628
.0626
.0623
.062
.0618
.0615
.0612
.061
.0607
.0604
.0602
.0599
.0597
.0594
.0592
.059
.0587
.0585
.0582
.058
.0578
.0575
.0573
.0571
.0568
.0566
.0564
.0562
.0559
.0557
.0555
.0553
.0551
.0549
.0547
.0544
.0542
.054
.0538
.0536
.0534
.0532
.053
.0528
.0526
.0524
.0522
.052
.0519
.0517
.0515
.0513
.0511
.0509
.0507
.0506
.0504
.0502
.05
.0498
