4.8215
4.6155
4.3653
4.08
3.7815
3.4958
3.2407
3.0217
2.8383
2.6887
2.5711
2.4831
2.421
2.3796
2.3534
2.3375
2.3283
2.3231
2.3203
2.3187
2.3179
2.3174
2.317
2.3166
2.3162
2.3156
2.3149
2.3142
2.3133
2.3123
2.3113
2.3101
2.3089
2.3076
2.3063
2.3049
2.3034
2.3018
2.3002
2.2986
2.2968
2.295
2.2931
2.2912
2.2892
2.2871
2.2849
2.2826
2.2802
2.2778
2.2752
2.2725
2.2697
2.2667
2.2637
2.2604
2.2571
2.2536
2.25
2.2462
2.2422
2.2381
2.2338
2.2294
2.2249
2.2201
2.2153
2.2103
2.2052
2.2
2.1947
2.1894
2.1839
2.1784
2.1729
2.1673
2.1617
2.1561
2.1505
2.1449
2.1393
2.1337
2.1281
2.1226
2.1171
2.1115
2.106
2.1004
2.0949
2.0892
2.0835
2.0777
2.0718
2.0658
2.0595
2.0531
2.0464
2.0394
2.032
2.0242
2.0159
2.007
1.9975
1.9872
1.9761
1.964
1.9507
1.9362
1.9203
1.9029
1.8837
1.8628
1.8399
1.8151
1.7882
1.7593
1.7285
1.6959
1.6617
1.6262
1.5896
1.5521
1.5142
1.476
1.4378
1.3999
1.3624
1.3255
1.2893
1.254
1.2196
1.1862
1.1539
1.1226
1.0924
1.0633
1.0353
1.0083
.9824
.9575
.9335
.9105
.8883
.8671
.8467
.8271
.8082
.7901
.7727
.756
.7399
.7244
.7095
.6951
.6813
.6679
.6551
.6427
.6307
.6192
.6081
.5973
.5869
.5769
.5671
.5577
.5486
.5398
.5313
.523
.515
.5073
.4998
.4925
.4854
.4785
.4718
.4653
.459
.4529
.4469
.4411
.4355
.43
.4247
.4195
.4144
.4094
.4046
.3999
.3954
.3909
.3865
.3823
.3781
.3741
.3701
.3663
.3625
.3588
.3552
.3516
.3482
.3448
.3415
.3382
.335
.3319
.3289
.3259
.323
.3201
.3173
.3145
.3118
.3091
.3065
.304
.3014
.299
.2966
.2942
.2918
.2895
.2873
.285
.2829
.2807
.2786
.2765
.2745
.2725
.2705
.2685
.2666
.2647
.2629
.261
.2592
.2575
.2557
.254
.2523
.2506
.2489
.2473
.2457
.2441
.2426
.241
.2395
.238
.2365
.2351
.2336
.2322
.2308
.2294
.228
.2267
.2253
.224
.2227
.2214
.2202
.2189
.2177
.2164
.2152
.214
.2129
.2117
.2105
.2094
.2083
.2071
.206
.2049
.2039
.2028
.2017
.2007
.1996
.1986
.1976
.1966
.1956
.1946
.1937
.1927
.1917
.1908
.1899
.1889
.188
.1871
.1862
.1853
.1845
.1836
.1827
.1819
.181
.1802
.1794
.1785
.1777
.1769
.1761
.1753
.1745
.1738
.173
.1722
.1715
.1707
.17
.1692
.1685
.1678
.167
.1663
.1656
.1649
.1642
.1635
.1629
.1622
.1615
.1608
.1602
.1595
.1589
.1582
.1576
.157
.1563
.1557
.1551
.1545
.1539
.1533
.1527
.1521
.1515
.1509
.1503
.1497
.1491
.1486
.148
.1474
.1469
.1463
.1458
.1452
.1447
.1442
.1436
.1431
.1426
.1421
.1415
.141
.1405
.14
.1395
.139
.1385
.138
.1375
.1371
.1366
.1361
.1356
.1351
.1347
.1342
.1337
.1333
.1328
.1324
.1319
.1315
.131
.1306
.1302
.1297
.1293
.1289
.1284
.128
.1276
.1272
.1267
.1263
.1259
.1255
.1251
.1247
.1243
.1239
.1235
.1231
.1227
.1223
.1219
.1216
.1212
.1208
.1204
.1201
.1197
.1193
.1189
.1186
.1182
.1179
.1175
.1171
.1168
.1164
.1161
.1157
.1154
.115
.1147
.1143
.114
.1137
.1133
.113
.1127
.1123
.112
.1117
.1114
.111
.1107
.1104
.1101
.1098
.1095
.1091
.1088
.1085
.1082
.1079
.1076
.1073
.107
.1067
.1064
.1061
.1058
.1055
.1052
.105
.1047
.1044
.1041
.1038
.1035
.1033
.103
.1027
.1024
.1022
.1019
.1016
.1013
.1011
.1008
.1005
.1003
.1
.0997
.0995
.0992
.099
.0987
.0985
.0982
.0979
.0977
.0974
.0972
.0969
.0967
.0965
.0962
.096
.0957
.0955
.0952
.095
.0948
.0945
.0943
.0941
.0938
.0936
.0934
.0931
.0929
.0927
.0925
.0922
.092
.0918
.0916
.0913
.0911
.0909
.0907
.0905
.0903
.09
.0898
.0896
.0894
.0892
.089
.0888
.0886
.0884
.0881
.0879
.0877
.0875
.0873
.0871
.0869
.0867
.0865
.0863
.0861
.0859
.0857
.0855
.0853
.0852
.085
.0848
.0846
.0844
.0842
.084
.0838
.0836
.0835
.0833
.0831
.0829
.0827
.0825
.0824
.0822
.082
.0818
.0816
.0815
.0813
.0811
.0809
.0808
.0806
.0804
.0802
.0801
.0799
.0797
.0796
.0794
.0792
.0791
.0789
.0787
.0786
.0784
.0782
.0781
.0779
.0777
.0776
.0774
.0773
.0771
.0769
.0768
.0766
.0765
.0763
.0761
.076
.0758
.0757
.0755
.0754
.0752
.0751
.0749
.0748
.0746
.0745
.0743
.0742
.074
.0739
.0737
.0736
.0734
.0733
.0732
.073
.0729
.0727
.0726
.0724
.0723
.0722
.072
.0719
.0717
.0716
.0715
.0713
.0712
.0711
.0709
.0708
.0706
.0705
.0704
.0702
.0701
.07
.0698
.0697
.0696
.0695
.0693
.0692
.0691
.0689
.0688
.0687
.0685
.0684
.0683
.0682
.068
.0679
.0678
.0677
.0675
.0674
.0673
.0672
.0671
.0669
.0668
.0667
.0666
.0664
.0663
.0662
.0661
.066
.0659
.0657
.0656
.0655
.0654
.0653
.0652
.065
.0649
.0648
.0647
.0646
.0645
.0644
.0642
.0641
.064
.0639
.0638
.0637
.0636
.0635
.0634
.0632
.0631
.063
.0629
.0628
.0627
.0626
.0625
.0624
.0623
.0622
.0621
.062
.0619
.0618
.0617
.0615
.0614
.0613
.0612
.0611
.061
.0609
.0608
.0607
.0606
.0605
.0604
.0603
.0602
.0601
.06
.0599
.0598
.0597
.0596
.0595
.0594
.0594
.0593
.0592
.0591
.059
.0589
.0588
.0587
.0586
.0585
.0584
.0583
.0582
.0581
.058
.0579
.0578
.0578
.0577
.0576
.0575
.0574
.0573
.0572
.0571
.057
.0569
.0569
.0568
.0567
.0566
.0565
.0564
.0563
.0562
.0561
.0561
.056
.0559
.0558
.0557
.0556
.0555
.0555
.0554
.0553
.0552
.0551
.055
.055
.0549
.0548
.0547
.0546
.0545
.0545
.0544
.0543
.0542
.0541
.0541
.054
.0539
.0538
.0537
.0537
.0536
.0535
.0534
.0533
.0533
.0532
.0531
.053
.053
.0529
.0528
.0527
.0526
.0526
.0525
.0524
.0523
.0523
.0522
.0521
.052
.052
.0519
.0518
.0517
.0517
.0516
.0515
.0514
.0514
.0513
.0512
.0512
.0511
.051
.0509
.0509
.0508
.0507
.0506
.0506
.0505
.0504
.0504
.0503
.0502
.0502
.0501
.05
.0499
