4.211
3.9315
3.6646
3.4168
3.1848
2.9643
2.7556
2.5653
2.403
2.2757
2.1836
2.1202
2.0772
2.0475
2.026
2.0097
1.9965
1.9853
1.9755
1.9665
1.9582
1.9502
1.9425
1.9351
1.9278
1.9205
1.9134
1.9063
1.8992
1.8921
1.8849
1.8778
1.8705
1.8632
1.8558
1.8482
1.8406
1.8327
1.8247
1.8165
1.8081
1.7995
1.7906
1.7814
1.7719
1.7621
1.7519
1.7412
1.7302
1.7186
1.7066
1.6939
1.6807
1.6667
1.6521
1.6366
1.6204
1.6032
1.585
1.5658
1.5456
1.5242
1.5017
1.4781
1.4533
1.4274
1.4003
1.3723
1.3433
1.3135
1.283
1.252
1.2205
1.1888
1.157
1.1253
1.0938
1.0627
1.032
1.0018
.9724
.9436
.9156
.8884
.862
.8365
.8118
.788
.7651
.743
.7217
.7012
.6815
.6625
.6443
.6268
.61
.5938
.5782
.5633
.5489
.5351
.5218
.509
.4967
.4849
.4735
.4625
.4519
.4418
.4319
.4225
.4134
.4046
.3961
.3879
.3799
.3723
.3649
.3577
.3508
.3441
.3376
.3314
.3253
.3194
.3137
.3082
.3028
.2976
.2926
.2877
.2829
.2783
.2738
.2694
.2652
.261
.257
.2531
.2493
.2456
.242
.2385
.2351
.2317
.2285
.2253
.2222
.2192
.2162
.2134
.2106
.2078
.2051
.2025
.2
.1975
.195
.1926
.1903
.188
.1858
.1836
.1814
.1794
.1773
.1753
.1733
.1714
.1695
.1676
.1658
.164
.1623
.1606
.1589
.1573
.1557
.1541
.1525
.151
.1495
.148
.1466
.1451
.1437
.1424
.141
.1397
.1384
.1371
.1359
.1346
.1334
.1322
.1311
.1299
.1288
.1276
.1265
.1255
.1244
.1233
.1223
.1213
.1203
.1193
.1183
.1174
.1164
.1155
.1146
.1137
.1128
.1119
.1111
.1102
.1094
.1086
.1077
.1069
.1061
.1054
.1046
.1038
.1031
.1023
.1016
.1009
.1002
.0995
.0988
.0981
.0974
.0968
.0961
.0955
.0948
.0942
.0936
.093
.0923
.0917
.0911
.0906
.09
.0894
.0888
.0883
.0877
.0872
.0866
.0861
.0856
.0851
.0845
.084
.0835
.083
.0825
.082
.0816
.0811
.0806
.0802
.0797
.0792
.0788
.0783
.0779
.0775
.077
.0766
.0762
.0758
.0753
.0749
.0745
.0741
.0737
.0733
.0729
.0726
.0722
.0718
.0714
.0711
.0707
.0703
.07
.0696
.0693
.0689
.0686
.0682
.0679
.0675
.0672
.0669
.0666
.0662
.0659
.0656
.0653
.065
.0647
.0643
.064
.0637
.0634
.0631
.0629
.0626
.0623
.062
.0617
.0614
.0611
.0609
.0606
.0603
.0601
.0598
.0595
.0593
.059
.0587
.0585
.0582
.058
.0577
.0575
.0572
.057
.0568
.0565
.0563
.056
.0558
.0556
.0554
.0551
.0549
.0547
.0545
.0542
.054
.0538
.0536
.0534
.0532
.0529
.0527
.0525
.0523
.0521
.0519
.0517
.0515
.0513
.0511
.0509
.0507
.0505
.0503
.0501
.05
