4.4914
4.2259
3.9778
3.7556
3.5522
3.3548
3.1524
2.9393
2.7204
2.5138
2.3444
2.2265
2.154
2.1108
2.0838
2.0654
2.0518
2.0412
2.0324
2.0251
2.0188
2.0134
2.0087
2.0046
2.001
1.9977
1.9949
1.9923
1.99
1.9878
1.9859
1.9841
1.9824
1.9809
1.9794
1.978
1.9766
1.9754
1.9741
1.973
1.9718
1.9707
1.9696
1.9685
1.9675
1.9665
1.9655
1.9645
1.9635
1.9625
1.9615
1.9605
1.9596
1.9586
1.9577
1.9567
1.9557
1.9547
1.9538
1.9528
1.9518
1.9508
1.9498
1.9488
1.9477
1.9466
1.9456
1.9445
1.9433
1.9422
1.941
1.9398
1.9385
1.9372
1.9359
1.9345
1.933
1.9315
1.9299
1.9283
1.9266
1.9248
1.9229
1.9208
1.9187
1.9165
1.9141
1.9116
1.909
1.9061
1.9032
1.9
1.8967
1.8931
1.8894
1.8854
1.8813
1.8769
1.8723
1.8675
1.8625
1.8573
1.8519
1.8464
1.8407
1.8348
1.8288
1.8228
1.8166
1.8104
1.8042
1.798
1.7918
1.7856
1.7795
1.7735
1.7676
1.7617
1.7561
1.7505
1.7451
1.7398
1.7347
1.7297
1.7248
1.7202
1.7156
1.7113
1.707
1.703
1.699
1.6952
1.6915
1.688
1.6845
1.6812
1.678
1.6749
1.6719
1.669
1.6662
1.6635
1.6609
1.6584
1.6559
1.6535
1.6512
1.6489
1.6467
1.6446
1.6425
1.6405
1.6385
1.6366
1.6348
1.633
1.6312
1.6295
1.6278
1.6261
1.6245
1.6229
1.6214
1.6199
1.6184
1.6169
1.6155
1.6141
1.6127
1.6114
1.61
1.6087
1.6075
1.6062
1.6049
1.6037
1.6025
1.6013
1.6001
1.599
1.5978
1.5967
1.5956
1.5945
1.5934
1.5923
1.5912
1.5901
1.589
1.588
1.5869
1.5859
1.5849
1.5838
1.5828
1.5818
1.5807
1.5797
1.5787
1.5777
1.5767
1.5756
1.5746
1.5736
1.5725
1.5715
1.5705
1.5694
1.5684
1.5673
1.5662
1.5651
1.564
1.5629
1.5618
1.5606
1.5595
1.5583
1.5571
1.5558
1.5546
1.5533
1.552
1.5506
1.5492
1.5478
1.5463
1.5448
1.5433
1.5416
1.5399
1.5382
1.5364
1.5345
1.5325
1.5304
1.5283
1.526
1.5236
1.521
1.5183
1.5155
1.5125
1.5092
1.5058
1.5021
1.4982
1.4939
1.4893
1.4843
1.4789
1.4731
1.4666
1.4596
1.4519
1.4434
1.434
1.4236
1.412
1.3991
1.3848
1.3686
1.3506
1.3304
1.3077
1.2823
1.254
1.2226
1.1879
1.15
1.1091
1.0654
1.0197
.9725
.9247
.8771
.8304
.7852
.7421
.7013
.663
.6273
.594
.5631
.5346
.5081
.4837
.4612
.4403
.421
.4031
.3865
.3711
.3568
.3435
.3311
.3195
.3087
.2986
.2891
.2802
.2719
.264
.2566
.2496
.243
.2368
.2308
.2252
.2199
.2148
.21
.2054
.2011
.1969
.1929
.1891
.1854
.1819
.1786
.1754
.1723
.1693
.1665
.1637
.1611
.1585
.1561
.1537
.1514
.1492
.147
.145
.143
.141
.1391
.1373
.1355
.1338
.1321
.1305
.1289
.1274
.1259
.1245
.1231
.1217
.1203
.119
.1178
.1165
.1153
.1141
.113
.1118
.1107
.1097
.1086
.1076
.1066
.1056
.1046
.1037
.1027
.1018
.1009
.1001
.0992
.0984
.0976
.0968
.096
.0952
.0944
.0937
.0929
.0922
.0915
.0908
.0901
.0895
.0888
.0881
.0875
.0869
.0863
.0857
.0851
.0845
.0839
.0833
.0827
.0822
.0816
.0811
.0806
.0801
.0795
.079
.0785
.078
.0776
.0771
.0766
.0761
.0757
.0752
.0748
.0743
.0739
.0735
.073
.0726
.0722
.0718
.0714
.071
.0706
.0702
.0698
.0694
.0691
.0687
.0683
.068
.0676
.0672
.0669
.0666
.0662
.0659
.0655
.0652
.0649
.0646
.0642
.0639
.0636
.0633
.063
.0627
.0624
.0621
.0618
.0615
.0612
.0609
.0606
.0603
.0601
.0598
.0595
.0593
.059
.0587
.0585
.0582
.0579
.0577
.0574
.0572
.0569
.0567
.0564
.0562
.056
.0557
.0555
.0553
.055
.0548
.0546
.0544
.0541
.0539
.0537
.0535
.0533
.053
.0528
.0526
.0524
.0522
.052
.0518
.0516
.0514
.0512
.051
.0508
.0506
.0504
.0502
.05
.0499
