4.6577
4.4061
4.1118
3.7869
3.4509
3.1256
2.831
2.586
2.4043
2.2869
2.22
2.1848
2.1666
2.1567
2.1509
2.1471
2.1441
2.1415
2.1392
2.1369
2.1347
2.1324
2.1302
2.1279
2.1257
2.1235
2.1213
2.1191
2.1169
2.1148
2.1126
2.1105
2.1083
2.1062
2.104
2.1019
2.0997
2.0975
2.0953
2.0931
2.0908
2.0884
2.086
2.0835
2.081
2.0783
2.0755
2.0726
2.0696
2.0664
2.063
2.0594
2.0556
2.0516
2.0474
2.0428
2.038
2.0328
2.0272
2.0212
2.0148
2.008
2.0005
1.9926
1.984
1.9747
1.9647
1.9539
1.9422
1.9297
1.9161
1.9015
1.8858
1.8688
1.8507
1.8312
1.8105
1.7883
1.7648
1.74
1.7138
1.6863
1.6576
1.6277
1.5968
1.565
1.5325
1.4992
1.4655
1.4314
1.3972
1.3628
1.3285
1.2944
1.2606
1.2271
1.1941
1.1617
1.1299
1.0988
1.0683
1.0386
1.0097
.9816
.9542
.9277
.902
.8771
.853
.8297
.8072
.7854
.7644
.7441
.7245
.7057
.6874
.6699
.6529
.6366
.6208
.6056
.5909
.5768
.5631
.55
.5373
.525
.5132
.5018
.4907
.4801
.4698
.4598
.4502
.4409
.4319
.4232
.4148
.4067
.3988
.3912
.3838
.3766
.3696
.3629
.3564
.35
.3439
.3379
.3321
.3265
.321
.3157
.3106
.3056
.3007
.2959
.2913
.2868
.2824
.2782
.274
.27
.266
.2622
.2585
.2548
.2512
.2478
.2444
.2411
.2378
.2347
.2316
.2286
.2257
.2228
.22
.2172
.2145
.2119
.2093
.2068
.2044
.202
.1996
.1973
.195
.1928
.1907
.1885
.1864
.1844
.1824
.1804
.1785
.1766
.1748
.173
.1712
.1694
.1677
.166
.1644
.1628
.1612
.1596
.1581
.1565
.1551
.1536
.1522
.1507
.1494
.148
.1467
.1453
.144
.1428
.1415
.1403
.1391
.1379
.1367
.1355
.1344
.1333
.1322
.1311
.13
.1289
.1279
.1269
.1259
.1249
.1239
.1229
.122
.121
.1201
.1192
.1183
.1174
.1165
.1157
.1148
.114
.1132
.1124
.1115
.1108
.11
.1092
.1084
.1077
.1069
.1062
.1055
.1048
.1041
.1034
.1027
.102
.1013
.1006
.1
.0993
.0987
.0981
.0974
.0968
.0962
.0956
.095
.0944
.0939
.0933
.0927
.0921
.0916
.091
.0905
.09
.0894
.0889
.0884
.0879
.0874
.0869
.0864
.0859
.0854
.0849
.0844
.084
.0835
.083
.0826
.0821
.0817
.0812
.0808
.0804
.0799
.0795
.0791
.0787
.0783
.0778
.0774
.077
.0766
.0763
.0759
.0755
.0751
.0747
.0743
.074
.0736
.0732
.0729
.0725
.0722
.0718
.0715
.0711
.0708
.0705
.0701
.0698
.0695
.0691
.0688
.0685
.0682
.0679
.0675
.0672
.0669
.0666
.0663
.066
.0657
.0654
.0652
.0649
.0646
.0643
.064
.0637
.0635
.0632
.0629
.0626
.0624
.0621
.0618
.0616
.0613
.0611
.0608
.0606
.0603
.0601
.0598
.0596
.0593
.0591
.0588
.0586
.0584
.0581
.0579
.0577
.0574
.0572
.057
.0568
.0566
.0563
.0561
.0559
.0557
.0555
.0553
.055
.0548
.0546
.0544
.0542
.054
.0538
.0536
.0534
.0532
.053
.0528
.0526
.0524
.0522
.0521
.0519
.0517
.0515
.0513
.0511
.051
.0508
.0506
.0504
.0502
.0501
.0499
