4.2956
3.9062
3.4761
3.0586
2.7048
2.4435
2.2763
2.182
2.1321
2.1047
2.0875
2.0747
2.0636
2.053
2.0425
2.0318
2.0209
2.0098
1.9985
1.9871
1.9756
1.964
1.9523
1.9406
1.9289
1.9172
1.9055
1.8937
1.882
1.8703
1.8586
1.8468
1.835
1.8232
1.8113
1.7992
1.7871
1.7747
1.7622
1.7494
1.7362
1.7227
1.7088
1.6943
1.6793
1.6636
1.6471
1.6298
1.6116
1.5924
1.5721
1.5506
1.5279
1.504
1.4789
1.4525
1.4249
1.3963
1.3666
1.3361
1.305
1.2733
1.2414
1.2094
1.1774
1.1456
1.1143
1.0835
1.0532
1.0237
.995
.9671
.94
.9138
.8885
.8641
.8405
.8178
.7959
.7747
.7544
.7348
.7159
.6977
.6802
.6633
.647
.6313
.6162
.6016
.5875
.5739
.5607
.548
.5358
.5239
.5124
.5014
.4906
.4803
.4702
.4605
.4511
.442
.4332
.4246
.4163
.4083
.4005
.3929
.3856
.3785
.3716
.3649
.3584
.352
.3459
.3399
.3341
.3285
.323
.3177
.3125
.3075
.3026
.2978
.2932
.2886
.2842
.2799
.2758
.2717
.2677
.2639
.2601
.2564
.2528
.2493
.2459
.2426
.2393
.2361
.233
.23
.227
.2241
.2213
.2185
.2158
.2132
.2106
.208
.2055
.2031
.2007
.1984
.1961
.1939
.1917
.1896
.1875
.1854
.1834
.1814
.1795
.1776
.1757
.1739
.1721
.1703
.1686
.1669
.1653
.1636
.162
.1604
.1589
.1574
.1559
.1544
.153
.1515
.1501
.1488
.1474
.1461
.1448
.1435
.1423
.141
.1398
.1386
.1374
.1362
.1351
.134
.1329
.1318
.1307
.1296
.1286
.1275
.1265
.1255
.1245
.1236
.1226
.1217
.1207
.1198
.1189
.118
.1172
.1163
.1154
.1146
.1138
.1129
.1121
.1113
.1106
.1098
.109
.1082
.1075
.1068
.106
.1053
.1046
.1039
.1032
.1025
.1019
.1012
.1005
.0999
.0992
.0986
.098
.0974
.0967
.0961
.0955
.0949
.0944
.0938
.0932
.0927
.0921
.0915
.091
.0905
.0899
.0894
.0889
.0884
.0878
.0873
.0868
.0864
.0859
.0854
.0849
.0844
.084
.0835
.083
.0826
.0821
.0817
.0813
.0808
.0804
.08
.0795
.0791
.0787
.0783
.0779
.0775
.0771
.0767
.0763
.0759
.0755
.0752
.0748
.0744
.074
.0737
.0733
.073
.0726
.0722
.0719
.0716
.0712
.0709
.0705
.0702
.0699
.0695
.0692
.0689
.0686
.0683
.068
.0676
.0673
.067
.0667
.0664
.0661
.0658
.0655
.0653
.065
.0647
.0644
.0641
.0638
.0636
.0633
.063
.0628
.0625
.0622
.062
.0617
.0614
.0612
.0609
.0607
.0604
.0602
.0599
.0597
.0595
.0592
.059
.0587
.0585
.0583
.058
.0578
.0576
.0574
.0571
.0569
.0567
.0565
.0562
.056
.0558
.0556
.0554
.0552
.055
.0548
.0546
.0544
.0542
.054
.0538
.0536
.0534
.0532
.053
.0528
.0526
.0524
.0522
.052
.0518
.0516
.0515
.0513
.0511
.0509
.0507
.0506
.0504
.0502
.05
.0499
