4.3943
4.195
4.0489
3.9449
3.868
3.8076
3.7568
3.7114
3.6687
3.627
3.5847
3.541
3.495
3.4459
3.393
3.3356
3.2733
3.2055
3.1319
3.0527
2.9683
2.8803
2.791
2.7039
2.6226
2.5507
2.4903
2.4415
2.4032
2.3734
2.35
2.3312
2.3157
2.3026
2.2911
2.2809
2.2716
2.2629
2.2549
2.2473
2.24
2.2331
2.2263
2.2198
2.2134
2.2071
2.2009
2.1946
2.1884
2.182
2.1756
2.1689
2.1621
2.155
2.1476
2.1398
2.1315
2.1228
2.1135
2.1035
2.0929
2.0815
2.0692
2.056
2.0417
2.0264
2.0098
1.9919
1.9726
1.9517
1.929
1.9045
1.8779
1.849
1.8176
1.7835
1.7465
1.7064
1.6631
1.6165
1.5668
1.5141
1.459
1.4018
1.3434
1.2844
1.2255
1.1675
1.1109
1.0563
1.004
.9542
.9071
.8627
.821
.7819
.7454
.7113
.6795
.6499
.6222
.5964
.5722
.5497
.5287
.5089
.4905
.4731
.4568
.4415
.4271
.4136
.4007
.3886
.3772
.3664
.3561
.3463
.3371
.3283
.3199
.3119
.3043
.297
.2901
.2835
.2771
.271
.2652
.2596
.2543
.2491
.2442
.2394
.2348
.2304
.2261
.222
.2181
.2142
.2105
.207
.2035
.2002
.1969
.1938
.1908
.1878
.185
.1822
.1795
.1769
.1744
.1719
.1695
.1672
.1649
.1627
.1606
.1585
.1564
.1545
.1525
.1506
.1488
.147
.1452
.1435
.1419
.1402
.1386
.1371
.1355
.134
.1326
.1312
.1298
.1284
.1271
.1257
.1245
.1232
.122
.1208
.1196
.1184
.1173
.1162
.1151
.114
.1129
.1119
.1109
.1099
.1089
.1079
.107
.1061
.1051
.1042
.1034
.1025
.1016
.1008
.1
.0992
.0984
.0976
.0968
.096
.0953
.0945
.0938
.0931
.0924
.0917
.091
.0903
.0897
.089
.0884
.0878
.0871
.0865
.0859
.0853
.0847
.0841
.0835
.083
.0824
.0819
.0813
.0808
.0803
.0797
.0792
.0787
.0782
.0777
.0772
.0767
.0762
.0758
.0753
.0748
.0744
.0739
.0735
.073
.0726
.0722
.0718
.0713
.0709
.0705
.0701
.0697
.0693
.0689
.0685
.0682
.0678
.0674
.067
.0667
.0663
.0659
.0656
.0652
.0649
.0645
.0642
.0639
.0635
.0632
.0629
.0626
.0622
.0619
.0616
.0613
.061
.0607
.0604
.0601
.0598
.0595
.0592
.0589
.0586
.0584
.0581
.0578
.0575
.0573
.057
.0567
.0565
.0562
.0559
.0557
.0554
.0552
.0549
.0547
.0544
.0542
.054
.0537
.0535
.0533
.053
.0528
.0526
.0523
.0521
.0519
.0517
.0515
.0512
.051
.0508
.0506
.0504
.0502
.05
