4.1614
4.0118
3.8851
3.7728
3.6669
3.561
3.4496
3.3278
3.1915
3.038
2.8675
2.6857
2.506
2.3471
2.2237
2.1379
2.0816
2.0443
2.0182
1.9986
1.9829
1.9695
1.9578
1.9471
1.9372
1.928
1.9192
1.9108
1.9026
1.8947
1.887
1.8795
1.8722
1.865
1.8579
1.8509
1.8441
1.8373
1.8307
1.8241
1.8176
1.8113
1.805
1.7988
1.7926
1.7866
1.7806
1.7747
1.7689
1.7631
1.7574
1.7517
1.7461
1.7405
1.735
1.7295
1.7241
1.7187
1.7133
1.7079
1.7025
1.6971
1.6917
1.6863
1.6809
1.6754
1.6699
1.6643
1.6587
1.653
1.6471
1.6412
1.6351
1.6288
1.6224
1.6157
1.6088
1.6017
1.5942
1.5863
1.578
1.5693
1.56
1.5501
1.5395
1.5281
1.5158
1.5024
1.4879
1.472
1.4545
1.4353
1.4141
1.3908
1.365
1.3367
1.3055
1.2715
1.2346
1.1951
1.1531
1.1093
1.0641
1.0184
.9729
.9283
.8852
.844
.8051
.7685
.7344
.7027
.6733
.6461
.6209
.5976
.5759
.5559
.5372
.5198
.5035
.4884
.4741
.4607
.4481
.4363
.425
.4144
.4043
.3947
.3856
.3769
.3686
.3606
.353
.3457
.3387
.332
.3255
.3192
.3132
.3073
.3017
.2963
.291
.2859
.281
.2762
.2715
.267
.2626
.2584
.2543
.2503
.2464
.2426
.2389
.2353
.2318
.2284
.2251
.2219
.2187
.2157
.2127
.2098
.207
.2043
.2016
.199
.1964
.1939
.1915
.1892
.1869
.1846
.1824
.1803
.1782
.1762
.1742
.1722
.1703
.1685
.1667
.1649
.1632
.1615
.1598
.1582
.1566
.1551
.1536
.1521
.1507
.1492
.1479
.1465
.1452
.1439
.1426
.1414
.1401
.1389
.1378
.1366
.1355
.1344
.1333
.1322
.1312
.1301
.1291
.1282
.1272
.1262
.1253
.1244
.1235
.1226
.1217
.1209
.12
.1192
.1184
.1176
.1168
.116
.1152
.1145
.1137
.113
.1123
.1116
.1109
.1102
.1095
.1089
.1082
.1076
.107
.1063
.1057
.1051
.1045
.1039
.1033
.1028
.1022
.1016
.1011
.1005
.1
.0995
.0989
.0984
.0979
.0974
.0969
.0964
.0959
.0955
.095
.0945
.0941
.0936
.0932
.0927
.0923
.0918
.0914
.091
.0906
.0902
.0897
.0893
.0889
.0885
.0881
.0878
.0874
.087
.0866
.0862
.0859
.0855
.0852
.0848
.0844
.0841
.0837
.0834
.0831
.0827
.0824
.0821
.0817
.0814
.0811
.0808
.0805
.0802
.0799
.0795
.0792
.0789
.0786
.0784
.0781
.0778
.0775
.0772
.0769
.0766
.0764
.0761
.0758
.0755
.0753
.075
.0748
.0745
.0742
.074
.0737
.0735
.0732
.073
.0727
.0725
.0722
.072
.0718
.0715
.0713
.0711
.0708
.0706
.0704
.0701
.0699
.0697
.0695
.0693
.069
.0688
.0686
.0684
.0682
.068
.0678
.0676
.0674
.0672
.067
.0667
.0665
.0664
.0662
.066
.0658
.0656
.0654
.0652
.065
.0648
.0646
.0644
.0643
.0641
.0639
.0637
.0635
.0634
.0632
.063
.0628
.0627
.0625
.0623
.0621
.062
.0618
.0616
.0615
.0613
.0611
.061
.0608
.0606
.0605
.0603
.0602
.06
.0599
.0597
.0595
.0594
.0592
.0591
.0589
.0588
.0586
.0585
.0583
.0582
.058
.0579
.0578
.0576
.0575
.0573
.0572
.057
.0569
.0568
.0566
.0565
.0563
.0562
.0561
.0559
.0558
.0557
.0555
.0554
.0553
.0551
.055
.0549
.0548
.0546
.0545
.0544
.0543
.0541
.054
.0539
.0538
.0536
.0535
.0534
.0533
.0531
.053
.0529
.0528
.0527
.0526
.0524
.0523
.0522
.0521
.052
.0519
.0517
.0516
.0515
.0514
.0513
.0512
.0511
.051
.0509
.0507
.0506
.0505
.0504
.0503
.0502
.0501
.05
