4.507
4.1932
3.817
3.4033
2.9987
2.6557
2.4096
2.2619
2.1854
2.1482
2.1294
2.1186
2.1112
2.1051
2.0996
2.0942
2.0889
2.0836
2.0782
2.0729
2.0676
2.0623
2.057
2.0517
2.0466
2.0414
2.0363
2.0312
2.0262
2.0213
2.0163
2.0114
2.0065
2.0017
1.9968
1.992
1.9872
1.9824
1.9776
1.9728
1.968
1.9633
1.9585
1.9537
1.9489
1.9442
1.9394
1.9347
1.9299
1.9252
1.9205
1.9158
1.9112
1.9065
1.9019
1.8973
1.8928
1.8883
1.8838
1.8794
1.875
1.8706
1.8663
1.8621
1.8579
1.8537
1.8496
1.8456
1.8416
1.8377
1.8338
1.83
1.8262
1.8225
1.8188
1.8152
1.8116
1.8081
1.8046
1.8011
1.7978
1.7944
1.7911
1.7878
1.7845
1.7813
1.7782
1.775
1.7719
1.7688
1.7657
1.7626
1.7596
1.7565
1.7535
1.7505
1.7475
1.7445
1.7415
1.7384
1.7354
1.7324
1.7293
1.7263
1.7232
1.72
1.7169
1.7137
1.7105
1.7072
1.7038
1.7004
1.697
1.6934
1.6898
1.6861
1.6823
1.6783
1.6742
1.67
1.6657
1.6611
1.6564
1.6515
1.6463
1.6409
1.6352
1.6291
1.6227
1.6159
1.6087
1.6009
1.5926
1.5836
1.5739
1.5633
1.5518
1.5393
1.5256
1.5105
1.4939
1.4756
1.4555
1.4334
1.4092
1.3827
1.354
1.3231
1.2901
1.2554
1.2193
1.1821
1.1445
1.1068
1.0694
1.0328
.9972
.9628
.9299
.8983
.8682
.8396
.8124
.7865
.7619
.7386
.7163
.6951
.6749
.6557
.6373
.6197
.603
.587
.5716
.5569
.5429
.5294
.5165
.5041
.4922
.4808
.4699
.4594
.4493
.4396
.4302
.4212
.4125
.4042
.3961
.3884
.3809
.3737
.3667
.3599
.3534
.3471
.341
.3351
.3294
.3239
.3185
.3133
.3082
.3033
.2986
.294
.2895
.2851
.2809
.2767
.2727
.2688
.265
.2613
.2577
.2542
.2508
.2474
.2442
.241
.2379
.2348
.2319
.229
.2262
.2234
.2207
.2181
.2155
.2129
.2105
.2081
.2057
.2034
.2011
.1989
.1967
.1946
.1925
.1904
.1884
.1865
.1845
.1826
.1808
.1789
.1772
.1754
.1737
.172
.1703
.1687
.1671
.1655
.164
.1624
.1609
.1595
.158
.1566
.1552
.1538
.1525
.1512
.1498
.1486
.1473
.146
.1448
.1436
.1424
.1412
.1401
.139
.1378
.1367
.1357
.1346
.1335
.1325
.1315
.1305
.1295
.1285
.1275
.1266
.1256
.1247
.1238
.1229
.122
.1211
.1202
.1194
.1185
.1177
.1169
.1161
.1153
.1145
.1137
.1129
.1122
.1114
.1107
.11
.1092
.1085
.1078
.1071
.1064
.1058
.1051
.1044
.1038
.1031
.1025
.1018
.1012
.1006
.1
.0994
.0988
.0982
.0976
.097
.0965
.0959
.0953
.0948
.0942
.0937
.0932
.0926
.0921
.0916
.0911
.0906
.0901
.0896
.0891
.0886
.0881
.0876
.0872
.0867
.0862
.0858
.0853
.0849
.0844
.084
.0835
.0831
.0827
.0823
.0818
.0814
.081
.0806
.0802
.0798
.0794
.079
.0786
.0782
.0779
.0775
.0771
.0767
.0764
.076
.0756
.0753
.0749
.0746
.0742
.0739
.0735
.0732
.0729
.0725
.0722
.0719
.0716
.0712
.0709
.0706
.0703
.07
.0697
.0694
.069
.0687
.0684
.0682
.0679
.0676
.0673
.067
.0667
.0664
.0661
.0659
.0656
.0653
.065
.0648
.0645
.0642
.064
.0637
.0635
.0632
.063
.0627
.0625
.0622
.062
.0617
.0615
.0612
.061
.0607
.0605
.0603
.06
.0598
.0596
.0594
.0591
.0589
.0587
.0585
.0582
.058
.0578
.0576
.0574
.0572
.057
.0567
.0565
.0563
.0561
.0559
.0557
.0555
.0553
.0551
.0549
.0547
.0545
.0543
.0542
.054
.0538
.0536
.0534
.0532
.053
.0529
.0527
.0525
.0523
.0521
.052
.0518
.0516
.0514
.0513
.0511
.0509
.0508
.0506
.0504
.0503
.0501
.0499
