4.4302
4.1961
4.0032
3.8494
3.7221
3.6088
3.5001
3.3896
3.273
3.1477
3.0132
2.8715
2.727
2.5869
2.4599
2.3533
2.2709
2.2114
2.1701
2.1416
2.1214
2.1063
2.0942
2.0837
2.0741
2.0649
2.0557
2.0464
2.0368
2.0269
2.0166
2.006
1.995
1.9837
1.9721
1.9604
1.9484
1.9363
1.9242
1.9121
1.9
1.8881
1.8763
1.8647
1.8533
1.8422
1.8313
1.8206
1.8102
1.8001
1.7902
1.7805
1.7711
1.7618
1.7526
1.7436
1.7347
1.7259
1.717
1.7082
1.6993
1.6903
1.6812
1.6718
1.6622
1.6523
1.6419
1.6311
1.6197
1.6075
1.5946
1.5807
1.5658
1.5495
1.5318
1.5125
1.4913
1.468
1.4423
1.4141
1.383
1.3491
1.3121
1.2722
1.2295
1.1844
1.1373
1.0889
1.0399
.9909
.9426
.8956
.8504
.8071
.7661
.7274
.6911
.6571
.6253
.5957
.5681
.5423
.5184
.496
.4752
.4558
.4377
.4207
.4048
.3899
.376
.3629
.3506
.339
.328
.3177
.308
.2987
.29
.2817
.2739
.2664
.2593
.2526
.2461
.24
.2341
.2285
.2232
.218
.2131
.2084
.2039
.1996
.1954
.1914
.1876
.1838
.1803
.1768
.1735
.1703
.1672
.1642
.1613
.1585
.1558
.1532
.1507
.1482
.1459
.1435
.1413
.1391
.137
.135
.133
.131
.1292
.1273
.1255
.1238
.1221
.1205
.1189
.1173
.1158
.1143
.1128
.1114
.11
.1087
.1074
.1061
.1048
.1036
.1024
.1012
.1001
.0989
.0978
.0968
.0957
.0947
.0937
.0927
.0917
.0908
.0898
.0889
.088
.0871
.0863
.0854
.0846
.0838
.083
.0822
.0814
.0807
.0799
.0792
.0785
.0778
.0771
.0764
.0757
.0751
.0744
.0738
.0732
.0726
.072
.0714
.0708
.0702
.0696
.0691
.0685
.068
.0674
.0669
.0664
.0659
.0654
.0649
.0644
.0639
.0634
.063
.0625
.0621
.0616
.0612
.0607
.0603
.0599
.0595
.0591
.0586
.0582
.0579
.0575
.0571
.0567
.0563
.0559
.0556
.0552
.0549
.0545
.0542
.0538
.0535
.0531
.0528
.0525
.0522
.0518
.0515
.0512
.0509
.0506
.0503
.05
.0497
