4.7739
4.5219
4.2461
3.9723
3.7242
3.5124
3.3363
3.1902
3.0676
2.9628
2.8715
2.7903
2.7166
2.6487
2.5854
2.5263
2.471
2.4197
2.3727
2.33
2.2918
2.2579
2.2282
2.2022
2.1796
2.16
2.1431
2.1283
2.1155
2.1044
2.0946
2.086
2.0785
2.0718
2.0658
2.0605
2.0558
2.0515
2.0477
2.0442
2.0411
2.0382
2.0356
2.0332
2.0311
2.029
2.0272
2.0255
2.0239
2.0224
2.0211
2.0198
2.0186
2.0175
2.0165
2.0155
2.0146
2.0138
2.013
2.0122
2.0115
2.0108
2.0102
2.0096
2.009
2.0085
2.008
2.0075
2.007
2.0066
2.0062
2.0058
2.0054
2.005
2.0047
2.0043
2.004
2.0037
2.0034
2.0031
2.0028
2.0026
2.0023
2.0021
2.0019
2.0016
2.0014
2.0012
2.001
2.0008
2.0006
2.0004
2.0003
2.0001
1.9999
1.9998
1.9996
1.9995
1.9993
1.9992
1.9991
1.9989
1.9988
1.9987
1.9986
1.9984
1.9983
1.9982
1.9981
1.998
1.9979
1.9978
1.9977
1.9976
1.9975
1.9974
1.9973
1.9972
1.9972
1.9971
1.997
1.9969
1.9968
1.9968
1.9967
1.9966
1.9965
1.9965
1.9964
1.9963
1.9963
1.9962
1.9961
1.9961
1.996
1.996
1.9959
1.9958
1.9958
1.9957
1.9957
1.9956
1.9956
1.9955
1.9955
1.9954
1.9954
1.9953
1.9953
1.9952
1.9952
1.9951
1.9951
1.995
1.995
1.9949
1.9949
1.9948
1.9948
1.9947
1.9947
1.9947
1.9946
1.9946
1.9945
1.9945
1.9944
1.9944
1.9944
1.9943
1.9943
1.9942
1.9942
1.9942
1.9941
1.9941
1.9941
1.994
1.994
1.9939
1.9939
1.9939
1.9938
1.9938
1.9938
1.9937
1.9937
1.9936
1.9936
1.9936
1.9935
1.9935
1.9935
1.9934
1.9934
1.9934
1.9933
1.9933
1.9933
1.9932
1.9932
1.9931
1.9931
1.9931
1.993
1.993
1.993
1.9929
1.9929
1.9929
1.9928
1.9928
1.9928
1.9927
1.9927
1.9927
1.9926
1.9926
1.9926
1.9925
1.9925
1.9925
1.9924
1.9924
1.9923
1.9923
1.9923
1.9922
1.9922
1.9922
1.9921
1.9921
1.9921
1.992
1.992
1.992
1.9919
1.9919
1.9918
1.9918
1.9918
1.9917
1.9917
1.9917
1.9916
1.9916
1.9916
1.9915
1.9915
1.9914
1.9914
1.9914
1.9913
1.9913
1.9913
1.9912
1.9912
1.9911
1.9911
1.9911
1.991
1.991
1.9909
1.9909
1.9909
1.9908
1.9908
1.9907
1.9907
1.9907
1.9906
1.9906
1.9905
1.9905
1.9905
1.9904
1.9904
1.9903
1.9903
1.9903
1.9902
1.9902
1.9901
1.9901
1.99
1.99
1.99
1.9899
1.9899
1.9898
1.9898
1.9897
1.9897
1.9896
1.9896
1.9895
1.9895
1.9895
1.9894
1.9894
1.9893
1.9893
1.9892
1.9892
1.9891
1.9891
1.989
1.989
1.9889
1.9889
1.9888
1.9888
1.9887
1.9887
1.9886
1.9886
1.9885
1.9885
1.9884
1.9884
1.9883
1.9883
1.9882
1.9881
1.9881
1.988
1.988
1.9879
1.9879
1.9878
1.9878
1.9877
1.9876
1.9876
1.9875
1.9875
1.9874
1.9874
1.9873
1.9872
1.9872
1.9871
1.9871
1.987
1.9869
1.9869
1.9868
1.9867
1.9867
1.9866
1.9865
1.9865
1.9864
1.9864
1.9863
1.9862
1.9862
1.9861
1.986
1.9859
1.9859
1.9858
1.9857
1.9857
1.9856
1.9855
1.9855
1.9854
1.9853
1.9852
1.9852
1.9851
1.985
1.9849
1.9849
1.9848
1.9847
1.9846
1.9846
1.9845
1.9844
1.9843
1.9842
1.9842
1.9841
1.984
1.9839
1.9838
1.9837
1.9837
1.9836
1.9835
1.9834
1.9833
1.9832
1.9831
1.9831
1.983
1.9829
1.9828
1.9827
1.9826
1.9825
1.9824
1.9823
1.9822
1.9821
1.982
1.982
1.9819
1.9818
1.9817
1.9816
1.9815
1.9814
1.9813
1.9812
1.9811
1.981
1.9809
1.9808
1.9806
1.9805
1.9804
1.9803
1.9802
1.9801
1.98
1.9799
1.9798
1.9797
1.9796
1.9794
1.9793
1.9792
1.9791
1.979
1.9789
1.9788
1.9786
1.9785
1.9784
1.9783
1.9782
1.978
1.9779
1.9778
1.9777
1.9775
1.9774
1.9773
1.9772
1.977
1.9769
1.9768
1.9766
1.9765
1.9764
1.9762
1.9761
1.976
1.9758
1.9757
1.9756
1.9754
1.9753
1.9751
1.975
1.9749
1.9747
1.9746
1.9744
1.9743
1.9741
1.974
1.9738
1.9737
1.9735
1.9734
1.9732
1.9731
1.9729
1.9728
1.9726
1.9725
1.9723
1.9721
1.972
1.9718
1.9717
1.9715
1.9713
1.9712
1.971
1.9708
1.9707
1.9705
1.9703
1.9702
1.97
1.9698
1.9696
1.9695
1.9693
1.9691
1.9689
1.9688
1.9686
1.9684
1.9682
1.968
1.9678
1.9677
1.9675
1.9673
1.9671
1.9669
1.9667
1.9665
1.9663
1.9661
1.966
1.9658
1.9656
1.9654
1.9652
1.965
1.9648
1.9646
1.9644
1.9642
1.9639
1.9637
1.9635
1.9633
1.9631
1.9629
1.9627
1.9625
1.9623
1.962
1.9618
1.9616
1.9614
1.9612
1.9609
1.9607
1.9605
1.9603
1.96
1.9598
1.9596
1.9594
1.9591
1.9589
1.9587
1.9584
1.9582
1.9579
1.9577
1.9575
1.9572
1.957
1.9567
1.9565
1.9562
1.956
1.9557
1.9555
1.9552
1.955
1.9547
1.9544
1.9542
1.9539
1.9537
1.9534
1.9531
1.9529
1.9526
1.9523
1.952
1.9518
1.9515
1.9512
1.9509
1.9506
1.9504
1.9501
1.9498
1.9495
1.9492
1.9489
1.9486
1.9483
1.948
1.9477
1.9474
1.9471
1.9468
1.9465
1.9462
1.9458
1.9455
1.9452
1.9449
1.9445
1.9442
1.9439
1.9436
1.9432
1.9429
1.9425
1.9422
1.9418
1.9415
1.9411
1.9408
1.9404
1.9401
1.9397
1.9393
1.939
1.9386
1.9382
1.9378
1.9375
1.9371
1.9367
1.9363
1.9359
1.9355
1.9351
1.9347
1.9343
1.9338
1.9334
1.933
1.9326
1.9321
1.9317
1.9313
1.9308
1.9304
1.9299
1.9295
1.929
1.9286
1.9281
1.9276
1.9271
1.9267
1.9262
1.9257
1.9252
1.9247
1.9242
1.9237
1.9232
1.9227
1.9221
1.9216
1.9211
1.9206
1.92
1.9195
1.9189
1.9184
1.9178
1.9173
1.9167
1.9161
1.9156
1.915
1.9144
1.9138
1.9133
1.9127
1.9121
1.9115
1.9109
1.9103
1.9097
1.9091
1.9085
1.9079
1.9073
1.9066
1.906
1.9054
1.9048
1.9042
1.9035
1.9029
1.9023
1.9016
1.901
1.9004
1.8997
1.8991
1.8985
1.8978
1.8972
1.8966
1.8959
1.8953
1.8946
1.894
1.8934
1.8927
1.8921
1.8914
1.8908
1.8902
1.8895
1.8889
1.8882
1.8876
1.8869
1.8863
1.8857
1.885
1.8844
1.8837
1.8831
1.8824
1.8818
1.8811
1.8804
1.8798
1.8791
1.8784
1.8778
1.8771
1.8764
1.8757
1.875
1.8744
1.8737
1.8729
1.8722
1.8715
1.8708
1.87
1.8693
1.8685
1.8678
1.867
1.8662
1.8654
1.8646
1.8637
1.8629
1.862
1.8611
1.8602
1.8592
1.8583
1.8573
1.8563
1.8552
1.8541
1.853
1.8519
1.8507
1.8494
1.8481
1.8468
1.8454
1.8439
1.8424
1.8408
1.8391
1.8374
1.8355
1.8336
1.8315
1.8293
1.827
1.8246
1.822
1.8192
1.8162
1.813
1.8096
1.806
1.802
1.7977
1.7931
1.7881
1.7826
1.7766
1.7701
1.7629
1.7549
1.7462
1.7365
1.7257
1.7137
1.7003
1.6854
1.6686
1.6497
1.6286
1.605
1.5785
1.5491
1.5166
1.4809
1.442
1.4002
1.3558
1.3093
1.2612
1.2122
1.1629
1.114
1.0659
1.0191
.9739
.9304
.8889
.8493
.8117
.776
.7422
.7102
.6799
.6513
.6242
.5986
.5744
.5516
.5301
.5098
.4906
.4724
.4553
.4391
.4239
.4094
.3958
.3828
.3706
.359
.348
.3376
.3277
.3183
.3093
.3008
.2928
.285
.2777
.2707
.264
.2576
.2515
.2456
.24
.2346
.2295
.2245
.2198
.2152
.2108
.2066
.2026
.1986
.1949
.1912
.1877
.1844
.1811
.1779
.1749
.1719
.1691
.1663
.1636
.161
.1585
.1561
.1537
.1514
.1492
.147
.1449
.1429
.1409
.139
.1371
.1353
.1335
.1317
.1301
.1284
.1268
.1252
.1237
.1222
.1208
.1193
.1179
.1166
.1153
.114
.1127
.1115
.1103
.1091
.1079
.1068
.1057
.1046
.1035
.1025
.1015
.1005
.0995
.0985
.0976
.0967
.0958
.0949
.094
.0931
.0923
.0915
.0907
.0899
.0891
.0883
.0876
.0868
.0861
.0854
.0847
.084
.0833
.0827
.082
.0813
.0807
.0801
.0795
.0789
.0783
.0777
.0771
.0765
.076
.0754
.0749
.0743
.0738
.0733
.0728
.0723
.0718
.0713
.0708
.0703
.0699
.0694
.0689
.0685
.068
.0676
.0672
.0667
.0663
.0659
.0655
.0651
.0647
.0643
.0639
.0635
.0631
.0628
.0624
.062
.0617
.0613
.0609
.0606
.0602
.0599
.0596
.0592
.0589
.0586
.0583
.0579
.0576
.0573
.057
.0567
.0564
.0561
.0558
.0555
.0552
.0549
.0547
.0544
.0541
.0538
.0536
.0533
.053
.0528
.0525
.0523
.052
.0518
.0515
.0513
.051
.0508
.0505
.0503
.0501
.0498
