4.902
4.6628
4.3853
4.0948
3.8203
3.5759
3.3585
3.1587
2.9683
2.7834
2.6051
2.4385
2.291
2.1691
2.0748
2.0054
1.9554
1.9192
1.8925
1.8719
1.8554
1.8416
1.8297
1.819
1.8091
1.7999
1.791
1.7824
1.7739
1.7655
1.757
1.7484
1.7398
1.7309
1.7217
1.7123
1.7025
1.6923
1.6816
1.6703
1.6584
1.6459
1.6325
1.6183
1.603
1.5868
1.5693
1.5505
1.5304
1.5088
1.4858
1.4612
1.435
1.4073
1.3782
1.3478
1.3163
1.2838
1.2506
1.2169
1.1829
1.1489
1.1152
1.0818
1.049
1.017
.9857
.9552
.9258
.8972
.8697
.8431
.8175
.7929
.7692
.7465
.7246
.7036
.6834
.6641
.6455
.6276
.6104
.594
.5781
.5629
.5483
.5343
.5208
.5078
.4953
.4833
.4717
.4606
.4499
.4396
.4296
.4201
.4108
.4019
.3933
.385
.377
.3692
.3618
.3545
.3475
.3408
.3342
.3279
.3218
.3158
.3101
.3045
.2991
.2939
.2888
.2838
.279
.2744
.2699
.2655
.2612
.2571
.253
.2491
.2453
.2416
.238
.2344
.231
.2277
.2244
.2212
.2181
.2151
.2122
.2093
.2065
.2037
.2011
.1985
.1959
.1934
.191
.1886
.1863
.184
.1818
.1796
.1775
.1754
.1733
.1713
.1694
.1675
.1656
.1637
.1619
.1602
.1584
.1567
.1551
.1534
.1518
.1503
.1487
.1472
.1457
.1443
.1428
.1414
.1401
.1387
.1374
.1361
.1348
.1335
.1323
.1311
.1299
.1287
.1275
.1264
.1253
.1242
.1231
.122
.121
.1199
.1189
.1179
.1169
.116
.115
.1141
.1131
.1122
.1113
.1104
.1096
.1087
.1079
.107
.1062
.1054
.1046
.1038
.103
.1023
.1015
.1008
.1
.0993
.0986
.0979
.0972
.0965
.0958
.0951
.0945
.0938
.0932
.0926
.0919
.0913
.0907
.0901
.0895
.0889
.0883
.0877
.0872
.0866
.0861
.0855
.085
.0844
.0839
.0834
.0829
.0824
.0819
.0814
.0809
.0804
.0799
.0794
.079
.0785
.078
.0776
.0771
.0767
.0763
.0758
.0754
.075
.0745
.0741
.0737
.0733
.0729
.0725
.0721
.0717
.0713
.0709
.0706
.0702
.0698
.0694
.0691
.0687
.0684
.068
.0677
.0673
.067
.0666
.0663
.066
.0656
.0653
.065
.0647
.0643
.064
.0637
.0634
.0631
.0628
.0625
.0622
.0619
.0616
.0613
.061
.0607
.0605
.0602
.0599
.0596
.0593
.0591
.0588
.0585
.0583
.058
.0578
.0575
.0572
.057
.0567
.0565
.0563
.056
.0558
.0555
.0553
.0551
.0548
.0546
.0544
.0541
.0539
.0537
.0535
.0532
.053
.0528
.0526
.0524
.0521
.0519
.0517
.0515
.0513
.0511
.0509
.0507
.0505
.0503
.0501
.0499
