4.3303
4.0726
3.8503
3.664
3.5026
3.3546
3.2111
3.0673
2.9217
2.7766
2.6382
2.5153
2.415
2.3394
2.2852
2.2465
2.2177
2.1952
2.1765
2.1601
2.1455
2.132
2.1195
2.1077
2.0965
2.0859
2.0757
2.066
2.0566
2.0475
2.0386
2.03
2.0215
2.0131
2.0048
1.9965
1.9882
1.9799
1.9716
1.9631
1.9546
1.9459
1.9371
1.9281
1.9189
1.9095
1.8998
1.8899
1.8796
1.8691
1.8581
1.8468
1.8351
1.8228
1.8101
1.7967
1.7827
1.7681
1.7527
1.7364
1.7193
1.7012
1.682
1.6617
1.6403
1.6176
1.5935
1.5682
1.5414
1.5133
1.4838
1.4531
1.4211
1.388
1.3539
1.319
1.2835
1.2475
1.2113
1.1751
1.1389
1.1031
1.0678
1.0331
.9991
.9659
.9336
.9024
.8721
.8428
.8147
.7876
.7615
.7365
.7125
.6895
.6675
.6464
.6262
.6069
.5884
.5707
.5538
.5376
.5221
.5073
.4931
.4796
.4665
.4541
.4421
.4307
.4197
.4091
.399
.3893
.38
.371
.3624
.3541
.3461
.3384
.331
.3238
.317
.3103
.3039
.2977
.2918
.286
.2804
.275
.2698
.2648
.2599
.2552
.2506
.2461
.2418
.2377
.2336
.2297
.2259
.2222
.2186
.2151
.2117
.2084
.2052
.2021
.199
.1961
.1932
.1904
.1876
.185
.1824
.1799
.1774
.175
.1726
.1703
.1681
.1659
.1638
.1617
.1596
.1576
.1557
.1538
.1519
.1501
.1483
.1466
.1449
.1432
.1416
.14
.1384
.1369
.1354
.1339
.1324
.131
.1296
.1283
.1269
.1256
.1243
.1231
.1218
.1206
.1194
.1182
.1171
.116
.1149
.1138
.1127
.1116
.1106
.1096
.1086
.1076
.1066
.1057
.1047
.1038
.1029
.102
.1011
.1003
.0994
.0986
.0978
.097
.0962
.0954
.0946
.0938
.0931
.0924
.0916
.0909
.0902
.0895
.0888
.0881
.0875
.0868
.0862
.0855
.0849
.0843
.0837
.0831
.0825
.0819
.0813
.0807
.0802
.0796
.079
.0785
.078
.0774
.0769
.0764
.0759
.0754
.0749
.0744
.0739
.0734
.0729
.0725
.072
.0716
.0711
.0707
.0702
.0698
.0694
.0689
.0685
.0681
.0677
.0673
.0669
.0665
.0661
.0657
.0653
.0649
.0646
.0642
.0638
.0635
.0631
.0627
.0624
.062
.0617
.0613
.061
.0607
.0603
.06
.0597
.0594
.0591
.0587
.0584
.0581
.0578
.0575
.0572
.0569
.0566
.0563
.0561
.0558
.0555
.0552
.0549
.0547
.0544
.0541
.0539
.0536
.0533
.0531
.0528
.0526
.0523
.0521
.0518
.0516
.0513
.0511
.0508
.0506
.0504
.0501
.0499
