4.8371
4.6004
4.3098
3.9732
3.612
3.2542
2.9254
2.647
2.4357
2.2961
2.2154
2.1725
2.1498
2.1368
2.1281
2.1214
2.1154
2.1098
2.1041
2.0984
2.0926
2.0866
2.0806
2.0745
2.0684
2.0623
2.0561
2.0499
2.0438
2.0377
2.0317
2.0257
2.0198
2.0141
2.0084
2.0029
1.9974
1.9922
1.987
1.982
1.9772
1.9724
1.9679
1.9634
1.9591
1.955
1.951
1.9471
1.9433
1.9397
1.9361
1.9327
1.9294
1.9263
1.9232
1.9202
1.9173
1.9145
1.9117
1.9091
1.9065
1.904
1.9016
1.8993
1.897
1.8948
1.8926
1.8905
1.8884
1.8864
1.8845
1.8826
1.8807
1.8789
1.8772
1.8754
1.8737
1.8721
1.8705
1.8689
1.8673
1.8658
1.8643
1.8628
1.8614
1.86
1.8586
1.8573
1.8559
1.8546
1.8533
1.8521
1.8508
1.8496
1.8484
1.8472
1.8461
1.8449
1.8438
1.8427
1.8416
1.8405
1.8394
1.8384
1.8373
1.8363
1.8353
1.8343
1.8333
1.8324
1.8314
1.8304
1.8295
1.8286
1.8277
1.8268
1.8259
1.825
1.8241
1.8233
1.8224
1.8216
1.8208
1.8199
1.8191
1.8183
1.8175
1.8167
1.8159
1.8152
1.8144
1.8136
1.8129
1.8122
1.8114
1.8107
1.81
1.8093
1.8085
1.8078
1.8071
1.8065
1.8058
1.8051
1.8044
1.8038
1.8031
1.8024
1.8018
1.8012
1.8005
1.7999
1.7993
1.7986
1.798
1.7974
1.7968
1.7962
1.7956
1.795
1.7944
1.7939
1.7933
1.7927
1.7921
1.7916
1.791
1.7904
1.7899
1.7894
1.7888
1.7883
1.7877
1.7872
1.7867
1.7861
1.7856
1.7851
1.7846
1.7841
1.7836
1.7831
1.7826
1.7821
1.7816
1.7811
1.7806
1.7801
1.7797
1.7792
1.7787
1.7783
1.7778
1.7773
1.7769
1.7764
1.776
1.7755
1.7751
1.7746
1.7742
1.7737
1.7733
1.7729
1.7724
1.772
1.7716
1.7712
1.7707
1.7703
1.7699
1.7695
1.7691
1.7687
1.7683
1.7679
1.7675
1.7671
1.7667
1.7663
1.7659
1.7655
1.7651
1.7647
1.7644
1.764
1.7636
1.7632
1.7629
1.7625
1.7621
1.7618
1.7614
1.761
1.7607
1.7603
1.76
1.7596
1.7593
1.7589
1.7586
1.7582
1.7579
1.7575
1.7572
1.7569
1.7565
1.7562
1.7559
1.7555
1.7552
1.7549
1.7545
1.7542
1.7539
1.7536
1.7533
1.7529
1.7526
1.7523
1.752
1.7517
1.7514
1.7511
1.7508
1.7505
1.7502
1.7499
1.7496
1.7493
1.749
1.7487
1.7484
1.7481
1.7478
1.7475
1.7472
1.7469
1.7467
1.7464
1.7461
1.7458
1.7455
1.7453
1.745
1.7447
1.7444
1.7442
1.7439
1.7436
1.7434
1.7431
1.7428
1.7426
1.7423
1.742
1.7418
1.7415
1.7412
1.741
1.7407
1.7405
1.7402
1.74
1.7397
1.7395
1.7392
1.739
1.7387
1.7385
1.7382
1.738
1.7378
1.7375
1.7373
1.737
1.7368
1.7366
1.7363
1.7361
1.7359
1.7356
1.7354
1.7352
1.7349
1.7347
1.7345
1.7342
1.734
1.7338
1.7336
1.7333
1.7331
1.7329
1.7327
1.7325
1.7322
1.732
1.7318
1.7316
1.7314
1.7312
1.7309
1.7307
1.7305
1.7303
1.7301
1.7299
1.7297
1.7295
1.7293
1.7291
1.7289
1.7287
1.7285
1.7282
1.728
1.7278
1.7276
1.7274
1.7272
1.727
1.7269
1.7267
1.7265
1.7263
1.7261
1.7259
1.7257
1.7255
1.7253
1.7251
1.7249
1.7247
1.7245
1.7244
1.7242
1.724
1.7238
1.7236
1.7234
1.7232
1.7231
1.7229
1.7227
1.7225
1.7223
1.7222
1.722
1.7218
1.7216
1.7214
1.7213
1.7211
1.7209
1.7207
1.7206
1.7204
1.7202
1.72
1.7199
1.7197
1.7195
1.7194
1.7192
1.719
1.7189
1.7187
1.7185
1.7184
1.7182
1.718
1.7179
1.7177
1.7175
1.7174
1.7172
