4.2152
3.9043
3.6036
3.3292
3.0844
2.8671
2.6768
2.5166
2.3905
2.2994
2.2381
2.1987
2.1731
2.1556
2.1427
2.1323
2.1233
2.115
2.1071
2.0994
2.0919
2.0845
2.0771
2.0697
2.0623
2.055
2.0476
2.0402
2.0329
2.0255
2.018
2.0106
2.0031
1.9957
1.9882
1.9807
1.9732
1.9657
1.9582
1.9508
1.9434
1.936
1.9288
1.9216
1.9144
1.9074
1.9005
1.8937
1.887
1.8805
1.874
1.8677
1.8616
1.8556
1.8497
1.8439
1.8383
1.8328
1.8274
1.8222
1.8171
1.8121
1.8072
1.8024
1.7977
1.7932
1.7887
1.7843
1.78
1.7758
1.7716
1.7675
1.7635
1.7596
1.7557
1.7518
1.748
1.7442
1.7405
1.7368
1.7331
1.7295
1.7258
1.7222
1.7186
1.715
1.7113
1.7077
1.704
1.7003
1.6965
1.6928
1.6889
1.685
1.681
1.677
1.6728
1.6685
1.6641
1.6596
1.6549
1.65
1.6449
1.6396
1.634
1.6282
1.622
1.6154
1.6084
1.601
1.593
1.5845
1.5752
1.5652
1.5544
1.5426
1.5298
1.5158
1.5004
1.4837
1.4653
1.4453
1.4235
1.3998
1.3742
1.3469
1.3177
1.287
1.255
1.2219
1.1882
1.1541
1.1201
1.0864
1.0534
1.0212
.9901
.9601
.9313
.9038
.8775
.8524
.8285
.8057
.7839
.7632
.7433
.7244
.7062
.6889
.6722
.6562
.6408
.6261
.6118
.5981
.5849
.5722
.5598
.548
.5365
.5253
.5146
.5042
.4941
.4843
.4748
.4656
.4567
.4481
.4397
.4315
.4236
.416
.4085
.4013
.3943
.3874
.3808
.3743
.3681
.362
.356
.3503
.3446
.3392
.3339
.3287
.3236
.3187
.314
.3093
.3048
.3003
.296
.2918
.2877
.2837
.2798
.276
.2723
.2686
.2651
.2616
.2582
.2549
.2517
.2485
.2454
.2424
.2395
.2366
.2338
.231
.2283
.2256
.223
.2205
.218
.2156
.2132
.2108
.2085
.2063
.2041
.2019
.1998
.1977
.1957
.1937
.1917
.1898
.1879
.186
.1842
.1824
.1806
.1789
.1772
.1755
.1739
.1722
.1707
.1691
.1676
.1661
.1646
.1631
.1617
.1603
.1589
.1575
.1562
.1548
.1535
.1522
.151
.1497
.1485
.1473
.1461
.1449
.1438
.1426
.1415
.1404
.1393
.1382
.1372
.1361
.1351
.1341
.1331
.1321
.1311
.1302
.1292
.1283
.1274
.1265
.1256
.1247
.1238
.123
.1221
.1213
.1204
.1196
.1188
.118
.1172
.1164
.1157
.1149
.1142
.1134
.1127
.112
.1112
.1105
.1098
.1092
.1085
.1078
.1071
.1065
.1058
.1052
.1045
.1039
.1033
.1027
.1021
.1015
.1009
.1003
.0997
.0991
.0986
.098
.0974
.0969
.0964
.0958
.0953
.0948
.0942
.0937
.0932
.0927
.0922
.0917
.0912
.0907
.0902
.0898
.0893
.0888
.0884
.0879
.0875
.087
.0866
.0861
.0857
.0852
.0848
.0844
.084
.0836
.0832
.0827
.0823
.0819
.0815
.0811
.0808
.0804
.08
.0796
.0792
.0789
.0785
.0781
.0778
.0774
.077
.0767
.0763
.076
.0757
.0753
.075
.0746
.0743
.074
.0736
.0733
.073
.0727
.0724
.0721
.0717
.0714
.0711
.0708
.0705
.0702
.0699
.0696
.0693
.0691
.0688
.0685
.0682
.0679
.0676
.0674
.0671
.0668
.0665
.0663
.066
.0658
.0655
.0652
.065
.0647
.0645
.0642
.064
.0637
.0635
.0632
.063
.0627
.0625
.0623
.062
.0618
.0616
.0613
.0611
.0609
.0607
.0604
.0602
.06
.0598
.0595
.0593
.0591
.0589
.0587
.0585
.0583
.0581
.0579
.0577
.0574
.0572
.057
.0568
.0566
.0565
.0563
.0561
.0559
.0557
.0555
.0553
.0551
.0549
.0547
.0546
.0544
.0542
.054
.0538
.0537
.0535
.0533
.0531
.0529
.0528
.0526
.0524
.0523
.0521
.0519
.0518
.0516
.0514
.0513
.0511
.0509
.0508
.0506
.0505
.0503
.0502
.05
