4.6726
4.3901
4.0904
3.8016
3.5398
3.306
3.0937
2.8966
2.7118
2.5402
2.3857
2.2537
2.148
2.0685
2.0108
1.9692
1.9384
1.9144
1.895
1.8784
1.8639
1.8507
1.8387
1.8275
1.817
1.8071
1.7977
1.7887
1.7801
1.7719
1.7641
1.7565
1.7493
1.7423
1.7356
1.7292
1.7229
1.7169
1.7111
1.7055
1.7001
1.6949
1.6898
1.6849
1.6801
1.6754
1.6709
1.6665
1.6622
1.658
1.6539
1.6499
1.646
1.6421
1.6384
1.6347
1.631
1.6275
1.6239
1.6204
1.617
1.6136
1.6102
1.6069
1.6035
1.6002
1.5969
1.5937
1.5904
1.5871
1.5838
1.5805
1.5772
1.5738
1.5705
1.5671
1.5636
1.5601
1.5566
1.553
1.5493
1.5456
1.5418
1.5379
1.5338
1.5297
1.5254
1.5211
1.5165
1.5118
1.5069
1.5018
1.4965
1.491
1.4851
1.479
1.4726
1.4659
1.4587
1.4512
1.4431
1.4346
1.4255
1.4158
1.4055
1.3944
1.3825
1.3696
1.3559
1.341
1.325
1.3078
1.2892
1.2691
1.2476
1.2245
1.1998
1.1734
1.1455
1.1161
1.0853
1.0533
1.0203
.9866
.9525
.9182
.8841
.8504
.8173
.785
.7538
.7237
.6948
.6671
.6407
.6155
.5916
.5688
.5473
.5268
.5074
.489
.4716
.455
.4393
.4243
.4101
.3966
.3838
.3716
.3599
.3488
.3381
.328
.3183
.309
.3002
.2917
.2835
.2757
.2682
.2611
.2542
.2475
.2411
.235
.2291
.2234
.218
.2127
.2076
.2027
.198
.1934
.189
.1848
.1807
.1767
.1729
.1692
.1656
.1621
.1588
.1555
.1524
.1493
.1464
.1435
.1407
.138
.1354
.1329
.1305
.1281
.1258
.1235
.1213
.1192
.1171
.1151
.1132
.1113
.1095
.1077
.1059
.1042
.1026
.1009
.0994
.0979
.0964
.0949
.0935
.0921
.0908
.0895
.0882
.0869
.0857
.0845
.0833
.0822
.0811
.08
.079
.0779
.0769
.0759
.0749
.074
.0731
.0722
.0713
.0704
.0696
.0687
.0679
.0671
.0663
.0656
.0648
.0641
.0634
.0627
.062
.0613
.0606
.06
.0593
.0587
.0581
.0575
.0569
.0563
.0557
.0552
.0546
.0541
.0535
.053
.0525
.052
.0515
.051
.0505
.0501
.0496
