4.2735
4.124
4.0138
3.9312
3.8661
3.8118
3.7637
3.7189
3.6751
3.6308
3.5846
3.5352
3.4813
3.4218
3.3553
3.2806
3.1966
3.1025
2.9987
2.8869
2.7711
2.6574
2.5534
2.4654
2.3963
2.3452
2.3087
2.283
2.2647
2.2511
2.2406
2.2321
2.2249
2.2185
2.2126
2.207
2.2016
2.1963
2.191
2.1857
2.1803
2.1747
2.169
2.163
2.1568
2.1504
2.1436
2.1363
2.1287
2.1205
2.1117
2.1022
2.0918
2.0804
2.0678
2.0538
2.0383
2.0207
2.0009
1.9784
1.9529
1.9237
1.8905
1.8527
1.8102
1.7628
1.7107
1.6546
1.5952
1.534
1.4721
1.4107
1.3509
1.2934
1.2384
1.1862
1.1369
1.0904
1.0467
1.0056
.9671
.9309
.8969
.865
.8351
.8069
.7804
.7555
.732
.7099
.689
.6692
.6505
.6328
.6159
.6
.5848
.5703
.5565
.5434
.5308
.5188
.5073
.4963
.4857
.4756
.4658
.4565
.4474
.4387
.4304
.4223
.4145
.4069
.3996
.3926
.3858
.3791
.3727
.3665
.3605
.3546
.3489
.3434
.3381
.3328
.3278
.3228
.318
.3133
.3088
.3043
.3
.2958
.2917
.2877
.2837
.2799
.2762
.2725
.269
.2655
.2621
.2588
.2555
.2523
.2492
.2462
.2432
.2403
.2374
.2346
.2319
.2292
.2266
.224
.2215
.219
.2166
.2143
.2119
.2097
.2074
.2052
.2031
.201
.1989
.1968
.1948
.1929
.191
.1891
.1872
.1854
.1836
.1818
.1801
.1784
.1767
.1751
.1734
.1719
.1703
.1688
.1672
.1657
.1643
.1628
.1614
.16
.1586
.1573
.1559
.1546
.1533
.1521
.1508
.1496
.1483
.1471
.146
.1448
.1436
.1425
.1414
.1403
.1392
.1381
.1371
.136
.135
.134
.133
.132
.131
.1301
.1291
.1282
.1273
.1263
.1254
.1246
.1237
.1228
.122
.1211
.1203
.1195
.1186
.1178
.117
.1163
.1155
.1147
.114
.1132
.1125
.1117
.111
.1103
.1096
.1089
.1082
.1075
.1069
.1062
.1055
.1049
.1042
.1036
.103
.1024
.1017
.1011
.1005
.0999
.0993
.0987
.0982
.0976
.097
.0965
.0959
.0954
.0948
.0943
.0938
.0932
.0927
.0922
.0917
.0912
.0907
.0902
.0897
.0892
.0887
.0882
.0878
.0873
.0868
.0864
.0859
.0855
.085
.0846
.0842
.0837
.0833
.0829
.0825
.082
.0816
.0812
.0808
.0804
.08
.0796
.0792
.0788
.0784
.0781
.0777
.0773
.0769
.0766
.0762
.0758
.0755
.0751
.0748
.0744
.0741
.0737
.0734
.0731
.0727
.0724
.0721
.0717
.0714
.0711
.0708
.0705
.0701
.0698
.0695
.0692
.0689
.0686
.0683
.068
.0677
.0674
.0671
.0668
.0666
.0663
.066
.0657
.0654
.0652
.0649
.0646
.0644
.0641
.0638
.0636
.0633
.0631
.0628
.0625
.0623
.062
.0618
.0615
.0613
.0611
.0608
.0606
.0603
.0601
.0599
.0596
.0594
.0592
.0589
.0587
.0585
.0583
.058
.0578
.0576
.0574
.0572
.057
.0567
.0565
.0563
.0561
.0559
.0557
.0555
.0553
.0551
.0549
.0547
.0545
.0543
.0541
.0539
.0537
.0535
.0533
.0532
.053
.0528
.0526
.0524
.0522
.0521
.0519
.0517
.0515
.0513
.0512
.051
.0508
.0506
.0505
.0503
.0501
.05
