4.2436
4.0552
3.897
3.7639
3.6484
3.5442
3.4462
3.3512
3.2565
3.161
3.0642
2.967
2.8715
2.7813
2.7004
2.6323
2.5788
2.5394
2.5117
2.4927
2.4795
2.47
2.4626
2.4564
2.4509
2.4456
2.4404
2.4352
2.4299
2.4246
2.4192
2.4138
2.4083
2.4028
2.3973
2.3918
2.3862
2.3807
2.3752
2.3696
2.3641
2.3585
2.353
2.3474
2.3418
2.3362
2.3306
2.3249
2.3193
2.3136
2.3078
2.3021
2.2963
2.2905
2.2847
2.2788
2.2728
2.2669
2.2608
2.2546
2.2484
2.242
2.2354
2.2286
2.2215
2.2142
2.2064
2.1982
2.1895
2.1801
2.17
2.1591
2.1473
2.1343
2.1202
2.1046
2.0874
2.0685
2.0476
2.0246
1.9991
1.9711
1.9403
1.9067
1.8701
1.8306
1.7884
1.7436
1.6968
1.6483
1.5986
1.5483
1.498
1.448
1.3989
1.351
1.3045
1.2595
1.2163
1.1749
1.1353
1.0976
1.0616
1.0274
.9949
.964
.9346
.9068
.8803
.8553
.8314
.8088
.7873
.7669
.7475
.7291
.7116
.6949
.679
.6639
.6495
.6357
.6226
.6101
.5982
.5868
.5759
.5655
.5555
.5459
.5368
.528
.5196
.5115
.5038
.4963
.4892
.4823
.4757
.4693
.4632
.4573
.4516
.4461
.4407
.4356
.4307
.4259
.4212
.4168
.4124
.4082
.4041
.4002
.3964
.3926
.389
.3855
.3821
.3788
.3756
.3725
.3695
.3665
.3636
.3608
.3581
.3554
.3528
.3503
.3478
.3454
.343
.3407
.3385
.3363
.3342
.3321
.33
.328
.326
.3241
.3222
.3204
.3185
.3168
.315
.3133
.3117
.31
.3084
.3068
.3053
.3037
.3022
.3008
.2993
.2979
.2965
.2951
.2938
.2924
.2911
.2898
.2885
.2873
.2861
.2848
.2836
.2824
.2813
.2801
.279
.2779
.2768
.2757
.2746
.2735
.2725
.2714
.2704
.2694
.2684
.2674
.2664
.2654
.2645
.2635
.2626
.2616
.2607
.2598
.2589
.258
.2571
.2562
.2553
.2545
.2536
.2528
.2519
.2511
.2502
.2494
.2486
.2477
.2469
.2461
.2453
.2445
.2437
.2429
.2421
.2413
.2405
.2398
.239
.2382
.2374
.2367
.2359
.2351
.2344
.2336
.2328
.2321
.2313
.2306
.2298
.2291
.2283
.2276
.2268
.2261
.2253
.2246
.2238
.2231
.2223
.2216
.2208
.2201
.2193
.2186
.2178
.2171
.2163
.2155
.2148
.214
.2132
.2125
.2117
.2109
.2102
.2094
.2086
.2078
.2071
.2063
.2055
.2047
.2039
.2031
.2023
.2015
.2007
.1999
.1991
.1982
.1974
.1966
.1958
.1949
.1941
.1933
.1924
.1916
.1907
.1899
.189
.1882
.1873
.1864
.1855
.1847
.1838
.1829
.182
.1811
.1802
.1794
.1785
.1776
.1767
.1757
.1748
.1739
.173
.1721
.1712
.1703
.1693
.1684
.1675
.1666
.1657
.1647
.1638
.1629
.162
.161
.1601
.1592
.1583
.1573
.1564
.1555
.1546
.1537
.1528
.1518
.1509
.15
.1491
.1482
.1473
.1464
.1456
.1447
.1438
.1429
.142
.1412
.1403
.1395
.1386
.1378
.1369
.1361
.1352
.1344
.1336
.1328
.132
.1312
.1304
.1296
.1288
.128
.1273
.1265
.1258
.125
.1243
.1235
.1228
.1221
.1214
.1207
.12
.1193
.1186
.1179
.1172
.1165
.1159
.1152
.1146
.1139
.1133
.1127
.112
.1114
.1108
.1102
.1096
.109
.1084
.1078
.1073
.1067
.1061
.1056
.105
.1045
.1039
.1034
.1029
.1023
.1018
.1013
.1008
.1003
.0998
.0993
.0988
.0983
.0978
.0974
.0969
.0964
.096
.0955
.0951
.0946
.0942
.0937
.0933
.0929
.0924
.092
.0916
.0912
.0908
.0904
.09
.0896
.0892
.0888
.0884
.088
.0876
.0873
.0869
.0865
.0862
.0858
.0854
.0851
.0847
.0844
.084
.0837
.0833
.083
.0827
.0823
.082
.0817
.0813
.081
.0807
.0804
.0801
.0797
.0794
.0791
.0788
.0785
.0782
.0779
.0776
.0773
.077
.0768
.0765
.0762
.0759
.0756
.0754
.0751
.0748
.0745
.0743
.074
.0737
.0735
.0732
.0729
.0727
.0724
.0722
.0719
.0717
.0714
.0712
.0709
.0707
.0705
.0702
.07
.0697
.0695
.0693
.069
.0688
.0686
.0684
.0681
.0679
.0677
.0675
.0672
.067
.0668
.0666
.0664
.0662
.066
.0657
.0655
.0653
.0651
.0649
.0647
.0645
.0643
.0641
.0639
.0637
.0635
.0633
.0631
.0629
.0627
.0626
.0624
.0622
.062
.0618
.0616
.0614
.0613
.0611
.0609
.0607
.0605
.0604
.0602
.06
.0598
.0597
.0595
.0593
.0592
.059
.0588
.0586
.0585
.0583
.0581
.058
.0578
.0577
.0575
.0573
.0572
.057
.0569
.0567
.0566
.0564
.0562
.0561
.0559
.0558
.0556
.0555
.0553
.0552
.055
.0549
.0547
.0546
.0545
.0543
.0542
.054
.0539
.0537
.0536
.0535
.0533
.0532
.053
.0529
.0528
.0526
.0525
.0524
.0522
.0521
.052
.0518
.0517
.0516
.0514
.0513
.0512
.0511
.0509
.0508
.0507
.0506
.0504
.0503
.0502
.0501
.0499
