4.9257
4.711
4.4699
4.2248
3.9993
3.8047
3.6398
3.4973
3.3698
3.2515
3.1388
3.0292
2.9218
2.817
2.7162
2.6216
2.5361
2.462
2.4007
2.3517
2.3133
2.2834
2.2594
2.2396
2.2225
2.2071
2.1929
2.1795
2.1666
2.1541
2.1421
2.1303
2.1189
2.1079
2.0971
2.0866
2.0764
2.0665
2.0569
2.0475
2.0384
2.0295
2.0208
2.0123
2.004
1.9959
1.9879
1.9801
1.9724
1.9648
1.9573
1.9499
1.9427
1.9355
1.9285
1.9215
1.9147
1.9079
1.9012
1.8946
1.8881
1.8816
1.8753
1.869
1.8628
1.8567
1.8506
1.8447
1.8388
1.833
1.8273
1.8216
1.816
1.8105
1.8051
1.7997
1.7944
1.7891
1.7839
1.7788
1.7737
1.7686
1.7636
1.7587
1.7537
1.7489
1.744
1.7392
1.7344
1.7296
1.7248
1.7201
1.7153
1.7105
1.7058
1.701
1.6962
1.6914
1.6865
1.6816
1.6766
1.6716
1.6665
1.6614
1.6561
1.6508
1.6453
1.6397
1.6339
1.628
1.6219
1.6155
1.609
1.6021
1.595
1.5875
1.5797
1.5714
1.5627
1.5534
1.5436
1.5331
1.5218
1.5098
1.4968
1.4828
1.4676
1.4512
1.4335
1.4143
1.3935
1.371
1.3468
1.3209
1.2933
1.2642
1.2336
1.2019
1.1692
1.136
1.1025
1.0692
1.0362
1.0039
.9725
.9421
.9129
.885
.8582
.8327
.8085
.7854
.7634
.7425
.7226
.7037
.6857
.6685
.6521
.6364
.6214
.607
.5933
.58
.5674
.5552
.5435
.5322
.5213
.5108
.5007
.491
.4815
.4724
.4636
.455
.4467
.4387
.4309
.4233
.416
.4089
.402
.3953
.3887
.3824
.3762
.3702
.3643
.3586
.3531
.3476
.3424
.3372
.3322
.3273
.3226
.3179
.3134
.3089
.3046
.3004
.2963
.2923
.2883
.2845
.2807
.2771
.2735
.27
.2665
.2632
.2599
.2567
.2535
.2505
.2475
.2445
.2416
.2388
.236
.2333
.2307
.2281
.2255
.223
.2206
.2182
.2158
.2135
.2112
.209
.2068
.2047
.2026
.2005
.1985
.1965
.1946
.1927
.1908
.1889
.1871
.1853
.1836
.1818
.1802
.1785
.1768
.1752
.1737
.1721
.1706
.1691
.1676
.1661
.1647
.1633
.1619
.1605
.1592
.1578
.1565
.1552
.154
.1527
.1515
.1503
.1491
.1479
.1467
.1456
.1445
.1434
.1423
.1412
.1401
.1391
.138
.137
.136
.135
.134
.1331
.1321
.1312
.1303
.1293
.1284
.1275
.1267
.1258
.1249
.1241
.1232
.1224
.1216
.1208
.12
.1192
.1184
.1177
.1169
.1162
.1154
.1147
.114
.1133
.1125
.1119
.1112
.1105
.1098
.1091
.1085
.1078
.1072
.1065
.1059
.1053
.1047
.1041
.1035
.1029
.1023
.1017
.1011
.1006
.1
.0994
.0989
.0983
.0978
.0972
.0967
.0962
.0957
.0952
.0947
.0941
.0936
.0932
.0927
.0922
.0917
.0912
.0908
.0903
.0898
.0894
.0889
.0885
.088
.0876
.0872
.0867
.0863
.0859
.0854
.085
.0846
.0842
.0838
.0834
.083
.0826
.0822
.0818
.0815
.0811
.0807
.0803
.08
.0796
.0792
.0789
.0785
.0782
.0778
.0775
.0771
.0768
.0764
.0761
.0758
.0754
.0751
.0748
.0745
.0741
.0738
.0735
.0732
.0729
.0726
.0723
.072
.0717
.0714
.0711
.0708
.0705
.0702
.0699
.0696
.0694
.0691
.0688
.0685
.0682
.068
.0677
.0674
.0672
.0669
.0666
.0664
.0661
.0659
.0656
.0654
.0651
.0649
.0646
.0644
.0641
.0639
.0637
.0634
.0632
.063
.0627
.0625
.0623
.062
.0618
.0616
.0614
.0611
.0609
.0607
.0605
.0603
.0601
.0598
.0596
.0594
.0592
.059
.0588
.0586
.0584
.0582
.058
.0578
.0576
.0574
.0572
.057
.0568
.0566
.0564
.0563
.0561
.0559
.0557
.0555
.0553
.0551
.055
.0548
.0546
.0544
.0543
.0541
.0539
.0537
.0536
.0534
.0532
.0531
.0529
.0527
.0526
.0524
.0522
.0521
.0519
.0517
.0516
.0514
.0513
.0511
.051
.0508
.0506
.0505
.0503
.0502
.05
.0499
