4.1472
3.9694
3.8119
3.6647
3.5183
3.3642
3.1965
3.0127
2.8173
2.6246
2.4574
2.3337
2.2549
2.2085
2.1809
2.1631
2.1502
2.14
2.1313
2.1235
2.1163
2.1096
2.1032
2.0971
2.0912
2.0855
2.08
2.0746
2.0693
2.0641
2.0589
2.0539
2.0489
2.0439
2.039
2.0341
2.0291
2.0242
2.0192
2.0142
2.0092
2.0041
1.9989
1.9936
1.9883
1.9828
1.9772
1.9715
1.9657
1.9598
1.9537
1.9475
1.9411
1.9347
1.9281
1.9214
1.9146
1.9077
1.9007
1.8937
1.8866
1.8795
1.8724
1.8653
1.8583
1.8512
1.8443
1.8374
1.8306
1.8239
1.8173
1.8108
1.8045
1.7983
1.7922
1.7863
1.7805
1.7749
1.7695
1.7642
1.759
1.754
1.7491
1.7444
1.7398
1.7353
1.731
1.7268
1.7227
1.7187
1.7148
1.7111
1.7074
1.7038
1.7004
1.697
1.6937
1.6904
1.6873
1.6842
1.6812
1.6783
1.6754
1.6726
1.6698
1.6671
1.6644
1.6618
1.6593
1.6567
1.6542
1.6518
1.6493
1.647
1.6446
1.6423
1.6399
1.6376
1.6354
1.6331
1.6308
1.6286
1.6264
1.6241
1.6219
1.6197
1.6174
1.6152
1.6129
1.6106
1.6083
1.606
1.6036
1.6012
1.5988
1.5963
1.5938
1.5912
1.5886
1.5858
1.583
1.5801
1.5771
1.574
1.5707
1.5673
1.5637
1.5599
1.556
1.5517
1.5473
1.5425
1.5374
1.5319
1.526
1.5196
1.5127
1.5051
1.4968
1.4877
1.4777
1.4665
1.4542
1.4403
1.4248
1.4074
1.3878
1.3656
1.3406
1.3124
1.2806
1.245
1.2053
1.1616
1.1141
1.0634
1.0101
.9556
.9009
.8472
.7955
.7467
.701
.6588
.62
.5845
.5521
.5225
.4955
.4708
.4481
.4274
.4083
.3908
.3746
.3596
.3457
.3328
.3207
.3095
.2991
.2893
.2801
.2715
.2634
.2558
.2486
.2418
.2354
.2293
.2236
.2181
.2129
.208
.2033
.1988
.1945
.1905
.1866
.1828
.1793
.1758
.1726
.1694
.1664
.1635
.1607
.158
.1554
.1529
.1505
.1482
.146
.1438
.1417
.1397
.1377
.1358
.134
.1322
.1304
.1288
.1271
.1255
.124
.1225
.1211
.1196
.1183
.1169
.1156
.1144
.1131
.1119
.1107
.1096
.1085
.1074
.1063
.1052
.1042
.1032
.1022
.1013
.1004
.0994
.0986
.0977
.0968
.096
.0952
.0943
.0936
.0928
.092
.0913
.0905
.0898
.0891
.0884
.0877
.0871
.0864
.0858
.0851
.0845
.0839
.0833
.0827
.0821
.0816
.081
.0804
.0799
.0794
.0788
.0783
.0778
.0773
.0768
.0763
.0758
.0753
.0749
.0744
.074
.0735
.0731
.0726
.0722
.0718
.0713
.0709
.0705
.0701
.0697
.0693
.0689
.0686
.0682
.0678
.0674
.0671
.0667
.0664
.066
.0657
.0653
.065
.0646
.0643
.064
.0637
.0633
.063
.0627
.0624
.0621
.0618
.0615
.0612
.0609
.0606
.0603
.06
.0598
.0595
.0592
.0589
.0587
.0584
.0581
.0579
.0576
.0574
.0571
.0569
.0566
.0564
.0561
.0559
.0556
.0554
.0552
.0549
.0547
.0545
.0542
.054
.0538
.0536
.0534
.0531
.0529
.0527
.0525
.0523
.0521
.0519
.0517
.0515
.0513
.0511
.0509
.0507
.0505
.0503
.0501
.0499
