4.2226
3.9121
3.5974
3.2985
3.0274
2.7919
2.5987
2.4521
2.3507
2.2862
2.2474
2.2241
2.2096
2.1998
2.1923
2.186
2.1802
2.1747
2.1693
2.1638
2.1583
2.1527
2.1471
2.1414
2.1357
2.13
2.1242
2.1184
2.1126
2.1068
2.101
2.0951
2.0892
2.0834
2.0774
2.0715
2.0655
2.0595
2.0535
2.0475
2.0414
2.0353
2.0292
2.0231
2.017
2.0109
2.0048
1.9986
1.9926
1.9865
1.9805
1.9745
1.9685
1.9626
1.9568
1.9511
1.9454
1.9398
1.9343
1.9288
1.9235
1.9183
1.9131
1.9081
1.9032
1.8983
1.8936
1.8889
1.8844
1.88
1.8756
1.8714
1.8672
1.8632
1.8592
1.8553
1.8515
1.8478
1.8442
1.8406
1.8372
1.8338
1.8304
1.8272
1.824
1.8209
1.8178
1.8148
1.8118
1.809
1.8061
1.8033
1.8006
1.7979
1.7953
1.7927
1.7902
1.7877
1.7852
1.7828
1.7804
1.778
1.7757
1.7734
1.7712
1.7689
1.7667
1.7646
1.7624
1.7603
1.7582
1.7561
1.7541
1.752
1.75
1.748
1.746
1.7441
1.7421
1.7402
1.7383
1.7363
1.7344
1.7325
1.7306
1.7287
1.7268
1.7249
1.7231
1.7212
1.7193
1.7174
1.7155
1.7136
1.7117
1.7097
1.7078
1.7058
1.7039
1.7019
1.6999
1.6978
1.6958
1.6937
1.6915
1.6894
1.6872
1.6849
1.6826
1.6802
1.6778
1.6753
1.6728
1.6702
1.6674
1.6646
1.6617
1.6587
1.6555
1.6522
1.6488
1.6451
1.6413
1.6373
1.6331
1.6286
1.6238
1.6187
1.6133
1.6074
1.6012
1.5944
1.5871
1.5791
1.5705
1.5611
1.5508
1.5396
1.5272
1.5136
1.4986
1.4821
1.4639
1.4439
1.4219
1.3978
1.3716
1.3433
1.3129
1.2805
1.2465
1.2111
1.1748
1.1381
1.1013
1.0649
1.0293
.9948
.9617
.9301
.9001
.8717
.845
.82
.7964
.7743
.7536
.7342
.7159
.6988
.6827
.6675
.6532
.6397
.6268
.6147
.6032
.5922
.5818
.5718
.5622
.5531
.5443
.5359
.5278
.52
.5124
.5051
.498
.4912
.4845
.478
.4717
.4655
.4595
.4536
.4479
.4423
.4368
.4313
.426
.4208
.4157
.4106
.4056
.4007
.3959
.3911
.3864
.3817
.3771
.3726
.3681
.3636
.3593
.3549
.3506
.3464
.3422
.3381
.334
.3299
.3259
.322
.318
.3142
.3104
.3066
.3029
.2992
.2956
.2921
.2886
.2851
.2817
.2783
.275
.2718
.2686
.2654
.2623
.2592
.2562
.2533
.2504
.2475
.2447
.242
.2393
.2366
.234
.2315
.229
.2265
.2241
.2217
.2194
.2171
.2148
.2126
.2105
.2083
.2062
.2042
.2022
.2002
.1983
.1963
.1945
.1926
.1908
.1891
.1873
.1856
.1839
.1823
.1806
.1791
.1775
.1759
.1744
.1729
.1715
.17
.1686
.1672
.1659
.1645
.1632
.1619
.1606
.1593
.1581
.1568
.1556
.1545
.1533
.1521
.151
.1499
.1488
.1477
.1466
.1456
.1445
.1435
.1425
.1415
.1405
.1396
.1386
.1377
.1368
.1358
.1349
.1341
.1332
.1323
.1315
.1306
.1298
.129
.1282
.1274
.1266
.1258
.125
.1243
.1235
.1228
.122
.1213
.1206
.1199
.1192
.1185
.1179
.1172
.1165
.1159
.1152
.1146
.1139
.1133
.1127
.1121
.1115
.1109
.1103
.1097
.1091
.1086
.108
.1075
.1069
.1064
.1058
.1053
.1048
.1042
.1037
.1032
.1027
.1022
.1017
.1012
.1007
.1002
.0998
.0993
.0988
.0984
.0979
.0975
.097
.0966
.0961
.0957
.0953
.0948
.0944
.094
.0936
.0932
.0928
.0924
.092
.0916
.0912
.0908
.0904
.09
.0896
.0893
.0889
.0885
.0882
.0878
.0874
.0871
.0867
.0864
.086
.0857
.0854
.085
.0847
.0843
.084
.0837
.0834
.0831
.0827
.0824
.0821
.0818
.0815
.0812
.0809
.0806
.0803
.08
.0797
.0794
.0791
.0788
.0785
.0783
.078
.0777
.0774
.0771
.0769
.0766
.0763
.0761
.0758
.0755
.0753
.075
.0748
.0745
.0743
.074
.0738
.0735
.0733
.073
.0728
.0726
.0723
.0721
.0718
.0716
.0714
.0711
.0709
.0707
.0705
.0702
.07
.0698
.0696
.0694
.0691
.0689
.0687
.0685
.0683
.0681
.0679
.0677
.0675
.0673
.0671
.0669
.0667
.0665
.0663
.0661
.0659
.0657
.0655
.0653
.0651
.0649
.0647
.0645
.0643
.0642
.064
.0638
.0636
.0634
.0633
.0631
.0629
.0627
.0625
.0624
.0622
.062
.0619
.0617
.0615
.0614
.0612
.061
.0609
.0607
.0605
.0604
.0602
.06
.0599
.0597
.0596
.0594
.0593
.0591
.0589
.0588
.0586
.0585
.0583
.0582
.058
.0579
.0577
.0576
.0574
.0573
.0572
.057
.0569
.0567
.0566
.0564
.0563
.0562
.056
.0559
.0557
.0556
.0555
.0553
.0552
.0551
.0549
.0548
.0547
.0545
.0544
.0543
.0541
.054
.0539
.0538
.0536
.0535
.0534
.0533
.0531
.053
.0529
.0528
.0526
.0525
.0524
.0523
.0522
.052
.0519
.0518
.0517
.0516
.0515
.0513
.0512
.0511
.051
.0509
.0508
.0507
.0505
.0504
.0503
.0502
.0501
.05
