4.3097
4.0879
3.8997
3.7431
3.6105
3.4946
3.3901
3.2935
3.2027
3.1167
3.0349
2.9574
2.8845
2.8169
2.7554
2.7008
2.6538
2.6145
2.5823
2.5564
2.5354
2.5181
2.5033
2.4899
2.4772
2.4647
2.4519
2.4385
2.4245
2.4096
2.3939
2.3773
2.36
2.3421
2.3238
2.3051
2.2864
2.2679
2.2497
2.232
2.2151
2.1989
2.1837
2.1694
2.1561
2.1438
2.1324
2.1218
2.1121
2.1031
2.0948
2.0871
2.08
2.0734
2.0672
2.0614
2.056
2.0509
2.046
2.0414
2.037
2.0328
2.0288
2.025
2.0212
2.0177
2.0142
2.0108
2.0075
2.0044
2.0013
1.9983
1.9953
1.9925
1.9897
1.9869
1.9842
1.9816
1.979
1.9765
1.974
1.9716
1.9692
1.9668
1.9645
1.9622
1.96
1.9578
1.9556
1.9534
1.9513
1.9492
1.9471
1.9451
1.943
1.941
1.939
1.937
1.9351
1.9332
1.9312
1.9293
1.9274
1.9256
1.9237
1.9219
1.92
1.9182
1.9164
1.9146
1.9128
1.911
1.9092
1.9074
1.9056
1.9039
1.9021
1.9004
1.8986
1.8969
1.8951
1.8934
1.8916
1.8898
1.8881
1.8863
1.8846
1.8828
1.881
1.8792
1.8774
1.8756
1.8738
1.8719
1.87
1.8681
1.8662
1.8643
1.8623
1.8603
1.8583
1.8562
1.8541
1.8519
1.8496
1.8473
1.845
1.8425
1.84
1.8374
1.8346
1.8318
1.8288
1.8257
1.8224
1.8189
1.8152
1.8113
1.8071
1.8027
1.7979
1.7927
1.7871
1.7811
1.7744
1.7672
1.7592
1.7504
1.7406
1.7298
1.7176
1.7041
1.6889
1.6718
1.6525
1.6308
1.6064
1.5789
1.5482
1.5139
1.4759
1.4343
1.3892
1.3409
1.29
1.2372
1.1831
1.1287
1.0747
1.0218
.9705
.9213
.8746
.8305
.789
.7502
.7141
.6805
.6493
.6203
.5935
.5685
.5454
.5239
.5038
.4852
.4678
.4515
.4362
.422
.4086
.3959
.3841
.3729
.3623
.3523
.3428
.3338
.3253
.3171
.3094
.302
.295
.2882
.2818
.2756
.2697
.2641
.2586
.2534
.2484
.2436
.2389
.2344
.2301
.2259
.2219
.218
.2142
.2106
.2071
.2037
.2003
.1971
.194
.191
.1881
.1853
.1825
.1798
.1772
.1747
.1722
.1698
.1675
.1652
.163
.1608
.1587
.1567
.1547
.1527
.1508
.1489
.1471
.1453
.1436
.1419
.1402
.1386
.137
.1355
.134
.1325
.131
.1296
.1282
.1269
.1255
.1242
.1229
.1217
.1204
.1192
.118
.1169
.1157
.1146
.1135
.1124
.1114
.1103
.1093
.1083
.1073
.1064
.1054
.1045
.1036
.1027
.1018
.1009
.1
.0992
.0984
.0976
.0968
.096
.0952
.0944
.0937
.0929
.0922
.0915
.0908
.0901
.0894
.0887
.088
.0874
.0867
.0861
.0855
.0848
.0842
.0836
.083
.0824
.0819
.0813
.0807
.0802
.0796
.0791
.0785
.078
.0775
.077
.0765
.076
.0755
.075
.0745
.074
.0736
.0731
.0727
.0722
.0718
.0713
.0709
.0705
.07
.0696
.0692
.0688
.0684
.068
.0676
.0672
.0668
.0664
.066
.0657
.0653
.0649
.0646
.0642
.0638
.0635
.0631
.0628
.0625
.0621
.0618
.0615
.0611
.0608
.0605
.0602
.0599
.0596
.0593
.059
.0587
.0584
.0581
.0578
.0575
.0572
.0569
.0566
.0564
.0561
.0558
.0555
.0553
.055
.0548
.0545
.0542
.054
.0537
.0535
.0532
.053
.0527
.0525
.0523
.052
.0518
.0516
.0513
.0511
.0509
.0507
.0504
.0502
.05
