4.8414
4.606
4.3577
4.1271
3.9341
3.7802
3.6563
3.5523
3.4606
3.376
3.2952
3.2159
3.1367
3.0568
2.9758
2.894
2.8122
2.7319
2.6552
2.5843
2.5214
2.4678
2.4237
2.3884
2.3606
2.3386
2.3211
2.3068
2.2947
2.2842
2.2749
2.2664
2.2585
2.2511
2.2441
2.2375
2.2311
2.225
2.2191
2.2134
2.2079
2.2026
2.1974
2.1924
2.1875
2.1828
2.1781
2.1736
2.1691
2.1646
2.1602
2.1559
2.1515
2.1471
2.1428
2.1383
2.1338
2.1293
2.1246
2.1199
2.1151
2.1101
2.1049
2.0996
2.0941
2.0884
2.0825
2.0762
2.0697
2.0627
2.0554
2.0476
2.0391
2.03
2.0201
2.0091
1.997
1.9834
1.9681
1.9507
1.9309
1.9082
1.8821
1.8521
1.8177
1.7786
1.7345
1.6855
1.6318
1.5741
1.5132
1.4503
1.3866
1.323
1.2606
1.2
1.1419
1.0865
1.0341
.9847
.9383
.8949
.8543
.8165
.7811
.7482
.7175
.6888
.662
.637
.6136
.5917
.5712
.5519
.5338
.5168
.5008
.4857
.4714
.4579
.4452
.4331
.4216
.4107
.4003
.3905
.3811
.3721
.3636
.3554
.3476
.3401
.3329
.3261
.3195
.3131
.307
.3012
.2955
.2901
.2848
.2798
.2749
.2702
.2656
.2612
.257
.2528
.2488
.245
.2412
.2376
.234
.2306
.2273
.224
.2209
.2178
.2148
.2119
.2091
.2064
.2037
.2011
.1985
.1961
.1936
.1913
.189
.1867
.1845
.1824
.1803
.1782
.1762
.1743
.1723
.1705
.1686
.1668
.1651
.1633
.1616
.16
.1584
.1568
.1552
.1537
.1522
.1507
.1493
.1479
.1465
.1451
.1438
.1424
.1412
.1399
.1386
.1374
.1362
.135
.1339
.1327
.1316
.1305
.1294
.1283
.1273
.1262
.1252
.1242
.1232
.1223
.1213
.1204
.1194
.1185
.1176
.1167
.1158
.115
.1141
.1133
.1125
.1117
.1109
.1101
.1093
.1085
.1078
.107
.1063
.1055
.1048
.1041
.1034
.1027
.102
.1014
.1007
.1
.0994
.0988
.0981
.0975
.0969
.0963
.0957
.0951
.0945
.0939
.0933
.0928
.0922
.0917
.0911
.0906
.0901
.0895
.089
.0885
.088
.0875
.087
.0865
.086
.0855
.085
.0846
.0841
.0836
.0832
.0827
.0823
.0818
.0814
.081
.0805
.0801
.0797
.0793
.0789
.0785
.0781
.0777
.0773
.0769
.0765
.0761
.0757
.0754
.075
.0746
.0743
.0739
.0735
.0732
.0728
.0725
.0721
.0718
.0715
.0711
.0708
.0705
.0701
.0698
.0695
.0692
.0689
.0685
.0682
.0679
.0676
.0673
.067
.0667
.0664
.0661
.0659
.0656
.0653
.065
.0647
.0644
.0642
.0639
.0636
.0634
.0631
.0628
.0626
.0623
.0621
.0618
.0615
.0613
.061
.0608
.0606
.0603
.0601
.0598
.0596
.0594
.0591
.0589
.0587
.0584
.0582
.058
.0578
.0575
.0573
.0571
.0569
.0567
.0565
.0562
.056
.0558
.0556
.0554
.0552
.055
.0548
.0546
.0544
.0542
.054
.0538
.0536
.0534
.0532
.0531
.0529
.0527
.0525
.0523
.0521
.052
.0518
.0516
.0514
.0512
.0511
.0509
.0507
.0505
.0504
.0502
.05
.0499
