4.8102
4.5478
4.2494
3.9466
3.6689
3.4251
3.2077
3.0072
2.8195
2.6477
2.4997
2.3828
2.2982
2.2408
2.2023
2.1759
2.1568
2.142
2.1299
2.1196
2.1106
2.1025
2.0952
2.0884
2.0821
2.0763
2.0709
2.0658
2.061
2.0565
2.0523
2.0483
2.0444
2.0408
2.0374
2.0341
2.031
2.0279
2.025
2.0222
2.0195
2.0169
2.0143
2.0118
2.0094
2.007
2.0046
2.0023
2.0
1.9977
1.9955
1.9933
1.9911
1.9889
1.9867
1.9845
1.9823
1.9801
1.978
1.9758
1.9736
1.9714
1.9692
1.967
1.9647
1.9625
1.9602
1.958
1.9557
1.9534
1.9511
1.9487
1.9464
1.944
1.9416
1.9392
1.9367
1.9342
1.9318
1.9292
1.9267
1.9241
1.9215
1.9189
1.9163
1.9136
1.9109
1.9082
1.9055
1.9027
1.8999
1.8972
1.8944
1.8915
1.8887
1.8859
1.883
1.8802
1.8773
1.8745
1.8716
1.8687
1.8659
1.863
1.8602
1.8574
1.8545
1.8517
1.8489
1.8461
1.8434
1.8406
1.8379
1.8352
1.8325
1.8299
1.8273
1.8247
1.8221
1.8195
1.817
1.8145
1.812
1.8096
1.8071
1.8048
1.8024
1.8001
1.7977
1.7955
1.7932
1.791
1.7888
1.7866
1.7844
1.7823
1.7802
1.7781
1.7761
1.7741
1.772
1.7701
1.7681
1.7661
1.7642
1.7623
1.7604
1.7586
1.7567
1.7549
1.7531
1.7513
1.7495
1.7478
1.746
1.7443
1.7426
1.7409
1.7392
1.7375
1.7358
1.7342
1.7325
1.7309
1.7293
1.7277
1.7261
1.7245
1.7229
1.7214
1.7198
1.7182
1.7167
1.7152
1.7136
1.7121
1.7106
1.7091
1.7075
1.706
1.7045
1.7031
1.7016
1.7001
1.6986
1.6971
1.6956
1.6942
1.6927
1.6912
1.6897
1.6883
1.6868
1.6853
1.6839
1.6824
1.681
1.6795
1.678
1.6766
1.6751
1.6736
1.6722
1.6707
1.6692
1.6678
1.6663
1.6648
1.6634
1.6619
1.6604
1.6589
1.6574
1.656
1.6545
1.653
1.6515
1.65
1.6485
1.647
1.6455
1.644
1.6424
1.6409
1.6394
1.6379
1.6363
1.6348
1.6333
1.6317
1.6302
1.6286
1.6271
1.6255
1.6239
1.6224
1.6208
1.6192
1.6176
1.616
1.6144
1.6128
1.6112
1.6096
1.608
1.6064
1.6048
1.6031
1.6015
1.5999
1.5982
1.5966
1.5949
1.5933
1.5916
1.5899
1.5883
1.5866
1.5849
1.5832
1.5815
1.5798
1.5781
1.5764
1.5747
1.573
1.5713
1.5696
1.5679
1.5662
1.5644
1.5627
1.561
1.5592
1.5575
1.5558
1.554
1.5523
1.5505
1.5488
1.547
1.5453
1.5435
1.5418
1.54
1.5382
1.5365
1.5347
1.533
1.5312
1.5294
1.5277
1.5259
1.5242
1.5224
1.5206
1.5189
1.5171
1.5154
1.5136
1.5119
1.5101
1.5083
1.5066
1.5049
1.5031
1.5014
1.4996
1.4979
1.4962
1.4944
1.4927
1.491
1.4893
1.4875
1.4858
1.4841
1.4824
1.4807
1.479
1.4773
1.4757
1.474
1.4723
1.4706
1.469
1.4673
1.4657
1.464
1.4624
1.4607
1.4591
1.4575
1.4559
1.4542
1.4526
1.451
1.4494
1.4479
1.4463
1.4447
1.4431
1.4416
1.44
1.4385
1.4369
1.4354
1.4339
1.4323
1.4308
1.4293
1.4278
1.4263
1.4249
1.4234
1.4219
1.4204
1.419
1.4175
1.4161
1.4147
1.4132
1.4118
1.4104
1.409
1.4076
1.4062
1.4048
1.4034
1.4021
1.4007
1.3993
1.398
1.3967
1.3953
1.394
1.3927
1.3914
1.39
1.3887
1.3875
1.3862
1.3849
1.3836
1.3824
1.3811
1.3798
1.3786
1.3774
1.3761
1.3749
1.3737
1.3725
1.3713
1.3701
1.3689
1.3677
1.3666
1.3654
1.3642
1.3631
1.3619
1.3608
1.3597
1.3585
1.3574
1.3563
1.3552
1.3541
1.353
1.3519
1.3509
1.3498
1.3487
1.3477
1.3466
1.3456
1.3445
1.3435
1.3425
1.3415
1.3405
1.3395
1.3385
1.3375
1.3365
1.3355
1.3346
1.3336
1.3327
1.3317
1.3308
1.3299
1.3289
1.328
1.3271
1.3262
1.3253
1.3244
1.3235
1.3227
1.3218
1.3209
1.3201
1.3192
1.3184
1.3176
1.3167
1.3159
1.3151
1.3143
1.3135
1.3127
1.312
1.3112
1.3104
1.3097
1.3089
1.3082
1.3074
1.3067
1.306
1.3053
1.3046
1.3039
1.3032
1.3025
1.3018
1.3012
1.3005
1.2998
1.2992
1.2986
1.2979
1.2973
1.2967
1.2961
1.2955
1.2949
1.2943
1.2938
1.2932
1.2927
1.2921
1.2916
1.291
1.2905
1.29
1.2895
1.289
1.2885
1.2881
1.2876
1.2871
1.2867
1.2862
1.2858
1.2854
1.285
1.2846
1.2842
1.2838
1.2834
1.283
1.2827
1.2823
1.282
1.2817
1.2813
1.281
1.2807
1.2804
1.2802
1.2799
1.2796
1.2794
1.2791
1.2789
1.2787
1.2785
1.2783
1.2781
1.2779
1.2778
1.2776
1.2775
1.2774
1.2772
1.2771
1.277
1.277
1.2769
1.2768
1.2768
1.2768
1.2767
1.2767
1.2767
1.2767
1.2768
1.2768
1.2769
1.2769
1.277
1.2771
1.2772
1.2773
1.2775
1.2776
1.2778
1.2779
1.2781
1.2783
1.2786
1.2788
1.279
1.2793
1.2796
1.2799
1.2802
1.2805
1.2808
1.2812
1.2816
1.282
1.2824
1.2828
1.2832
1.2837
1.2841
1.2846
1.2851
1.2856
1.2862
1.2867
1.2873
1.2879
1.2885
1.2891
1.2898
1.2904
1.2911
1.2918
1.2925
1.2933
1.294
1.2948
1.2956
1.2964
1.2972
1.298
1.2989
1.2998
1.3007
1.3016
1.3025
1.3035
1.3044
1.3054
1.3064
1.3075
1.3085
1.3096
1.3107
1.3117
1.3129
1.314
1.3151
1.3163
1.3175
1.3187
1.3199
1.3211
1.3223
1.3236
1.3248
1.3261
1.3274
1.3287
1.33
1.3314
1.3327
1.334
1.3354
1.3367
1.3381
1.3395
1.3409
1.3423
1.3436
1.345
1.3464
1.3478
1.3492
1.3506
1.3521
1.3535
1.3549
1.3562
1.3576
1.359
1.3604
1.3618
1.3632
1.3645
1.3659
1.3672
1.3686
1.3699
1.3712
1.3725
1.3738
1.3751
1.3763
1.3776
1.3788
1.38
1.3812
1.3824
1.3835
1.3847
1.3858
1.3869
1.388
1.3891
1.3901
1.3912
1.3922
1.3932
1.3942
1.3951
1.396
1.397
1.3979
1.3987
1.3996
1.4004
1.4013
1.4021
1.4029
1.4036
1.4044
1.4051
1.4058
1.4065
1.4072
1.4079
1.4085
1.4092
1.4098
1.4104
1.411
1.4115
1.4121
1.4126
1.4132
1.4137
1.4142
1.4147
1.4152
1.4157
1.4161
1.4166
1.417
1.4175
1.4179
1.4183
1.4187
1.4191
1.4195
1.4199
1.4202
1.4206
1.421
1.4213
1.4217
1.422
1.4223
1.4227
1.423
1.4233
1.4236
1.4239
1.4242
1.4245
1.4248
1.4251
1.4254
1.4256
1.4259
1.4262
1.4265
1.4267
1.427
1.4272
1.4275
1.4277
1.428
1.4282
1.4285
1.4287
1.429
1.4292
1.4294
1.4297
1.4299
1.4301
1.4303
1.4306
1.4308
1.431
1.4312
1.4314
1.4316
1.4319
1.4321
1.4323
1.4325
1.4327
1.4329
1.4331
1.4333
1.4335
1.4337
1.4339
1.4341
1.4343
1.4345
1.4347
1.4349
1.4351
1.4353
1.4355
1.4357
1.4358
1.436
1.4362
1.4364
1.4366
1.4368
1.4369
1.4371
1.4373
1.4375
1.4377
1.4379
1.438
1.4382
1.4384
1.4386
1.4387
1.4389
1.4391
1.4393
1.4394
1.4396
1.4398
1.4399
1.4401
1.4403
1.4405
1.4406
1.4408
1.441
1.4411
1.4413
1.4415
1.4416
1.4418
1.4419
1.4421
1.4423
1.4424
1.4426
1.4428
1.4429
1.4431
1.4432
1.4434
1.4435
1.4437
1.4439
1.444
1.4442
1.4443
1.4445
1.4446
1.4448
1.445
1.4451
1.4453
1.4454
1.4456
1.4457
1.4459
1.446
1.4462
1.4463
1.4465
1.4466
1.4468
1.4469
1.4471
1.4472
1.4474
1.4475
1.4477
1.4478
1.4479
1.4481
1.4482
1.4484
1.4485
1.4487
1.4488
1.449
1.4491
1.4492
1.4493
1.4495
1.4497
1.4499
1.4501
1.4502
1.4503
1.4503
1.4503
1.4504
1.4506
1.4509
1.4514
1.4517
1.4518
1.4516
1.4512
1.4508
1.4508
1.4513
1.4525
1.4539
1.4548
1.4545
1.4528
1.4503
1.4483
1.4482
1.4511
1.4566
1.4623
1.4643
1.4599
1.45
1.4385
1.4308
1.433
1.4501
1.4795
1.5012
1.4914
1.4566
1.4128
1.3682
1.3287
1.3027
1.3096
1.4043
1.6785
1.5655
1.556
1.4864
1.4164
1.3413
1.2513
1.117
.8945
.7012
.6547
.6439
.6393
.6369
.6351
.6333
.6315
.6298
.6281
.6265
.625
.6235
.6221
.6208
.6195
.6182
.617
.6158
.6147
.6136
.6125
.6114
.6104
.6093
.6083
.6074
.6064
.6054
.6045
.6036
.6026
.6017
.6008
.5999
.599
.5981
.5973
.5964
.5955
.5946
.5938
.5929
.592
.5911
.5903
.5894
.5885
.5876
.5867
.5858
.5849
.584
.5831
.5821
.5812
.5802
.5793
.5783
.5773
.5763
.5753
.5743
.5733
.5722
.5711
.57
.5689
.5678
.5666
.5654
.5642
.563
.5618
.5605
.5592
.5578
.5565
.5551
.5537
.5522
.5507
.5492
.5476
.546
.5443
.5426
.5409
.5391
.5372
.5354
.5334
.5314
.5294
.5273
.5252
.523
.5207
.5184
.5161
.5137
.5113
.5088
.5063
.5038
.5012
.4987
.4961
.4936
.4912
.4888
.4866
.4845
.4827
.4813
.4803
.4799
.4805
.4825
.4868
.4955
.5141
.5674
.9358
2.1574
2.0861
2.8356
.6815
.5753
.4959
.4632
.4571
.4609
.4721
.4975
.5802
1.5088
2.0265
.5166
.5132
.5633
1.088
2.0218
.5516
.7074
2.7304
.6069
2.6145
.5375
1.1396
2.0258
.4831
.4533
.4496
.4627
.5059
.7634
2.8426
1.4189
2.0977
.6968
2.2671
.5567
.4851
.4505
.4431
.4515
.4802
.5992
2.2801
.4263
.4268
.4416
.4924
.8573
2.0702
2.9155
.6173
.7347
2.7632
.8999
1.9888
.4353
.4234
.4259
.4394
.476
.6581
2.8599
1.0922
2.1163
2.3672
.4229
.4226
.4259
.4501
.5458
1.9267
2.7936
1.3189
1.9873
.4355
.4188
.4248
.4528
.5719
2.342
.4184
.4813
.6654
2.9328
1.5307
3.0771
.6244
2.8945
1.5617
3.0429
1.5304
3.0895
1.4971
3.1233
1.4578
3.1537
1.3564
3.1269
.5347
.4991
.4583
.4499
.4529
.4633
.4865
.5591
1.3189
2.0377
.5213
.4836
.4619
.455
.4639
.506
.8172
2.7846
3.1082
.6409
2.7239
1.2271
2.0315
.4357
.4175
.4129
.4144
.4206
.4343
.4692
.6464
2.8903
1.6878
2.1245
.5238
.4768
.4583
.4671
.5409
1.6238
2.5117
2.082
.4563
.4128
.4029
.4061
.4196
.4574
.6747
3.0682
1.2092
2.0842
1.1931
2.122
2.2056
.4445
.403
.3954
.4003
.4173
.4698
.9418
2.0152
.5214
1.4062
2.1179
2.4961
.616
3.0832
.6994
2.5674
2.1337
1.6387
2.0303
.4269
.3955
.3878
.3861
.388
.3937
.4066
.4414
.6401
3.0289
1.0432
2.1703
2.9466
.6879
2.8133
1.2998
2.1098
1.9072
3.09
.822
1.9706
.416
.391
.3829
.3799
.3796
.3817
.3873
.4003
.436
.6522
3.0407
.4392
1.0645
2.139
2.9832
1.2034
2.1677
2.9949
.3917
.3742
.3681
.3687
.3746
.3887
.4287
.7053
2.2827
2.1845
2.0473
1.8978
.3781
.3658
.3663
.3749
.3973
.48
1.8267
1.8687
.6833
2.9204
.3942
.3607
.3523
.3515
.3555
.3655
.3904
.4921
2.2766
.3579
.3431
.3462
.363
.42
1.0939
2.1679
1.912
.4577
1.5557
2.1142
2.747
2.2632
2.2167
1.9096
.4254
.3732
.3371
.3251
.3215
.3205
.321
.3235
.329
.3407
.3696
.505
2.6464
.5217
2.1169
2.1506
1.8586
.4534
.5331
1.8855
1.9015
.5389
.8057
1.6981
.314
.2971
.2876
.2806
.2748
.2696
.2648
.2604
.2563
.2526
.2492
.2461
.2433
.2408
.2386
.2367
.235
.2335
.2323
.2312
.2303
.2295
.2288
.2282
.2275
.2268
.226
.225
.2239
.2225
.221
.2192
.2172
.215
.2128
.2105
.2082
.2059
.2037
.2015
.1993
.1973
.1952
.1932
.1912
.1893
.1874
.1855
.1837
.1819
.1801
.1783
.1766
.1749
.1733
.1716
.17
.1684
.1668
.1653
.1638
.1623
.1608
.1594
.1579
.1565
.1552
.1538
.1525
.1511
.1498
.1486
.1473
.1461
.1448
.1436
.1424
.1413
.1401
.139
.1378
.1367
.1356
.1346
.1335
.1325
.1314
.1304
.1294
.1284
.1275
.1265
.1256
.1246
.1237
.1228
.1219
.121
.1201
.1193
.1184
.1176
.1167
.1159
.1151
.1143
.1135
.1128
.112
.1112
.1105
.1097
.109
.1083
.1076
.1069
.1062
.1055
.1048
.1041
.1035
.1028
.1022
.1015
.1009
.1003
.0997
.099
.0984
.0978
.0973
.0967
.0961
.0955
.095
.0944
.0938
.0933
.0928
.0922
.0917
.0912
.0907
.0901
.0896
.0891
.0886
.0882
.0877
.0872
.0867
.0862
.0858
.0853
.0849
.0844
.084
.0835
.0831
.0827
.0822
.0818
.0814
.081
.0806
.0801
.0797
.0793
.0789
.0785
.0782
.0778
.0774
.077
.0766
.0763
.0759
.0755
.0752
.0748
.0745
.0741
.0738
.0734
.0731
.0727
.0724
.0721
.0717
.0714
.0711
.0708
.0704
.0701
.0698
.0695
.0692
.0689
.0686
.0683
.068
.0677
.0674
.0671
.0668
.0665
.0663
.066
.0657
.0654
.0651
.0649
.0646
.0643
.0641
.0638
.0635
.0633
.063
.0628
.0625
.0623
.062
.0618
.0615
.0613
.061
.0608
.0606
.0603
.0601
.0599
.0596
.0594
.0592
.0589
.0587
.0585
.0583
.0581
.0578
.0576
.0574
.0572
.057
.0568
.0566
.0564
.0562
.056
.0557
.0555
.0553
.0551
.055
.0548
.0546
.0544
.0542
.054
.0538
.0536
.0534
.0532
.0531
.0529
.0527
.0525
.0523
.0522
.052
.0518
.0516
.0515
.0513
.0511
.0509
.0508
.0506
.0504
.0503
.0501
.0499
