4.7688
4.5403
4.3282
4.1517
4.0128
3.9034
3.814
3.7369
3.6668
3.6002
3.5344
3.4678
3.3989
3.3265
3.2495
3.167
3.0782
2.9832
2.8832
2.7815
2.6839
2.5973
2.5275
2.476
2.4404
2.4162
2.3992
2.3864
2.3759
2.3664
2.3574
2.3485
2.3396
2.3306
2.3215
2.3123
2.3031
2.2939
2.2847
2.2756
2.2666
2.2577
2.2489
2.2403
2.2317
2.2234
2.2152
2.2071
2.1991
2.1912
2.1835
2.1758
2.1683
2.1608
2.1534
2.146
2.1387
2.1314
2.1242
2.1169
2.1097
2.1025
2.0953
2.0881
2.0809
2.0737
2.0665
2.0593
2.052
2.0447
2.0373
2.0299
2.0224
2.0149
2.0073
1.9996
1.9918
1.9839
1.9759
1.9678
1.9595
1.9511
1.9426
1.9339
1.9251
1.9161
1.9069
1.8976
1.8881
1.8784
1.8685
1.8585
1.8482
1.8377
1.827
1.8161
1.8049
1.7935
1.7817
1.7696
1.7571
1.7442
1.7308
1.7168
1.7021
1.6866
1.6702
1.6526
1.6338
1.6135
1.5913
1.5671
1.5404
1.5109
1.4782
1.4418
1.4013
1.3565
1.3073
1.2537
1.1963
1.136
1.0739
1.0114
.95
.891
.8353
.7835
.7358
.6923
.6528
.617
.5846
.5553
.5287
.5045
.4825
.4625
.4441
.4272
.4117
.3973
.3841
.3717
.3602
.3495
.3395
.3301
.3212
.3129
.3051
.2976
.2906
.2839
.2776
.2716
.2658
.2604
.2551
.2501
.2453
.2407
.2363
.2321
.228
.2241
.2203
.2167
.2131
.2098
.2065
.2033
.2003
.1973
.1944
.1917
.189
.1864
.1838
.1814
.179
.1767
.1744
.1722
.1701
.168
.166
.164
.1621
.1602
.1584
.1566
.1549
.1532
.1515
.1499
.1483
.1468
.1453
.1438
.1424
.141
.1396
.1382
.1369
.1356
.1343
.1331
.1319
.1307
.1295
.1284
.1273
.1261
.1251
.124
.123
.1219
.1209
.1199
.119
.118
.1171
.1162
.1153
.1144
.1135
.1126
.1118
.111
.1101
.1093
.1085
.1078
.107
.1062
.1055
.1047
.104
.1033
.1026
.1019
.1012
.1006
.0999
.0992
.0986
.098
.0973
.0967
.0961
.0955
.0949
.0943
.0937
.0932
.0926
.092
.0915
.0909
.0904
.0899
.0893
.0888
.0883
.0878
.0873
.0868
.0863
.0858
.0854
.0849
.0844
.084
.0835
.0831
.0826
.0822
.0817
.0813
.0809
.0805
.08
.0796
.0792
.0788
.0784
.078
.0776
.0772
.0768
.0765
.0761
.0757
.0753
.075
.0746
.0742
.0739
.0735
.0732
.0728
.0725
.0721
.0718
.0715
.0711
.0708
.0705
.0702
.0698
.0695
.0692
.0689
.0686
.0683
.068
.0677
.0674
.0671
.0668
.0665
.0662
.0659
.0656
.0654
.0651
.0648
.0645
.0642
.064
.0637
.0634
.0632
.0629
.0627
.0624
.0621
.0619
.0616
.0614
.0611
.0609
.0606
.0604
.0601
.0599
.0597
.0594
.0592
.059
.0587
.0585
.0583
.058
.0578
.0576
.0574
.0572
.0569
.0567
.0565
.0563
.0561
.0559
.0556
.0554
.0552
.055
.0548
.0546
.0544
.0542
.054
.0538
.0536
.0534
.0532
.053
.0528
.0526
.0525
.0523
.0521
.0519
.0517
.0515
.0513
.0512
.051
.0508
.0506
.0504
.0503
.0501
.0499
