4.9706
4.7567
4.5172
4.2739
4.0483
3.8506
3.679
3.527
3.3879
3.2573
3.1324
3.0124
2.8977
2.7901
2.6917
2.6051
2.5317
2.4715
2.4232
2.3845
2.3528
2.3258
2.3018
2.2797
2.2588
2.2387
2.2192
2.2002
2.1817
2.1638
2.1464
2.1297
2.1136
2.0982
2.0834
2.0694
2.056
2.0433
2.0313
2.0198
2.0089
1.9985
1.9886
1.9792
1.9702
1.9615
1.9533
1.9454
1.9377
1.9304
1.9234
1.9166
1.91
1.9036
1.8975
1.8915
1.8857
1.8801
1.8746
1.8692
1.864
1.859
1.854
1.8491
1.8444
1.8397
1.8351
1.8306
1.8261
1.8218
1.8174
1.8132
1.809
1.8048
1.8007
1.7966
1.7926
1.7885
1.7846
1.7806
1.7766
1.7727
1.7688
1.7649
1.7609
1.757
1.7531
1.7492
1.7452
1.7412
1.7372
1.7332
1.7291
1.725
1.7209
1.7166
1.7123
1.708
1.7035
1.6989
1.6942
1.6894
1.6845
1.6794
1.6741
1.6686
1.6629
1.6569
1.6507
1.6441
1.6372
1.6299
1.6222
1.6139
1.6051
1.5957
1.5855
1.5746
1.5627
1.5498
1.5357
1.5203
1.5035
1.4849
1.4644
1.4418
1.4168
1.3893
1.3589
1.3256
1.2892
1.2498
1.2074
1.1625
1.1155
1.0671
1.0181
.9692
.9213
.8749
.8307
.7888
.7496
.713
.6791
.6479
.619
.5924
.568
.5454
.5246
.5054
.4877
.4712
.456
.4418
.4286
.4163
.4047
.3939
.3838
.3742
.3652
.3568
.3487
.3411
.3339
.3271
.3205
.3143
.3084
.3027
.2973
.2921
.2871
.2823
.2777
.2732
.2689
.2648
.2608
.257
.2532
.2496
.2461
.2427
.2394
.2362
.2331
.23
.2271
.2242
.2214
.2186
.216
.2133
.2108
.2083
.2058
.2035
.2011
.1988
.1966
.1944
.1922
.1901
.188
.186
.1839
.182
.18
.1781
.1763
.1744
.1726
.1709
.1691
.1674
.1657
.164
.1624
.1608
.1592
.1577
.1561
.1546
.1531
.1517
.1502
.1488
.1474
.146
.1447
.1433
.142
.1407
.1394
.1382
.1369
.1357
.1345
.1333
.1322
.131
.1299
.1288
.1277
.1266
.1255
.1245
.1235
.1224
.1214
.1204
.1195
.1185
.1176
.1166
.1157
.1148
.1139
.113
.1122
.1113
.1105
.1097
.1088
.108
.1072
.1065
.1057
.1049
.1042
.1034
.1027
.102
.1013
.1006
.0999
.0992
.0986
.0979
.0972
.0966
.096
.0953
.0947
.0941
.0935
.0929
.0923
.0918
.0912
.0906
.0901
.0895
.089
.0885
.0879
.0874
.0869
.0864
.0859
.0854
.0849
.0844
.0839
.0835
.083
.0825
.0821
.0816
.0812
.0808
.0803
.0799
.0795
.079
.0786
.0782
.0778
.0774
.077
.0766
.0762
.0759
.0755
.0751
.0747
.0744
.074
.0736
.0733
.0729
.0726
.0722
.0719
.0716
.0712
.0709
.0706
.0702
.0699
.0696
.0693
.069
.0687
.0684
.0681
.0678
.0675
.0672
.0669
.0666
.0663
.066
.0657
.0655
.0652
.0649
.0647
.0644
.0641
.0639
.0636
.0633
.0631
.0628
.0626
.0623
.0621
.0618
.0616
.0613
.0611
.0609
.0606
.0604
.0602
.0599
.0597
.0595
.0593
.059
.0588
.0586
.0584
.0582
.058
.0577
.0575
.0573
.0571
.0569
.0567
.0565
.0563
.0561
.0559
.0557
.0555
.0553
.0551
.0549
.0548
.0546
.0544
.0542
.054
.0538
.0537
.0535
.0533
.0531
.0529
.0528
.0526
.0524
.0522
.0521
.0519
.0517
.0516
.0514
.0512
.0511
.0509
.0508
.0506
.0504
.0503
.0501
.05
