4.6893
4.4603
4.2492
4.0721
3.9294
3.8133
3.7149
3.6275
3.546
3.4674
3.3895
3.311
3.2316
3.1512
3.0706
2.9912
2.915
2.8442
2.7814
2.7283
2.686
2.6541
2.6313
2.6157
2.6054
2.5986
2.5942
2.5911
2.5888
2.5869
2.5851
2.5833
2.5814
2.5793
2.577
2.5744
2.5717
2.5686
2.5652
2.5616
2.5576
2.5532
2.5485
2.5433
2.5376
2.5313
2.5245
2.5169
2.5087
2.4995
2.4895
2.4784
2.4662
2.4528
2.438
2.4218
2.4041
2.3848
2.3639
2.3414
2.3174
2.2918
2.2647
2.2365
2.2072
2.1769
2.1459
2.1144
2.0823
2.0497
2.0166
1.9828
1.9482
1.9126
1.8757
1.8374
1.7975
1.7559
1.7125
1.6675
1.6209
1.5731
1.5241
1.4744
1.4239
1.3732
1.3222
1.2714
1.221
1.1713
1.1225
1.0749
1.0286
.9839
.9408
.8995
.8599
.8221
.7862
.752
.7196
.6889
.6598
.6323
.6064
.582
.5589
.5371
.5166
.4972
.4789
.4617
.4454
.4301
.4155
.4018
.3888
.3765
.3649
.3538
.3433
.3334
.3239
.3149
.3063
.2981
.2903
.2829
.2758
.269
.2625
.2563
.2504
.2447
.2392
.234
.2289
.2241
.2194
.2149
.2106
.2065
.2025
.1986
.1949
.1913
.1878
.1844
.1812
.178
.175
.1721
.1692
.1664
.1638
.1612
.1586
.1562
.1538
.1515
.1493
.1471
.145
.1429
.1409
.1389
.137
.1352
.1333
.1316
.1299
.1282
.1266
.125
.1234
.1219
.1204
.1189
.1175
.1161
.1148
.1135
.1122
.1109
.1097
.1084
.1073
.1061
.105
.1038
.1027
.1017
.1006
.0996
.0986
.0976
.0966
.0957
.0947
.0938
.0929
.092
.0912
.0903
.0895
.0887
.0879
.0871
.0863
.0855
.0848
.084
.0833
.0826
.0819
.0812
.0805
.0798
.0792
.0785
.0779
.0773
.0767
.076
.0755
.0749
.0743
.0737
.0731
.0726
.072
.0715
.071
.0704
.0699
.0694
.0689
.0684
.0679
.0675
.067
.0665
.066
.0656
.0651
.0647
.0643
.0638
.0634
.063
.0626
.0622
.0617
.0613
.061
.0606
.0602
.0598
.0594
.0591
.0587
.0583
.058
.0576
.0573
.0569
.0566
.0562
.0559
.0556
.0553
.0549
.0546
.0543
.054
.0537
.0534
.0531
.0528
.0525
.0522
.0519
.0516
.0513
.0511
.0508
.0505
.0502
.05
