4.2967
4.0786
3.8838
3.7115
3.5567
3.4135
3.2774
3.1449
3.0143
2.8852
2.7587
2.6384
2.5297
2.4382
2.3672
2.3161
2.281
2.2571
2.2403
2.2276
2.2172
2.2079
2.1992
2.1907
2.1821
2.1735
2.1647
2.1557
2.1465
2.1371
2.1275
2.1177
2.1077
2.0977
2.0876
2.0774
2.0671
2.0569
2.0468
2.0368
2.0268
2.0171
2.0075
1.9982
1.989
1.9802
1.9716
1.9632
1.9552
1.9474
1.9399
1.9326
1.9256
1.9189
1.9124
1.9062
1.9001
1.8943
1.8887
1.8833
1.8781
1.873
1.8682
1.8634
1.8589
1.8544
1.8502
1.846
1.842
1.838
1.8342
1.8305
1.8269
1.8234
1.82
1.8166
1.8134
1.8102
1.8071
1.8041
1.8011
1.7982
1.7954
1.7927
1.79
1.7873
1.7847
1.7822
1.7797
1.7773
1.7749
1.7726
1.7703
1.768
1.7658
1.7637
1.7615
1.7595
1.7574
1.7554
1.7534
1.7515
1.7496
1.7477
1.7458
1.744
1.7422
1.7405
1.7388
1.7371
1.7354
1.7337
1.7321
1.7305
1.7289
1.7274
1.7258
1.7243
1.7228
1.7214
1.7199
1.7185
1.7171
1.7157
1.7144
1.713
1.7117
1.7104
1.7091
1.7078
1.7065
1.7053
1.7041
1.7028
1.7016
1.7005
1.6993
1.6981
1.697
1.6958
1.6947
1.6936
1.6925
1.6915
1.6904
1.6893
1.6883
1.6873
1.6862
1.6852
1.6842
1.6832
1.6823
1.6813
1.6803
1.6794
1.6784
1.6775
1.6766
1.6757
1.6748
1.6739
1.673
1.6721
1.6712
1.6704
1.6695
1.6687
1.6678
1.667
1.6662
1.6654
1.6646
1.6638
1.663
1.6622
1.6614
1.6606
1.6598
1.6591
1.6583
1.6576
1.6568
1.6561
1.6553
1.6546
1.6539
1.6532
1.6525
1.6517
1.651
1.6503
1.6496
1.649
1.6483
1.6476
1.6469
1.6462
1.6456
1.6449
1.6443
1.6436
1.643
1.6423
1.6417
1.641
1.6404
1.6398
1.6391
1.6385
1.6379
1.6373
1.6366
1.636
1.6354
1.6348
1.6342
1.6336
1.633
1.6324
1.6318
1.6312
1.6306
1.6301
1.6295
1.6289
1.6283
1.6277
1.6272
1.6266
1.626
1.6255
1.6249
1.6243
1.6238
1.6232
1.6226
1.6221
1.6215
1.621
1.6204
1.6199
1.6193
1.6188
1.6182
1.6177
1.6171
1.6166
1.616
1.6155
1.615
1.6144
1.6139
1.6133
1.6128
1.6122
1.6117
1.6112
1.6106
1.6101
1.6095
1.609
1.6085
1.6079
1.6074
1.6068
1.6063
1.6057
1.6052
1.6047
1.6041
1.6036
1.603
1.6025
1.6019
1.6014
1.6008
1.6003
1.5997
1.5992
1.5986
1.5981
1.5975
1.5969
1.5964
1.5958
1.5952
1.5947
1.5941
1.5935
1.5929
1.5923
1.5918
1.5912
1.5906
1.59
1.5894
1.5888
1.5882
1.5876
1.587
1.5863
1.5857
1.5851
1.5845
1.5838
1.5832
1.5825
1.5819
1.5812
1.5806
1.5799
1.5792
1.5785
1.5779
1.5772
1.5765
1.5758
1.575
1.5743
1.5736
1.5728
1.5721
1.5713
1.5706
1.5698
1.569
1.5682
1.5674
1.5666
1.5657
1.5649
1.564
1.5632
1.5623
1.5614
1.5605
1.5596
1.5586
1.5577
1.5567
1.5557
1.5547
1.5537
1.5527
1.5516
1.5505
1.5494
1.5483
1.5472
1.546
1.5448
1.5436
1.5424
1.5411
1.5399
1.5385
1.5372
1.5358
1.5344
1.533
1.5315
1.53
1.5285
1.5269
1.5253
1.5236
1.5219
1.5202
1.5184
1.5165
1.5146
1.5127
1.5107
1.5086
1.5065
1.5043
1.5021
1.4997
1.4973
1.4949
1.4923
1.4896
1.4869
1.484
1.4811
1.478
1.4748
1.4715
1.468
1.4644
1.4606
1.4566
1.4524
1.448
1.4433
1.4384
1.4331
1.4275
1.4215
1.415
1.408
1.4004
1.3921
1.3829
1.3727
1.3613
1.3484
1.3338
1.317
1.2975
1.2748
1.2481
1.2166
1.1796
1.1363
1.0864
1.0305
.9697
.9065
.8435
.7833
.7277
.6774
.6327
.5932
.5582
.5273
.4996
.4749
.4525
.4322
.4136
.3966
.3808
.3661
.3524
.3396
.3276
.3163
.3056
.2956
.286
.277
.2684
.2603
.2525
.2452
.2382
.2315
.2251
.219
.2133
.2077
.2025
.1974
.1926
.188
.1836
.1794
.1754
.1715
.1678
.1643
.1609
.1576
.1545
.1515
.1486
.1458
.1431
.1405
.138
.1357
.1333
.1311
.129
.1269
.1249
.1229
.1211
.1192
.1175
.1158
.1141
.1125
.111
.1095
.108
.1066
.1052
.1039
.1025
.1013
.1
.0988
.0977
.0965
.0954
.0943
.0933
.0922
.0912
.0902
.0893
.0883
.0874
.0865
.0856
.0848
.084
.0831
.0823
.0815
.0808
.08
.0793
.0786
.0778
.0771
.0765
.0758
.0751
.0745
.0739
.0732
.0726
.072
.0714
.0709
.0703
.0697
.0692
.0687
.0681
.0676
.0671
.0666
.0661
.0656
.0651
.0647
.0642
.0637
.0633
.0628
.0624
.062
.0615
.0611
.0607
.0603
.0599
.0595
.0591
.0587
.0584
.058
.0576
.0573
.0569
.0566
.0562
.0559
.0555
.0552
.0549
.0545
.0542
.0539
.0536
.0533
.053
.0527
.0524
.0521
.0518
.0515
.0512
.0509
.0506
.0504
.0501
.0498
