4.4571
4.207
3.9767
3.7737
3.5943
3.4305
3.2756
3.125
2.9774
2.8344
2.7006
2.5826
2.4859
2.4128
2.3608
2.3248
2.2995
2.2806
2.2652
2.2518
2.2392
2.227
2.2149
2.2026
2.1902
2.1776
2.1648
2.1518
2.1386
2.1253
2.1119
2.0985
2.085
2.0716
2.0582
2.045
2.032
2.0192
2.0066
1.9944
1.9825
1.971
1.9599
1.9491
1.9388
1.929
1.9195
1.9105
1.9018
1.8936
1.8857
1.8782
1.8711
1.8642
1.8577
1.8515
1.8455
1.8398
1.8343
1.8291
1.824
1.8191
1.8144
1.8099
1.8055
1.8012
1.7971
1.793
1.7891
1.7853
1.7816
1.778
1.7744
1.7709
1.7675
1.7642
1.7609
1.7577
1.7545
1.7514
1.7484
1.7453
1.7424
1.7394
1.7365
1.7337
1.7309
1.7281
1.7253
1.7226
1.7199
1.7172
1.7145
1.7119
1.7092
1.7066
1.7041
1.7015
1.6989
1.6964
1.6939
1.6913
1.6888
1.6863
1.6838
1.6813
1.6789
1.6764
1.6739
1.6714
1.6689
1.6664
1.6639
1.6614
1.6589
1.6564
1.6538
1.6513
1.6487
1.6461
1.6435
1.6409
1.6383
1.6356
1.6329
1.6301
1.6274
1.6245
1.6217
1.6188
1.6158
1.6128
1.6098
1.6066
1.6034
1.6001
1.5968
1.5933
1.5897
1.586
1.5822
1.5783
1.5742
1.5699
1.5655
1.5608
1.5559
1.5507
1.5452
1.5394
1.5333
1.5267
1.5196
1.5119
1.5037
1.4947
1.4849
1.4741
1.4623
1.4492
1.4347
1.4185
1.4006
1.3806
1.3582
1.3334
1.3059
1.2755
1.2423
1.2063
1.1678
1.1271
1.0848
1.0414
.9977
.9543
.9117
.8706
.8312
.7938
.7585
.7254
.6944
.6654
.6385
.6133
.5899
.5681
.5477
.5286
.5108
.4941
.4785
.4637
.4499
.4368
.4245
.4128
.4018
.3913
.3814
.3719
.3629
.3544
.3462
.3384
.3309
.3237
.3169
.3103
.304
.2979
.2921
.2865
.281
.2758
.2708
.2659
.2612
.2567
.2523
.248
.2439
.2399
.2361
.2323
.2287
.2252
.2218
.2184
.2152
.212
.209
.206
.2031
.2003
.1976
.1949
.1923
.1897
.1873
.1848
.1825
.1802
.178
.1758
.1736
.1715
.1695
.1675
.1655
.1636
.1618
.1599
.1582
.1564
.1547
.153
.1514
.1498
.1482
.1467
.1452
.1437
.1422
.1408
.1394
.1381
.1367
.1354
.1341
.1329
.1316
.1304
.1292
.128
.1269
.1257
.1246
.1235
.1224
.1214
.1203
.1193
.1183
.1173
.1164
.1154
.1145
.1135
.1126
.1117
.1108
.11
.1091
.1083
.1074
.1066
.1058
.105
.1043
.1035
.1027
.102
.1012
.1005
.0998
.0991
.0984
.0977
.097
.0964
.0957
.0951
.0944
.0938
.0932
.0926
.092
.0914
.0908
.0902
.0896
.089
.0885
.0879
.0874
.0868
.0863
.0858
.0852
.0847
.0842
.0837
.0832
.0827
.0822
.0818
.0813
.0808
.0804
.0799
.0794
.079
.0786
.0781
.0777
.0773
.0768
.0764
.076
.0756
.0752
.0748
.0744
.074
.0736
.0732
.0728
.0725
.0721
.0717
.0714
.071
.0706
.0703
.0699
.0696
.0692
.0689
.0686
.0682
.0679
.0676
.0672
.0669
.0666
.0663
.066
.0657
.0654
.0651
.0648
.0645
.0642
.0639
.0636
.0633
.063
.0627
.0624
.0622
.0619
.0616
.0614
.0611
.0608
.0606
.0603
.06
.0598
.0595
.0593
.059
.0588
.0585
.0583
.058
.0578
.0576
.0573
.0571
.0569
.0566
.0564
.0562
.056
.0557
.0555
.0553
.0551
.0549
.0546
.0544
.0542
.054
.0538
.0536
.0534
.0532
.053
.0528
.0526
.0524
.0522
.052
.0518
.0516
.0514
.0512
.0511
.0509
.0507
.0505
.0503
.0501
.05
