4.5337
4.2709
4.0066
3.7586
3.533
3.327
3.1354
2.9551
2.787
2.6355
2.5068
2.4056
2.3319
2.2814
2.2479
2.2258
2.2107
2.1999
2.1918
2.1852
2.1796
2.1746
2.17
2.1656
2.1613
2.1571
2.153
2.1489
2.1448
2.1407
2.1365
2.1323
2.128
2.1236
2.1191
2.1146
2.1099
2.1051
2.1002
2.0951
2.0898
2.0844
2.0788
2.0729
2.0668
2.0605
2.0539
2.047
2.0397
2.0321
2.0241
2.0157
2.0069
1.9975
1.9876
1.977
1.9658
1.9539
1.9411
1.9273
1.9126
1.8966
1.8793
1.8606
1.8402
1.818
1.7937
1.7673
1.7386
1.7074
1.6736
1.6373
1.5986
1.5576
1.5147
1.4702
1.4247
1.3786
1.3325
1.2868
1.242
1.1983
1.156
1.1153
1.0762
1.0389
1.0033
.9694
.9372
.9065
.8773
.8495
.8231
.7979
.7739
.751
.7291
.7083
.6883
.6693
.6511
.6336
.6169
.6009
.5855
.5708
.5567
.5431
.5301
.5176
.5056
.4941
.483
.4724
.4621
.4523
.4428
.4337
.4249
.4164
.4082
.4004
.3928
.3854
.3784
.3715
.3649
.3585
.3524
.3464
.3406
.335
.3296
.3243
.3192
.3143
.3095
.3048
.3003
.2959
.2916
.2875
.2835
.2795
.2757
.272
.2684
.2648
.2614
.258
.2548
.2516
.2484
.2454
.2424
.2395
.2367
.2339
.2312
.2286
.226
.2234
.221
.2185
.2162
.2138
.2116
.2093
.2071
.205
.2029
.2008
.1988
.1968
.1949
.193
.1911
.1893
.1875
.1857
.184
.1823
.1806
.1789
.1773
.1757
.1742
.1726
.1711
.1696
.1682
.1667
.1653
.1639
.1625
.1612
.1599
.1586
.1573
.156
.1548
.1535
.1523
.1511
.15
.1488
.1477
.1465
.1454
.1443
.1433
.1422
.1411
.1401
.1391
.1381
.1371
.1361
.1352
.1342
.1333
.1323
.1314
.1305
.1296
.1288
.1279
.127
.1262
.1254
.1245
.1237
.1229
.1221
.1213
.1206
.1198
.119
.1183
.1176
.1168
.1161
.1154
.1147
.114
.1133
.1126
.1119
.1113
.1106
.11
.1093
.1087
.1081
.1074
.1068
.1062
.1056
.105
.1044
.1038
.1033
.1027
.1021
.1016
.101
.1005
.0999
.0994
.0989
.0983
.0978
.0973
.0968
.0963
.0958
.0953
.0948
.0943
.0938
.0933
.0929
.0924
.0919
.0915
.091
.0906
.0901
.0897
.0893
.0888
.0884
.088
.0875
.0871
.0867
.0863
.0859
.0855
.0851
.0847
.0843
.0839
.0835
.0831
.0828
.0824
.082
.0816
.0813
.0809
.0806
.0802
.0798
.0795
.0791
.0788
.0785
.0781
.0778
.0775
.0771
.0768
.0765
.0761
.0758
.0755
.0752
.0749
.0746
.0743
.0739
.0736
.0733
.073
.0727
.0725
.0722
.0719
.0716
.0713
.071
.0707
.0705
.0702
.0699
.0696
.0694
.0691
.0688
.0686
.0683
.068
.0678
.0675
.0673
.067
.0668
.0665
.0663
.066
.0658
.0655
.0653
.0651
.0648
.0646
.0643
.0641
.0639
.0636
.0634
.0632
.063
.0627
.0625
.0623
.0621
.0619
.0617
.0614
.0612
.061
.0608
.0606
.0604
.0602
.06
.0598
.0596
.0594
.0592
.059
.0588
.0586
.0584
.0582
.058
.0578
.0576
.0574
.0572
.0571
.0569
.0567
.0565
.0563
.0561
.056
.0558
.0556
.0554
.0553
.0551
.0549
.0547
.0546
.0544
.0542
.0541
.0539
.0537
.0536
.0534
.0532
.0531
.0529
.0527
.0526
.0524
.0523
.0521
.052
.0518
.0517
.0515
.0513
.0512
.051
.0509
.0507
.0506
.0505
.0503
.0502
.05
.0499
