4.5884
4.3095
4.0128
3.7227
3.4553
3.2154
3.0027
2.8175
2.6635
2.5451
2.4629
2.4114
2.3817
2.3653
2.3561
2.3507
2.347
2.3439
2.3411
2.3381
2.3351
2.3318
2.3283
2.3247
2.3209
2.317
2.313
2.3089
2.3047
2.3005
2.2962
2.292
2.2877
2.2835
2.2792
2.275
2.2707
2.2665
2.2623
2.258
2.2538
2.2495
2.2453
2.2409
2.2366
2.2321
2.2276
2.223
2.2183
2.2135
2.2085
2.2034
2.1981
2.1927
2.1871
2.1813
2.1753
2.1691
2.1628
2.1562
2.1495
2.1427
2.1356
2.1285
2.1212
2.1139
2.1064
2.0989
2.0914
2.0838
2.0762
2.0687
2.0611
2.0537
2.0462
2.0389
2.0316
2.0245
2.0174
2.0105
2.0036
1.9969
1.9903
1.9839
1.9776
1.9714
1.9654
1.9595
1.9537
1.9481
1.9426
1.9373
1.9321
1.927
1.9221
1.9173
1.9126
1.9081
1.9037
1.8994
1.8952
1.8911
1.8871
1.8833
1.8795
1.8759
1.8723
1.8688
1.8655
1.8622
1.859
1.8558
1.8528
1.8498
1.8469
1.8441
1.8413
1.8386
1.836
1.8334
1.8309
1.8285
1.826
1.8237
1.8214
1.8191
1.8169
1.8147
1.8126
1.8105
1.8084
1.8064
1.8044
1.8025
1.8006
1.7987
1.7968
1.795
1.7932
1.7914
1.7896
1.7879
1.7861
1.7844
1.7828
1.7811
1.7795
1.7778
1.7762
1.7746
1.773
1.7714
1.7699
1.7683
1.7667
1.7652
1.7636
1.7621
1.7606
1.759
1.7575
1.7559
1.7544
1.7529
1.7513
1.7498
1.7482
1.7466
1.745
1.7434
1.7418
1.7401
1.7385
1.7368
1.7351
1.7333
1.7316
1.7298
1.7279
1.726
1.7241
1.7221
1.72
1.7179
1.7157
1.7135
1.7111
1.7087
1.7061
1.7034
1.7006
1.6977
1.6946
1.6913
1.6879
1.6842
1.6803
1.6761
1.6716
1.6668
1.6616
1.6559
1.6498
1.6431
1.6358
1.6278
1.6189
1.6092
1.5984
1.5864
1.5731
1.5583
1.5418
1.5234
1.503
1.4803
1.4552
1.4276
1.3974
1.3649
1.3299
1.293
1.2544
1.2146
1.1741
1.1334
1.093
1.0533
1.0147
.9774
.9416
.9074
.8749
.8441
.8149
.7873
.7612
.7365
.7131
.6909
.6699
.65
.6311
.6131
.596
.5797
.5642
.5493
.5351
.5216
.5086
.4961
.4842
.4728
.4618
.4512
.4411
.4313
.4219
.4129
.4041
.3957
.3876
.3798
.3722
.3649
.3578
.351
.3444
.338
.3318
.3258
.32
.3144
.309
.3037
.2986
.2936
.2888
.2841
.2795
.2751
.2708
.2666
.2626
.2586
.2548
.251
.2474
.2439
.2404
.237
.2337
.2305
.2274
.2244
.2214
.2185
.2157
.2129
.2102
.2076
.205
.2025
.2
.1976
.1953
.193
.1907
.1885
.1864
.1843
.1822
.1802
.1782
.1763
.1744
.1725
.1707
.1689
.1671
.1654
.1637
.1621
.1604
.1589
.1573
.1557
.1542
.1528
.1513
.1499
.1485
.1471
.1457
.1444
.1431
.1418
.1405
.1393
.1381
.1369
.1357
.1345
.1334
.1323
.1312
.1301
.129
.1279
.1269
.1259
.1249
.1239
.1229
.1219
.121
.12
.1191
.1182
.1173
.1164
.1155
.1147
.1138
.113
.1122
.1114
.1106
.1098
.109
.1082
.1075
.1067
.106
.1053
.1045
.1038
.1031
.1024
.1017
.1011
.1004
.0998
.0991
.0985
.0978
.0972
.0966
.096
.0954
.0948
.0942
.0936
.093
.0925
.0919
.0913
.0908
.0903
.0897
.0892
.0887
.0881
.0876
.0871
.0866
.0861
.0856
.0851
.0847
.0842
.0837
.0833
.0828
.0823
.0819
.0814
.081
.0806
.0801
.0797
.0793
.0789
.0785
.078
.0776
.0772
.0768
.0764
.0761
.0757
.0753
.0749
.0745
.0742
.0738
.0734
.0731
.0727
.0724
.072
.0717
.0713
.071
.0706
.0703
.07
.0696
.0693
.069
.0687
.0683
.068
.0677
.0674
.0671
.0668
.0665
.0662
.0659
.0656
.0653
.065
.0647
.0645
.0642
.0639
.0636
.0634
.0631
.0628
.0625
.0623
.062
.0618
.0615
.0612
.061
.0607
.0605
.0602
.06
.0597
.0595
.0593
.059
.0588
.0585
.0583
.0581
.0578
.0576
.0574
.0572
.0569
.0567
.0565
.0563
.0561
.0559
.0556
.0554
.0552
.055
.0548
.0546
.0544
.0542
.054
.0538
.0536
.0534
.0532
.053
.0528
.0526
.0524
.0522
.0521
.0519
.0517
.0515
.0513
.0511
.051
.0508
.0506
.0504
.0502
.0501
.0499
