4.0703
3.7804
3.4998
3.229
2.9675
2.7222
2.5085
2.3436
2.2325
2.1652
2.1259
2.102
2.0859
2.0738
2.0636
2.0544
2.0456
2.0371
2.0286
2.0201
2.0116
2.0032
1.9947
1.9862
1.9778
1.9693
1.9609
1.9526
1.9443
1.936
1.9277
1.9195
1.9113
1.9031
1.8949
1.8867
1.8784
1.8702
1.8618
1.8534
1.8449
1.8364
1.8277
1.8189
1.81
1.8009
1.7917
1.7823
1.7727
1.763
1.753
1.7428
1.7323
1.7215
1.7104
1.699
1.6872
1.6749
1.6622
1.649
1.6351
1.6206
1.6053
1.5893
1.5723
1.5544
1.5355
1.5154
1.4941
1.4716
1.4478
1.4226
1.3962
1.3685
1.3396
1.3097
1.2788
1.2471
1.2148
1.1822
1.1493
1.1165
1.0838
1.0514
1.0195
.9883
.9577
.9279
.899
.8709
.8437
.8175
.7922
.7678
.7443
.7217
.6999
.679
.6589
.6397
.6211
.6034
.5863
.5699
.5542
.5391
.5246
.5107
.4973
.4845
.4721
.4603
.4489
.4379
.4274
.4173
.4075
.3981
.3891
.3804
.372
.3639
.3561
.3486
.3413
.3343
.3275
.321
.3146
.3085
.3026
.2969
.2913
.286
.2808
.2758
.2709
.2661
.2616
.2571
.2528
.2486
.2445
.2406
.2367
.233
.2293
.2258
.2224
.219
.2158
.2126
.2095
.2065
.2036
.2007
.1979
.1952
.1925
.1899
.1874
.185
.1825
.1802
.1779
.1756
.1734
.1713
.1692
.1672
.1651
.1632
.1613
.1594
.1575
.1557
.154
.1522
.1506
.1489
.1473
.1457
.1441
.1426
.1411
.1396
.1382
.1367
.1353
.134
.1326
.1313
.13
.1288
.1275
.1263
.1251
.1239
.1227
.1216
.1205
.1194
.1183
.1172
.1162
.1152
.1141
.1131
.1122
.1112
.1102
.1093
.1084
.1075
.1066
.1057
.1049
.104
.1032
.1023
.1015
.1007
.0999
.0991
.0984
.0976
.0969
.0961
.0954
.0947
.094
.0933
.0926
.0919
.0913
.0906
.09
.0893
.0887
.0881
.0875
.0868
.0862
.0857
.0851
.0845
.0839
.0834
.0828
.0823
.0817
.0812
.0807
.0801
.0796
.0791
.0786
.0781
.0776
.0771
.0767
.0762
.0757
.0753
.0748
.0743
.0739
.0735
.073
.0726
.0722
.0717
.0713
.0709
.0705
.0701
.0697
.0693
.0689
.0685
.0681
.0677
.0674
.067
.0666
.0663
.0659
.0656
.0652
.0648
.0645
.0642
.0638
.0635
.0632
.0628
.0625
.0622
.0619
.0615
.0612
.0609
.0606
.0603
.06
.0597
.0594
.0591
.0588
.0585
.0583
.058
.0577
.0574
.0571
.0569
.0566
.0563
.0561
.0558
.0556
.0553
.055
.0548
.0545
.0543
.054
.0538
.0536
.0533
.0531
.0528
.0526
.0524
.0521
.0519
.0517
.0515
.0512
.051
.0508
.0506
.0504
.0502
.0499
