4.6269
4.3868
4.1411
3.9067
3.6932
3.5022
3.3304
3.1732
3.0266
2.8883
2.7576
2.6361
2.5276
2.436
2.364
2.3112
2.2744
2.2491
2.2314
2.2184
2.208
2.1989
2.1906
2.1826
2.1746
2.1666
2.1585
2.1503
2.1419
2.1335
2.125
2.1164
2.1079
2.0994
2.091
2.0826
2.0744
2.0664
2.0585
2.0508
2.0433
2.0359
2.0288
2.022
2.0153
2.0088
2.0025
1.9965
1.9906
1.9849
1.9793
1.974
1.9687
1.9637
1.9588
1.954
1.9493
1.9448
1.9404
1.936
1.9318
1.9277
1.9237
1.9197
1.9159
1.9121
1.9084
1.9048
1.9012
1.8978
1.8943
1.891
1.8877
1.8845
1.8813
1.8782
1.8751
1.8721
1.8691
1.8662
1.8634
1.8605
1.8578
1.855
1.8524
1.8497
1.8471
1.8446
1.842
1.8396
1.8371
1.8347
1.8323
1.83
1.8277
1.8254
1.8232
1.821
1.8188
1.8166
1.8145
1.8124
1.8104
1.8083
1.8063
1.8043
1.8024
1.8004
1.7985
1.7966
1.7948
1.7929
1.7911
1.7893
1.7875
1.7857
1.784
1.7822
1.7805
1.7788
1.7771
1.7754
1.7738
1.7721
1.7705
1.7688
1.7672
1.7656
1.764
1.7624
1.7608
1.7592
1.7577
1.7561
1.7545
1.7529
1.7514
1.7498
1.7483
1.7467
1.7451
1.7436
1.742
1.7404
1.7388
1.7372
1.7356
1.734
1.7323
1.7307
1.729
1.7273
1.7256
1.7238
1.7221
1.7203
1.7184
1.7165
1.7146
1.7126
1.7106
1.7085
1.7064
1.7042
1.7019
1.6995
1.6971
1.6945
1.6918
1.689
1.6861
1.683
1.6798
1.6763
1.6727
1.6688
1.6647
1.6602
1.6555
1.6504
1.6448
1.6388
1.6323
1.6252
1.6174
1.6088
1.5994
1.5889
1.5773
1.5643
1.5499
1.5337
1.5155
1.4952
1.4724
1.4468
1.4184
1.3868
1.3521
1.3143
1.2737
1.2306
1.1856
1.1396
1.0931
1.0471
1.0021
.9588
.9174
.8782
.8413
.8067
.7744
.7443
.7162
.69
.6655
.6426
.6212
.6011
.5822
.5644
.5476
.5317
.5166
.5023
.4886
.4756
.4632
.4514
.44
.4291
.4187
.4087
.399
.3898
.3808
.3723
.364
.356
.3483
.3409
.3338
.3269
.3203
.3139
.3077
.3017
.296
.2904
.2851
.2799
.2749
.27
.2654
.2609
.2565
.2523
.2482
.2442
.2404
.2367
.2332
.2297
.2263
.2231
.2199
.2169
.2139
.211
.2082
.2055
.2029
.2003
.1978
.1954
.1931
.1908
.1886
.1864
.1843
.1822
.1802
.1783
.1764
.1745
.1727
.171
.1692
.1675
.1659
.1643
.1627
.1612
.1597
.1582
.1568
.1554
.154
.1527
.1514
.1501
.1488
.1476
.1464
.1452
.144
.1429
.1418
.1407
.1396
.1386
.1375
.1365
.1355
.1345
.1336
.1326
.1317
.1308
.1299
.129
.1281
.1273
.1264
.1256
.1248
.124
.1232
.1224
.1216
.1209
.1201
.1194
.1187
.118
.1173
.1166
.1159
.1152
.1146
.1139
.1133
.1126
.112
.1114
.1108
.1102
.1096
.109
.1084
.1079
.1073
.1067
.1062
.1057
.1051
.1046
.1041
.1035
.103
.1025
.102
.1015
.101
.1006
.1001
.0996
.0992
.0987
.0982
.0978
.0973
.0969
.0965
.096
.0956
.0952
.0948
.0943
.0939
.0935
.0931
.0927
.0923
.0919
.0916
.0912
.0908
.0904
.09
.0897
.0893
.0889
.0886
.0882
.0879
.0875
.0872
.0868
.0865
.0862
.0858
.0855
.0852
.0849
.0845
.0842
.0839
.0836
.0833
.083
.0827
.0824
.0821
.0818
.0815
.0812
.0809
.0806
.0803
.08
.0797
.0795
.0792
.0789
.0786
.0784
.0781
.0778
.0776
.0773
.077
.0768
.0765
.0763
.076
.0758
.0755
.0753
.075
.0748
.0745
.0743
.074
.0738
.0736
.0733
.0731
.0729
.0726
.0724
.0722
.072
.0717
.0715
.0713
.0711
.0708
.0706
.0704
.0702
.07
.0698
.0696
.0694
.0692
.069
.0687
.0685
.0683
.0681
.0679
.0677
.0675
.0674
.0672
.067
.0668
.0666
.0664
.0662
.066
.0658
.0656
.0655
.0653
.0651
.0649
.0647
.0646
.0644
.0642
.064
.0639
.0637
.0635
.0633
.0632
.063
.0628
.0627
.0625
.0623
.0622
.062
.0618
.0617
.0615
.0613
.0612
.061
.0609
.0607
.0606
.0604
.0602
.0601
.0599
.0598
.0596
.0595
.0593
.0592
.059
.0589
.0587
.0586
.0585
.0583
.0582
.058
.0579
.0577
.0576
.0575
.0573
.0572
.057
.0569
.0568
.0566
.0565
.0564
.0562
.0561
.056
.0558
.0557
.0556
.0554
.0553
.0552
.055
.0549
.0548
.0547
.0545
.0544
.0543
.0542
.054
.0539
.0538
.0537
.0535
.0534
.0533
.0532
.0531
.0529
.0528
.0527
.0526
.0525
.0524
.0522
.0521
.052
.0519
.0518
.0517
.0516
.0514
.0513
.0512
.0511
.051
.0509
.0508
.0507
.0506
.0505
.0504
.0502
.0501
.05
.0499
