4.6227
4.3837
4.1789
4.0189
3.8954
3.7955
3.7085
3.6267
3.5448
3.4586
3.3647
3.2603
3.1435
3.0135
2.8722
2.7249
2.5813
2.4534
2.3509
2.2772
2.2283
2.1973
2.1774
2.1642
2.1547
2.1471
2.1406
2.1346
2.1287
2.1229
2.117
2.1109
2.1047
2.0983
2.0917
2.085
2.0781
2.0711
2.064
2.0568
2.0495
2.0421
2.0347
2.0272
2.0197
2.0122
2.0047
1.9972
1.9897
1.9822
1.9748
1.9673
1.9599
1.9525
1.9452
1.9379
1.9306
1.9233
1.916
1.9087
1.9014
1.8941
1.8867
1.8793
1.8718
1.8641
1.8564
1.8485
1.8404
1.832
1.8234
1.8144
1.8049
1.795
1.7846
1.7734
1.7615
1.7487
1.7348
1.7197
1.7033
1.6853
1.6656
1.6438
1.6199
1.5935
1.5646
1.533
1.4985
1.4612
1.4213
1.379
1.3345
1.2884
1.2412
1.1935
1.1457
1.0985
1.0523
1.0073
.9639
.9223
.8826
.8448
.809
.7751
.743
.7128
.6842
.6573
.6319
.608
.5854
.5641
.544
.525
.507
.49
.4739
.4586
.4441
.4304
.4174
.405
.3932
.3819
.3712
.361
.3513
.342
.3331
.3247
.3165
.3087
.3013
.2941
.2873
.2807
.2744
.2683
.2624
.2568
.2514
.2462
.2411
.2363
.2316
.2271
.2227
.2185
.2144
.2105
.2067
.203
.1994
.1959
.1926
.1893
.1861
.1831
.1801
.1772
.1744
.1717
.169
.1664
.1639
.1615
.1591
.1568
.1546
.1524
.1502
.1481
.1461
.1441
.1422
.1403
.1385
.1367
.1349
.1332
.1315
.1299
.1283
.1267
.1252
.1237
.1222
.1208
.1194
.118
.1167
.1154
.1141
.1128
.1116
.1104
.1092
.108
.1069
.1058
.1047
.1036
.1026
.1015
.1005
.0995
.0985
.0976
.0966
.0957
.0948
.0939
.093
.0921
.0913
.0905
.0896
.0888
.088
.0873
.0865
.0857
.085
.0843
.0835
.0828
.0821
.0814
.0808
.0801
.0795
.0788
.0782
.0776
.0769
.0763
.0757
.0751
.0746
.074
.0734
.0729
.0723
.0718
.0712
.0707
.0702
.0697
.0692
.0687
.0682
.0677
.0672
.0668
.0663
.0658
.0654
.0649
.0645
.0641
.0636
.0632
.0628
.0624
.062
.0616
.0612
.0608
.0604
.06
.0596
.0592
.0589
.0585
.0581
.0578
.0574
.0571
.0567
.0564
.056
.0557
.0554
.0551
.0547
.0544
.0541
.0538
.0535
.0532
.0529
.0526
.0523
.052
.0517
.0514
.0511
.0508
.0506
.0503
.05
.0497
