4.5737
4.3478
4.1395
3.9606
3.8112
3.6855
3.5767
3.4796
3.3905
3.3068
3.2268
3.1494
3.0737
2.9993
2.9259
2.8533
2.782
2.7124
2.6453
2.5816
2.5221
2.4676
2.4186
2.3751
2.3369
2.3033
2.2738
2.2478
2.2246
2.2039
2.1851
2.1681
2.1526
2.1384
2.1253
2.1133
2.1022
2.0919
2.0823
2.0734
2.0651
2.0573
2.0501
2.0432
2.0368
2.0307
2.025
2.0195
2.0144
2.0095
2.0048
2.0003
1.9961
1.9919
1.988
1.9842
1.9805
1.9769
1.9735
1.9701
1.9669
1.9637
1.9606
1.9576
1.9546
1.9517
1.9488
1.9459
1.9432
1.9404
1.9377
1.935
1.9323
1.9296
1.927
1.9243
1.9217
1.919
1.9164
1.9137
1.911
1.9083
1.9056
1.9029
1.9001
1.8972
1.8943
1.8913
1.8883
1.8852
1.8819
1.8786
1.8751
1.8714
1.8676
1.8636
1.8594
1.8549
1.8501
1.8449
1.8394
1.8334
1.8268
1.8196
1.8117
1.803
1.7933
1.7824
1.7701
1.7562
1.7403
1.7222
1.7015
1.6776
1.6501
1.6185
1.5822
1.5407
1.4939
1.4417
1.3844
1.3227
1.2579
1.1912
1.1243
1.0585
.9948
.9343
.8775
.8247
.7759
.7312
.6902
.6528
.6187
.5876
.5593
.5334
.5096
.4879
.4679
.4495
.4326
.4169
.4023
.3888
.3762
.3644
.3534
.3431
.3335
.3244
.3158
.3077
.3001
.2929
.286
.2795
.2733
.2674
.2617
.2564
.2512
.2463
.2416
.2371
.2328
.2286
.2246
.2208
.2171
.2135
.2101
.2068
.2036
.2005
.1975
.1946
.1918
.1891
.1865
.1839
.1814
.179
.1767
.1744
.1722
.1701
.168
.166
.164
.1621
.1602
.1584
.1566
.1549
.1532
.1516
.1499
.1484
.1468
.1453
.1439
.1424
.141
.1396
.1383
.137
.1357
.1344
.1332
.132
.1308
.1296
.1285
.1274
.1263
.1252
.1242
.1231
.1221
.1211
.1201
.1192
.1182
.1173
.1164
.1155
.1146
.1138
.1129
.1121
.1112
.1104
.1096
.1089
.1081
.1073
.1066
.1058
.1051
.1044
.1037
.103
.1023
.1017
.101
.1004
.0997
.0991
.0985
.0978
.0972
.0966
.096
.0955
.0949
.0943
.0938
.0932
.0927
.0921
.0916
.0911
.0906
.0901
.0895
.0891
.0886
.0881
.0876
.0871
.0867
.0862
.0857
.0853
.0848
.0844
.084
.0835
.0831
.0827
.0823
.0819
.0814
.081
.0806
.0802
.0799
.0795
.0791
.0787
.0783
.078
.0776
.0772
.0769
.0765
.0762
.0758
.0755
.0751
.0748
.0745
.0741
.0738
.0735
.0732
.0729
.0725
.0722
.0719
.0716
.0713
.071
.0707
.0704
.0701
.0698
.0696
.0693
.069
.0687
.0684
.0682
.0679
.0676
.0673
.0671
.0668
.0666
.0663
.066
.0658
.0655
.0653
.065
.0648
.0646
.0643
.0641
.0638
.0636
.0634
.0631
.0629
.0627
.0624
.0622
.062
.0618
.0616
.0613
.0611
.0609
.0607
.0605
.0603
.0601
.0599
.0597
.0595
.0592
.059
.0588
.0587
.0585
.0583
.0581
.0579
.0577
.0575
.0573
.0571
.0569
.0567
.0566
.0564
.0562
.056
.0558
.0557
.0555
.0553
.0551
.055
.0548
.0546
.0545
.0543
.0541
.054
.0538
.0536
.0535
.0533
.0532
.053
.0528
.0527
.0525
.0524
.0522
.0521
.0519
.0518
.0516
.0515
.0513
.0512
.051
.0509
.0507
.0506
.0504
.0503
.0502
.05
.0499
