4.4855
4.2211
3.9554
3.7126
3.5038
3.3272
3.1758
3.0435
2.9265
2.8239
2.7359
2.6629
2.6047
2.5597
2.5255
2.4992
2.4784
2.461
2.4459
2.4321
2.4191
2.4067
2.3946
2.3829
2.3714
2.3603
2.3495
2.339
2.3289
2.3192
2.3098
2.301
2.2925
2.2844
2.2768
2.2696
2.2628
2.2564
2.2503
2.2445
2.239
2.2337
2.2285
2.2235
2.2184
2.2132
2.2079
2.2022
2.1961
2.1894
2.1819
2.1733
2.1634
2.1518
2.1381
2.1218
2.1024
2.0793
2.0518
2.0193
1.9813
1.9374
1.8876
1.8324
1.7725
1.7091
1.6436
1.5774
1.5116
1.4474
1.3855
1.3262
1.27
1.2169
1.1671
1.1205
1.077
1.0365
.9989
.9639
.9314
.9013
.8732
.8472
.823
.8005
.7795
.76
.7417
.7246
.7086
.6936
.6796
.6664
.6539
.6422
.6312
.6207
.6108
.6014
.5926
.5841
.5761
.5685
.5612
.5543
.5476
.5413
.5352
.5294
.5239
.5186
.5134
.5085
.5038
.4992
.4948
.4906
.4865
.4826
.4788
.4751
.4716
.4681
.4648
.4616
.4585
.4555
.4525
.4497
.4469
.4442
.4416
.4391
.4366
.4342
.4318
.4296
.4273
.4252
.4231
.421
.419
.417
.4151
.4133
.4114
.4097
.4079
.4062
.4045
.4029
.4013
.3998
.3982
.3967
.3953
.3938
.3924
.3911
.3897
.3884
.3871
.3858
.3846
.3833
.3821
.3809
.3798
.3787
.3775
.3764
.3754
.3743
.3732
.3722
.3712
.3702
.3693
.3683
.3674
.3664
.3655
.3646
.3637
.3629
.362
.3612
.3603
.3595
.3587
.3579
.3571
.3564
.3556
.3549
.3541
.3534
.3527
.352
.3513
.3506
.3499
.3492
.3486
.3479
.3473
.3466
.346
.3454
.3448
.3442
.3436
.343
.3424
.3419
.3413
.3407
.3402
.3396
.3391
.3386
.3381
.3375
.337
.3365
.336
.3355
.335
.3346
.3341
.3336
.3331
.3327
.3322
.3318
.3313
.3309
.3304
.33
.3296
.3292
.3287
.3283
.3279
.3275
.3271
.3267
.3263
.3259
.3256
.3252
.3248
.3244
.3241
.3237
.3233
.323
.3226
.3223
.3219
.3216
.3212
.3209
.3206
.3202
.3199
.3196
.3192
.3189
.3186
.3183
.318
.3177
.3174
.3171
.3168
.3165
.3162
.3159
.3156
.3153
.315
.3147
.3145
.3142
.3139
.3136
.3134
.3131
.3128
.3126
.3123
.3121
.3118
.3116
.3113
.3111
.3108
.3106
.3103
.3101
.3098
.3096
.3094
.3091
.3089
.3087
.3084
.3082
.308
.3078
.3075
.3073
.3071
.3069
.3067
.3064
.3062
.306
.3058
.3056
.3054
.3052
.305
.3048
.3046
.3044
.3042
.304
.3038
.3036
.3034
.3032
.303
.3029
.3027
.3025
.3023
.3021
.3019
.3018
.3016
.3014
.3012
.3011
.3009
.3007
.3005
.3004
.3002
.3
.2999
.2997
.2995
.2994
.2992
.299
.2989
.2987
.2986
.2984
.2983
.2981
.298
.2978
.2976
.2975
.2973
.2972
.297
.2969
.2968
.2966
.2965
.2963
.2962
.296
.2959
.2958
.2956
.2955
.2953
