5.0118
4.8443
4.6351
4.3837
4.0997
3.8032
3.5154
3.2501
3.0133
2.8081
2.6378
2.505
2.4094
2.346
2.3069
2.2841
2.2711
2.2638
2.2596
2.257
2.2552
2.2538
2.2526
2.2513
2.25
2.2486
2.2471
2.2455
2.2439
2.2422
2.2405
2.2387
2.2368
2.235
2.2331
2.2313
2.2294
2.2275
2.2257
2.2238
2.222
2.2201
2.2183
2.2165
2.2146
2.2128
2.2111
2.2093
2.2075
2.2057
2.204
2.2022
2.2005
2.1987
2.197
2.1952
2.1935
2.1917
2.1899
2.1881
2.1863
2.1844
2.1825
2.1806
2.1786
2.1765
2.1744
2.1723
2.1701
2.1678
2.1654
2.1629
2.1604
2.1577
2.155
2.1521
2.1491
2.146
2.1428
2.1394
2.1359
2.1323
2.1286
2.1248
2.1208
2.1168
2.1126
2.1084
2.1041
2.0997
2.0952
2.0907
2.0861
2.0815
2.0769
2.0723
2.0676
2.063
2.0584
2.0539
2.0494
2.0449
2.0405
2.0361
2.0318
2.0276
2.0234
2.0193
2.0153
2.0113
2.0075
2.0037
2.0
1.9963
1.9928
1.9893
1.9859
1.9826
1.9793
1.9762
1.9731
1.97
1.9671
1.9642
1.9613
1.9586
1.9558
1.9532
1.9506
1.9481
1.9456
1.9432
1.9408
1.9385
1.9362
1.934
1.9318
1.9297
1.9276
1.9256
1.9236
1.9216
1.9197
1.9178
1.9159
1.9141
1.9123
1.9106
1.9088
1.9071
1.9055
1.9039
1.9023
1.9007
1.8991
1.8976
1.8961
1.8946
1.8932
1.8917
1.8903
1.8889
1.8876
1.8862
1.8849
1.8836
1.8823
1.881
1.8798
1.8785
1.8773
1.8761
1.8749
1.8737
1.8726
1.8714
1.8703
1.8692
1.868
1.8669
1.8658
1.8648
1.8637
1.8626
1.8616
1.8605
1.8595
1.8585
1.8575
1.8565
1.8555
1.8545
1.8535
1.8525
1.8515
1.8506
1.8496
1.8487
1.8477
1.8468
1.8458
1.8449
1.8439
1.843
1.8421
1.8411
1.8402
1.8393
1.8384
1.8374
1.8365
1.8356
1.8347
1.8337
1.8328
1.8319
1.8309
1.83
1.829
1.8281
1.8271
1.8262
1.8252
1.8242
1.8232
1.8222
1.8212
1.8202
1.8192
1.8181
1.8171
1.816
1.8149
1.8138
1.8127
1.8115
1.8103
1.8091
1.8079
1.8066
1.8053
1.804
1.8026
1.8012
1.7997
1.7982
1.7966
1.795
1.7933
1.7915
1.7897
1.7877
1.7857
1.7835
1.7813
1.7789
1.7764
1.7737
1.7708
1.7678
1.7645
1.761
1.7572
1.7531
1.7487
1.7438
1.7386
1.7328
1.7264
1.7194
1.7116
1.7029
1.6932
1.6823
1.6701
1.6564
1.6409
1.6233
1.6035
1.5811
1.5558
1.5275
1.4959
1.461
1.423
1.382
1.3386
1.2933
1.2468
1.2
1.1536
1.1081
1.0642
1.0221
.9823
.9447
.9094
.8765
.8458
.8172
.7906
.7659
.7429
.7215
.7016
.683
.6656
.6494
.6341
.6198
.6063
.5936
.5816
.5703
.5595
.5493
.5396
.5303
.5215
.513
.5049
.4972
.4897
.4825
.4756
.4689
.4624
.4561
.45
.4441
.4384
.4328
.4273
.422
.4168
.4118
.4068
.402
.3972
.3925
.3879
.3834
.379
.3746
.3703
.3661
.362
.3579
.3538
.3498
.3459
.3421
.3382
.3345
.3308
.3271
.3235
.3199
.3164
.3129
.3095
.3061
.3028
.2995
.2963
.2931
.29
.2869
.2839
.2809
.278
.2751
.2722
.2694
.2667
.264
.2613
.2587
.2562
.2537
.2512
.2488
.2464
.2441
.2418
.2395
.2373
.2352
.233
.2309
.2289
.2269
.2249
.223
.2211
.2192
.2174
.2156
.2138
.2121
.2104
.2087
.2071
.2055
.2039
.2023
.2008
.1993
.1978
.1964
.195
.1936
.1922
.1909
.1895
.1882
.1869
.1857
.1844
.1832
.182
.1808
.1796
.1785
.1773
.1762
.1751
.174
.173
.1719
.1709
.1699
.1689
.1679
.1669
.1659
.165
.164
.1631
.1622
.1613
.1604
.1595
.1586
.1578
.1569
.1561
.1552
.1544
.1536
.1528
.152
.1512
.1505
.1497
.149
.1482
.1475
.1467
.146
.1453
.1446
.1439
.1432
.1425
.1418
.1412
.1405
.1399
.1392
.1386
.1379
.1373
.1367
.136
.1354
.1348
.1342
.1336
.133
.1324
.1319
.1313
.1307
.1301
.1296
.129
.1285
.1279
.1274
.1268
.1263
.1258
.1253
.1247
.1242
.1237
.1232
.1227
.1222
.1217
.1212
.1207
.1202
.1197
.1193
.1188
.1183
.1178
.1174
.1169
.1165
.116
.1156
.1151
.1147
.1142
.1138
.1133
.1129
.1125
.112
.1116
.1112
.1108
.1104
.11
.1095
.1091
.1087
.1083
.1079
.1075
.1071
.1067
.1063
.106
.1056
.1052
.1048
.1044
.104
.1037
.1033
.1029
.1026
.1022
.1018
.1015
.1011
.1008
.1004
.1
.0997
.0993
.099
.0987
.0983
.098
.0976
.0973
.097
.0966
.0963
.096
.0956
.0953
.095
.0947
.0943
.094
.0937
.0934
.0931
.0927
.0924
.0921
.0918
.0915
.0912
.0909
.0906
.0903
.09
.0897
.0894
.0891
.0888
.0885
.0882
.088
.0877
.0874
.0871
.0868
.0865
.0863
.086
.0857
.0854
.0852
.0849
.0846
.0844
.0841
.0838
.0836
.0833
.083
.0828
.0825
.0822
.082
.0817
.0815
.0812
.081
.0807
.0805
.0802
.08
.0797
.0795
.0792
.079
.0788
.0785
.0783
.078
.0778
.0776
.0773
.0771
.0769
.0766
.0764
.0762
.076
.0757
.0755
.0753
.0751
.0748
.0746
.0744
.0742
.074
.0738
.0735
.0733
.0731
.0729
.0727
.0725
.0723
.0721
.0719
.0716
.0714
.0712
.071
.0708
.0706
.0704
.0702
.07
.0698
.0696
.0694
.0693
.0691
.0689
.0687
.0685
.0683
.0681
.0679
.0677
.0676
.0674
.0672
.067
.0668
.0666
.0665
.0663
.0661
.0659
.0657
.0656
.0654
.0652
.065
.0649
.0647
.0645
.0644
.0642
.064
.0639
.0637
.0635
.0634
.0632
.063
.0629
.0627
.0625
.0624
.0622
.0621
.0619
.0617
.0616
.0614
.0613
.0611
.061
.0608
.0607
.0605
.0604
.0602
.0601
.0599
.0598
.0596
.0595
.0593
.0592
.059
.0589
.0587
.0586
.0585
.0583
.0582
.058
.0579
.0578
.0576
.0575
.0573
.0572
.0571
.0569
.0568
.0567
.0565
.0564
.0563
.0561
.056
.0559
.0557
.0556
.0555
.0554
.0552
.0551
.055
.0548
.0547
.0546
.0545
.0544
.0542
.0541
.054
.0539
.0537
.0536
.0535
.0534
.0533
.0531
.053
.0529
.0528
.0527
.0526
.0524
.0523
.0522
.0521
.052
.0519
.0518
.0517
.0515
.0514
.0513
.0512
.0511
.051
.0509
.0508
.0507
.0506
.0505
.0503
.0502
.0501
.05
.0499
