4.9053
4.7297
4.5153
4.2627
3.9799
3.6824
3.3891
3.1163
2.8738
2.6668
2.4984
2.3702
2.2798
2.2205
2.1835
2.1608
2.1465
2.1367
2.1294
2.1233
2.1176
2.1121
2.1065
2.1009
2.0951
2.0893
2.0834
2.0775
2.0717
2.0658
2.06
2.0543
2.0487
2.0431
2.0378
2.0325
2.0274
2.0224
2.0175
2.0128
2.0083
2.0038
1.9995
1.9953
1.9912
1.9873
1.9834
1.9797
1.976
1.9725
1.9691
1.9658
1.9625
1.9594
1.9563
1.9533
1.9505
1.9476
1.9449
1.9422
1.9396
1.9371
1.9347
1.9323
1.9299
1.9277
1.9255
1.9233
1.9212
1.9191
1.9172
1.9152
1.9133
1.9114
1.9096
1.9079
1.9061
1.9045
1.9028
1.9012
1.8996
1.8981
1.8966
1.8951
1.8937
1.8923
1.8909
1.8896
1.8882
1.887
1.8857
1.8845
1.8832
1.882
1.8809
1.8797
1.8786
1.8775
1.8764
1.8754
1.8744
1.8733
1.8723
1.8714
1.8704
1.8695
1.8685
1.8676
1.8667
1.8658
1.865
1.8641
1.8633
1.8625
1.8617
1.8609
1.8601
1.8593
1.8586
1.8578
1.8571
1.8564
1.8556
1.8549
1.8542
1.8536
1.8529
1.8522
1.8516
1.8509
1.8503
1.8497
1.8491
1.8485
1.8479
1.8473
1.8467
1.8461
1.8456
1.845
1.8445
1.8439
1.8434
1.8428
1.8423
1.8418
1.8413
1.8408
1.8403
1.8398
1.8393
1.8388
1.8383
1.8379
1.8374
1.837
1.8365
1.836
1.8356
1.8352
1.8347
1.8343
1.8339
1.8335
1.833
1.8326
1.8322
1.8318
1.8314
1.831
1.8306
1.8302
1.8298
1.8295
1.8291
1.8287
1.8283
1.828
1.8276
1.8273
1.8269
1.8265
1.8262
1.8258
1.8255
1.8252
1.8248
1.8245
1.8242
1.8238
1.8235
1.8232
1.8229
1.8225
1.8222
1.8219
1.8216
1.8213
1.821
1.8207
1.8204
1.8201
1.8198
1.8195
1.8192
1.8189
1.8186
1.8183
1.818
1.8177
1.8175
1.8172
1.8169
1.8166
1.8164
1.8161
1.8158
1.8156
1.8153
1.815
1.8148
1.8145
1.8142
1.814
1.8137
1.8135
1.8132
1.813
1.8127
1.8125
1.8122
1.812
1.8117
1.8115
1.8112
1.811
1.8108
1.8105
1.8103
1.8101
1.8098
1.8096
1.8094
1.8091
1.8089
1.8087
1.8084
1.8082
1.808
1.8078
1.8075
1.8073
1.8071
1.8069
1.8067
1.8065
1.8062
1.806
1.8058
1.8056
1.8054
1.8052
1.805
1.8047
1.8045
1.8043
1.8041
1.8039
1.8037
1.8035
1.8033
1.8031
1.8029
1.8027
1.8025
1.8023
1.8021
1.8019
1.8017
1.8015
1.8013
1.8011
1.8009
1.8007
1.8005
1.8003
1.8001
1.7999
1.7998
1.7996
1.7994
1.7992
1.799
1.7988
1.7986
1.7984
1.7982
1.7981
1.7979
1.7977
1.7975
1.7973
1.7971
1.7969
1.7968
1.7966
1.7964
1.7962
1.796
1.7958
1.7957
1.7955
1.7953
1.7951
1.7949
1.7948
1.7946
1.7944
1.7942
1.7941
1.7939
1.7937
1.7935
1.7933
1.7932
1.793
1.7928
1.7926
1.7925
1.7923
1.7921
1.7919
1.7918
1.7916
1.7914
1.7912
1.7911
1.7909
1.7907
1.7905
1.7904
1.7902
1.79
1.7898
1.7897
1.7895
1.7893
1.7891
1.789
1.7888
1.7886
1.7884
1.7883
1.7881
1.7879
1.7878
1.7876
1.7874
1.7872
1.7871
1.7869
1.7867
1.7865
1.7864
1.7862
1.786
1.7858
1.7857
1.7855
1.7853
1.7851
1.785
1.7848
1.7846
1.7844
1.7842
1.7841
1.7839
1.7837
1.7835
1.7834
1.7832
1.783
1.7828
1.7826
1.7825
1.7823
1.7821
1.7819
1.7817
1.7815
1.7814
1.7812
1.781
1.7808
1.7806
1.7804
1.7803
1.7801
1.7799
1.7797
1.7795
1.7793
1.7791
1.7789
1.7787
1.7785
1.7784
1.7782
1.778
1.7778
1.7776
1.7774
1.7772
1.777
1.7768
1.7766
1.7764
1.7762
1.776
1.7758
1.7755
1.7753
1.7751
1.7749
1.7747
1.7745
1.7743
1.7741
1.7738
1.7736
1.7734
1.7732
1.773
1.7727
1.7725
1.7723
1.7721
1.7718
1.7716
1.7714
1.7711
1.7709
1.7706
1.7704
1.7701
1.7699
1.7696
1.7694
1.7691
1.7689
1.7686
1.7684
1.7681
1.7678
1.7676
1.7673
1.767
1.7667
1.7665
1.7662
1.7659
1.7656
1.7653
1.765
1.7647
1.7644
1.7641
1.7638
1.7635
1.7632
1.7628
1.7625
1.7622
1.7618
1.7615
1.7611
1.7608
1.7604
1.7601
1.7597
1.7593
1.7589
1.7586
1.7582
1.7578
1.7574
1.7569
1.7565
1.7561
1.7557
1.7552
1.7548
1.7543
1.7538
1.7533
1.7529
1.7524
1.7518
1.7513
1.7508
1.7502
1.7497
1.7491
1.7485
1.7479
1.7473
1.7467
1.7461
1.7454
1.7447
1.744
1.7433
1.7426
1.7418
1.741
1.7402
1.7394
1.7386
1.7377
1.7368
1.7358
1.7349
1.7339
1.7328
1.7317
1.7306
1.7295
1.7282
1.727
1.7257
1.7243
1.7229
1.7214
1.7198
1.7182
1.7164
1.7146
1.7127
1.7107
1.7086
1.7063
1.7039
1.7014
1.6987
1.6958
1.6927
1.6894
1.6859
1.682
1.6779
1.6734
1.6686
1.6632
1.6574
1.6511
1.6441
1.6364
1.6279
1.6184
1.6079
1.5962
1.5831
1.5686
1.5523
1.5342
1.5142
1.4919
1.4675
1.4409
1.4121
1.3813
1.3489
1.3151
1.2804
1.2453
1.2102
1.1754
1.1415
1.1085
1.0766
1.0461
1.0168
.9888
.9621
.9366
.9122
.8888
.8665
.845
.8244
.8046
.7855
.767
.7492
.7319
.7152
.699
.6833
.668
.6532
.6388
.6248
.6112
.598
.5852
.5727
.5606
.5489
.5375
.5264
.5157
.5053
.4953
.4856
.4761
.467
.4582
.4497
.4414
.4334
.4257
.4183
.4111
.4041
.3973
.3908
.3845
.3784
.3724
.3667
.3611
.3558
.3505
.3455
.3405
.3358
.3311
.3266
.3223
.318
.3139
.3098
.3059
.3021
.2984
.2948
.2912
.2878
.2844
.2812
.278
.2748
.2718
.2688
.2659
.263
.2602
.2575
.2548
.2522
.2497
.2472
.2447
.2423
.24
.2376
.2354
.2332
.231
.2288
.2267
.2247
.2227
.2207
.2187
.2168
.2149
.2131
.2113
.2095
.2077
.206
.2043
.2026
.201
.1994
.1978
.1962
.1947
.1931
.1916
.1902
.1887
.1873
.1859
.1845
.1831
.1818
.1805
.1792
.1779
.1766
.1753
.1741
.1729
.1717
.1705
.1693
.1682
.167
.1659
.1648
.1637
.1626
.1616
.1605
.1595
.1585
.1574
.1564
.1554
.1545
.1535
.1526
.1516
.1507
.1498
.1489
.148
.1471
.1462
.1453
.1445
.1436
.1428
.142
.1411
.1403
.1395
.1387
.1379
.1372
.1364
.1356
.1349
.1342
.1334
.1327
.132
.1313
.1306
.1299
.1292
.1285
.1278
.1271
.1265
.1258
.1252
.1245
.1239
.1233
.1227
.122
.1214
.1208
.1202
.1196
.119
.1185
.1179
.1173
.1167
.1162
.1156
.1151
.1145
.114
.1134
.1129
.1124
.1119
.1113
.1108
.1103
.1098
.1093
.1088
.1083
.1078
.1074
.1069
.1064
.1059
.1055
.105
.1046
.1041
.1037
.1032
.1028
.1023
.1019
.1015
.101
.1006
.1002
.0998
.0993
.0989
.0985
.0981
.0977
.0973
.0969
.0965
.0961
.0958
.0954
.095
.0946
.0942
.0939
.0935
.0931
.0928
.0924
.092
.0917
.0913
.091
.0906
.0903
.09
.0896
.0893
.0889
.0886
.0883
.0879
.0876
.0873
.087
.0867
.0863
.086
.0857
.0854
.0851
.0848
.0845
.0842
.0839
.0836
.0833
.083
.0827
.0824
.0821
.0818
.0816
.0813
.081
.0807
.0804
.0802
.0799
.0796
.0794
.0791
.0788
.0786
.0783
.078
.0778
.0775
.0773
.077
.0768
.0765
.0763
.076
.0758
.0755
.0753
.075
.0748
.0746
.0743
.0741
.0739
.0736
.0734
.0732
.0729
.0727
.0725
.0723
.072
.0718
.0716
.0714
.0712
.0709
.0707
.0705
.0703
.0701
.0699
.0697
.0695
.0692
.069
.0688
.0686
.0684
.0682
.068
.0678
.0676
.0674
.0672
.067
.0669
.0667
.0665
.0663
.0661
.0659
.0657
.0655
.0653
.0652
.065
.0648
.0646
.0644
.0643
.0641
.0639
.0637
.0636
.0634
.0632
.063
.0629
.0627
.0625
.0624
.0622
.062
.0619
.0617
.0615
.0614
.0612
.061
.0609
.0607
.0606
.0604
.0602
.0601
.0599
.0598
.0596
.0595
.0593
.0592
.059
.0589
.0587
.0586
.0584
.0583
.0581
.058
.0578
.0577
.0575
.0574
.0572
.0571
.057
.0568
.0567
.0565
.0564
.0563
.0561
.056
.0558
.0557
.0556
.0554
.0553
.0552
.055
.0549
.0548
.0546
.0545
.0544
.0543
.0541
.054
.0539
.0537
.0536
.0535
.0534
.0532
.0531
.053
.0529
.0528
.0526
.0525
.0524
.0523
.0522
.052
.0519
.0518
.0517
.0516
.0514
.0513
.0512
.0511
.051
.0509
.0508
.0506
.0505
.0504
.0503
.0502
.0501
.05
