4.2618
4.1001
3.98
3.8892
3.8168
3.7555
3.7005
3.6488
3.5982
3.5472
3.4947
3.4398
3.3818
3.3201
3.2543
3.184
3.1092
3.0301
2.9475
2.8628
2.7782
2.6963
2.6199
2.5514
2.4918
2.4407
2.3969
2.3584
2.3237
2.2915
2.2611
2.2321
2.2043
2.1777
2.1522
2.1279
2.1048
2.0831
2.0626
2.0433
2.0253
2.0085
1.9928
1.9782
1.9646
1.952
1.9403
1.9294
1.9193
1.91
1.9013
1.8933
1.8858
1.8789
1.8725
1.8665
1.8609
1.8556
1.8507
1.8461
1.8418
1.8377
1.8338
1.8301
1.8266
1.8233
1.8201
1.817
1.814
1.8111
1.8083
1.8055
1.8028
1.8002
1.7976
1.7951
1.7925
1.79
1.7875
1.785
1.7824
1.7799
1.7773
1.7747
1.772
1.7693
1.7665
1.7636
1.7605
1.7574
1.754
1.7505
1.7467
1.7427
1.7383
1.7336
1.7284
1.7226
1.7162
1.709
1.7008
1.6915
1.6807
1.6683
1.6536
1.6364
1.616
1.5916
1.5623
1.5272
1.4851
1.435
1.376
1.3081
1.232
1.1496
1.064
.9786
.8965
.8199
.75
.6873
.6314
.582
.5384
.4998
.4657
.4355
.4086
.3847
.3632
.3439
.3266
.3108
.2965
.2835
.2716
.2607
.2506
.2413
.2327
.2247
.2173
.2104
.204
.1979
.1922
.1869
.1819
.1771
.1726
.1684
.1644
.1606
.1569
.1535
.1502
.147
.144
.1412
.1384
.1358
.1333
.1309
.1285
.1263
.1242
.1221
.1201
.1182
.1163
.1145
.1128
.1111
.1095
.1079
.1064
.1049
.1035
.1021
.1007
.0994
.0981
.0969
.0957
.0945
.0934
.0923
.0912
.0901
.0891
.0881
.0871
.0862
.0852
.0843
.0835
.0826
.0817
.0809
.0801
.0793
.0785
.0778
.077
.0763
.0756
.0749
.0742
.0735
.0729
.0722
.0716
.071
.0704
.0698
.0692
.0686
.068
.0675
.0669
.0664
.0659
.0653
.0648
.0643
.0638
.0634
.0629
.0624
.062
.0615
.061
.0606
.0602
.0597
.0593
.0589
.0585
.0581
.0577
.0573
.0569
.0566
.0562
.0558
.0555
.0551
.0547
.0544
.0541
.0537
.0534
.0531
.0527
.0524
.0521
.0518
.0515
.0512
.0509
.0506
.0503
.05
