4.2666
4.0801
3.9229
3.7888
3.6689
3.5551
3.441
3.3213
3.1922
3.0514
2.8993
2.7411
2.5871
2.4512
2.3439
2.2676
2.217
2.184
2.1619
2.1463
2.1343
2.1245
2.1161
2.1084
2.1013
2.0945
2.088
2.0816
2.0755
2.0694
2.0634
2.0576
2.0518
2.0461
2.0405
2.0349
2.0293
2.0239
2.0184
2.013
2.0076
2.0022
1.9968
1.9914
1.986
1.9805
1.9751
1.9696
1.9641
1.9585
1.9529
1.9472
1.9415
1.9357
1.9298
1.9239
1.9178
1.9118
1.9056
1.8994
1.8931
1.8867
1.8803
1.8738
1.8672
1.8606
1.8539
1.8471
1.8403
1.8334
1.8265
1.8196
1.8125
1.8055
1.7984
1.7913
1.7841
1.7769
1.7697
1.7624
1.755
1.7477
1.7402
1.7327
1.7251
1.7175
1.7097
1.7019
1.6939
1.6857
1.6775
1.669
1.6603
1.6514
1.6422
1.6327
1.6228
1.6125
1.6017
1.5904
1.5784
1.5657
1.5523
1.5379
1.5224
1.5057
1.4878
1.4682
1.447
1.424
1.3988
1.3715
1.3419
1.3099
1.2756
1.239
1.2005
1.1604
1.1191
1.0772
1.0353
.9939
.9535
.9145
.8771
.8417
.8081
.7766
.747
.7193
.6934
.6692
.6466
.6253
.6054
.5868
.5692
.5527
.5371
.5223
.5084
.4951
.4826
.4706
.4593
.4484
.438
.4281
.4186
.4095
.4008
.3924
.3844
.3767
.3692
.362
.3551
.3484
.342
.3358
.3298
.324
.3184
.313
.3077
.3027
.2978
.293
.2884
.284
.2796
.2754
.2714
.2675
.2636
.2599
.2563
.2529
.2495
.2462
.243
.2399
.2368
.2339
.231
.2282
.2255
.2229
.2203
.2178
.2154
.213
.2107
.2084
.2062
.2041
.202
.1999
.1979
.196
.1941
.1922
.1904
.1886
.1869
.1852
.1835
.1819
.1803
.1787
.1772
.1757
.1742
.1728
.1714
.17
.1686
.1673
.166
.1647
.1635
.1622
.161
.1598
.1587
.1575
.1564
.1553
.1542
.1531
.1521
.151
.15
.149
.148
.1471
.1461
.1452
.1443
.1434
.1425
.1416
.1407
.1399
.139
.1382
.1374
.1366
.1358
.135
.1342
.1334
.1327
.132
.1312
.1305
.1298
.1291
.1284
.1277
.127
.1264
.1257
.1251
.1244
.1238
.1232
.1225
.1219
.1213
.1207
.1201
.1196
.119
.1184
.1178
.1173
.1167
.1162
.1156
.1151
.1146
.1141
.1136
.113
.1125
.112
.1115
.111
.1106
.1101
.1096
.1091
.1087
.1082
.1078
.1073
.1069
.1064
.106
.1055
.1051
.1047
.1043
.1038
.1034
.103
.1026
.1022
.1018
.1014
.101
.1006
.1002
.0999
.0995
.0991
.0987
.0984
.098
.0976
.0973
.0969
.0965
.0962
.0958
.0955
.0952
.0948
.0945
.0941
.0938
.0935
.0932
.0928
.0925
.0922
.0919
.0916
.0912
.0909
.0906
.0903
.09
.0897
.0894
.0891
.0888
.0885
.0882
.0879
.0877
.0874
.0871
.0868
.0865
.0863
.086
.0857
.0854
.0852
.0849
.0846
.0844
.0841
.0839
.0836
.0833
.0831
.0828
.0826
.0823
.0821
.0818
.0816
.0813
.0811
.0809
.0806
.0804
.0801
.0799
.0797
.0794
.0792
.079
.0788
.0785
.0783
.0781
.0779
.0776
.0774
.0772
.077
.0768
.0766
.0763
.0761
.0759
.0757
.0755
.0753
.0751
.0749
.0747
.0745
.0743
.0741
.0739
.0737
.0735
.0733
.0731
.0729
.0727
.0725
.0723
.0721
.0719
.0718
.0716
.0714
.0712
.071
.0708
.0707
.0705
.0703
.0701
.0699
.0698
.0696
.0694
.0692
.0691
.0689
.0687
.0685
.0684
.0682
.068
.0679
.0677
.0675
.0674
.0672
.0671
.0669
.0667
.0666
.0664
.0662
.0661
.0659
.0658
.0656
.0655
.0653
.0652
.065
.0649
.0647
.0645
.0644
.0642
.0641
.064
.0638
.0637
.0635
.0634
.0632
.0631
.0629
.0628
.0626
.0625
.0624
.0622
.0621
.0619
.0618
.0617
.0615
.0614
.0613
.0611
.061
.0609
.0607
.0606
.0605
.0603
.0602
.0601
.0599
.0598
.0597
.0595
.0594
.0593
.0592
.059
.0589
.0588
.0587
.0585
.0584
.0583
.0582
.058
.0579
.0578
.0577
.0576
.0574
.0573
.0572
.0571
.057
.0569
.0567
.0566
.0565
.0564
.0563
.0562
.0561
.0559
.0558
.0557
.0556
.0555
.0554
.0553
.0552
.055
.0549
.0548
.0547
.0546
.0545
.0544
.0543
.0542
.0541
.054
.0539
.0538
.0537
.0536
.0534
.0533
.0532
.0531
.053
.0529
.0528
.0527
.0526
.0525
.0524
.0523
.0522
.0521
.052
.0519
.0518
.0517
.0516
.0516
.0515
.0514
.0513
.0512
.0511
.051
.0509
.0508
.0507
.0506
.0505
.0504
.0503
.0502
.0501
.0501
.05
