4.4495
4.2431
4.0735
3.9371
3.8235
3.7219
3.6242
3.5239
3.416
3.2964
3.1623
3.0126
2.8488
2.6769
2.5068
2.3517
2.223
2.126
2.0579
2.0117
1.9798
1.9568
1.9391
1.9245
1.912
1.9008
1.8906
1.8811
1.8721
1.8636
1.8556
1.8479
1.8406
1.8335
1.8267
1.8202
1.814
1.8079
1.8021
1.7965
1.791
1.7858
1.7806
1.7757
1.7709
1.7662
1.7617
1.7573
1.753
1.7488
1.7448
1.7409
1.737
1.7333
1.7297
1.7261
1.7227
1.7193
1.716
1.7128
1.7097
1.7067
1.7037
1.7008
1.698
1.6952
1.6925
1.6898
1.6873
1.6847
1.6822
1.6798
1.6774
1.6751
1.6728
1.6706
1.6684
1.6662
1.6641
1.662
1.66
1.6579
1.656
1.654
1.6521
1.6502
1.6483
1.6465
1.6447
1.6429
1.6412
1.6394
1.6377
1.636
1.6344
1.6327
1.6311
1.6294
1.6278
1.6263
1.6247
1.6231
1.6216
1.62
1.6185
1.617
1.6155
1.614
1.6125
1.611
1.6095
1.608
1.6066
1.6051
1.6036
1.6021
1.6007
1.5992
1.5977
1.5962
1.5947
1.5932
1.5917
1.5901
1.5886
1.587
1.5855
1.5839
1.5822
1.5806
1.5789
1.5772
1.5755
1.5737
1.5719
1.57
1.5681
1.5661
1.5641
1.562
1.5599
1.5576
1.5553
1.5529
1.5504
1.5478
1.545
1.5421
1.5391
1.5358
1.5324
1.5288
1.525
1.5209
1.5165
1.5118
1.5067
1.5012
1.4953
1.4888
1.4818
1.4741
1.4656
1.4562
1.4459
1.4344
1.4215
1.4072
1.3912
1.3732
1.3529
1.3301
1.3044
1.2755
1.2431
1.2071
1.1673
1.1239
1.0771
1.0275
.9759
.9233
.8707
.8192
.7696
.7224
.6782
.637
.5989
.5638
.5316
.5021
.4751
.4503
.4276
.4068
.3877
.37
.3538
.3388
.325
.3121
.3002
.2891
.2788
.2692
.2602
.2518
.2439
.2364
.2295
.2229
.2167
.2108
.2053
.2
.195
.1903
.1858
.1815
.1775
.1736
.1699
.1663
.1629
.1597
.1566
.1536
.1507
.148
.1453
.1428
.1403
.138
.1357
.1335
.1314
.1293
.1274
.1254
.1236
.1218
.1201
.1184
.1168
.1152
.1136
.1122
.1107
.1093
.1079
.1066
.1053
.104
.1028
.1016
.1005
.0993
.0982
.0971
.0961
.0951
.094
.0931
.0921
.0912
.0903
.0894
.0885
.0876
.0868
.086
.0852
.0844
.0836
.0828
.0821
.0814
.0807
.08
.0793
.0786
.0779
.0773
.0767
.076
.0754
.0748
.0742
.0736
.0731
.0725
.072
.0714
.0709
.0703
.0698
.0693
.0688
.0683
.0678
.0674
.0669
.0664
.066
.0655
.0651
.0646
.0642
.0638
.0634
.063
.0626
.0622
.0618
.0614
.061
.0606
.0602
.0599
.0595
.0591
.0588
.0584
.0581
.0578
.0574
.0571
.0568
.0564
.0561
.0558
.0555
.0552
.0549
.0546
.0543
.054
.0537
.0534
.0531
.0528
.0526
.0523
.052
.0517
.0515
.0512
.051
.0507
.0504
.0502
.0499
