4.4162
4.1718
3.954
3.7714
3.6194
3.4897
3.375
3.2701
3.172
3.0792
2.9916
2.9098
2.8352
2.7694
2.7135
2.668
2.6325
2.6059
2.5864
2.5723
2.5619
2.554
2.5475
2.5418
2.5364
2.531
2.5253
2.5192
2.5125
2.5052
2.4973
2.4886
2.4792
2.4689
2.4578
2.4458
2.433
2.4193
2.4048
2.3896
2.3737
2.3572
2.3403
2.3231
2.3058
2.2885
2.2715
2.2549
2.2388
2.2233
2.2085
2.1944
2.1811
2.1686
2.1568
2.1456
2.1351
2.1251
2.1156
2.1065
2.0977
2.0892
2.0808
2.0725
2.0643
2.056
2.0475
2.0389
2.0299
2.0205
2.0106
2.0001
1.9887
1.9764
1.9629
1.948
1.9315
1.9131
1.8924
1.8691
1.8429
1.8134
1.7804
1.7435
1.7027
1.6581
1.6099
1.5584
1.5043
1.4484
1.3913
1.3338
1.2765
1.2202
1.1653
1.1123
1.0614
1.0128
.9667
.9231
.882
.8434
.8072
.7732
.7415
.7117
.6839
.6579
.6335
.6107
.5893
.5692
.5503
.5326
.5159
.5001
.4853
.4713
.458
.4454
.4336
.4223
.4116
.4014
.3917
.3825
.3737
.3653
.3572
.3496
.3422
.3352
.3284
.322
.3158
.3098
.3041
.2985
.2932
.2881
.2832
.2784
.2738
.2694
.2651
.261
.257
.2531
.2493
.2457
.2421
.2387
.2354
.2322
.229
.226
.2231
.2202
.2174
.2147
.212
.2094
.2069
.2045
.2021
.1998
.1975
.1953
.1931
.191
.189
.187
.185
.1831
.1812
.1794
.1776
.1758
.1741
.1724
.1707
.1691
.1675
.166
.1645
.163
.1615
.1601
.1587
.1573
.156
.1546
.1533
.1521
.1508
.1496
.1484
.1472
.146
.1448
.1437
.1426
.1415
.1404
.1394
.1383
.1373
.1363
.1353
.1343
.1334
.1324
.1315
.1306
.1297
.1288
.1279
.1271
.1262
.1254
.1245
.1237
.1229
.1221
.1214
.1206
.1198
.1191
.1183
.1176
.1169
.1162
.1155
.1148
.1141
.1134
.1128
.1121
.1114
.1108
.1102
.1095
.1089
.1083
.1077
.1071
.1065
.1059
.1054
.1048
.1042
.1037
.1031
.1026
.1021
.1015
.101
.1005
.1
.0995
.099
.0985
.098
.0975
.097
.0965
.0961
.0956
.0951
.0947
.0942
.0938
.0933
.0929
.0924
.092
.0916
.0912
.0908
.0903
.0899
.0895
.0891
.0887
.0883
.0879
.0876
.0872
.0868
.0864
.086
.0857
.0853
.0849
.0846
.0842
.0839
.0835
.0832
.0828
.0825
.0822
.0818
.0815
.0812
.0808
.0805
.0802
.0799
.0795
.0792
.0789
.0786
.0783
.078
.0777
.0774
.0771
.0768
.0765
.0762
.076
.0757
.0754
.0751
.0748
.0746
.0743
.074
.0737
.0735
.0732
.0729
.0727
.0724
.0722
.0719
.0717
.0714
.0712
.0709
.0707
.0704
.0702
.0699
.0697
.0695
.0692
.069
.0687
.0685
.0683
.0681
.0678
.0676
.0674
.0672
.0669
.0667
.0665
.0663
.0661
.0659
.0657
.0654
.0652
.065
.0648
.0646
.0644
.0642
.064
.0638
.0636
.0634
.0632
.063
.0628
.0626
.0625
.0623
.0621
.0619
.0617
.0615
.0613
.0612
.061
.0608
.0606
.0604
.0603
.0601
.0599
.0597
.0596
.0594
.0592
.059
.0589
.0587
.0585
.0584
.0582
.058
.0579
.0577
.0576
.0574
.0572
.0571
.0569
.0568
.0566
.0565
.0563
.0562
.056
.0559
.0557
.0555
.0554
.0553
.0551
.055
.0548
.0547
.0545
.0544
.0542
.0541
.054
.0538
.0537
.0535
.0534
.0533
.0531
.053
.0529
.0527
.0526
.0525
.0523
.0522
.0521
.0519
.0518
.0517
.0515
.0514
.0513
.0512
.051
.0509
.0508
.0507
.0505
.0504
.0503
.0502
.05
.0499
