3.6211
3.4166
3.2248
3.0415
2.8656
2.7013
2.5571
2.4427
2.3623
2.3121
2.2832
2.2675
2.2589
2.2541
2.2512
2.2491
2.2473
2.2457
2.2441
2.2425
2.2408
2.2391
2.2373
2.2355
2.2337
2.2319
2.2301
2.2283
2.2265
2.2248
2.2231
2.2215
2.2199
2.2183
2.2168
2.2153
2.2138
2.2124
2.211
2.2097
2.2083
2.207
2.2057
2.2044
2.2032
2.2019
2.2006
2.1993
2.198
2.1967
2.1953
2.1939
2.1925
2.191
2.1894
2.1877
2.186
2.1841
2.1821
2.18
2.1778
2.1754
2.1728
2.17
2.1671
2.1639
2.1605
2.1569
2.153
2.1489
2.1445
2.1399
2.135
2.1299
2.1245
2.1189
2.1131
2.107
2.1008
2.0944
2.0878
2.0811
2.0743
2.0674
2.0604
2.0534
2.0464
2.0394
2.0324
2.0255
2.0187
2.0119
2.0052
1.9987
1.9922
1.9859
1.9798
1.9737
1.9678
1.9621
1.9565
1.9511
1.9458
1.9407
1.9357
1.9309
1.9262
1.9216
1.9172
1.913
1.9088
1.9049
1.901
1.8972
1.8936
1.8901
1.8867
1.8834
1.8802
1.8771
1.8741
1.8712
1.8684
1.8657
1.8631
1.8605
1.858
1.8556
1.8533
1.851
1.8488
1.8466
1.8445
1.8425
1.8405
1.8386
1.8367
1.8349
1.8331
1.8313
1.8296
1.828
1.8263
1.8248
1.8232
1.8217
1.8202
1.8188
1.8174
1.816
1.8146
1.8133
1.812
1.8107
1.8095
1.8082
1.807
1.8059
1.8047
1.8035
1.8024
1.8013
1.8002
1.7992
1.7981
1.7971
1.7961
1.7951
1.7941
1.7931
1.7922
1.7912
1.7903
1.7894
1.7885
1.7876
1.7867
1.7858
1.7849
1.7841
1.7833
1.7824
1.7816
1.7808
1.78
1.7792
1.7784
1.7777
1.7769
1.7761
1.7754
1.7746
1.7739
1.7732
1.7725
1.7717
1.771
1.7703
1.7696
1.769
1.7683
1.7676
1.7669
1.7663
1.7656
1.765
1.7643
1.7637
1.763
1.7624
1.7618
1.7611
1.7605
1.7599
1.7593
1.7587
1.7581
1.7575
1.7569
1.7563
1.7557
1.7551
1.7546
1.754
1.7534
1.7528
1.7523
1.7517
1.7511
1.7506
1.75
1.7495
1.7489
1.7484
1.7478
1.7473
1.7467
1.7462
1.7457
1.7451
1.7446
1.7441
1.7435
1.743
1.7425
1.7419
1.7414
1.7409
1.7404
1.7398
1.7393
1.7388
1.7383
1.7377
1.7372
1.7367
1.7362
1.7356
1.7351
1.7346
1.7341
1.7335
1.733
1.7325
1.732
1.7314
1.7309
1.7304
1.7298
1.7293
1.7287
1.7282
1.7276
1.7271
1.7265
1.726
1.7254
1.7248
1.7243
1.7237
1.7231
1.7225
1.7219
1.7213
1.7207
1.7201
1.7194
1.7188
1.7181
1.7175
1.7168
1.7161
1.7154
1.7147
1.714
1.7133
1.7125
1.7118
1.711
1.7102
1.7093
1.7085
1.7076
1.7067
1.7058
1.7048
1.7039
1.7028
1.7018
1.7007
1.6996
1.6984
1.6972
1.6959
1.6945
1.6931
1.6917
1.6901
1.6885
1.6868
1.685
1.6831
1.6811
1.679
1.6767
1.6743
1.6717
1.6689
1.6659
1.6627
1.6592
1.6554
1.6513
1.6469
1.642
1.6367
1.6308
1.6243
1.6171
1.6091
1.6002
1.5902
1.5789
1.5662
1.5517
1.5353
1.5166
1.4952
1.4707
1.4427
1.4107
1.3744
1.3334
1.2877
1.2374
1.1832
1.1258
1.0664
1.0065
.9472
.8896
.8347
.7831
.7349
.6902
.6492
.6115
.577
.5454
.5165
.4901
.4659
.4436
.4232
.4044
.387
.371
.3561
.3424
.3295
.3176
.3065
.2961
.2863
.2772
.2686
.2606
.253
.2458
.239
.2326
.2266
.2208
.2153
.2101
.2052
.2005
.196
.1917
.1876
.1837
.1799
.1763
.1729
.1696
.1664
.1634
.1604
.1576
.1549
.1523
.1497
.1473
.145
.1427
.1405
.1384
.1363
.1343
.1324
.1305
.1287
.1269
.1252
.1236
.1219
.1204
.1189
.1174
.1159
.1145
.1132
.1119
.1106
.1093
.1081
.1069
.1057
.1046
.1034
.1024
.1013
.1003
.0992
.0982
.0973
.0963
.0954
.0945
.0936
.0927
.0919
.091
.0902
.0894
.0886
.0879
.0871
.0864
.0856
.0849
.0842
.0835
.0829
.0822
.0816
.0809
.0803
.0797
.0791
.0785
.0779
.0773
.0767
.0762
.0756
.0751
.0746
.074
.0735
.073
.0725
.072
.0716
.0711
.0706
.0702
.0697
.0693
.0688
.0684
.068
.0675
.0671
.0667
.0663
.0659
.0655
.0651
.0647
.0644
.064
.0636
.0632
.0629
.0625
.0622
.0618
.0615
.0612
.0608
.0605
.0602
.0599
.0595
.0592
.0589
.0586
.0583
.058
.0577
.0574
.0571
.0568
.0566
.0563
.056
.0557
.0555
.0552
.0549
.0547
.0544
.0542
.0539
.0537
.0534
.0532
.0529
.0527
.0524
.0522
.052
.0517
.0515
.0513
.0511
.0509
.0506
.0504
.0502
.05
