4.6434
4.355
4.0222
3.6809
3.3704
3.1097
2.8986
2.7321
2.606
2.5158
2.4552
2.4163
2.3918
2.3759
2.3649
2.3565
2.3496
2.3434
2.3376
2.3319
2.3264
2.321
2.3156
2.3104
2.3051
2.3
2.295
2.29
2.2852
2.2804
2.2758
2.2712
2.2667
2.2624
2.2581
2.2539
2.2498
2.2458
2.2418
2.2379
2.2342
2.2305
2.2268
2.2233
2.2198
2.2164
2.2131
2.2098
2.2067
2.2036
2.2005
2.1976
2.1947
2.1918
2.189
2.1863
2.1837
2.1811
2.1785
2.176
2.1736
2.1711
2.1687
2.1664
2.164
2.1617
2.1594
2.157
2.1547
2.1523
2.15
2.1475
2.1451
2.1426
2.14
2.1374
2.1347
2.1319
2.129
2.126
2.1228
2.1195
2.1161
2.1126
2.1088
2.1049
2.1007
2.0964
2.0918
2.087
2.0819
2.0766
2.0709
2.065
2.0587
2.052
2.045
2.0376
2.0298
2.0215
2.0127
2.0034
1.9935
1.9831
1.9721
1.9604
1.9479
1.9348
1.9208
1.9061
1.8905
1.8739
1.8565
1.8381
1.8187
1.7984
1.7771
1.7549
1.7318
1.7079
1.6831
1.6577
1.6316
1.6049
1.5778
1.5504
1.5226
1.4946
1.4666
1.4385
1.4105
1.3825
1.3548
1.3272
1.3
1.2731
1.2465
1.2203
1.1945
1.1692
1.1443
1.1199
1.096
1.0726
1.0497
1.0273
1.0054
.984
.9631
.9427
.9228
.9034
.8845
.8661
.8481
.8307
.8136
.7971
.7809
.7652
.75
.7351
.7206
.7065
.6928
.6795
.6665
.6539
.6416
.6296
.618
.6067
.5957
.5849
.5745
.5644
.5545
.5448
.5355
.5263
.5174
.5088
.5003
.4921
.4841
.4763
.4687
.4613
.454
.447
.4401
.4334
.4269
.4205
.4143
.4082
.4022
.3965
.3908
.3853
.3799
.3746
.3695
.3644
.3595
.3547
.35
.3454
.3409
.3365
.3322
.328
.3239
.3198
.3159
.312
.3082
.3045
.3009
.2974
.2939
.2905
.2871
.2838
.2806
.2775
.2744
.2713
.2684
.2655
.2626
.2598
.257
.2543
.2517
.2491
.2465
.244
.2415
.2391
.2367
.2344
.2321
.2298
.2276
.2254
.2233
.2212
.2191
.217
.215
.2131
.2111
.2092
.2073
.2055
.2037
.2019
.2001
.1984
.1967
.195
.1933
.1917
.1901
.1885
.187
.1854
.1839
.1824
.1809
.1795
.1781
.1767
.1753
.1739
.1726
.1712
.1699
.1686
.1674
.1661
.1649
.1637
.1624
.1613
.1601
.1589
.1578
.1567
.1555
.1544
.1534
.1523
.1512
.1502
.1492
.1481
.1471
.1461
.1452
.1442
.1432
.1423
.1414
.1404
.1395
.1386
.1377
.1368
.136
.1351
.1343
.1334
.1326
.1318
.131
.1302
.1294
.1286
.1278
.1271
.1263
.1256
.1248
.1241
.1234
.1226
.1219
.1212
.1205
.1198
.1192
.1185
.1178
.1172
.1165
.1159
.1152
.1146
.114
.1134
.1127
.1121
.1115
.1109
.1104
.1098
.1092
.1086
.1081
.1075
.1069
.1064
.1058
.1053
.1048
.1042
.1037
.1032
.1027
.1022
.1017
.1012
.1007
.1002
.0997
.0992
.0987
.0983
.0978
.0973
.0969
.0964
.096
.0955
.0951
.0946
.0942
.0938
.0933
.0929
.0925
.0921
.0917
.0912
.0908
.0904
.09
.0896
.0892
.0888
.0885
.0881
.0877
.0873
.0869
.0866
.0862
.0858
.0855
.0851
.0847
.0844
.084
.0837
.0833
.083
.0827
.0823
.082
.0817
.0813
.081
.0807
.0803
.08
.0797
.0794
.0791
.0788
.0785
.0781
.0778
.0775
.0772
.0769
.0766
.0764
.0761
.0758
.0755
.0752
.0749
.0746
.0744
.0741
.0738
.0735
.0733
.073
.0727
.0725
.0722
.0719
.0717
.0714
.0712
.0709
.0707
.0704
.0701
.0699
.0697
.0694
.0692
.0689
.0687
.0684
.0682
.068
.0677
.0675
.0673
.0671
.0668
.0666
.0664
.0662
.0659
.0657
.0655
.0653
.0651
.0648
.0646
.0644
.0642
.064
.0638
.0636
.0634
.0632
.063
.0628
.0626
.0624
.0622
.062
.0618
.0616
.0614
.0612
.061
.0608
.0606
.0604
.0603
.0601
.0599
.0597
.0595
.0593
.0592
.059
.0588
.0586
.0584
.0583
.0581
.0579
.0577
.0576
.0574
.0572
.0571
.0569
.0567
.0566
.0564
.0562
.0561
.0559
.0558
.0556
.0554
.0553
.0551
.055
.0548
.0547
.0545
.0544
.0542
.054
.0539
.0537
.0536
.0534
.0533
.0532
.053
.0529
.0527
.0526
.0524
.0523
.0521
.052
.0519
.0517
.0516
.0515
.0513
.0512
.051
.0509
.0508
.0506
.0505
.0504
.0502
.0501
.05
