3.9545
3.7363
3.531
3.3335
3.1397
2.9489
2.7654
2.5986
2.4596
2.3553
2.2844
2.2392
2.2108
2.1922
2.179
2.1687
2.1599
2.1518
2.1442
2.1367
2.1293
2.122
2.1147
2.1074
2.1002
2.0929
2.0856
2.0784
2.0711
2.0638
2.0565
2.0491
2.0418
2.0343
2.0269
2.0193
2.0117
2.004
1.9961
1.9882
1.9801
1.9719
1.9634
1.9548
1.946
1.9369
1.9276
1.918
1.9081
1.8979
1.8872
1.8762
1.8647
1.8528
1.8403
1.8272
1.8135
1.7991
1.784
1.768
1.7511
1.7333
1.7144
1.6943
1.673
1.6504
1.6264
1.6009
1.5739
1.5454
1.5154
1.4839
1.4511
1.4169
1.3816
1.3454
1.3085
1.2711
1.2334
1.1957
1.1582
1.1211
1.0845
1.0487
1.0138
.9798
.9468
.915
.8842
.8547
.8262
.7989
.7727
.7476
.7236
.7006
.6786
.6576
.6375
.6183
.5999
.5823
.5655
.5494
.534
.5193
.5052
.4917
.4788
.4664
.4545
.4431
.4322
.4217
.4116
.4019
.3925
.3836
.3749
.3666
.3586
.3509
.3435
.3363
.3294
.3227
.3163
.3101
.304
.2982
.2926
.2872
.2819
.2768
.2718
.2671
.2624
.2579
.2535
.2493
.2452
.2412
.2373
.2335
.2299
.2263
.2228
.2195
.2162
.213
.2099
.2069
.2039
.201
.1982
.1955
.1928
.1902
.1877
.1852
.1828
.1804
.1781
.1759
.1737
.1715
.1694
.1674
.1654
.1634
.1615
.1596
.1578
.1559
.1542
.1525
.1508
.1491
.1475
.1459
.1443
.1428
.1413
.1398
.1384
.137
.1356
.1342
.1329
.1315
.1303
.129
.1277
.1265
.1253
.1241
.123
.1219
.1207
.1196
.1186
.1175
.1164
.1154
.1144
.1134
.1124
.1115
.1105
.1096
.1087
.1078
.1069
.106
.1051
.1043
.1035
.1026
.1018
.101
.1002
.0995
.0987
.0979
.0972
.0965
.0957
.095
.0943
.0936
.093
.0923
.0916
.091
.0903
.0897
.089
.0884
.0878
.0872
.0866
.086
.0854
.0849
.0843
.0837
.0832
.0826
.0821
.0816
.081
.0805
.08
.0795
.079
.0785
.078
.0775
.0771
.0766
.0761
.0757
.0752
.0747
.0743
.0739
.0734
.073
.0726
.0721
.0717
.0713
.0709
.0705
.0701
.0697
.0693
.0689
.0686
.0682
.0678
.0674
.0671
.0667
.0663
.066
.0656
.0653
.0649
.0646
.0643
.0639
.0636
.0633
.063
.0626
.0623
.062
.0617
.0614
.0611
.0608
.0605
.0602
.0599
.0596
.0593
.059
.0587
.0584
.0582
.0579
.0576
.0573
.0571
.0568
.0565
.0563
.056
.0558
.0555
.0553
.055
.0548
.0545
.0543
.054
.0538
.0536
.0533
.0531
.0529
.0526
.0524
.0522
.0519
.0517
.0515
.0513
.0511
.0509
.0506
.0504
.0502
.05
.0498
