.5745
.572
.5696
.5673
.565
.5627
.5605
.5583
.5561
.5541
.5521
.5501
.5482
.5464
.5446
.5429
.5412
.5396
.5381
.5367
.5353
.5339
.5327
.5315
.5303
.5292
.5282
.5272
.5263
.5254
.5246
.5238
.5231
.5225
.5218
.5212
.5207
.5201
.5197
.5192
.5188
.5184
.518
.5177
.5174
.5171
.5168
.5166
.5163
.5161
.5159
.5157
.5155
.5154
.5152
.5151
.515
.5148
.5147
.5146
.5145
.5144
.5143
.5142
.5141
.5141
.514
.5139
.5139
.5138
.5137
.5137
.5136
.5136
.5135
.5135
.5134
.5134
.5133
.5133
.5132
.5132
.5131
.5131
.5131
.513
.513
.5129
.5129
.5129
.5128
.5128
.5127
.5127
.5126
.5126
.5126
.5125
.5125
.5124
.5124
.5124
.5123
.5123
.5122
.5122
.5121
.5121
.5121
.512
.512
.5119
.5119
.5118
.5118
.5118
.5117
.5117
.5116
.5116
.5115
.5115
.5114
.5114
.5113
.5113
.5113
.5112
.5112
.5111
.5111
.511
.511
.5109
.5109
.5108
.5108
.5107
.5107
.5106
.5106
.5105
.5105
.5104
.5104
.5103
.5103
.5102
.5102
.5101
.5101
.51
.5099
.5099
.5098
.5098
.5097
.5097
.5096
.5096
.5095
.5094
.5094
.5093
.5093
.5092
.5092
.5091
.509
.509
.5089
.5089
.5088
.5087
.5087
.5086
.5086
.5085
.5084
.5084
.5083
.5082
.5082
.5081
.5081
.508
.5079
.5079
.5078
.5077
.5077
.5076
.5075
.5075
.5074
.5073
.5073
.5072
.5071
.507
.507
.5069
.5068
.5068
.5067
.5066
.5066
.5065
.5064
.5063
.5063
.5062
.5061
.506
.506
.5059
.5058
.5057
.5057
.5056
.5055
.5054
.5053
.5053
.5052
.5051
.505
.5049
.5049
.5048
.5047
.5046
.5045
.5044
.5044
.5043
.5042
.5041
.504
.5039
.5038
.5037
.5037
.5036
.5035
.5034
.5033
.5032
.5031
.503
.5029
.5028
.5028
.5027
.5026
.5025
.5024
.5023
.5022
.5021
.502
.5019
.5018
.5017
.5016
.5015
.5014
.5013
.5012
.5011
.501
.5009
.5008
.5007
.5006
.5005
.5003
.5002
.5001
.5
.4999
.4998
.4997
.4996
.4995
.4994
.4992
.4991
.499
.4989
.4988
.4987
.4986
.4984
.4983
.4982
.4981
.498
.4978
.4977
.4976
.4975
.4974
.4972
.4971
.497
.4969
.4967
.4966
.4965
.4964
.4962
.4961
.496
.4958
.4957
.4956
.4954
.4953
.4952
.495
.4949
.4948
.4946
.4945
.4944
.4942
.4941
.4939
.4938
.4937
.4935
.4934
.4932
.4931
.4929
.4928
.4926
.4925
.4924
.4922
.4921
.4919
.4918
.4916
.4914
.4913
.4911
.491
.4908
.4907
.4905
.4904
.4902
.49
.4899
.4897
.4896
.4894
.4892
.4891
.4889
.4887
.4886
.4884
.4882
.4881
.4879
.4877
.4876
.4874
.4872
.487
.4869
.4867
.4865
.4863
.4862
.486
.4858
.4856
.4855
.4853
.4851
.4849
.4847
.4845
.4844
.4842
.484
.4838
.4836
.4834
.4832
.483
.4828
.4827
.4825
.4823
.4821
.4819
.4817
.4815
.4813
.4811
.4809
.4807
.4805
.4803
.4801
.4799
.4797
.4795
.4793
.4791
.4789
.4787
.4784
.4782
.478
.4778
.4776
.4774
.4772
.477
.4767
.4765
.4763
.4761
.4759
.4757
.4754
.4752
.475
.4748
.4746
.4743
.4741
.4739
.4737
.4734
.4732
.473
.4727
.4725
.4723
.472
.4718
.4716
.4714
.4711
.4709
.4706
.4704
.4702
.4699
.4697
.4695
.4692
.469
.4687
.4685
.4682
.468
.4678
.4675
.4673
.467
.4668
.4665
.4663
.466
.4658
.4655
.4653
.465
.4648
.4645
.4642
.464
.4637
.4635
.4632
.463
.4627
.4624
.4622
.4619
.4617
.4614
.4611
.4609
.4606
.4603
.4601
.4598
.4595
.4593
.459
.4587
.4584
.4582
.4579
.4576
.4574
.4571
.4568
.4565
.4563
.456
.4557
.4554
.4551
.4549
.4546
.4543
.454
.4537
.4535
.4532
.4529
.4526
.4523
.452
.4517
.4515
.4512
.4509
.4506
.4503
.45
.4497
.4494
.4491
.4488
.4486
.4483
.448
.4477
.4474
.4471
.4468
.4465
.4462
.4459
.4456
.4453
.445
.4447
.4444
.4441
.4438
.4435
.4432
.4429
.4426
.4423
.4419
.4416
.4413
.441
.4407
.4404
.4401
.4398
.4395
.4392
.4389
.4385
.4382
.4379
.4376
.4373
.437
.4367
.4363
.436
.4357
.4354
.4351
.4347
.4344
.4341
.4338
.4335
.4331
.4328
.4325
.4322
.4319
.4315
.4312
.4309
.4306
.4302
.4299
.4296
.4293
.4289
.4286
.4283
.4279
.4276
.4273
.4269
.4266
.4263
.426
.4256
.4253
.425
.4246
.4243
.4239
.4236
.4233
.4229
.4226
.4223
.4219
.4216
.4213
.4209
.4206
.4202
.4199
.4196
.4192
.4189
.4185
.4182
.4178
.4175
.4172
.4168
.4165
.4161
.4158
.4154
.4151
.4147
.4144
.414
.4137
.4133
.413
.4126
.4123
.4119
.4116
.4112
.4109
.4105
.4102
.4098
.4095
.4091
.4088
.4084
.4081
.4077
.4074
.407
.4066
.4063
.4059
.4056
.4052
.4049
.4045
.4041
.4038
.4034
.4031
.4027
.4023
.402
.4016
.4013
.4009
.4005
.4002
.3998
.3994
.3991
.3987
.3983
.398
.3976
.3972
.3969
.3965
.3961
.3958
.3954
.395
.3947
.3943
.3939
.3936
.3932
.3928
.3925
.3921
.3917
.3913
.391
.3906
.3902
.3898
.3895
.3891
.3887
.3884
.388
.3876
.3872
.3869
.3865
.3861
.3857
.3853
.385
.3846
.3842
.3838
.3835
.3831
.3827
.3823
.3819
.3816
.3812
.3808
.3804
.38
.3797
.3793
.3789
.3785
.3781
.3777
.3774
.377
.3766
.3762
.3758
.3754
.3751
.3747
.3743
.3739
.3735
.3731
.3728
.3724
.372
.3716
.3712
.3708
.3704
.37
.3697
.3693
.3689
.3685
.3681
.3677
.3673
.3669
.3665
.3662
.3658
.3654
.365
.3646
.3642
.3638
.3634
.363
.3626
.3623
.3619
.3615
.3611
.3607
.3603
.3599
.3595
.3591
.3587
.3583
.3579
.3576
.3572
.3568
.3564
.356
.3556
.3552
.3548
.3544
.354
.3536
.3532
.3528
.3524
.352
.3517
.3513
.3509
.3505
.3501
.3497
.3493
.3489
.3485
.3481
.3477
.3473
.3469
.3465
.3461
.3457
.3453
.345
.3446
.3442
.3438
.3434
.343
.3426
.3422
.3418
.3414
.341
.3406
.3402
.3398
.3394
.339
.3386
.3383
.3379
.3375
.3371
.3367
.3363
.3359
.3355
.3351
.3347
.3343
.3339
.3335
.3331
.3327
.3323
.332
.3316
.3312
.3308
.3304
.33
.3296
.3292
.3288
.3284
.328
.3276
.3273
.3269
.3265
.3261
.3257
.3253
.3249
.3245
.3241
.3237
.3234
.323
.3226
.3222
.3218
.3214
.321
.3206
.3202
.3199
.3195
.3191
.3187
.3183
.3179
.3175
.3171
.3168
.3164
.316
.3156
.3152
.3148
.3144
.3141
.3137
.3133
.3129
.3125
.3121
.3118
.3114
.311
.3106
.3102
.3099
.3095
.3091
.3087
.3083
.3079
.3076
.3072
.3068
.3064
.3061
.3057
.3053
.3049
.3045
.3042
.3038
.3034
.303
.3027
.3023
.3019
.3015
.3012
.3008
.3004
.3
.2997
.2993
.2989
.2985
.2982
.2978
.2974
.2971
.2967
.2963
.2959
.2956
.2952
.2948
.2945
.2941
.2937
.2934
.293
.2926
.2923
.2919
.2915
.2912
.2908
.2904
.2901
.2897
.2893
.289
.2886
.2883
.2879
.2875
.2872
.2868
.2864
.2861
.2857
.2854
.285
.2846
.2843
.2839
.2836
.2832
.2829
.2825
.2821
.2818
.2814
.2811
.2807
.2804
.28
.2797
.2793
.279
.2786
.2783
.2779
.2776
.2772
.2769
.2765
.2762
.2758
.2755
.2751
.2748
.2744
.2741
.2737
.2734
.273
.2727
.2723
.272
.2716
.2713
.271
.2706
.2703
.2699
.2696
.2693
.2689
.2686
.2682
.2679
.2676
.2672
.2669
.2665
.2662
.2659
.2655
.2652
.2649
.2645
.2642
.2638
.2635
.2632
.2628
.2625
.2622
.2619
.2615
.2612
.2609
.2605
.2602
.2599
.2595
.2592
.2589
.2586
.2582
.2579
.2576
.2572
.2569
.2566
.2563
.2559
.2556
.2553
.255
.2547
.2543
.254
.2537
.2534
.253
.2527
.2524
.2521
.2518
.2515
.2511
.2508
.2505
.2502
.2499
.2496
.2492
.2489
.2486
.2483
.248
.2477
.2474
.247
.2467
.2464
.2461
.2458
.2455
.2452
.2449
.2446
.2443
.2439
.2436
.2433
.243
.2427
.2424
.2421
.2418
.2415
.2412
.2409
.2406
.2403
.24
.2397
.2394
.2391
.2388
.2385
.2382
.2379
.2376
.2373
.237
.2367
.2364
.2361
.2358
.2355
.2352
.2349
.2346
.2343
.234
.2337
.2334
.2331
.2329
.2326
.2323
.232
.2317
.2314
.2311
.2308
.2305
.2302
.23
.2297
.2294
.2291
.2288
.2285
.2282
.2279
.2277
.2274
.2271
.2268
.2265
.2262
.226
.2257
.2254
.2251
.2248
.2246
.2243
.224
.2237
.2234
.2232
.2229
.2226
.2223
.2221
.2218
.2215
.2212
.221
.2207
.2204
.2201
.2199
.2196
.2193
.2191
.2188
.2185
.2182
.218
.2177
.2174
.2172
.2169
.2166
.2164
.2161
.2158
.2156
.2153
.215
.2148
.2145
.2142
.214
.2137
.2134
.2132
.2129
.2127
.2124
.2121
.2119
.2116
.2114
.2111
.2108
.2106
.2103
.2101
.2098
.2095
.2093
.209
.2088
.2085
.2083
.208
.2078
.2075
.2072
.207
.2067
.2065
.2062
.206
.2057
.2055
.2052
.205
.2047
.2045
.2042
.204
.2037
.2035
.2032
.203
.2028
.2025
.2023
.202
.2018
.2015
.2013
.201
.2008
.2006
.2003
.2001
.1998
.1996
.1993
.1991
.1989
.1986
.1984
.1981
.1979
.1977
.1974
.1972
.197
.1967
.1965
.1962
.196
.1958
.1955
.1953
.1951
.1948
.1946
.1944
.1941
.1939
.1937
.1934
.1932
.193
.1927
.1925
.1923
.1921
.1918
.1916
.1914
.1911
.1909
.1907
.1905
.1902
.19
.1898
.1896
.1893
.1891
.1889
.1887
.1884
.1882
.188
.1878
.1875
.1873
.1871
.1869
.1867
.1864
.1862
.186
.1858
.1856
.1853
.1851
.1849
.1847
.1845
.1842
.184
.1838
.1836
.1834
.1832
.1829
.1827
.1825
.1823
.1821
.1819
.1817
.1815
.1812
.181
.1808
.1806
.1804
.1802
.18
.1798
.1796
.1793
.1791
.1789
.1787
.1785
.1783
.1781
.1779
.1777
.1775
.1773
.1771
.1769
.1767
.1765
.1762
.176
.1758
.1756
.1754
.1752
.175
.1748
.1746
.1744
.1742
.174
.1738
.1736
.1734
.1732
.173
.1728
.1726
.1724
.1722
.172
.1718
.1716
.1714
.1712
.1711
.1709
.1707
.1705
.1703
.1701
.1699
.1697
.1695
.1693
.1691
.1689
.1687
.1685
.1683
.1682
.168
.1678
.1676
.1674
.1672
.167
.1668
.1666
.1664
.1663
.1661
.1659
.1657
.1655
.1653
.1651
.165
.1648
.1646
.1644
.1642
.164
.1638
.1637
.1635
.1633
.1631
.1629
.1627
.1626
.1624
.1622
.162
.1618
.1617
.1615
.1613
.1611
.1609
.1608
.1606
.1604
.1602
.16
.1599
.1597
.1595
.1593
.1592
.159
.1588
.1586
.1585
.1583
.1581
.1579
.1578
.1576
.1574
.1572
.1571
.1569
.1567
.1565
.1564
.1562
.156
.1559
.1557
.1555
.1553
.1552
.155
.1548
.1547
.1545
.1543
.1542
.154
.1538
.1537
.1535
.1533
.1532
.153
.1528
.1527
.1525
.1523
.1522
.152
.1518
.1517
.1515
.1513
.1512
.151
.1508
.1507
.1505
.1504
.1502
.15
.1499
.1497
.1495
.1494
.1492
.1491
.1489
.1487
.1486
.1484
.1483
.1481
.1479
.1478
.1476
.1475
.1473
.1472
.147
.1468
.1467
.1465
.1464
.1462
.1461
.1459
.1458
.1456
.1454
.1453
.1451
.145
.1448
.1447
.1445
.1444
.1442
.1441
.1439
.1438
.1436
.1435
.1433
.1432
.143
.1429
.1427
.1426
.1424
.1423
.1421
.142
.1418
.1417
.1415
.1414
.1412
.1411
.1409
.1408
.1406
.1405
.1403
.1402
.14
.1399
.1397
.1396
.1395
.1393
.1392
.139
.1389
.1387
.1386
.1384
.1383
.1382
.138
.1379
.1377
.1376
.1374
.1373
.1372
.137
.1369
.1367
.1366
.1365
.1363
.1362
.136
.1359
.1358
.1356
.1355
.1353
.1352
.1351
.1349
.1348
.1347
.1345
.1344
.1342
.1341
.134
.1338
.1337
.1336
.1334
.1333
.1332
.133
.1329
.1328
.1326
.1325
.1324
.1322
.1321
.1319
.1318
.1317
.1316
.1314
.1313
.1312
.131
.1309
.1308
.1306
.1305
.1304
.1302
.1301
.13
.1298
.1297
.1296
.1295
.1293
.1292
.1291
.1289
.1288
.1287
.1286
.1284
.1283
.1282
.128
.1279
.1278
.1277
.1275
.1274
.1273
.1272
.127
.1269
.1268
.1267
.1265
.1264
.1263
.1262
.126
.1259
.1258
.1257
.1255
.1254
.1253
.1252
.125
.1249
.1248
.1247
.1246
.1244
.1243
.1242
.1241
.124
.1238
.1237
.1236
.1235
.1233
.1232
.1231
.123
.1229
.1228
.1226
.1225
.1224
.1223
.1222
.122
.1219
.1218
.1217
.1216
.1215
.1213
.1212
.1211
.121
.1209
.1208
.1206
.1205
.1204
.1203
.1202
.1201
.1199
.1198
.1197
.1196
.1195
.1194
.1193
.1191
.119
.1189
.1188
.1187
.1186
.1185
.1184
.1182
.1181
.118
.1179
.1178
.1177
.1176
.1175
.1173
.1172
.1171
.117
.1169
.1168
.1167
.1166
.1165
.1164
.1162
.1161
.116
.1159
.1158
.1157
.1156
.1155
.1154
.1153
.1152
.1151
.1149
.1148
.1147
.1146
.1145
.1144
.1143
.1142
.1141
.114
.1139
.1138
.1137
.1136
.1135
.1134
.1133
.1131
.113
.1129
.1128
.1127
.1126
.1125
.1124
.1123
.1122
.1121
.112
.1119
.1118
.1117
.1116
.1115
.1114
.1113
.1112
.1111
.111
.1109
.1108
.1107
.1106
.1105
.1104
.1103
.1102
.1101
.11
.1099
.1098
.1097
.1096
.1095
.1094
.1093
.1092
.1091
.109
.1089
.1088
.1087
.1086
.1085
.1084
.1083
.1082
.1081
.108
.1079
.1078
.1077
.1076
.1075
.1074
.1073
.1072
.1071
.107
.1069
.1068
.1068
.1067
.1066
.1065
.1064
.1063
.1062
.1061
.106
.1059
.1058
.1057
.1056
.1055
.1054
.1053
.1052
.1051
.1051
.105
.1049
.1048
.1047
.1046
.1045
.1044
.1043
.1042
.1041
.104
.104
.1039
.1038
.1037
.1036
.1035
.1034
.1033
.1032
.1031
.103
.103
.1029
.1028
.1027
.1026
.1025
.1024
.1023
.1022
.1021
.1021
.102
.1019
.1018
.1017
.1016
.1015
.1014
.1014
.1013
.1012
.1011
.101
.1009
.1008
.1007
.1007
.1006
.1005
.1004
.1003
.1002
.1001
.1001
.1
.0999
.0998
.0997
.0996
.0995
.0995
.0994
.0993
.0992
.0991
.099
.0989
.0989
.0988
.0987
.0986
.0985
.0984
.0984
.0983
.0982
.0981
.098
.0979
.0979
.0978
.0977
.0976
.0975
.0974
.0974
.0973
.0972
.0971
.097
.097
.0969
.0968
.0967
.0966
.0966
.0965
.0964
.0963
.0962
.0961
.0961
.096
.0959
.0958
.0957
.0957
.0956
.0955
.0954
.0953
.0953
.0952
.0951
.095
.095
.0949
.0948
.0947
.0946
.0946
.0945
.0944
.0943
.0942
.0942
.0941
.094
.0939
.0939
.0938
.0937
.0936
.0936
.0935
.0934
.0933
.0932
.0932
.0931
.093
.0929
.0929
.0928
.0927
.0926
.0926
.0925
.0924
.0923
.0923
.0922
.0921
.092
.092
.0919
.0918
.0917
.0917
.0916
.0915
.0914
.0914
.0913
.0912
.0911
.0911
.091
.0909
.0909
.0908
.0907
.0906
.0906
.0905
.0904
.0903
.0903
.0902
.0901
.0901
.09
.0899
.0898
.0898
.0897
.0896
.0895
.0895
.0894
.0893
.0893
.0892
.0891
.0891
.089
.0889
.0888
.0888
.0887
.0886
.0886
.0885
.0884
.0883
.0883
.0882
.0881
.0881
.088
.0879
.0879
.0878
.0877
.0877
.0876
.0875
.0874
.0874
.0873
.0872
.0872
.0871
.087
.087
.0869
.0868
.0868
.0867
.0866
.0866
.0865
.0864
.0864
.0863
.0862
.0862
.0861
.086
.086
.0859
.0858
.0858
.0857
.0856
.0856
.0855
.0854
.0854
.0853
.0852
.0852
.0851
.085
.085
.0849
.0848
.0848
.0847
.0846
.0846
.0845
.0844
.0844
.0843
.0842
.0842
.0841
.0841
.084
.0839
.0839
.0838
.0837
.0837
.0836
.0835
.0835
.0834
.0833
.0833
.0832
.0832
.0831
.083
.083
.0829
.0828
.0828
.0827
.0827
.0826
.0825
.0825
.0824
.0823
.0823
.0822
.0822
.0821
.082
.082
.0819
.0818
.0818
.0817
.0817
.0816
.0815
.0815
.0814
.0814
.0813
.0812
.0812
.0811
.0811
.081
.0809
.0809
.0808
.0808
.0807
.0806
.0806
.0805
.0805
.0804
.0803
.0803
.0802
.0802
.0801
.08
.08
.0799
.0799
.0798
.0797
.0797
.0796
.0796
.0795
.0794
.0794
.0793
.0793
.0792
.0792
.0791
.079
.079
.0789
.0789
.0788
.0787
.0787
.0786
.0786
.0785
.0785
.0784
.0783
.0783
.0782
.0782
.0781
.0781
.078
.0779
.0779
.0778
.0778
.0777
.0777
.0776
.0776
.0775
.0774
.0774
.0773
.0773
.0772
.0772
.0771
.077
.077
.0769
.0769
.0768
.0768
.0767
.0767
.0766
.0766
.0765
.0764
.0764
.0763
.0763
.0762
.0762
.0761
.0761
.076
.076
.0759
.0758
.0758
.0757
.0757
.0756
.0756
.0755
.0755
.0754
.0754
.0753
.0753
.0752
.0751
.0751
.075
.075
.0749
.0749
.0748
.0748
.0747
.0747
.0746
.0746
.0745
.0745
.0744
.0744
.0743
.0742
.0742
.0741
.0741
.074
.074
.0739
.0739
.0738
.0738
.0737
.0737
.0736
.0736
.0735
.0735
.0734
.0734
.0733
.0733
.0732
.0732
.0731
.0731
.073
.073
.0729
.0729
.0728
.0728
.0727
.0727
.0726
.0726
.0725
.0725
.0724
.0724
.0723
.0723
.0722
.0722
.0721
.0721
.072
.072
.0719
.0719
.0718
.0718
.0717
.0717
.0716
.0716
.0715
.0715
.0714
.0714
.0713
.0713
.0712
.0712
.0711
.0711
.071
.071
.0709
.0709
.0708
.0708
.0707
.0707
.0706
.0706
.0705
.0705
.0704
.0704
.0704
.0703
.0703
.0702
.0702
.0701
.0701
.07
.07
.0699
.0699
.0698
.0698
.0697
.0697
.0696
.0696
.0695
.0695
.0695
.0694
.0694
.0693
.0693
.0692
.0692
.0691
.0691
.069
.069
.0689
.0689
.0689
.0688
.0688
.0687
.0687
.0686
.0686
.0685
.0685
.0684
.0684
.0683
.0683
.0683
.0682
.0682
.0681
.0681
.068
.068
.0679
.0679
.0679
.0678
.0678
.0677
.0677
.0676
.0676
.0675
.0675
.0675
.0674
.0674
.0673
.0673
.0672
.0672
.0671
.0671
.0671
.067
.067
.0669
.0669
.0668
.0668
.0667
.0667
.0667
.0666
.0666
.0665
.0665
.0664
.0664
.0664
.0663
.0663
.0662
.0662
.0661
.0661
.0661
.066
.066
.0659
.0659
.0658
.0658
.0658
.0657
.0657
.0656
.0656
.0655
.0655
.0655
.0654
.0654
.0653
.0653
.0652
.0652
.0652
.0651
.0651
.065
.065
.065
.0649
.0649
.0648
.0648
.0647
.0647
.0647
.0646
.0646
.0645
.0645
.0645
.0644
.0644
.0643
.0643
.0643
.0642
.0642
.0641
.0641
.0641
.064
.064
.0639
.0639
.0638
.0638
.0638
.0637
.0637
.0636
.0636
.0636
.0635
.0635
.0634
.0634
.0634
.0633
.0633
.0632
.0632
.0632
.0631
.0631
.063
.063
.063
.0629
.0629
.0628
.0628
.0628
.0627
.0627
.0627
.0626
.0626
.0625
.0625
.0625
.0624
.0624
.0623
.0623
.0623
.0622
.0622
.0621
.0621
.0621
.062
.062
.062
.0619
.0619
.0618
.0618
.0618
.0617
.0617
.0616
.0616
.0616
.0615
.0615
.0615
.0614
.0614
.0613
.0613
.0613
.0612
.0612
.0612
.0611
.0611
.061
.061
.061
.0609
.0609
.0609
.0608
.0608
.0607
.0607
.0607
.0606
.0606
.0606
.0605
.0605
.0604
.0604
.0604
.0603
.0603
.0603
.0602
.0602
.0602
.0601
.0601
.06
.06
.06
.0599
.0599
.0599
.0598
.0598
.0598
.0597
.0597
.0596
.0596
.0596
.0595
.0595
.0595
.0594
.0594
.0594
.0593
.0593
.0593
.0592
.0592
.0591
.0591
.0591
.059
.059
.059
.0589
.0589
.0589
.0588
.0588
.0588
.0587
.0587
.0586
.0586
.0586
.0585
.0585
.0585
.0584
.0584
.0584
.0583
.0583
.0583
.0582
.0582
.0582
.0581
.0581
.0581
.058
.058
.058
.0579
.0579
.0579
.0578
.0578
.0578
.0577
.0577
.0576
.0576
.0576
.0575
.0575
.0575
.0574
.0574
.0574
.0573
.0573
.0573
.0572
.0572
.0572
.0571
.0571
.0571
.057
.057
.057
.0569
.0569
.0569
.0568
.0568
.0568
.0567
.0567
.0567
.0566
.0566
.0566
.0565
.0565
.0565
.0564
.0564
.0564
.0563
.0563
.0563
.0562
.0562
.0562
.0561
.0561
.0561
.0561
.056
.056
.056
.0559
.0559
.0559
.0558
.0558
.0558
.0557
.0557
.0557
.0556
.0556
.0556
.0555
.0555
.0555
.0554
.0554
.0554
.0553
.0553
.0553
.0553
.0552
.0552
.0552
.0551
.0551
.0551
.055
.055
.055
.0549
.0549
.0549
.0548
.0548
.0548
.0547
.0547
.0547
.0547
.0546
.0546
.0546
.0545
.0545
.0545
.0544
.0544
.0544
.0543
.0543
.0543
.0543
.0542
.0542
.0542
.0541
.0541
.0541
.054
.054
.054
.0539
.0539
.0539
.0539
.0538
.0538
.0538
.0537
.0537
.0537
.0536
.0536
.0536
.0536
.0535
.0535
.0535
.0534
.0534
.0534
.0533
.0533
.0533
.0533
.0532
.0532
.0532
.0531
.0531
.0531
.053
.053
.053
.053
.0529
.0529
.0529
.0528
.0528
.0528
.0527
.0527
.0527
.0527
.0526
.0526
.0526
.0525
.0525
.0525
.0525
.0524
.0524
.0524
.0523
.0523
.0523
.0523
.0522
.0522
.0522
.0521
.0521
.0521
.0521
.052
.052
.052
.0519
.0519
.0519
.0519
.0518
.0518
.0518
.0517
.0517
.0517
.0517
.0516
.0516
.0516
.0515
.0515
.0515
.0515
.0514
.0514
.0514
.0513
.0513
.0513
.0513
.0512
.0512
.0512
.0511
.0511
.0511
.0511
.051
.051
.051
.051
.0509
.0509
.0509
.0508
.0508
.0508
.0508
.0507
.0507
.0507
.0507
.0506
.0506
.0506
.0505
.0505
.0505
.0505
.0504
.0504
.0504
.0504
.0503
.0503
.0503
.0502
.0502
.0502
.0502
.0501
.0501
.0501
.0501
.05
.05
