.6101
.6079
.6058
.6036
.6015
.5993
.5972
.5951
.593
.5909
.5888
.5867
.5847
.5826
.5806
.5787
.5767
.5748
.5729
.571
.5692
.5674
.5656
.5638
.5621
.5605
.5588
.5572
.5557
.5542
.5527
.5513
.5499
.5485
.5472
.546
.5448
.5436
.5425
.5414
.5403
.5393
.5384
.5375
.5366
.5358
.535
.5342
.5335
.5328
.5321
.5315
.5309
.5304
.5298
.5293
.5289
.5284
.528
.5276
.5272
.5269
.5265
.5262
.5259
.5257
.5254
.5252
.5249
.5247
.5245
.5243
.5241
.524
.5238
.5237
.5235
.5234
.5233
.5231
.523
.5229
.5228
.5227
.5226
.5226
.5225
.5224
.5223
.5223
.5222
.5221
.5221
.522
.522
.5219
.5218
.5218
.5217
.5217
.5217
.5216
.5216
.5215
.5215
.5214
.5214
.5214
.5213
.5213
.5212
.5212
.5212
.5211
.5211
.5211
.521
.521
.521
.5209
.5209
.5209
.5208
.5208
.5208
.5207
.5207
.5207
.5206
.5206
.5205
.5205
.5205
.5204
.5204
.5204
.5203
.5203
.5203
.5202
.5202
.5202
.5201
.5201
.5201
.52
.52
.52
.5199
.5199
.5199
.5198
.5198
.5197
.5197
.5197
.5196
.5196
.5196
.5195
.5195
.5195
.5194
.5194
.5193
.5193
.5193
.5192
.5192
.5192
.5191
.5191
.519
.519
.519
.5189
.5189
.5188
.5188
.5188
.5187
.5187
.5186
.5186
.5186
.5185
.5185
.5184
.5184
.5184
.5183
.5183
.5182
.5182
.5182
.5181
.5181
.518
.518
.5179
.5179
.5179
.5178
.5178
.5177
.5177
.5176
.5176
.5175
.5175
.5175
.5174
.5174
.5173
.5173
.5172
.5172
.5171
.5171
.5171
.517
.517
.5169
.5169
.5168
.5168
.5167
.5167
.5166
.5166
.5165
.5165
.5164
.5164
.5163
.5163
.5162
.5162
.5161
.5161
.516
.516
.5159
.5159
.5158
.5158
.5157
.5157
.5156
.5156
.5155
.5155
.5154
.5154
.5153
.5152
.5152
.5151
.5151
.515
.515
.5149
.5149
.5148
.5147
.5147
.5146
.5146
.5145
.5145
.5144
.5143
.5143
.5142
.5142
.5141
.514
.514
.5139
.5139
.5138
.5137
.5137
.5136
.5136
.5135
.5134
.5134
.5133
.5132
.5132
.5131
.513
.513
.5129
.5128
.5128
.5127
.5126
.5126
.5125
.5124
.5124
.5123
.5122
.5122
.5121
.512
.5119
.5119
.5118
.5117
.5117
.5116
.5115
.5114
.5114
.5113
.5112
.5111
.5111
.511
.5109
.5108
.5108
.5107
.5106
.5105
.5104
.5104
.5103
.5102
.5101
.51
.51
.5099
.5098
.5097
.5096
.5095
.5095
.5094
.5093
.5092
.5091
.509
.5089
.5089
.5088
.5087
.5086
.5085
.5084
.5083
.5082
.5081
.508
.5079
.5079
.5078
.5077
.5076
.5075
.5074
.5073
.5072
.5071
.507
.5069
.5068
.5067
.5066
.5065
.5064
.5063
.5062
.5061
.506
.5059
.5058
.5056
.5055
.5054
.5053
.5052
.5051
.505
.5049
.5048
.5047
.5046
.5044
.5043
.5042
.5041
.504
.5039
.5037
.5036
.5035
.5034
.5033
.5031
.503
.5029
.5028
.5027
.5025
.5024
.5023
.5022
.502
.5019
.5018
.5016
.5015
.5014
.5013
.5011
.501
.5009
.5007
.5006
.5005
.5003
.5002
.5
.4999
.4998
.4996
.4995
.4993
.4992
.4991
.4989
.4988
.4986
.4985
.4983
.4982
.498
.4979
.4977
.4976
.4974
.4973
.4971
.497
.4968
.4966
.4965
.4963
.4962
.496
.4959
.4957
.4955
.4954
.4952
.495
.4949
.4947
.4945
.4944
.4942
.494
.4939
.4937
.4935
.4933
.4932
.493
.4928
.4926
.4925
.4923
.4921
.4919
.4917
.4915
.4914
.4912
.491
.4908
.4906
.4904
.4902
.4901
.4899
.4897
.4895
.4893
.4891
.4889
.4887
.4885
.4883
.4881
.4879
.4877
.4875
.4873
.4871
.4869
.4867
.4865
.4863
.486
.4858
.4856
.4854
.4852
.485
.4848
.4846
.4843
.4841
.4839
.4837
.4835
.4832
.483
.4828
.4826
.4823
.4821
.4819
.4816
.4814
.4812
.481
.4807
.4805
.4803
.48
.4798
.4795
.4793
.4791
.4788
.4786
.4783
.4781
.4778
.4776
.4774
.4771
.4769
.4766
.4764
.4761
.4758
.4756
.4753
.4751
.4748
.4746
.4743
.474
.4738
.4735
.4733
.473
.4727
.4725
.4722
.4719
.4717
.4714
.4711
.4708
.4706
.4703
.47
.4698
.4695
.4692
.4689
.4686
.4684
.4681
.4678
.4675
.4672
.4669
.4667
.4664
.4661
.4658
.4655
.4652
.4649
.4646
.4643
.464
.4637
.4634
.4631
.4628
.4625
.4622
.4619
.4616
.4613
.461
.4607
.4604
.4601
.4598
.4595
.4592
.4589
.4585
.4582
.4579
.4576
.4573
.457
.4567
.4563
.456
.4557
.4554
.4551
.4547
.4544
.4541
.4538
.4534
.4531
.4528
.4524
.4521
.4518
.4515
.4511
.4508
.4505
.4501
.4498
.4494
.4491
.4488
.4484
.4481
.4477
.4474
.4471
.4467
.4464
.446
.4457
.4453
.445
.4446
.4443
.4439
.4436
.4432
.4429
.4425
.4422
.4418
.4415
.4411
.4407
.4404
.44
.4397
.4393
.439
.4386
.4382
.4379
.4375
.4371
.4368
.4364
.436
.4357
.4353
.4349
.4346
.4342
.4338
.4334
.4331
.4327
.4323
.4319
.4316
.4312
.4308
.4304
.4301
.4297
.4293
.4289
.4285
.4282
.4278
.4274
.427
.4266
.4262
.4259
.4255
.4251
.4247
.4243
.4239
.4235
.4231
.4228
.4224
.422
.4216
.4212
.4208
.4204
.42
.4196
.4192
.4188
.4184
.418
.4176
.4172
.4168
.4164
.416
.4156
.4152
.4148
.4144
.414
.4136
.4132
.4128
.4124
.412
.4116
.4112
.4108
.4104
.41
.4096
.4092
.4087
.4083
.4079
.4075
.4071
.4067
.4063
.4059
.4055
.405
.4046
.4042
.4038
.4034
.403
.4026
.4021
.4017
.4013
.4009
.4005
.4001
.3996
.3992
.3988
.3984
.398
.3975
.3971
.3967
.3963
.3959
.3954
.395
.3946
.3942
.3937
.3933
.3929
.3925
.3921
.3916
.3912
.3908
.3904
.3899
.3895
.3891
.3886
.3882
.3878
.3874
.3869
.3865
.3861
.3857
.3852
.3848
.3844
.3839
.3835
.3831
.3827
.3822
.3818
.3814
.3809
.3805
.3801
.3796
.3792
.3788
.3783
.3779
.3775
.377
.3766
.3762
.3758
.3753
.3749
.3745
.374
.3736
.3732
.3727
.3723
.3719
.3714
.371
.3706
.3701
.3697
.3692
.3688
.3684
.3679
.3675
.3671
.3666
.3662
.3658
.3653
.3649
.3645
.364
.3636
.3632
.3627
.3623
.3619
.3614
.361
.3606
.3601
.3597
.3592
.3588
.3584
.3579
.3575
.3571
.3566
.3562
.3558
.3553
.3549
.3545
.354
.3536
.3532
.3527
.3523
.3518
.3514
.351
.3505
.3501
.3497
.3492
.3488
.3484
.3479
.3475
.3471
.3466
.3462
.3458
.3453
.3449
.3445
.344
.3436
.3432
.3427
.3423
.3419
.3414
.341
.3406
.3401
.3397
.3393
.3389
.3384
.338
.3376
.3371
.3367
.3363
.3358
.3354
.335
.3345
.3341
.3337
.3333
.3328
.3324
.332
.3315
.3311
.3307
.3303
.3298
.3294
.329
.3285
.3281
.3277
.3273
.3268
.3264
.326
.3256
.3251
.3247
.3243
.3239
.3234
.323
.3226
.3222
.3218
.3213
.3209
.3205
.3201
.3196
.3192
.3188
.3184
.318
.3175
.3171
.3167
.3163
.3159
.3154
.315
.3146
.3142
.3138
.3133
.3129
.3125
.3121
.3117
.3113
.3109
.3104
.31
.3096
.3092
.3088
.3084
.308
.3075
.3071
.3067
.3063
.3059
.3055
.3051
.3047
.3043
.3038
.3034
.303
.3026
.3022
.3018
.3014
.301
.3006
.3002
.2998
.2994
.299
.2986
.2981
.2977
.2973
.2969
.2965
.2961
.2957
.2953
.2949
.2945
.2941
.2937
.2933
.2929
.2925
.2921
.2917
.2913
.2909
.2905
.2901
.2897
.2893
.289
.2886
.2882
.2878
.2874
.287
.2866
.2862
.2858
.2854
.285
.2846
.2842
.2839
.2835
.2831
.2827
.2823
.2819
.2815
.2811
.2808
.2804
.28
.2796
.2792
.2788
.2784
.2781
.2777
.2773
.2769
.2765
.2762
.2758
.2754
.275
.2746
.2743
.2739
.2735
.2731
.2727
.2724
.272
.2716
.2712
.2709
.2705
.2701
.2698
.2694
.269
.2686
.2683
.2679
.2675
.2672
.2668
.2664
.2661
.2657
.2653
.265
.2646
.2642
.2639
.2635
.2631
.2628
.2624
.262
.2617
.2613
.261
.2606
.2602
.2599
.2595
.2592
.2588
.2584
.2581
.2577
.2574
.257
.2567
.2563
.2559
.2556
.2552
.2549
.2545
.2542
.2538
.2535
.2531
.2528
.2524
.2521
.2517
.2514
.251
.2507
.2503
.25
.2497
.2493
.249
.2486
.2483
.2479
.2476
.2473
.2469
.2466
.2462
.2459
.2456
.2452
.2449
.2445
.2442
.2439
.2435
.2432
.2429
.2425
.2422
.2419
.2415
.2412
.2409
.2405
.2402
.2399
.2395
.2392
.2389
.2386
.2382
.2379
.2376
.2372
.2369
.2366
.2363
.2359
.2356
.2353
.235
.2347
.2343
.234
.2337
.2334
.233
.2327
.2324
.2321
.2318
.2315
.2311
.2308
.2305
.2302
.2299
.2296
.2293
.2289
.2286
.2283
.228
.2277
.2274
.2271
.2268
.2265
.2261
.2258
.2255
.2252
.2249
.2246
.2243
.224
.2237
.2234
.2231
.2228
.2225
.2222
.2219
.2216
.2213
.221
.2207
.2204
.2201
.2198
.2195
.2192
.2189
.2186
.2183
.218
.2177
.2174
.2171
.2168
.2165
.2162
.216
.2157
.2154
.2151
.2148
.2145
.2142
.2139
.2136
.2134
.2131
.2128
.2125
.2122
.2119
.2116
.2114
.2111
.2108
.2105
.2102
.21
.2097
.2094
.2091
.2088
.2086
.2083
.208
.2077
.2074
.2072
.2069
.2066
.2063
.2061
.2058
.2055
.2052
.205
.2047
.2044
.2042
.2039
.2036
.2034
.2031
.2028
.2025
.2023
.202
.2017
.2015
.2012
.2009
.2007
.2004
.2002
.1999
.1996
.1994
.1991
.1988
.1986
.1983
.1981
.1978
.1975
.1973
.197
.1968
.1965
.1963
.196
.1957
.1955
.1952
.195
.1947
.1945
.1942
.194
.1937
.1935
.1932
.193
.1927
.1925
.1922
.192
.1917
.1915
.1912
.191
.1907
.1905
.1902
.19
.1897
.1895
.1892
.189
.1888
.1885
.1883
.188
.1878
.1875
.1873
.1871
.1868
.1866
.1863
.1861
.1859
.1856
.1854
.1852
.1849
.1847
.1845
.1842
.184
.1837
.1835
.1833
.183
.1828
.1826
.1823
.1821
.1819
.1817
.1814
.1812
.181
.1807
.1805
.1803
.1801
.1798
.1796
.1794
.1791
.1789
.1787
.1785
.1782
.178
.1778
.1776
.1774
.1771
.1769
.1767
.1765
.1762
.176
.1758
.1756
.1754
.1751
.1749
.1747
.1745
.1743
.1741
.1738
.1736
.1734
.1732
.173
.1728
.1726
.1723
.1721
.1719
.1717
.1715
.1713
.1711
.1709
.1706
.1704
.1702
.17
.1698
.1696
.1694
.1692
.169
.1688
.1686
.1684
.1681
.1679
.1677
.1675
.1673
.1671
.1669
.1667
.1665
.1663
.1661
.1659
.1657
.1655
.1653
.1651
.1649
.1647
.1645
.1643
.1641
.1639
.1637
.1635
.1633
.1631
.1629
.1627
.1625
.1623
.1621
.1619
.1618
.1616
.1614
.1612
.161
.1608
.1606
.1604
.1602
.16
.1598
.1596
.1594
.1593
.1591
.1589
.1587
.1585
.1583
.1581
.1579
.1578
.1576
.1574
.1572
.157
.1568
.1566
.1565
.1563
.1561
.1559
.1557
.1555
.1554
.1552
.155
.1548
.1546
.1544
.1543
.1541
.1539
.1537
.1535
.1534
.1532
.153
.1528
.1526
.1525
.1523
.1521
.1519
.1518
.1516
.1514
.1512
.1511
.1509
.1507
.1505
.1504
.1502
.15
.1498
.1497
.1495
.1493
.1492
.149
.1488
.1486
.1485
.1483
.1481
.148
.1478
.1476
.1475
.1473
.1471
.147
.1468
.1466
.1465
.1463
.1461
.146
.1458
.1456
.1455
.1453
.1451
.145
.1448
.1446
.1445
.1443
.1442
.144
.1438
.1437
.1435
.1433
.1432
.143
.1429
.1427
.1425
.1424
.1422
.1421
.1419
.1417
.1416
.1414
.1413
.1411
.141
.1408
.1406
.1405
.1403
.1402
.14
.1399
.1397
.1396
.1394
.1393
.1391
.1389
.1388
.1386
.1385
.1383
.1382
.138
.1379
.1377
.1376
.1374
.1373
.1371
.137
.1368
.1367
.1365
.1364
.1362
.1361
.1359
.1358
.1356
.1355
.1353
.1352
.135
.1349
.1348
.1346
.1345
.1343
.1342
.134
.1339
.1337
.1336
.1335
.1333
.1332
.133
.1329
.1327
.1326
.1325
.1323
.1322
.132
.1319
.1317
.1316
.1315
.1313
.1312
.131
.1309
.1308
.1306
.1305
.1304
.1302
.1301
.1299
.1298
.1297
.1295
.1294
.1293
.1291
.129
.1288
.1287
.1286
.1284
.1283
.1282
.128
.1279
.1278
.1276
.1275
.1274
.1272
.1271
.127
.1268
.1267
.1266
.1264
.1263
.1262
.126
.1259
.1258
.1257
.1255
.1254
.1253
.1251
.125
.1249
.1247
.1246
.1245
.1244
.1242
.1241
.124
.1239
.1237
.1236
.1235
.1233
.1232
.1231
.123
.1228
.1227
.1226
.1225
.1223
.1222
.1221
.122
.1218
.1217
.1216
.1215
.1214
.1212
.1211
.121
.1209
.1207
.1206
.1205
.1204
.1203
.1201
.12
.1199
.1198
.1196
.1195
.1194
.1193
.1192
.1191
.1189
.1188
.1187
.1186
.1185
.1183
.1182
.1181
.118
.1179
.1178
.1176
.1175
.1174
.1173
.1172
.1171
.1169
.1168
.1167
.1166
.1165
.1164
.1162
.1161
.116
.1159
.1158
.1157
.1156
.1155
.1153
.1152
.1151
.115
.1149
.1148
.1147
.1146
.1144
.1143
.1142
.1141
.114
.1139
.1138
.1137
.1136
.1134
.1133
.1132
.1131
.113
.1129
.1128
.1127
.1126
.1125
.1124
.1122
.1121
.112
.1119
.1118
.1117
.1116
.1115
.1114
.1113
.1112
.1111
.111
.1109
.1108
.1106
.1105
.1104
.1103
.1102
.1101
.11
.1099
.1098
.1097
.1096
.1095
.1094
.1093
.1092
.1091
.109
.1089
.1088
.1087
.1086
.1085
.1084
.1083
.1082
.1081
.108
.1079
.1078
.1077
.1076
.1075
.1074
.1073
.1072
.1071
.107
.1069
.1068
.1067
.1066
.1065
.1064
.1063
.1062
.1061
.106
.1059
.1058
.1057
.1056
.1055
.1054
.1053
.1052
.1051
.105
.1049
.1048
.1047
.1046
.1045
.1044
.1043
.1042
.1041
.104
.1039
.1039
.1038
.1037
.1036
.1035
.1034
.1033
.1032
.1031
.103
.1029
.1028
.1027
.1026
.1025
.1024
.1024
.1023
.1022
.1021
.102
.1019
.1018
.1017
.1016
.1015
.1014
.1013
.1013
.1012
.1011
.101
.1009
.1008
.1007
.1006
.1005
.1004
.1004
.1003
.1002
.1001
.1
.0999
.0998
.0997
.0996
.0996
.0995
.0994
.0993
.0992
.0991
.099
.0989
.0989
.0988
.0987
.0986
.0985
.0984
.0983
.0983
.0982
.0981
.098
.0979
.0978
.0977
.0977
.0976
.0975
.0974
.0973
.0972
.0971
.0971
.097
.0969
.0968
.0967
.0966
.0966
.0965
.0964
.0963
.0962
.0961
.0961
.096
.0959
.0958
.0957
.0956
.0956
.0955
.0954
.0953
.0952
.0952
.0951
.095
.0949
.0948
.0948
.0947
.0946
.0945
.0944
.0943
.0943
.0942
.0941
.094
.094
.0939
.0938
.0937
.0936
.0936
.0935
.0934
.0933
.0932
.0932
.0931
.093
.0929
.0928
.0928
.0927
.0926
.0925
.0925
.0924
.0923
.0922
.0921
.0921
.092
.0919
.0918
.0918
.0917
.0916
.0915
.0915
.0914
.0913
.0912
.0912
.0911
.091
.0909
.0909
.0908
.0907
.0906
.0906
.0905
.0904
.0903
.0903
.0902
.0901
.09
.09
.0899
.0898
.0897
.0897
.0896
.0895
.0894
.0894
.0893
.0892
.0892
.0891
.089
.0889
.0889
.0888
.0887
.0886
.0886
.0885
.0884
.0884
.0883
.0882
.0881
.0881
.088
.0879
.0879
.0878
.0877
.0877
.0876
.0875
.0874
.0874
.0873
.0872
.0872
.0871
.087
.087
.0869
.0868
.0867
.0867
.0866
.0865
.0865
.0864
.0863
.0863
.0862
.0861
.0861
.086
.0859
.0858
.0858
.0857
.0856
.0856
.0855
.0854
.0854
.0853
.0852
.0852
.0851
.085
.085
.0849
.0848
.0848
.0847
.0846
.0846
.0845
.0844
.0844
.0843
.0842
.0842
.0841
.084
.084
.0839
.0839
.0838
.0837
.0837
.0836
.0835
.0835
.0834
.0833
.0833
.0832
.0831
.0831
.083
.0829
.0829
.0828
.0828
.0827
.0826
.0826
.0825
.0824
.0824
.0823
.0822
.0822
.0821
.0821
.082
.0819
.0819
.0818
.0817
.0817
.0816
.0816
.0815
.0814
.0814
.0813
.0812
.0812
.0811
.0811
.081
.0809
.0809
.0808
.0808
.0807
.0806
.0806
.0805
.0805
.0804
.0803
.0803
.0802
.0801
.0801
.08
.08
.0799
.0798
.0798
.0797
.0797
.0796
.0796
.0795
.0794
.0794
.0793
.0793
.0792
.0791
.0791
.079
.079
.0789
.0788
.0788
.0787
.0787
.0786
.0786
.0785
.0784
.0784
.0783
.0783
.0782
.0781
.0781
.078
.078
.0779
.0779
.0778
.0777
.0777
.0776
.0776
.0775
.0775
.0774
.0773
.0773
.0772
.0772
.0771
.0771
.077
.077
.0769
.0768
.0768
.0767
.0767
.0766
.0766
.0765
.0765
.0764
.0763
.0763
.0762
.0762
.0761
.0761
.076
.076
.0759
.0758
.0758
.0757
.0757
.0756
.0756
.0755
.0755
.0754
.0754
.0753
.0752
.0752
.0751
.0751
.075
.075
.0749
.0749
.0748
.0748
.0747
.0747
.0746
.0746
.0745
.0744
.0744
.0743
.0743
.0742
.0742
.0741
.0741
.074
.074
.0739
.0739
.0738
.0738
.0737
.0737
.0736
.0736
.0735
.0735
.0734
.0734
.0733
.0733
.0732
.0731
.0731
.073
.073
.0729
.0729
.0728
.0728
.0727
.0727
.0726
.0726
.0725
.0725
.0724
.0724
.0723
.0723
.0722
.0722
.0721
.0721
.072
.072
.0719
.0719
.0718
.0718
.0717
.0717
.0716
.0716
.0715
.0715
.0714
.0714
.0713
.0713
.0712
.0712
.0711
.0711
.0711
.071
.071
.0709
.0709
.0708
.0708
.0707
.0707
.0706
.0706
.0705
.0705
.0704
.0704
.0703
.0703
.0702
.0702
.0701
.0701
.07
.07
.07
.0699
.0699
.0698
.0698
.0697
.0697
.0696
.0696
.0695
.0695
.0694
.0694
.0693
.0693
.0692
.0692
.0692
.0691
.0691
.069
.069
.0689
.0689
.0688
.0688
.0687
.0687
.0686
.0686
.0686
.0685
.0685
.0684
.0684
.0683
.0683
.0682
.0682
.0681
.0681
.0681
.068
.068
.0679
.0679
.0678
.0678
.0677
.0677
.0677
.0676
.0676
.0675
.0675
.0674
.0674
.0673
.0673
.0673
.0672
.0672
.0671
.0671
.067
.067
.067
.0669
.0669
.0668
.0668
.0667
.0667
.0666
.0666
.0666
.0665
.0665
.0664
.0664
.0663
.0663
.0663
.0662
.0662
.0661
.0661
.066
.066
.066
.0659
.0659
.0658
.0658
.0657
.0657
.0657
.0656
.0656
.0655
.0655
.0655
.0654
.0654
.0653
.0653
.0652
.0652
.0652
.0651
.0651
.065
.065
.065
.0649
.0649
.0648
.0648
.0647
.0647
.0647
.0646
.0646
.0645
.0645
.0645
.0644
.0644
.0643
.0643
.0643
.0642
.0642
.0641
.0641
.0641
.064
.064
.0639
.0639
.0639
.0638
.0638
.0637
.0637
.0637
.0636
.0636
.0635
.0635
.0635
.0634
.0634
.0633
.0633
.0633
.0632
.0632
.0631
.0631
.0631
.063
.063
.0629
.0629
.0629
.0628
.0628
.0628
.0627
.0627
.0626
.0626
.0626
.0625
.0625
.0624
.0624
.0624
.0623
.0623
.0623
.0622
.0622
.0621
.0621
.0621
.062
.062
.0619
.0619
.0619
.0618
.0618
.0618
.0617
.0617
.0616
.0616
.0616
.0615
.0615
.0615
.0614
.0614
.0613
.0613
.0613
.0612
.0612
.0612
.0611
.0611
.061
.061
.061
.0609
.0609
.0609
.0608
.0608
.0608
.0607
.0607
.0606
.0606
.0606
.0605
.0605
.0605
.0604
.0604
.0604
.0603
.0603
.0602
.0602
.0602
.0601
.0601
.0601
.06
.06
.06
.0599
.0599
.0599
.0598
.0598
.0597
.0597
.0597
.0596
.0596
.0596
.0595
.0595
.0595
.0594
.0594
.0594
.0593
.0593
.0593
.0592
.0592
.0591
.0591
.0591
.059
.059
.059
.0589
.0589
.0589
.0588
.0588
.0588
.0587
.0587
.0587
.0586
.0586
.0586
.0585
.0585
.0585
.0584
.0584
.0584
.0583
.0583
.0583
.0582
.0582
.0582
.0581
.0581
.058
.058
.058
.0579
.0579
.0579
.0578
.0578
.0578
.0577
.0577
.0577
.0576
.0576
.0576
.0575
.0575
.0575
.0574
.0574
.0574
.0573
.0573
.0573
.0573
.0572
.0572
.0572
.0571
.0571
.0571
.057
.057
.057
.0569
.0569
.0569
.0568
.0568
.0568
.0567
.0567
.0567
.0566
.0566
.0566
.0565
.0565
.0565
.0564
.0564
.0564
.0563
.0563
.0563
.0562
.0562
.0562
.0562
.0561
.0561
.0561
.056
.056
.056
.0559
.0559
.0559
.0558
.0558
.0558
.0557
.0557
.0557
.0557
.0556
.0556
.0556
.0555
.0555
.0555
.0554
.0554
.0554
.0553
.0553
.0553
.0552
.0552
.0552
.0552
.0551
.0551
.0551
.055
.055
.055
.0549
.0549
.0549
.0549
.0548
.0548
.0548
.0547
.0547
.0547
.0546
.0546
.0546
.0545
.0545
.0545
.0545
.0544
.0544
.0544
.0543
.0543
.0543
.0543
.0542
.0542
.0542
.0541
.0541
.0541
.054
.054
.054
.054
.0539
.0539
.0539
.0538
.0538
.0538
.0537
.0537
.0537
.0537
.0536
.0536
.0536
.0535
.0535
.0535
.0535
.0534
.0534
.0534
.0533
.0533
.0533
.0533
.0532
.0532
.0532
.0531
.0531
.0531
.0531
.053
.053
.053
.0529
.0529
.0529
.0529
.0528
.0528
.0528
.0527
.0527
.0527
.0527
.0526
.0526
.0526
.0525
.0525
.0525
.0525
.0524
.0524
.0524
.0524
.0523
.0523
.0523
.0522
.0522
.0522
.0522
.0521
.0521
.0521
.052
.052
.052
.052
.0519
.0519
.0519
.0519
.0518
.0518
.0518
.0517
.0517
.0517
.0517
.0516
.0516
.0516
.0516
.0515
.0515
.0515
.0514
.0514
.0514
.0514
.0513
.0513
.0513
.0513
.0512
.0512
.0512
.0512
.0511
.0511
.0511
.051
.051
.051
.051
.0509
.0509
.0509
.0509
.0508
.0508
.0508
.0508
.0507
.0507
.0507
.0506
.0506
.0506
.0506
.0505
.0505
.0505
.0505
.0504
.0504
.0504
.0504
.0503
.0503
.0503
.0503
.0502
.0502
.0502
.0502
.0501
.0501
.0501
.0501
.05
.05
.05
