.6226
.6191
.6156
.6121
.6087
.6052
.6018
.5985
.5951
.5919
.5886
.5855
.5823
.5793
.5763
.5734
.5705
.5678
.5651
.5625
.5599
.5575
.5551
.5529
.5507
.5486
.5466
.5447
.5429
.5412
.5395
.538
.5365
.5351
.5338
.5326
.5314
.5304
.5293
.5284
.5275
.5266
.5259
.5251
.5245
.5238
.5233
.5227
.5222
.5217
.5213
.5209
.5205
.5202
.5199
.5196
.5193
.5191
.5188
.5186
.5184
.5182
.5181
.5179
.5178
.5176
.5175
.5174
.5173
.5172
.5171
.517
.5169
.5168
.5168
.5167
.5166
.5166
.5165
.5165
.5164
.5164
.5163
.5163
.5162
.5162
.5161
.5161
.5161
.516
.516
.516
.5159
.5159
.5159
.5158
.5158
.5158
.5157
.5157
.5157
.5156
.5156
.5156
.5156
.5155
.5155
.5155
.5154
.5154
.5154
.5154
.5153
.5153
.5153
.5153
.5152
.5152
.5152
.5151
.5151
.5151
.5151
.515
.515
.515
.5149
.5149
.5149
.5149
.5148
.5148
.5148
.5147
.5147
.5147
.5147
.5146
.5146
.5146
.5145
.5145
.5145
.5145
.5144
.5144
.5144
.5143
.5143
.5143
.5143
.5142
.5142
.5142
.5141
.5141
.5141
.5141
.514
.514
.514
.5139
.5139
.5139
.5138
.5138
.5138
.5138
.5137
.5137
.5137
.5136
.5136
.5136
.5135
.5135
.5135
.5134
.5134
.5134
.5134
.5133
.5133
.5133
.5132
.5132
.5132
.5131
.5131
.5131
.513
.513
.513
.5129
.5129
.5129
.5129
.5128
.5128
.5128
.5127
.5127
.5127
.5126
.5126
.5126
.5125
.5125
.5125
.5124
.5124
.5124
.5123
.5123
.5123
.5122
.5122
.5122
.5121
.5121
.5121
.5121
.512
.512
.512
.5119
.5119
.5119
.5118
.5118
.5118
.5117
.5117
.5117
.5116
.5116
.5116
.5115
.5115
.5115
.5114
.5114
.5114
.5113
.5113
.5113
.5112
.5112
.5112
.5111
.5111
.5111
.511
.511
.511
.5109
.5109
.5108
.5108
.5108
.5107
.5107
.5107
.5106
.5106
.5106
.5105
.5105
.5105
.5104
.5104
.5104
.5103
.5103
.5103
.5102
.5102
.5102
.5101
.5101
.51
.51
.51
.5099
.5099
.5099
.5098
.5098
.5098
.5097
.5097
.5097
.5096
.5096
.5095
.5095
.5095
.5094
.5094
.5094
.5093
.5093
.5093
.5092
.5092
.5091
.5091
.5091
.509
.509
.509
.5089
.5089
.5089
.5088
.5088
.5087
.5087
.5087
.5086
.5086
.5086
.5085
.5085
.5084
.5084
.5084
.5083
.5083
.5083
.5082
.5082
.5081
.5081
.5081
.508
.508
.5079
.5079
.5079
.5078
.5078
.5078
.5077
.5077
.5076
.5076
.5076
.5075
.5075
.5074
.5074
.5074
.5073
.5073
.5072
.5072
.5072
.5071
.5071
.507
.507
.507
.5069
.5069
.5068
.5068
.5068
.5067
.5067
.5066
.5066
.5065
.5065
.5065
.5064
.5064
.5063
.5063
.5063
.5062
.5062
.5061
.5061
.506
.506
.506
.5059
.5059
.5058
.5058
.5057
.5057
.5057
.5056
.5056
.5055
.5055
.5054
.5054
.5054
.5053
.5053
.5052
.5052
.5051
.5051
.5051
.505
.505
.5049
.5049
.5048
.5048
.5047
.5047
.5046
.5046
.5046
.5045
.5045
.5044
.5044
.5043
.5043
.5042
.5042
.5041
.5041
.504
.504
.504
.5039
.5039
.5038
.5038
.5037
.5037
.5036
.5036
.5035
.5035
.5034
.5034
.5033
.5033
.5032
.5032
.5031
.5031
.503
.503
.5029
.5029
.5028
.5028
.5027
.5027
.5026
.5026
.5025
.5025
.5024
.5024
.5023
.5023
.5022
.5022
.5021
.5021
.502
.502
.5019
.5019
.5018
.5017
.5017
.5016
.5016
.5015
.5015
.5014
.5014
.5013
.5013
.5012
.5012
.5011
.501
.501
.5009
.5009
.5008
.5008
.5007
.5007
.5006
.5005
.5005
.5004
.5004
.5003
.5003
.5002
.5001
.5001
.5
.5
.4999
.4998
.4998
.4997
.4997
.4996
.4995
.4995
.4994
.4994
.4993
.4992
.4992
.4991
.4991
.499
.4989
.4989
.4988
.4987
.4987
.4986
.4986
.4985
.4984
.4984
.4983
.4982
.4982
.4981
.498
.498
.4979
.4979
.4978
.4977
.4977
.4976
.4975
.4975
.4974
.4973
.4972
.4972
.4971
.497
.497
.4969
.4968
.4968
.4967
.4966
.4966
.4965
.4964
.4963
.4963
.4962
.4961
.4961
.496
.4959
.4958
.4958
.4957
.4956
.4956
.4955
.4954
.4953
.4953
.4952
.4951
.495
.495
.4949
.4948
.4947
.4946
.4946
.4945
.4944
.4943
.4943
.4942
.4941
.494
.4939
.4939
.4938
.4937
.4936
.4935
.4935
.4934
.4933
.4932
.4931
.493
.493
.4929
.4928
.4927
.4926
.4925
.4925
.4924
.4923
.4922
.4921
.492
.4919
.4919
.4918
.4917
.4916
.4915
.4914
.4913
.4912
.4911
.4911
.491
.4909
.4908
.4907
.4906
.4905
.4904
.4903
.4902
.4901
.49
.4899
.4899
.4898
.4897
.4896
.4895
.4894
.4893
.4892
.4891
.489
.4889
.4888
.4887
.4886
.4885
.4884
.4883
.4882
.4881
.488
.4879
.4878
.4877
.4876
.4875
.4874
.4873
.4872
.4871
.487
.4868
.4867
.4866
.4865
.4864
.4863
.4862
.4861
.486
.4859
.4858
.4857
.4855
.4854
.4853
.4852
.4851
.485
.4849
.4848
.4846
.4845
.4844
.4843
.4842
.4841
.484
.4838
.4837
.4836
.4835
.4834
.4833
.4831
.483
.4829
.4828
.4827
.4825
.4824
.4823
.4822
.482
.4819
.4818
.4817
.4815
.4814
.4813
.4812
.481
.4809
.4808
.4807
.4805
.4804
.4803
.4801
.48
.4799
.4798
.4796
.4795
.4794
.4792
.4791
.479
.4788
.4787
.4786
.4784
.4783
.4781
.478
.4779
.4777
.4776
.4775
.4773
.4772
.477
.4769
.4768
.4766
.4765
.4763
.4762
.4761
.4759
.4758
.4756
.4755
.4753
.4752
.475
.4749
.4747
.4746
.4744
.4743
.4742
.474
.4739
.4737
.4736
.4734
.4732
.4731
.4729
.4728
.4726
.4725
.4723
.4722
.472
.4719
.4717
.4716
.4714
.4712
.4711
.4709
.4708
.4706
.4704
.4703
.4701
.47
.4698
.4696
.4695
.4693
.4691
.469
.4688
.4687
.4685
.4683
.4682
.468
.4678
.4677
.4675
.4673
.4672
.467
.4668
.4666
.4665
.4663
.4661
.466
.4658
.4656
.4654
.4653
.4651
.4649
.4647
.4646
.4644
.4642
.464
.4639
.4637
.4635
.4633
.4632
.463
.4628
.4626
.4624
.4623
.4621
.4619
.4617
.4615
.4613
.4612
.461
.4608
.4606
.4604
.4602
.4601
.4599
.4597
.4595
.4593
.4591
.4589
.4587
.4586
.4584
.4582
.458
.4578
.4576
.4574
.4572
.457
.4568
.4567
.4565
.4563
.4561
.4559
.4557
.4555
.4553
.4551
.4549
.4547
.4545
.4543
.4541
.4539
.4537
.4535
.4533
.4531
.4529
.4527
.4525
.4523
.4521
.4519
.4517
.4515
.4513
.4511
.4509
.4507
.4505
.4503
.4501
.4499
.4497
.4495
.4493
.4491
.4489
.4487
.4485
.4483
.448
.4478
.4476
.4474
.4472
.447
.4468
.4466
.4464
.4462
.446
.4457
.4455
.4453
.4451
.4449
.4447
.4445
.4443
.4441
.4438
.4436
.4434
.4432
.443
.4428
.4426
.4423
.4421
.4419
.4417
.4415
.4413
.4411
.4408
.4406
.4404
.4402
.44
.4398
.4395
.4393
.4391
.4389
.4387
.4384
.4382
.438
.4378
.4376
.4373
.4371
.4369
.4367
.4365
.4362
.436
.4358
.4356
.4354
.4351
.4349
.4347
.4345
.4342
.434
.4338
.4336
.4334
.4331
.4329
.4327
.4325
.4322
.432
.4318
.4316
.4313
.4311
.4309
.4307
.4304
.4302
.43
.4297
.4295
.4293
.4291
.4288
.4286
.4284
.4282
.4279
.4277
.4275
.4272
.427
.4268
.4266
.4263
.4261
.4259
.4256
.4254
.4252
.425
.4247
.4245
.4243
.424
.4238
.4236
.4233
.4231
.4229
.4227
.4224
.4222
.422
.4217
.4215
.4213
.421
.4208
.4206
.4203
.4201
.4199
.4196
.4194
.4192
.4189
.4187
.4185
.4182
.418
.4178
.4175
.4173
.4171
.4168
.4166
.4164
.4161
.4159
.4157
.4154
.4152
.415
.4147
.4145
.4143
.414
.4138
.4136
.4133
.4131
.4129
.4126
.4124
.4121
.4119
.4117
.4114
.4112
.411
.4107
.4105
.4103
.41
.4098
.4095
.4093
.4091
.4088
.4086
.4084
.4081
.4079
.4076
.4074
.4072
.4069
.4067
.4065
.4062
.406
.4057
.4055
.4053
.405
.4048
.4046
.4043
.4041
.4038
.4036
.4034
.4031
.4029
.4026
.4024
.4022
.4019
.4017
.4014
.4012
.401
.4007
.4005
.4002
.4
.3998
.3995
.3993
.399
.3988
.3986
.3983
.3981
.3978
.3976
.3974
.3971
.3969
.3966
.3964
.3962
.3959
.3957
.3954
.3952
.395
.3947
.3945
.3942
.394
.3938
.3935
.3933
.393
.3928
.3925
.3923
.3921
.3918
.3916
.3913
.3911
.3909
.3906
.3904
.3901
.3899
.3896
.3894
.3892
.3889
.3887
.3884
.3882
.3879
.3877
.3875
.3872
.387
.3867
.3865
.3862
.386
.3858
.3855
.3853
.385
.3848
.3845
.3843
.3841
.3838
.3836
.3833
.3831
.3828
.3826
.3823
.3821
.3819
.3816
.3814
.3811
.3809
.3806
.3804
.3802
.3799
.3797
.3794
.3792
.3789
.3787
.3784
.3782
.378
.3777
.3775
.3772
.377
.3767
.3765
.3763
.376
.3758
.3755
.3753
.375
.3748
.3745
.3743
.3741
.3738
.3736
.3733
.3731
.3728
.3726
.3723
.3721
.3719
.3716
.3714
.3711
.3709
.3706
.3704
.3702
.3699
.3697
.3694
.3692
.3689
.3687
.3684
.3682
.368
.3677
.3675
.3672
.367
.3667
.3665
.3662
.366
.3658
.3655
.3653
.365
.3648
.3645
.3643
.3641
.3638
.3636
.3633
.3631
.3628
.3626
.3624
.3621
.3619
.3616
.3614
.3611
.3609
.3607
.3604
.3602
.3599
.3597
.3594
.3592
.359
.3587
.3585
.3582
.358
.3577
.3575
.3573
.357
.3568
.3565
.3563
.3561
.3558
.3556
.3553
.3551
.3548
.3546
.3544
.3541
.3539
.3536
.3534
.3532
.3529
.3527
.3524
.3522
.352
.3517
.3515
.3512
.351
.3508
.3505
.3503
.35
.3498
.3496
.3493
.3491
.3489
.3486
.3484
.3481
.3479
.3477
.3474
.3472
.3469
.3467
.3465
.3462
.346
.3458
.3455
.3453
.345
.3448
.3446
.3443
.3441
.3439
.3436
.3434
.3432
.3429
.3427
.3425
.3422
.342
.3417
.3415
.3413
.341
.3408
.3406
.3403
.3401
.3399
.3396
.3394
.3392
.3389
.3387
.3385
.3382
.338
.3378
.3375
.3373
.3371
.3368
.3366
.3364
.3361
.3359
.3357
.3355
.3352
.335
.3348
.3345
.3343
.3341
.3338
.3336
.3334
.3332
.3329
.3327
.3325
.3322
.332
.3318
.3316
.3313
.3311
.3309
.3306
.3304
.3302
.33
.3297
.3295
.3293
.329
.3288
.3286
.3284
.3281
.3279
.3277
.3275
.3272
.327
.3268
.3266
.3263
.3261
.3259
.3257
.3254
.3252
.325
.3248
.3245
.3243
.3241
.3239
.3237
.3234
.3232
.323
.3228
.3225
.3223
.3221
.3219
.3217
.3214
.3212
.321
.3208
.3205
.3203
.3201
.3199
.3197
.3194
.3192
.319
.3188
.3186
.3184
.3181
.3179
.3177
.3175
.3173
.317
.3168
.3166
.3164
.3162
.316
.3157
.3155
.3153
.3151
.3149
.3146
.3144
.3142
.314
.3138
.3136
.3134
.3131
.3129
.3127
.3125
.3123
.3121
.3118
.3116
.3114
.3112
.311
.3108
.3106
.3104
.3101
.3099
.3097
.3095
.3093
.3091
.3089
.3087
.3084
.3082
.308
.3078
.3076
.3074
.3072
.307
.3067
.3065
.3063
.3061
.3059
.3057
.3055
.3053
.3051
.3049
.3046
.3044
.3042
.304
.3038
.3036
.3034
.3032
.303
.3028
.3026
.3023
.3021
.3019
.3017
.3015
.3013
.3011
.3009
.3007
.3005
.3003
.3001
.2999
.2997
.2994
.2992
.299
.2988
.2986
.2984
.2982
.298
.2978
.2976
.2974
.2972
.297
.2968
.2966
.2964
.2962
.296
.2958
.2956
.2954
.2951
.2949
.2947
.2945
.2943
.2941
.2939
.2937
.2935
.2933
.2931
.2929
.2927
.2925
.2923
.2921
.2919
.2917
.2915
.2913
.2911
.2909
.2907
.2905
.2903
.2901
.2899
.2897
.2895
.2893
.2891
.2889
.2887
.2885
.2883
.2881
.2879
.2877
.2875
.2873
.2871
.2869
.2867
.2865
.2863
.2861
.2859
.2857
.2855
.2853
.2851
.2849
.2847
.2845
.2843
.2841
.2839
.2837
.2835
.2833
.2831
.2829
.2827
.2826
.2824
.2822
.282
.2818
.2816
.2814
.2812
.281
.2808
.2806
.2804
.2802
.28
.2798
.2796
.2794
.2792
.279
.2788
.2786
.2784
.2783
.2781
.2779
.2777
.2775
.2773
.2771
.2769
.2767
.2765
.2763
.2761
.2759
.2757
.2755
.2754
.2752
.275
.2748
.2746
.2744
.2742
.274
.2738
.2736
.2734
.2732
.273
.2729
.2727
.2725
.2723
.2721
.2719
.2717
.2715
.2713
.2711
.2709
.2707
.2706
.2704
.2702
.27
.2698
.2696
.2694
.2692
.269
.2688
.2687
.2685
.2683
.2681
.2679
.2677
.2675
.2673
.2671
.267
.2668
.2666
.2664
.2662
.266
.2658
.2656
.2654
.2653
.2651
.2649
.2647
.2645
.2643
.2641
.2639
.2638
.2636
.2634
.2632
.263
.2628
.2626
.2624
.2623
.2621
.2619
.2617
.2615
.2613
.2611
.261
.2608
.2606
.2604
.2602
.26
.2598
.2597
.2595
.2593
.2591
.2589
.2587
.2585
.2584
.2582
.258
.2578
.2576
.2574
.2572
.2571
.2569
.2567
.2565
.2563
.2561
.256
.2558
.2556
.2554
.2552
.255
.2548
.2547
.2545
.2543
.2541
.2539
.2537
.2536
.2534
.2532
.253
.2528
.2526
.2525
.2523
.2521
.2519
.2517
.2516
.2514
.2512
.251
.2508
.2506
.2505
.2503
.2501
.2499
.2497
.2495
.2494
.2492
.249
.2488
.2486
.2485
.2483
.2481
.2479
.2477
.2476
.2474
.2472
.247
.2468
.2466
.2465
.2463
.2461
.2459
.2457
.2456
.2454
.2452
.245
.2448
.2447
.2445
.2443
.2441
.2439
.2438
.2436
.2434
.2432
.243
.2429
.2427
.2425
.2423
.2422
.242
.2418
.2416
.2414
.2413
.2411
.2409
.2407
.2405
.2404
.2402
.24
.2398
.2396
.2395
.2393
.2391
.2389
.2388
.2386
.2384
.2382
.238
.2379
.2377
.2375
.2373
.2372
.237
.2368
.2366
.2364
.2363
.2361
.2359
.2357
.2356
.2354
.2352
.235
.2349
.2347
.2345
.2343
.2341
.234
.2338
.2336
.2334
.2333
.2331
.2329
.2327
.2326
.2324
.2322
.232
.2319
.2317
.2315
.2313
.2312
.231
.2308
.2306
.2305
.2303
.2301
.2299
.2298
.2296
.2294
.2292
.2291
.2289
.2287
.2285
.2284
.2282
.228
.2278
.2277
.2275
.2273
.2271
.227
.2268
.2266
.2264
.2263
.2261
.2259
.2257
.2256
.2254
.2252
.225
.2249
.2247
.2245
.2243
.2242
.224
.2238
.2237
.2235
.2233
.2231
.223
.2228
.2226
.2224
.2223
.2221
.2219
.2217
.2216
.2214
.2212
.2211
.2209
.2207
.2205
.2204
.2202
.22
.2198
.2197
.2195
.2193
.2192
.219
.2188
.2186
.2185
.2183
.2181
.218
.2178
.2176
.2174
.2173
.2171
.2169
.2168
.2166
.2164
.2162
.2161
.2159
.2157
.2156
.2154
.2152
.215
.2149
.2147
.2145
.2144
.2142
.214
.2139
.2137
.2135
.2133
.2132
.213
.2128
.2127
.2125
.2123
.2122
.212
.2118
.2116
.2115
.2113
.2111
.211
.2108
.2106
.2105
.2103
.2101
.2099
.2098
.2096
.2094
.2093
.2091
.2089
.2088
.2086
.2084
.2083
.2081
.2079
.2078
.2076
.2074
.2072
.2071
.2069
.2067
.2066
.2064
.2062
.2061
.2059
.2057
.2056
.2054
.2052
.2051
.2049
.2047
.2046
.2044
.2042
.2041
.2039
.2037
.2036
.2034
.2032
.2031
.2029
.2027
.2026
.2024
.2022
.2021
.2019
.2017
.2016
.2014
.2012
.2011
.2009
.2007
.2006
.2004
.2002
.2001
.1999
.1997
.1996
.1994
.1992
.1991
.1989
.1987
.1986
.1984
.1982
.1981
.1979
.1977
.1976
.1974
.1972
.1971
.1969
.1968
.1966
.1964
.1963
.1961
.1959
.1958
.1956
.1954
.1953
.1951
.1949
.1948
.1946
.1945
.1943
.1941
.194
.1938
.1936
.1935
.1933
.1931
.193
.1928
.1927
.1925
.1923
.1922
.192
.1918
.1917
.1915
.1914
.1912
.191
.1909
.1907
.1905
.1904
.1902
.1901
.1899
.1897
.1896
.1894
.1892
.1891
.1889
.1888
.1886
.1884
.1883
.1881
.188
.1878
.1876
.1875
.1873
.1872
.187
.1868
.1867
.1865
.1864
.1862
.186
.1859
.1857
.1855
.1854
.1852
.1851
.1849
.1848
.1846
.1844
.1843
.1841
.184
.1838
.1836
.1835
.1833
.1832
.183
.1828
.1827
.1825
.1824
.1822
.1821
.1819
.1817
.1816
.1814
.1813
.1811
.1809
.1808
.1806
.1805
.1803
.1802
.18
.1798
.1797
.1795
.1794
.1792
.1791
.1789
.1787
.1786
.1784
.1783
.1781
.178
.1778
.1777
.1775
.1773
.1772
.177
.1769
.1767
.1766
.1764
.1763
.1761
.1759
.1758
.1756
.1755
.1753
.1752
.175
.1749
.1747
.1746
.1744
.1742
.1741
.1739
.1738
.1736
.1735
.1733
.1732
.173
.1729
.1727
.1726
.1724
.1723
.1721
.1719
.1718
.1716
.1715
.1713
.1712
.171
.1709
.1707
.1706
.1704
.1703
.1701
.17
.1698
.1697
.1695
.1694
.1692
.1691
.1689
.1688
.1686
.1685
.1683
.1682
.168
.1679
.1677
.1676
.1674
.1673
.1671
.167
.1668
.1667
.1665
.1664
.1662
.1661
.1659
.1658
.1656
.1655
.1653
.1652
.165
.1649
.1647
.1646
.1644
.1643
.1641
.164
.1639
.1637
.1636
.1634
.1633
.1631
.163
.1628
.1627
.1625
.1624
.1622
.1621
.1619
.1618
.1617
.1615
.1614
.1612
.1611
.1609
.1608
.1606
.1605
.1603
.1602
.1601
.1599
.1598
.1596
.1595
.1593
.1592
.1591
.1589
.1588
.1586
.1585
.1583
.1582
.158
.1579
.1578
.1576
.1575
.1573
.1572
.157
.1569
.1568
.1566
.1565
.1563
.1562
.1561
.1559
.1558
.1556
.1555
.1553
.1552
.1551
.1549
.1548
.1546
.1545
.1544
.1542
.1541
.1539
.1538
.1537
.1535
.1534
.1532
.1531
.153
.1528
.1527
.1526
.1524
.1523
.1521
.152
.1519
.1517
.1516
.1514
.1513
.1512
.151
.1509
.1508
.1506
.1505
.1503
.1502
.1501
.1499
.1498
.1497
.1495
.1494
.1493
.1491
.149
.1488
.1487
.1486
.1484
.1483
.1482
.148
.1479
.1478
.1476
.1475
.1474
.1472
.1471
.147
.1468
.1467
.1466
.1464
.1463
.1462
.146
.1459
.1458
.1456
.1455
.1454
.1452
.1451
.145
.1448
.1447
.1446
.1444
.1443
.1442
.144
.1439
.1438
.1436
.1435
.1434
.1432
.1431
.143
.1429
.1427
.1426
.1425
.1423
.1422
.1421
.1419
.1418
.1417
.1416
.1414
.1413
.1412
.141
.1409
.1408
.1407
.1405
.1404
.1403
.1401
.14
.1399
.1398
.1396
.1395
.1394
.1392
.1391
.139
.1389
.1387
.1386
.1385
.1384
.1382
.1381
.138
.1379
.1377
.1376
.1375
.1373
.1372
.1371
.137
.1368
.1367
.1366
.1365
.1363
.1362
.1361
.136
.1359
.1357
.1356
.1355
.1354
.1352
.1351
.135
.1349
.1347
.1346
.1345
.1344
.1342
.1341
.134
.1339
.1338
.1336
.1335
.1334
.1333
.1332
.133
.1329
.1328
.1327
.1325
.1324
.1323
.1322
.1321
.1319
.1318
.1317
.1316
.1315
.1313
.1312
.1311
.131
.1309
.1307
.1306
.1305
.1304
.1303
.1302
.13
.1299
.1298
.1297
.1296
.1294
.1293
.1292
.1291
.129
.1289
.1287
.1286
.1285
.1284
.1283
.1282
.128
.1279
.1278
.1277
.1276
.1275
.1273
.1272
.1271
.127
.1269
.1268
.1266
.1265
.1264
.1263
.1262
.1261
.126
.1258
.1257
.1256
.1255
.1254
.1253
.1252
.125
.1249
.1248
.1247
.1246
.1245
.1244
.1243
.1241
.124
.1239
.1238
.1237
.1236
.1235
.1234
.1233
.1231
.123
.1229
.1228
.1227
.1226
.1225
.1224
.1223
.1221
.122
.1219
.1218
.1217
.1216
.1215
.1214
.1213
.1212
.121
.1209
.1208
.1207
.1206
.1205
.1204
.1203
.1202
.1201
.12
.1199
.1197
.1196
.1195
.1194
.1193
.1192
.1191
.119
.1189
.1188
.1187
.1186
.1185
.1184
.1182
.1181
.118
.1179
.1178
.1177
.1176
.1175
.1174
.1173
.1172
.1171
.117
.1169
.1168
.1167
.1166
.1165
.1164
.1163
.1161
.116
.1159
.1158
.1157
.1156
.1155
.1154
.1153
.1152
.1151
.115
.1149
.1148
.1147
.1146
.1145
.1144
.1143
.1142
.1141
.114
.1139
.1138
.1137
.1136
.1135
.1134
.1133
.1132
.1131
.113
.1129
.1128
.1127
.1126
.1125
.1124
.1123
.1122
.1121
.112
.1119
.1118
.1117
.1116
.1115
.1114
.1113
.1112
.1111
.111
.1109
.1108
.1107
.1106
.1105
.1104
.1103
.1102
.1101
.11
.1099
.1098
.1097
.1096
.1095
.1095
.1094
.1093
.1092
.1091
.109
.1089
.1088
.1087
.1086
.1085
.1084
.1083
.1082
.1081
.108
.1079
.1078
.1077
.1076
.1076
.1075
.1074
.1073
.1072
.1071
.107
.1069
.1068
.1067
.1066
.1065
.1064
.1063
.1062
.1062
.1061
.106
.1059
.1058
.1057
.1056
.1055
.1054
.1053
.1052
.1052
.1051
.105
.1049
.1048
.1047
.1046
.1045
.1044
.1043
.1042
.1042
.1041
.104
.1039
.1038
.1037
.1036
.1035
.1034
.1034
.1033
.1032
.1031
.103
.1029
.1028
.1027
.1026
.1026
.1025
.1024
.1023
.1022
.1021
.102
.1019
.1019
.1018
.1017
.1016
.1015
.1014
.1013
.1013
.1012
.1011
.101
.1009
.1008
.1007
.1007
.1006
.1005
.1004
.1003
.1002
.1001
.1001
.1
.0999
.0998
.0997
.0996
.0996
.0995
.0994
.0993
.0992
.0991
.0991
.099
.0989
.0988
.0987
.0986
.0986
.0985
.0984
.0983
.0982
.0981
.0981
.098
.0979
.0978
.0977
.0977
.0976
.0975
.0974
.0973
.0972
.0972
.0971
.097
.0969
.0968
.0968
.0967
.0966
.0965
.0964
.0964
.0963
.0962
.0961
.096
.096
.0959
.0958
.0957
.0956
.0956
.0955
.0954
.0953
.0953
.0952
.0951
.095
.0949
.0949
.0948
.0947
.0946
.0945
.0945
.0944
.0943
.0942
.0942
.0941
.094
.0939
.0939
.0938
.0937
.0936
.0936
.0935
.0934
.0933
.0932
.0932
.0931
.093
.0929
.0929
.0928
.0927
.0926
.0926
.0925
.0924
.0923
.0923
.0922
.0921
.092
.092
.0919
.0918
.0918
.0917
.0916
.0915
.0915
.0914
.0913
.0912
.0912
.0911
.091
.0909
.0909
.0908
.0907
.0907
.0906
.0905
.0904
.0904
.0903
.0902
.0902
.0901
.09
.0899
.0899
.0898
.0897
.0897
.0896
.0895
.0894
.0894
.0893
.0892
.0892
.0891
.089
.0889
.0889
.0888
.0887
.0887
.0886
.0885
.0885
.0884
.0883
.0882
.0882
.0881
.088
.088
.0879
.0878
.0878
.0877
.0876
.0876
.0875
.0874
.0874
.0873
.0872
.0872
.0871
.087
.087
.0869
.0868
.0868
.0867
.0866
.0865
.0865
.0864
.0863
.0863
.0862
.0861
.0861
.086
.086
.0859
.0858
.0858
.0857
.0856
.0856
.0855
.0854
.0854
.0853
.0852
.0852
.0851
.085
.085
.0849
.0848
.0848
.0847
.0846
.0846
.0845
.0845
.0844
.0843
.0843
.0842
.0841
.0841
.084
.0839
.0839
.0838
.0838
.0837
.0836
.0836
.0835
.0834
.0834
.0833
.0833
.0832
.0831
.0831
.083
.0829
.0829
.0828
.0828
.0827
.0826
.0826
.0825
.0824
.0824
.0823
.0823
.0822
.0821
.0821
.082
.082
.0819
.0818
.0818
.0817
.0817
.0816
.0815
.0815
.0814
.0814
.0813
.0812
.0812
.0811
.0811
.081
.0809
.0809
.0808
.0808
.0807
.0806
.0806
.0805
.0805
.0804
.0804
.0803
.0802
.0802
.0801
.0801
.08
.0799
.0799
.0798
.0798
.0797
.0797
.0796
.0795
.0795
.0794
.0794
.0793
.0793
.0792
.0791
.0791
.079
.079
.0789
.0789
.0788
.0787
.0787
.0786
.0786
.0785
.0785
.0784
.0783
.0783
.0782
.0782
.0781
.0781
.078
.078
.0779
.0778
.0778
.0777
.0777
.0776
.0776
.0775
.0775
.0774
.0774
.0773
.0772
.0772
.0771
.0771
.077
.077
.0769
.0769
.0768
.0768
.0767
.0766
.0766
.0765
.0765
.0764
.0764
.0763
.0763
.0762
.0762
.0761
.0761
.076
.076
.0759
.0759
.0758
.0757
.0757
.0756
.0756
.0755
.0755
.0754
.0754
.0753
.0753
.0752
.0752
.0751
.0751
.075
.075
.0749
.0749
.0748
.0748
.0747
.0747
.0746
.0746
.0745
.0745
.0744
.0744
.0743
.0743
.0742
.0741
.0741
.074
.074
.0739
.0739
.0738
.0738
.0737
.0737
.0736
.0736
.0735
.0735
.0734
.0734
.0733
.0733
.0733
.0732
.0732
.0731
.0731
.073
.073
.0729
.0729
.0728
.0728
.0727
.0727
.0726
.0726
.0725
.0725
.0724
.0724
.0723
.0723
.0722
.0722
.0721
.0721
.072
.072
.0719
.0719
.0718
.0718
.0718
.0717
.0717
.0716
.0716
.0715
.0715
.0714
.0714
.0713
.0713
.0712
.0712
.0711
.0711
.071
.071
.071
.0709
.0709
.0708
.0708
.0707
.0707
.0706
.0706
.0705
.0705
.0704
.0704
.0704
.0703
.0703
.0702
.0702
.0701
.0701
.07
.07
.0699
.0699
.0699
.0698
.0698
.0697
.0697
.0696
.0696
.0695
.0695
.0694
.0694
.0694
.0693
.0693
.0692
.0692
.0691
.0691
.069
.069
.069
.0689
.0689
.0688
.0688
.0687
.0687
.0687
.0686
.0686
.0685
.0685
.0684
.0684
.0683
.0683
.0683
.0682
.0682
.0681
.0681
.068
.068
.068
.0679
.0679
.0678
.0678
.0677
.0677
.0677
.0676
.0676
.0675
.0675
.0675
.0674
.0674
.0673
.0673
.0672
.0672
.0672
.0671
.0671
.067
.067
.0669
.0669
.0669
.0668
.0668
.0667
.0667
.0667
.0666
.0666
.0665
.0665
.0665
.0664
.0664
.0663
.0663
.0662
.0662
.0662
.0661
.0661
.066
.066
.066
.0659
.0659
.0658
.0658
.0658
.0657
.0657
.0656
.0656
.0656
.0655
.0655
.0654
.0654
.0654
.0653
.0653
.0652
.0652
.0652
.0651
.0651
.065
.065
.065
.0649
.0649
.0648
.0648
.0648
.0647
.0647
.0646
.0646
.0646
.0645
.0645
.0645
.0644
.0644
.0643
.0643
.0643
.0642
.0642
.0641
.0641
.0641
.064
.064
.064
.0639
.0639
.0638
.0638
.0638
.0637
.0637
.0637
.0636
.0636
.0635
.0635
.0635
.0634
.0634
.0633
.0633
.0633
.0632
.0632
.0632
.0631
.0631
.063
.063
.063
.0629
.0629
.0629
.0628
.0628
.0628
.0627
.0627
.0626
.0626
.0626
.0625
.0625
.0625
.0624
.0624
.0623
.0623
.0623
.0622
.0622
.0622
.0621
.0621
.0621
.062
.062
.062
.0619
.0619
.0618
.0618
.0618
.0617
.0617
.0617
.0616
.0616
.0616
.0615
.0615
.0615
.0614
.0614
.0613
.0613
.0613
.0612
.0612
.0612
.0611
.0611
.0611
.061
.061
.061
.0609
.0609
.0609
.0608
.0608
.0607
.0607
.0607
.0606
.0606
.0606
.0605
.0605
.0605
.0604
.0604
.0604
.0603
.0603
.0603
.0602
.0602
.0602
.0601
.0601
.0601
.06
.06
.06
.0599
.0599
.0599
.0598
.0598
.0598
.0597
.0597
.0597
.0596
.0596
.0596
.0595
.0595
.0595
.0594
.0594
.0594
.0593
.0593
.0593
.0592
.0592
.0592
.0591
.0591
.0591
.059
.059
.059
.0589
.0589
.0589
.0588
.0588
.0588
.0587
.0587
.0587
.0586
.0586
.0586
.0585
.0585
.0585
.0584
.0584
.0584
.0583
.0583
.0583
.0582
.0582
.0582
.0581
.0581
.0581
.0581
.058
.058
.058
.0579
.0579
.0579
.0578
.0578
.0578
.0577
.0577
.0577
.0576
.0576
.0576
.0575
.0575
.0575
.0575
.0574
.0574
.0574
.0573
.0573
.0573
.0572
.0572
.0572
.0571
.0571
.0571
.057
.057
.057
.057
.0569
.0569
.0569
.0568
.0568
.0568
.0567
.0567
.0567
.0566
.0566
.0566
.0566
.0565
.0565
.0565
.0564
.0564
.0564
.0563
.0563
.0563
.0563
.0562
.0562
.0562
.0561
.0561
.0561
.056
.056
.056
.056
.0559
.0559
.0559
.0558
.0558
.0558
.0557
.0557
.0557
.0557
.0556
.0556
.0556
.0555
.0555
.0555
.0555
.0554
.0554
.0554
.0553
.0553
.0553
.0552
.0552
.0552
.0552
.0551
.0551
.0551
.055
.055
.055
.055
.0549
.0549
.0549
.0548
.0548
.0548
.0548
.0547
.0547
.0547
.0546
.0546
.0546
.0546
.0545
.0545
.0545
.0544
.0544
.0544
.0544
.0543
.0543
.0543
.0542
.0542
.0542
.0542
.0541
.0541
.0541
.054
.054
.054
.054
.0539
.0539
.0539
.0539
.0538
.0538
.0538
.0537
.0537
.0537
.0537
.0536
.0536
.0536
.0535
.0535
.0535
.0535
.0534
.0534
.0534
.0534
.0533
.0533
.0533
.0532
.0532
.0532
.0532
.0531
.0531
.0531
.0531
.053
.053
.053
.0529
.0529
.0529
.0529
.0528
.0528
.0528
.0528
.0527
.0527
.0527
.0527
.0526
.0526
.0526
.0525
.0525
.0525
.0525
.0524
.0524
.0524
.0524
.0523
.0523
.0523
.0523
.0522
.0522
.0522
.0522
.0521
.0521
.0521
.052
.052
.052
.052
.0519
.0519
.0519
.0519
.0518
.0518
.0518
.0518
.0517
.0517
.0517
.0517
.0516
.0516
.0516
.0516
.0515
.0515
.0515
.0515
.0514
.0514
.0514
.0513
.0513
.0513
.0513
.0512
.0512
.0512
.0512
.0511
.0511
.0511
.0511
.051
.051
.051
.051
.0509
.0509
.0509
.0509
.0508
.0508
.0508
.0508
.0507
.0507
.0507
.0507
.0506
.0506
.0506
.0506
.0505
.0505
.0505
.0505
.0504
.0504
.0504
.0504
.0503
.0503
.0503
.0503
.0502
.0502
.0502
.0502
.0502
.0501
.0501
.0501
.0501
.05
.05
.05
