.5862
.5845
.5828
.5812
.5796
.5779
.5763
.5747
.5731
.5716
.57
.5685
.567
.5655
.564
.5626
.5611
.5597
.5584
.557
.5557
.5544
.5531
.5519
.5506
.5495
.5483
.5472
.5461
.545
.544
.543
.542
.541
.5401
.5392
.5384
.5375
.5367
.536
.5352
.5345
.5338
.5332
.5325
.5319
.5313
.5308
.5302
.5297
.5292
.5287
.5283
.5279
.5275
.5271
.5267
.5263
.526
.5257
.5254
.5251
.5248
.5245
.5242
.524
.5238
.5235
.5233
.5231
.5229
.5227
.5226
.5224
.5222
.522
.5219
.5217
.5216
.5215
.5213
.5212
.5211
.521
.5208
.5207
.5206
.5205
.5204
.5203
.5202
.5201
.52
.5199
.5198
.5197
.5196
.5195
.5194
.5193
.5192
.5191
.5191
.519
.5189
.5188
.5187
.5186
.5185
.5185
.5184
.5183
.5182
.5181
.518
.5179
.5178
.5178
.5177
.5176
.5175
.5174
.5173
.5172
.5171
.517
.5169
.5169
.5168
.5167
.5166
.5165
.5164
.5163
.5162
.5161
.516
.5159
.5158
.5157
.5156
.5155
.5154
.5153
.5152
.5151
.515
.5149
.5148
.5147
.5146
.5144
.5143
.5142
.5141
.514
.5139
.5138
.5137
.5135
.5134
.5133
.5132
.5131
.513
.5128
.5127
.5126
.5125
.5123
.5122
.5121
.512
.5118
.5117
.5116
.5114
.5113
.5112
.511
.5109
.5108
.5106
.5105
.5104
.5102
.5101
.5099
.5098
.5096
.5095
.5093
.5092
.509
.5089
.5087
.5086
.5084
.5083
.5081
.508
.5078
.5077
.5075
.5073
.5072
.507
.5068
.5067
.5065
.5063
.5062
.506
.5058
.5057
.5055
.5053
.5051
.505
.5048
.5046
.5044
.5042
.504
.5039
.5037
.5035
.5033
.5031
.5029
.5027
.5025
.5023
.5021
.5019
.5017
.5015
.5013
.5011
.5009
.5007
.5005
.5003
.5001
.4999
.4997
.4994
.4992
.499
.4988
.4986
.4984
.4981
.4979
.4977
.4975
.4972
.497
.4968
.4965
.4963
.4961
.4958
.4956
.4953
.4951
.4949
.4946
.4944
.4941
.4939
.4936
.4934
.4931
.4929
.4926
.4924
.4921
.4918
.4916
.4913
.491
.4908
.4905
.4902
.49
.4897
.4894
.4892
.4889
.4886
.4883
.488
.4878
.4875
.4872
.4869
.4866
.4863
.486
.4857
.4855
.4852
.4849
.4846
.4843
.484
.4837
.4834
.483
.4827
.4824
.4821
.4818
.4815
.4812
.4809
.4806
.4802
.4799
.4796
.4793
.4789
.4786
.4783
.478
.4776
.4773
.477
.4766
.4763
.476
.4756
.4753
.475
.4746
.4743
.4739
.4736
.4732
.4729
.4725
.4722
.4718
.4715
.4711
.4708
.4704
.4701
.4697
.4693
.469
.4686
.4682
.4679
.4675
.4671
.4668
.4664
.466
.4657
.4653
.4649
.4645
.4642
.4638
.4634
.463
.4626
.4622
.4619
.4615
.4611
.4607
.4603
.4599
.4595
.4591
.4587
.4584
.458
.4576
.4572
.4568
.4564
.456
.4556
.4552
.4548
.4544
.4539
.4535
.4531
.4527
.4523
.4519
.4515
.4511
.4507
.4503
.4498
.4494
.449
.4486
.4482
.4478
.4473
.4469
.4465
.4461
.4457
.4452
.4448
.4444
.444
.4435
.4431
.4427
.4423
.4418
.4414
.441
.4405
.4401
.4397
.4392
.4388
.4384
.4379
.4375
.4371
.4366
.4362
.4358
.4353
.4349
.4345
.434
.4336
.4331
.4327
.4323
.4318
.4314
.4309
.4305
.43
.4296
.4291
.4287
.4283
.4278
.4274
.4269
.4265
.426
.4256
.4251
.4247
.4242
.4238
.4233
.4229
.4224
.422
.4215
.4211
.4206
.4202
.4197
.4193
.4188
.4184
.4179
.4175
.417
.4166
.4161
.4156
.4152
.4147
.4143
.4138
.4134
.4129
.4125
.412
.4116
.4111
.4106
.4102
.4097
.4093
.4088
.4084
.4079
.4074
.407
.4065
.4061
.4056
.4052
.4047
.4043
.4038
.4033
.4029
.4024
.402
.4015
.401
.4006
.4001
.3997
.3992
.3988
.3983
.3978
.3974
.3969
.3965
.396
.3956
.3951
.3946
.3942
.3937
.3933
.3928
.3924
.3919
.3915
.391
.3905
.3901
.3896
.3892
.3887
.3883
.3878
.3873
.3869
.3864
.386
.3855
.3851
.3846
.3842
.3837
.3833
.3828
.3823
.3819
.3814
.381
.3805
.3801
.3796
.3792
.3787
.3783
.3778
.3774
.3769
.3765
.376
.3756
.3751
.3747
.3742
.3738
.3733
.3729
.3724
.372
.3715
.3711
.3706
.3702
.3697
.3693
.3688
.3684
.3679
.3675
.367
.3666
.3661
.3657
.3653
.3648
.3644
.3639
.3635
.363
.3626
.3622
.3617
.3613
.3608
.3604
.3599
.3595
.3591
.3586
.3582
.3577
.3573
.3569
.3564
.356
.3555
.3551
.3547
.3542
.3538
.3534
.3529
.3525
.3521
.3516
.3512
.3508
.3503
.3499
.3495
.349
.3486
.3482
.3477
.3473
.3469
.3464
.346
.3456
.3451
.3447
.3443
.3439
.3434
.343
.3426
.3422
.3417
.3413
.3409
.3404
.34
.3396
.3392
.3388
.3383
.3379
.3375
.3371
.3366
.3362
.3358
.3354
.335
.3345
.3341
.3337
.3333
.3329
.3325
.332
.3316
.3312
.3308
.3304
.33
.3295
.3291
.3287
.3283
.3279
.3275
.3271
.3267
.3262
.3258
.3254
.325
.3246
.3242
.3238
.3234
.323
.3226
.3222
.3218
.3214
.321
.3205
.3201
.3197
.3193
.3189
.3185
.3181
.3177
.3173
.3169
.3165
.3161
.3157
.3153
.3149
.3145
.3141
.3137
.3133
.313
.3126
.3122
.3118
.3114
.311
.3106
.3102
.3098
.3094
.309
.3086
.3082
.3079
.3075
.3071
.3067
.3063
.3059
.3055
.3051
.3048
.3044
.304
.3036
.3032
.3028
.3025
.3021
.3017
.3013
.3009
.3006
.3002
.2998
.2994
.299
.2987
.2983
.2979
.2975
.2972
.2968
.2964
.296
.2957
.2953
.2949
.2945
.2942
.2938
.2934
.2931
.2927
.2923
.292
.2916
.2912
.2909
.2905
.2901
.2898
.2894
.289
.2887
.2883
.2879
.2876
.2872
.2869
.2865
.2861
.2858
.2854
.2851
.2847
.2843
.284
.2836
.2833
.2829
.2826
.2822
.2819
.2815
.2811
.2808
.2804
.2801
.2797
.2794
.279
.2787
.2783
.278
.2777
.2773
.277
.2766
.2763
.2759
.2756
.2752
.2749
.2745
.2742
.2739
.2735
.2732
.2728
.2725
.2722
.2718
.2715
.2711
.2708
.2705
.2701
.2698
.2695
.2691
.2688
.2685
.2681
.2678
.2675
.2671
.2668
.2665
.2661
.2658
.2655
.2652
.2648
.2645
.2642
.2638
.2635
.2632
.2629
.2625
.2622
.2619
.2616
.2613
.2609
.2606
.2603
.26
.2597
.2593
.259
.2587
.2584
.2581
.2577
.2574
.2571
.2568
.2565
.2562
.2559
.2555
.2552
.2549
.2546
.2543
.254
.2537
.2534
.2531
.2528
.2524
.2521
.2518
.2515
.2512
.2509
.2506
.2503
.25
.2497
.2494
.2491
.2488
.2485
.2482
.2479
.2476
.2473
.247
.2467
.2464
.2461
.2458
.2455
.2452
.2449
.2446
.2443
.244
.2437
.2435
.2432
.2429
.2426
.2423
.242
.2417
.2414
.2411
.2408
.2406
.2403
.24
.2397
.2394
.2391
.2388
.2386
.2383
.238
.2377
.2374
.2371
.2369
.2366
.2363
.236
.2357
.2355
.2352
.2349
.2346
.2343
.2341
.2338
.2335
.2332
.233
.2327
.2324
.2321
.2319
.2316
.2313
.2311
.2308
.2305
.2302
.23
.2297
.2294
.2292
.2289
.2286
.2284
.2281
.2278
.2276
.2273
.227
.2268
.2265
.2262
.226
.2257
.2255
.2252
.2249
.2247
.2244
.2242
.2239
.2236
.2234
.2231
.2229
.2226
.2224
.2221
.2218
.2216
.2213
.2211
.2208
.2206
.2203
.2201
.2198
.2196
.2193
.2191
.2188
.2186
.2183
.2181
.2178
.2176
.2173
.2171
.2168
.2166
.2163
.2161
.2158
.2156
.2153
.2151
.2149
.2146
.2144
.2141
.2139
.2136
.2134
.2132
.2129
.2127
.2124
.2122
.212
.2117
.2115
.2112
.211
.2108
.2105
.2103
.2101
.2098
.2096
.2094
.2091
.2089
.2087
.2084
.2082
.208
.2077
.2075
.2073
.207
.2068
.2066
.2063
.2061
.2059
.2057
.2054
.2052
.205
.2048
.2045
.2043
.2041
.2038
.2036
.2034
.2032
.203
.2027
.2025
.2023
.2021
.2018
.2016
.2014
.2012
.201
.2007
.2005
.2003
.2001
.1999
.1996
.1994
.1992
.199
.1988
.1986
.1983
.1981
.1979
.1977
.1975
.1973
.1971
.1968
.1966
.1964
.1962
.196
.1958
.1956
.1954
.1951
.1949
.1947
.1945
.1943
.1941
.1939
.1937
.1935
.1933
.1931
.1929
.1926
.1924
.1922
.192
.1918
.1916
.1914
.1912
.191
.1908
.1906
.1904
.1902
.19
.1898
.1896
.1894
.1892
.189
.1888
.1886
.1884
.1882
.188
.1878
.1876
.1874
.1872
.187
.1868
.1866
.1864
.1862
.186
.1858
.1856
.1854
.1852
.1851
.1849
.1847
.1845
.1843
.1841
.1839
.1837
.1835
.1833
.1831
.1829
.1827
.1826
.1824
.1822
.182
.1818
.1816
.1814
.1812
.1811
.1809
.1807
.1805
.1803
.1801
.1799
.1797
.1796
.1794
.1792
.179
.1788
.1786
.1785
.1783
.1781
.1779
.1777
.1776
.1774
.1772
.177
.1768
.1766
.1765
.1763
.1761
.1759
.1758
.1756
.1754
.1752
.175
.1749
.1747
.1745
.1743
.1742
.174
.1738
.1736
.1735
.1733
.1731
.1729
.1728
.1726
.1724
.1722
.1721
.1719
.1717
.1715
.1714
.1712
.171
.1709
.1707
.1705
.1704
.1702
.17
.1698
.1697
.1695
.1693
.1692
.169
.1688
.1687
.1685
.1683
.1682
.168
.1678
.1677
.1675
.1673
.1672
.167
.1668
.1667
.1665
.1664
.1662
.166
.1659
.1657
.1655
.1654
.1652
.1651
.1649
.1647
.1646
.1644
.1642
.1641
.1639
.1638
.1636
.1635
.1633
.1631
.163
.1628
.1627
.1625
.1623
.1622
.162
.1619
.1617
.1616
.1614
.1613
.1611
.1609
.1608
.1606
.1605
.1603
.1602
.16
.1599
.1597
.1596
.1594
.1592
.1591
.1589
.1588
.1586
.1585
.1583
.1582
.158
.1579
.1577
.1576
.1574
.1573
.1571
.157
.1568
.1567
.1565
.1564
.1562
.1561
.156
.1558
.1557
.1555
.1554
.1552
.1551
.1549
.1548
.1546
.1545
.1543
.1542
.1541
.1539
.1538
.1536
.1535
.1533
.1532
.1531
.1529
.1528
.1526
.1525
.1523
.1522
.1521
.1519
.1518
.1516
.1515
.1514
.1512
.1511
.1509
.1508
.1507
.1505
.1504
.1502
.1501
.15
.1498
.1497
.1495
.1494
.1493
.1491
.149
.1489
.1487
.1486
.1485
.1483
.1482
.148
.1479
.1478
.1476
.1475
.1474
.1472
.1471
.147
.1468
.1467
.1466
.1464
.1463
.1462
.146
.1459
.1458
.1456
.1455
.1454
.1453
.1451
.145
.1449
.1447
.1446
.1445
.1443
.1442
.1441
.1439
.1438
.1437
.1436
.1434
.1433
.1432
.143
.1429
.1428
.1427
.1425
.1424
.1423
.1422
.142
.1419
.1418
.1417
.1415
.1414
.1413
.1412
.141
.1409
.1408
.1407
.1405
.1404
.1403
.1402
.14
.1399
.1398
.1397
.1395
.1394
.1393
.1392
.1391
.1389
.1388
.1387
.1386
.1384
.1383
.1382
.1381
.138
.1378
.1377
.1376
.1375
.1374
.1372
.1371
.137
.1369
.1368
.1366
.1365
.1364
.1363
.1362
.1361
.1359
.1358
.1357
.1356
.1355
.1354
.1352
.1351
.135
.1349
.1348
.1347
.1345
.1344
.1343
.1342
.1341
.134
.1339
.1337
.1336
.1335
.1334
.1333
.1332
.1331
.1329
.1328
.1327
.1326
.1325
.1324
.1323
.1322
.132
.1319
.1318
.1317
.1316
.1315
.1314
.1313
.1312
.131
.1309
.1308
.1307
.1306
.1305
.1304
.1303
.1302
.1301
.1299
.1298
.1297
.1296
.1295
.1294
.1293
.1292
.1291
.129
.1289
.1288
.1286
.1285
.1284
.1283
.1282
.1281
.128
.1279
.1278
.1277
.1276
.1275
.1274
.1273
.1272
.1271
.127
.1268
.1267
.1266
.1265
.1264
.1263
.1262
.1261
.126
.1259
.1258
.1257
.1256
.1255
.1254
.1253
.1252
.1251
.125
.1249
.1248
.1247
.1246
.1245
.1244
.1243
.1242
.1241
.124
.1239
.1238
.1237
.1236
.1235
.1234
.1233
.1232
.1231
.123
.1229
.1228
.1227
.1226
.1225
.1224
.1223
.1222
.1221
.122
.1219
.1218
.1217
.1216
.1215
.1214
.1213
.1212
.1211
.121
.1209
.1208
.1207
.1206
.1205
.1204
.1203
.1202
.1202
.1201
.12
.1199
.1198
.1197
.1196
.1195
.1194
.1193
.1192
.1191
.119
.1189
.1188
.1187
.1186
.1185
.1185
.1184
.1183
.1182
.1181
.118
.1179
.1178
.1177
.1176
.1175
.1174
.1173
.1173
.1172
.1171
.117
.1169
.1168
.1167
.1166
.1165
.1164
.1163
.1163
.1162
.1161
.116
.1159
.1158
.1157
.1156
.1155
.1154
.1154
.1153
.1152
.1151
.115
.1149
.1148
.1147
.1146
.1146
.1145
.1144
.1143
.1142
.1141
.114
.1139
.1139
.1138
.1137
.1136
.1135
.1134
.1133
.1133
.1132
.1131
.113
.1129
.1128
.1127
.1126
.1126
.1125
.1124
.1123
.1122
.1121
.1121
.112
.1119
.1118
.1117
.1116
.1115
.1115
.1114
.1113
.1112
.1111
.111
.111
.1109
.1108
.1107
.1106
.1105
.1105
.1104
.1103
.1102
.1101
.11
.11
.1099
.1098
.1097
.1096
.1096
.1095
.1094
.1093
.1092
.1091
.1091
.109
.1089
.1088
.1087
.1087
.1086
.1085
.1084
.1083
.1083
.1082
.1081
.108
.1079
.1079
.1078
.1077
.1076
.1075
.1075
.1074
.1073
.1072
.1072
.1071
.107
.1069
.1068
.1068
.1067
.1066
.1065
.1065
.1064
.1063
.1062
.1061
.1061
.106
.1059
.1058
.1058
.1057
.1056
.1055
.1054
.1054
.1053
.1052
.1051
.1051
.105
.1049
.1048
.1048
.1047
.1046
.1045
.1045
.1044
.1043
.1042
.1042
.1041
.104
.1039
.1039
.1038
.1037
.1036
.1036
.1035
.1034
.1033
.1033
.1032
.1031
.1031
.103
.1029
.1028
.1028
.1027
.1026
.1025
.1025
.1024
.1023
.1022
.1022
.1021
.102
.102
.1019
.1018
.1017
.1017
.1016
.1015
.1015
.1014
.1013
.1012
.1012
.1011
.101
.101
.1009
.1008
.1007
.1007
.1006
.1005
.1005
.1004
.1003
.1003
.1002
.1001
.1
.1
.0999
.0998
.0998
.0997
.0996
.0996
.0995
.0994
.0993
.0993
.0992
.0991
.0991
.099
.0989
.0989
.0988
.0987
.0987
.0986
.0985
.0985
.0984
.0983
.0983
.0982
.0981
.0981
.098
.0979
.0979
.0978
.0977
.0976
.0976
.0975
.0974
.0974
.0973
.0972
.0972
.0971
.097
.097
.0969
.0969
.0968
.0967
.0967
.0966
.0965
.0965
.0964
.0963
.0963
.0962
.0961
.0961
.096
.0959
.0959
.0958
.0957
.0957
.0956
.0955
.0955
.0954
.0954
.0953
.0952
.0952
.0951
.095
.095
.0949
.0948
.0948
.0947
.0947
.0946
.0945
.0945
.0944
.0943
.0943
.0942
.0941
.0941
.094
.094
.0939
.0938
.0938
.0937
.0936
.0936
.0935
.0935
.0934
.0933
.0933
.0932
.0931
.0931
.093
.093
.0929
.0928
.0928
.0927
.0927
.0926
.0925
.0925
.0924
.0924
.0923
.0922
.0922
.0921
.092
.092
.0919
.0919
.0918
.0917
.0917
.0916
.0916
.0915
.0914
.0914
.0913
.0913
.0912
.0911
.0911
.091
.091
.0909
.0909
.0908
.0907
.0907
.0906
.0906
.0905
.0904
.0904
.0903
.0903
.0902
.0901
.0901
.09
.09
.0899
.0899
.0898
.0897
.0897
.0896
.0896
.0895
.0895
.0894
.0893
.0893
.0892
.0892
.0891
.0891
.089
.0889
.0889
.0888
.0888
.0887
.0887
.0886
.0885
.0885
.0884
.0884
.0883
.0883
.0882
.0881
.0881
.088
.088
.0879
.0879
.0878
.0878
.0877
.0876
.0876
.0875
.0875
.0874
.0874
.0873
.0873
.0872
.0871
.0871
.087
.087
.0869
.0869
.0868
.0868
.0867
.0867
.0866
.0865
.0865
.0864
.0864
.0863
.0863
.0862
.0862
.0861
.0861
.086
.086
.0859
.0858
.0858
.0857
.0857
.0856
.0856
.0855
.0855
.0854
.0854
.0853
.0853
.0852
.0852
.0851
.085
.085
.0849
.0849
.0848
.0848
.0847
.0847
.0846
.0846
.0845
.0845
.0844
.0844
.0843
.0843
.0842
.0842
.0841
.0841
.084
.084
.0839
.0839
.0838
.0838
.0837
.0836
.0836
.0835
.0835
.0834
.0834
.0833
.0833
.0832
.0832
.0831
.0831
.083
.083
.0829
.0829
.0828
.0828
.0827
.0827
.0826
.0826
.0825
.0825
.0824
.0824
.0823
.0823
.0822
.0822
.0821
.0821
.082
.082
.0819
.0819
.0818
.0818
.0817
.0817
.0816
.0816
.0815
.0815
.0814
.0814
.0814
.0813
.0813
.0812
.0812
.0811
.0811
.081
.081
.0809
.0809
.0808
.0808
.0807
.0807
.0806
.0806
.0805
.0805
.0804
.0804
.0803
.0803
.0802
.0802
.0801
.0801
.0801
.08
.08
.0799
.0799
.0798
.0798
.0797
.0797
.0796
.0796
.0795
.0795
.0794
.0794
.0793
.0793
.0793
.0792
.0792
.0791
.0791
.079
.079
.0789
.0789
.0788
.0788
.0787
.0787
.0787
.0786
.0786
.0785
.0785
.0784
.0784
.0783
.0783
.0782
.0782
.0782
.0781
.0781
.078
.078
.0779
.0779
.0778
.0778
.0777
.0777
.0777
.0776
.0776
.0775
.0775
.0774
.0774
.0773
.0773
.0773
.0772
.0772
.0771
.0771
.077
.077
.0769
.0769
.0769
.0768
.0768
.0767
.0767
.0766
.0766
.0765
.0765
.0765
.0764
.0764
.0763
.0763
.0762
.0762
.0762
.0761
.0761
.076
.076
.0759
.0759
.0758
.0758
.0758
.0757
.0757
.0756
.0756
.0755
.0755
.0755
.0754
.0754
.0753
.0753
.0752
.0752
.0752
.0751
.0751
.075
.075
.075
.0749
.0749
.0748
.0748
.0747
.0747
.0747
.0746
.0746
.0745
.0745
.0744
.0744
.0744
.0743
.0743
.0742
.0742
.0742
.0741
.0741
.074
.074
.074
.0739
.0739
.0738
.0738
.0737
.0737
.0737
.0736
.0736
.0735
.0735
.0735
.0734
.0734
.0733
.0733
.0733
.0732
.0732
.0731
.0731
.0731
.073
.073
.0729
.0729
.0729
.0728
.0728
.0727
.0727
.0727
.0726
.0726
.0725
.0725
.0725
.0724
.0724
.0723
.0723
.0723
.0722
.0722
.0721
.0721
.0721
.072
.072
.0719
.0719
.0719
.0718
.0718
.0717
.0717
.0717
.0716
.0716
.0715
.0715
.0715
.0714
.0714
.0714
.0713
.0713
.0712
.0712
.0712
.0711
.0711
.071
.071
.071
.0709
.0709
.0709
.0708
.0708
.0707
.0707
.0707
.0706
.0706
.0706
.0705
.0705
.0704
.0704
.0704
.0703
.0703
.0702
.0702
.0702
.0701
.0701
.0701
.07
.07
.0699
.0699
.0699
.0698
.0698
.0698
.0697
.0697
.0697
.0696
.0696
.0695
.0695
.0695
.0694
.0694
.0694
.0693
.0693
.0692
.0692
.0692
.0691
.0691
.0691
.069
.069
.069
.0689
.0689
.0688
.0688
.0688
.0687
.0687
.0687
.0686
.0686
.0686
.0685
.0685
.0684
.0684
.0684
.0683
.0683
.0683
.0682
.0682
.0682
.0681
.0681
.0681
.068
.068
.0679
.0679
.0679
.0678
.0678
.0678
.0677
.0677
.0677
.0676
.0676
.0676
.0675
.0675
.0675
.0674
.0674
.0673
.0673
.0673
.0672
.0672
.0672
.0671
.0671
.0671
.067
.067
.067
.0669
.0669
.0669
.0668
.0668
.0668
.0667
.0667
.0667
.0666
.0666
.0666
.0665
.0665
.0664
.0664
.0664
.0663
.0663
.0663
.0662
.0662
.0662
.0661
.0661
.0661
.066
.066
.066
.0659
.0659
.0659
.0658
.0658
.0658
.0657
.0657
.0657
.0656
.0656
.0656
.0655
.0655
.0655
.0654
.0654
.0654
.0653
.0653
.0653
.0652
.0652
.0652
.0651
.0651
.0651
.065
.065
.065
.0649
.0649
.0649
.0648
.0648
.0648
.0647
.0647
.0647
.0647
.0646
.0646
.0646
.0645
.0645
.0645
.0644
.0644
.0644
.0643
.0643
.0643
.0642
.0642
.0642
.0641
.0641
.0641
.064
.064
.064
.0639
.0639
.0639
.0638
.0638
.0638
.0638
.0637
.0637
.0637
.0636
.0636
.0636
.0635
.0635
.0635
.0634
.0634
.0634
.0633
.0633
.0633
.0632
.0632
.0632
.0632
.0631
.0631
.0631
.063
.063
.063
.0629
.0629
.0629
.0628
.0628
.0628
.0628
.0627
.0627
.0627
.0626
.0626
.0626
.0625
.0625
.0625
.0624
.0624
.0624
.0624
.0623
.0623
.0623
.0622
.0622
.0622
.0621
.0621
.0621
.062
.062
.062
.062
.0619
.0619
.0619
.0618
.0618
.0618
.0617
.0617
.0617
.0617
.0616
.0616
.0616
.0615
.0615
.0615
.0615
.0614
.0614
.0614
.0613
.0613
.0613
.0612
.0612
.0612
.0612
.0611
.0611
.0611
.061
.061
.061
.0609
.0609
.0609
.0609
.0608
.0608
.0608
.0607
.0607
.0607
.0607
.0606
.0606
.0606
.0605
.0605
.0605
.0605
.0604
.0604
.0604
.0603
.0603
.0603
.0603
.0602
.0602
.0602
.0601
.0601
.0601
.0601
.06
.06
.06
.0599
.0599
.0599
.0599
.0598
.0598
.0598
.0597
.0597
.0597
.0597
.0596
.0596
.0596
.0595
.0595
.0595
.0595
.0594
.0594
.0594
.0593
.0593
.0593
.0593
.0592
.0592
.0592
.0592
.0591
.0591
.0591
.059
.059
.059
.059
.0589
.0589
.0589
.0589
.0588
.0588
.0588
.0587
.0587
.0587
.0587
.0586
.0586
.0586
.0586
.0585
.0585
.0585
.0584
.0584
.0584
.0584
.0583
.0583
.0583
.0583
.0582
.0582
.0582
.0581
.0581
.0581
.0581
.058
.058
.058
.058
.0579
.0579
.0579
.0578
.0578
.0578
.0578
.0577
.0577
.0577
.0577
.0576
.0576
.0576
.0576
.0575
.0575
.0575
.0575
.0574
.0574
.0574
.0573
.0573
.0573
.0573
.0572
.0572
.0572
.0572
.0571
.0571
.0571
.0571
.057
.057
.057
.057
.0569
.0569
.0569
.0569
.0568
.0568
.0568
.0567
.0567
.0567
.0567
.0566
.0566
.0566
.0566
.0565
.0565
.0565
.0565
.0564
.0564
.0564
.0564
.0563
.0563
.0563
.0563
.0562
.0562
.0562
.0562
.0561
.0561
.0561
.0561
.056
.056
.056
.056
.0559
.0559
.0559
.0559
.0558
.0558
.0558
.0558
.0557
.0557
.0557
.0557
.0556
.0556
.0556
.0556
.0555
.0555
.0555
.0555
.0554
.0554
.0554
.0554
.0553
.0553
.0553
.0553
.0552
.0552
.0552
.0552
.0551
.0551
.0551
.0551
.055
.055
.055
.055
.0549
.0549
.0549
.0549
.0549
.0548
.0548
.0548
.0548
.0547
.0547
.0547
.0547
.0546
.0546
.0546
.0546
.0545
.0545
.0545
.0545
.0544
.0544
.0544
.0544
.0543
.0543
.0543
.0543
.0543
.0542
.0542
.0542
.0542
.0541
.0541
.0541
.0541
.054
.054
.054
.054
.0539
.0539
.0539
.0539
.0538
.0538
.0538
.0538
.0538
.0537
.0537
.0537
.0537
.0536
.0536
.0536
.0536
.0535
.0535
.0535
.0535
.0535
.0534
.0534
.0534
.0534
.0533
.0533
.0533
.0533
.0532
.0532
.0532
.0532
.0532
.0531
.0531
.0531
.0531
.053
.053
.053
.053
.0529
.0529
.0529
.0529
.0529
.0528
.0528
.0528
.0528
.0527
.0527
.0527
.0527
.0527
.0526
.0526
.0526
.0526
.0525
.0525
.0525
.0525
.0525
.0524
.0524
.0524
.0524
.0523
.0523
.0523
.0523
.0523
.0522
.0522
.0522
.0522
.0521
.0521
.0521
.0521
.0521
.052
.052
.052
.052
.0519
.0519
.0519
.0519
.0519
.0518
.0518
.0518
.0518
.0517
.0517
.0517
.0517
.0517
.0516
.0516
.0516
.0516
.0515
.0515
.0515
.0515
.0515
.0514
.0514
.0514
.0514
.0514
.0513
.0513
.0513
.0513
.0512
.0512
.0512
.0512
.0512
.0511
.0511
.0511
.0511
.0511
.051
.051
.051
.051
.0509
.0509
.0509
.0509
.0509
.0508
.0508
.0508
.0508
.0508
.0507
.0507
.0507
.0507
.0507
.0506
.0506
.0506
.0506
.0505
.0505
.0505
.0505
.0505
.0504
.0504
.0504
.0504
.0504
.0503
.0503
.0503
.0503
.0503
.0502
.0502
.0502
.0502
.0502
.0501
.0501
.0501
.0501
.0501
.05
.05
.05
