.6913
.6871
.6828
.6785
.6742
.6698
.6653
.6609
.6563
.6518
.6472
.6426
.638
.6333
.6287
.6241
.6195
.6149
.6103
.6058
.6014
.597
.5927
.5884
.5842
.5802
.5762
.5724
.5686
.565
.5616
.5582
.555
.552
.5491
.5463
.5437
.5412
.5388
.5366
.5346
.5326
.5308
.5291
.5276
.5261
.5248
.5235
.5224
.5213
.5203
.5194
.5186
.5179
.5172
.5165
.516
.5154
.515
.5145
.5141
.5138
.5134
.5132
.5129
.5126
.5124
.5122
.512
.5119
.5117
.5116
.5115
.5114
.5113
.5112
.5111
.511
.511
.5109
.5108
.5108
.5107
.5107
.5107
.5106
.5106
.5106
.5105
.5105
.5105
.5105
.5104
.5104
.5104
.5104
.5104
.5104
.5104
.5103
.5103
.5103
.5103
.5103
.5103
.5103
.5103
.5102
.5102
.5102
.5102
.5102
.5102
.5102
.5102
.5102
.5102
.5102
.5101
.5101
.5101
.5101
.5101
.5101
.5101
.5101
.5101
.5101
.51
.51
.51
.51
.51
.51
.51
.51
.51
.51
.5099
.5099
.5099
.5099
.5099
.5099
.5099
.5099
.5099
.5098
.5098
.5098
.5098
.5098
.5098
.5098
.5098
.5098
.5097
.5097
.5097
.5097
.5097
.5097
.5097
.5097
.5097
.5096
.5096
.5096
.5096
.5096
.5096
.5096
.5096
.5095
.5095
.5095
.5095
.5095
.5095
.5095
.5095
.5094
.5094
.5094
.5094
.5094
.5094
.5094
.5093
.5093
.5093
.5093
.5093
.5093
.5093
.5093
.5092
.5092
.5092
.5092
.5092
.5092
.5092
.5091
.5091
.5091
.5091
.5091
.5091
.509
.509
.509
.509
.509
.509
.509
.5089
.5089
.5089
.5089
.5089
.5089
.5088
.5088
.5088
.5088
.5088
.5088
.5087
.5087
.5087
.5087
.5087
.5087
.5086
.5086
.5086
.5086
.5086
.5086
.5085
.5085
.5085
.5085
.5085
.5084
.5084
.5084
.5084
.5084
.5084
.5083
.5083
.5083
.5083
.5083
.5082
.5082
.5082
.5082
.5082
.5081
.5081
.5081
.5081
.5081
.508
.508
.508
.508
.5079
.5079
.5079
.5079
.5079
.5078
.5078
.5078
.5078
.5077
.5077
.5077
.5077
.5077
.5076
.5076
.5076
.5076
.5075
.5075
.5075
.5075
.5074
.5074
.5074
.5074
.5073
.5073
.5073
.5073
.5072
.5072
.5072
.5072
.5071
.5071
.5071
.5071
.507
.507
.507
.5069
.5069
.5069
.5069
.5068
.5068
.5068
.5067
.5067
.5067
.5067
.5066
.5066
.5066
.5065
.5065
.5065
.5064
.5064
.5064
.5063
.5063
.5063
.5062
.5062
.5062
.5061
.5061
.5061
.506
.506
.506
.5059
.5059
.5059
.5058
.5058
.5058
.5057
.5057
.5057
.5056
.5056
.5055
.5055
.5055
.5054
.5054
.5054
.5053
.5053
.5052
.5052
.5052
.5051
.5051
.505
.505
.5049
.5049
.5049
.5048
.5048
.5047
.5047
.5046
.5046
.5046
.5045
.5045
.5044
.5044
.5043
.5043
.5042
.5042
.5041
.5041
.5041
.504
.504
.5039
.5039
.5038
.5038
.5037
.5037
.5036
.5036
.5035
.5034
.5034
.5033
.5033
.5032
.5032
.5031
.5031
.503
.503
.5029
.5028
.5028
.5027
.5027
.5026
.5026
.5025
.5024
.5024
.5023
.5023
.5022
.5021
.5021
.502
.5019
.5019
.5018
.5017
.5017
.5016
.5016
.5015
.5014
.5014
.5013
.5012
.5011
.5011
.501
.5009
.5009
.5008
.5007
.5006
.5006
.5005
.5004
.5003
.5003
.5002
.5001
.5
.5
.4999
.4998
.4997
.4996
.4996
.4995
.4994
.4993
.4992
.4992
.4991
.499
.4989
.4988
.4987
.4986
.4986
.4985
.4984
.4983
.4982
.4981
.498
.4979
.4978
.4977
.4976
.4975
.4974
.4973
.4972
.4972
.4971
.497
.4969
.4968
.4967
.4965
.4964
.4963
.4962
.4961
.496
.4959
.4958
.4957
.4956
.4955
.4954
.4953
.4951
.495
.4949
.4948
.4947
.4946
.4945
.4943
.4942
.4941
.494
.4939
.4937
.4936
.4935
.4934
.4932
.4931
.493
.4929
.4927
.4926
.4925
.4923
.4922
.4921
.4919
.4918
.4917
.4915
.4914
.4913
.4911
.491
.4908
.4907
.4905
.4904
.4903
.4901
.49
.4898
.4897
.4895
.4894
.4892
.4891
.4889
.4888
.4886
.4884
.4883
.4881
.488
.4878
.4876
.4875
.4873
.4871
.487
.4868
.4866
.4865
.4863
.4861
.486
.4858
.4856
.4854
.4853
.4851
.4849
.4847
.4845
.4844
.4842
.484
.4838
.4836
.4834
.4833
.4831
.4829
.4827
.4825
.4823
.4821
.4819
.4817
.4815
.4813
.4811
.4809
.4807
.4805
.4803
.4801
.4799
.4797
.4795
.4793
.479
.4788
.4786
.4784
.4782
.478
.4778
.4775
.4773
.4771
.4769
.4766
.4764
.4762
.476
.4757
.4755
.4753
.475
.4748
.4746
.4743
.4741
.4739
.4736
.4734
.4731
.4729
.4727
.4724
.4722
.4719
.4717
.4714
.4712
.4709
.4707
.4704
.4702
.4699
.4696
.4694
.4691
.4689
.4686
.4683
.4681
.4678
.4675
.4673
.467
.4667
.4665
.4662
.4659
.4656
.4654
.4651
.4648
.4645
.4643
.464
.4637
.4634
.4631
.4628
.4625
.4623
.462
.4617
.4614
.4611
.4608
.4605
.4602
.4599
.4596
.4593
.459
.4587
.4584
.4581
.4578
.4575
.4572
.4569
.4566
.4563
.456
.4557
.4553
.455
.4547
.4544
.4541
.4538
.4534
.4531
.4528
.4525
.4522
.4518
.4515
.4512
.4509
.4505
.4502
.4499
.4495
.4492
.4489
.4486
.4482
.4479
.4475
.4472
.4469
.4465
.4462
.4459
.4455
.4452
.4448
.4445
.4441
.4438
.4434
.4431
.4427
.4424
.442
.4417
.4413
.441
.4406
.4403
.4399
.4396
.4392
.4389
.4385
.4381
.4378
.4374
.4371
.4367
.4363
.436
.4356
.4352
.4349
.4345
.4341
.4338
.4334
.433
.4327
.4323
.4319
.4315
.4312
.4308
.4304
.43
.4297
.4293
.4289
.4285
.4282
.4278
.4274
.427
.4266
.4262
.4259
.4255
.4251
.4247
.4243
.4239
.4236
.4232
.4228
.4224
.422
.4216
.4212
.4208
.4204
.42
.4197
.4193
.4189
.4185
.4181
.4177
.4173
.4169
.4165
.4161
.4157
.4153
.4149
.4145
.4141
.4137
.4133
.4129
.4125
.4121
.4117
.4113
.4109
.4105
.4101
.4097
.4093
.4089
.4085
.4081
.4077
.4073
.4069
.4065
.406
.4056
.4052
.4048
.4044
.404
.4036
.4032
.4028
.4024
.402
.4015
.4011
.4007
.4003
.3999
.3995
.3991
.3987
.3982
.3978
.3974
.397
.3966
.3962
.3958
.3954
.3949
.3945
.3941
.3937
.3933
.3929
.3924
.392
.3916
.3912
.3908
.3904
.3899
.3895
.3891
.3887
.3883
.3879
.3874
.387
.3866
.3862
.3858
.3854
.3849
.3845
.3841
.3837
.3833
.3828
.3824
.382
.3816
.3812
.3808
.3803
.3799
.3795
.3791
.3787
.3782
.3778
.3774
.377
.3766
.3761
.3757
.3753
.3749
.3745
.3741
.3736
.3732
.3728
.3724
.372
.3715
.3711
.3707
.3703
.3699
.3695
.369
.3686
.3682
.3678
.3674
.3669
.3665
.3661
.3657
.3653
.3649
.3644
.364
.3636
.3632
.3628
.3624
.3619
.3615
.3611
.3607
.3603
.3599
.3594
.359
.3586
.3582
.3578
.3574
.357
.3565
.3561
.3557
.3553
.3549
.3545
.3541
.3537
.3532
.3528
.3524
.352
.3516
.3512
.3508
.3504
.35
.3495
.3491
.3487
.3483
.3479
.3475
.3471
.3467
.3463
.3459
.3455
.3451
.3446
.3442
.3438
.3434
.343
.3426
.3422
.3418
.3414
.341
.3406
.3402
.3398
.3394
.339
.3386
.3382
.3378
.3374
.337
.3366
.3362
.3358
.3354
.335
.3346
.3342
.3338
.3334
.333
.3326
.3322
.3318
.3314
.331
.3306
.3302
.3298
.3294
.329
.3286
.3283
.3279
.3275
.3271
.3267
.3263
.3259
.3255
.3251
.3247
.3243
.324
.3236
.3232
.3228
.3224
.322
.3216
.3213
.3209
.3205
.3201
.3197
.3193
.3189
.3186
.3182
.3178
.3174
.317
.3167
.3163
.3159
.3155
.3151
.3148
.3144
.314
.3136
.3133
.3129
.3125
.3121
.3118
.3114
.311
.3106
.3103
.3099
.3095
.3091
.3088
.3084
.308
.3077
.3073
.3069
.3066
.3062
.3058
.3055
.3051
.3047
.3044
.304
.3036
.3033
.3029
.3025
.3022
.3018
.3015
.3011
.3007
.3004
.3
.2996
.2993
.2989
.2986
.2982
.2979
.2975
.2971
.2968
.2964
.2961
.2957
.2954
.295
.2947
.2943
.294
.2936
.2933
.2929
.2926
.2922
.2919
.2915
.2912
.2908
.2905
.2901
.2898
.2894
.2891
.2887
.2884
.2881
.2877
.2874
.287
.2867
.2863
.286
.2857
.2853
.285
.2847
.2843
.284
.2836
.2833
.283
.2826
.2823
.282
.2816
.2813
.281
.2806
.2803
.28
.2796
.2793
.279
.2786
.2783
.278
.2776
.2773
.277
.2767
.2763
.276
.2757
.2754
.275
.2747
.2744
.2741
.2737
.2734
.2731
.2728
.2725
.2721
.2718
.2715
.2712
.2709
.2705
.2702
.2699
.2696
.2693
.269
.2686
.2683
.268
.2677
.2674
.2671
.2668
.2664
.2661
.2658
.2655
.2652
.2649
.2646
.2643
.264
.2637
.2634
.263
.2627
.2624
.2621
.2618
.2615
.2612
.2609
.2606
.2603
.26
.2597
.2594
.2591
.2588
.2585
.2582
.2579
.2576
.2573
.257
.2567
.2564
.2561
.2558
.2555
.2552
.2549
.2546
.2543
.254
.2538
.2535
.2532
.2529
.2526
.2523
.252
.2517
.2514
.2511
.2509
.2506
.2503
.25
.2497
.2494
.2491
.2488
.2486
.2483
.248
.2477
.2474
.2471
.2469
.2466
.2463
.246
.2457
.2455
.2452
.2449
.2446
.2443
.2441
.2438
.2435
.2432
.2429
.2427
.2424
.2421
.2418
.2416
.2413
.241
.2408
.2405
.2402
.2399
.2397
.2394
.2391
.2389
.2386
.2383
.238
.2378
.2375
.2372
.237
.2367
.2364
.2362
.2359
.2356
.2354
.2351
.2349
.2346
.2343
.2341
.2338
.2335
.2333
.233
.2328
.2325
.2322
.232
.2317
.2315
.2312
.2309
.2307
.2304
.2302
.2299
.2297
.2294
.2291
.2289
.2286
.2284
.2281
.2279
.2276
.2274
.2271
.2269
.2266
.2264
.2261
.2259
.2256
.2254
.2251
.2249
.2246
.2244
.2241
.2239
.2236
.2234
.2231
.2229
.2226
.2224
.2222
.2219
.2217
.2214
.2212
.2209
.2207
.2205
.2202
.22
.2197
.2195
.2193
.219
.2188
.2185
.2183
.2181
.2178
.2176
.2173
.2171
.2169
.2166
.2164
.2162
.2159
.2157
.2155
.2152
.215
.2148
.2145
.2143
.2141
.2138
.2136
.2134
.2131
.2129
.2127
.2125
.2122
.212
.2118
.2115
.2113
.2111
.2109
.2106
.2104
.2102
.21
.2097
.2095
.2093
.2091
.2088
.2086
.2084
.2082
.2079
.2077
.2075
.2073
.2071
.2068
.2066
.2064
.2062
.2059
.2057
.2055
.2053
.2051
.2049
.2046
.2044
.2042
.204
.2038
.2036
.2033
.2031
.2029
.2027
.2025
.2023
.2021
.2018
.2016
.2014
.2012
.201
.2008
.2006
.2004
.2001
.1999
.1997
.1995
.1993
.1991
.1989
.1987
.1985
.1983
.1981
.1978
.1976
.1974
.1972
.197
.1968
.1966
.1964
.1962
.196
.1958
.1956
.1954
.1952
.195
.1948
.1946
.1944
.1942
.194
.1938
.1936
.1934
.1932
.193
.1928
.1926
.1924
.1922
.192
.1918
.1916
.1914
.1912
.191
.1908
.1906
.1904
.1902
.19
.1898
.1896
.1894
.1892
.189
.1888
.1886
.1885
.1883
.1881
.1879
.1877
.1875
.1873
.1871
.1869
.1867
.1865
.1864
.1862
.186
.1858
.1856
.1854
.1852
.185
.1848
.1847
.1845
.1843
.1841
.1839
.1837
.1835
.1834
.1832
.183
.1828
.1826
.1824
.1822
.1821
.1819
.1817
.1815
.1813
.1811
.181
.1808
.1806
.1804
.1802
.1801
.1799
.1797
.1795
.1793
.1792
.179
.1788
.1786
.1785
.1783
.1781
.1779
.1777
.1776
.1774
.1772
.177
.1769
.1767
.1765
.1763
.1762
.176
.1758
.1756
.1755
.1753
.1751
.1749
.1748
.1746
.1744
.1743
.1741
.1739
.1737
.1736
.1734
.1732
.1731
.1729
.1727
.1726
.1724
.1722
.172
.1719
.1717
.1715
.1714
.1712
.171
.1709
.1707
.1705
.1704
.1702
.17
.1699
.1697
.1695
.1694
.1692
.1691
.1689
.1687
.1686
.1684
.1682
.1681
.1679
.1677
.1676
.1674
.1673
.1671
.1669
.1668
.1666
.1665
.1663
.1661
.166
.1658
.1657
.1655
.1653
.1652
.165
.1649
.1647
.1645
.1644
.1642
.1641
.1639
.1638
.1636
.1634
.1633
.1631
.163
.1628
.1627
.1625
.1624
.1622
.1621
.1619
.1617
.1616
.1614
.1613
.1611
.161
.1608
.1607
.1605
.1604
.1602
.1601
.1599
.1598
.1596
.1595
.1593
.1592
.159
.1589
.1587
.1586
.1584
.1583
.1581
.158
.1578
.1577
.1575
.1574
.1572
.1571
.1569
.1568
.1567
.1565
.1564
.1562
.1561
.1559
.1558
.1556
.1555
.1553
.1552
.1551
.1549
.1548
.1546
.1545
.1543
.1542
.1541
.1539
.1538
.1536
.1535
.1533
.1532
.1531
.1529
.1528
.1526
.1525
.1524
.1522
.1521
.1519
.1518
.1517
.1515
.1514
.1512
.1511
.151
.1508
.1507
.1505
.1504
.1503
.1501
.15
.1499
.1497
.1496
.1495
.1493
.1492
.149
.1489
.1488
.1486
.1485
.1484
.1482
.1481
.148
.1478
.1477
.1476
.1474
.1473
.1472
.147
.1469
.1468
.1466
.1465
.1464
.1462
.1461
.146
.1458
.1457
.1456
.1455
.1453
.1452
.1451
.1449
.1448
.1447
.1445
.1444
.1443
.1442
.144
.1439
.1438
.1436
.1435
.1434
.1433
.1431
.143
.1429
.1427
.1426
.1425
.1424
.1422
.1421
.142
.1419
.1417
.1416
.1415
.1414
.1412
.1411
.141
.1409
.1407
.1406
.1405
.1404
.1402
.1401
.14
.1399
.1397
.1396
.1395
.1394
.1393
.1391
.139
.1389
.1388
.1386
.1385
.1384
.1383
.1382
.138
.1379
.1378
.1377
.1376
.1374
.1373
.1372
.1371
.137
.1368
.1367
.1366
.1365
.1364
.1363
.1361
.136
.1359
.1358
.1357
.1355
.1354
.1353
.1352
.1351
.135
.1348
.1347
.1346
.1345
.1344
.1343
.1342
.134
.1339
.1338
.1337
.1336
.1335
.1333
.1332
.1331
.133
.1329
.1328
.1327
.1325
.1324
.1323
.1322
.1321
.132
.1319
.1318
.1316
.1315
.1314
.1313
.1312
.1311
.131
.1309
.1308
.1306
.1305
.1304
.1303
.1302
.1301
.13
.1299
.1298
.1297
.1295
.1294
.1293
.1292
.1291
.129
.1289
.1288
.1287
.1286
.1285
.1283
.1282
.1281
.128
.1279
.1278
.1277
.1276
.1275
.1274
.1273
.1272
.1271
.127
.1269
.1267
.1266
.1265
.1264
.1263
.1262
.1261
.126
.1259
.1258
.1257
.1256
.1255
.1254
.1253
.1252
.1251
.125
.1249
.1248
.1247
.1246
.1244
.1243
.1242
.1241
.124
.1239
.1238
.1237
.1236
.1235
.1234
.1233
.1232
.1231
.123
.1229
.1228
.1227
.1226
.1225
.1224
.1223
.1222
.1221
.122
.1219
.1218
.1217
.1216
.1215
.1214
.1213
.1212
.1211
.121
.1209
.1208
.1207
.1206
.1205
.1204
.1203
.1202
.1201
.12
.1199
.1198
.1198
.1197
.1196
.1195
.1194
.1193
.1192
.1191
.119
.1189
.1188
.1187
.1186
.1185
.1184
.1183
.1182
.1181
.118
.1179
.1178
.1177
.1176
.1175
.1175
.1174
.1173
.1172
.1171
.117
.1169
.1168
.1167
.1166
.1165
.1164
.1163
.1162
.1161
.1161
.116
.1159
.1158
.1157
.1156
.1155
.1154
.1153
.1152
.1151
.115
.115
.1149
.1148
.1147
.1146
.1145
.1144
.1143
.1142
.1141
.114
.114
.1139
.1138
.1137
.1136
.1135
.1134
.1133
.1132
.1131
.1131
.113
.1129
.1128
.1127
.1126
.1125
.1124
.1123
.1123
.1122
.1121
.112
.1119
.1118
.1117
.1116
.1116
.1115
.1114
.1113
.1112
.1111
.111
.111
.1109
.1108
.1107
.1106
.1105
.1104
.1103
.1103
.1102
.1101
.11
.1099
.1098
.1098
.1097
.1096
.1095
.1094
.1093
.1092
.1092
.1091
.109
.1089
.1088
.1087
.1087
.1086
.1085
.1084
.1083
.1082
.1082
.1081
.108
.1079
.1078
.1077
.1077
.1076
.1075
.1074
.1073
.1072
.1072
.1071
.107
.1069
.1068
.1067
.1067
.1066
.1065
.1064
.1063
.1063
.1062
.1061
.106
.1059
.1059
.1058
.1057
.1056
.1055
.1055
.1054
.1053
.1052
.1051
.1051
.105
.1049
.1048
.1047
.1047
.1046
.1045
.1044
.1043
.1043
.1042
.1041
.104
.1039
.1039
.1038
.1037
.1036
.1036
.1035
.1034
.1033
.1032
.1032
.1031
.103
.1029
.1029
.1028
.1027
.1026
.1025
.1025
.1024
.1023
.1022
.1022
.1021
.102
.1019
.1019
.1018
.1017
.1016
.1016
.1015
.1014
.1013
.1012
.1012
.1011
.101
.1009
.1009
.1008
.1007
.1006
.1006
.1005
.1004
.1003
.1003
.1002
.1001
.1
.1
.0999
.0998
.0998
.0997
.0996
.0995
.0995
.0994
.0993
.0992
.0992
.0991
.099
.0989
.0989
.0988
.0987
.0987
.0986
.0985
.0984
.0984
.0983
.0982
.0981
.0981
.098
.0979
.0979
.0978
.0977
.0976
.0976
.0975
.0974
.0974
.0973
.0972
.0971
.0971
.097
.0969
.0969
.0968
.0967
.0966
.0966
.0965
.0964
.0964
.0963
.0962
.0962
.0961
.096
.0959
.0959
.0958
.0957
.0957
.0956
.0955
.0955
.0954
.0953
.0952
.0952
.0951
.095
.095
.0949
.0948
.0948
.0947
.0946
.0946
.0945
.0944
.0944
.0943
.0942
.0941
.0941
.094
.0939
.0939
.0938
.0937
.0937
.0936
.0935
.0935
.0934
.0933
.0933
.0932
.0931
.0931
.093
.0929
.0929
.0928
.0927
.0927
.0926
.0925
.0925
.0924
.0923
.0923
.0922
.0921
.0921
.092
.0919
.0919
.0918
.0917
.0917
.0916
.0915
.0915
.0914
.0913
.0913
.0912
.0911
.0911
.091
.091
.0909
.0908
.0908
.0907
.0906
.0906
.0905
.0904
.0904
.0903
.0902
.0902
.0901
.0901
.09
.0899
.0899
.0898
.0897
.0897
.0896
.0895
.0895
.0894
.0893
.0893
.0892
.0892
.0891
.089
.089
.0889
.0888
.0888
.0887
.0887
.0886
.0885
.0885
.0884
.0883
.0883
.0882
.0882
.0881
.088
.088
.0879
.0878
.0878
.0877
.0877
.0876
.0875
.0875
.0874
.0874
.0873
.0872
.0872
.0871
.087
.087
.0869
.0869
.0868
.0867
.0867
.0866
.0866
.0865
.0864
.0864
.0863
.0863
.0862
.0861
.0861
.086
.086
.0859
.0858
.0858
.0857
.0857
.0856
.0855
.0855
.0854
.0854
.0853
.0852
.0852
.0851
.0851
.085
.0849
.0849
.0848
.0848
.0847
.0846
.0846
.0845
.0845
.0844
.0843
.0843
.0842
.0842
.0841
.0841
.084
.0839
.0839
.0838
.0838
.0837
.0836
.0836
.0835
.0835
.0834
.0834
.0833
.0832
.0832
.0831
.0831
.083
.083
.0829
.0828
.0828
.0827
.0827
.0826
.0826
.0825
.0824
.0824
.0823
.0823
.0822
.0822
.0821
.082
.082
.0819
.0819
.0818
.0818
.0817
.0816
.0816
.0815
.0815
.0814
.0814
.0813
.0813
.0812
.0811
.0811
.081
.081
.0809
.0809
.0808
.0808
.0807
.0806
.0806
.0805
.0805
.0804
.0804
.0803
.0803
.0802
.0801
.0801
.08
.08
.0799
.0799
.0798
.0798
.0797
.0797
.0796
.0795
.0795
.0794
.0794
.0793
.0793
.0792
.0792
.0791
.0791
.079
.0789
.0789
.0788
.0788
.0787
.0787
.0786
.0786
.0785
.0785
.0784
.0784
.0783
.0782
.0782
.0781
.0781
.078
.078
.0779
.0779
.0778
.0778
.0777
.0777
.0776
.0776
.0775
.0775
.0774
.0773
.0773
.0772
.0772
.0771
.0771
.077
.077
.0769
.0769
.0768
.0768
.0767
.0767
.0766
.0766
.0765
.0765
.0764
.0764
.0763
.0763
.0762
.0761
.0761
.076
.076
.0759
.0759
.0758
.0758
.0757
.0757
.0756
.0756
.0755
.0755
.0754
.0754
.0753
.0753
.0752
.0752
.0751
.0751
.075
.075
.0749
.0749
.0748
.0748
.0747
.0747
.0746
.0746
.0745
.0745
.0744
.0744
.0743
.0743
.0742
.0742
.0741
.0741
.074
.074
.0739
.0739
.0738
.0738
.0737
.0737
.0736
.0736
.0735
.0735
.0734
.0734
.0733
.0733
.0732
.0732
.0731
.0731
.073
.073
.0729
.0729
.0728
.0728
.0727
.0727
.0726
.0726
.0725
.0725
.0724
.0724
.0723
.0723
.0722
.0722
.0721
.0721
.072
.072
.0719
.0719
.0719
.0718
.0718
.0717
.0717
.0716
.0716
.0715
.0715
.0714
.0714
.0713
.0713
.0712
.0712
.0711
.0711
.071
.071
.0709
.0709
.0708
.0708
.0708
.0707
.0707
.0706
.0706
.0705
.0705
.0704
.0704
.0703
.0703
.0702
.0702
.0701
.0701
.07
.07
.0699
.0699
.0699
.0698
.0698
.0697
.0697
.0696
.0696
.0695
.0695
.0694
.0694
.0693
.0693
.0692
.0692
.0692
.0691
.0691
.069
.069
.0689
.0689
.0688
.0688
.0687
.0687
.0686
.0686
.0686
.0685
.0685
.0684
.0684
.0683
.0683
.0682
.0682
.0681
.0681
.0681
.068
.068
.0679
.0679
.0678
.0678
.0677
.0677
.0676
.0676
.0676
.0675
.0675
.0674
.0674
.0673
.0673
.0672
.0672
.0672
.0671
.0671
.067
.067
.0669
.0669
.0668
.0668
.0667
.0667
.0667
.0666
.0666
.0665
.0665
.0664
.0664
.0663
.0663
.0663
.0662
.0662
.0661
.0661
.066
.066
.066
.0659
.0659
.0658
.0658
.0657
.0657
.0656
.0656
.0656
.0655
.0655
.0654
.0654
.0653
.0653
.0652
.0652
.0652
.0651
.0651
.065
.065
.0649
.0649
.0649
.0648
.0648
.0647
.0647
.0646
.0646
.0646
.0645
.0645
.0644
.0644
.0643
.0643
.0643
.0642
.0642
.0641
.0641
.064
.064
.064
.0639
.0639
.0638
.0638
.0637
.0637
.0637
.0636
.0636
.0635
.0635
.0634
.0634
.0634
.0633
.0633
.0632
.0632
.0631
.0631
.0631
.063
.063
.0629
.0629
.0629
.0628
.0628
.0627
.0627
.0626
.0626
.0626
.0625
.0625
.0624
.0624
.0624
.0623
.0623
.0622
.0622
.0621
.0621
.0621
.062
.062
.0619
.0619
.0619
.0618
.0618
.0617
.0617
.0617
.0616
.0616
.0615
.0615
.0614
.0614
.0614
.0613
.0613
.0612
.0612
.0612
.0611
.0611
.061
.061
.061
.0609
.0609
.0608
.0608
.0608
.0607
.0607
.0606
.0606
.0605
.0605
.0605
.0604
.0604
.0603
.0603
.0603
.0602
.0602
.0601
.0601
.0601
.06
.06
.0599
.0599
.0599
.0598
.0598
.0597
.0597
.0597
.0596
.0596
.0595
.0595
.0595
.0594
.0594
.0593
.0593
.0593
.0592
.0592
.0591
.0591
.0591
.059
.059
.059
.0589
.0589
.0588
.0588
.0588
.0587
.0587
.0586
.0586
.0586
.0585
.0585
.0584
.0584
.0584
.0583
.0583
.0582
.0582
.0582
.0581
.0581
.058
.058
.058
.0579
.0579
.0579
.0578
.0578
.0577
.0577
.0577
.0576
.0576
.0575
.0575
.0575
.0574
.0574
.0574
.0573
.0573
.0572
.0572
.0572
.0571
.0571
.057
.057
.057
.0569
.0569
.0569
.0568
.0568
.0567
.0567
.0567
.0566
.0566
.0566
.0565
.0565
.0564
.0564
.0564
.0563
.0563
.0562
.0562
.0562
.0561
.0561
.0561
.056
.056
.0559
.0559
.0559
.0558
.0558
.0558
.0557
.0557
.0556
.0556
.0556
.0555
.0555
.0555
.0554
.0554
.0553
.0553
.0553
.0552
.0552
.0552
.0551
.0551
.0551
.055
.055
.0549
.0549
.0549
.0548
.0548
.0548
.0547
.0547
.0546
.0546
.0546
.0545
.0545
.0545
.0544
.0544
.0544
.0543
.0543
.0542
.0542
.0542
.0541
.0541
.0541
.054
.054
.054
.0539
.0539
.0538
.0538
.0538
.0537
.0537
.0537
.0536
.0536
.0536
.0535
.0535
.0534
.0534
.0534
.0533
.0533
.0533
.0532
.0532
.0532
.0531
.0531
.0531
.053
.053
.0529
.0529
.0529
.0528
.0528
.0528
.0527
.0527
.0527
.0526
.0526
.0526
.0525
.0525
.0524
.0524
.0524
.0523
.0523
.0523
.0522
.0522
.0522
.0521
.0521
.0521
.052
.052
.052
.0519
.0519
.0518
.0518
.0518
.0517
.0517
.0517
.0516
.0516
.0516
.0515
.0515
.0515
.0514
.0514
.0514
.0513
.0513
.0513
.0512
.0512
.0512
.0511
.0511
.051
.051
.051
.0509
.0509
.0509
.0508
.0508
.0508
.0507
.0507
.0507
.0506
.0506
.0506
.0505
.0505
.0505
.0504
.0504
.0504
.0503
.0503
.0503
.0502
.0502
.0502
.0501
.0501
.0501
.05
.05
