.6311
.6288
.6266
.6244
.6222
.6199
.6177
.6155
.6133
.6111
.6089
.6067
.6045
.6024
.6002
.5981
.5959
.5938
.5917
.5896
.5875
.5855
.5835
.5815
.5795
.5775
.5756
.5737
.5718
.57
.5681
.5664
.5646
.5629
.5612
.5596
.5579
.5564
.5548
.5533
.5519
.5505
.5491
.5478
.5465
.5453
.544
.5429
.5418
.5407
.5397
.5387
.5377
.5368
.5359
.5351
.5343
.5335
.5328
.5321
.5314
.5308
.5302
.5296
.5291
.5286
.5281
.5277
.5273
.5269
.5265
.5261
.5258
.5255
.5252
.5249
.5246
.5244
.5241
.5239
.5237
.5235
.5233
.5232
.523
.5228
.5227
.5226
.5224
.5223
.5222
.5221
.522
.5219
.5218
.5217
.5216
.5215
.5214
.5214
.5213
.5212
.5212
.5211
.521
.521
.5209
.5209
.5208
.5207
.5207
.5206
.5206
.5205
.5205
.5204
.5204
.5203
.5203
.5202
.5202
.5201
.5201
.52
.52
.5199
.5199
.5199
.5198
.5198
.5197
.5197
.5196
.5196
.5195
.5195
.5194
.5194
.5193
.5193
.5192
.5192
.5191
.5191
.5191
.519
.519
.5189
.5189
.5188
.5188
.5187
.5187
.5186
.5186
.5185
.5185
.5184
.5184
.5183
.5183
.5182
.5182
.5181
.5181
.518
.518
.5179
.5178
.5178
.5177
.5177
.5176
.5176
.5175
.5175
.5174
.5174
.5173
.5173
.5172
.5172
.5171
.517
.517
.5169
.5169
.5168
.5168
.5167
.5167
.5166
.5165
.5165
.5164
.5164
.5163
.5163
.5162
.5161
.5161
.516
.516
.5159
.5159
.5158
.5157
.5157
.5156
.5156
.5155
.5154
.5154
.5153
.5153
.5152
.5151
.5151
.515
.515
.5149
.5148
.5148
.5147
.5147
.5146
.5145
.5145
.5144
.5143
.5143
.5142
.5142
.5141
.514
.514
.5139
.5138
.5138
.5137
.5136
.5136
.5135
.5135
.5134
.5133
.5133
.5132
.5131
.5131
.513
.5129
.5129
.5128
.5127
.5127
.5126
.5125
.5125
.5124
.5123
.5122
.5122
.5121
.512
.512
.5119
.5118
.5118
.5117
.5116
.5115
.5115
.5114
.5113
.5113
.5112
.5111
.511
.511
.5109
.5108
.5108
.5107
.5106
.5105
.5105
.5104
.5103
.5102
.5102
.5101
.51
.5099
.5099
.5098
.5097
.5096
.5096
.5095
.5094
.5093
.5092
.5092
.5091
.509
.5089
.5089
.5088
.5087
.5086
.5085
.5085
.5084
.5083
.5082
.5081
.508
.508
.5079
.5078
.5077
.5076
.5076
.5075
.5074
.5073
.5072
.5071
.507
.507
.5069
.5068
.5067
.5066
.5065
.5064
.5064
.5063
.5062
.5061
.506
.5059
.5058
.5057
.5056
.5056
.5055
.5054
.5053
.5052
.5051
.505
.5049
.5048
.5047
.5046
.5046
.5045
.5044
.5043
.5042
.5041
.504
.5039
.5038
.5037
.5036
.5035
.5034
.5033
.5032
.5031
.503
.5029
.5028
.5027
.5026
.5025
.5024
.5023
.5022
.5021
.502
.5019
.5018
.5017
.5016
.5015
.5014
.5013
.5012
.5011
.501
.5009
.5008
.5007
.5006
.5004
.5003
.5002
.5001
.5
.4999
.4998
.4997
.4996
.4995
.4994
.4992
.4991
.499
.4989
.4988
.4987
.4986
.4985
.4983
.4982
.4981
.498
.4979
.4978
.4976
.4975
.4974
.4973
.4972
.4971
.4969
.4968
.4967
.4966
.4965
.4963
.4962
.4961
.496
.4958
.4957
.4956
.4955
.4953
.4952
.4951
.495
.4948
.4947
.4946
.4945
.4943
.4942
.4941
.4939
.4938
.4937
.4935
.4934
.4933
.4931
.493
.4929
.4927
.4926
.4925
.4923
.4922
.4921
.4919
.4918
.4917
.4915
.4914
.4912
.4911
.491
.4908
.4907
.4905
.4904
.4903
.4901
.49
.4898
.4897
.4895
.4894
.4892
.4891
.4889
.4888
.4886
.4885
.4883
.4882
.488
.4879
.4877
.4876
.4874
.4873
.4871
.487
.4868
.4867
.4865
.4864
.4862
.486
.4859
.4857
.4856
.4854
.4853
.4851
.4849
.4848
.4846
.4844
.4843
.4841
.484
.4838
.4836
.4835
.4833
.4831
.483
.4828
.4826
.4824
.4823
.4821
.4819
.4818
.4816
.4814
.4812
.4811
.4809
.4807
.4805
.4804
.4802
.48
.4798
.4797
.4795
.4793
.4791
.4789
.4788
.4786
.4784
.4782
.478
.4778
.4777
.4775
.4773
.4771
.4769
.4767
.4765
.4764
.4762
.476
.4758
.4756
.4754
.4752
.475
.4748
.4746
.4744
.4742
.474
.4738
.4736
.4734
.4732
.473
.4728
.4726
.4724
.4722
.472
.4718
.4716
.4714
.4712
.471
.4708
.4706
.4704
.4702
.47
.4698
.4696
.4694
.4691
.4689
.4687
.4685
.4683
.4681
.4679
.4677
.4674
.4672
.467
.4668
.4666
.4664
.4661
.4659
.4657
.4655
.4652
.465
.4648
.4646
.4644
.4641
.4639
.4637
.4635
.4632
.463
.4628
.4625
.4623
.4621
.4618
.4616
.4614
.4611
.4609
.4607
.4604
.4602
.46
.4597
.4595
.4593
.459
.4588
.4585
.4583
.4581
.4578
.4576
.4573
.4571
.4568
.4566
.4564
.4561
.4559
.4556
.4554
.4551
.4549
.4546
.4544
.4541
.4539
.4536
.4534
.4531
.4528
.4526
.4523
.4521
.4518
.4516
.4513
.451
.4508
.4505
.4503
.45
.4497
.4495
.4492
.449
.4487
.4484
.4482
.4479
.4476
.4474
.4471
.4468
.4466
.4463
.446
.4457
.4455
.4452
.4449
.4446
.4444
.4441
.4438
.4435
.4433
.443
.4427
.4424
.4422
.4419
.4416
.4413
.441
.4407
.4405
.4402
.4399
.4396
.4393
.439
.4388
.4385
.4382
.4379
.4376
.4373
.437
.4367
.4364
.4361
.4358
.4356
.4353
.435
.4347
.4344
.4341
.4338
.4335
.4332
.4329
.4326
.4323
.432
.4317
.4314
.4311
.4308
.4305
.4302
.4299
.4295
.4292
.4289
.4286
.4283
.428
.4277
.4274
.4271
.4268
.4265
.4261
.4258
.4255
.4252
.4249
.4246
.4242
.4239
.4236
.4233
.423
.4227
.4223
.422
.4217
.4214
.421
.4207
.4204
.4201
.4198
.4194
.4191
.4188
.4184
.4181
.4178
.4175
.4171
.4168
.4165
.4161
.4158
.4155
.4151
.4148
.4145
.4141
.4138
.4135
.4131
.4128
.4124
.4121
.4118
.4114
.4111
.4107
.4104
.4101
.4097
.4094
.409
.4087
.4083
.408
.4076
.4073
.4069
.4066
.4062
.4059
.4055
.4052
.4048
.4045
.4041
.4038
.4034
.4031
.4027
.4023
.402
.4016
.4013
.4009
.4006
.4002
.3998
.3995
.3991
.3987
.3984
.398
.3977
.3973
.3969
.3966
.3962
.3958
.3955
.3951
.3947
.3944
.394
.3936
.3932
.3929
.3925
.3921
.3917
.3914
.391
.3906
.3902
.3899
.3895
.3891
.3887
.3884
.388
.3876
.3872
.3868
.3865
.3861
.3857
.3853
.3849
.3845
.3841
.3838
.3834
.383
.3826
.3822
.3818
.3814
.381
.3807
.3803
.3799
.3795
.3791
.3787
.3783
.3779
.3775
.3771
.3767
.3763
.3759
.3755
.3751
.3747
.3743
.3739
.3735
.3731
.3727
.3723
.3719
.3715
.3711
.3707
.3703
.3699
.3695
.3691
.3687
.3683
.3679
.3675
.3671
.3667
.3663
.3659
.3655
.365
.3646
.3642
.3638
.3634
.363
.3626
.3622
.3618
.3614
.3609
.3605
.3601
.3597
.3593
.3589
.3585
.358
.3576
.3572
.3568
.3564
.356
.3555
.3551
.3547
.3543
.3539
.3535
.353
.3526
.3522
.3518
.3514
.3509
.3505
.3501
.3497
.3493
.3488
.3484
.348
.3476
.3471
.3467
.3463
.3459
.3455
.345
.3446
.3442
.3438
.3433
.3429
.3425
.3421
.3416
.3412
.3408
.3404
.34
.3395
.3391
.3387
.3383
.3378
.3374
.337
.3366
.3361
.3357
.3353
.3349
.3344
.334
.3336
.3332
.3327
.3323
.3319
.3315
.331
.3306
.3302
.3298
.3294
.3289
.3285
.3281
.3277
.3272
.3268
.3264
.326
.3256
.3251
.3247
.3243
.3239
.3234
.323
.3226
.3222
.3218
.3213
.3209
.3205
.3201
.3197
.3192
.3188
.3184
.318
.3176
.3172
.3167
.3163
.3159
.3155
.3151
.3147
.3142
.3138
.3134
.313
.3126
.3122
.3118
.3113
.3109
.3105
.3101
.3097
.3093
.3089
.3085
.3081
.3076
.3072
.3068
.3064
.306
.3056
.3052
.3048
.3044
.304
.3036
.3032
.3028
.3024
.302
.3016
.3012
.3008
.3004
.3
.2996
.2992
.2988
.2984
.298
.2976
.2972
.2968
.2964
.296
.2956
.2952
.2948
.2944
.294
.2936
.2932
.2928
.2924
.292
.2917
.2913
.2909
.2905
.2901
.2897
.2893
.2889
.2886
.2882
.2878
.2874
.287
.2866
.2863
.2859
.2855
.2851
.2847
.2843
.284
.2836
.2832
.2828
.2825
.2821
.2817
.2813
.281
.2806
.2802
.2798
.2795
.2791
.2787
.2784
.278
.2776
.2773
.2769
.2765
.2762
.2758
.2754
.2751
.2747
.2743
.274
.2736
.2732
.2729
.2725
.2722
.2718
.2714
.2711
.2707
.2704
.27
.2697
.2693
.2689
.2686
.2682
.2679
.2675
.2672
.2668
.2665
.2661
.2658
.2654
.2651
.2647
.2644
.264
.2637
.2633
.263
.2627
.2623
.262
.2616
.2613
.2609
.2606
.2603
.2599
.2596
.2592
.2589
.2586
.2582
.2579
.2575
.2572
.2569
.2565
.2562
.2559
.2555
.2552
.2549
.2545
.2542
.2539
.2536
.2532
.2529
.2526
.2522
.2519
.2516
.2513
.2509
.2506
.2503
.25
.2496
.2493
.249
.2487
.2484
.248
.2477
.2474
.2471
.2468
.2464
.2461
.2458
.2455
.2452
.2449
.2445
.2442
.2439
.2436
.2433
.243
.2427
.2424
.242
.2417
.2414
.2411
.2408
.2405
.2402
.2399
.2396
.2393
.239
.2387
.2384
.2381
.2378
.2375
.2372
.2368
.2365
.2362
.2359
.2356
.2353
.235
.2347
.2345
.2342
.2339
.2336
.2333
.233
.2327
.2324
.2321
.2318
.2315
.2312
.2309
.2306
.2303
.23
.2298
.2295
.2292
.2289
.2286
.2283
.228
.2277
.2274
.2272
.2269
.2266
.2263
.226
.2257
.2255
.2252
.2249
.2246
.2243
.224
.2238
.2235
.2232
.2229
.2227
.2224
.2221
.2218
.2215
.2213
.221
.2207
.2204
.2202
.2199
.2196
.2193
.2191
.2188
.2185
.2183
.218
.2177
.2174
.2172
.2169
.2166
.2164
.2161
.2158
.2156
.2153
.215
.2148
.2145
.2142
.214
.2137
.2135
.2132
.2129
.2127
.2124
.2121
.2119
.2116
.2114
.2111
.2108
.2106
.2103
.2101
.2098
.2096
.2093
.209
.2088
.2085
.2083
.208
.2078
.2075
.2073
.207
.2068
.2065
.2063
.206
.2058
.2055
.2053
.205
.2048
.2045
.2043
.204
.2038
.2035
.2033
.203
.2028
.2025
.2023
.2021
.2018
.2016
.2013
.2011
.2008
.2006
.2004
.2001
.1999
.1996
.1994
.1992
.1989
.1987
.1985
.1982
.198
.1977
.1975
.1973
.197
.1968
.1966
.1963
.1961
.1959
.1956
.1954
.1952
.1949
.1947
.1945
.1942
.194
.1938
.1935
.1933
.1931
.1929
.1926
.1924
.1922
.192
.1917
.1915
.1913
.1911
.1908
.1906
.1904
.1902
.1899
.1897
.1895
.1893
.189
.1888
.1886
.1884
.1882
.1879
.1877
.1875
.1873
.1871
.1868
.1866
.1864
.1862
.186
.1858
.1855
.1853
.1851
.1849
.1847
.1845
.1843
.184
.1838
.1836
.1834
.1832
.183
.1828
.1826
.1823
.1821
.1819
.1817
.1815
.1813
.1811
.1809
.1807
.1805
.1803
.1801
.1799
.1796
.1794
.1792
.179
.1788
.1786
.1784
.1782
.178
.1778
.1776
.1774
.1772
.177
.1768
.1766
.1764
.1762
.176
.1758
.1756
.1754
.1752
.175
.1748
.1746
.1744
.1742
.174
.1738
.1736
.1734
.1732
.1731
.1729
.1727
.1725
.1723
.1721
.1719
.1717
.1715
.1713
.1711
.1709
.1707
.1706
.1704
.1702
.17
.1698
.1696
.1694
.1692
.169
.1689
.1687
.1685
.1683
.1681
.1679
.1677
.1676
.1674
.1672
.167
.1668
.1666
.1664
.1663
.1661
.1659
.1657
.1655
.1654
.1652
.165
.1648
.1646
.1645
.1643
.1641
.1639
.1637
.1636
.1634
.1632
.163
.1629
.1627
.1625
.1623
.1621
.162
.1618
.1616
.1614
.1613
.1611
.1609
.1607
.1606
.1604
.1602
.1601
.1599
.1597
.1595
.1594
.1592
.159
.1589
.1587
.1585
.1584
.1582
.158
.1578
.1577
.1575
.1573
.1572
.157
.1568
.1567
.1565
.1563
.1562
.156
.1558
.1557
.1555
.1553
.1552
.155
.1549
.1547
.1545
.1544
.1542
.154
.1539
.1537
.1536
.1534
.1532
.1531
.1529
.1528
.1526
.1524
.1523
.1521
.152
.1518
.1516
.1515
.1513
.1512
.151
.1509
.1507
.1505
.1504
.1502
.1501
.1499
.1498
.1496
.1495
.1493
.1492
.149
.1488
.1487
.1485
.1484
.1482
.1481
.1479
.1478
.1476
.1475
.1473
.1472
.147
.1469
.1467
.1466
.1464
.1463
.1461
.146
.1458
.1457
.1455
.1454
.1452
.1451
.1449
.1448
.1446
.1445
.1444
.1442
.1441
.1439
.1438
.1436
.1435
.1433
.1432
.1431
.1429
.1428
.1426
.1425
.1423
.1422
.1421
.1419
.1418
.1416
.1415
.1413
.1412
.1411
.1409
.1408
.1406
.1405
.1404
.1402
.1401
.1399
.1398
.1397
.1395
.1394
.1393
.1391
.139
.1388
.1387
.1386
.1384
.1383
.1382
.138
.1379
.1378
.1376
.1375
.1374
.1372
.1371
.137
.1368
.1367
.1366
.1364
.1363
.1362
.136
.1359
.1358
.1356
.1355
.1354
.1352
.1351
.135
.1348
.1347
.1346
.1345
.1343
.1342
.1341
.1339
.1338
.1337
.1335
.1334
.1333
.1332
.133
.1329
.1328
.1327
.1325
.1324
.1323
.1321
.132
.1319
.1318
.1316
.1315
.1314
.1313
.1311
.131
.1309
.1308
.1307
.1305
.1304
.1303
.1302
.13
.1299
.1298
.1297
.1295
.1294
.1293
.1292
.1291
.1289
.1288
.1287
.1286
.1285
.1283
.1282
.1281
.128
.1279
.1277
.1276
.1275
.1274
.1273
.1272
.127
.1269
.1268
.1267
.1266
.1264
.1263
.1262
.1261
.126
.1259
.1257
.1256
.1255
.1254
.1253
.1252
.1251
.1249
.1248
.1247
.1246
.1245
.1244
.1243
.1241
.124
.1239
.1238
.1237
.1236
.1235
.1234
.1232
.1231
.123
.1229
.1228
.1227
.1226
.1225
.1224
.1222
.1221
.122
.1219
.1218
.1217
.1216
.1215
.1214
.1213
.1211
.121
.1209
.1208
.1207
.1206
.1205
.1204
.1203
.1202
.1201
.12
.1199
.1197
.1196
.1195
.1194
.1193
.1192
.1191
.119
.1189
.1188
.1187
.1186
.1185
.1184
.1183
.1182
.1181
.118
.1179
.1178
.1177
.1175
.1174
.1173
.1172
.1171
.117
.1169
.1168
.1167
.1166
.1165
.1164
.1163
.1162
.1161
.116
.1159
.1158
.1157
.1156
.1155
.1154
.1153
.1152
.1151
.115
.1149
.1148
.1147
.1146
.1145
.1144
.1143
.1142
.1141
.114
.1139
.1138
.1137
.1136
.1135
.1134
.1134
.1133
.1132
.1131
.113
.1129
.1128
.1127
.1126
.1125
.1124
.1123
.1122
.1121
.112
.1119
.1118
.1117
.1116
.1115
.1114
.1114
.1113
.1112
.1111
.111
.1109
.1108
.1107
.1106
.1105
.1104
.1103
.1102
.1101
.1101
.11
.1099
.1098
.1097
.1096
.1095
.1094
.1093
.1092
.1091
.109
.109
.1089
.1088
.1087
.1086
.1085
.1084
.1083
.1082
.1082
.1081
.108
.1079
.1078
.1077
.1076
.1075
.1074
.1074
.1073
.1072
.1071
.107
.1069
.1068
.1067
.1067
.1066
.1065
.1064
.1063
.1062
.1061
.106
.106
.1059
.1058
.1057
.1056
.1055
.1054
.1054
.1053
.1052
.1051
.105
.1049
.1049
.1048
.1047
.1046
.1045
.1044
.1044
.1043
.1042
.1041
.104
.1039
.1039
.1038
.1037
.1036
.1035
.1034
.1034
.1033
.1032
.1031
.103
.1029
.1029
.1028
.1027
.1026
.1025
.1025
.1024
.1023
.1022
.1021
.1021
.102
.1019
.1018
.1017
.1017
.1016
.1015
.1014
.1013
.1013
.1012
.1011
.101
.1009
.1009
.1008
.1007
.1006
.1005
.1005
.1004
.1003
.1002
.1002
.1001
.1
.0999
.0998
.0998
.0997
.0996
.0995
.0995
.0994
.0993
.0992
.0992
.0991
.099
.0989
.0989
.0988
.0987
.0986
.0985
.0985
.0984
.0983
.0982
.0982
.0981
.098
.0979
.0979
.0978
.0977
.0977
.0976
.0975
.0974
.0974
.0973
.0972
.0971
.0971
.097
.0969
.0968
.0968
.0967
.0966
.0965
.0965
.0964
.0963
.0963
.0962
.0961
.096
.096
.0959
.0958
.0958
.0957
.0956
.0955
.0955
.0954
.0953
.0953
.0952
.0951
.095
.095
.0949
.0948
.0948
.0947
.0946
.0946
.0945
.0944
.0943
.0943
.0942
.0941
.0941
.094
.0939
.0939
.0938
.0937
.0936
.0936
.0935
.0934
.0934
.0933
.0932
.0932
.0931
.093
.093
.0929
.0928
.0928
.0927
.0926
.0926
.0925
.0924
.0924
.0923
.0922
.0922
.0921
.092
.092
.0919
.0918
.0918
.0917
.0916
.0916
.0915
.0914
.0914
.0913
.0912
.0912
.0911
.091
.091
.0909
.0908
.0908
.0907
.0906
.0906
.0905
.0904
.0904
.0903
.0903
.0902
.0901
.0901
.09
.0899
.0899
.0898
.0897
.0897
.0896
.0896
.0895
.0894
.0894
.0893
.0892
.0892
.0891
.089
.089
.0889
.0889
.0888
.0887
.0887
.0886
.0885
.0885
.0884
.0884
.0883
.0882
.0882
.0881
.0881
.088
.0879
.0879
.0878
.0877
.0877
.0876
.0876
.0875
.0874
.0874
.0873
.0873
.0872
.0871
.0871
.087
.087
.0869
.0868
.0868
.0867
.0867
.0866
.0865
.0865
.0864
.0864
.0863
.0862
.0862
.0861
.0861
.086
.0859
.0859
.0858
.0858
.0857
.0857
.0856
.0855
.0855
.0854
.0854
.0853
.0852
.0852
.0851
.0851
.085
.085
.0849
.0848
.0848
.0847
.0847
.0846
.0846
.0845
.0844
.0844
.0843
.0843
.0842
.0842
.0841
.084
.084
.0839
.0839
.0838
.0838
.0837
.0837
.0836
.0835
.0835
.0834
.0834
.0833
.0833
.0832
.0831
.0831
.083
.083
.0829
.0829
.0828
.0828
.0827
.0827
.0826
.0825
.0825
.0824
.0824
.0823
.0823
.0822
.0822
.0821
.0821
.082
.0819
.0819
.0818
.0818
.0817
.0817
.0816
.0816
.0815
.0815
.0814
.0814
.0813
.0813
.0812
.0811
.0811
.081
.081
.0809
.0809
.0808
.0808
.0807
.0807
.0806
.0806
.0805
.0805
.0804
.0804
.0803
.0803
.0802
.0802
.0801
.0801
.08
.0799
.0799
.0798
.0798
.0797
.0797
.0796
.0796
.0795
.0795
.0794
.0794
.0793
.0793
.0792
.0792
.0791
.0791
.079
.079
.0789
.0789
.0788
.0788
.0787
.0787
.0786
.0786
.0785
.0785
.0784
.0784
.0783
.0783
.0782
.0782
.0781
.0781
.078
.078
.0779
.0779
.0778
.0778
.0777
.0777
.0776
.0776
.0775
.0775
.0775
.0774
.0774
.0773
.0773
.0772
.0772
.0771
.0771
.077
.077
.0769
.0769
.0768
.0768
.0767
.0767
.0766
.0766
.0765
.0765
.0764
.0764
.0764
.0763
.0763
.0762
.0762
.0761
.0761
.076
.076
.0759
.0759
.0758
.0758
.0757
.0757
.0756
.0756
.0756
.0755
.0755
.0754
.0754
.0753
.0753
.0752
.0752
.0751
.0751
.075
.075
.075
.0749
.0749
.0748
.0748
.0747
.0747
.0746
.0746
.0745
.0745
.0745
.0744
.0744
.0743
.0743
.0742
.0742
.0741
.0741
.0741
.074
.074
.0739
.0739
.0738
.0738
.0737
.0737
.0737
.0736
.0736
.0735
.0735
.0734
.0734
.0733
.0733
.0733
.0732
.0732
.0731
.0731
.073
.073
.073
.0729
.0729
.0728
.0728
.0727
.0727
.0727
.0726
.0726
.0725
.0725
.0724
.0724
.0724
.0723
.0723
.0722
.0722
.0721
.0721
.0721
.072
.072
.0719
.0719
.0718
.0718
.0718
.0717
.0717
.0716
.0716
.0716
.0715
.0715
.0714
.0714
.0713
.0713
.0713
.0712
.0712
.0711
.0711
.0711
.071
.071
.0709
.0709
.0708
.0708
.0708
.0707
.0707
.0706
.0706
.0706
.0705
.0705
.0704
.0704
.0704
.0703
.0703
.0702
.0702
.0702
.0701
.0701
.07
.07
.07
.0699
.0699
.0698
.0698
.0698
.0697
.0697
.0696
.0696
.0696
.0695
.0695
.0694
.0694
.0694
.0693
.0693
.0692
.0692
.0692
.0691
.0691
.069
.069
.069
.0689
.0689
.0689
.0688
.0688
.0687
.0687
.0687
.0686
.0686
.0685
.0685
.0685
.0684
.0684
.0684
.0683
.0683
.0682
.0682
.0682
.0681
.0681
.068
.068
.068
.0679
.0679
.0679
.0678
.0678
.0677
.0677
.0677
.0676
.0676
.0676
.0675
.0675
.0674
.0674
.0674
.0673
.0673
.0673
.0672
.0672
.0671
.0671
.0671
.067
.067
.067
.0669
.0669
.0668
.0668
.0668
.0667
.0667
.0667
.0666
.0666
.0666
.0665
.0665
.0664
.0664
.0664
.0663
.0663
.0663
.0662
.0662
.0662
.0661
.0661
.0661
.066
.066
.0659
.0659
.0659
.0658
.0658
.0658
.0657
.0657
.0657
.0656
.0656
.0656
.0655
.0655
.0654
.0654
.0654
.0653
.0653
.0653
.0652
.0652
.0652
.0651
.0651
.0651
.065
.065
.065
.0649
.0649
.0649
.0648
.0648
.0647
.0647
.0647
.0646
.0646
.0646
.0645
.0645
.0645
.0644
.0644
.0644
.0643
.0643
.0643
.0642
.0642
.0642
.0641
.0641
.0641
.064
.064
.064
.0639
.0639
.0639
.0638
.0638
.0638
.0637
.0637
.0637
.0636
.0636
.0636
.0635
.0635
.0635
.0634
.0634
.0634
.0633
.0633
.0633
.0632
.0632
.0632
.0631
.0631
.0631
.063
.063
.063
.0629
.0629
.0629
.0628
.0628
.0628
.0627
.0627
.0627
.0626
.0626
.0626
.0625
.0625
.0625
.0624
.0624
.0624
.0623
.0623
.0623
.0622
.0622
.0622
.0622
.0621
.0621
.0621
.062
.062
.062
.0619
.0619
.0619
.0618
.0618
.0618
.0617
.0617
.0617
.0616
.0616
.0616
.0616
.0615
.0615
.0615
.0614
.0614
.0614
.0613
.0613
.0613
.0612
.0612
.0612
.0611
.0611
.0611
.0611
.061
.061
.061
.0609
.0609
.0609
.0608
.0608
.0608
.0607
.0607
.0607
.0607
.0606
.0606
.0606
.0605
.0605
.0605
.0604
.0604
.0604
.0603
.0603
.0603
.0603
.0602
.0602
.0602
.0601
.0601
.0601
.06
.06
.06
.06
.0599
.0599
.0599
.0598
.0598
.0598
.0598
.0597
.0597
.0597
.0596
.0596
.0596
.0595
.0595
.0595
.0595
.0594
.0594
.0594
.0593
.0593
.0593
.0593
.0592
.0592
.0592
.0591
.0591
.0591
.059
.059
.059
.059
.0589
.0589
.0589
.0588
.0588
.0588
.0588
.0587
.0587
.0587
.0586
.0586
.0586
.0586
.0585
.0585
.0585
.0584
.0584
.0584
.0584
.0583
.0583
.0583
.0582
.0582
.0582
.0582
.0581
.0581
.0581
.058
.058
.058
.058
.0579
.0579
.0579
.0579
.0578
.0578
.0578
.0577
.0577
.0577
.0577
.0576
.0576
.0576
.0575
.0575
.0575
.0575
.0574
.0574
.0574
.0574
.0573
.0573
.0573
.0572
.0572
.0572
.0572
.0571
.0571
.0571
.0571
.057
.057
.057
.0569
.0569
.0569
.0569
.0568
.0568
.0568
.0568
.0567
.0567
.0567
.0567
.0566
.0566
.0566
.0565
.0565
.0565
.0565
.0564
.0564
.0564
.0564
.0563
.0563
.0563
.0563
.0562
.0562
.0562
.0561
.0561
.0561
.0561
.056
.056
.056
.056
.0559
.0559
.0559
.0559
.0558
.0558
.0558
.0558
.0557
.0557
.0557
.0557
.0556
.0556
.0556
.0555
.0555
.0555
.0555
.0554
.0554
.0554
.0554
.0553
.0553
.0553
.0553
.0552
.0552
.0552
.0552
.0551
.0551
.0551
.0551
.055
.055
.055
.055
.0549
.0549
.0549
.0549
.0548
.0548
.0548
.0548
.0547
.0547
.0547
.0547
.0546
.0546
.0546
.0546
.0545
.0545
.0545
.0545
.0544
.0544
.0544
.0544
.0543
.0543
.0543
.0543
.0542
.0542
.0542
.0542
.0541
.0541
.0541
.0541
.054
.054
.054
.054
.0539
.0539
.0539
.0539
.0538
.0538
.0538
.0538
.0537
.0537
.0537
.0537
.0537
.0536
.0536
.0536
.0536
.0535
.0535
.0535
.0535
.0534
.0534
.0534
.0534
.0533
.0533
.0533
.0533
.0532
.0532
.0532
.0532
.0532
.0531
.0531
.0531
.0531
.053
.053
.053
.053
.0529
.0529
.0529
.0529
.0528
.0528
.0528
.0528
.0528
.0527
.0527
.0527
.0527
.0526
.0526
.0526
.0526
.0525
.0525
.0525
.0525
.0524
.0524
.0524
.0524
.0524
.0523
.0523
.0523
.0523
.0522
.0522
.0522
.0522
.0522
.0521
.0521
.0521
.0521
.052
.052
.052
.052
.0519
.0519
.0519
.0519
.0519
.0518
.0518
.0518
.0518
.0517
.0517
.0517
.0517
.0517
.0516
.0516
.0516
.0516
.0515
.0515
.0515
.0515
.0515
.0514
.0514
.0514
.0514
.0513
.0513
.0513
.0513
.0513
.0512
.0512
.0512
.0512
.0511
.0511
.0511
.0511
.0511
.051
.051
.051
.051
.0509
.0509
.0509
.0509
.0509
.0508
.0508
.0508
.0508
.0508
.0507
.0507
.0507
.0507
.0506
.0506
.0506
.0506
.0506
.0505
.0505
.0505
.0505
.0504
.0504
.0504
.0504
.0504
.0503
.0503
.0503
.0503
.0503
.0502
.0502
.0502
.0502
.0502
.0501
.0501
.0501
.0501
.05
.05
.05
.05
