.6199
.6176
.6154
.6131
.6108
.6086
.6063
.6041
.6019
.5996
.5974
.5953
.5931
.5909
.5888
.5867
.5846
.5826
.5805
.5785
.5765
.5746
.5727
.5708
.5689
.5671
.5653
.5636
.5619
.5602
.5586
.557
.5555
.554
.5525
.5511
.5498
.5484
.5471
.5459
.5447
.5436
.5424
.5414
.5403
.5394
.5384
.5375
.5366
.5358
.535
.5342
.5335
.5328
.5321
.5315
.5309
.5303
.5298
.5293
.5288
.5283
.5279
.5274
.527
.5266
.5263
.5259
.5256
.5253
.525
.5247
.5245
.5242
.524
.5238
.5236
.5234
.5232
.523
.5228
.5226
.5225
.5223
.5222
.5221
.522
.5218
.5217
.5216
.5215
.5214
.5213
.5212
.5211
.521
.521
.5209
.5208
.5208
.5207
.5206
.5206
.5205
.5204
.5204
.5203
.5203
.5202
.5202
.5201
.5201
.52
.52
.5199
.5199
.5198
.5198
.5198
.5197
.5197
.5196
.5196
.5196
.5195
.5195
.5195
.5194
.5194
.5193
.5193
.5193
.5192
.5192
.5192
.5191
.5191
.5191
.519
.519
.519
.5189
.5189
.5189
.5188
.5188
.5188
.5187
.5187
.5187
.5186
.5186
.5186
.5186
.5185
.5185
.5185
.5184
.5184
.5184
.5183
.5183
.5183
.5182
.5182
.5182
.5181
.5181
.5181
.518
.518
.518
.5179
.5179
.5179
.5179
.5178
.5178
.5178
.5177
.5177
.5177
.5176
.5176
.5176
.5175
.5175
.5175
.5174
.5174
.5174
.5173
.5173
.5173
.5172
.5172
.5172
.5172
.5171
.5171
.5171
.517
.517
.517
.5169
.5169
.5169
.5168
.5168
.5168
.5167
.5167
.5167
.5166
.5166
.5166
.5165
.5165
.5165
.5164
.5164
.5164
.5163
.5163
.5163
.5162
.5162
.5162
.5162
.5161
.5161
.5161
.516
.516
.516
.5159
.5159
.5159
.5158
.5158
.5158
.5157
.5157
.5157
.5156
.5156
.5156
.5155
.5155
.5155
.5154
.5154
.5154
.5153
.5153
.5153
.5152
.5152
.5152
.5151
.5151
.5151
.515
.515
.515
.5149
.5149
.5149
.5148
.5148
.5148
.5147
.5147
.5147
.5146
.5146
.5146
.5145
.5145
.5145
.5144
.5144
.5143
.5143
.5143
.5142
.5142
.5142
.5141
.5141
.5141
.514
.514
.514
.5139
.5139
.5139
.5138
.5138
.5138
.5137
.5137
.5137
.5136
.5136
.5136
.5135
.5135
.5134
.5134
.5134
.5133
.5133
.5133
.5132
.5132
.5132
.5131
.5131
.5131
.513
.513
.5129
.5129
.5129
.5128
.5128
.5128
.5127
.5127
.5127
.5126
.5126
.5125
.5125
.5125
.5124
.5124
.5124
.5123
.5123
.5123
.5122
.5122
.5121
.5121
.5121
.512
.512
.512
.5119
.5119
.5118
.5118
.5118
.5117
.5117
.5117
.5116
.5116
.5115
.5115
.5115
.5114
.5114
.5113
.5113
.5113
.5112
.5112
.5111
.5111
.5111
.511
.511
.511
.5109
.5109
.5108
.5108
.5108
.5107
.5107
.5106
.5106
.5106
.5105
.5105
.5104
.5104
.5104
.5103
.5103
.5102
.5102
.5102
.5101
.5101
.51
.51
.5099
.5099
.5099
.5098
.5098
.5097
.5097
.5097
.5096
.5096
.5095
.5095
.5094
.5094
.5094
.5093
.5093
.5092
.5092
.5091
.5091
.5091
.509
.509
.5089
.5089
.5088
.5088
.5087
.5087
.5087
.5086
.5086
.5085
.5085
.5084
.5084
.5083
.5083
.5083
.5082
.5082
.5081
.5081
.508
.508
.5079
.5079
.5078
.5078
.5077
.5077
.5076
.5076
.5076
.5075
.5075
.5074
.5074
.5073
.5073
.5072
.5072
.5071
.5071
.507
.507
.5069
.5069
.5068
.5068
.5067
.5067
.5066
.5066
.5065
.5065
.5064
.5064
.5063
.5063
.5062
.5062
.5061
.5061
.506
.506
.5059
.5059
.5058
.5057
.5057
.5056
.5056
.5055
.5055
.5054
.5054
.5053
.5053
.5052
.5052
.5051
.505
.505
.5049
.5049
.5048
.5048
.5047
.5047
.5046
.5045
.5045
.5044
.5044
.5043
.5043
.5042
.5041
.5041
.504
.504
.5039
.5038
.5038
.5037
.5037
.5036
.5035
.5035
.5034
.5034
.5033
.5032
.5032
.5031
.5031
.503
.5029
.5029
.5028
.5027
.5027
.5026
.5025
.5025
.5024
.5024
.5023
.5022
.5022
.5021
.502
.502
.5019
.5018
.5018
.5017
.5016
.5016
.5015
.5014
.5014
.5013
.5012
.5011
.5011
.501
.5009
.5009
.5008
.5007
.5007
.5006
.5005
.5004
.5004
.5003
.5002
.5002
.5001
.5
.4999
.4999
.4998
.4997
.4996
.4996
.4995
.4994
.4993
.4993
.4992
.4991
.499
.4989
.4989
.4988
.4987
.4986
.4985
.4985
.4984
.4983
.4982
.4981
.4981
.498
.4979
.4978
.4977
.4977
.4976
.4975
.4974
.4973
.4972
.4971
.4971
.497
.4969
.4968
.4967
.4966
.4965
.4964
.4964
.4963
.4962
.4961
.496
.4959
.4958
.4957
.4956
.4955
.4955
.4954
.4953
.4952
.4951
.495
.4949
.4948
.4947
.4946
.4945
.4944
.4943
.4942
.4941
.494
.4939
.4938
.4937
.4936
.4935
.4934
.4933
.4932
.4931
.493
.4929
.4928
.4927
.4926
.4925
.4924
.4923
.4922
.4921
.492
.4919
.4918
.4916
.4915
.4914
.4913
.4912
.4911
.491
.4909
.4908
.4906
.4905
.4904
.4903
.4902
.4901
.49
.4898
.4897
.4896
.4895
.4894
.4893
.4891
.489
.4889
.4888
.4887
.4885
.4884
.4883
.4882
.488
.4879
.4878
.4877
.4875
.4874
.4873
.4872
.487
.4869
.4868
.4867
.4865
.4864
.4863
.4861
.486
.4859
.4857
.4856
.4855
.4853
.4852
.4851
.4849
.4848
.4846
.4845
.4844
.4842
.4841
.4839
.4838
.4837
.4835
.4834
.4832
.4831
.4829
.4828
.4827
.4825
.4824
.4822
.4821
.4819
.4818
.4816
.4815
.4813
.4812
.481
.4809
.4807
.4805
.4804
.4802
.4801
.4799
.4798
.4796
.4794
.4793
.4791
.479
.4788
.4786
.4785
.4783
.4782
.478
.4778
.4777
.4775
.4773
.4772
.477
.4768
.4767
.4765
.4763
.4761
.476
.4758
.4756
.4754
.4753
.4751
.4749
.4747
.4746
.4744
.4742
.474
.4738
.4737
.4735
.4733
.4731
.4729
.4728
.4726
.4724
.4722
.472
.4718
.4716
.4714
.4713
.4711
.4709
.4707
.4705
.4703
.4701
.4699
.4697
.4695
.4693
.4691
.4689
.4687
.4685
.4683
.4681
.4679
.4677
.4675
.4673
.4671
.4669
.4667
.4665
.4663
.4661
.4659
.4657
.4654
.4652
.465
.4648
.4646
.4644
.4642
.4639
.4637
.4635
.4633
.4631
.4629
.4626
.4624
.4622
.462
.4618
.4615
.4613
.4611
.4609
.4606
.4604
.4602
.46
.4597
.4595
.4593
.459
.4588
.4586
.4583
.4581
.4579
.4576
.4574
.4572
.4569
.4567
.4564
.4562
.456
.4557
.4555
.4552
.455
.4548
.4545
.4543
.454
.4538
.4535
.4533
.453
.4528
.4525
.4523
.452
.4518
.4515
.4513
.451
.4508
.4505
.4502
.45
.4497
.4495
.4492
.4489
.4487
.4484
.4482
.4479
.4476
.4474
.4471
.4468
.4466
.4463
.446
.4458
.4455
.4452
.445
.4447
.4444
.4441
.4439
.4436
.4433
.443
.4428
.4425
.4422
.4419
.4416
.4414
.4411
.4408
.4405
.4402
.44
.4397
.4394
.4391
.4388
.4385
.4382
.438
.4377
.4374
.4371
.4368
.4365
.4362
.4359
.4356
.4353
.435
.4347
.4344
.4342
.4339
.4336
.4333
.433
.4327
.4324
.4321
.4318
.4314
.4311
.4308
.4305
.4302
.4299
.4296
.4293
.429
.4287
.4284
.4281
.4278
.4274
.4271
.4268
.4265
.4262
.4259
.4256
.4252
.4249
.4246
.4243
.424
.4237
.4233
.423
.4227
.4224
.422
.4217
.4214
.4211
.4208
.4204
.4201
.4198
.4194
.4191
.4188
.4185
.4181
.4178
.4175
.4171
.4168
.4165
.4161
.4158
.4155
.4151
.4148
.4144
.4141
.4138
.4134
.4131
.4127
.4124
.4121
.4117
.4114
.411
.4107
.4103
.41
.4096
.4093
.4089
.4086
.4082
.4079
.4075
.4072
.4068
.4065
.4061
.4058
.4054
.4051
.4047
.4044
.404
.4036
.4033
.4029
.4026
.4022
.4018
.4015
.4011
.4007
.4004
.4
.3997
.3993
.3989
.3986
.3982
.3978
.3974
.3971
.3967
.3963
.396
.3956
.3952
.3948
.3945
.3941
.3937
.3933
.393
.3926
.3922
.3918
.3914
.3911
.3907
.3903
.3899
.3895
.3891
.3888
.3884
.388
.3876
.3872
.3868
.3864
.386
.3856
.3853
.3849
.3845
.3841
.3837
.3833
.3829
.3825
.3821
.3817
.3813
.3809
.3805
.3801
.3797
.3793
.3789
.3785
.3781
.3777
.3773
.3769
.3765
.3761
.3757
.3752
.3748
.3744
.374
.3736
.3732
.3728
.3724
.372
.3715
.3711
.3707
.3703
.3699
.3695
.369
.3686
.3682
.3678
.3674
.3669
.3665
.3661
.3657
.3652
.3648
.3644
.364
.3635
.3631
.3627
.3622
.3618
.3614
.361
.3605
.3601
.3597
.3592
.3588
.3584
.3579
.3575
.357
.3566
.3562
.3557
.3553
.3549
.3544
.354
.3535
.3531
.3526
.3522
.3518
.3513
.3509
.3504
.35
.3495
.3491
.3486
.3482
.3477
.3473
.3468
.3464
.3459
.3455
.345
.3446
.3441
.3437
.3432
.3428
.3423
.3418
.3414
.3409
.3405
.34
.3396
.3391
.3386
.3382
.3377
.3373
.3368
.3363
.3359
.3354
.3349
.3345
.334
.3336
.3331
.3326
.3322
.3317
.3312
.3308
.3303
.3298
.3294
.3289
.3284
.3279
.3275
.327
.3265
.3261
.3256
.3251
.3247
.3242
.3237
.3232
.3228
.3223
.3218
.3214
.3209
.3204
.3199
.3195
.319
.3185
.318
.3176
.3171
.3166
.3161
.3157
.3152
.3147
.3142
.3138
.3133
.3128
.3123
.3119
.3114
.3109
.3104
.3099
.3095
.309
.3085
.308
.3076
.3071
.3066
.3061
.3057
.3052
.3047
.3042
.3037
.3033
.3028
.3023
.3018
.3014
.3009
.3004
.2999
.2995
.299
.2985
.298
.2976
.2971
.2966
.2961
.2957
.2952
.2947
.2942
.2938
.2933
.2928
.2923
.2919
.2914
.2909
.2904
.29
.2895
.289
.2886
.2881
.2876
.2871
.2867
.2862
.2857
.2853
.2848
.2843
.2839
.2834
.2829
.2825
.282
.2815
.2811
.2806
.2801
.2797
.2792
.2787
.2783
.2778
.2773
.2769
.2764
.276
.2755
.275
.2746
.2741
.2737
.2732
.2727
.2723
.2718
.2714
.2709
.2705
.27
.2696
.2691
.2687
.2682
.2678
.2673
.2669
.2664
.266
.2655
.2651
.2646
.2642
.2637
.2633
.2628
.2624
.2619
.2615
.2611
.2606
.2602
.2597
.2593
.2589
.2584
.258
.2576
.2571
.2567
.2563
.2558
.2554
.255
.2545
.2541
.2537
.2532
.2528
.2524
.252
.2515
.2511
.2507
.2503
.2498
.2494
.249
.2486
.2482
.2477
.2473
.2469
.2465
.2461
.2457
.2453
.2448
.2444
.244
.2436
.2432
.2428
.2424
.242
.2416
.2412
.2408
.2404
.24
.2396
.2392
.2388
.2384
.238
.2376
.2372
.2368
.2364
.236
.2356
.2352
.2348
.2344
.234
.2336
.2333
.2329
.2325
.2321
.2317
.2313
.231
.2306
.2302
.2298
.2294
.2291
.2287
.2283
.2279
.2276
.2272
.2268
.2264
.2261
.2257
.2253
.225
.2246
.2242
.2239
.2235
.2231
.2228
.2224
.2221
.2217
.2214
.221
.2206
.2203
.2199
.2196
.2192
.2189
.2185
.2182
.2178
.2175
.2171
.2168
.2164
.2161
.2158
.2154
.2151
.2147
.2144
.214
.2137
.2134
.213
.2127
.2124
.212
.2117
.2114
.211
.2107
.2104
.2101
.2097
.2094
.2091
.2088
.2084
.2081
.2078
.2075
.2072
.2068
.2065
.2062
.2059
.2056
.2053
.2049
.2046
.2043
.204
.2037
.2034
.2031
.2028
.2025
.2022
.2019
.2016
.2013
.2009
.2006
.2003
.2
.1998
.1995
.1992
.1989
.1986
.1983
.198
.1977
.1974
.1971
.1968
.1965
.1962
.1959
.1957
.1954
.1951
.1948
.1945
.1942
.194
.1937
.1934
.1931
.1928
.1926
.1923
.192
.1917
.1915
.1912
.1909
.1906
.1904
.1901
.1898
.1896
.1893
.189
.1888
.1885
.1882
.188
.1877
.1874
.1872
.1869
.1867
.1864
.1861
.1859
.1856
.1854
.1851
.1849
.1846
.1843
.1841
.1838
.1836
.1833
.1831
.1828
.1826
.1823
.1821
.1819
.1816
.1814
.1811
.1809
.1806
.1804
.1802
.1799
.1797
.1794
.1792
.179
.1787
.1785
.1782
.178
.1778
.1775
.1773
.1771
.1768
.1766
.1764
.1762
.1759
.1757
.1755
.1752
.175
.1748
.1746
.1743
.1741
.1739
.1737
.1734
.1732
.173
.1728
.1726
.1723
.1721
.1719
.1717
.1715
.1713
.171
.1708
.1706
.1704
.1702
.17
.1698
.1696
.1693
.1691
.1689
.1687
.1685
.1683
.1681
.1679
.1677
.1675
.1673
.1671
.1669
.1667
.1665
.1663
.1661
.1659
.1657
.1655
.1653
.1651
.1649
.1647
.1645
.1643
.1641
.1639
.1637
.1635
.1633
.1631
.1629
.1627
.1625
.1623
.1622
.162
.1618
.1616
.1614
.1612
.161
.1608
.1606
.1605
.1603
.1601
.1599
.1597
.1595
.1594
.1592
.159
.1588
.1586
.1584
.1583
.1581
.1579
.1577
.1576
.1574
.1572
.157
.1568
.1567
.1565
.1563
.1561
.156
.1558
.1556
.1555
.1553
.1551
.1549
.1548
.1546
.1544
.1543
.1541
.1539
.1537
.1536
.1534
.1532
.1531
.1529
.1527
.1526
.1524
.1523
.1521
.1519
.1518
.1516
.1514
.1513
.1511
.151
.1508
.1506
.1505
.1503
.1502
.15
.1498
.1497
.1495
.1494
.1492
.149
.1489
.1487
.1486
.1484
.1483
.1481
.148
.1478
.1477
.1475
.1473
.1472
.147
.1469
.1467
.1466
.1464
.1463
.1461
.146
.1458
.1457
.1455
.1454
.1453
.1451
.145
.1448
.1447
.1445
.1444
.1442
.1441
.1439
.1438
.1437
.1435
.1434
.1432
.1431
.1429
.1428
.1427
.1425
.1424
.1422
.1421
.142
.1418
.1417
.1415
.1414
.1413
.1411
.141
.1408
.1407
.1406
.1404
.1403
.1402
.14
.1399
.1398
.1396
.1395
.1394
.1392
.1391
.139
.1388
.1387
.1386
.1384
.1383
.1382
.138
.1379
.1378
.1376
.1375
.1374
.1372
.1371
.137
.1369
.1367
.1366
.1365
.1363
.1362
.1361
.136
.1358
.1357
.1356
.1355
.1353
.1352
.1351
.135
.1348
.1347
.1346
.1345
.1343
.1342
.1341
.134
.1338
.1337
.1336
.1335
.1334
.1332
.1331
.133
.1329
.1328
.1326
.1325
.1324
.1323
.1322
.132
.1319
.1318
.1317
.1316
.1315
.1313
.1312
.1311
.131
.1309
.1308
.1306
.1305
.1304
.1303
.1302
.1301
.1299
.1298
.1297
.1296
.1295
.1294
.1293
.1291
.129
.1289
.1288
.1287
.1286
.1285
.1284
.1282
.1281
.128
.1279
.1278
.1277
.1276
.1275
.1274
.1273
.1271
.127
.1269
.1268
.1267
.1266
.1265
.1264
.1263
.1262
.1261
.126
.1258
.1257
.1256
.1255
.1254
.1253
.1252
.1251
.125
.1249
.1248
.1247
.1246
.1245
.1244
.1243
.1242
.1241
.124
.1239
.1237
.1236
.1235
.1234
.1233
.1232
.1231
.123
.1229
.1228
.1227
.1226
.1225
.1224
.1223
.1222
.1221
.122
.1219
.1218
.1217
.1216
.1215
.1214
.1213
.1212
.1211
.121
.1209
.1208
.1207
.1206
.1205
.1204
.1203
.1202
.1201
.12
.12
.1199
.1198
.1197
.1196
.1195
.1194
.1193
.1192
.1191
.119
.1189
.1188
.1187
.1186
.1185
.1184
.1183
.1182
.1181
.118
.118
.1179
.1178
.1177
.1176
.1175
.1174
.1173
.1172
.1171
.117
.1169
.1168
.1168
.1167
.1166
.1165
.1164
.1163
.1162
.1161
.116
.1159
.1158
.1158
.1157
.1156
.1155
.1154
.1153
.1152
.1151
.115
.115
.1149
.1148
.1147
.1146
.1145
.1144
.1143
.1142
.1142
.1141
.114
.1139
.1138
.1137
.1136
.1135
.1135
.1134
.1133
.1132
.1131
.113
.1129
.1129
.1128
.1127
.1126
.1125
.1124
.1124
.1123
.1122
.1121
.112
.1119
.1118
.1118
.1117
.1116
.1115
.1114
.1113
.1113
.1112
.1111
.111
.1109
.1108
.1108
.1107
.1106
.1105
.1104
.1104
.1103
.1102
.1101
.11
.1099
.1099
.1098
.1097
.1096
.1095
.1095
.1094
.1093
.1092
.1091
.1091
.109
.1089
.1088
.1087
.1087
.1086
.1085
.1084
.1083
.1083
.1082
.1081
.108
.1079
.1079
.1078
.1077
.1076
.1076
.1075
.1074
.1073
.1072
.1072
.1071
.107
.1069
.1069
.1068
.1067
.1066
.1065
.1065
.1064
.1063
.1062
.1062
.1061
.106
.1059
.1059
.1058
.1057
.1056
.1056
.1055
.1054
.1053
.1053
.1052
.1051
.105
.105
.1049
.1048
.1047
.1047
.1046
.1045
.1044
.1044
.1043
.1042
.1041
.1041
.104
.1039
.1039
.1038
.1037
.1036
.1036
.1035
.1034
.1033
.1033
.1032
.1031
.1031
.103
.1029
.1028
.1028
.1027
.1026
.1026
.1025
.1024
.1023
.1023
.1022
.1021
.1021
.102
.1019
.1018
.1018
.1017
.1016
.1016
.1015
.1014
.1014
.1013
.1012
.1011
.1011
.101
.1009
.1009
.1008
.1007
.1007
.1006
.1005
.1005
.1004
.1003
.1002
.1002
.1001
.1
.1
.0999
.0998
.0998
.0997
.0996
.0996
.0995
.0994
.0994
.0993
.0992
.0992
.0991
.099
.099
.0989
.0988
.0988
.0987
.0986
.0986
.0985
.0984
.0984
.0983
.0982
.0982
.0981
.098
.098
.0979
.0978
.0978
.0977
.0976
.0976
.0975
.0974
.0974
.0973
.0972
.0972
.0971
.0971
.097
.0969
.0969
.0968
.0967
.0967
.0966
.0965
.0965
.0964
.0963
.0963
.0962
.0962
.0961
.096
.096
.0959
.0958
.0958
.0957
.0956
.0956
.0955
.0955
.0954
.0953
.0953
.0952
.0951
.0951
.095
.095
.0949
.0948
.0948
.0947
.0946
.0946
.0945
.0945
.0944
.0943
.0943
.0942
.0942
.0941
.094
.094
.0939
.0938
.0938
.0937
.0937
.0936
.0935
.0935
.0934
.0934
.0933
.0932
.0932
.0931
.0931
.093
.0929
.0929
.0928
.0928
.0927
.0926
.0926
.0925
.0925
.0924
.0923
.0923
.0922
.0922
.0921
.092
.092
.0919
.0919
.0918
.0918
.0917
.0916
.0916
.0915
.0915
.0914
.0913
.0913
.0912
.0912
.0911
.091
.091
.0909
.0909
.0908
.0908
.0907
.0906
.0906
.0905
.0905
.0904
.0904
.0903
.0902
.0902
.0901
.0901
.09
.09
.0899
.0898
.0898
.0897
.0897
.0896
.0896
.0895
.0895
.0894
.0893
.0893
.0892
.0892
.0891
.0891
.089
.0889
.0889
.0888
.0888
.0887
.0887
.0886
.0886
.0885
.0884
.0884
.0883
.0883
.0882
.0882
.0881
.0881
.088
.088
.0879
.0878
.0878
.0877
.0877
.0876
.0876
.0875
.0875
.0874
.0874
.0873
.0872
.0872
.0871
.0871
.087
.087
.0869
.0869
.0868
.0868
.0867
.0867
.0866
.0866
.0865
.0864
.0864
.0863
.0863
.0862
.0862
.0861
.0861
.086
.086
.0859
.0859
.0858
.0858
.0857
.0857
.0856
.0855
.0855
.0854
.0854
.0853
.0853
.0852
.0852
.0851
.0851
.085
.085
.0849
.0849
.0848
.0848
.0847
.0847
.0846
.0846
.0845
.0845
.0844
.0844
.0843
.0843
.0842
.0842
.0841
.0841
.084
.084
.0839
.0839
.0838
.0838
.0837
.0837
.0836
.0836
.0835
.0835
.0834
.0834
.0833
.0833
.0832
.0832
.0831
.0831
.083
.083
.0829
.0829
.0828
.0828
.0827
.0827
.0826
.0826
.0825
.0825
.0824
.0824
.0823
.0823
.0822
.0822
.0821
.0821
.082
.082
.0819
.0819
.0818
.0818
.0817
.0817
.0816
.0816
.0815
.0815
.0814
.0814
.0813
.0813
.0812
.0812
.0811
.0811
.0811
.081
.081
.0809
.0809
.0808
.0808
.0807
.0807
.0806
.0806
.0805
.0805
.0804
.0804
.0803
.0803
.0802
.0802
.0802
.0801
.0801
.08
.08
.0799
.0799
.0798
.0798
.0797
.0797
.0796
.0796
.0795
.0795
.0795
.0794
.0794
.0793
.0793
.0792
.0792
.0791
.0791
.079
.079
.0789
.0789
.0789
.0788
.0788
.0787
.0787
.0786
.0786
.0785
.0785
.0784
.0784
.0784
.0783
.0783
.0782
.0782
.0781
.0781
.078
.078
.078
.0779
.0779
.0778
.0778
.0777
.0777
.0776
.0776
.0775
.0775
.0775
.0774
.0774
.0773
.0773
.0772
.0772
.0771
.0771
.0771
.077
.077
.0769
.0769
.0768
.0768
.0768
.0767
.0767
.0766
.0766
.0765
.0765
.0764
.0764
.0764
.0763
.0763
.0762
.0762
.0761
.0761
.0761
.076
.076
.0759
.0759
.0758
.0758
.0758
.0757
.0757
.0756
.0756
.0755
.0755
.0755
.0754
.0754
.0753
.0753
.0752
.0752
.0752
.0751
.0751
.075
.075
.075
.0749
.0749
.0748
.0748
.0747
.0747
.0747
.0746
.0746
.0745
.0745
.0744
.0744
.0744
.0743
.0743
.0742
.0742
.0742
.0741
.0741
.074
.074
.074
.0739
.0739
.0738
.0738
.0737
.0737
.0737
.0736
.0736
.0735
.0735
.0735
.0734
.0734
.0733
.0733
.0733
.0732
.0732
.0731
.0731
.0731
.073
.073
.0729
.0729
.0729
.0728
.0728
.0727
.0727
.0727
.0726
.0726
.0725
.0725
.0725
.0724
.0724
.0723
.0723
.0723
.0722
.0722
.0721
.0721
.0721
.072
.072
.0719
.0719
.0719
.0718
.0718
.0717
.0717
.0717
.0716
.0716
.0715
.0715
.0715
.0714
.0714
.0713
.0713
.0713
.0712
.0712
.0712
.0711
.0711
.071
.071
.071
.0709
.0709
.0708
.0708
.0708
.0707
.0707
.0707
.0706
.0706
.0705
.0705
.0705
.0704
.0704
.0703
.0703
.0703
.0702
.0702
.0702
.0701
.0701
.07
.07
.07
.0699
.0699
.0699
.0698
.0698
.0697
.0697
.0697
.0696
.0696
.0696
.0695
.0695
.0694
.0694
.0694
.0693
.0693
.0693
.0692
.0692
.0691
.0691
.0691
.069
.069
.069
.0689
.0689
.0688
.0688
.0688
.0687
.0687
.0687
.0686
.0686
.0686
.0685
.0685
.0684
.0684
.0684
.0683
.0683
.0683
.0682
.0682
.0682
.0681
.0681
.068
.068
.068
.0679
.0679
.0679
.0678
.0678
.0678
.0677
.0677
.0677
.0676
.0676
.0675
.0675
.0675
.0674
.0674
.0674
.0673
.0673
.0673
.0672
.0672
.0672
.0671
.0671
.067
.067
.067
.0669
.0669
.0669
.0668
.0668
.0668
.0667
.0667
.0667
.0666
.0666
.0666
.0665
.0665
.0665
.0664
.0664
.0663
.0663
.0663
.0662
.0662
.0662
.0661
.0661
.0661
.066
.066
.066
.0659
.0659
.0659
.0658
.0658
.0658
.0657
.0657
.0657
.0656
.0656
.0656
.0655
.0655
.0655
.0654
.0654
.0654
.0653
.0653
.0653
.0652
.0652
.0652
.0651
.0651
.0651
.065
.065
.065
.0649
.0649
.0649
.0648
.0648
.0648
.0647
.0647
.0647
.0646
.0646
.0646
.0645
.0645
.0645
.0644
.0644
.0644
.0643
.0643
.0643
.0642
.0642
.0642
.0641
.0641
.0641
.064
.064
.064
.0639
.0639
.0639
.0638
.0638
.0638
.0637
.0637
.0637
.0636
.0636
.0636
.0635
.0635
.0635
.0634
.0634
.0634
.0633
.0633
.0633
.0632
.0632
.0632
.0631
.0631
.0631
.0631
.063
.063
.063
.0629
.0629
.0629
.0628
.0628
.0628
.0627
.0627
.0627
.0626
.0626
.0626
.0625
.0625
.0625
.0625
.0624
.0624
.0624
.0623
.0623
.0623
.0622
.0622
.0622
.0621
.0621
.0621
.062
.062
.062
.0619
.0619
.0619
.0619
.0618
.0618
.0618
.0617
.0617
.0617
.0616
.0616
.0616
.0615
.0615
.0615
.0615
.0614
.0614
.0614
.0613
.0613
.0613
.0612
.0612
.0612
.0611
.0611
.0611
.0611
.061
.061
.061
.0609
.0609
.0609
.0608
.0608
.0608
.0608
.0607
.0607
.0607
.0606
.0606
.0606
.0605
.0605
.0605
.0605
.0604
.0604
.0604
.0603
.0603
.0603
.0602
.0602
.0602
.0602
.0601
.0601
.0601
.06
.06
.06
.06
.0599
.0599
.0599
.0598
.0598
.0598
.0597
.0597
.0597
.0597
.0596
.0596
.0596
.0595
.0595
.0595
.0595
.0594
.0594
.0594
.0593
.0593
.0593
.0592
.0592
.0592
.0592
.0591
.0591
.0591
.059
.059
.059
.059
.0589
.0589
.0589
.0588
.0588
.0588
.0588
.0587
.0587
.0587
.0586
.0586
.0586
.0586
.0585
.0585
.0585
.0584
.0584
.0584
.0584
.0583
.0583
.0583
.0583
.0582
.0582
.0582
.0581
.0581
.0581
.0581
.058
.058
.058
.0579
.0579
.0579
.0579
.0578
.0578
.0578
.0577
.0577
.0577
.0577
.0576
.0576
.0576
.0576
.0575
.0575
.0575
.0574
.0574
.0574
.0574
.0573
.0573
.0573
.0573
.0572
.0572
.0572
.0571
.0571
.0571
.0571
.057
.057
.057
.0569
.0569
.0569
.0569
.0568
.0568
.0568
.0568
.0567
.0567
.0567
.0567
.0566
.0566
.0566
.0565
.0565
.0565
.0565
.0564
.0564
.0564
.0564
.0563
.0563
.0563
.0563
.0562
.0562
.0562
.0561
.0561
.0561
.0561
.056
.056
.056
.056
.0559
.0559
.0559
.0559
.0558
.0558
.0558
.0557
.0557
.0557
.0557
.0556
.0556
.0556
.0556
.0555
.0555
.0555
.0555
.0554
.0554
.0554
.0554
.0553
.0553
.0553
.0553
.0552
.0552
.0552
.0551
.0551
.0551
.0551
.055
.055
.055
.055
.0549
.0549
.0549
.0549
.0548
.0548
.0548
.0548
.0547
.0547
.0547
.0547
.0546
.0546
.0546
.0546
.0545
.0545
.0545
.0545
.0544
.0544
.0544
.0544
.0543
.0543
.0543
.0543
.0542
.0542
.0542
.0542
.0541
.0541
.0541
.0541
.054
.054
.054
.054
.0539
.0539
.0539
.0539
.0538
.0538
.0538
.0538
.0537
.0537
.0537
.0537
.0536
.0536
.0536
.0536
.0535
.0535
.0535
.0535
.0534
.0534
.0534
.0534
.0533
.0533
.0533
.0533
.0532
.0532
.0532
.0532
.0531
.0531
.0531
.0531
.053
.053
.053
.053
.053
.0529
.0529
.0529
.0529
.0528
.0528
.0528
.0528
.0527
.0527
.0527
.0527
.0526
.0526
.0526
.0526
.0525
.0525
.0525
.0525
.0524
.0524
.0524
.0524
.0524
.0523
.0523
.0523
.0523
.0522
.0522
.0522
.0522
.0521
.0521
.0521
.0521
.052
.052
.052
.052
.052
.0519
.0519
.0519
.0519
.0518
.0518
.0518
.0518
.0517
.0517
.0517
.0517
.0516
.0516
.0516
.0516
.0516
.0515
.0515
.0515
.0515
.0514
.0514
.0514
.0514
.0513
.0513
.0513
.0513
.0513
.0512
.0512
.0512
.0512
.0511
.0511
.0511
.0511
.0511
.051
.051
.051
.051
.0509
.0509
.0509
.0509
.0508
.0508
.0508
.0508
.0508
.0507
.0507
.0507
.0507
.0506
.0506
.0506
.0506
.0506
.0505
.0505
.0505
.0505
.0504
.0504
.0504
.0504
.0504
.0503
.0503
.0503
.0503
.0502
.0502
.0502
.0502
.0502
.0501
.0501
.0501
.0501
.05
.05
.05
