.5286
.5281
.5275
.527
.5265
.526
.5255
.5251
.5247
.5243
.5239
.5235
.5232
.5228
.5225
.5222
.5219
.5216
.5213
.521
.5208
.5205
.5203
.5201
.5198
.5196
.5194
.5192
.519
.5188
.5186
.5184
.5183
.5181
.5179
.5177
.5176
.5174
.5173
.5171
.5169
.5168
.5166
.5165
.5163
.5162
.516
.5159
.5157
.5156
.5154
.5153
.5151
.515
.5148
.5147
.5145
.5144
.5142
.5141
.5139
.5138
.5136
.5135
.5133
.5132
.513
.5129
.5127
.5125
.5124
.5122
.5121
.5119
.5118
.5116
.5114
.5113
.5111
.5109
.5108
.5106
.5104
.5103
.5101
.5099
.5098
.5096
.5094
.5092
.5091
.5089
.5087
.5085
.5083
.5082
.508
.5078
.5076
.5074
.5072
.5071
.5069
.5067
.5065
.5063
.5061
.5059
.5057
.5055
.5053
.5051
.5049
.5047
.5045
.5043
.5041
.5039
.5037
.5035
.5033
.5031
.5029
.5027
.5024
.5022
.502
.5018
.5016
.5014
.5011
.5009
.5007
.5005
.5002
.5
.4998
.4996
.4993
.4991
.4989
.4986
.4984
.4982
.4979
.4977
.4974
.4972
.497
.4967
.4965
.4962
.496
.4957
.4955
.4952
.495
.4947
.4945
.4942
.494
.4937
.4935
.4932
.4929
.4927
.4924
.4921
.4919
.4916
.4913
.4911
.4908
.4905
.4903
.49
.4897
.4894
.4891
.4889
.4886
.4883
.488
.4877
.4875
.4872
.4869
.4866
.4863
.486
.4857
.4854
.4851
.4848
.4845
.4842
.4839
.4836
.4833
.483
.4827
.4824
.4821
.4818
.4815
.4812
.4809
.4806
.4802
.4799
.4796
.4793
.479
.4787
.4783
.478
.4777
.4774
.477
.4767
.4764
.4761
.4757
.4754
.4751
.4747
.4744
.4741
.4737
.4734
.473
.4727
.4724
.472
.4717
.4713
.471
.4706
.4703
.4699
.4696
.4692
.4689
.4685
.4682
.4678
.4675
.4671
.4668
.4664
.466
.4657
.4653
.465
.4646
.4642
.4639
.4635
.4631
.4628
.4624
.462
.4616
.4613
.4609
.4605
.4601
.4598
.4594
.459
.4586
.4583
.4579
.4575
.4571
.4567
.4563
.456
.4556
.4552
.4548
.4544
.454
.4536
.4532
.4528
.4524
.452
.4517
.4513
.4509
.4505
.4501
.4497
.4493
.4489
.4485
.4481
.4477
.4473
.4469
.4464
.446
.4456
.4452
.4448
.4444
.444
.4436
.4432
.4428
.4424
.4419
.4415
.4411
.4407
.4403
.4399
.4395
.439
.4386
.4382
.4378
.4374
.4369
.4365
.4361
.4357
.4353
.4348
.4344
.434
.4336
.4331
.4327
.4323
.4319
.4314
.431
.4306
.4302
.4297
.4293
.4289
.4284
.428
.4276
.4271
.4267
.4263
.4258
.4254
.425
.4245
.4241
.4237
.4232
.4228
.4224
.4219
.4215
.4211
.4206
.4202
.4198
.4193
.4189
.4184
.418
.4176
.4171
.4167
.4162
.4158
.4154
.4149
.4145
.414
.4136
.4132
.4127
.4123
.4118
.4114
.4109
.4105
.4101
.4096
.4092
.4087
.4083
.4078
.4074
.4069
.4065
.4061
.4056
.4052
.4047
.4043
.4038
.4034
.4029
.4025
.402
.4016
.4012
.4007
.4003
.3998
.3994
.3989
.3985
.398
.3976
.3971
.3967
.3963
.3958
.3954
.3949
.3945
.394
.3936
.3931
.3927
.3922
.3918
.3913
.3909
.3905
.39
.3896
.3891
.3887
.3882
.3878
.3873
.3869
.3864
.386
.3856
.3851
.3847
.3842
.3838
.3833
.3829
.3824
.382
.3816
.3811
.3807
.3802
.3798
.3793
.3789
.3785
.378
.3776
.3771
.3767
.3762
.3758
.3754
.3749
.3745
.374
.3736
.3732
.3727
.3723
.3718
.3714
.371
.3705
.3701
.3696
.3692
.3688
.3683
.3679
.3674
.367
.3666
.3661
.3657
.3653
.3648
.3644
.364
.3635
.3631
.3627
.3622
.3618
.3614
.3609
.3605
.3601
.3596
.3592
.3588
.3583
.3579
.3575
.357
.3566
.3562
.3558
.3553
.3549
.3545
.354
.3536
.3532
.3528
.3523
.3519
.3515
.3511
.3506
.3502
.3498
.3494
.3489
.3485
.3481
.3477
.3472
.3468
.3464
.346
.3456
.3451
.3447
.3443
.3439
.3435
.3431
.3426
.3422
.3418
.3414
.341
.3406
.3401
.3397
.3393
.3389
.3385
.3381
.3377
.3373
.3368
.3364
.336
.3356
.3352
.3348
.3344
.334
.3336
.3332
.3328
.3323
.3319
.3315
.3311
.3307
.3303
.3299
.3295
.3291
.3287
.3283
.3279
.3275
.3271
.3267
.3263
.3259
.3255
.3251
.3247
.3243
.3239
.3235
.3231
.3227
.3223
.3219
.3216
.3212
.3208
.3204
.32
.3196
.3192
.3188
.3184
.318
.3176
.3173
.3169
.3165
.3161
.3157
.3153
.3149
.3145
.3142
.3138
.3134
.313
.3126
.3122
.3119
.3115
.3111
.3107
.3103
.31
.3096
.3092
.3088
.3085
.3081
.3077
.3073
.307
.3066
.3062
.3058
.3055
.3051
.3047
.3043
.304
.3036
.3032
.3029
.3025
.3021
.3018
.3014
.301
.3007
.3003
.2999
.2996
.2992
.2988
.2985
.2981
.2977
.2974
.297
.2967
.2963
.2959
.2956
.2952
.2949
.2945
.2942
.2938
.2934
.2931
.2927
.2924
.292
.2917
.2913
.291
.2906
.2903
.2899
.2896
.2892
.2889
.2885
.2882
.2878
.2875
.2871
.2868
.2864
.2861
.2857
.2854
.285
.2847
.2844
.284
.2837
.2833
.283
.2827
.2823
.282
.2816
.2813
.281
.2806
.2803
.28
.2796
.2793
.2789
.2786
.2783
.2779
.2776
.2773
.277
.2766
.2763
.276
.2756
.2753
.275
.2746
.2743
.274
.2737
.2733
.273
.2727
.2724
.272
.2717
.2714
.2711
.2707
.2704
.2701
.2698
.2695
.2691
.2688
.2685
.2682
.2679
.2676
.2672
.2669
.2666
.2663
.266
.2657
.2654
.265
.2647
.2644
.2641
.2638
.2635
.2632
.2629
.2626
.2622
.2619
.2616
.2613
.261
.2607
.2604
.2601
.2598
.2595
.2592
.2589
.2586
.2583
.258
.2577
.2574
.2571
.2568
.2565
.2562
.2559
.2556
.2553
.255
.2547
.2544
.2541
.2538
.2535
.2532
.2529
.2526
.2523
.252
.2518
.2515
.2512
.2509
.2506
.2503
.25
.2497
.2494
.2492
.2489
.2486
.2483
.248
.2477
.2474
.2472
.2469
.2466
.2463
.246
.2457
.2455
.2452
.2449
.2446
.2443
.2441
.2438
.2435
.2432
.2429
.2427
.2424
.2421
.2418
.2416
.2413
.241
.2407
.2405
.2402
.2399
.2397
.2394
.2391
.2388
.2386
.2383
.238
.2378
.2375
.2372
.237
.2367
.2364
.2362
.2359
.2356
.2354
.2351
.2348
.2346
.2343
.234
.2338
.2335
.2333
.233
.2327
.2325
.2322
.232
.2317
.2314
.2312
.2309
.2307
.2304
.2302
.2299
.2296
.2294
.2291
.2289
.2286
.2284
.2281
.2279
.2276
.2274
.2271
.2269
.2266
.2264
.2261
.2259
.2256
.2254
.2251
.2249
.2246
.2244
.2241
.2239
.2236
.2234
.2232
.2229
.2227
.2224
.2222
.2219
.2217
.2215
.2212
.221
.2207
.2205
.2203
.22
.2198
.2195
.2193
.2191
.2188
.2186
.2184
.2181
.2179
.2176
.2174
.2172
.2169
.2167
.2165
.2162
.216
.2158
.2155
.2153
.2151
.2148
.2146
.2144
.2142
.2139
.2137
.2135
.2132
.213
.2128
.2126
.2123
.2121
.2119
.2117
.2114
.2112
.211
.2108
.2105
.2103
.2101
.2099
.2096
.2094
.2092
.209
.2088
.2085
.2083
.2081
.2079
.2077
.2074
.2072
.207
.2068
.2066
.2064
.2061
.2059
.2057
.2055
.2053
.2051
.2049
.2046
.2044
.2042
.204
.2038
.2036
.2034
.2031
.2029
.2027
.2025
.2023
.2021
.2019
.2017
.2015
.2013
.2011
.2008
.2006
.2004
.2002
.2
.1998
.1996
.1994
.1992
.199
.1988
.1986
.1984
.1982
.198
.1978
.1976
.1974
.1972
.197
.1968
.1966
.1964
.1962
.196
.1958
.1956
.1954
.1952
.195
.1948
.1946
.1944
.1942
.194
.1938
.1936
.1934
.1932
.193
.1928
.1926
.1924
.1922
.192
.1918
.1917
.1915
.1913
.1911
.1909
.1907
.1905
.1903
.1901
.1899
.1897
.1896
.1894
.1892
.189
.1888
.1886
.1884
.1882
.1881
.1879
.1877
.1875
.1873
.1871
.1869
.1868
.1866
.1864
.1862
.186
.1858
.1857
.1855
.1853
.1851
.1849
.1847
.1846
.1844
.1842
.184
.1838
.1837
.1835
.1833
.1831
.1829
.1828
.1826
.1824
.1822
.1821
.1819
.1817
.1815
.1813
.1812
.181
.1808
.1806
.1805
.1803
.1801
.1799
.1798
.1796
.1794
.1793
.1791
.1789
.1787
.1786
.1784
.1782
.1781
.1779
.1777
.1775
.1774
.1772
.177
.1769
.1767
.1765
.1764
.1762
.176
.1759
.1757
.1755
.1754
.1752
.175
.1749
.1747
.1745
.1744
.1742
.174
.1739
.1737
.1735
.1734
.1732
.1731
.1729
.1727
.1726
.1724
.1722
.1721
.1719
.1718
.1716
.1714
.1713
.1711
.171
.1708
.1706
.1705
.1703
.1702
.17
.1699
.1697
.1695
.1694
.1692
.1691
.1689
.1688
.1686
.1684
.1683
.1681
.168
.1678
.1677
.1675
.1674
.1672
.1671
.1669
.1667
.1666
.1664
.1663
.1661
.166
.1658
.1657
.1655
.1654
.1652
.1651
.1649
.1648
.1646
.1645
.1643
.1642
.164
.1639
.1637
.1636
.1634
.1633
.1631
.163
.1628
.1627
.1626
.1624
.1623
.1621
.162
.1618
.1617
.1615
.1614
.1612
.1611
.161
.1608
.1607
.1605
.1604
.1602
.1601
.16
.1598
.1597
.1595
.1594
.1592
.1591
.159
.1588
.1587
.1585
.1584
.1583
.1581
.158
.1578
.1577
.1576
.1574
.1573
.1571
.157
.1569
.1567
.1566
.1565
.1563
.1562
.156
.1559
.1558
.1556
.1555
.1554
.1552
.1551
.155
.1548
.1547
.1546
.1544
.1543
.1541
.154
.1539
.1537
.1536
.1535
.1533
.1532
.1531
.153
.1528
.1527
.1526
.1524
.1523
.1522
.152
.1519
.1518
.1516
.1515
.1514
.1513
.1511
.151
.1509
.1507
.1506
.1505
.1503
.1502
.1501
.15
.1498
.1497
.1496
.1495
.1493
.1492
.1491
.149
.1488
.1487
.1486
.1484
.1483
.1482
.1481
.1479
.1478
.1477
.1476
.1474
.1473
.1472
.1471
.147
.1468
.1467
.1466
.1465
.1463
.1462
.1461
.146
.1459
.1457
.1456
.1455
.1454
.1452
.1451
.145
.1449
.1448
.1446
.1445
.1444
.1443
.1442
.144
.1439
.1438
.1437
.1436
.1435
.1433
.1432
.1431
.143
.1429
.1427
.1426
.1425
.1424
.1423
.1422
.142
.1419
.1418
.1417
.1416
.1415
.1414
.1412
.1411
.141
.1409
.1408
.1407
.1405
.1404
.1403
.1402
.1401
.14
.1399
.1398
.1396
.1395
.1394
.1393
.1392
.1391
.139
.1389
.1387
.1386
.1385
.1384
.1383
.1382
.1381
.138
.1379
.1377
.1376
.1375
.1374
.1373
.1372
.1371
.137
.1369
.1368
.1367
.1365
.1364
.1363
.1362
.1361
.136
.1359
.1358
.1357
.1356
.1355
.1354
.1353
.1351
.135
.1349
.1348
.1347
.1346
.1345
.1344
.1343
.1342
.1341
.134
.1339
.1338
.1337
.1336
.1335
.1334
.1332
.1331
.133
.1329
.1328
.1327
.1326
.1325
.1324
.1323
.1322
.1321
.132
.1319
.1318
.1317
.1316
.1315
.1314
.1313
.1312
.1311
.131
.1309
.1308
.1307
.1306
.1305
.1304
.1303
.1302
.1301
.13
.1299
.1298
.1297
.1296
.1295
.1294
.1293
.1292
.1291
.129
.1289
.1288
.1287
.1286
.1285
.1284
.1283
.1282
.1281
.128
.1279
.1278
.1277
.1276
.1275
.1275
.1274
.1273
.1272
.1271
.127
.1269
.1268
.1267
.1266
.1265
.1264
.1263
.1262
.1261
.126
.1259
.1258
.1257
.1256
.1256
.1255
.1254
.1253
.1252
.1251
.125
.1249
.1248
.1247
.1246
.1245
.1244
.1243
.1243
.1242
.1241
.124
.1239
.1238
.1237
.1236
.1235
.1234
.1233
.1232
.1232
.1231
.123
.1229
.1228
.1227
.1226
.1225
.1224
.1223
.1223
.1222
.1221
.122
.1219
.1218
.1217
.1216
.1215
.1215
.1214
.1213
.1212
.1211
.121
.1209
.1208
.1208
.1207
.1206
.1205
.1204
.1203
.1202
.1201
.1201
.12
.1199
.1198
.1197
.1196
.1195
.1195
.1194
.1193
.1192
.1191
.119
.1189
.1189
.1188
.1187
.1186
.1185
.1184
.1184
.1183
.1182
.1181
.118
.1179
.1178
.1178
.1177
.1176
.1175
.1174
.1173
.1173
.1172
.1171
.117
.1169
.1169
.1168
.1167
.1166
.1165
.1164
.1164
.1163
.1162
.1161
.116
.116
.1159
.1158
.1157
.1156
.1155
.1155
.1154
.1153
.1152
.1151
.1151
.115
.1149
.1148
.1147
.1147
.1146
.1145
.1144
.1143
.1143
.1142
.1141
.114
.114
.1139
.1138
.1137
.1136
.1136
.1135
.1134
.1133
.1132
.1132
.1131
.113
.1129
.1129
.1128
.1127
.1126
.1125
.1125
.1124
.1123
.1122
.1122
.1121
.112
.1119
.1119
.1118
.1117
.1116
.1116
.1115
.1114
.1113
.1112
.1112
.1111
.111
.1109
.1109
.1108
.1107
.1106
.1106
.1105
.1104
.1103
.1103
.1102
.1101
.1101
.11
.1099
.1098
.1098
.1097
.1096
.1095
.1095
.1094
.1093
.1092
.1092
.1091
.109
.109
.1089
.1088
.1087
.1087
.1086
.1085
.1084
.1084
.1083
.1082
.1082
.1081
.108
.1079
.1079
.1078
.1077
.1077
.1076
.1075
.1074
.1074
.1073
.1072
.1072
.1071
.107
.1069
.1069
.1068
.1067
.1067
.1066
.1065
.1065
.1064
.1063
.1062
.1062
.1061
.106
.106
.1059
.1058
.1058
.1057
.1056
.1056
.1055
.1054
.1054
.1053
.1052
.1051
.1051
.105
.1049
.1049
.1048
.1047
.1047
.1046
.1045
.1045
.1044
.1043
.1043
.1042
.1041
.1041
.104
.1039
.1039
.1038
.1037
.1037
.1036
.1035
.1035
.1034
.1033
.1033
.1032
.1031
.1031
.103
.1029
.1029
.1028
.1027
.1027
.1026
.1025
.1025
.1024
.1023
.1023
.1022
.1022
.1021
.102
.102
.1019
.1018
.1018
.1017
.1016
.1016
.1015
.1014
.1014
.1013
.1013
.1012
.1011
.1011
.101
.1009
.1009
.1008
.1007
.1007
.1006
.1006
.1005
.1004
.1004
.1003
.1002
.1002
.1001
.1001
.1
.0999
.0999
.0998
.0997
.0997
.0996
.0996
.0995
.0994
.0994
.0993
.0992
.0992
.0991
.0991
.099
.0989
.0989
.0988
.0988
.0987
.0986
.0986
.0985
.0985
.0984
.0983
.0983
.0982
.0982
.0981
.098
.098
.0979
.0978
.0978
.0977
.0977
.0976
.0976
.0975
.0974
.0974
.0973
.0973
.0972
.0971
.0971
.097
.097
.0969
.0968
.0968
.0967
.0967
.0966
.0965
.0965
.0964
.0964
.0963
.0963
.0962
.0961
.0961
.096
.096
.0959
.0958
.0958
.0957
.0957
.0956
.0956
.0955
.0954
.0954
.0953
.0953
.0952
.0952
.0951
.095
.095
.0949
.0949
.0948
.0948
.0947
.0946
.0946
.0945
.0945
.0944
.0944
.0943
.0943
.0942
.0941
.0941
.094
.094
.0939
.0939
.0938
.0938
.0937
.0936
.0936
.0935
.0935
.0934
.0934
.0933
.0933
.0932
.0931
.0931
.093
.093
.0929
.0929
.0928
.0928
.0927
.0927
.0926
.0925
.0925
.0924
.0924
.0923
.0923
.0922
.0922
.0921
.0921
.092
.092
.0919
.0918
.0918
.0917
.0917
.0916
.0916
.0915
.0915
.0914
.0914
.0913
.0913
.0912
.0912
.0911
.091
.091
.0909
.0909
.0908
.0908
.0907
.0907
.0906
.0906
.0905
.0905
.0904
.0904
.0903
.0903
.0902
.0902
.0901
.0901
.09
.09
.0899
.0899
.0898
.0897
.0897
.0896
.0896
.0895
.0895
.0894
.0894
.0893
.0893
.0892
.0892
.0891
.0891
.089
.089
.0889
.0889
.0888
.0888
.0887
.0887
.0886
.0886
.0885
.0885
.0884
.0884
.0883
.0883
.0882
.0882
.0881
.0881
.088
.088
.0879
.0879
.0878
.0878
.0877
.0877
.0876
.0876
.0875
.0875
.0874
.0874
.0873
.0873
.0872
.0872
.0872
.0871
.0871
.087
.087
.0869
.0869
.0868
.0868
.0867
.0867
.0866
.0866
.0865
.0865
.0864
.0864
.0863
.0863
.0862
.0862
.0861
.0861
.086
.086
.086
.0859
.0859
.0858
.0858
.0857
.0857
.0856
.0856
.0855
.0855
.0854
.0854
.0853
.0853
.0852
.0852
.0852
.0851
.0851
.085
.085
.0849
.0849
.0848
.0848
.0847
.0847
.0846
.0846
.0845
.0845
.0845
.0844
.0844
.0843
.0843
.0842
.0842
.0841
.0841
.084
.084
.084
.0839
.0839
.0838
.0838
.0837
.0837
.0836
.0836
.0835
.0835
.0835
.0834
.0834
.0833
.0833
.0832
.0832
.0831
.0831
.0831
.083
.083
.0829
.0829
.0828
.0828
.0827
.0827
.0827
.0826
.0826
.0825
.0825
.0824
.0824
.0823
.0823
.0823
.0822
.0822
.0821
.0821
.082
.082
.082
.0819
.0819
.0818
.0818
.0817
.0817
.0816
.0816
.0816
.0815
.0815
.0814
.0814
.0813
.0813
.0813
.0812
.0812
.0811
.0811
.081
.081
.081
.0809
.0809
.0808
.0808
.0808
.0807
.0807
.0806
.0806
.0805
.0805
.0805
.0804
.0804
.0803
.0803
.0802
.0802
.0802
.0801
.0801
.08
.08
.08
.0799
.0799
.0798
.0798
.0797
.0797
.0797
.0796
.0796
.0795
.0795
.0795
.0794
.0794
.0793
.0793
.0793
.0792
.0792
.0791
.0791
.079
.079
.079
.0789
.0789
.0788
.0788
.0788
.0787
.0787
.0786
.0786
.0786
.0785
.0785
.0784
.0784
.0784
.0783
.0783
.0782
.0782
.0782
.0781
.0781
.078
.078
.078
.0779
.0779
.0778
.0778
.0778
.0777
.0777
.0776
.0776
.0776
.0775
.0775
.0775
.0774
.0774
.0773
.0773
.0773
.0772
.0772
.0771
.0771
.0771
.077
.077
.0769
.0769
.0769
.0768
.0768
.0767
.0767
.0767
.0766
.0766
.0766
.0765
.0765
.0764
.0764
.0764
.0763
.0763
.0763
.0762
.0762
.0761
.0761
.0761
.076
.076
.0759
.0759
.0759
.0758
.0758
.0758
.0757
.0757
.0756
.0756
.0756
.0755
.0755
.0755
.0754
.0754
.0753
.0753
.0753
.0752
.0752
.0752
.0751
.0751
.075
.075
.075
.0749
.0749
.0749
.0748
.0748
.0748
.0747
.0747
.0746
.0746
.0746
.0745
.0745
.0745
.0744
.0744
.0744
.0743
.0743
.0742
.0742
.0742
.0741
.0741
.0741
.074
.074
.074
.0739
.0739
.0738
.0738
.0738
.0737
.0737
.0737
.0736
.0736
.0736
.0735
.0735
.0735
.0734
.0734
.0733
.0733
.0733
.0732
.0732
.0732
.0731
.0731
.0731
.073
.073
.073
.0729
.0729
.0728
.0728
.0728
.0727
.0727
.0727
.0726
.0726
.0726
.0725
.0725
.0725
.0724
.0724
.0724
.0723
.0723
.0723
.0722
.0722
.0722
.0721
.0721
.0721
.072
.072
.0719
.0719
.0719
.0718
.0718
.0718
.0717
.0717
.0717
.0716
.0716
.0716
.0715
.0715
.0715
.0714
.0714
.0714
.0713
.0713
.0713
.0712
.0712
.0712
.0711
.0711
.0711
.071
.071
.071
.0709
.0709
.0709
.0708
.0708
.0708
.0707
.0707
.0707
.0706
.0706
.0706
.0705
.0705
.0705
.0704
.0704
.0704
.0703
.0703
.0703
.0702
.0702
.0702
.0701
.0701
.0701
.07
.07
.07
.0699
.0699
.0699
.0698
.0698
.0698
.0697
.0697
.0697
.0697
.0696
.0696
.0696
.0695
.0695
.0695
.0694
.0694
.0694
.0693
.0693
.0693
.0692
.0692
.0692
.0691
.0691
.0691
.069
.069
.069
.0689
.0689
.0689
.0689
.0688
.0688
.0688
.0687
.0687
.0687
.0686
.0686
.0686
.0685
.0685
.0685
.0684
.0684
.0684
.0683
.0683
.0683
.0683
.0682
.0682
.0682
.0681
.0681
.0681
.068
.068
.068
.0679
.0679
.0679
.0679
.0678
.0678
.0678
.0677
.0677
.0677
.0676
.0676
.0676
.0675
.0675
.0675
.0675
.0674
.0674
.0674
.0673
.0673
.0673
.0672
.0672
.0672
.0672
.0671
.0671
.0671
.067
.067
.067
.0669
.0669
.0669
.0669
.0668
.0668
.0668
.0667
.0667
.0667
.0666
.0666
.0666
.0666
.0665
.0665
.0665
.0664
.0664
.0664
.0663
.0663
.0663
.0663
.0662
.0662
.0662
.0661
.0661
.0661
.0661
.066
.066
.066
.0659
.0659
.0659
.0658
.0658
.0658
.0658
.0657
.0657
.0657
.0656
.0656
.0656
.0656
.0655
.0655
.0655
.0654
.0654
.0654
.0654
.0653
.0653
.0653
.0652
.0652
.0652
.0652
.0651
.0651
.0651
.065
.065
.065
.065
.0649
.0649
.0649
.0648
.0648
.0648
.0648
.0647
.0647
.0647
.0646
.0646
.0646
.0646
.0645
.0645
.0645
.0644
.0644
.0644
.0644
.0643
.0643
.0643
.0643
.0642
.0642
.0642
.0641
.0641
.0641
.0641
.064
.064
.064
.0639
.0639
.0639
.0639
.0638
.0638
.0638
.0638
.0637
.0637
.0637
.0636
.0636
.0636
.0636
.0635
.0635
.0635
.0635
.0634
.0634
.0634
.0633
.0633
.0633
.0633
.0632
.0632
.0632
.0632
.0631
.0631
.0631
.063
.063
.063
.063
.0629
.0629
.0629
.0629
.0628
.0628
.0628
.0628
.0627
.0627
.0627
.0626
.0626
.0626
.0626
.0625
.0625
.0625
.0625
.0624
.0624
.0624
.0624
.0623
.0623
.0623
.0622
.0622
.0622
.0622
.0621
.0621
.0621
.0621
.062
.062
.062
.062
.0619
.0619
.0619
.0619
.0618
.0618
.0618
.0618
.0617
.0617
.0617
.0617
.0616
.0616
.0616
.0615
.0615
.0615
.0615
.0614
.0614
.0614
.0614
.0613
.0613
.0613
.0613
.0612
.0612
.0612
.0612
.0611
.0611
.0611
.0611
.061
.061
.061
.061
.0609
.0609
.0609
.0609
.0608
.0608
.0608
.0608
.0607
.0607
.0607
.0607
.0606
.0606
.0606
.0606
.0605
.0605
.0605
.0605
.0604
.0604
.0604
.0604
.0603
.0603
.0603
.0603
.0602
.0602
.0602
.0602
.0601
.0601
.0601
.0601
.06
.06
.06
.06
.0599
.0599
.0599
.0599
.0598
.0598
.0598
.0598
.0597
.0597
.0597
.0597
.0596
.0596
.0596
.0596
.0596
.0595
.0595
.0595
.0595
.0594
.0594
.0594
.0594
.0593
.0593
.0593
.0593
.0592
.0592
.0592
.0592
.0591
.0591
.0591
.0591
.059
.059
.059
.059
.059
.0589
.0589
.0589
.0589
.0588
.0588
.0588
.0588
.0587
.0587
.0587
.0587
.0586
.0586
.0586
.0586
.0585
.0585
.0585
.0585
.0585
.0584
.0584
.0584
.0584
.0583
.0583
.0583
.0583
.0582
.0582
.0582
.0582
.0582
.0581
.0581
.0581
.0581
.058
.058
.058
.058
.0579
.0579
.0579
.0579
.0579
.0578
.0578
.0578
.0578
.0577
.0577
.0577
.0577
.0576
.0576
.0576
.0576
.0576
.0575
.0575
.0575
.0575
.0574
.0574
.0574
.0574
.0574
.0573
.0573
.0573
.0573
.0572
.0572
.0572
.0572
.0571
.0571
.0571
.0571
.0571
.057
.057
.057
.057
.0569
.0569
.0569
.0569
.0569
.0568
.0568
.0568
.0568
.0567
.0567
.0567
.0567
.0567
.0566
.0566
.0566
.0566
.0565
.0565
.0565
.0565
.0565
.0564
.0564
.0564
.0564
.0564
.0563
.0563
.0563
.0563
.0562
.0562
.0562
.0562
.0562
.0561
.0561
.0561
.0561
.056
.056
.056
.056
.056
.0559
.0559
.0559
.0559
.0559
.0558
.0558
.0558
.0558
.0557
.0557
.0557
.0557
.0557
.0556
.0556
.0556
.0556
.0556
.0555
.0555
.0555
.0555
.0554
.0554
.0554
.0554
.0554
.0553
.0553
.0553
.0553
.0553
.0552
.0552
.0552
.0552
.0552
.0551
.0551
.0551
.0551
.055
.055
.055
.055
.055
.0549
.0549
.0549
.0549
.0549
.0548
.0548
.0548
.0548
.0548
.0547
.0547
.0547
.0547
.0547
.0546
.0546
.0546
.0546
.0545
.0545
.0545
.0545
.0545
.0544
.0544
.0544
.0544
.0544
.0543
.0543
.0543
.0543
.0543
.0542
.0542
.0542
.0542
.0542
.0541
.0541
.0541
.0541
.0541
.054
.054
.054
.054
.054
.0539
.0539
.0539
.0539
.0539
.0538
.0538
.0538
.0538
.0538
.0537
.0537
.0537
.0537
.0537
.0536
.0536
.0536
.0536
.0536
.0535
.0535
.0535
.0535
.0535
.0534
.0534
.0534
.0534
.0534
.0533
.0533
.0533
.0533
.0533
.0532
.0532
.0532
.0532
.0532
.0531
.0531
.0531
.0531
.0531
.053
.053
.053
.053
.053
.0529
.0529
.0529
.0529
.0529
.0528
.0528
.0528
.0528
.0528
.0528
.0527
.0527
.0527
.0527
.0527
.0526
.0526
.0526
.0526
.0526
.0525
.0525
.0525
.0525
.0525
.0524
.0524
.0524
.0524
.0524
.0523
.0523
.0523
.0523
.0523
.0523
.0522
.0522
.0522
.0522
.0522
.0521
.0521
.0521
.0521
.0521
.052
.052
.052
.052
.052
.052
.0519
.0519
.0519
.0519
.0519
.0518
.0518
.0518
.0518
.0518
.0517
.0517
.0517
.0517
.0517
.0517
.0516
.0516
.0516
.0516
.0516
.0515
.0515
.0515
.0515
.0515
.0514
.0514
.0514
.0514
.0514
.0514
.0513
.0513
.0513
.0513
.0513
.0512
.0512
.0512
.0512
.0512
.0512
.0511
.0511
.0511
.0511
.0511
.051
.051
.051
.051
.051
.051
.0509
.0509
.0509
.0509
.0509
.0508
.0508
.0508
.0508
.0508
.0508
.0507
.0507
.0507
.0507
.0507
.0506
.0506
.0506
.0506
.0506
.0506
.0505
.0505
.0505
.0505
.0505
.0505
.0504
.0504
.0504
.0504
.0504
.0503
.0503
.0503
.0503
.0503
.0503
.0502
.0502
.0502
.0502
.0502
.0501
.0501
.0501
.0501
.0501
.0501
.05
.05
.05
.05
