.6423
.6394
.6364
.6334
.6304
.6274
.6243
.6213
.6182
.6151
.612
.6089
.6059
.6028
.5997
.5966
.5936
.5906
.5876
.5846
.5816
.5787
.5758
.573
.5702
.5674
.5647
.5621
.5595
.557
.5546
.5522
.5499
.5477
.5456
.5435
.5415
.5396
.5378
.536
.5344
.5328
.5313
.5299
.5285
.5272
.526
.5249
.5238
.5228
.5219
.521
.5202
.5194
.5187
.5181
.5174
.5169
.5163
.5158
.5154
.5149
.5145
.5142
.5138
.5135
.5132
.5129
.5127
.5125
.5122
.512
.5119
.5117
.5115
.5114
.5112
.5111
.511
.5109
.5108
.5107
.5106
.5105
.5104
.5103
.5102
.5101
.5101
.51
.5099
.5099
.5098
.5097
.5097
.5096
.5096
.5095
.5095
.5094
.5094
.5093
.5093
.5092
.5092
.5091
.5091
.509
.509
.5089
.5089
.5088
.5088
.5087
.5087
.5086
.5086
.5085
.5085
.5084
.5084
.5083
.5083
.5082
.5082
.5081
.5081
.508
.508
.5079
.5079
.5078
.5078
.5077
.5077
.5076
.5076
.5075
.5075
.5074
.5074
.5073
.5073
.5072
.5072
.5071
.5071
.507
.507
.5069
.5068
.5068
.5067
.5067
.5066
.5066
.5065
.5064
.5064
.5063
.5063
.5062
.5062
.5061
.506
.506
.5059
.5059
.5058
.5057
.5057
.5056
.5056
.5055
.5054
.5054
.5053
.5053
.5052
.5051
.5051
.505
.5049
.5049
.5048
.5047
.5047
.5046
.5046
.5045
.5044
.5044
.5043
.5042
.5041
.5041
.504
.5039
.5039
.5038
.5037
.5037
.5036
.5035
.5035
.5034
.5033
.5032
.5032
.5031
.503
.5029
.5029
.5028
.5027
.5026
.5026
.5025
.5024
.5023
.5023
.5022
.5021
.502
.502
.5019
.5018
.5017
.5016
.5016
.5015
.5014
.5013
.5012
.5011
.5011
.501
.5009
.5008
.5007
.5006
.5006
.5005
.5004
.5003
.5002
.5001
.5
.4999
.4999
.4998
.4997
.4996
.4995
.4994
.4993
.4992
.4991
.499
.4989
.4988
.4987
.4986
.4986
.4985
.4984
.4983
.4982
.4981
.498
.4979
.4978
.4977
.4976
.4975
.4974
.4973
.4972
.497
.4969
.4968
.4967
.4966
.4965
.4964
.4963
.4962
.4961
.496
.4959
.4958
.4956
.4955
.4954
.4953
.4952
.4951
.495
.4948
.4947
.4946
.4945
.4944
.4943
.4941
.494
.4939
.4938
.4937
.4935
.4934
.4933
.4932
.493
.4929
.4928
.4927
.4925
.4924
.4923
.4922
.492
.4919
.4918
.4916
.4915
.4914
.4912
.4911
.491
.4908
.4907
.4905
.4904
.4903
.4901
.49
.4898
.4897
.4896
.4894
.4893
.4891
.489
.4888
.4887
.4885
.4884
.4882
.4881
.4879
.4878
.4876
.4875
.4873
.4872
.487
.4869
.4867
.4866
.4864
.4862
.4861
.4859
.4858
.4856
.4854
.4853
.4851
.4849
.4848
.4846
.4844
.4843
.4841
.4839
.4838
.4836
.4834
.4832
.4831
.4829
.4827
.4825
.4824
.4822
.482
.4818
.4816
.4815
.4813
.4811
.4809
.4807
.4805
.4804
.4802
.48
.4798
.4796
.4794
.4792
.479
.4788
.4786
.4784
.4782
.478
.4778
.4776
.4774
.4772
.477
.4768
.4766
.4764
.4762
.476
.4758
.4756
.4754
.4752
.475
.4748
.4746
.4743
.4741
.4739
.4737
.4735
.4733
.4731
.4728
.4726
.4724
.4722
.4719
.4717
.4715
.4713
.471
.4708
.4706
.4704
.4701
.4699
.4697
.4694
.4692
.469
.4687
.4685
.4683
.468
.4678
.4675
.4673
.4671
.4668
.4666
.4663
.4661
.4658
.4656
.4653
.4651
.4648
.4646
.4643
.4641
.4638
.4636
.4633
.4631
.4628
.4626
.4623
.462
.4618
.4615
.4613
.461
.4607
.4605
.4602
.4599
.4597
.4594
.4591
.4588
.4586
.4583
.458
.4578
.4575
.4572
.4569
.4566
.4564
.4561
.4558
.4555
.4552
.455
.4547
.4544
.4541
.4538
.4535
.4532
.4529
.4527
.4524
.4521
.4518
.4515
.4512
.4509
.4506
.4503
.45
.4497
.4494
.4491
.4488
.4485
.4482
.4479
.4476
.4473
.447
.4467
.4463
.446
.4457
.4454
.4451
.4448
.4445
.4442
.4438
.4435
.4432
.4429
.4426
.4423
.4419
.4416
.4413
.441
.4406
.4403
.44
.4397
.4393
.439
.4387
.4383
.438
.4377
.4374
.437
.4367
.4364
.436
.4357
.4353
.435
.4347
.4343
.434
.4336
.4333
.433
.4326
.4323
.4319
.4316
.4312
.4309
.4305
.4302
.4298
.4295
.4291
.4288
.4284
.4281
.4277
.4274
.427
.4267
.4263
.426
.4256
.4252
.4249
.4245
.4242
.4238
.4234
.4231
.4227
.4223
.422
.4216
.4212
.4209
.4205
.4201
.4198
.4194
.419
.4187
.4183
.4179
.4175
.4172
.4168
.4164
.416
.4157
.4153
.4149
.4145
.4142
.4138
.4134
.413
.4126
.4122
.4119
.4115
.4111
.4107
.4103
.4099
.4096
.4092
.4088
.4084
.408
.4076
.4072
.4068
.4065
.4061
.4057
.4053
.4049
.4045
.4041
.4037
.4033
.4029
.4025
.4021
.4017
.4013
.4009
.4005
.4001
.3997
.3993
.3989
.3985
.3981
.3977
.3973
.3969
.3965
.3961
.3957
.3953
.3949
.3945
.3941
.3937
.3933
.3929
.3925
.3921
.3917
.3912
.3908
.3904
.39
.3896
.3892
.3888
.3884
.388
.3876
.3871
.3867
.3863
.3859
.3855
.3851
.3847
.3842
.3838
.3834
.383
.3826
.3822
.3818
.3813
.3809
.3805
.3801
.3797
.3792
.3788
.3784
.378
.3776
.3772
.3767
.3763
.3759
.3755
.3751
.3746
.3742
.3738
.3734
.3729
.3725
.3721
.3717
.3713
.3708
.3704
.37
.3696
.3691
.3687
.3683
.3679
.3674
.367
.3666
.3662
.3657
.3653
.3649
.3645
.364
.3636
.3632
.3628
.3623
.3619
.3615
.3611
.3606
.3602
.3598
.3593
.3589
.3585
.3581
.3576
.3572
.3568
.3564
.3559
.3555
.3551
.3546
.3542
.3538
.3534
.3529
.3525
.3521
.3516
.3512
.3508
.3504
.3499
.3495
.3491
.3486
.3482
.3478
.3474
.3469
.3465
.3461
.3457
.3452
.3448
.3444
.3439
.3435
.3431
.3427
.3422
.3418
.3414
.341
.3405
.3401
.3397
.3392
.3388
.3384
.338
.3375
.3371
.3367
.3363
.3358
.3354
.335
.3346
.3341
.3337
.3333
.3329
.3324
.332
.3316
.3312
.3307
.3303
.3299
.3295
.329
.3286
.3282
.3278
.3273
.3269
.3265
.3261
.3257
.3252
.3248
.3244
.324
.3235
.3231
.3227
.3223
.3219
.3214
.321
.3206
.3202
.3198
.3194
.3189
.3185
.3181
.3177
.3173
.3168
.3164
.316
.3156
.3152
.3148
.3144
.3139
.3135
.3131
.3127
.3123
.3119
.3115
.311
.3106
.3102
.3098
.3094
.309
.3086
.3082
.3078
.3073
.3069
.3065
.3061
.3057
.3053
.3049
.3045
.3041
.3037
.3033
.3029
.3025
.302
.3016
.3012
.3008
.3004
.3
.2996
.2992
.2988
.2984
.298
.2976
.2972
.2968
.2964
.296
.2956
.2952
.2948
.2944
.294
.2936
.2932
.2928
.2924
.292
.2917
.2913
.2909
.2905
.2901
.2897
.2893
.2889
.2885
.2881
.2877
.2873
.2869
.2866
.2862
.2858
.2854
.285
.2846
.2842
.2838
.2835
.2831
.2827
.2823
.2819
.2815
.2812
.2808
.2804
.28
.2796
.2793
.2789
.2785
.2781
.2777
.2774
.277
.2766
.2762
.2759
.2755
.2751
.2747
.2744
.274
.2736
.2732
.2729
.2725
.2721
.2717
.2714
.271
.2706
.2703
.2699
.2695
.2692
.2688
.2684
.2681
.2677
.2673
.267
.2666
.2662
.2659
.2655
.2652
.2648
.2644
.2641
.2637
.2634
.263
.2626
.2623
.2619
.2616
.2612
.2609
.2605
.2602
.2598
.2594
.2591
.2587
.2584
.258
.2577
.2573
.257
.2566
.2563
.2559
.2556
.2552
.2549
.2546
.2542
.2539
.2535
.2532
.2528
.2525
.2521
.2518
.2515
.2511
.2508
.2504
.2501
.2498
.2494
.2491
.2487
.2484
.2481
.2477
.2474
.2471
.2467
.2464
.2461
.2457
.2454
.2451
.2447
.2444
.2441
.2437
.2434
.2431
.2428
.2424
.2421
.2418
.2415
.2411
.2408
.2405
.2402
.2398
.2395
.2392
.2389
.2386
.2382
.2379
.2376
.2373
.237
.2366
.2363
.236
.2357
.2354
.2351
.2347
.2344
.2341
.2338
.2335
.2332
.2329
.2326
.2322
.2319
.2316
.2313
.231
.2307
.2304
.2301
.2298
.2295
.2292
.2289
.2286
.2282
.2279
.2276
.2273
.227
.2267
.2264
.2261
.2258
.2255
.2252
.2249
.2246
.2243
.224
.2238
.2235
.2232
.2229
.2226
.2223
.222
.2217
.2214
.2211
.2208
.2205
.2202
.2199
.2197
.2194
.2191
.2188
.2185
.2182
.2179
.2176
.2174
.2171
.2168
.2165
.2162
.2159
.2157
.2154
.2151
.2148
.2145
.2143
.214
.2137
.2134
.2131
.2129
.2126
.2123
.212
.2118
.2115
.2112
.2109
.2107
.2104
.2101
.2099
.2096
.2093
.209
.2088
.2085
.2082
.208
.2077
.2074
.2072
.2069
.2066
.2064
.2061
.2058
.2056
.2053
.205
.2048
.2045
.2042
.204
.2037
.2035
.2032
.2029
.2027
.2024
.2022
.2019
.2017
.2014
.2011
.2009
.2006
.2004
.2001
.1999
.1996
.1994
.1991
.1989
.1986
.1984
.1981
.1979
.1976
.1974
.1971
.1969
.1966
.1964
.1961
.1959
.1956
.1954
.1951
.1949
.1946
.1944
.1941
.1939
.1937
.1934
.1932
.1929
.1927
.1925
.1922
.192
.1917
.1915
.1913
.191
.1908
.1905
.1903
.1901
.1898
.1896
.1894
.1891
.1889
.1887
.1884
.1882
.188
.1877
.1875
.1873
.187
.1868
.1866
.1863
.1861
.1859
.1857
.1854
.1852
.185
.1847
.1845
.1843
.1841
.1838
.1836
.1834
.1832
.1829
.1827
.1825
.1823
.1821
.1818
.1816
.1814
.1812
.181
.1807
.1805
.1803
.1801
.1799
.1796
.1794
.1792
.179
.1788
.1786
.1783
.1781
.1779
.1777
.1775
.1773
.1771
.1768
.1766
.1764
.1762
.176
.1758
.1756
.1754
.1752
.175
.1747
.1745
.1743
.1741
.1739
.1737
.1735
.1733
.1731
.1729
.1727
.1725
.1723
.1721
.1719
.1717
.1715
.1713
.171
.1708
.1706
.1704
.1702
.17
.1698
.1696
.1694
.1692
.169
.1689
.1687
.1685
.1683
.1681
.1679
.1677
.1675
.1673
.1671
.1669
.1667
.1665
.1663
.1661
.1659
.1657
.1655
.1653
.1652
.165
.1648
.1646
.1644
.1642
.164
.1638
.1636
.1634
.1633
.1631
.1629
.1627
.1625
.1623
.1621
.162
.1618
.1616
.1614
.1612
.161
.1608
.1607
.1605
.1603
.1601
.1599
.1597
.1596
.1594
.1592
.159
.1588
.1587
.1585
.1583
.1581
.1579
.1578
.1576
.1574
.1572
.1571
.1569
.1567
.1565
.1564
.1562
.156
.1558
.1557
.1555
.1553
.1551
.155
.1548
.1546
.1544
.1543
.1541
.1539
.1538
.1536
.1534
.1532
.1531
.1529
.1527
.1526
.1524
.1522
.1521
.1519
.1517
.1516
.1514
.1512
.1511
.1509
.1507
.1506
.1504
.1502
.1501
.1499
.1497
.1496
.1494
.1492
.1491
.1489
.1488
.1486
.1484
.1483
.1481
.148
.1478
.1476
.1475
.1473
.1472
.147
.1468
.1467
.1465
.1464
.1462
.146
.1459
.1457
.1456
.1454
.1453
.1451
.1449
.1448
.1446
.1445
.1443
.1442
.144
.1439
.1437
.1436
.1434
.1433
.1431
.1429
.1428
.1426
.1425
.1423
.1422
.142
.1419
.1417
.1416
.1414
.1413
.1411
.141
.1408
.1407
.1405
.1404
.1402
.1401
.14
.1398
.1397
.1395
.1394
.1392
.1391
.1389
.1388
.1386
.1385
.1384
.1382
.1381
.1379
.1378
.1376
.1375
.1373
.1372
.1371
.1369
.1368
.1366
.1365
.1364
.1362
.1361
.1359
.1358
.1357
.1355
.1354
.1352
.1351
.135
.1348
.1347
.1345
.1344
.1343
.1341
.134
.1339
.1337
.1336
.1334
.1333
.1332
.133
.1329
.1328
.1326
.1325
.1324
.1322
.1321
.132
.1318
.1317
.1316
.1314
.1313
.1312
.131
.1309
.1308
.1306
.1305
.1304
.1302
.1301
.13
.1299
.1297
.1296
.1295
.1293
.1292
.1291
.129
.1288
.1287
.1286
.1284
.1283
.1282
.1281
.1279
.1278
.1277
.1276
.1274
.1273
.1272
.127
.1269
.1268
.1267
.1265
.1264
.1263
.1262
.1261
.1259
.1258
.1257
.1256
.1254
.1253
.1252
.1251
.1249
.1248
.1247
.1246
.1245
.1243
.1242
.1241
.124
.1239
.1237
.1236
.1235
.1234
.1233
.1231
.123
.1229
.1228
.1227
.1225
.1224
.1223
.1222
.1221
.122
.1218
.1217
.1216
.1215
.1214
.1213
.1211
.121
.1209
.1208
.1207
.1206
.1204
.1203
.1202
.1201
.12
.1199
.1198
.1196
.1195
.1194
.1193
.1192
.1191
.119
.1189
.1187
.1186
.1185
.1184
.1183
.1182
.1181
.118
.1179
.1177
.1176
.1175
.1174
.1173
.1172
.1171
.117
.1169
.1168
.1167
.1165
.1164
.1163
.1162
.1161
.116
.1159
.1158
.1157
.1156
.1155
.1154
.1153
.1151
.115
.1149
.1148
.1147
.1146
.1145
.1144
.1143
.1142
.1141
.114
.1139
.1138
.1137
.1136
.1135
.1134
.1133
.1132
.1131
.1129
.1128
.1127
.1126
.1125
.1124
.1123
.1122
.1121
.112
.1119
.1118
.1117
.1116
.1115
.1114
.1113
.1112
.1111
.111
.1109
.1108
.1107
.1106
.1105
.1104
.1103
.1102
.1101
.11
.1099
.1098
.1097
.1096
.1095
.1094
.1093
.1092
.1091
.1091
.109
.1089
.1088
.1087
.1086
.1085
.1084
.1083
.1082
.1081
.108
.1079
.1078
.1077
.1076
.1075
.1074
.1073
.1072
.1071
.107
.107
.1069
.1068
.1067
.1066
.1065
.1064
.1063
.1062
.1061
.106
.1059
.1058
.1057
.1057
.1056
.1055
.1054
.1053
.1052
.1051
.105
.1049
.1048
.1047
.1046
.1046
.1045
.1044
.1043
.1042
.1041
.104
.1039
.1038
.1038
.1037
.1036
.1035
.1034
.1033
.1032
.1031
.103
.103
.1029
.1028
.1027
.1026
.1025
.1024
.1023
.1023
.1022
.1021
.102
.1019
.1018
.1017
.1017
.1016
.1015
.1014
.1013
.1012
.1011
.1011
.101
.1009
.1008
.1007
.1006
.1005
.1005
.1004
.1003
.1002
.1001
.1
.1
.0999
.0998
.0997
.0996
.0995
.0995
.0994
.0993
.0992
.0991
.099
.099
.0989
.0988
.0987
.0986
.0986
.0985
.0984
.0983
.0982
.0981
.0981
.098
.0979
.0978
.0977
.0977
.0976
.0975
.0974
.0973
.0973
.0972
.0971
.097
.0969
.0969
.0968
.0967
.0966
.0966
.0965
.0964
.0963
.0962
.0962
.0961
.096
.0959
.0958
.0958
.0957
.0956
.0955
.0955
.0954
.0953
.0952
.0952
.0951
.095
.0949
.0948
.0948
.0947
.0946
.0945
.0945
.0944
.0943
.0942
.0942
.0941
.094
.0939
.0939
.0938
.0937
.0936
.0936
.0935
.0934
.0933
.0933
.0932
.0931
.093
.093
.0929
.0928
.0927
.0927
.0926
.0925
.0925
.0924
.0923
.0922
.0922
.0921
.092
.0919
.0919
.0918
.0917
.0917
.0916
.0915
.0914
.0914
.0913
.0912
.0912
.0911
.091
.0909
.0909
.0908
.0907
.0907
.0906
.0905
.0905
.0904
.0903
.0902
.0902
.0901
.09
.09
.0899
.0898
.0898
.0897
.0896
.0895
.0895
.0894
.0893
.0893
.0892
.0891
.0891
.089
.0889
.0889
.0888
.0887
.0887
.0886
.0885
.0885
.0884
.0883
.0883
.0882
.0881
.088
.088
.0879
.0878
.0878
.0877
.0876
.0876
.0875
.0874
.0874
.0873
.0873
.0872
.0871
.0871
.087
.0869
.0869
.0868
.0867
.0867
.0866
.0865
.0865
.0864
.0863
.0863
.0862
.0861
.0861
.086
.0859
.0859
.0858
.0858
.0857
.0856
.0856
.0855
.0854
.0854
.0853
.0852
.0852
.0851
.0851
.085
.0849
.0849
.0848
.0847
.0847
.0846
.0846
.0845
.0844
.0844
.0843
.0842
.0842
.0841
.0841
.084
.0839
.0839
.0838
.0838
.0837
.0836
.0836
.0835
.0834
.0834
.0833
.0833
.0832
.0831
.0831
.083
.083
.0829
.0828
.0828
.0827
.0827
.0826
.0825
.0825
.0824
.0824
.0823
.0822
.0822
.0821
.0821
.082
.0819
.0819
.0818
.0818
.0817
.0816
.0816
.0815
.0815
.0814
.0814
.0813
.0812
.0812
.0811
.0811
.081
.0809
.0809
.0808
.0808
.0807
.0807
.0806
.0805
.0805
.0804
.0804
.0803
.0803
.0802
.0801
.0801
.08
.08
.0799
.0799
.0798
.0798
.0797
.0796
.0796
.0795
.0795
.0794
.0794
.0793
.0792
.0792
.0791
.0791
.079
.079
.0789
.0789
.0788
.0787
.0787
.0786
.0786
.0785
.0785
.0784
.0784
.0783
.0783
.0782
.0781
.0781
.078
.078
.0779
.0779
.0778
.0778
.0777
.0777
.0776
.0776
.0775
.0774
.0774
.0773
.0773
.0772
.0772
.0771
.0771
.077
.077
.0769
.0769
.0768
.0768
.0767
.0766
.0766
.0765
.0765
.0764
.0764
.0763
.0763
.0762
.0762
.0761
.0761
.076
.076
.0759
.0759
.0758
.0758
.0757
.0757
.0756
.0756
.0755
.0755
.0754
.0754
.0753
.0753
.0752
.0752
.0751
.0751
.075
.075
.0749
.0748
.0748
.0747
.0747
.0746
.0746
.0745
.0745
.0744
.0744
.0743
.0743
.0742
.0742
.0742
.0741
.0741
.074
.074
.0739
.0739
.0738
.0738
.0737
.0737
.0736
.0736
.0735
.0735
.0734
.0734
.0733
.0733
.0732
.0732
.0731
.0731
.073
.073
.0729
.0729
.0728
.0728
.0727
.0727
.0726
.0726
.0725
.0725
.0725
.0724
.0724
.0723
.0723
.0722
.0722
.0721
.0721
.072
.072
.0719
.0719
.0718
.0718
.0717
.0717
.0717
.0716
.0716
.0715
.0715
.0714
.0714
.0713
.0713
.0712
.0712
.0711
.0711
.0711
.071
.071
.0709
.0709
.0708
.0708
.0707
.0707
.0706
.0706
.0705
.0705
.0705
.0704
.0704
.0703
.0703
.0702
.0702
.0701
.0701
.0701
.07
.07
.0699
.0699
.0698
.0698
.0697
.0697
.0697
.0696
.0696
.0695
.0695
.0694
.0694
.0693
.0693
.0693
.0692
.0692
.0691
.0691
.069
.069
.069
.0689
.0689
.0688
.0688
.0687
.0687
.0686
.0686
.0686
.0685
.0685
.0684
.0684
.0683
.0683
.0683
.0682
.0682
.0681
.0681
.068
.068
.068
.0679
.0679
.0678
.0678
.0678
.0677
.0677
.0676
.0676
.0675
.0675
.0675
.0674
.0674
.0673
.0673
.0672
.0672
.0672
.0671
.0671
.067
.067
.067
.0669
.0669
.0668
.0668
.0668
.0667
.0667
.0666
.0666
.0665
.0665
.0665
.0664
.0664
.0663
.0663
.0663
.0662
.0662
.0661
.0661
.0661
.066
.066
.0659
.0659
.0659
.0658
.0658
.0657
.0657
.0657
.0656
.0656
.0655
.0655
.0655
.0654
.0654
.0653
.0653
.0653
.0652
.0652
.0651
.0651
.0651
.065
.065
.0649
.0649
.0649
.0648
.0648
.0648
.0647
.0647
.0646
.0646
.0646
.0645
.0645
.0644
.0644
.0644
.0643
.0643
.0643
.0642
.0642
.0641
.0641
.0641
.064
.064
.0639
.0639
.0639
.0638
.0638
.0638
.0637
.0637
.0636
.0636
.0636
.0635
.0635
.0635
.0634
.0634
.0633
.0633
.0633
.0632
.0632
.0632
.0631
.0631
.063
.063
.063
.0629
.0629
.0629
.0628
.0628
.0627
.0627
.0627
.0626
.0626
.0626
.0625
.0625
.0625
.0624
.0624
.0623
.0623
.0623
.0622
.0622
.0622
.0621
.0621
.0621
.062
.062
.062
.0619
.0619
.0618
.0618
.0618
.0617
.0617
.0617
.0616
.0616
.0616
.0615
.0615
.0615
.0614
.0614
.0613
.0613
.0613
.0612
.0612
.0612
.0611
.0611
.0611
.061
.061
.061
.0609
.0609
.0609
.0608
.0608
.0608
.0607
.0607
.0606
.0606
.0606
.0605
.0605
.0605
.0604
.0604
.0604
.0603
.0603
.0603
.0602
.0602
.0602
.0601
.0601
.0601
.06
.06
.06
.0599
.0599
.0599
.0598
.0598
.0598
.0597
.0597
.0597
.0596
.0596
.0596
.0595
.0595
.0595
.0594
.0594
.0594
.0593
.0593
.0593
.0592
.0592
.0592
.0591
.0591
.0591
.059
.059
.059
.0589
.0589
.0589
.0588
.0588
.0588
.0587
.0587
.0587
.0586
.0586
.0586
.0585
.0585
.0585
.0584
.0584
.0584
.0583
.0583
.0583
.0582
.0582
.0582
.0581
.0581
.0581
.0581
.058
.058
.058
.0579
.0579
.0579
.0578
.0578
.0578
.0577
.0577
.0577
.0576
.0576
.0576
.0575
.0575
.0575
.0575
.0574
.0574
.0574
.0573
.0573
.0573
.0572
.0572
.0572
.0571
.0571
.0571
.057
.057
.057
.057
.0569
.0569
.0569
.0568
.0568
.0568
.0567
.0567
.0567
.0566
.0566
.0566
.0566
.0565
.0565
.0565
.0564
.0564
.0564
.0563
.0563
.0563
.0563
.0562
.0562
.0562
.0561
.0561
.0561
.056
.056
.056
.056
.0559
.0559
.0559
.0558
.0558
.0558
.0557
.0557
.0557
.0557
.0556
.0556
.0556
.0555
.0555
.0555
.0554
.0554
.0554
.0554
.0553
.0553
.0553
.0552
.0552
.0552
.0552
.0551
.0551
.0551
.055
.055
.055
.055
.0549
.0549
.0549
.0548
.0548
.0548
.0548
.0547
.0547
.0547
.0546
.0546
.0546
.0545
.0545
.0545
.0545
.0544
.0544
.0544
.0544
.0543
.0543
.0543
.0542
.0542
.0542
.0542
.0541
.0541
.0541
.054
.054
.054
.054
.0539
.0539
.0539
.0538
.0538
.0538
.0538
.0537
.0537
.0537
.0536
.0536
.0536
.0536
.0535
.0535
.0535
.0535
.0534
.0534
.0534
.0533
.0533
.0533
.0533
.0532
.0532
.0532
.0532
.0531
.0531
.0531
.053
.053
.053
.053
.0529
.0529
.0529
.0529
.0528
.0528
.0528
.0527
.0527
.0527
.0527
.0526
.0526
.0526
.0526
.0525
.0525
.0525
.0525
.0524
.0524
.0524
.0523
.0523
.0523
.0523
.0522
.0522
.0522
.0522
.0521
.0521
.0521
.0521
.052
.052
.052
.052
.0519
.0519
.0519
.0519
.0518
.0518
.0518
.0517
.0517
.0517
.0517
.0516
.0516
.0516
.0516
.0515
.0515
.0515
.0515
.0514
.0514
.0514
.0514
.0513
.0513
.0513
.0513
.0512
.0512
.0512
.0512
.0511
.0511
.0511
.0511
.051
.051
.051
.051
.0509
.0509
.0509
.0509
.0508
.0508
.0508
.0508
.0507
.0507
.0507
.0507
.0506
.0506
.0506
.0506
.0505
.0505
.0505
.0505
.0504
.0504
.0504
.0504
.0503
.0503
.0503
.0503
.0502
.0502
.0502
.0502
.0501
.0501
.0501
.0501
.05
.05
.05
