.6606
.657
.6534
.6498
.6461
.6423
.6386
.6348
.631
.6271
.6233
.6194
.6156
.6117
.6079
.604
.6002
.5964
.5926
.5889
.5852
.5816
.5781
.5746
.5712
.5678
.5646
.5614
.5584
.5554
.5526
.5499
.5472
.5447
.5424
.5401
.5379
.5359
.534
.5322
.5305
.5289
.5274
.526
.5247
.5235
.5224
.5214
.5205
.5196
.5188
.518
.5173
.5167
.5161
.5156
.5151
.5147
.5143
.5139
.5136
.5133
.513
.5128
.5126
.5124
.5122
.512
.5119
.5117
.5116
.5115
.5114
.5113
.5112
.5111
.5111
.511
.5109
.5109
.5108
.5108
.5108
.5107
.5107
.5107
.5106
.5106
.5106
.5106
.5105
.5105
.5105
.5105
.5105
.5105
.5104
.5104
.5104
.5104
.5104
.5104
.5104
.5103
.5103
.5103
.5103
.5103
.5103
.5103
.5103
.5103
.5102
.5102
.5102
.5102
.5102
.5102
.5102
.5102
.5102
.5102
.5101
.5101
.5101
.5101
.5101
.5101
.5101
.5101
.5101
.51
.51
.51
.51
.51
.51
.51
.51
.51
.5099
.5099
.5099
.5099
.5099
.5099
.5099
.5099
.5098
.5098
.5098
.5098
.5098
.5098
.5098
.5098
.5097
.5097
.5097
.5097
.5097
.5097
.5097
.5097
.5096
.5096
.5096
.5096
.5096
.5096
.5096
.5095
.5095
.5095
.5095
.5095
.5095
.5095
.5094
.5094
.5094
.5094
.5094
.5094
.5094
.5093
.5093
.5093
.5093
.5093
.5093
.5092
.5092
.5092
.5092
.5092
.5092
.5091
.5091
.5091
.5091
.5091
.5091
.509
.509
.509
.509
.509
.509
.5089
.5089
.5089
.5089
.5089
.5089
.5088
.5088
.5088
.5088
.5088
.5087
.5087
.5087
.5087
.5087
.5087
.5086
.5086
.5086
.5086
.5086
.5085
.5085
.5085
.5085
.5085
.5084
.5084
.5084
.5084
.5084
.5083
.5083
.5083
.5083
.5083
.5082
.5082
.5082
.5082
.5081
.5081
.5081
.5081
.5081
.508
.508
.508
.508
.5079
.5079
.5079
.5079
.5078
.5078
.5078
.5078
.5077
.5077
.5077
.5077
.5077
.5076
.5076
.5076
.5076
.5075
.5075
.5075
.5074
.5074
.5074
.5074
.5073
.5073
.5073
.5073
.5072
.5072
.5072
.5072
.5071
.5071
.5071
.507
.507
.507
.507
.5069
.5069
.5069
.5068
.5068
.5068
.5067
.5067
.5067
.5067
.5066
.5066
.5066
.5065
.5065
.5065
.5064
.5064
.5064
.5063
.5063
.5063
.5062
.5062
.5062
.5061
.5061
.5061
.506
.506
.506
.5059
.5059
.5058
.5058
.5058
.5057
.5057
.5057
.5056
.5056
.5056
.5055
.5055
.5054
.5054
.5054
.5053
.5053
.5052
.5052
.5052
.5051
.5051
.505
.505
.505
.5049
.5049
.5048
.5048
.5047
.5047
.5047
.5046
.5046
.5045
.5045
.5044
.5044
.5044
.5043
.5043
.5042
.5042
.5041
.5041
.504
.504
.5039
.5039
.5038
.5038
.5037
.5037
.5036
.5036
.5035
.5035
.5034
.5034
.5033
.5033
.5032
.5032
.5031
.5031
.503
.503
.5029
.5029
.5028
.5027
.5027
.5026
.5026
.5025
.5025
.5024
.5023
.5023
.5022
.5022
.5021
.5021
.502
.5019
.5019
.5018
.5017
.5017
.5016
.5016
.5015
.5014
.5014
.5013
.5012
.5012
.5011
.501
.501
.5009
.5008
.5008
.5007
.5006
.5006
.5005
.5004
.5004
.5003
.5002
.5001
.5001
.5
.4999
.4999
.4998
.4997
.4996
.4996
.4995
.4994
.4993
.4992
.4992
.4991
.499
.4989
.4989
.4988
.4987
.4986
.4985
.4984
.4984
.4983
.4982
.4981
.498
.4979
.4979
.4978
.4977
.4976
.4975
.4974
.4973
.4972
.4971
.4971
.497
.4969
.4968
.4967
.4966
.4965
.4964
.4963
.4962
.4961
.496
.4959
.4958
.4957
.4956
.4955
.4954
.4953
.4952
.4951
.495
.4949
.4948
.4947
.4946
.4945
.4944
.4943
.4942
.4941
.4939
.4938
.4937
.4936
.4935
.4934
.4933
.4932
.493
.4929
.4928
.4927
.4926
.4925
.4923
.4922
.4921
.492
.4918
.4917
.4916
.4915
.4914
.4912
.4911
.491
.4908
.4907
.4906
.4905
.4903
.4902
.4901
.4899
.4898
.4897
.4895
.4894
.4892
.4891
.489
.4888
.4887
.4886
.4884
.4883
.4881
.488
.4878
.4877
.4875
.4874
.4872
.4871
.4869
.4868
.4866
.4865
.4863
.4862
.486
.4859
.4857
.4856
.4854
.4852
.4851
.4849
.4848
.4846
.4844
.4843
.4841
.4839
.4838
.4836
.4834
.4833
.4831
.4829
.4827
.4826
.4824
.4822
.482
.4819
.4817
.4815
.4813
.4812
.481
.4808
.4806
.4804
.4802
.4801
.4799
.4797
.4795
.4793
.4791
.4789
.4787
.4785
.4783
.4781
.4779
.4777
.4775
.4773
.4771
.4769
.4767
.4765
.4763
.4761
.4759
.4757
.4755
.4753
.4751
.4749
.4747
.4745
.4742
.474
.4738
.4736
.4734
.4732
.4729
.4727
.4725
.4723
.472
.4718
.4716
.4714
.4711
.4709
.4707
.4704
.4702
.47
.4697
.4695
.4693
.469
.4688
.4686
.4683
.4681
.4678
.4676
.4674
.4671
.4669
.4666
.4664
.4661
.4659
.4656
.4654
.4651
.4649
.4646
.4643
.4641
.4638
.4636
.4633
.4631
.4628
.4625
.4623
.462
.4617
.4615
.4612
.4609
.4607
.4604
.4601
.4598
.4596
.4593
.459
.4587
.4585
.4582
.4579
.4576
.4573
.4571
.4568
.4565
.4562
.4559
.4556
.4553
.455
.4548
.4545
.4542
.4539
.4536
.4533
.453
.4527
.4524
.4521
.4518
.4515
.4512
.4509
.4506
.4503
.45
.4497
.4493
.449
.4487
.4484
.4481
.4478
.4475
.4472
.4468
.4465
.4462
.4459
.4456
.4453
.4449
.4446
.4443
.444
.4436
.4433
.443
.4427
.4423
.442
.4417
.4413
.441
.4407
.4403
.44
.4397
.4393
.439
.4387
.4383
.438
.4376
.4373
.4369
.4366
.4363
.4359
.4356
.4352
.4349
.4345
.4342
.4338
.4335
.4331
.4328
.4324
.4321
.4317
.4314
.431
.4306
.4303
.4299
.4296
.4292
.4288
.4285
.4281
.4278
.4274
.427
.4267
.4263
.4259
.4256
.4252
.4248
.4245
.4241
.4237
.4233
.423
.4226
.4222
.4218
.4215
.4211
.4207
.4203
.42
.4196
.4192
.4188
.4184
.4181
.4177
.4173
.4169
.4165
.4161
.4158
.4154
.415
.4146
.4142
.4138
.4134
.413
.4126
.4123
.4119
.4115
.4111
.4107
.4103
.4099
.4095
.4091
.4087
.4083
.4079
.4075
.4071
.4067
.4063
.4059
.4055
.4051
.4047
.4043
.4039
.4035
.4031
.4027
.4023
.4019
.4015
.4011
.4007
.4003
.3999
.3995
.3991
.3987
.3982
.3978
.3974
.397
.3966
.3962
.3958
.3954
.395
.3946
.3941
.3937
.3933
.3929
.3925
.3921
.3917
.3912
.3908
.3904
.39
.3896
.3892
.3888
.3883
.3879
.3875
.3871
.3867
.3862
.3858
.3854
.385
.3846
.3842
.3837
.3833
.3829
.3825
.3821
.3816
.3812
.3808
.3804
.3799
.3795
.3791
.3787
.3783
.3778
.3774
.377
.3766
.3761
.3757
.3753
.3749
.3744
.374
.3736
.3732
.3727
.3723
.3719
.3715
.371
.3706
.3702
.3698
.3693
.3689
.3685
.3681
.3676
.3672
.3668
.3664
.3659
.3655
.3651
.3647
.3642
.3638
.3634
.3629
.3625
.3621
.3617
.3612
.3608
.3604
.36
.3595
.3591
.3587
.3583
.3578
.3574
.357
.3565
.3561
.3557
.3553
.3548
.3544
.354
.3536
.3531
.3527
.3523
.3519
.3514
.351
.3506
.3501
.3497
.3493
.3489
.3484
.348
.3476
.3472
.3467
.3463
.3459
.3455
.345
.3446
.3442
.3438
.3434
.3429
.3425
.3421
.3417
.3412
.3408
.3404
.34
.3395
.3391
.3387
.3383
.3379
.3374
.337
.3366
.3362
.3357
.3353
.3349
.3345
.3341
.3336
.3332
.3328
.3324
.332
.3316
.3311
.3307
.3303
.3299
.3295
.329
.3286
.3282
.3278
.3274
.327
.3265
.3261
.3257
.3253
.3249
.3245
.3241
.3236
.3232
.3228
.3224
.322
.3216
.3212
.3208
.3203
.3199
.3195
.3191
.3187
.3183
.3179
.3175
.3171
.3167
.3163
.3158
.3154
.315
.3146
.3142
.3138
.3134
.313
.3126
.3122
.3118
.3114
.311
.3106
.3102
.3098
.3094
.309
.3086
.3082
.3078
.3074
.307
.3066
.3062
.3058
.3054
.305
.3046
.3042
.3038
.3034
.303
.3026
.3022
.3018
.3014
.301
.3006
.3002
.2998
.2994
.299
.2987
.2983
.2979
.2975
.2971
.2967
.2963
.2959
.2955
.2951
.2948
.2944
.294
.2936
.2932
.2928
.2924
.2921
.2917
.2913
.2909
.2905
.2901
.2898
.2894
.289
.2886
.2882
.2879
.2875
.2871
.2867
.2863
.286
.2856
.2852
.2848
.2845
.2841
.2837
.2833
.283
.2826
.2822
.2818
.2815
.2811
.2807
.2804
.28
.2796
.2793
.2789
.2785
.2782
.2778
.2774
.277
.2767
.2763
.276
.2756
.2752
.2749
.2745
.2741
.2738
.2734
.2731
.2727
.2723
.272
.2716
.2713
.2709
.2705
.2702
.2698
.2695
.2691
.2688
.2684
.268
.2677
.2673
.267
.2666
.2663
.2659
.2656
.2652
.2649
.2645
.2642
.2638
.2635
.2631
.2628
.2624
.2621
.2618
.2614
.2611
.2607
.2604
.26
.2597
.2593
.259
.2587
.2583
.258
.2576
.2573
.257
.2566
.2563
.256
.2556
.2553
.2549
.2546
.2543
.2539
.2536
.2533
.2529
.2526
.2523
.2519
.2516
.2513
.251
.2506
.2503
.25
.2496
.2493
.249
.2487
.2483
.248
.2477
.2474
.247
.2467
.2464
.2461
.2457
.2454
.2451
.2448
.2445
.2441
.2438
.2435
.2432
.2429
.2426
.2422
.2419
.2416
.2413
.241
.2407
.2404
.24
.2397
.2394
.2391
.2388
.2385
.2382
.2379
.2376
.2372
.2369
.2366
.2363
.236
.2357
.2354
.2351
.2348
.2345
.2342
.2339
.2336
.2333
.233
.2327
.2324
.2321
.2318
.2315
.2312
.2309
.2306
.2303
.23
.2297
.2294
.2291
.2288
.2285
.2282
.2279
.2276
.2273
.227
.2267
.2265
.2262
.2259
.2256
.2253
.225
.2247
.2244
.2241
.2238
.2236
.2233
.223
.2227
.2224
.2221
.2219
.2216
.2213
.221
.2207
.2204
.2202
.2199
.2196
.2193
.219
.2188
.2185
.2182
.2179
.2176
.2174
.2171
.2168
.2165
.2163
.216
.2157
.2154
.2152
.2149
.2146
.2144
.2141
.2138
.2135
.2133
.213
.2127
.2125
.2122
.2119
.2117
.2114
.2111
.2109
.2106
.2103
.2101
.2098
.2095
.2093
.209
.2088
.2085
.2082
.208
.2077
.2075
.2072
.2069
.2067
.2064
.2062
.2059
.2056
.2054
.2051
.2049
.2046
.2044
.2041
.2039
.2036
.2034
.2031
.2028
.2026
.2023
.2021
.2018
.2016
.2013
.2011
.2008
.2006
.2003
.2001
.1999
.1996
.1994
.1991
.1989
.1986
.1984
.1981
.1979
.1976
.1974
.1972
.1969
.1967
.1964
.1962
.196
.1957
.1955
.1952
.195
.1948
.1945
.1943
.194
.1938
.1936
.1933
.1931
.1929
.1926
.1924
.1922
.1919
.1917
.1915
.1912
.191
.1908
.1905
.1903
.1901
.1898
.1896
.1894
.1892
.1889
.1887
.1885
.1882
.188
.1878
.1876
.1873
.1871
.1869
.1867
.1864
.1862
.186
.1858
.1855
.1853
.1851
.1849
.1847
.1844
.1842
.184
.1838
.1835
.1833
.1831
.1829
.1827
.1825
.1822
.182
.1818
.1816
.1814
.1812
.1809
.1807
.1805
.1803
.1801
.1799
.1797
.1794
.1792
.179
.1788
.1786
.1784
.1782
.178
.1778
.1776
.1773
.1771
.1769
.1767
.1765
.1763
.1761
.1759
.1757
.1755
.1753
.1751
.1749
.1747
.1745
.1743
.174
.1738
.1736
.1734
.1732
.173
.1728
.1726
.1724
.1722
.172
.1718
.1716
.1714
.1712
.171
.1708
.1706
.1704
.1702
.1701
.1699
.1697
.1695
.1693
.1691
.1689
.1687
.1685
.1683
.1681
.1679
.1677
.1675
.1673
.1671
.1669
.1668
.1666
.1664
.1662
.166
.1658
.1656
.1654
.1652
.1651
.1649
.1647
.1645
.1643
.1641
.1639
.1637
.1636
.1634
.1632
.163
.1628
.1626
.1625
.1623
.1621
.1619
.1617
.1615
.1614
.1612
.161
.1608
.1606
.1605
.1603
.1601
.1599
.1597
.1596
.1594
.1592
.159
.1588
.1587
.1585
.1583
.1581
.158
.1578
.1576
.1574
.1573
.1571
.1569
.1567
.1566
.1564
.1562
.156
.1559
.1557
.1555
.1553
.1552
.155
.1548
.1547
.1545
.1543
.1542
.154
.1538
.1536
.1535
.1533
.1531
.153
.1528
.1526
.1525
.1523
.1521
.152
.1518
.1516
.1515
.1513
.1511
.151
.1508
.1506
.1505
.1503
.1502
.15
.1498
.1497
.1495
.1493
.1492
.149
.1489
.1487
.1485
.1484
.1482
.1481
.1479
.1477
.1476
.1474
.1473
.1471
.1469
.1468
.1466
.1465
.1463
.1462
.146
.1458
.1457
.1455
.1454
.1452
.1451
.1449
.1448
.1446
.1445
.1443
.1441
.144
.1438
.1437
.1435
.1434
.1432
.1431
.1429
.1428
.1426
.1425
.1423
.1422
.142
.1419
.1417
.1416
.1414
.1413
.1411
.141
.1408
.1407
.1405
.1404
.1402
.1401
.1399
.1398
.1397
.1395
.1394
.1392
.1391
.1389
.1388
.1386
.1385
.1384
.1382
.1381
.1379
.1378
.1376
.1375
.1374
.1372
.1371
.1369
.1368
.1366
.1365
.1364
.1362
.1361
.1359
.1358
.1357
.1355
.1354
.1352
.1351
.135
.1348
.1347
.1345
.1344
.1343
.1341
.134
.1339
.1337
.1336
.1335
.1333
.1332
.133
.1329
.1328
.1326
.1325
.1324
.1322
.1321
.132
.1318
.1317
.1316
.1314
.1313
.1312
.131
.1309
.1308
.1306
.1305
.1304
.1302
.1301
.13
.1299
.1297
.1296
.1295
.1293
.1292
.1291
.1289
.1288
.1287
.1286
.1284
.1283
.1282
.128
.1279
.1278
.1277
.1275
.1274
.1273
.1272
.127
.1269
.1268
.1267
.1265
.1264
.1263
.1262
.126
.1259
.1258
.1257
.1255
.1254
.1253
.1252
.125
.1249
.1248
.1247
.1246
.1244
.1243
.1242
.1241
.1239
.1238
.1237
.1236
.1235
.1233
.1232
.1231
.123
.1229
.1227
.1226
.1225
.1224
.1223
.1221
.122
.1219
.1218
.1217
.1216
.1214
.1213
.1212
.1211
.121
.1209
.1207
.1206
.1205
.1204
.1203
.1202
.12
.1199
.1198
.1197
.1196
.1195
.1194
.1192
.1191
.119
.1189
.1188
.1187
.1186
.1184
.1183
.1182
.1181
.118
.1179
.1178
.1177
.1175
.1174
.1173
.1172
.1171
.117
.1169
.1168
.1167
.1165
.1164
.1163
.1162
.1161
.116
.1159
.1158
.1157
.1156
.1155
.1153
.1152
.1151
.115
.1149
.1148
.1147
.1146
.1145
.1144
.1143
.1142
.1141
.114
.1138
.1137
.1136
.1135
.1134
.1133
.1132
.1131
.113
.1129
.1128
.1127
.1126
.1125
.1124
.1123
.1122
.1121
.112
.1119
.1118
.1117
.1116
.1115
.1113
.1112
.1111
.111
.1109
.1108
.1107
.1106
.1105
.1104
.1103
.1102
.1101
.11
.1099
.1098
.1097
.1096
.1095
.1094
.1093
.1092
.1091
.109
.1089
.1088
.1087
.1086
.1085
.1084
.1083
.1082
.1081
.1081
.108
.1079
.1078
.1077
.1076
.1075
.1074
.1073
.1072
.1071
.107
.1069
.1068
.1067
.1066
.1065
.1064
.1063
.1062
.1061
.106
.1059
.1058
.1057
.1057
.1056
.1055
.1054
.1053
.1052
.1051
.105
.1049
.1048
.1047
.1046
.1045
.1044
.1044
.1043
.1042
.1041
.104
.1039
.1038
.1037
.1036
.1035
.1034
.1033
.1033
.1032
.1031
.103
.1029
.1028
.1027
.1026
.1025
.1024
.1024
.1023
.1022
.1021
.102
.1019
.1018
.1017
.1016
.1016
.1015
.1014
.1013
.1012
.1011
.101
.1009
.1008
.1008
.1007
.1006
.1005
.1004
.1003
.1002
.1002
.1001
.1
.0999
.0998
.0997
.0996
.0996
.0995
.0994
.0993
.0992
.0991
.099
.099
.0989
.0988
.0987
.0986
.0985
.0984
.0984
.0983
.0982
.0981
.098
.0979
.0979
.0978
.0977
.0976
.0975
.0974
.0974
.0973
.0972
.0971
.097
.097
.0969
.0968
.0967
.0966
.0965
.0965
.0964
.0963
.0962
.0961
.0961
.096
.0959
.0958
.0957
.0957
.0956
.0955
.0954
.0953
.0953
.0952
.0951
.095
.0949
.0949
.0948
.0947
.0946
.0945
.0945
.0944
.0943
.0942
.0941
.0941
.094
.0939
.0938
.0938
.0937
.0936
.0935
.0934
.0934
.0933
.0932
.0931
.0931
.093
.0929
.0928
.0928
.0927
.0926
.0925
.0925
.0924
.0923
.0922
.0921
.0921
.092
.0919
.0918
.0918
.0917
.0916
.0915
.0915
.0914
.0913
.0912
.0912
.0911
.091
.091
.0909
.0908
.0907
.0907
.0906
.0905
.0904
.0904
.0903
.0902
.0901
.0901
.09
.0899
.0899
.0898
.0897
.0896
.0896
.0895
.0894
.0893
.0893
.0892
.0891
.0891
.089
.0889
.0888
.0888
.0887
.0886
.0886
.0885
.0884
.0883
.0883
.0882
.0881
.0881
.088
.0879
.0879
.0878
.0877
.0876
.0876
.0875
.0874
.0874
.0873
.0872
.0872
.0871
.087
.087
.0869
.0868
.0867
.0867
.0866
.0865
.0865
.0864
.0863
.0863
.0862
.0861
.0861
.086
.0859
.0859
.0858
.0857
.0857
.0856
.0855
.0855
.0854
.0853
.0853
.0852
.0851
.0851
.085
.0849
.0849
.0848
.0847
.0847
.0846
.0845
.0845
.0844
.0843
.0843
.0842
.0841
.0841
.084
.0839
.0839
.0838
.0837
.0837
.0836
.0836
.0835
.0834
.0834
.0833
.0832
.0832
.0831
.083
.083
.0829
.0828
.0828
.0827
.0827
.0826
.0825
.0825
.0824
.0823
.0823
.0822
.0822
.0821
.082
.082
.0819
.0818
.0818
.0817
.0816
.0816
.0815
.0815
.0814
.0813
.0813
.0812
.0812
.0811
.081
.081
.0809
.0808
.0808
.0807
.0807
.0806
.0805
.0805
.0804
.0804
.0803
.0802
.0802
.0801
.0801
.08
.0799
.0799
.0798
.0798
.0797
.0796
.0796
.0795
.0795
.0794
.0793
.0793
.0792
.0792
.0791
.079
.079
.0789
.0789
.0788
.0787
.0787
.0786
.0786
.0785
.0785
.0784
.0783
.0783
.0782
.0782
.0781
.078
.078
.0779
.0779
.0778
.0778
.0777
.0776
.0776
.0775
.0775
.0774
.0774
.0773
.0772
.0772
.0771
.0771
.077
.077
.0769
.0768
.0768
.0767
.0767
.0766
.0766
.0765
.0765
.0764
.0763
.0763
.0762
.0762
.0761
.0761
.076
.0759
.0759
.0758
.0758
.0757
.0757
.0756
.0756
.0755
.0755
.0754
.0753
.0753
.0752
.0752
.0751
.0751
.075
.075
.0749
.0749
.0748
.0747
.0747
.0746
.0746
.0745
.0745
.0744
.0744
.0743
.0743
.0742
.0742
.0741
.074
.074
.0739
.0739
.0738
.0738
.0737
.0737
.0736
.0736
.0735
.0735
.0734
.0734
.0733
.0733
.0732
.0732
.0731
.073
.073
.0729
.0729
.0728
.0728
.0727
.0727
.0726
.0726
.0725
.0725
.0724
.0724
.0723
.0723
.0722
.0722
.0721
.0721
.072
.072
.0719
.0719
.0718
.0718
.0717
.0717
.0716
.0716
.0715
.0715
.0714
.0714
.0713
.0713
.0712
.0712
.0711
.0711
.071
.071
.0709
.0709
.0708
.0708
.0707
.0707
.0706
.0706
.0705
.0705
.0704
.0704
.0703
.0703
.0702
.0702
.0701
.0701
.07
.07
.0699
.0699
.0698
.0698
.0697
.0697
.0696
.0696
.0695
.0695
.0694
.0694
.0693
.0693
.0692
.0692
.0692
.0691
.0691
.069
.069
.0689
.0689
.0688
.0688
.0687
.0687
.0686
.0686
.0685
.0685
.0684
.0684
.0683
.0683
.0683
.0682
.0682
.0681
.0681
.068
.068
.0679
.0679
.0678
.0678
.0677
.0677
.0677
.0676
.0676
.0675
.0675
.0674
.0674
.0673
.0673
.0672
.0672
.0671
.0671
.0671
.067
.067
.0669
.0669
.0668
.0668
.0667
.0667
.0666
.0666
.0666
.0665
.0665
.0664
.0664
.0663
.0663
.0662
.0662
.0662
.0661
.0661
.066
.066
.0659
.0659
.0658
.0658
.0658
.0657
.0657
.0656
.0656
.0655
.0655
.0654
.0654
.0654
.0653
.0653
.0652
.0652
.0651
.0651
.0651
.065
.065
.0649
.0649
.0648
.0648
.0648
.0647
.0647
.0646
.0646
.0645
.0645
.0645
.0644
.0644
.0643
.0643
.0642
.0642
.0642
.0641
.0641
.064
.064
.0639
.0639
.0639
.0638
.0638
.0637
.0637
.0636
.0636
.0636
.0635
.0635
.0634
.0634
.0634
.0633
.0633
.0632
.0632
.0631
.0631
.0631
.063
.063
.0629
.0629
.0629
.0628
.0628
.0627
.0627
.0627
.0626
.0626
.0625
.0625
.0624
.0624
.0624
.0623
.0623
.0622
.0622
.0622
.0621
.0621
.062
.062
.062
.0619
.0619
.0618
.0618
.0618
.0617
.0617
.0616
.0616
.0616
.0615
.0615
.0614
.0614
.0614
.0613
.0613
.0612
.0612
.0612
.0611
.0611
.061
.061
.061
.0609
.0609
.0609
.0608
.0608
.0607
.0607
.0607
.0606
.0606
.0605
.0605
.0605
.0604
.0604
.0603
.0603
.0603
.0602
.0602
.0602
.0601
.0601
.06
.06
.06
.0599
.0599
.0598
.0598
.0598
.0597
.0597
.0597
.0596
.0596
.0595
.0595
.0595
.0594
.0594
.0594
.0593
.0593
.0592
.0592
.0592
.0591
.0591
.0591
.059
.059
.0589
.0589
.0589
.0588
.0588
.0588
.0587
.0587
.0586
.0586
.0586
.0585
.0585
.0585
.0584
.0584
.0584
.0583
.0583
.0582
.0582
.0582
.0581
.0581
.0581
.058
.058
.058
.0579
.0579
.0578
.0578
.0578
.0577
.0577
.0577
.0576
.0576
.0576
.0575
.0575
.0574
.0574
.0574
.0573
.0573
.0573
.0572
.0572
.0572
.0571
.0571
.0571
.057
.057
.0569
.0569
.0569
.0568
.0568
.0568
.0567
.0567
.0567
.0566
.0566
.0566
.0565
.0565
.0565
.0564
.0564
.0564
.0563
.0563
.0562
.0562
.0562
.0561
.0561
.0561
.056
.056
.056
.0559
.0559
.0559
.0558
.0558
.0558
.0557
.0557
.0557
.0556
.0556
.0556
.0555
.0555
.0555
.0554
.0554
.0554
.0553
.0553
.0553
.0552
.0552
.0552
.0551
.0551
.0551
.055
.055
.055
.0549
.0549
.0549
.0548
.0548
.0548
.0547
.0547
.0547
.0546
.0546
.0546
.0545
.0545
.0545
.0544
.0544
.0544
.0543
.0543
.0543
.0542
.0542
.0542
.0541
.0541
.0541
.054
.054
.054
.0539
.0539
.0539
.0538
.0538
.0538
.0537
.0537
.0537
.0536
.0536
.0536
.0535
.0535
.0535
.0535
.0534
.0534
.0534
.0533
.0533
.0533
.0532
.0532
.0532
.0531
.0531
.0531
.053
.053
.053
.0529
.0529
.0529
.0528
.0528
.0528
.0528
.0527
.0527
.0527
.0526
.0526
.0526
.0525
.0525
.0525
.0524
.0524
.0524
.0523
.0523
.0523
.0523
.0522
.0522
.0522
.0521
.0521
.0521
.052
.052
.052
.0519
.0519
.0519
.0519
.0518
.0518
.0518
.0517
.0517
.0517
.0516
.0516
.0516
.0515
.0515
.0515
.0515
.0514
.0514
.0514
.0513
.0513
.0513
.0512
.0512
.0512
.0512
.0511
.0511
.0511
.051
.051
.051
.0509
.0509
.0509
.0509
.0508
.0508
.0508
.0507
.0507
.0507
.0507
.0506
.0506
.0506
.0505
.0505
.0505
.0504
.0504
.0504
.0504
.0503
.0503
.0503
.0502
.0502
.0502
.0502
.0501
.0501
.0501
.05
.05
.05
