.5551
.5541
.5531
.5522
.5512
.5503
.5494
.5485
.5476
.5468
.5459
.5451
.5444
.5436
.5429
.5422
.5415
.5408
.5401
.5395
.5389
.5383
.5378
.5372
.5367
.5362
.5357
.5352
.5348
.5343
.5339
.5335
.5331
.5328
.5324
.5321
.5318
.5315
.5312
.5309
.5306
.5304
.5301
.5299
.5296
.5294
.5292
.529
.5288
.5287
.5285
.5283
.5282
.528
.5279
.5277
.5276
.5275
.5274
.5272
.5271
.527
.5269
.5268
.5267
.5266
.5265
.5264
.5264
.5263
.5262
.5261
.526
.526
.5259
.5258
.5258
.5257
.5256
.5256
.5255
.5254
.5254
.5253
.5253
.5252
.5251
.5251
.525
.525
.5249
.5248
.5248
.5247
.5247
.5246
.5246
.5245
.5245
.5244
.5243
.5243
.5242
.5242
.5241
.5241
.524
.524
.5239
.5238
.5238
.5237
.5237
.5236
.5236
.5235
.5234
.5234
.5233
.5233
.5232
.5232
.5231
.523
.523
.5229
.5228
.5228
.5227
.5227
.5226
.5225
.5225
.5224
.5224
.5223
.5222
.5222
.5221
.522
.522
.5219
.5218
.5218
.5217
.5216
.5216
.5215
.5214
.5214
.5213
.5212
.5212
.5211
.521
.5209
.5209
.5208
.5207
.5207
.5206
.5205
.5204
.5204
.5203
.5202
.5201
.5201
.52
.5199
.5198
.5198
.5197
.5196
.5195
.5194
.5194
.5193
.5192
.5191
.519
.519
.5189
.5188
.5187
.5186
.5185
.5185
.5184
.5183
.5182
.5181
.518
.5179
.5178
.5178
.5177
.5176
.5175
.5174
.5173
.5172
.5171
.517
.5169
.5168
.5168
.5167
.5166
.5165
.5164
.5163
.5162
.5161
.516
.5159
.5158
.5157
.5156
.5155
.5154
.5153
.5152
.5151
.515
.5149
.5148
.5147
.5145
.5144
.5143
.5142
.5141
.514
.5139
.5138
.5137
.5136
.5135
.5133
.5132
.5131
.513
.5129
.5128
.5127
.5125
.5124
.5123
.5122
.5121
.5119
.5118
.5117
.5116
.5115
.5113
.5112
.5111
.511
.5108
.5107
.5106
.5105
.5103
.5102
.5101
.5099
.5098
.5097
.5095
.5094
.5093
.5091
.509
.5089
.5087
.5086
.5085
.5083
.5082
.508
.5079
.5078
.5076
.5075
.5073
.5072
.507
.5069
.5067
.5066
.5064
.5063
.5061
.506
.5058
.5057
.5055
.5054
.5052
.5051
.5049
.5047
.5046
.5044
.5043
.5041
.5039
.5038
.5036
.5035
.5033
.5031
.503
.5028
.5026
.5025
.5023
.5021
.5019
.5018
.5016
.5014
.5012
.5011
.5009
.5007
.5005
.5004
.5002
.5
.4998
.4996
.4994
.4993
.4991
.4989
.4987
.4985
.4983
.4981
.4979
.4978
.4976
.4974
.4972
.497
.4968
.4966
.4964
.4962
.496
.4958
.4956
.4954
.4952
.495
.4948
.4946
.4944
.4941
.4939
.4937
.4935
.4933
.4931
.4929
.4927
.4925
.4922
.492
.4918
.4916
.4914
.4911
.4909
.4907
.4905
.4902
.49
.4898
.4896
.4893
.4891
.4889
.4886
.4884
.4882
.4879
.4877
.4875
.4872
.487
.4868
.4865
.4863
.486
.4858
.4855
.4853
.4851
.4848
.4846
.4843
.4841
.4838
.4836
.4833
.4831
.4828
.4825
.4823
.482
.4818
.4815
.4813
.481
.4807
.4805
.4802
.4799
.4797
.4794
.4791
.4789
.4786
.4783
.4781
.4778
.4775
.4772
.477
.4767
.4764
.4761
.4758
.4756
.4753
.475
.4747
.4744
.4742
.4739
.4736
.4733
.473
.4727
.4724
.4721
.4718
.4715
.4713
.471
.4707
.4704
.4701
.4698
.4695
.4692
.4689
.4686
.4683
.468
.4677
.4674
.467
.4667
.4664
.4661
.4658
.4655
.4652
.4649
.4646
.4643
.4639
.4636
.4633
.463
.4627
.4624
.462
.4617
.4614
.4611
.4607
.4604
.4601
.4598
.4594
.4591
.4588
.4585
.4581
.4578
.4575
.4571
.4568
.4565
.4561
.4558
.4555
.4551
.4548
.4545
.4541
.4538
.4534
.4531
.4528
.4524
.4521
.4517
.4514
.451
.4507
.4503
.45
.4496
.4493
.4489
.4486
.4482
.4479
.4475
.4472
.4468
.4465
.4461
.4458
.4454
.4451
.4447
.4443
.444
.4436
.4433
.4429
.4425
.4422
.4418
.4415
.4411
.4407
.4404
.44
.4396
.4393
.4389
.4385
.4382
.4378
.4374
.4371
.4367
.4363
.436
.4356
.4352
.4348
.4345
.4341
.4337
.4333
.433
.4326
.4322
.4318
.4315
.4311
.4307
.4303
.4299
.4296
.4292
.4288
.4284
.428
.4277
.4273
.4269
.4265
.4261
.4258
.4254
.425
.4246
.4242
.4238
.4234
.4231
.4227
.4223
.4219
.4215
.4211
.4207
.4203
.42
.4196
.4192
.4188
.4184
.418
.4176
.4172
.4168
.4164
.4161
.4157
.4153
.4149
.4145
.4141
.4137
.4133
.4129
.4125
.4121
.4117
.4113
.4109
.4105
.4102
.4098
.4094
.409
.4086
.4082
.4078
.4074
.407
.4066
.4062
.4058
.4054
.405
.4046
.4042
.4038
.4034
.403
.4026
.4022
.4018
.4014
.401
.4006
.4002
.3998
.3994
.399
.3986
.3982
.3978
.3974
.397
.3966
.3962
.3958
.3954
.395
.3946
.3942
.3938
.3934
.393
.3926
.3922
.3918
.3914
.3911
.3907
.3903
.3899
.3895
.3891
.3887
.3883
.3879
.3875
.3871
.3867
.3863
.3859
.3855
.3851
.3847
.3843
.3839
.3835
.3831
.3827
.3823
.3819
.3815
.3811
.3807
.3803
.3799
.3795
.3791
.3787
.3783
.3779
.3775
.3771
.3767
.3763
.3759
.3755
.3751
.3747
.3743
.3739
.3735
.3731
.3727
.3724
.372
.3716
.3712
.3708
.3704
.37
.3696
.3692
.3688
.3684
.368
.3676
.3672
.3668
.3664
.3661
.3657
.3653
.3649
.3645
.3641
.3637
.3633
.3629
.3625
.3621
.3618
.3614
.361
.3606
.3602
.3598
.3594
.359
.3586
.3583
.3579
.3575
.3571
.3567
.3563
.3559
.3555
.3552
.3548
.3544
.354
.3536
.3532
.3529
.3525
.3521
.3517
.3513
.3509
.3506
.3502
.3498
.3494
.349
.3486
.3483
.3479
.3475
.3471
.3467
.3464
.346
.3456
.3452
.3449
.3445
.3441
.3437
.3433
.343
.3426
.3422
.3418
.3415
.3411
.3407
.3403
.34
.3396
.3392
.3388
.3385
.3381
.3377
.3374
.337
.3366
.3362
.3359
.3355
.3351
.3348
.3344
.334
.3337
.3333
.3329
.3326
.3322
.3318
.3315
.3311
.3307
.3304
.33
.3296
.3293
.3289
.3285
.3282
.3278
.3274
.3271
.3267
.3264
.326
.3256
.3253
.3249
.3246
.3242
.3238
.3235
.3231
.3228
.3224
.322
.3217
.3213
.321
.3206
.3203
.3199
.3196
.3192
.3188
.3185
.3181
.3178
.3174
.3171
.3167
.3164
.316
.3157
.3153
.315
.3146
.3143
.3139
.3136
.3132
.3129
.3125
.3122
.3118
.3115
.3112
.3108
.3105
.3101
.3098
.3094
.3091
.3087
.3084
.3081
.3077
.3074
.307
.3067
.3063
.306
.3057
.3053
.305
.3046
.3043
.304
.3036
.3033
.303
.3026
.3023
.3019
.3016
.3013
.3009
.3006
.3003
.2999
.2996
.2993
.2989
.2986
.2983
.2979
.2976
.2973
.297
.2966
.2963
.296
.2956
.2953
.295
.2946
.2943
.294
.2937
.2933
.293
.2927
.2924
.292
.2917
.2914
.2911
.2907
.2904
.2901
.2898
.2895
.2891
.2888
.2885
.2882
.2878
.2875
.2872
.2869
.2866
.2863
.2859
.2856
.2853
.285
.2847
.2844
.284
.2837
.2834
.2831
.2828
.2825
.2821
.2818
.2815
.2812
.2809
.2806
.2803
.28
.2797
.2793
.279
.2787
.2784
.2781
.2778
.2775
.2772
.2769
.2766
.2763
.276
.2756
.2753
.275
.2747
.2744
.2741
.2738
.2735
.2732
.2729
.2726
.2723
.272
.2717
.2714
.2711
.2708
.2705
.2702
.2699
.2696
.2693
.269
.2687
.2684
.2681
.2678
.2675
.2672
.2669
.2666
.2663
.266
.2657
.2654
.2652
.2649
.2646
.2643
.264
.2637
.2634
.2631
.2628
.2625
.2622
.2619
.2617
.2614
.2611
.2608
.2605
.2602
.2599
.2596
.2593
.2591
.2588
.2585
.2582
.2579
.2576
.2573
.2571
.2568
.2565
.2562
.2559
.2556
.2554
.2551
.2548
.2545
.2542
.254
.2537
.2534
.2531
.2528
.2526
.2523
.252
.2517
.2514
.2512
.2509
.2506
.2503
.2501
.2498
.2495
.2492
.249
.2487
.2484
.2481
.2479
.2476
.2473
.247
.2468
.2465
.2462
.2459
.2457
.2454
.2451
.2449
.2446
.2443
.2441
.2438
.2435
.2432
.243
.2427
.2424
.2422
.2419
.2416
.2414
.2411
.2408
.2406
.2403
.24
.2398
.2395
.2393
.239
.2387
.2385
.2382
.2379
.2377
.2374
.2372
.2369
.2366
.2364
.2361
.2359
.2356
.2353
.2351
.2348
.2346
.2343
.234
.2338
.2335
.2333
.233
.2328
.2325
.2322
.232
.2317
.2315
.2312
.231
.2307
.2305
.2302
.2299
.2297
.2294
.2292
.2289
.2287
.2284
.2282
.2279
.2277
.2274
.2272
.2269
.2267
.2264
.2262
.2259
.2257
.2254
.2252
.2249
.2247
.2244
.2242
.224
.2237
.2235
.2232
.223
.2227
.2225
.2222
.222
.2217
.2215
.2213
.221
.2208
.2205
.2203
.22
.2198
.2196
.2193
.2191
.2188
.2186
.2184
.2181
.2179
.2176
.2174
.2172
.2169
.2167
.2164
.2162
.216
.2157
.2155
.2153
.215
.2148
.2145
.2143
.2141
.2138
.2136
.2134
.2131
.2129
.2127
.2124
.2122
.212
.2117
.2115
.2113
.211
.2108
.2106
.2103
.2101
.2099
.2096
.2094
.2092
.2089
.2087
.2085
.2083
.208
.2078
.2076
.2073
.2071
.2069
.2067
.2064
.2062
.206
.2057
.2055
.2053
.2051
.2048
.2046
.2044
.2042
.2039
.2037
.2035
.2033
.203
.2028
.2026
.2024
.2022
.2019
.2017
.2015
.2013
.201
.2008
.2006
.2004
.2002
.1999
.1997
.1995
.1993
.1991
.1988
.1986
.1984
.1982
.198
.1977
.1975
.1973
.1971
.1969
.1967
.1964
.1962
.196
.1958
.1956
.1954
.1951
.1949
.1947
.1945
.1943
.1941
.1939
.1936
.1934
.1932
.193
.1928
.1926
.1924
.1922
.1919
.1917
.1915
.1913
.1911
.1909
.1907
.1905
.1903
.19
.1898
.1896
.1894
.1892
.189
.1888
.1886
.1884
.1882
.188
.1877
.1875
.1873
.1871
.1869
.1867
.1865
.1863
.1861
.1859
.1857
.1855
.1853
.1851
.1849
.1847
.1845
.1842
.184
.1838
.1836
.1834
.1832
.183
.1828
.1826
.1824
.1822
.182
.1818
.1816
.1814
.1812
.181
.1808
.1806
.1804
.1802
.18
.1798
.1796
.1794
.1792
.179
.1788
.1786
.1784
.1782
.178
.1778
.1776
.1774
.1772
.177
.1769
.1767
.1765
.1763
.1761
.1759
.1757
.1755
.1753
.1751
.1749
.1747
.1745
.1743
.1741
.1739
.1737
.1735
.1734
.1732
.173
.1728
.1726
.1724
.1722
.172
.1718
.1716
.1714
.1713
.1711
.1709
.1707
.1705
.1703
.1701
.1699
.1697
.1695
.1694
.1692
.169
.1688
.1686
.1684
.1682
.168
.1679
.1677
.1675
.1673
.1671
.1669
.1667
.1666
.1664
.1662
.166
.1658
.1656
.1655
.1653
.1651
.1649
.1647
.1645
.1644
.1642
.164
.1638
.1636
.1634
.1633
.1631
.1629
.1627
.1625
.1624
.1622
.162
.1618
.1616
.1615
.1613
.1611
.1609
.1607
.1606
.1604
.1602
.16
.1598
.1597
.1595
.1593
.1591
.159
.1588
.1586
.1584
.1582
.1581
.1579
.1577
.1575
.1574
.1572
.157
.1568
.1567
.1565
.1563
.1561
.156
.1558
.1556
.1555
.1553
.1551
.1549
.1548
.1546
.1544
.1542
.1541
.1539
.1537
.1536
.1534
.1532
.1531
.1529
.1527
.1525
.1524
.1522
.152
.1519
.1517
.1515
.1514
.1512
.151
.1509
.1507
.1505
.1503
.1502
.15
.1498
.1497
.1495
.1493
.1492
.149
.1488
.1487
.1485
.1484
.1482
.148
.1479
.1477
.1475
.1474
.1472
.147
.1469
.1467
.1465
.1464
.1462
.1461
.1459
.1457
.1456
.1454
.1453
.1451
.1449
.1448
.1446
.1444
.1443
.1441
.144
.1438
.1436
.1435
.1433
.1432
.143
.1429
.1427
.1425
.1424
.1422
.1421
.1419
.1417
.1416
.1414
.1413
.1411
.141
.1408
.1406
.1405
.1403
.1402
.14
.1399
.1397
.1396
.1394
.1393
.1391
.1389
.1388
.1386
.1385
.1383
.1382
.138
.1379
.1377
.1376
.1374
.1373
.1371
.137
.1368
.1367
.1365
.1364
.1362
.1361
.1359
.1358
.1356
.1355
.1353
.1352
.135
.1349
.1347
.1346
.1344
.1343
.1341
.134
.1338
.1337
.1335
.1334
.1332
.1331
.1329
.1328
.1326
.1325
.1323
.1322
.1321
.1319
.1318
.1316
.1315
.1313
.1312
.131
.1309
.1308
.1306
.1305
.1303
.1302
.13
.1299
.1298
.1296
.1295
.1293
.1292
.129
.1289
.1288
.1286
.1285
.1283
.1282
.1281
.1279
.1278
.1276
.1275
.1274
.1272
.1271
.1269
.1268
.1267
.1265
.1264
.1262
.1261
.126
.1258
.1257
.1256
.1254
.1253
.1252
.125
.1249
.1247
.1246
.1245
.1243
.1242
.1241
.1239
.1238
.1237
.1235
.1234
.1233
.1231
.123
.1229
.1227
.1226
.1225
.1223
.1222
.1221
.1219
.1218
.1217
.1215
.1214
.1213
.1211
.121
.1209
.1208
.1206
.1205
.1204
.1202
.1201
.12
.1198
.1197
.1196
.1195
.1193
.1192
.1191
.1189
.1188
.1187
.1186
.1184
.1183
.1182
.1181
.1179
.1178
.1177
.1175
.1174
.1173
.1172
.117
.1169
.1168
.1167
.1165
.1164
.1163
.1162
.116
.1159
.1158
.1157
.1156
.1154
.1153
.1152
.1151
.1149
.1148
.1147
.1146
.1145
.1143
.1142
.1141
.114
.1138
.1137
.1136
.1135
.1134
.1132
.1131
.113
.1129
.1128
.1126
.1125
.1124
.1123
.1122
.1121
.1119
.1118
.1117
.1116
.1115
.1114
.1112
.1111
.111
.1109
.1108
.1107
.1105
.1104
.1103
.1102
.1101
.11
.1098
.1097
.1096
.1095
.1094
.1093
.1092
.109
.1089
.1088
.1087
.1086
.1085
.1084
.1083
.1081
.108
.1079
.1078
.1077
.1076
.1075
.1074
.1073
.1071
.107
.1069
.1068
.1067
.1066
.1065
.1064
.1063
.1062
.106
.1059
.1058
.1057
.1056
.1055
.1054
.1053
.1052
.1051
.105
.1049
.1047
.1046
.1045
.1044
.1043
.1042
.1041
.104
.1039
.1038
.1037
.1036
.1035
.1034
.1033
.1032
.1031
.103
.1028
.1027
.1026
.1025
.1024
.1023
.1022
.1021
.102
.1019
.1018
.1017
.1016
.1015
.1014
.1013
.1012
.1011
.101
.1009
.1008
.1007
.1006
.1005
.1004
.1003
.1002
.1001
.1
.0999
.0998
.0997
.0996
.0995
.0994
.0993
.0992
.0991
.099
.0989
.0988
.0987
.0986
.0985
.0984
.0983
.0982
.0981
.098
.0979
.0978
.0977
.0976
.0975
.0975
.0974
.0973
.0972
.0971
.097
.0969
.0968
.0967
.0966
.0965
.0964
.0963
.0962
.0961
.096
.0959
.0958
.0958
.0957
.0956
.0955
.0954
.0953
.0952
.0951
.095
.0949
.0948
.0947
.0947
.0946
.0945
.0944
.0943
.0942
.0941
.094
.0939
.0938
.0937
.0937
.0936
.0935
.0934
.0933
.0932
.0931
.093
.0929
.0929
.0928
.0927
.0926
.0925
.0924
.0923
.0922
.0922
.0921
.092
.0919
.0918
.0917
.0916
.0915
.0915
.0914
.0913
.0912
.0911
.091
.0909
.0909
.0908
.0907
.0906
.0905
.0904
.0904
.0903
.0902
.0901
.09
.0899
.0898
.0898
.0897
.0896
.0895
.0894
.0893
.0893
.0892
.0891
.089
.0889
.0889
.0888
.0887
.0886
.0885
.0884
.0884
.0883
.0882
.0881
.088
.088
.0879
.0878
.0877
.0876
.0876
.0875
.0874
.0873
.0872
.0872
.0871
.087
.0869
.0868
.0868
.0867
.0866
.0865
.0865
.0864
.0863
.0862
.0861
.0861
.086
.0859
.0858
.0858
.0857
.0856
.0855
.0854
.0854
.0853
.0852
.0851
.0851
.085
.0849
.0848
.0848
.0847
.0846
.0845
.0845
.0844
.0843
.0842
.0842
.0841
.084
.0839
.0839
.0838
.0837
.0836
.0836
.0835
.0834
.0833
.0833
.0832
.0831
.0831
.083
.0829
.0828
.0828
.0827
.0826
.0826
.0825
.0824
.0823
.0823
.0822
.0821
.082
.082
.0819
.0818
.0818
.0817
.0816
.0816
.0815
.0814
.0813
.0813
.0812
.0811
.0811
.081
.0809
.0809
.0808
.0807
.0806
.0806
.0805
.0804
.0804
.0803
.0802
.0802
.0801
.08
.08
.0799
.0798
.0798
.0797
.0796
.0796
.0795
.0794
.0794
.0793
.0792
.0792
.0791
.079
.079
.0789
.0788
.0788
.0787
.0786
.0786
.0785
.0784
.0784
.0783
.0782
.0782
.0781
.078
.078
.0779
.0778
.0778
.0777
.0776
.0776
.0775
.0775
.0774
.0773
.0773
.0772
.0771
.0771
.077
.0769
.0769
.0768
.0768
.0767
.0766
.0766
.0765
.0764
.0764
.0763
.0763
.0762
.0761
.0761
.076
.0759
.0759
.0758
.0758
.0757
.0756
.0756
.0755
.0755
.0754
.0753
.0753
.0752
.0751
.0751
.075
.075
.0749
.0748
.0748
.0747
.0747
.0746
.0745
.0745
.0744
.0744
.0743
.0742
.0742
.0741
.0741
.074
.074
.0739
.0738
.0738
.0737
.0737
.0736
.0735
.0735
.0734
.0734
.0733
.0733
.0732
.0731
.0731
.073
.073
.0729
.0729
.0728
.0727
.0727
.0726
.0726
.0725
.0725
.0724
.0723
.0723
.0722
.0722
.0721
.0721
.072
.0719
.0719
.0718
.0718
.0717
.0717
.0716
.0716
.0715
.0714
.0714
.0713
.0713
.0712
.0712
.0711
.0711
.071
.071
.0709
.0708
.0708
.0707
.0707
.0706
.0706
.0705
.0705
.0704
.0704
.0703
.0703
.0702
.0701
.0701
.07
.07
.0699
.0699
.0698
.0698
.0697
.0697
.0696
.0696
.0695
.0695
.0694
.0694
.0693
.0692
.0692
.0691
.0691
.069
.069
.0689
.0689
.0688
.0688
.0687
.0687
.0686
.0686
.0685
.0685
.0684
.0684
.0683
.0683
.0682
.0682
.0681
.0681
.068
.068
.0679
.0679
.0678
.0678
.0677
.0677
.0676
.0676
.0675
.0675
.0674
.0674
.0673
.0673
.0672
.0672
.0671
.0671
.067
.067
.0669
.0669
.0668
.0668
.0667
.0667
.0666
.0666
.0665
.0665
.0664
.0664
.0663
.0663
.0663
.0662
.0662
.0661
.0661
.066
.066
.0659
.0659
.0658
.0658
.0657
.0657
.0656
.0656
.0655
.0655
.0654
.0654
.0654
.0653
.0653
.0652
.0652
.0651
.0651
.065
.065
.0649
.0649
.0648
.0648
.0648
.0647
.0647
.0646
.0646
.0645
.0645
.0644
.0644
.0643
.0643
.0643
.0642
.0642
.0641
.0641
.064
.064
.0639
.0639
.0638
.0638
.0638
.0637
.0637
.0636
.0636
.0635
.0635
.0634
.0634
.0634
.0633
.0633
.0632
.0632
.0631
.0631
.063
.063
.063
.0629
.0629
.0628
.0628
.0627
.0627
.0627
.0626
.0626
.0625
.0625
.0624
.0624
.0624
.0623
.0623
.0622
.0622
.0621
.0621
.0621
.062
.062
.0619
.0619
.0618
.0618
.0618
.0617
.0617
.0616
.0616
.0616
.0615
.0615
.0614
.0614
.0613
.0613
.0613
.0612
.0612
.0611
.0611
.0611
.061
.061
.0609
.0609
.0609
.0608
.0608
.0607
.0607
.0606
.0606
.0606
.0605
.0605
.0604
.0604
.0604
.0603
.0603
.0602
.0602
.0602
.0601
.0601
.06
.06
.06
.0599
.0599
.0598
.0598
.0598
.0597
.0597
.0596
.0596
.0596
.0595
.0595
.0594
.0594
.0594
.0593
.0593
.0593
.0592
.0592
.0591
.0591
.0591
.059
.059
.0589
.0589
.0589
.0588
.0588
.0588
.0587
.0587
.0586
.0586
.0586
.0585
.0585
.0584
.0584
.0584
.0583
.0583
.0583
.0582
.0582
.0581
.0581
.0581
.058
.058
.058
.0579
.0579
.0578
.0578
.0578
.0577
.0577
.0577
.0576
.0576
.0575
.0575
.0575
.0574
.0574
.0574
.0573
.0573
.0573
.0572
.0572
.0571
.0571
.0571
.057
.057
.057
.0569
.0569
.0569
.0568
.0568
.0567
.0567
.0567
.0566
.0566
.0566
.0565
.0565
.0565
.0564
.0564
.0564
.0563
.0563
.0562
.0562
.0562
.0561
.0561
.0561
.056
.056
.056
.0559
.0559
.0559
.0558
.0558
.0558
.0557
.0557
.0557
.0556
.0556
.0556
.0555
.0555
.0554
.0554
.0554
.0553
.0553
.0553
.0552
.0552
.0552
.0551
.0551
.0551
.055
.055
.055
.0549
.0549
.0549
.0548
.0548
.0548
.0547
.0547
.0547
.0546
.0546
.0546
.0545
.0545
.0545
.0544
.0544
.0544
.0543
.0543
.0543
.0542
.0542
.0542
.0541
.0541
.0541
.054
.054
.054
.0539
.0539
.0539
.0538
.0538
.0538
.0537
.0537
.0537
.0536
.0536
.0536
.0535
.0535
.0535
.0534
.0534
.0534
.0534
.0533
.0533
.0533
.0532
.0532
.0532
.0531
.0531
.0531
.053
.053
.053
.0529
.0529
.0529
.0528
.0528
.0528
.0527
.0527
.0527
.0527
.0526
.0526
.0526
.0525
.0525
.0525
.0524
.0524
.0524
.0523
.0523
.0523
.0523
.0522
.0522
.0522
.0521
.0521
.0521
.052
.052
.052
.0519
.0519
.0519
.0519
.0518
.0518
.0518
.0517
.0517
.0517
.0516
.0516
.0516
.0515
.0515
.0515
.0515
.0514
.0514
.0514
.0513
.0513
.0513
.0512
.0512
.0512
.0512
.0511
.0511
.0511
.051
.051
.051
.051
.0509
.0509
.0509
.0508
.0508
.0508
.0507
.0507
.0507
.0507
.0506
.0506
.0506
.0505
.0505
.0505
.0505
.0504
.0504
.0504
.0503
.0503
.0503
.0503
.0502
.0502
.0502
.0501
.0501
.0501
.0501
.05
.05
