.5445
.5437
.543
.5423
.5416
.5409
.5403
.5397
.5391
.5385
.538
.5375
.537
.5365
.536
.5356
.5352
.5348
.5344
.534
.5337
.5333
.533
.5327
.5324
.5321
.5318
.5316
.5313
.5311
.5309
.5306
.5304
.5302
.53
.5298
.5296
.5295
.5293
.5291
.529
.5288
.5286
.5285
.5283
.5282
.528
.5279
.5278
.5276
.5275
.5274
.5272
.5271
.527
.5269
.5267
.5266
.5265
.5264
.5263
.5261
.526
.5259
.5258
.5257
.5256
.5254
.5253
.5252
.5251
.525
.5249
.5248
.5246
.5245
.5244
.5243
.5242
.5241
.524
.5238
.5237
.5236
.5235
.5234
.5233
.5231
.523
.5229
.5228
.5227
.5226
.5224
.5223
.5222
.5221
.522
.5219
.5217
.5216
.5215
.5214
.5213
.5211
.521
.5209
.5208
.5207
.5205
.5204
.5203
.5202
.52
.5199
.5198
.5197
.5196
.5194
.5193
.5192
.5191
.5189
.5188
.5187
.5186
.5184
.5183
.5182
.5181
.5179
.5178
.5177
.5176
.5174
.5173
.5172
.517
.5169
.5168
.5167
.5165
.5164
.5163
.5162
.516
.5159
.5158
.5156
.5155
.5154
.5152
.5151
.515
.5149
.5147
.5146
.5145
.5143
.5142
.5141
.5139
.5138
.5137
.5135
.5134
.5133
.5131
.513
.5129
.5128
.5126
.5125
.5124
.5122
.5121
.512
.5118
.5117
.5116
.5114
.5113
.5111
.511
.5109
.5107
.5106
.5105
.5103
.5102
.5101
.5099
.5098
.5097
.5095
.5094
.5092
.5091
.509
.5088
.5087
.5086
.5084
.5083
.5081
.508
.5079
.5077
.5076
.5074
.5073
.5072
.507
.5069
.5068
.5066
.5065
.5063
.5062
.506
.5059
.5058
.5056
.5055
.5053
.5052
.5051
.5049
.5048
.5046
.5045
.5043
.5042
.5041
.5039
.5038
.5036
.5035
.5033
.5032
.503
.5029
.5028
.5026
.5025
.5023
.5022
.502
.5019
.5017
.5016
.5014
.5013
.5011
.501
.5008
.5007
.5005
.5004
.5002
.5001
.4999
.4998
.4996
.4995
.4993
.4992
.499
.4989
.4987
.4986
.4984
.4983
.4981
.498
.4978
.4977
.4975
.4974
.4972
.4971
.4969
.4967
.4966
.4964
.4963
.4961
.496
.4958
.4956
.4955
.4953
.4952
.495
.4949
.4947
.4945
.4944
.4942
.4941
.4939
.4937
.4936
.4934
.4933
.4931
.4929
.4928
.4926
.4924
.4923
.4921
.492
.4918
.4916
.4915
.4913
.4911
.491
.4908
.4906
.4905
.4903
.4901
.49
.4898
.4896
.4895
.4893
.4891
.489
.4888
.4886
.4884
.4883
.4881
.4879
.4878
.4876
.4874
.4872
.4871
.4869
.4867
.4865
.4864
.4862
.486
.4858
.4857
.4855
.4853
.4851
.485
.4848
.4846
.4844
.4842
.4841
.4839
.4837
.4835
.4833
.4832
.483
.4828
.4826
.4824
.4823
.4821
.4819
.4817
.4815
.4813
.4812
.481
.4808
.4806
.4804
.4802
.48
.4798
.4797
.4795
.4793
.4791
.4789
.4787
.4785
.4783
.4781
.4779
.4778
.4776
.4774
.4772
.477
.4768
.4766
.4764
.4762
.476
.4758
.4756
.4754
.4752
.475
.4748
.4746
.4744
.4742
.474
.4738
.4736
.4734
.4732
.473
.4728
.4726
.4724
.4722
.472
.4718
.4716
.4714
.4712
.471
.4708
.4706
.4704
.4702
.47
.4698
.4695
.4693
.4691
.4689
.4687
.4685
.4683
.4681
.4679
.4677
.4674
.4672
.467
.4668
.4666
.4664
.4662
.4659
.4657
.4655
.4653
.4651
.4649
.4646
.4644
.4642
.464
.4638
.4636
.4633
.4631
.4629
.4627
.4625
.4622
.462
.4618
.4616
.4613
.4611
.4609
.4607
.4604
.4602
.46
.4598
.4595
.4593
.4591
.4589
.4586
.4584
.4582
.4579
.4577
.4575
.4572
.457
.4568
.4566
.4563
.4561
.4559
.4556
.4554
.4552
.4549
.4547
.4544
.4542
.454
.4537
.4535
.4533
.453
.4528
.4525
.4523
.4521
.4518
.4516
.4513
.4511
.4509
.4506
.4504
.4501
.4499
.4497
.4494
.4492
.4489
.4487
.4484
.4482
.4479
.4477
.4474
.4472
.447
.4467
.4465
.4462
.446
.4457
.4455
.4452
.445
.4447
.4445
.4442
.444
.4437
.4435
.4432
.4429
.4427
.4424
.4422
.4419
.4417
.4414
.4412
.4409
.4407
.4404
.4401
.4399
.4396
.4394
.4391
.4389
.4386
.4383
.4381
.4378
.4376
.4373
.437
.4368
.4365
.4363
.436
.4357
.4355
.4352
.4349
.4347
.4344
.4342
.4339
.4336
.4334
.4331
.4328
.4326
.4323
.432
.4318
.4315
.4312
.431
.4307
.4304
.4302
.4299
.4296
.4294
.4291
.4288
.4286
.4283
.428
.4278
.4275
.4272
.4269
.4267
.4264
.4261
.4259
.4256
.4253
.425
.4248
.4245
.4242
.424
.4237
.4234
.4231
.4229
.4226
.4223
.422
.4218
.4215
.4212
.4209
.4207
.4204
.4201
.4198
.4196
.4193
.419
.4187
.4185
.4182
.4179
.4176
.4174
.4171
.4168
.4165
.4162
.416
.4157
.4154
.4151
.4149
.4146
.4143
.414
.4137
.4135
.4132
.4129
.4126
.4123
.4121
.4118
.4115
.4112
.411
.4107
.4104
.4101
.4098
.4096
.4093
.409
.4087
.4084
.4081
.4079
.4076
.4073
.407
.4067
.4065
.4062
.4059
.4056
.4053
.4051
.4048
.4045
.4042
.4039
.4036
.4034
.4031
.4028
.4025
.4022
.402
.4017
.4014
.4011
.4008
.4005
.4003
.4
.3997
.3994
.3991
.3988
.3986
.3983
.398
.3977
.3974
.3972
.3969
.3966
.3963
.396
.3957
.3955
.3952
.3949
.3946
.3943
.394
.3938
.3935
.3932
.3929
.3926
.3923
.3921
.3918
.3915
.3912
.3909
.3906
.3904
.3901
.3898
.3895
.3892
.3889
.3887
.3884
.3881
.3878
.3875
.3872
.387
.3867
.3864
.3861
.3858
.3855
.3853
.385
.3847
.3844
.3841
.3838
.3836
.3833
.383
.3827
.3824
.3821
.3819
.3816
.3813
.381
.3807
.3804
.3802
.3799
.3796
.3793
.379
.3788
.3785
.3782
.3779
.3776
.3773
.3771
.3768
.3765
.3762
.3759
.3756
.3754
.3751
.3748
.3745
.3742
.3739
.3737
.3734
.3731
.3728
.3725
.3723
.372
.3717
.3714
.3711
.3708
.3706
.3703
.37
.3697
.3694
.3691
.3689
.3686
.3683
.368
.3677
.3674
.3672
.3669
.3666
.3663
.366
.3658
.3655
.3652
.3649
.3646
.3643
.3641
.3638
.3635
.3632
.3629
.3626
.3624
.3621
.3618
.3615
.3612
.361
.3607
.3604
.3601
.3598
.3595
.3593
.359
.3587
.3584
.3581
.3578
.3576
.3573
.357
.3567
.3564
.3562
.3559
.3556
.3553
.355
.3547
.3545
.3542
.3539
.3536
.3533
.353
.3528
.3525
.3522
.3519
.3516
.3513
.3511
.3508
.3505
.3502
.3499
.3496
.3494
.3491
.3488
.3485
.3482
.3479
.3477
.3474
.3471
.3468
.3465
.3462
.346
.3457
.3454
.3451
.3448
.3445
.3443
.344
.3437
.3434
.3431
.3428
.3426
.3423
.342
.3417
.3414
.3411
.3409
.3406
.3403
.34
.3397
.3394
.3391
.3389
.3386
.3383
.338
.3377
.3374
.3371
.3369
.3366
.3363
.336
.3357
.3354
.3351
.3349
.3346
.3343
.334
.3337
.3334
.3331
.3329
.3326
.3323
.332
.3317
.3314
.3311
.3309
.3306
.3303
.33
.3297
.3294
.3291
.3288
.3286
.3283
.328
.3277
.3274
.3271
.3268
.3265
.3262
.326
.3257
.3254
.3251
.3248
.3245
.3242
.3239
.3236
.3234
.3231
.3228
.3225
.3222
.3219
.3216
.3213
.321
.3207
.3205
.3202
.3199
.3196
.3193
.319
.3187
.3184
.3181
.3178
.3175
.3172
.317
.3167
.3164
.3161
.3158
.3155
.3152
.3149
.3146
.3143
.314
.3137
.3134
.3131
.3129
.3126
.3123
.312
.3117
.3114
.3111
.3108
.3105
.3102
.3099
.3096
.3093
.309
.3087
.3084
.3081
.3078
.3075
.3072
.3069
.3066
.3064
.3061
.3058
.3055
.3052
.3049
.3046
.3043
.304
.3037
.3034
.3031
.3028
.3025
.3022
.3019
.3016
.3013
.301
.3007
.3004
.3001
.2998
.2995
.2992
.2989
.2986
.2983
.298
.2977
.2974
.2971
.2968
.2965
.2962
.2959
.2956
.2952
.2949
.2946
.2943
.294
.2937
.2934
.2931
.2928
.2925
.2922
.2919
.2916
.2913
.291
.2907
.2904
.2901
.2898
.2895
.2892
.2888
.2885
.2882
.2879
.2876
.2873
.287
.2867
.2864
.2861
.2858
.2855
.2852
.2848
.2845
.2842
.2839
.2836
.2833
.283
.2827
.2824
.2821
.2818
.2814
.2811
.2808
.2805
.2802
.2799
.2796
.2793
.2789
.2786
.2783
.278
.2777
.2774
.2771
.2768
.2764
.2761
.2758
.2755
.2752
.2749
.2746
.2742
.2739
.2736
.2733
.273
.2727
.2724
.272
.2717
.2714
.2711
.2708
.2705
.2701
.2698
.2695
.2692
.2689
.2686
.2682
.2679
.2676
.2673
.267
.2666
.2663
.266
.2657
.2654
.265
.2647
.2644
.2641
.2638
.2634
.2631
.2628
.2625
.2622
.2618
.2615
.2612
.2609
.2606
.2602
.2599
.2596
.2593
.2589
.2586
.2583
.258
.2577
.2573
.257
.2567
.2564
.256
.2557
.2554
.2551
.2547
.2544
.2541
.2538
.2534
.2531
.2528
.2525
.2522
.2518
.2515
.2512
.2508
.2505
.2502
.2499
.2495
.2492
.2489
.2486
.2482
.2479
.2476
.2473
.2469
.2466
.2463
.246
.2456
.2453
.245
.2446
.2443
.244
.2437
.2433
.243
.2427
.2424
.242
.2417
.2414
.241
.2407
.2404
.2401
.2397
.2394
.2391
.2387
.2384
.2381
.2378
.2374
.2371
.2368
.2364
.2361
.2358
.2355
.2351
.2348
.2345
.2341
.2338
.2335
.2331
.2328
.2325
.2322
.2318
.2315
.2312
.2308
.2305
.2302
.2299
.2295
.2292
.2289
.2285
.2282
.2279
.2276
.2272
.2269
.2266
.2262
.2259
.2256
.2252
.2249
.2246
.2243
.2239
.2236
.2233
.2229
.2226
.2223
.222
.2216
.2213
.221
.2207
.2203
.22
.2197
.2193
.219
.2187
.2184
.218
.2177
.2174
.217
.2167
.2164
.2161
.2157
.2154
.2151
.2148
.2144
.2141
.2138
.2135
.2131
.2128
.2125
.2122
.2118
.2115
.2112
.2109
.2105
.2102
.2099
.2096
.2092
.2089
.2086
.2083
.2079
.2076
.2073
.207
.2067
.2063
.206
.2057
.2054
.205
.2047
.2044
.2041
.2038
.2034
.2031
.2028
.2025
.2022
.2018
.2015
.2012
.2009
.2006
.2003
.1999
.1996
.1993
.199
.1987
.1983
.198
.1977
.1974
.1971
.1968
.1965
.1961
.1958
.1955
.1952
.1949
.1946
.1943
.1939
.1936
.1933
.193
.1927
.1924
.1921
.1918
.1915
.1912
.1908
.1905
.1902
.1899
.1896
.1893
.189
.1887
.1884
.1881
.1878
.1875
.1872
.1869
.1866
.1862
.1859
.1856
.1853
.185
.1847
.1844
.1841
.1838
.1835
.1832
.1829
.1826
.1823
.182
.1817
.1814
.1811
.1808
.1805
.1802
.18
.1797
.1794
.1791
.1788
.1785
.1782
.1779
.1776
.1773
.177
.1767
.1764
.1761
.1759
.1756
.1753
.175
.1747
.1744
.1741
.1738
.1736
.1733
.173
.1727
.1724
.1721
.1718
.1716
.1713
.171
.1707
.1704
.1702
.1699
.1696
.1693
.169
.1688
.1685
.1682
.1679
.1676
.1674
.1671
.1668
.1665
.1663
.166
.1657
.1655
.1652
.1649
.1646
.1644
.1641
.1638
.1636
.1633
.163
.1628
.1625
.1622
.162
.1617
.1614
.1612
.1609
.1606
.1604
.1601
.1598
.1596
.1593
.1591
.1588
.1585
.1583
.158
.1578
.1575
.1573
.157
.1567
.1565
.1562
.156
.1557
.1555
.1552
.155
.1547
.1545
.1542
.154
.1537
.1535
.1532
.153
.1527
.1525
.1522
.152
.1517
.1515
.1512
.151
.1508
.1505
.1503
.15
.1498
.1496
.1493
.1491
.1488
.1486
.1484
.1481
.1479
.1477
.1474
.1472
.1469
.1467
.1465
.1462
.146
.1458
.1456
.1453
.1451
.1449
.1446
.1444
.1442
.1439
.1437
.1435
.1433
.143
.1428
.1426
.1424
.1421
.1419
.1417
.1415
.1413
.141
.1408
.1406
.1404
.1402
.1399
.1397
.1395
.1393
.1391
.1389
.1387
.1384
.1382
.138
.1378
.1376
.1374
.1372
.137
.1367
.1365
.1363
.1361
.1359
.1357
.1355
.1353
.1351
.1349
.1347
.1345
.1343
.1341
.1339
.1337
.1335
.1333
.1331
.1329
.1327
.1325
.1323
.1321
.1319
.1317
.1315
.1313
.1311
.1309
.1307
.1305
.1303
.1301
.1299
.1297
.1295
.1293
.1292
.129
.1288
.1286
.1284
.1282
.128
.1278
.1276
.1275
.1273
.1271
.1269
.1267
.1265
.1264
.1262
.126
.1258
.1256
.1254
.1253
.1251
.1249
.1247
.1246
.1244
.1242
.124
.1238
.1237
.1235
.1233
.1231
.123
.1228
.1226
.1224
.1223
.1221
.1219
.1218
.1216
.1214
.1213
.1211
.1209
.1207
.1206
.1204
.1202
.1201
.1199
.1197
.1196
.1194
.1193
.1191
.1189
.1188
.1186
.1184
.1183
.1181
.118
.1178
.1176
.1175
.1173
.1172
.117
.1168
.1167
.1165
.1164
.1162
.1161
.1159
.1158
.1156
.1155
.1153
.1151
.115
.1148
.1147
.1145
.1144
.1142
.1141
.1139
.1138
.1136
.1135
.1133
.1132
.1131
.1129
.1128
.1126
.1125
.1123
.1122
.112
.1119
.1117
.1116
.1115
.1113
.1112
.111
.1109
.1108
.1106
.1105
.1103
.1102
.1101
.1099
.1098
.1096
.1095
.1094
.1092
.1091
.109
.1088
.1087
.1086
.1084
.1083
.1082
.108
.1079
.1078
.1076
.1075
.1074
.1072
.1071
.107
.1068
.1067
.1066
.1065
.1063
.1062
.1061
.1059
.1058
.1057
.1056
.1054
.1053
.1052
.1051
.1049
.1048
.1047
.1046
.1044
.1043
.1042
.1041
.1039
.1038
.1037
.1036
.1035
.1033
.1032
.1031
.103
.1029
.1027
.1026
.1025
.1024
.1023
.1022
.102
.1019
.1018
.1017
.1016
.1015
.1013
.1012
.1011
.101
.1009
.1008
.1007
.1005
.1004
.1003
.1002
.1001
.1
.0999
.0998
.0997
.0995
.0994
.0993
.0992
.0991
.099
.0989
.0988
.0987
.0986
.0985
.0984
.0982
.0981
.098
.0979
.0978
.0977
.0976
.0975
.0974
.0973
.0972
.0971
.097
.0969
.0968
.0967
.0966
.0965
.0964
.0963
.0962
.0961
.096
.0959
.0958
.0957
.0956
.0955
.0954
.0953
.0952
.0951
.095
.0949
.0948
.0947
.0946
.0945
.0944
.0943
.0942
.0941
.094
.0939
.0938
.0937
.0936
.0935
.0934
.0933
.0933
.0932
.0931
.093
.0929
.0928
.0927
.0926
.0925
.0924
.0923
.0922
.0921
.0921
.092
.0919
.0918
.0917
.0916
.0915
.0914
.0913
.0913
.0912
.0911
.091
.0909
.0908
.0907
.0906
.0906
.0905
.0904
.0903
.0902
.0901
.09
.0899
.0899
.0898
.0897
.0896
.0895
.0894
.0894
.0893
.0892
.0891
.089
.0889
.0889
.0888
.0887
.0886
.0885
.0884
.0884
.0883
.0882
.0881
.088
.088
.0879
.0878
.0877
.0876
.0876
.0875
.0874
.0873
.0872
.0872
.0871
.087
.0869
.0869
.0868
.0867
.0866
.0866
.0865
.0864
.0863
.0862
.0862
.0861
.086
.0859
.0859
.0858
.0857
.0856
.0856
.0855
.0854
.0853
.0853
.0852
.0851
.085
.085
.0849
.0848
.0848
.0847
.0846
.0845
.0845
.0844
.0843
.0843
.0842
.0841
.084
.084
.0839
.0838
.0838
.0837
.0836
.0835
.0835
.0834
.0833
.0833
.0832
.0831
.0831
.083
.0829
.0829
.0828
.0827
.0827
.0826
.0825
.0825
.0824
.0823
.0823
.0822
.0821
.0821
.082
.0819
.0819
.0818
.0817
.0817
.0816
.0815
.0815
.0814
.0813
.0813
.0812
.0811
.0811
.081
.0809
.0809
.0808
.0808
.0807
.0806
.0806
.0805
.0804
.0804
.0803
.0802
.0802
.0801
.0801
.08
.0799
.0799
.0798
.0798
.0797
.0796
.0796
.0795
.0795
.0794
.0793
.0793
.0792
.0791
.0791
.079
.079
.0789
.0789
.0788
.0787
.0787
.0786
.0786
.0785
.0784
.0784
.0783
.0783
.0782
.0781
.0781
.078
.078
.0779
.0779
.0778
.0777
.0777
.0776
.0776
.0775
.0775
.0774
.0774
.0773
.0772
.0772
.0771
.0771
.077
.077
.0769
.0768
.0768
.0767
.0767
.0766
.0766
.0765
.0765
.0764
.0764
.0763
.0763
.0762
.0761
.0761
.076
.076
.0759
.0759
.0758
.0758
.0757
.0757
.0756
.0756
.0755
.0755
.0754
.0753
.0753
.0752
.0752
.0751
.0751
.075
.075
.0749
.0749
.0748
.0748
.0747
.0747
.0746
.0746
.0745
.0745
.0744
.0744
.0743
.0743
.0742
.0742
.0741
.0741
.074
.074
.0739
.0739
.0738
.0738
.0737
.0737
.0736
.0736
.0735
.0735
.0734
.0734
.0733
.0733
.0733
.0732
.0732
.0731
.0731
.073
.073
.0729
.0729
.0728
.0728
.0727
.0727
.0726
.0726
.0725
.0725
.0724
.0724
.0724
.0723
.0723
.0722
.0722
.0721
.0721
.072
.072
.0719
.0719
.0719
.0718
.0718
.0717
.0717
.0716
.0716
.0715
.0715
.0714
.0714
.0714
.0713
.0713
.0712
.0712
.0711
.0711
.071
.071
.071
.0709
.0709
.0708
.0708
.0707
.0707
.0707
.0706
.0706
.0705
.0705
.0704
.0704
.0704
.0703
.0703
.0702
.0702
.0701
.0701
.0701
.07
.07
.0699
.0699
.0698
.0698
.0698
.0697
.0697
.0696
.0696
.0696
.0695
.0695
.0694
.0694
.0694
.0693
.0693
.0692
.0692
.0691
.0691
.0691
.069
.069
.0689
.0689
.0689
.0688
.0688
.0687
.0687
.0687
.0686
.0686
.0685
.0685
.0685
.0684
.0684
.0684
.0683
.0683
.0682
.0682
.0682
.0681
.0681
.068
.068
.068
.0679
.0679
.0678
.0678
.0678
.0677
.0677
.0677
.0676
.0676
.0675
.0675
.0675
.0674
.0674
.0674
.0673
.0673
.0672
.0672
.0672
.0671
.0671
.0671
.067
.067
.0669
.0669
.0669
.0668
.0668
.0668
.0667
.0667
.0666
.0666
.0666
.0665
.0665
.0665
.0664
.0664
.0664
.0663
.0663
.0663
.0662
.0662
.0661
.0661
.0661
.066
.066
.066
.0659
.0659
.0659
.0658
.0658
.0658
.0657
.0657
.0657
.0656
.0656
.0655
.0655
.0655
.0654
.0654
.0654
.0653
.0653
.0653
.0652
.0652
.0652
.0651
.0651
.0651
.065
.065
.065
.0649
.0649
.0649
.0648
.0648
.0648
.0647
.0647
.0647
.0646
.0646
.0646
.0645
.0645
.0645
.0644
.0644
.0644
.0643
.0643
.0643
.0642
.0642
.0642
.0641
.0641
.0641
.064
.064
.064
.0639
.0639
.0639
.0638
.0638
.0638
.0637
.0637
.0637
.0636
.0636
.0636
.0636
.0635
.0635
.0635
.0634
.0634
.0634
.0633
.0633
.0633
.0632
.0632
.0632
.0631
.0631
.0631
.063
.063
.063
.063
.0629
.0629
.0629
.0628
.0628
.0628
.0627
.0627
.0627
.0626
.0626
.0626
.0626
.0625
.0625
.0625
.0624
.0624
.0624
.0623
.0623
.0623
.0623
.0622
.0622
.0622
.0621
.0621
.0621
.062
.062
.062
.062
.0619
.0619
.0619
.0618
.0618
.0618
.0617
.0617
.0617
.0617
.0616
.0616
.0616
.0615
.0615
.0615
.0615
.0614
.0614
.0614
.0613
.0613
.0613
.0613
.0612
.0612
.0612
.0611
.0611
.0611
.0611
.061
.061
.061
.0609
.0609
.0609
.0609
.0608
.0608
.0608
.0607
.0607
.0607
.0607
.0606
.0606
.0606
.0606
.0605
.0605
.0605
.0604
.0604
.0604
.0604
.0603
.0603
.0603
.0602
.0602
.0602
.0602
.0601
.0601
.0601
.0601
.06
.06
.06
.0599
.0599
.0599
.0599
.0598
.0598
.0598
.0598
.0597
.0597
.0597
.0597
.0596
.0596
.0596
.0595
.0595
.0595
.0595
.0594
.0594
.0594
.0594
.0593
.0593
.0593
.0593
.0592
.0592
.0592
.0592
.0591
.0591
.0591
.059
.059
.059
.059
.0589
.0589
.0589
.0589
.0588
.0588
.0588
.0588
.0587
.0587
.0587
.0587
.0586
.0586
.0586
.0586
.0585
.0585
.0585
.0585
.0584
.0584
.0584
.0584
.0583
.0583
.0583
.0583
.0582
.0582
.0582
.0582
.0581
.0581
.0581
.0581
.058
.058
.058
.058
.0579
.0579
.0579
.0579
.0578
.0578
.0578
.0578
.0577
.0577
.0577
.0577
.0576
.0576
.0576
.0576
.0575
.0575
.0575
.0575
.0574
.0574
.0574
.0574
.0574
.0573
.0573
.0573
.0573
.0572
.0572
.0572
.0572
.0571
.0571
.0571
.0571
.057
.057
.057
.057
.0569
.0569
.0569
.0569
.0569
.0568
.0568
.0568
.0568
.0567
.0567
.0567
.0567
.0566
.0566
.0566
.0566
.0566
.0565
.0565
.0565
.0565
.0564
.0564
.0564
.0564
.0563
.0563
.0563
.0563
.0563
.0562
.0562
.0562
.0562
.0561
.0561
.0561
.0561
.056
.056
.056
.056
.056
.0559
.0559
.0559
.0559
.0558
.0558
.0558
.0558
.0558
.0557
.0557
.0557
.0557
.0556
.0556
.0556
.0556
.0556
.0555
.0555
.0555
.0555
.0554
.0554
.0554
.0554
.0554
.0553
.0553
.0553
.0553
.0552
.0552
.0552
.0552
.0552
.0551
.0551
.0551
.0551
.0551
.055
.055
.055
.055
.0549
.0549
.0549
.0549
.0549
.0548
.0548
.0548
.0548
.0548
.0547
.0547
.0547
.0547
.0546
.0546
.0546
.0546
.0546
.0545
.0545
.0545
.0545
.0545
.0544
.0544
.0544
.0544
.0544
.0543
.0543
.0543
.0543
.0542
.0542
.0542
.0542
.0542
.0541
.0541
.0541
.0541
.0541
.054
.054
.054
.054
.054
.0539
.0539
.0539
.0539
.0539
.0538
.0538
.0538
.0538
.0538
.0537
.0537
.0537
.0537
.0537
.0536
.0536
.0536
.0536
.0536
.0535
.0535
.0535
.0535
.0535
.0534
.0534
.0534
.0534
.0534
.0533
.0533
.0533
.0533
.0533
.0532
.0532
.0532
.0532
.0532
.0531
.0531
.0531
.0531
.0531
.053
.053
.053
.053
.053
.0529
.0529
.0529
.0529
.0529
.0528
.0528
.0528
.0528
.0528
.0527
.0527
.0527
.0527
.0527
.0526
.0526
.0526
.0526
.0526
.0525
.0525
.0525
.0525
.0525
.0525
.0524
.0524
.0524
.0524
.0524
.0523
.0523
.0523
.0523
.0523
.0522
.0522
.0522
.0522
.0522
.0521
.0521
.0521
.0521
.0521
.0521
.052
.052
.052
.052
.052
.0519
.0519
.0519
.0519
.0519
.0518
.0518
.0518
.0518
.0518
.0518
.0517
.0517
.0517
.0517
.0517
.0516
.0516
.0516
.0516
.0516
.0516
.0515
.0515
.0515
.0515
.0515
.0514
.0514
.0514
.0514
.0514
.0514
.0513
.0513
.0513
.0513
.0513
.0512
.0512
.0512
.0512
.0512
.0512
.0511
.0511
.0511
.0511
.0511
.051
.051
.051
.051
.051
.051
.0509
.0509
.0509
.0509
.0509
.0508
.0508
.0508
.0508
.0508
.0508
.0507
.0507
.0507
.0507
.0507
.0507
.0506
.0506
.0506
.0506
.0506
.0505
.0505
.0505
.0505
.0505
.0505
.0504
.0504
.0504
.0504
.0504
.0504
.0503
.0503
.0503
.0503
.0503
.0503
.0502
.0502
.0502
.0502
.0502
.0501
.0501
.0501
.0501
.0501
.0501
.05
.05
.05
.05
