.6303
.6274
.6245
.6216
.6187
.6157
.6128
.6098
.6069
.6039
.6009
.598
.595
.5921
.5891
.5862
.5834
.5805
.5777
.5749
.5721
.5694
.5668
.5642
.5616
.5591
.5567
.5544
.5521
.5498
.5477
.5456
.5437
.5417
.5399
.5382
.5365
.5349
.5334
.532
.5306
.5293
.5281
.527
.5259
.5249
.524
.5231
.5223
.5215
.5208
.5202
.5196
.519
.5185
.518
.5175
.5171
.5168
.5164
.5161
.5158
.5155
.5153
.515
.5148
.5146
.5145
.5143
.5142
.514
.5139
.5138
.5137
.5136
.5135
.5135
.5134
.5133
.5133
.5132
.5132
.5131
.5131
.5131
.513
.513
.513
.5129
.5129
.5129
.5129
.5129
.5129
.5128
.5128
.5128
.5128
.5128
.5128
.5128
.5128
.5128
.5128
.5128
.5128
.5127
.5127
.5127
.5127
.5127
.5127
.5127
.5127
.5127
.5127
.5127
.5127
.5127
.5127
.5127
.5127
.5127
.5127
.5127
.5127
.5127
.5127
.5127
.5127
.5127
.5127
.5127
.5127
.5127
.5127
.5127
.5127
.5127
.5127
.5126
.5126
.5126
.5126
.5126
.5126
.5126
.5126
.5126
.5126
.5126
.5126
.5126
.5126
.5126
.5126
.5126
.5126
.5126
.5126
.5126
.5126
.5126
.5126
.5126
.5126
.5126
.5126
.5126
.5126
.5126
.5126
.5126
.5125
.5125
.5125
.5125
.5125
.5125
.5125
.5125
.5125
.5125
.5125
.5125
.5125
.5125
.5125
.5125
.5125
.5125
.5125
.5125
.5125
.5125
.5125
.5125
.5125
.5125
.5125
.5125
.5125
.5124
.5124
.5124
.5124
.5124
.5124
.5124
.5124
.5124
.5124
.5124
.5124
.5124
.5124
.5124
.5124
.5124
.5124
.5124
.5124
.5124
.5124
.5124
.5124
.5124
.5124
.5123
.5123
.5123
.5123
.5123
.5123
.5123
.5123
.5123
.5123
.5123
.5123
.5123
.5123
.5123
.5123
.5123
.5123
.5123
.5123
.5123
.5123
.5123
.5122
.5122
.5122
.5122
.5122
.5122
.5122
.5122
.5122
.5122
.5122
.5122
.5122
.5122
.5122
.5122
.5122
.5122
.5122
.5122
.5122
.5121
.5121
.5121
.5121
.5121
.5121
.5121
.5121
.5121
.5121
.5121
.5121
.5121
.5121
.5121
.5121
.5121
.5121
.5121
.512
.512
.512
.512
.512
.512
.512
.512
.512
.512
.512
.512
.512
.512
.512
.512
.512
.5119
.5119
.5119
.5119
.5119
.5119
.5119
.5119
.5119
.5119
.5119
.5119
.5119
.5119
.5119
.5118
.5118
.5118
.5118
.5118
.5118
.5118
.5118
.5118
.5118
.5118
.5118
.5118
.5118
.5117
.5117
.5117
.5117
.5117
.5117
.5117
.5117
.5117
.5117
.5117
.5117
.5117
.5116
.5116
.5116
.5116
.5116
.5116
.5116
.5116
.5116
.5116
.5116
.5116
.5115
.5115
.5115
.5115
.5115
.5115
.5115
.5115
.5115
.5115
.5115
.5115
.5114
.5114
.5114
.5114
.5114
.5114
.5114
.5114
.5114
.5114
.5113
.5113
.5113
.5113
.5113
.5113
.5113
.5113
.5113
.5113
.5112
.5112
.5112
.5112
.5112
.5112
.5112
.5112
.5112
.5111
.5111
.5111
.5111
.5111
.5111
.5111
.5111
.5111
.511
.511
.511
.511
.511
.511
.511
.511
.5109
.5109
.5109
.5109
.5109
.5109
.5109
.5109
.5108
.5108
.5108
.5108
.5108
.5108
.5108
.5108
.5107
.5107
.5107
.5107
.5107
.5107
.5107
.5106
.5106
.5106
.5106
.5106
.5106
.5105
.5105
.5105
.5105
.5105
.5105
.5105
.5104
.5104
.5104
.5104
.5104
.5104
.5103
.5103
.5103
.5103
.5103
.5103
.5102
.5102
.5102
.5102
.5102
.5102
.5101
.5101
.5101
.5101
.5101
.51
.51
.51
.51
.51
.51
.5099
.5099
.5099
.5099
.5099
.5098
.5098
.5098
.5098
.5098
.5097
.5097
.5097
.5097
.5097
.5096
.5096
.5096
.5096
.5095
.5095
.5095
.5095
.5095
.5094
.5094
.5094
.5094
.5093
.5093
.5093
.5093
.5092
.5092
.5092
.5092
.5092
.5091
.5091
.5091
.5091
.509
.509
.509
.5089
.5089
.5089
.5089
.5088
.5088
.5088
.5088
.5087
.5087
.5087
.5087
.5086
.5086
.5086
.5085
.5085
.5085
.5084
.5084
.5084
.5084
.5083
.5083
.5083
.5082
.5082
.5082
.5081
.5081
.5081
.508
.508
.508
.5079
.5079
.5079
.5078
.5078
.5078
.5077
.5077
.5077
.5076
.5076
.5076
.5075
.5075
.5075
.5074
.5074
.5073
.5073
.5073
.5072
.5072
.5072
.5071
.5071
.507
.507
.507
.5069
.5069
.5068
.5068
.5068
.5067
.5067
.5066
.5066
.5065
.5065
.5065
.5064
.5064
.5063
.5063
.5062
.5062
.5061
.5061
.506
.506
.5059
.5059
.5059
.5058
.5058
.5057
.5057
.5056
.5056
.5055
.5055
.5054
.5053
.5053
.5052
.5052
.5051
.5051
.505
.505
.5049
.5049
.5048
.5048
.5047
.5046
.5046
.5045
.5045
.5044
.5043
.5043
.5042
.5042
.5041
.504
.504
.5039
.5038
.5038
.5037
.5037
.5036
.5035
.5035
.5034
.5033
.5033
.5032
.5031
.5031
.503
.5029
.5028
.5028
.5027
.5026
.5026
.5025
.5024
.5023
.5023
.5022
.5021
.502
.5019
.5019
.5018
.5017
.5016
.5016
.5015
.5014
.5013
.5012
.5011
.5011
.501
.5009
.5008
.5007
.5006
.5005
.5004
.5004
.5003
.5002
.5001
.5
.4999
.4998
.4997
.4996
.4995
.4994
.4993
.4992
.4991
.499
.4989
.4988
.4987
.4986
.4985
.4984
.4983
.4982
.4981
.498
.4979
.4978
.4977
.4976
.4974
.4973
.4972
.4971
.497
.4969
.4968
.4966
.4965
.4964
.4963
.4962
.496
.4959
.4958
.4957
.4956
.4954
.4953
.4952
.495
.4949
.4948
.4947
.4945
.4944
.4943
.4941
.494
.4938
.4937
.4936
.4934
.4933
.4931
.493
.4929
.4927
.4926
.4924
.4923
.4921
.492
.4918
.4917
.4915
.4914
.4912
.491
.4909
.4907
.4906
.4904
.4902
.4901
.4899
.4897
.4896
.4894
.4892
.4891
.4889
.4887
.4886
.4884
.4882
.488
.4878
.4877
.4875
.4873
.4871
.4869
.4867
.4866
.4864
.4862
.486
.4858
.4856
.4854
.4852
.485
.4848
.4846
.4844
.4842
.484
.4838
.4836
.4834
.4832
.483
.4828
.4826
.4824
.4821
.4819
.4817
.4815
.4813
.481
.4808
.4806
.4804
.4801
.4799
.4797
.4795
.4792
.479
.4788
.4785
.4783
.478
.4778
.4776
.4773
.4771
.4768
.4766
.4763
.4761
.4758
.4756
.4753
.4751
.4748
.4746
.4743
.474
.4738
.4735
.4733
.473
.4727
.4725
.4722
.4719
.4716
.4714
.4711
.4708
.4705
.4703
.47
.4697
.4694
.4691
.4688
.4685
.4683
.468
.4677
.4674
.4671
.4668
.4665
.4662
.4659
.4656
.4653
.465
.4647
.4644
.4641
.4637
.4634
.4631
.4628
.4625
.4622
.4618
.4615
.4612
.4609
.4606
.4602
.4599
.4596
.4593
.4589
.4586
.4583
.4579
.4576
.4572
.4569
.4566
.4562
.4559
.4555
.4552
.4548
.4545
.4542
.4538
.4534
.4531
.4527
.4524
.452
.4517
.4513
.451
.4506
.4502
.4499
.4495
.4491
.4488
.4484
.448
.4477
.4473
.4469
.4465
.4462
.4458
.4454
.445
.4446
.4443
.4439
.4435
.4431
.4427
.4423
.4419
.4416
.4412
.4408
.4404
.44
.4396
.4392
.4388
.4384
.438
.4376
.4372
.4368
.4364
.436
.4356
.4352
.4348
.4343
.4339
.4335
.4331
.4327
.4323
.4319
.4315
.431
.4306
.4302
.4298
.4294
.4289
.4285
.4281
.4277
.4272
.4268
.4264
.426
.4255
.4251
.4247
.4243
.4238
.4234
.423
.4225
.4221
.4217
.4212
.4208
.4203
.4199
.4195
.419
.4186
.4181
.4177
.4173
.4168
.4164
.4159
.4155
.415
.4146
.4141
.4137
.4132
.4128
.4123
.4119
.4114
.411
.4105
.4101
.4096
.4092
.4087
.4083
.4078
.4073
.4069
.4064
.406
.4055
.405
.4046
.4041
.4037
.4032
.4027
.4023
.4018
.4014
.4009
.4004
.4
.3995
.399
.3986
.3981
.3976
.3972
.3967
.3962
.3958
.3953
.3948
.3944
.3939
.3934
.3929
.3925
.392
.3915
.3911
.3906
.3901
.3896
.3892
.3887
.3882
.3878
.3873
.3868
.3863
.3859
.3854
.3849
.3844
.384
.3835
.383
.3825
.3821
.3816
.3811
.3806
.3801
.3797
.3792
.3787
.3782
.3778
.3773
.3768
.3763
.3759
.3754
.3749
.3744
.3739
.3735
.373
.3725
.372
.3715
.3711
.3706
.3701
.3696
.3692
.3687
.3682
.3677
.3672
.3668
.3663
.3658
.3653
.3649
.3644
.3639
.3634
.3629
.3625
.362
.3615
.361
.3605
.3601
.3596
.3591
.3586
.3582
.3577
.3572
.3567
.3563
.3558
.3553
.3548
.3543
.3539
.3534
.3529
.3524
.352
.3515
.351
.3505
.3501
.3496
.3491
.3486
.3482
.3477
.3472
.3467
.3463
.3458
.3453
.3449
.3444
.3439
.3434
.343
.3425
.342
.3416
.3411
.3406
.3401
.3397
.3392
.3387
.3383
.3378
.3373
.3369
.3364
.3359
.3355
.335
.3345
.3341
.3336
.3331
.3327
.3322
.3317
.3313
.3308
.3304
.3299
.3294
.329
.3285
.328
.3276
.3271
.3267
.3262
.3258
.3253
.3248
.3244
.3239
.3235
.323
.3225
.3221
.3216
.3212
.3207
.3203
.3198
.3194
.3189
.3185
.318
.3176
.3171
.3167
.3162
.3158
.3153
.3149
.3144
.314
.3135
.3131
.3126
.3122
.3117
.3113
.3108
.3104
.31
.3095
.3091
.3086
.3082
.3078
.3073
.3069
.3064
.306
.3056
.3051
.3047
.3042
.3038
.3034
.3029
.3025
.3021
.3016
.3012
.3008
.3003
.2999
.2995
.2991
.2986
.2982
.2978
.2973
.2969
.2965
.2961
.2956
.2952
.2948
.2944
.2939
.2935
.2931
.2927
.2923
.2918
.2914
.291
.2906
.2902
.2898
.2893
.2889
.2885
.2881
.2877
.2873
.2868
.2864
.286
.2856
.2852
.2848
.2844
.284
.2836
.2832
.2828
.2824
.2819
.2815
.2811
.2807
.2803
.2799
.2795
.2791
.2787
.2783
.2779
.2775
.2771
.2767
.2763
.2759
.2756
.2752
.2748
.2744
.274
.2736
.2732
.2728
.2724
.272
.2716
.2713
.2709
.2705
.2701
.2697
.2693
.2689
.2686
.2682
.2678
.2674
.267
.2666
.2663
.2659
.2655
.2651
.2648
.2644
.264
.2636
.2633
.2629
.2625
.2621
.2618
.2614
.261
.2607
.2603
.2599
.2596
.2592
.2588
.2585
.2581
.2577
.2574
.257
.2566
.2563
.2559
.2556
.2552
.2548
.2545
.2541
.2538
.2534
.2531
.2527
.2523
.252
.2516
.2513
.2509
.2506
.2502
.2499
.2495
.2492
.2488
.2485
.2481
.2478
.2475
.2471
.2468
.2464
.2461
.2457
.2454
.2451
.2447
.2444
.244
.2437
.2434
.243
.2427
.2424
.242
.2417
.2414
.241
.2407
.2404
.24
.2397
.2394
.239
.2387
.2384
.2381
.2377
.2374
.2371
.2367
.2364
.2361
.2358
.2355
.2351
.2348
.2345
.2342
.2339
.2335
.2332
.2329
.2326
.2323
.232
.2316
.2313
.231
.2307
.2304
.2301
.2298
.2295
.2291
.2288
.2285
.2282
.2279
.2276
.2273
.227
.2267
.2264
.2261
.2258
.2255
.2252
.2249
.2246
.2243
.224
.2237
.2234
.2231
.2228
.2225
.2222
.2219
.2216
.2213
.221
.2207
.2204
.2201
.2198
.2195
.2193
.219
.2187
.2184
.2181
.2178
.2175
.2172
.217
.2167
.2164
.2161
.2158
.2155
.2153
.215
.2147
.2144
.2141
.2138
.2136
.2133
.213
.2127
.2125
.2122
.2119
.2116
.2114
.2111
.2108
.2105
.2103
.21
.2097
.2094
.2092
.2089
.2086
.2084
.2081
.2078
.2076
.2073
.207
.2068
.2065
.2062
.206
.2057
.2054
.2052
.2049
.2047
.2044
.2041
.2039
.2036
.2034
.2031
.2028
.2026
.2023
.2021
.2018
.2016
.2013
.2011
.2008
.2005
.2003
.2
.1998
.1995
.1993
.199
.1988
.1985
.1983
.198
.1978
.1975
.1973
.1971
.1968
.1966
.1963
.1961
.1958
.1956
.1953
.1951
.1949
.1946
.1944
.1941
.1939
.1937
.1934
.1932
.1929
.1927
.1925
.1922
.192
.1918
.1915
.1913
.191
.1908
.1906
.1903
.1901
.1899
.1896
.1894
.1892
.189
.1887
.1885
.1883
.188
.1878
.1876
.1874
.1871
.1869
.1867
.1864
.1862
.186
.1858
.1855
.1853
.1851
.1849
.1847
.1844
.1842
.184
.1838
.1835
.1833
.1831
.1829
.1827
.1825
.1822
.182
.1818
.1816
.1814
.1812
.1809
.1807
.1805
.1803
.1801
.1799
.1797
.1794
.1792
.179
.1788
.1786
.1784
.1782
.178
.1778
.1775
.1773
.1771
.1769
.1767
.1765
.1763
.1761
.1759
.1757
.1755
.1753
.1751
.1749
.1747
.1745
.1743
.1741
.1739
.1737
.1735
.1733
.1731
.1729
.1727
.1725
.1723
.1721
.1719
.1717
.1715
.1713
.1711
.1709
.1707
.1705
.1703
.1701
.1699
.1697
.1695
.1693
.1691
.1689
.1687
.1685
.1684
.1682
.168
.1678
.1676
.1674
.1672
.167
.1668
.1666
.1665
.1663
.1661
.1659
.1657
.1655
.1653
.1651
.165
.1648
.1646
.1644
.1642
.164
.1639
.1637
.1635
.1633
.1631
.1629
.1628
.1626
.1624
.1622
.162
.1619
.1617
.1615
.1613
.1611
.161
.1608
.1606
.1604
.1603
.1601
.1599
.1597
.1596
.1594
.1592
.159
.1589
.1587
.1585
.1583
.1582
.158
.1578
.1576
.1575
.1573
.1571
.157
.1568
.1566
.1564
.1563
.1561
.1559
.1558
.1556
.1554
.1553
.1551
.1549
.1548
.1546
.1544
.1543
.1541
.1539
.1538
.1536
.1534
.1533
.1531
.1529
.1528
.1526
.1525
.1523
.1521
.152
.1518
.1516
.1515
.1513
.1512
.151
.1508
.1507
.1505
.1504
.1502
.15
.1499
.1497
.1496
.1494
.1493
.1491
.1489
.1488
.1486
.1485
.1483
.1482
.148
.1479
.1477
.1475
.1474
.1472
.1471
.1469
.1468
.1466
.1465
.1463
.1462
.146
.1459
.1457
.1456
.1454
.1453
.1451
.145
.1448
.1447
.1445
.1444
.1442
.1441
.1439
.1438
.1436
.1435
.1433
.1432
.143
.1429
.1428
.1426
.1425
.1423
.1422
.142
.1419
.1417
.1416
.1414
.1413
.1412
.141
.1409
.1407
.1406
.1405
.1403
.1402
.14
.1399
.1397
.1396
.1395
.1393
.1392
.139
.1389
.1388
.1386
.1385
.1383
.1382
.1381
.1379
.1378
.1377
.1375
.1374
.1372
.1371
.137
.1368
.1367
.1366
.1364
.1363
.1362
.136
.1359
.1358
.1356
.1355
.1354
.1352
.1351
.135
.1348
.1347
.1346
.1344
.1343
.1342
.134
.1339
.1338
.1336
.1335
.1334
.1333
.1331
.133
.1329
.1327
.1326
.1325
.1324
.1322
.1321
.132
.1318
.1317
.1316
.1315
.1313
.1312
.1311
.131
.1308
.1307
.1306
.1304
.1303
.1302
.1301
.1299
.1298
.1297
.1296
.1295
.1293
.1292
.1291
.129
.1288
.1287
.1286
.1285
.1283
.1282
.1281
.128
.1279
.1277
.1276
.1275
.1274
.1273
.1271
.127
.1269
.1268
.1267
.1265
.1264
.1263
.1262
.1261
.1259
.1258
.1257
.1256
.1255
.1254
.1252
.1251
.125
.1249
.1248
.1247
.1245
.1244
.1243
.1242
.1241
.124
.1239
.1237
.1236
.1235
.1234
.1233
.1232
.1231
.1229
.1228
.1227
.1226
.1225
.1224
.1223
.1222
.122
.1219
.1218
.1217
.1216
.1215
.1214
.1213
.1212
.121
.1209
.1208
.1207
.1206
.1205
.1204
.1203
.1202
.1201
.1199
.1198
.1197
.1196
.1195
.1194
.1193
.1192
.1191
.119
.1189
.1188
.1187
.1186
.1184
.1183
.1182
.1181
.118
.1179
.1178
.1177
.1176
.1175
.1174
.1173
.1172
.1171
.117
.1169
.1168
.1167
.1166
.1165
.1164
.1163
.1161
.116
.1159
.1158
.1157
.1156
.1155
.1154
.1153
.1152
.1151
.115
.1149
.1148
.1147
.1146
.1145
.1144
.1143
.1142
.1141
.114
.1139
.1138
.1137
.1136
.1135
.1134
.1133
.1132
.1131
.113
.1129
.1128
.1127
.1126
.1125
.1125
.1124
.1123
.1122
.1121
.112
.1119
.1118
.1117
.1116
.1115
.1114
.1113
.1112
.1111
.111
.1109
.1108
.1107
.1106
.1105
.1104
.1104
.1103
.1102
.1101
.11
.1099
.1098
.1097
.1096
.1095
.1094
.1093
.1092
.1091
.109
.109
.1089
.1088
.1087
.1086
.1085
.1084
.1083
.1082
.1081
.108
.108
.1079
.1078
.1077
.1076
.1075
.1074
.1073
.1072
.1071
.1071
.107
.1069
.1068
.1067
.1066
.1065
.1064
.1063
.1063
.1062
.1061
.106
.1059
.1058
.1057
.1056
.1056
.1055
.1054
.1053
.1052
.1051
.105
.105
.1049
.1048
.1047
.1046
.1045
.1044
.1044
.1043
.1042
.1041
.104
.1039
.1038
.1038
.1037
.1036
.1035
.1034
.1033
.1033
.1032
.1031
.103
.1029
.1028
.1028
.1027
.1026
.1025
.1024
.1023
.1023
.1022
.1021
.102
.1019
.1018
.1018
.1017
.1016
.1015
.1014
.1014
.1013
.1012
.1011
.101
.101
.1009
.1008
.1007
.1006
.1006
.1005
.1004
.1003
.1002
.1002
.1001
.1
.0999
.0998
.0998
.0997
.0996
.0995
.0994
.0994
.0993
.0992
.0991
.0991
.099
.0989
.0988
.0987
.0987
.0986
.0985
.0984
.0984
.0983
.0982
.0981
.098
.098
.0979
.0978
.0977
.0977
.0976
.0975
.0974
.0974
.0973
.0972
.0971
.0971
.097
.0969
.0968
.0968
.0967
.0966
.0965
.0965
.0964
.0963
.0962
.0962
.0961
.096
.0959
.0959
.0958
.0957
.0957
.0956
.0955
.0954
.0954
.0953
.0952
.0951
.0951
.095
.0949
.0949
.0948
.0947
.0946
.0946
.0945
.0944
.0944
.0943
.0942
.0941
.0941
.094
.0939
.0939
.0938
.0937
.0936
.0936
.0935
.0934
.0934
.0933
.0932
.0932
.0931
.093
.0929
.0929
.0928
.0927
.0927
.0926
.0925
.0925
.0924
.0923
.0923
.0922
.0921
.092
.092
.0919
.0918
.0918
.0917
.0916
.0916
.0915
.0914
.0914
.0913
.0912
.0912
.0911
.091
.091
.0909
.0908
.0908
.0907
.0906
.0906
.0905
.0904
.0904
.0903
.0902
.0902
.0901
.09
.09
.0899
.0898
.0898
.0897
.0896
.0896
.0895
.0894
.0894
.0893
.0892
.0892
.0891
.0891
.089
.0889
.0889
.0888
.0887
.0887
.0886
.0885
.0885
.0884
.0883
.0883
.0882
.0882
.0881
.088
.088
.0879
.0878
.0878
.0877
.0877
.0876
.0875
.0875
.0874
.0873
.0873
.0872
.0872
.0871
.087
.087
.0869
.0868
.0868
.0867
.0867
.0866
.0865
.0865
.0864
.0864
.0863
.0862
.0862
.0861
.086
.086
.0859
.0859
.0858
.0857
.0857
.0856
.0856
.0855
.0854
.0854
.0853
.0853
.0852
.0851
.0851
.085
.085
.0849
.0848
.0848
.0847
.0847
.0846
.0846
.0845
.0844
.0844
.0843
.0843
.0842
.0841
.0841
.084
.084
.0839
.0839
.0838
.0837
.0837
.0836
.0836
.0835
.0834
.0834
.0833
.0833
.0832
.0832
.0831
.083
.083
.0829
.0829
.0828
.0828
.0827
.0827
.0826
.0825
.0825
.0824
.0824
.0823
.0823
.0822
.0821
.0821
.082
.082
.0819
.0819
.0818
.0818
.0817
.0816
.0816
.0815
.0815
.0814
.0814
.0813
.0813
.0812
.0811
.0811
.081
.081
.0809
.0809
.0808
.0808
.0807
.0807
.0806
.0806
.0805
.0804
.0804
.0803
.0803
.0802
.0802
.0801
.0801
.08
.08
.0799
.0799
.0798
.0797
.0797
.0796
.0796
.0795
.0795
.0794
.0794
.0793
.0793
.0792
.0792
.0791
.0791
.079
.079
.0789
.0789
.0788
.0788
.0787
.0786
.0786
.0785
.0785
.0784
.0784
.0783
.0783
.0782
.0782
.0781
.0781
.078
.078
.0779
.0779
.0778
.0778
.0777
.0777
.0776
.0776
.0775
.0775
.0774
.0774
.0773
.0773
.0772
.0772
.0771
.0771
.077
.077
.0769
.0769
.0768
.0768
.0767
.0767
.0766
.0766
.0765
.0765
.0764
.0764
.0763
.0763
.0762
.0762
.0761
.0761
.076
.076
.0759
.0759
.0758
.0758
.0757
.0757
.0757
.0756
.0756
.0755
.0755
.0754
.0754
.0753
.0753
.0752
.0752
.0751
.0751
.075
.075
.0749
.0749
.0748
.0748
.0747
.0747
.0746
.0746
.0746
.0745
.0745
.0744
.0744
.0743
.0743
.0742
.0742
.0741
.0741
.074
.074
.0739
.0739
.0739
.0738
.0738
.0737
.0737
.0736
.0736
.0735
.0735
.0734
.0734
.0734
.0733
.0733
.0732
.0732
.0731
.0731
.073
.073
.0729
.0729
.0729
.0728
.0728
.0727
.0727
.0726
.0726
.0725
.0725
.0724
.0724
.0724
.0723
.0723
.0722
.0722
.0721
.0721
.072
.072
.072
.0719
.0719
.0718
.0718
.0717
.0717
.0717
.0716
.0716
.0715
.0715
.0714
.0714
.0713
.0713
.0713
.0712
.0712
.0711
.0711
.071
.071
.071
.0709
.0709
.0708
.0708
.0707
.0707
.0707
.0706
.0706
.0705
.0705
.0704
.0704
.0704
.0703
.0703
.0702
.0702
.0701
.0701
.0701
.07
.07
.0699
.0699
.0699
.0698
.0698
.0697
.0697
.0696
.0696
.0696
.0695
.0695
.0694
.0694
.0694
.0693
.0693
.0692
.0692
.0692
.0691
.0691
.069
.069
.0689
.0689
.0689
.0688
.0688
.0687
.0687
.0687
.0686
.0686
.0685
.0685
.0685
.0684
.0684
.0683
.0683
.0683
.0682
.0682
.0681
.0681
.0681
.068
.068
.0679
.0679
.0679
.0678
.0678
.0677
.0677
.0677
.0676
.0676
.0675
.0675
.0675
.0674
.0674
.0673
.0673
.0673
.0672
.0672
.0672
.0671
.0671
.067
.067
.067
.0669
.0669
.0668
.0668
.0668
.0667
.0667
.0666
.0666
.0666
.0665
.0665
.0665
.0664
.0664
.0663
.0663
.0663
.0662
.0662
.0662
.0661
.0661
.066
.066
.066
.0659
.0659
.0659
.0658
.0658
.0657
.0657
.0657
.0656
.0656
.0656
.0655
.0655
.0654
.0654
.0654
.0653
.0653
.0653
.0652
.0652
.0651
.0651
.0651
.065
.065
.065
.0649
.0649
.0649
.0648
.0648
.0647
.0647
.0647
.0646
.0646
.0646
.0645
.0645
.0645
.0644
.0644
.0643
.0643
.0643
.0642
.0642
.0642
.0641
.0641
.0641
.064
.064
.0639
.0639
.0639
.0638
.0638
.0638
.0637
.0637
.0637
.0636
.0636
.0636
.0635
.0635
.0635
.0634
.0634
.0633
.0633
.0633
.0632
.0632
.0632
.0631
.0631
.0631
.063
.063
.063
.0629
.0629
.0629
.0628
.0628
.0628
.0627
.0627
.0627
.0626
.0626
.0626
.0625
.0625
.0624
.0624
.0624
.0623
.0623
.0623
.0622
.0622
.0622
.0621
.0621
.0621
.062
.062
.062
.0619
.0619
.0619
.0618
.0618
.0618
.0617
.0617
.0617
.0616
.0616
.0616
.0615
.0615
.0615
.0614
.0614
.0614
.0613
.0613
.0613
.0612
.0612
.0612
.0611
.0611
.0611
.061
.061
.061
.0609
.0609
.0609
.0608
.0608
.0608
.0608
.0607
.0607
.0607
.0606
.0606
.0606
.0605
.0605
.0605
.0604
.0604
.0604
.0603
.0603
.0603
.0602
.0602
.0602
.0601
.0601
.0601
.06
.06
.06
.0599
.0599
.0599
.0599
.0598
.0598
.0598
.0597
.0597
.0597
.0596
.0596
.0596
.0595
.0595
.0595
.0594
.0594
.0594
.0594
.0593
.0593
.0593
.0592
.0592
.0592
.0591
.0591
.0591
.059
.059
.059
.059
.0589
.0589
.0589
.0588
.0588
.0588
.0587
.0587
.0587
.0586
.0586
.0586
.0586
.0585
.0585
.0585
.0584
.0584
.0584
.0583
.0583
.0583
.0583
.0582
.0582
.0582
.0581
.0581
.0581
.058
.058
.058
.058
.0579
.0579
.0579
.0578
.0578
.0578
.0577
.0577
.0577
.0577
.0576
.0576
.0576
.0575
.0575
.0575
.0574
.0574
.0574
.0574
.0573
.0573
.0573
.0572
.0572
.0572
.0572
.0571
.0571
.0571
.057
.057
.057
.057
.0569
.0569
.0569
.0568
.0568
.0568
.0568
.0567
.0567
.0567
.0566
.0566
.0566
.0566
.0565
.0565
.0565
.0564
.0564
.0564
.0564
.0563
.0563
.0563
.0562
.0562
.0562
.0562
.0561
.0561
.0561
.056
.056
.056
.056
.0559
.0559
.0559
.0558
.0558
.0558
.0558
.0557
.0557
.0557
.0557
.0556
.0556
.0556
.0555
.0555
.0555
.0555
.0554
.0554
.0554
.0554
.0553
.0553
.0553
.0552
.0552
.0552
.0552
.0551
.0551
.0551
.0551
.055
.055
.055
.0549
.0549
.0549
.0549
.0548
.0548
.0548
.0548
.0547
.0547
.0547
.0546
.0546
.0546
.0546
.0545
.0545
.0545
.0545
.0544
.0544
.0544
.0544
.0543
.0543
.0543
.0542
.0542
.0542
.0542
.0541
.0541
.0541
.0541
.054
.054
.054
.054
.0539
.0539
.0539
.0539
.0538
.0538
.0538
.0538
.0537
.0537
.0537
.0536
.0536
.0536
.0536
.0535
.0535
.0535
.0535
.0534
.0534
.0534
.0534
.0533
.0533
.0533
.0533
.0532
.0532
.0532
.0532
.0531
.0531
.0531
.0531
.053
.053
.053
.053
.0529
.0529
.0529
.0529
.0528
.0528
.0528
.0528
.0527
.0527
.0527
.0527
.0526
.0526
.0526
.0526
.0525
.0525
.0525
.0525
.0524
.0524
.0524
.0524
.0523
.0523
.0523
.0523
.0522
.0522
.0522
.0522
.0521
.0521
.0521
.0521
.052
.052
.052
.052
.0519
.0519
.0519
.0519
.0518
.0518
.0518
.0518
.0517
.0517
.0517
.0517
.0516
.0516
.0516
.0516
.0516
.0515
.0515
.0515
.0515
.0514
.0514
.0514
.0514
.0513
.0513
.0513
.0513
.0512
.0512
.0512
.0512
.0511
.0511
.0511
.0511
.0511
.051
.051
.051
.051
.0509
.0509
.0509
.0509
.0508
.0508
.0508
.0508
.0507
.0507
.0507
.0507
.0507
.0506
.0506
.0506
.0506
.0505
.0505
.0505
.0505
.0504
.0504
.0504
.0504
.0504
.0503
.0503
.0503
.0503
.0502
.0502
.0502
.0502
.0501
.0501
.0501
.0501
.0501
.05
.05
.05
