.5607
.5597
.5587
.5577
.5567
.5557
.5547
.5538
.5529
.552
.5511
.5502
.5494
.5486
.5478
.547
.5463
.5455
.5448
.5441
.5434
.5428
.5421
.5415
.5409
.5403
.5398
.5392
.5387
.5382
.5377
.5373
.5368
.5364
.5359
.5355
.5351
.5348
.5344
.5341
.5337
.5334
.5331
.5328
.5325
.5322
.532
.5317
.5315
.5313
.531
.5308
.5306
.5304
.5302
.5301
.5299
.5297
.5295
.5294
.5292
.5291
.529
.5288
.5287
.5286
.5285
.5284
.5282
.5281
.528
.5279
.5278
.5277
.5277
.5276
.5275
.5274
.5273
.5272
.5272
.5271
.527
.5269
.5269
.5268
.5267
.5267
.5266
.5265
.5265
.5264
.5264
.5263
.5262
.5262
.5261
.5261
.526
.526
.5259
.5259
.5258
.5257
.5257
.5256
.5256
.5255
.5255
.5254
.5254
.5253
.5253
.5252
.5252
.5251
.5251
.525
.525
.5249
.5249
.5248
.5247
.5247
.5246
.5246
.5245
.5245
.5244
.5244
.5243
.5243
.5242
.5242
.5241
.5241
.524
.524
.5239
.5238
.5238
.5237
.5237
.5236
.5236
.5235
.5235
.5234
.5234
.5233
.5232
.5232
.5231
.5231
.523
.523
.5229
.5228
.5228
.5227
.5227
.5226
.5226
.5225
.5224
.5224
.5223
.5223
.5222
.5221
.5221
.522
.5219
.5219
.5218
.5218
.5217
.5216
.5216
.5215
.5214
.5214
.5213
.5213
.5212
.5211
.5211
.521
.5209
.5209
.5208
.5207
.5207
.5206
.5205
.5205
.5204
.5203
.5202
.5202
.5201
.52
.52
.5199
.5198
.5197
.5197
.5196
.5195
.5195
.5194
.5193
.5192
.5192
.5191
.519
.5189
.5189
.5188
.5187
.5186
.5186
.5185
.5184
.5183
.5182
.5182
.5181
.518
.5179
.5178
.5178
.5177
.5176
.5175
.5174
.5173
.5173
.5172
.5171
.517
.5169
.5168
.5167
.5166
.5166
.5165
.5164
.5163
.5162
.5161
.516
.5159
.5158
.5157
.5157
.5156
.5155
.5154
.5153
.5152
.5151
.515
.5149
.5148
.5147
.5146
.5145
.5144
.5143
.5142
.5141
.514
.5139
.5138
.5137
.5136
.5135
.5134
.5133
.5132
.513
.5129
.5128
.5127
.5126
.5125
.5124
.5123
.5122
.5121
.5119
.5118
.5117
.5116
.5115
.5114
.5112
.5111
.511
.5109
.5108
.5106
.5105
.5104
.5103
.5102
.51
.5099
.5098
.5096
.5095
.5094
.5093
.5091
.509
.5089
.5087
.5086
.5085
.5083
.5082
.5081
.5079
.5078
.5077
.5075
.5074
.5072
.5071
.5069
.5068
.5067
.5065
.5064
.5062
.5061
.5059
.5058
.5056
.5055
.5053
.5052
.505
.5049
.5047
.5046
.5044
.5042
.5041
.5039
.5038
.5036
.5034
.5033
.5031
.5029
.5028
.5026
.5024
.5023
.5021
.5019
.5018
.5016
.5014
.5013
.5011
.5009
.5007
.5005
.5004
.5002
.5
.4998
.4996
.4995
.4993
.4991
.4989
.4987
.4985
.4983
.4982
.498
.4978
.4976
.4974
.4972
.497
.4968
.4966
.4964
.4962
.496
.4958
.4956
.4954
.4952
.495
.4948
.4946
.4944
.4942
.4939
.4937
.4935
.4933
.4931
.4929
.4927
.4925
.4922
.492
.4918
.4916
.4914
.4911
.4909
.4907
.4905
.4902
.49
.4898
.4896
.4893
.4891
.4889
.4886
.4884
.4882
.4879
.4877
.4875
.4872
.487
.4868
.4865
.4863
.486
.4858
.4855
.4853
.4851
.4848
.4846
.4843
.4841
.4838
.4836
.4833
.4831
.4828
.4826
.4823
.4821
.4818
.4815
.4813
.481
.4808
.4805
.4802
.48
.4797
.4795
.4792
.4789
.4787
.4784
.4781
.4779
.4776
.4773
.4771
.4768
.4765
.4763
.476
.4757
.4754
.4752
.4749
.4746
.4743
.4741
.4738
.4735
.4732
.473
.4727
.4724
.4721
.4718
.4716
.4713
.471
.4707
.4704
.4702
.4699
.4696
.4693
.469
.4687
.4684
.4682
.4679
.4676
.4673
.467
.4667
.4664
.4661
.4658
.4655
.4653
.465
.4647
.4644
.4641
.4638
.4635
.4632
.4629
.4626
.4623
.462
.4617
.4614
.4611
.4608
.4605
.4602
.4599
.4596
.4593
.459
.4587
.4584
.4581
.4578
.4575
.4572
.4569
.4566
.4563
.456
.4557
.4554
.4551
.4548
.4545
.4542
.4539
.4536
.4533
.453
.4527
.4524
.4521
.4518
.4515
.4512
.4509
.4506
.4503
.45
.4496
.4493
.449
.4487
.4484
.4481
.4478
.4475
.4472
.4469
.4466
.4463
.446
.4457
.4453
.445
.4447
.4444
.4441
.4438
.4435
.4432
.4429
.4426
.4423
.4419
.4416
.4413
.441
.4407
.4404
.4401
.4398
.4395
.4392
.4388
.4385
.4382
.4379
.4376
.4373
.437
.4367
.4364
.4361
.4357
.4354
.4351
.4348
.4345
.4342
.4339
.4336
.4332
.4329
.4326
.4323
.432
.4317
.4314
.4311
.4307
.4304
.4301
.4298
.4295
.4292
.4289
.4286
.4282
.4279
.4276
.4273
.427
.4267
.4264
.4261
.4257
.4254
.4251
.4248
.4245
.4242
.4239
.4235
.4232
.4229
.4226
.4223
.422
.4217
.4213
.421
.4207
.4204
.4201
.4198
.4195
.4191
.4188
.4185
.4182
.4179
.4176
.4172
.4169
.4166
.4163
.416
.4157
.4154
.415
.4147
.4144
.4141
.4138
.4135
.4131
.4128
.4125
.4122
.4119
.4116
.4112
.4109
.4106
.4103
.41
.4096
.4093
.409
.4087
.4084
.4081
.4077
.4074
.4071
.4068
.4065
.4061
.4058
.4055
.4052
.4049
.4046
.4042
.4039
.4036
.4033
.403
.4026
.4023
.402
.4017
.4014
.401
.4007
.4004
.4001
.3998
.3994
.3991
.3988
.3985
.3982
.3979
.3975
.3972
.3969
.3966
.3963
.3959
.3956
.3953
.395
.3946
.3943
.394
.3937
.3934
.393
.3927
.3924
.3921
.3918
.3914
.3911
.3908
.3905
.3902
.3898
.3895
.3892
.3889
.3886
.3882
.3879
.3876
.3873
.387
.3866
.3863
.386
.3857
.3854
.385
.3847
.3844
.3841
.3838
.3834
.3831
.3828
.3825
.3822
.3818
.3815
.3812
.3809
.3806
.3802
.3799
.3796
.3793
.379
.3787
.3783
.378
.3777
.3774
.3771
.3767
.3764
.3761
.3758
.3755
.3752
.3748
.3745
.3742
.3739
.3736
.3732
.3729
.3726
.3723
.372
.3717
.3713
.371
.3707
.3704
.3701
.3698
.3695
.3691
.3688
.3685
.3682
.3679
.3676
.3672
.3669
.3666
.3663
.366
.3657
.3654
.3651
.3647
.3644
.3641
.3638
.3635
.3632
.3629
.3626
.3622
.3619
.3616
.3613
.361
.3607
.3604
.3601
.3598
.3594
.3591
.3588
.3585
.3582
.3579
.3576
.3573
.357
.3567
.3564
.3561
.3557
.3554
.3551
.3548
.3545
.3542
.3539
.3536
.3533
.353
.3527
.3524
.3521
.3518
.3515
.3512
.3509
.3506
.3503
.3499
.3496
.3493
.349
.3487
.3484
.3481
.3478
.3475
.3472
.3469
.3466
.3463
.346
.3457
.3454
.3451
.3448
.3445
.3442
.3439
.3436
.3433
.343
.3427
.3424
.3422
.3419
.3416
.3413
.341
.3407
.3404
.3401
.3398
.3395
.3392
.3389
.3386
.3383
.338
.3377
.3374
.3371
.3368
.3366
.3363
.336
.3357
.3354
.3351
.3348
.3345
.3342
.3339
.3336
.3334
.3331
.3328
.3325
.3322
.3319
.3316
.3313
.3311
.3308
.3305
.3302
.3299
.3296
.3293
.329
.3288
.3285
.3282
.3279
.3276
.3273
.3271
.3268
.3265
.3262
.3259
.3256
.3254
.3251
.3248
.3245
.3242
.3239
.3237
.3234
.3231
.3228
.3225
.3223
.322
.3217
.3214
.3211
.3209
.3206
.3203
.32
.3198
.3195
.3192
.3189
.3186
.3184
.3181
.3178
.3175
.3173
.317
.3167
.3164
.3162
.3159
.3156
.3153
.3151
.3148
.3145
.3143
.314
.3137
.3134
.3132
.3129
.3126
.3124
.3121
.3118
.3115
.3113
.311
.3107
.3105
.3102
.3099
.3097
.3094
.3091
.3089
.3086
.3083
.3081
.3078
.3075
.3073
.307
.3067
.3065
.3062
.3059
.3057
.3054
.3051
.3049
.3046
.3043
.3041
.3038
.3036
.3033
.303
.3028
.3025
.3022
.302
.3017
.3015
.3012
.3009
.3007
.3004
.3002
.2999
.2996
.2994
.2991
.2989
.2986
.2984
.2981
.2978
.2976
.2973
.2971
.2968
.2966
.2963
.296
.2958
.2955
.2953
.295
.2948
.2945
.2943
.294
.2938
.2935
.2933
.293
.2928
.2925
.2922
.292
.2917
.2915
.2912
.291
.2907
.2905
.2902
.29
.2897
.2895
.2892
.289
.2888
.2885
.2883
.288
.2878
.2875
.2873
.287
.2868
.2865
.2863
.286
.2858
.2856
.2853
.2851
.2848
.2846
.2843
.2841
.2838
.2836
.2834
.2831
.2829
.2826
.2824
.2822
.2819
.2817
.2814
.2812
.281
.2807
.2805
.2802
.28
.2798
.2795
.2793
.279
.2788
.2786
.2783
.2781
.2779
.2776
.2774
.2772
.2769
.2767
.2764
.2762
.276
.2757
.2755
.2753
.275
.2748
.2746
.2743
.2741
.2739
.2737
.2734
.2732
.273
.2727
.2725
.2723
.272
.2718
.2716
.2713
.2711
.2709
.2707
.2704
.2702
.27
.2697
.2695
.2693
.2691
.2688
.2686
.2684
.2682
.2679
.2677
.2675
.2673
.267
.2668
.2666
.2664
.2661
.2659
.2657
.2655
.2653
.265
.2648
.2646
.2644
.2641
.2639
.2637
.2635
.2633
.263
.2628
.2626
.2624
.2622
.2619
.2617
.2615
.2613
.2611
.2609
.2606
.2604
.2602
.26
.2598
.2596
.2593
.2591
.2589
.2587
.2585
.2583
.258
.2578
.2576
.2574
.2572
.257
.2568
.2566
.2563
.2561
.2559
.2557
.2555
.2553
.2551
.2549
.2546
.2544
.2542
.254
.2538
.2536
.2534
.2532
.253
.2528
.2526
.2523
.2521
.2519
.2517
.2515
.2513
.2511
.2509
.2507
.2505
.2503
.2501
.2499
.2497
.2495
.2493
.249
.2488
.2486
.2484
.2482
.248
.2478
.2476
.2474
.2472
.247
.2468
.2466
.2464
.2462
.246
.2458
.2456
.2454
.2452
.245
.2448
.2446
.2444
.2442
.244
.2438
.2436
.2434
.2432
.243
.2428
.2426
.2424
.2422
.242
.2418
.2416
.2415
.2413
.2411
.2409
.2407
.2405
.2403
.2401
.2399
.2397
.2395
.2393
.2391
.2389
.2387
.2385
.2383
.2382
.238
.2378
.2376
.2374
.2372
.237
.2368
.2366
.2364
.2362
.2361
.2359
.2357
.2355
.2353
.2351
.2349
.2347
.2345
.2344
.2342
.234
.2338
.2336
.2334
.2332
.233
.2329
.2327
.2325
.2323
.2321
.2319
.2317
.2316
.2314
.2312
.231
.2308
.2306
.2304
.2303
.2301
.2299
.2297
.2295
.2294
.2292
.229
.2288
.2286
.2284
.2283
.2281
.2279
.2277
.2275
.2274
.2272
.227
.2268
.2266
.2265
.2263
.2261
.2259
.2257
.2256
.2254
.2252
.225
.2248
.2247
.2245
.2243
.2241
.224
.2238
.2236
.2234
.2233
.2231
.2229
.2227
.2226
.2224
.2222
.222
.2219
.2217
.2215
.2213
.2212
.221
.2208
.2206
.2205
.2203
.2201
.2199
.2198
.2196
.2194
.2193
.2191
.2189
.2187
.2186
.2184
.2182
.2181
.2179
.2177
.2176
.2174
.2172
.217
.2169
.2167
.2165
.2164
.2162
.216
.2159
.2157
.2155
.2154
.2152
.215
.2149
.2147
.2145
.2144
.2142
.214
.2139
.2137
.2135
.2134
.2132
.213
.2129
.2127
.2125
.2124
.2122
.212
.2119
.2117
.2116
.2114
.2112
.2111
.2109
.2107
.2106
.2104
.2102
.2101
.2099
.2098
.2096
.2094
.2093
.2091
.209
.2088
.2086
.2085
.2083
.2082
.208
.2078
.2077
.2075
.2074
.2072
.207
.2069
.2067
.2066
.2064
.2062
.2061
.2059
.2058
.2056
.2055
.2053
.2051
.205
.2048
.2047
.2045
.2044
.2042
.2041
.2039
.2037
.2036
.2034
.2033
.2031
.203
.2028
.2027
.2025
.2023
.2022
.202
.2019
.2017
.2016
.2014
.2013
.2011
.201
.2008
.2007
.2005
.2004
.2002
.2001
.1999
.1998
.1996
.1995
.1993
.1992
.199
.1989
.1987
.1986
.1984
.1983
.1981
.198
.1978
.1977
.1975
.1974
.1972
.1971
.1969
.1968
.1966
.1965
.1963
.1962
.196
.1959
.1957
.1956
.1954
.1953
.1951
.195
.1948
.1947
.1946
.1944
.1943
.1941
.194
.1938
.1937
.1935
.1934
.1932
.1931
.193
.1928
.1927
.1925
.1924
.1922
.1921
.192
.1918
.1917
.1915
.1914
.1912
.1911
.191
.1908
.1907
.1905
.1904
.1902
.1901
.19
.1898
.1897
.1895
.1894
.1893
.1891
.189
.1888
.1887
.1886
.1884
.1883
.1881
.188
.1879
.1877
.1876
.1874
.1873
.1872
.187
.1869
.1868
.1866
.1865
.1863
.1862
.1861
.1859
.1858
.1857
.1855
.1854
.1852
.1851
.185
.1848
.1847
.1846
.1844
.1843
.1842
.184
.1839
.1837
.1836
.1835
.1833
.1832
.1831
.1829
.1828
.1827
.1825
.1824
.1823
.1821
.182
.1819
.1817
.1816
.1815
.1813
.1812
.1811
.1809
.1808
.1807
.1805
.1804
.1803
.1801
.18
.1799
.1798
.1796
.1795
.1794
.1792
.1791
.179
.1788
.1787
.1786
.1785
.1783
.1782
.1781
.1779
.1778
.1777
.1775
.1774
.1773
.1772
.177
.1769
.1768
.1766
.1765
.1764
.1763
.1761
.176
.1759
.1758
.1756
.1755
.1754
.1752
.1751
.175
.1749
.1747
.1746
.1745
.1744
.1742
.1741
.174
.1739
.1737
.1736
.1735
.1734
.1732
.1731
.173
.1729
.1727
.1726
.1725
.1724
.1722
.1721
.172
.1719
.1717
.1716
.1715
.1714
.1713
.1711
.171
.1709
.1708
.1706
.1705
.1704
.1703
.1702
.17
.1699
.1698
.1697
.1695
.1694
.1693
.1692
.1691
.1689
.1688
.1687
.1686
.1685
.1683
.1682
.1681
.168
.1679
.1677
.1676
.1675
.1674
.1673
.1671
.167
.1669
.1668
.1667
.1665
.1664
.1663
.1662
.1661
.166
.1658
.1657
.1656
.1655
.1654
.1653
.1651
.165
.1649
.1648
.1647
.1645
.1644
.1643
.1642
.1641
.164
.1639
.1637
.1636
.1635
.1634
.1633
.1632
.163
.1629
.1628
.1627
.1626
.1625
.1624
.1622
.1621
.162
.1619
.1618
.1617
.1616
.1614
.1613
.1612
.1611
.161
.1609
.1608
.1606
.1605
.1604
.1603
.1602
.1601
.16
.1599
.1597
.1596
.1595
.1594
.1593
.1592
.1591
.159
.1589
.1587
.1586
.1585
.1584
.1583
.1582
.1581
.158
.1579
.1577
.1576
.1575
.1574
.1573
.1572
.1571
.157
.1569
.1568
.1566
.1565
.1564
.1563
.1562
.1561
.156
.1559
.1558
.1557
.1556
.1554
.1553
.1552
.1551
.155
.1549
.1548
.1547
.1546
.1545
.1544
.1543
.1542
.154
.1539
.1538
.1537
.1536
.1535
.1534
.1533
.1532
.1531
.153
.1529
.1528
.1527
.1526
.1525
.1523
.1522
.1521
.152
.1519
.1518
.1517
.1516
.1515
.1514
.1513
.1512
.1511
.151
.1509
.1508
.1507
.1506
.1505
.1504
.1503
.1502
.15
.1499
.1498
.1497
.1496
.1495
.1494
.1493
.1492
.1491
.149
.1489
.1488
.1487
.1486
.1485
.1484
.1483
.1482
.1481
.148
.1479
.1478
.1477
.1476
.1475
.1474
.1473
.1472
.1471
.147
.1469
.1468
.1467
.1466
.1465
.1464
.1463
.1462
.1461
.146
.1459
.1458
.1457
.1456
.1455
.1454
.1453
.1452
.1451
.145
.1449
.1448
.1447
.1446
.1445
.1444
.1443
.1442
.1441
.144
.1439
.1438
.1437
.1436
.1435
.1434
.1433
.1432
.1431
.143
.1429
.1428
.1427
.1426
.1425
.1424
.1423
.1422
.1421
.142
.1419
.1418
.1417
.1416
.1415
.1415
.1414
.1413
.1412
.1411
.141
.1409
.1408
.1407
.1406
.1405
.1404
.1403
.1402
.1401
.14
.1399
.1398
.1397
.1396
.1395
.1394
.1394
.1393
.1392
.1391
.139
.1389
.1388
.1387
.1386
.1385
.1384
.1383
.1382
.1381
.138
.1379
.1378
.1378
.1377
.1376
.1375
.1374
.1373
.1372
.1371
.137
.1369
.1368
.1367
.1366
.1365
.1364
.1364
.1363
.1362
.1361
.136
.1359
.1358
.1357
.1356
.1355
.1354
.1353
.1353
.1352
.1351
.135
.1349
.1348
.1347
.1346
.1345
.1344
.1343
.1343
.1342
.1341
.134
.1339
.1338
.1337
.1336
.1335
.1334
.1333
.1333
.1332
.1331
.133
.1329
.1328
.1327
.1326
.1325
.1324
.1324
.1323
.1322
.1321
.132
.1319
.1318
.1317
.1316
.1316
.1315
.1314
.1313
.1312
.1311
.131
.1309
.1308
.1308
.1307
.1306
.1305
.1304
.1303
.1302
.1301
.1301
.13
.1299
.1298
.1297
.1296
.1295
.1294
.1294
.1293
.1292
.1291
.129
.1289
.1288
.1287
.1287
.1286
.1285
.1284
.1283
.1282
.1281
.1281
.128
.1279
.1278
.1277
.1276
.1275
.1275
.1274
.1273
.1272
.1271
.127
.1269
.1269
.1268
.1267
.1266
.1265
.1264
.1263
.1263
.1262
.1261
.126
.1259
.1258
.1258
.1257
.1256
.1255
.1254
.1253
.1252
.1252
.1251
.125
.1249
.1248
.1247
.1247
.1246
.1245
.1244
.1243
.1242
.1242
.1241
.124
.1239
.1238
.1237
.1237
.1236
.1235
.1234
.1233
.1232
.1232
.1231
.123
.1229
.1228
.1227
.1227
.1226
.1225
.1224
.1223
.1222
.1222
.1221
.122
.1219
.1218
.1218
.1217
.1216
.1215
.1214
.1213
.1213
.1212
.1211
.121
.1209
.1209
.1208
.1207
.1206
.1205
.1205
.1204
.1203
.1202
.1201
.12
.12
.1199
.1198
.1197
.1196
.1196
.1195
.1194
.1193
.1192
.1192
.1191
.119
.1189
.1188
.1188
.1187
.1186
.1185
.1184
.1184
.1183
.1182
.1181
.118
.118
.1179
.1178
.1177
.1176
.1176
.1175
.1174
.1173
.1173
.1172
.1171
.117
.1169
.1169
.1168
.1167
.1166
.1165
.1165
.1164
.1163
.1162
.1161
.1161
.116
.1159
.1158
.1158
.1157
.1156
.1155
.1154
.1154
.1153
.1152
.1151
.1151
.115
.1149
.1148
.1147
.1147
.1146
.1145
.1144
.1144
.1143
.1142
.1141
.1141
.114
.1139
.1138
.1137
.1137
.1136
.1135
.1134
.1134
.1133
.1132
.1131
.1131
.113
.1129
.1128
.1127
.1127
.1126
.1125
.1124
.1124
.1123
.1122
.1121
.1121
.112
.1119
.1118
.1118
.1117
.1116
.1115
.1115
.1114
.1113
.1112
.1112
.1111
.111
.1109
.1109
.1108
.1107
.1106
.1106
.1105
.1104
.1103
.1103
.1102
.1101
.11
.11
.1099
.1098
.1097
.1097
.1096
.1095
.1094
.1094
.1093
.1092
.1091
.1091
.109
.1089
.1088
.1088
.1087
.1086
.1085
.1085
.1084
.1083
.1082
.1082
.1081
.108
.108
.1079
.1078
.1077
.1077
.1076
.1075
.1074
.1074
.1073
.1072
.1071
.1071
.107
.1069
.1069
.1068
.1067
.1066
.1066
.1065
.1064
.1063
.1063
.1062
.1061
.1061
.106
.1059
.1058
.1058
.1057
.1056
.1056
.1055
.1054
.1053
.1053
.1052
.1051
.105
.105
.1049
.1048
.1048
.1047
.1046
.1045
.1045
.1044
.1043
.1043
.1042
.1041
.104
.104
.1039
.1038
.1038
.1037
.1036
.1035
.1035
.1034
.1033
.1033
.1032
.1031
.103
.103
.1029
.1028
.1028
.1027
.1026
.1026
.1025
.1024
.1023
.1023
.1022
.1021
.1021
.102
.1019
.1018
.1018
.1017
.1016
.1016
.1015
.1014
.1014
.1013
.1012
.1011
.1011
.101
.1009
.1009
.1008
.1007
.1007
.1006
.1005
.1004
.1004
.1003
.1002
.1002
.1001
.1
.1
.0999
.0998
.0998
.0997
.0996
.0995
.0995
.0994
.0993
.0993
.0992
.0991
.0991
.099
.0989
.0989
.0988
.0987
.0987
.0986
.0985
.0984
.0984
.0983
.0982
.0982
.0981
.098
.098
.0979
.0978
.0978
.0977
.0976
.0976
.0975
.0974
.0974
.0973
.0972
.0972
.0971
.097
.0969
.0969
.0968
.0967
.0967
.0966
.0965
.0965
.0964
.0963
.0963
.0962
.0961
.0961
.096
.0959
.0959
.0958
.0957
.0957
.0956
.0955
.0955
.0954
.0953
.0953
.0952
.0951
.0951
.095
.0949
.0949
.0948
.0947
.0947
.0946
.0945
.0945
.0944
.0943
.0943
.0942
.0941
.0941
.094
.0939
.0939
.0938
.0937
.0937
.0936
.0935
.0935
.0934
.0933
.0933
.0932
.0931
.0931
.093
.0929
.0929
.0928
.0928
.0927
.0926
.0926
.0925
.0924
.0924
.0923
.0922
.0922
.0921
.092
.092
.0919
.0918
.0918
.0917
.0916
.0916
.0915
.0914
.0914
.0913
.0913
.0912
.0911
.0911
.091
.0909
.0909
.0908
.0907
.0907
.0906
.0905
.0905
.0904
.0903
.0903
.0902
.0902
.0901
.09
.09
.0899
.0898
.0898
.0897
.0896
.0896
.0895
.0894
.0894
.0893
.0893
.0892
.0891
.0891
.089
.0889
.0889
.0888
.0887
.0887
.0886
.0886
.0885
.0884
.0884
.0883
.0882
.0882
.0881
.0881
.088
.0879
.0879
.0878
.0877
.0877
.0876
.0875
.0875
.0874
.0874
.0873
.0872
.0872
.0871
.087
.087
.0869
.0869
.0868
.0867
.0867
.0866
.0865
.0865
.0864
.0864
.0863
.0862
.0862
.0861
.086
.086
.0859
.0859
.0858
.0857
.0857
.0856
.0856
.0855
.0854
.0854
.0853
.0852
.0852
.0851
.0851
.085
.0849
.0849
.0848
.0848
.0847
.0846
.0846
.0845
.0844
.0844
.0843
.0843
.0842
.0841
.0841
.084
.084
.0839
.0838
.0838
.0837
.0837
.0836
.0835
.0835
.0834
.0834
.0833
.0832
.0832
.0831
.083
.083
.0829
.0829
.0828
.0827
.0827
.0826
.0826
.0825
.0824
.0824
.0823
.0823
.0822
.0821
.0821
.082
.082
.0819
.0818
.0818
.0817
.0817
.0816
.0816
.0815
.0814
.0814
.0813
.0813
.0812
.0811
.0811
.081
.081
.0809
.0808
.0808
.0807
.0807
.0806
.0805
.0805
.0804
.0804
.0803
.0802
.0802
.0801
.0801
.08
.08
.0799
.0798
.0798
.0797
.0797
.0796
.0795
.0795
.0794
.0794
.0793
.0793
.0792
.0791
.0791
.079
.079
.0789
.0788
.0788
.0787
.0787
.0786
.0786
.0785
.0784
.0784
.0783
.0783
.0782
.0782
.0781
.078
.078
.0779
.0779
.0778
.0778
.0777
.0776
.0776
.0775
.0775
.0774
.0774
.0773
.0772
.0772
.0771
.0771
.077
.077
.0769
.0768
.0768
.0767
.0767
.0766
.0766
.0765
.0764
.0764
.0763
.0763
.0762
.0762
.0761
.0761
.076
.0759
.0759
.0758
.0758
.0757
.0757
.0756
.0756
.0755
.0754
.0754
.0753
.0753
.0752
.0752
.0751
.0751
.075
.0749
.0749
.0748
.0748
.0747
.0747
.0746
.0746
.0745
.0744
.0744
.0743
.0743
.0742
.0742
.0741
.0741
.074
.0739
.0739
.0738
.0738
.0737
.0737
.0736
.0736
.0735
.0735
.0734
.0733
.0733
.0732
.0732
.0731
.0731
.073
.073
.0729
.0729
.0728
.0728
.0727
.0726
.0726
.0725
.0725
.0724
.0724
.0723
.0723
.0722
.0722
.0721
.0721
.072
.0719
.0719
.0718
.0718
.0717
.0717
.0716
.0716
.0715
.0715
.0714
.0714
.0713
.0713
.0712
.0712
.0711
.071
.071
.0709
.0709
.0708
.0708
.0707
.0707
.0706
.0706
.0705
.0705
.0704
.0704
.0703
.0703
.0702
.0702
.0701
.0701
.07
.07
.0699
.0698
.0698
.0697
.0697
.0696
.0696
.0695
.0695
.0694
.0694
.0693
.0693
.0692
.0692
.0691
.0691
.069
.069
.0689
.0689
.0688
.0688
.0687
.0687
.0686
.0686
.0685
.0685
.0684
.0684
.0683
.0683
.0682
.0682
.0681
.0681
.068
.068
.0679
.0679
.0678
.0678
.0677
.0677
.0676
.0676
.0675
.0675
.0674
.0674
.0673
.0673
.0672
.0672
.0671
.0671
.067
.067
.0669
.0669
.0668
.0668
.0667
.0667
.0666
.0666
.0665
.0665
.0664
.0664
.0663
.0663
.0662
.0662
.0661
.0661
.066
.066
.0659
.0659
.0658
.0658
.0657
.0657
.0656
.0656
.0655
.0655
.0654
.0654
.0653
.0653
.0652
.0652
.0652
.0651
.0651
.065
.065
.0649
.0649
.0648
.0648
.0647
.0647
.0646
.0646
.0645
.0645
.0644
.0644
.0643
.0643
.0642
.0642
.0641
.0641
.0641
.064
.064
.0639
.0639
.0638
.0638
.0637
.0637
.0636
.0636
.0635
.0635
.0634
.0634
.0634
.0633
.0633
.0632
.0632
.0631
.0631
.063
.063
.0629
.0629
.0628
.0628
.0627
.0627
.0627
.0626
.0626
.0625
.0625
.0624
.0624
.0623
.0623
.0622
.0622
.0622
.0621
.0621
.062
.062
.0619
.0619
.0618
.0618
.0617
.0617
.0617
.0616
.0616
.0615
.0615
.0614
.0614
.0613
.0613
.0612
.0612
.0612
.0611
.0611
.061
.061
.0609
.0609
.0608
.0608
.0608
.0607
.0607
.0606
.0606
.0605
.0605
.0604
.0604
.0604
.0603
.0603
.0602
.0602
.0601
.0601
.0601
.06
.06
.0599
.0599
.0598
.0598
.0597
.0597
.0597
.0596
.0596
.0595
.0595
.0594
.0594
.0594
.0593
.0593
.0592
.0592
.0591
.0591
.0591
.059
.059
.0589
.0589
.0588
.0588
.0588
.0587
.0587
.0586
.0586
.0585
.0585
.0585
.0584
.0584
.0583
.0583
.0583
.0582
.0582
.0581
.0581
.058
.058
.058
.0579
.0579
.0578
.0578
.0578
.0577
.0577
.0576
.0576
.0575
.0575
.0575
.0574
.0574
.0573
.0573
.0573
.0572
.0572
.0571
.0571
.057
.057
.057
.0569
.0569
.0568
.0568
.0568
.0567
.0567
.0566
.0566
.0566
.0565
.0565
.0564
.0564
.0564
.0563
.0563
.0562
.0562
.0562
.0561
.0561
.056
.056
.056
.0559
.0559
.0558
.0558
.0558
.0557
.0557
.0556
.0556
.0556
.0555
.0555
.0554
.0554
.0554
.0553
.0553
.0552
.0552
.0552
.0551
.0551
.0551
.055
.055
.0549
.0549
.0549
.0548
.0548
.0547
.0547
.0547
.0546
.0546
.0545
.0545
.0545
.0544
.0544
.0544
.0543
.0543
.0542
.0542
.0542
.0541
.0541
.054
.054
.054
.0539
.0539
.0539
.0538
.0538
.0537
.0537
.0537
.0536
.0536
.0536
.0535
.0535
.0534
.0534
.0534
.0533
.0533
.0533
.0532
.0532
.0531
.0531
.0531
.053
.053
.053
.0529
.0529
.0528
.0528
.0528
.0527
.0527
.0527
.0526
.0526
.0526
.0525
.0525
.0524
.0524
.0524
.0523
.0523
.0523
.0522
.0522
.0522
.0521
.0521
.052
.052
.052
.0519
.0519
.0519
.0518
.0518
.0518
.0517
.0517
.0517
.0516
.0516
.0515
.0515
.0515
.0514
.0514
.0514
.0513
.0513
.0513
.0512
.0512
.0512
.0511
.0511
.0511
.051
.051
.0509
.0509
.0509
.0508
.0508
.0508
.0507
.0507
.0507
.0506
.0506
.0506
.0505
.0505
.0505
.0504
.0504
.0504
.0503
.0503
.0503
.0502
.0502
.0502
.0501
.0501
.05
.05
.05
