.5848
.5827
.5806
.5786
.5765
.5745
.5725
.5705
.5686
.5666
.5647
.5629
.561
.5592
.5574
.5556
.5539
.5522
.5506
.5489
.5474
.5458
.5443
.5428
.5414
.54
.5386
.5373
.5361
.5348
.5336
.5325
.5314
.5303
.5293
.5283
.5273
.5264
.5255
.5247
.5239
.5231
.5223
.5216
.5209
.5203
.5197
.5191
.5185
.518
.5175
.517
.5165
.5161
.5156
.5152
.5148
.5145
.5141
.5138
.5134
.5131
.5128
.5125
.5123
.512
.5117
.5115
.5113
.511
.5108
.5106
.5104
.5102
.51
.5098
.5096
.5094
.5092
.509
.5088
.5086
.5085
.5083
.5081
.508
.5078
.5076
.5075
.5073
.5071
.507
.5068
.5066
.5065
.5063
.5061
.506
.5058
.5057
.5055
.5053
.5052
.505
.5048
.5047
.5045
.5043
.5042
.504
.5038
.5037
.5035
.5033
.5032
.503
.5028
.5026
.5025
.5023
.5021
.5019
.5018
.5016
.5014
.5012
.5011
.5009
.5007
.5005
.5003
.5001
.5
.4998
.4996
.4994
.4992
.499
.4988
.4986
.4984
.4983
.4981
.4979
.4977
.4975
.4973
.4971
.4969
.4967
.4965
.4963
.4961
.4959
.4957
.4955
.4953
.4951
.4948
.4946
.4944
.4942
.494
.4938
.4936
.4934
.4932
.4929
.4927
.4925
.4923
.4921
.4919
.4916
.4914
.4912
.491
.4907
.4905
.4903
.4901
.4898
.4896
.4894
.4891
.4889
.4887
.4885
.4882
.488
.4877
.4875
.4873
.487
.4868
.4866
.4863
.4861
.4858
.4856
.4853
.4851
.4849
.4846
.4844
.4841
.4839
.4836
.4834
.4831
.4828
.4826
.4823
.4821
.4818
.4816
.4813
.4811
.4808
.4805
.4803
.48
.4797
.4795
.4792
.4789
.4787
.4784
.4781
.4779
.4776
.4773
.477
.4768
.4765
.4762
.4759
.4757
.4754
.4751
.4748
.4746
.4743
.474
.4737
.4734
.4731
.4729
.4726
.4723
.472
.4717
.4714
.4711
.4708
.4705
.4702
.4699
.4696
.4694
.4691
.4688
.4685
.4682
.4679
.4676
.4673
.4669
.4666
.4663
.466
.4657
.4654
.4651
.4648
.4645
.4642
.4639
.4636
.4632
.4629
.4626
.4623
.462
.4617
.4613
.461
.4607
.4604
.4601
.4597
.4594
.4591
.4588
.4585
.4581
.4578
.4575
.4571
.4568
.4565
.4562
.4558
.4555
.4552
.4548
.4545
.4542
.4538
.4535
.4531
.4528
.4525
.4521
.4518
.4514
.4511
.4508
.4504
.4501
.4497
.4494
.449
.4487
.4483
.448
.4477
.4473
.447
.4466
.4462
.4459
.4455
.4452
.4448
.4445
.4441
.4438
.4434
.4431
.4427
.4423
.442
.4416
.4413
.4409
.4405
.4402
.4398
.4394
.4391
.4387
.4384
.438
.4376
.4373
.4369
.4365
.4361
.4358
.4354
.435
.4347
.4343
.4339
.4335
.4332
.4328
.4324
.4321
.4317
.4313
.4309
.4305
.4302
.4298
.4294
.429
.4287
.4283
.4279
.4275
.4271
.4267
.4264
.426
.4256
.4252
.4248
.4244
.4241
.4237
.4233
.4229
.4225
.4221
.4217
.4214
.421
.4206
.4202
.4198
.4194
.419
.4186
.4182
.4178
.4175
.4171
.4167
.4163
.4159
.4155
.4151
.4147
.4143
.4139
.4135
.4131
.4127
.4123
.4119
.4115
.4111
.4107
.4103
.4099
.4095
.4091
.4087
.4083
.4079
.4075
.4071
.4067
.4063
.4059
.4055
.4051
.4047
.4043
.4039
.4035
.4031
.4027
.4023
.4019
.4015
.4011
.4007
.4003
.3999
.3995
.3991
.3987
.3983
.3979
.3975
.3971
.3967
.3963
.3959
.3954
.395
.3946
.3942
.3938
.3934
.393
.3926
.3922
.3918
.3914
.391
.3906
.3902
.3898
.3893
.3889
.3885
.3881
.3877
.3873
.3869
.3865
.3861
.3857
.3853
.3849
.3845
.384
.3836
.3832
.3828
.3824
.382
.3816
.3812
.3808
.3804
.38
.3796
.3792
.3787
.3783
.3779
.3775
.3771
.3767
.3763
.3759
.3755
.3751
.3747
.3743
.3739
.3734
.373
.3726
.3722
.3718
.3714
.371
.3706
.3702
.3698
.3694
.369
.3686
.3682
.3677
.3673
.3669
.3665
.3661
.3657
.3653
.3649
.3645
.3641
.3637
.3633
.3629
.3625
.3621
.3617
.3613
.3609
.3605
.3601
.3596
.3592
.3588
.3584
.358
.3576
.3572
.3568
.3564
.356
.3556
.3552
.3548
.3544
.354
.3536
.3532
.3528
.3524
.352
.3516
.3512
.3508
.3504
.35
.3496
.3492
.3488
.3484
.348
.3476
.3472
.3468
.3464
.346
.3456
.3452
.3449
.3445
.3441
.3437
.3433
.3429
.3425
.3421
.3417
.3413
.3409
.3405
.3401
.3397
.3393
.3389
.3385
.3382
.3378
.3374
.337
.3366
.3362
.3358
.3354
.335
.3346
.3343
.3339
.3335
.3331
.3327
.3323
.3319
.3315
.3312
.3308
.3304
.33
.3296
.3292
.3288
.3285
.3281
.3277
.3273
.3269
.3265
.3262
.3258
.3254
.325
.3246
.3243
.3239
.3235
.3231
.3227
.3224
.322
.3216
.3212
.3208
.3205
.3201
.3197
.3193
.319
.3186
.3182
.3178
.3175
.3171
.3167
.3163
.316
.3156
.3152
.3148
.3145
.3141
.3137
.3134
.313
.3126
.3122
.3119
.3115
.3111
.3108
.3104
.31
.3097
.3093
.3089
.3086
.3082
.3078
.3075
.3071
.3067
.3064
.306
.3057
.3053
.3049
.3046
.3042
.3038
.3035
.3031
.3028
.3024
.302
.3017
.3013
.301
.3006
.3002
.2999
.2995
.2992
.2988
.2985
.2981
.2978
.2974
.297
.2967
.2963
.296
.2956
.2953
.2949
.2946
.2942
.2939
.2935
.2932
.2928
.2925
.2921
.2918
.2914
.2911
.2907
.2904
.29
.2897
.2894
.289
.2887
.2883
.288
.2876
.2873
.2869
.2866
.2863
.2859
.2856
.2852
.2849
.2846
.2842
.2839
.2835
.2832
.2829
.2825
.2822
.2819
.2815
.2812
.2808
.2805
.2802
.2798
.2795
.2792
.2788
.2785
.2782
.2778
.2775
.2772
.2769
.2765
.2762
.2759
.2755
.2752
.2749
.2746
.2742
.2739
.2736
.2732
.2729
.2726
.2723
.2719
.2716
.2713
.271
.2706
.2703
.27
.2697
.2694
.269
.2687
.2684
.2681
.2678
.2674
.2671
.2668
.2665
.2662
.2659
.2655
.2652
.2649
.2646
.2643
.264
.2636
.2633
.263
.2627
.2624
.2621
.2618
.2615
.2612
.2608
.2605
.2602
.2599
.2596
.2593
.259
.2587
.2584
.2581
.2578
.2575
.2571
.2568
.2565
.2562
.2559
.2556
.2553
.255
.2547
.2544
.2541
.2538
.2535
.2532
.2529
.2526
.2523
.252
.2517
.2514
.2511
.2508
.2505
.2502
.2499
.2496
.2493
.2491
.2488
.2485
.2482
.2479
.2476
.2473
.247
.2467
.2464
.2461
.2458
.2456
.2453
.245
.2447
.2444
.2441
.2438
.2435
.2432
.243
.2427
.2424
.2421
.2418
.2415
.2413
.241
.2407
.2404
.2401
.2398
.2396
.2393
.239
.2387
.2384
.2382
.2379
.2376
.2373
.237
.2368
.2365
.2362
.2359
.2357
.2354
.2351
.2348
.2346
.2343
.234
.2337
.2335
.2332
.2329
.2327
.2324
.2321
.2318
.2316
.2313
.231
.2308
.2305
.2302
.23
.2297
.2294
.2292
.2289
.2286
.2284
.2281
.2278
.2276
.2273
.227
.2268
.2265
.2263
.226
.2257
.2255
.2252
.2249
.2247
.2244
.2242
.2239
.2237
.2234
.2231
.2229
.2226
.2224
.2221
.2219
.2216
.2213
.2211
.2208
.2206
.2203
.2201
.2198
.2196
.2193
.2191
.2188
.2186
.2183
.2181
.2178
.2176
.2173
.2171
.2168
.2166
.2163
.2161
.2158
.2156
.2153
.2151
.2149
.2146
.2144
.2141
.2139
.2136
.2134
.2131
.2129
.2127
.2124
.2122
.2119
.2117
.2115
.2112
.211
.2107
.2105
.2103
.21
.2098
.2096
.2093
.2091
.2088
.2086
.2084
.2081
.2079
.2077
.2074
.2072
.207
.2067
.2065
.2063
.206
.2058
.2056
.2053
.2051
.2049
.2047
.2044
.2042
.204
.2037
.2035
.2033
.2031
.2028
.2026
.2024
.2022
.2019
.2017
.2015
.2013
.201
.2008
.2006
.2004
.2001
.1999
.1997
.1995
.1993
.199
.1988
.1986
.1984
.1982
.1979
.1977
.1975
.1973
.1971
.1968
.1966
.1964
.1962
.196
.1958
.1955
.1953
.1951
.1949
.1947
.1945
.1943
.1941
.1938
.1936
.1934
.1932
.193
.1928
.1926
.1924
.1921
.1919
.1917
.1915
.1913
.1911
.1909
.1907
.1905
.1903
.1901
.1899
.1897
.1894
.1892
.189
.1888
.1886
.1884
.1882
.188
.1878
.1876
.1874
.1872
.187
.1868
.1866
.1864
.1862
.186
.1858
.1856
.1854
.1852
.185
.1848
.1846
.1844
.1842
.184
.1838
.1836
.1834
.1832
.183
.1828
.1826
.1825
.1823
.1821
.1819
.1817
.1815
.1813
.1811
.1809
.1807
.1805
.1803
.1801
.1799
.1798
.1796
.1794
.1792
.179
.1788
.1786
.1784
.1782
.1781
.1779
.1777
.1775
.1773
.1771
.1769
.1768
.1766
.1764
.1762
.176
.1758
.1756
.1755
.1753
.1751
.1749
.1747
.1746
.1744
.1742
.174
.1738
.1736
.1735
.1733
.1731
.1729
.1727
.1726
.1724
.1722
.172
.1719
.1717
.1715
.1713
.1711
.171
.1708
.1706
.1704
.1703
.1701
.1699
.1697
.1696
.1694
.1692
.169
.1689
.1687
.1685
.1684
.1682
.168
.1678
.1677
.1675
.1673
.1672
.167
.1668
.1667
.1665
.1663
.1661
.166
.1658
.1656
.1655
.1653
.1651
.165
.1648
.1646
.1645
.1643
.1641
.164
.1638
.1636
.1635
.1633
.1632
.163
.1628
.1627
.1625
.1623
.1622
.162
.1618
.1617
.1615
.1614
.1612
.161
.1609
.1607
.1606
.1604
.1602
.1601
.1599
.1598
.1596
.1595
.1593
.1591
.159
.1588
.1587
.1585
.1584
.1582
.158
.1579
.1577
.1576
.1574
.1573
.1571
.157
.1568
.1566
.1565
.1563
.1562
.156
.1559
.1557
.1556
.1554
.1553
.1551
.155
.1548
.1547
.1545
.1544
.1542
.1541
.1539
.1538
.1536
.1535
.1533
.1532
.153
.1529
.1527
.1526
.1524
.1523
.1521
.152
.1519
.1517
.1516
.1514
.1513
.1511
.151
.1508
.1507
.1506
.1504
.1503
.1501
.15
.1498
.1497
.1495
.1494
.1493
.1491
.149
.1488
.1487
.1486
.1484
.1483
.1481
.148
.1479
.1477
.1476
.1474
.1473
.1472
.147
.1469
.1467
.1466
.1465
.1463
.1462
.1461
.1459
.1458
.1456
.1455
.1454
.1452
.1451
.145
.1448
.1447
.1446
.1444
.1443
.1442
.144
.1439
.1438
.1436
.1435
.1434
.1432
.1431
.143
.1428
.1427
.1426
.1424
.1423
.1422
.142
.1419
.1418
.1416
.1415
.1414
.1413
.1411
.141
.1409
.1407
.1406
.1405
.1404
.1402
.1401
.14
.1398
.1397
.1396
.1395
.1393
.1392
.1391
.139
.1388
.1387
.1386
.1384
.1383
.1382
.1381
.1379
.1378
.1377
.1376
.1375
.1373
.1372
.1371
.137
.1368
.1367
.1366
.1365
.1363
.1362
.1361
.136
.1359
.1357
.1356
.1355
.1354
.1353
.1351
.135
.1349
.1348
.1347
.1345
.1344
.1343
.1342
.1341
.1339
.1338
.1337
.1336
.1335
.1333
.1332
.1331
.133
.1329
.1328
.1326
.1325
.1324
.1323
.1322
.1321
.1319
.1318
.1317
.1316
.1315
.1314
.1313
.1311
.131
.1309
.1308
.1307
.1306
.1305
.1303
.1302
.1301
.13
.1299
.1298
.1297
.1296
.1294
.1293
.1292
.1291
.129
.1289
.1288
.1287
.1286
.1284
.1283
.1282
.1281
.128
.1279
.1278
.1277
.1276
.1275
.1273
.1272
.1271
.127
.1269
.1268
.1267
.1266
.1265
.1264
.1263
.1262
.126
.1259
.1258
.1257
.1256
.1255
.1254
.1253
.1252
.1251
.125
.1249
.1248
.1247
.1246
.1245
.1244
.1243
.1241
.124
.1239
.1238
.1237
.1236
.1235
.1234
.1233
.1232
.1231
.123
.1229
.1228
.1227
.1226
.1225
.1224
.1223
.1222
.1221
.122
.1219
.1218
.1217
.1216
.1215
.1214
.1213
.1212
.1211
.121
.1209
.1208
.1207
.1206
.1205
.1204
.1203
.1202
.1201
.12
.1199
.1198
.1197
.1196
.1195
.1194
.1193
.1192
.1191
.119
.1189
.1188
.1187
.1186
.1185
.1184
.1183
.1183
.1182
.1181
.118
.1179
.1178
.1177
.1176
.1175
.1174
.1173
.1172
.1171
.117
.1169
.1168
.1167
.1166
.1165
.1165
.1164
.1163
.1162
.1161
.116
.1159
.1158
.1157
.1156
.1155
.1154
.1153
.1153
.1152
.1151
.115
.1149
.1148
.1147
.1146
.1145
.1144
.1143
.1143
.1142
.1141
.114
.1139
.1138
.1137
.1136
.1135
.1134
.1134
.1133
.1132
.1131
.113
.1129
.1128
.1127
.1127
.1126
.1125
.1124
.1123
.1122
.1121
.112
.112
.1119
.1118
.1117
.1116
.1115
.1114
.1113
.1113
.1112
.1111
.111
.1109
.1108
.1107
.1107
.1106
.1105
.1104
.1103
.1102
.1101
.1101
.11
.1099
.1098
.1097
.1096
.1096
.1095
.1094
.1093
.1092
.1091
.1091
.109
.1089
.1088
.1087
.1086
.1086
.1085
.1084
.1083
.1082
.1081
.1081
.108
.1079
.1078
.1077
.1077
.1076
.1075
.1074
.1073
.1073
.1072
.1071
.107
.1069
.1069
.1068
.1067
.1066
.1065
.1065
.1064
.1063
.1062
.1061
.1061
.106
.1059
.1058
.1057
.1057
.1056
.1055
.1054
.1053
.1053
.1052
.1051
.105
.105
.1049
.1048
.1047
.1046
.1046
.1045
.1044
.1043
.1043
.1042
.1041
.104
.104
.1039
.1038
.1037
.1037
.1036
.1035
.1034
.1033
.1033
.1032
.1031
.103
.103
.1029
.1028
.1027
.1027
.1026
.1025
.1024
.1024
.1023
.1022
.1022
.1021
.102
.1019
.1019
.1018
.1017
.1016
.1016
.1015
.1014
.1013
.1013
.1012
.1011
.1011
.101
.1009
.1008
.1008
.1007
.1006
.1005
.1005
.1004
.1003
.1003
.1002
.1001
.1
.1
.0999
.0998
.0998
.0997
.0996
.0995
.0995
.0994
.0993
.0993
.0992
.0991
.0991
.099
.0989
.0988
.0988
.0987
.0986
.0986
.0985
.0984
.0984
.0983
.0982
.0982
.0981
.098
.0979
.0979
.0978
.0977
.0977
.0976
.0975
.0975
.0974
.0973
.0973
.0972
.0971
.0971
.097
.0969
.0969
.0968
.0967
.0967
.0966
.0965
.0965
.0964
.0963
.0963
.0962
.0961
.0961
.096
.0959
.0959
.0958
.0957
.0957
.0956
.0955
.0955
.0954
.0953
.0953
.0952
.0951
.0951
.095
.0949
.0949
.0948
.0947
.0947
.0946
.0946
.0945
.0944
.0944
.0943
.0942
.0942
.0941
.094
.094
.0939
.0938
.0938
.0937
.0937
.0936
.0935
.0935
.0934
.0933
.0933
.0932
.0932
.0931
.093
.093
.0929
.0928
.0928
.0927
.0927
.0926
.0925
.0925
.0924
.0923
.0923
.0922
.0922
.0921
.092
.092
.0919
.0918
.0918
.0917
.0917
.0916
.0915
.0915
.0914
.0914
.0913
.0912
.0912
.0911
.0911
.091
.0909
.0909
.0908
.0908
.0907
.0906
.0906
.0905
.0905
.0904
.0903
.0903
.0902
.0902
.0901
.09
.09
.0899
.0899
.0898
.0898
.0897
.0896
.0896
.0895
.0895
.0894
.0893
.0893
.0892
.0892
.0891
.0891
.089
.0889
.0889
.0888
.0888
.0887
.0886
.0886
.0885
.0885
.0884
.0884
.0883
.0882
.0882
.0881
.0881
.088
.088
.0879
.0879
.0878
.0877
.0877
.0876
.0876
.0875
.0875
.0874
.0873
.0873
.0872
.0872
.0871
.0871
.087
.087
.0869
.0868
.0868
.0867
.0867
.0866
.0866
.0865
.0865
.0864
.0864
.0863
.0862
.0862
.0861
.0861
.086
.086
.0859
.0859
.0858
.0858
.0857
.0856
.0856
.0855
.0855
.0854
.0854
.0853
.0853
.0852
.0852
.0851
.0851
.085
.0849
.0849
.0848
.0848
.0847
.0847
.0846
.0846
.0845
.0845
.0844
.0844
.0843
.0843
.0842
.0842
.0841
.0841
.084
.0839
.0839
.0838
.0838
.0837
.0837
.0836
.0836
.0835
.0835
.0834
.0834
.0833
.0833
.0832
.0832
.0831
.0831
.083
.083
.0829
.0829
.0828
.0828
.0827
.0827
.0826
.0826
.0825
.0825
.0824
.0824
.0823
.0823
.0822
.0822
.0821
.0821
.082
.082
.0819
.0819
.0818
.0818
.0817
.0817
.0816
.0816
.0815
.0815
.0814
.0814
.0813
.0813
.0812
.0812
.0811
.0811
.081
.081
.0809
.0809
.0808
.0808
.0807
.0807
.0806
.0806
.0805
.0805
.0804
.0804
.0804
.0803
.0803
.0802
.0802
.0801
.0801
.08
.08
.0799
.0799
.0798
.0798
.0797
.0797
.0796
.0796
.0795
.0795
.0794
.0794
.0794
.0793
.0793
.0792
.0792
.0791
.0791
.079
.079
.0789
.0789
.0788
.0788
.0787
.0787
.0787
.0786
.0786
.0785
.0785
.0784
.0784
.0783
.0783
.0782
.0782
.0782
.0781
.0781
.078
.078
.0779
.0779
.0778
.0778
.0777
.0777
.0777
.0776
.0776
.0775
.0775
.0774
.0774
.0773
.0773
.0772
.0772
.0772
.0771
.0771
.077
.077
.0769
.0769
.0768
.0768
.0768
.0767
.0767
.0766
.0766
.0765
.0765
.0764
.0764
.0764
.0763
.0763
.0762
.0762
.0761
.0761
.0761
.076
.076
.0759
.0759
.0758
.0758
.0758
.0757
.0757
.0756
.0756
.0755
.0755
.0755
.0754
.0754
.0753
.0753
.0752
.0752
.0752
.0751
.0751
.075
.075
.0749
.0749
.0749
.0748
.0748
.0747
.0747
.0746
.0746
.0746
.0745
.0745
.0744
.0744
.0744
.0743
.0743
.0742
.0742
.0741
.0741
.0741
.074
.074
.0739
.0739
.0739
.0738
.0738
.0737
.0737
.0737
.0736
.0736
.0735
.0735
.0734
.0734
.0734
.0733
.0733
.0732
.0732
.0732
.0731
.0731
.073
.073
.073
.0729
.0729
.0728
.0728
.0728
.0727
.0727
.0726
.0726
.0726
.0725
.0725
.0724
.0724
.0724
.0723
.0723
.0722
.0722
.0722
.0721
.0721
.072
.072
.072
.0719
.0719
.0719
.0718
.0718
.0717
.0717
.0717
.0716
.0716
.0715
.0715
.0715
.0714
.0714
.0713
.0713
.0713
.0712
.0712
.0712
.0711
.0711
.071
.071
.071
.0709
.0709
.0708
.0708
.0708
.0707
.0707
.0707
.0706
.0706
.0705
.0705
.0705
.0704
.0704
.0704
.0703
.0703
.0702
.0702
.0702
.0701
.0701
.0701
.07
.07
.0699
.0699
.0699
.0698
.0698
.0698
.0697
.0697
.0696
.0696
.0696
.0695
.0695
.0695
.0694
.0694
.0693
.0693
.0693
.0692
.0692
.0692
.0691
.0691
.0691
.069
.069
.0689
.0689
.0689
.0688
.0688
.0688
.0687
.0687
.0687
.0686
.0686
.0686
.0685
.0685
.0684
.0684
.0684
.0683
.0683
.0683
.0682
.0682
.0682
.0681
.0681
.0681
.068
.068
.0679
.0679
.0679
.0678
.0678
.0678
.0677
.0677
.0677
.0676
.0676
.0676
.0675
.0675
.0675
.0674
.0674
.0673
.0673
.0673
.0672
.0672
.0672
.0671
.0671
.0671
.067
.067
.067
.0669
.0669
.0669
.0668
.0668
.0668
.0667
.0667
.0667
.0666
.0666
.0666
.0665
.0665
.0665
.0664
.0664
.0664
.0663
.0663
.0663
.0662
.0662
.0662
.0661
.0661
.0661
.066
.066
.066
.0659
.0659
.0659
.0658
.0658
.0658
.0657
.0657
.0657
.0656
.0656
.0656
.0655
.0655
.0655
.0654
.0654
.0654
.0653
.0653
.0653
.0652
.0652
.0652
.0651
.0651
.0651
.065
.065
.065
.0649
.0649
.0649
.0648
.0648
.0648
.0647
.0647
.0647
.0646
.0646
.0646
.0645
.0645
.0645
.0644
.0644
.0644
.0643
.0643
.0643
.0643
.0642
.0642
.0642
.0641
.0641
.0641
.064
.064
.064
.0639
.0639
.0639
.0638
.0638
.0638
.0637
.0637
.0637
.0637
.0636
.0636
.0636
.0635
.0635
.0635
.0634
.0634
.0634
.0633
.0633
.0633
.0632
.0632
.0632
.0632
.0631
.0631
.0631
.063
.063
.063
.0629
.0629
.0629
.0628
.0628
.0628
.0628
.0627
.0627
.0627
.0626
.0626
.0626
.0625
.0625
.0625
.0625
.0624
.0624
.0624
.0623
.0623
.0623
.0622
.0622
.0622
.0622
.0621
.0621
.0621
.062
.062
.062
.0619
.0619
.0619
.0619
.0618
.0618
.0618
.0617
.0617
.0617
.0616
.0616
.0616
.0616
.0615
.0615
.0615
.0614
.0614
.0614
.0614
.0613
.0613
.0613
.0612
.0612
.0612
.0611
.0611
.0611
.0611
.061
.061
.061
.0609
.0609
.0609
.0609
.0608
.0608
.0608
.0607
.0607
.0607
.0607
.0606
.0606
.0606
.0605
.0605
.0605
.0605
.0604
.0604
.0604
.0603
.0603
.0603
.0603
.0602
.0602
.0602
.0601
.0601
.0601
.0601
.06
.06
.06
.0599
.0599
.0599
.0599
.0598
.0598
.0598
.0598
.0597
.0597
.0597
.0596
.0596
.0596
.0596
.0595
.0595
.0595
.0594
.0594
.0594
.0594
.0593
.0593
.0593
.0593
.0592
.0592
.0592
.0591
.0591
.0591
.0591
.059
.059
.059
.059
.0589
.0589
.0589
.0588
.0588
.0588
.0588
.0587
.0587
.0587
.0587
.0586
.0586
.0586
.0585
.0585
.0585
.0585
.0584
.0584
.0584
.0584
.0583
.0583
.0583
.0583
.0582
.0582
.0582
.0581
.0581
.0581
.0581
.058
.058
.058
.058
.0579
.0579
.0579
.0579
.0578
.0578
.0578
.0578
.0577
.0577
.0577
.0576
.0576
.0576
.0576
.0575
.0575
.0575
.0575
.0574
.0574
.0574
.0574
.0573
.0573
.0573
.0573
.0572
.0572
.0572
.0572
.0571
.0571
.0571
.0571
.057
.057
.057
.057
.0569
.0569
.0569
.0568
.0568
.0568
.0568
.0567
.0567
.0567
.0567
.0566
.0566
.0566
.0566
.0565
.0565
.0565
.0565
.0564
.0564
.0564
.0564
.0563
.0563
.0563
.0563
.0562
.0562
.0562
.0562
.0561
.0561
.0561
.0561
.056
.056
.056
.056
.0559
.0559
.0559
.0559
.0558
.0558
.0558
.0558
.0558
.0557
.0557
.0557
.0557
.0556
.0556
.0556
.0556
.0555
.0555
.0555
.0555
.0554
.0554
.0554
.0554
.0553
.0553
.0553
.0553
.0552
.0552
.0552
.0552
.0551
.0551
.0551
.0551
.055
.055
.055
.055
.055
.0549
.0549
.0549
.0549
.0548
.0548
.0548
.0548
.0547
.0547
.0547
.0547
.0546
.0546
.0546
.0546
.0545
.0545
.0545
.0545
.0545
.0544
.0544
.0544
.0544
.0543
.0543
.0543
.0543
.0542
.0542
.0542
.0542
.0542
.0541
.0541
.0541
.0541
.054
.054
.054
.054
.0539
.0539
.0539
.0539
.0539
.0538
.0538
.0538
.0538
.0537
.0537
.0537
.0537
.0536
.0536
.0536
.0536
.0536
.0535
.0535
.0535
.0535
.0534
.0534
.0534
.0534
.0534
.0533
.0533
.0533
.0533
.0532
.0532
.0532
.0532
.0531
.0531
.0531
.0531
.0531
.053
.053
.053
.053
.0529
.0529
.0529
.0529
.0529
.0528
.0528
.0528
.0528
.0527
.0527
.0527
.0527
.0527
.0526
.0526
.0526
.0526
.0525
.0525
.0525
.0525
.0525
.0524
.0524
.0524
.0524
.0524
.0523
.0523
.0523
.0523
.0522
.0522
.0522
.0522
.0522
.0521
.0521
.0521
.0521
.052
.052
.052
.052
.052
.0519
.0519
.0519
.0519
.0519
.0518
.0518
.0518
.0518
.0517
.0517
.0517
.0517
.0517
.0516
.0516
.0516
.0516
.0516
.0515
.0515
.0515
.0515
.0514
.0514
.0514
.0514
.0514
.0513
.0513
.0513
.0513
.0513
.0512
.0512
.0512
.0512
.0512
.0511
.0511
.0511
.0511
.0511
.051
.051
.051
.051
.0509
.0509
.0509
.0509
.0509
.0508
.0508
.0508
.0508
.0508
.0507
.0507
.0507
.0507
.0507
.0506
.0506
.0506
.0506
.0506
.0505
.0505
.0505
.0505
.0505
.0504
.0504
.0504
.0504
.0504
.0503
.0503
.0503
.0503
.0503
.0502
.0502
.0502
.0502
.0501
.0501
.0501
.0501
.0501
.05
.05
.05
.05
