.6217
.6192
.6166
.6141
.6116
.6091
.6066
.6042
.6017
.5993
.5969
.5945
.5922
.5899
.5876
.5853
.5831
.5809
.5787
.5766
.5745
.5725
.5705
.5685
.5666
.5647
.5629
.5612
.5594
.5578
.5561
.5546
.553
.5516
.5501
.5488
.5474
.5462
.5449
.5437
.5426
.5415
.5405
.5395
.5385
.5376
.5368
.5359
.5352
.5344
.5337
.533
.5324
.5318
.5312
.5306
.5301
.5296
.5292
.5287
.5283
.5279
.5275
.5272
.5269
.5265
.5263
.526
.5257
.5255
.5252
.525
.5248
.5246
.5244
.5242
.524
.5239
.5237
.5236
.5235
.5233
.5232
.5231
.523
.5229
.5228
.5227
.5226
.5225
.5224
.5223
.5222
.5222
.5221
.522
.5219
.5219
.5218
.5217
.5217
.5216
.5216
.5215
.5215
.5214
.5213
.5213
.5212
.5212
.5211
.5211
.521
.521
.5209
.5209
.5209
.5208
.5208
.5207
.5207
.5206
.5206
.5205
.5205
.5205
.5204
.5204
.5203
.5203
.5202
.5202
.5202
.5201
.5201
.52
.52
.52
.5199
.5199
.5198
.5198
.5197
.5197
.5197
.5196
.5196
.5195
.5195
.5195
.5194
.5194
.5193
.5193
.5192
.5192
.5192
.5191
.5191
.519
.519
.519
.5189
.5189
.5188
.5188
.5187
.5187
.5187
.5186
.5186
.5185
.5185
.5185
.5184
.5184
.5183
.5183
.5182
.5182
.5182
.5181
.5181
.518
.518
.5179
.5179
.5179
.5178
.5178
.5177
.5177
.5176
.5176
.5176
.5175
.5175
.5174
.5174
.5173
.5173
.5173
.5172
.5172
.5171
.5171
.517
.517
.5169
.5169
.5169
.5168
.5168
.5167
.5167
.5166
.5166
.5165
.5165
.5165
.5164
.5164
.5163
.5163
.5162
.5162
.5161
.5161
.5161
.516
.516
.5159
.5159
.5158
.5158
.5157
.5157
.5156
.5156
.5155
.5155
.5155
.5154
.5154
.5153
.5153
.5152
.5152
.5151
.5151
.515
.515
.5149
.5149
.5148
.5148
.5148
.5147
.5147
.5146
.5146
.5145
.5145
.5144
.5144
.5143
.5143
.5142
.5142
.5141
.5141
.514
.514
.5139
.5139
.5138
.5138
.5137
.5137
.5136
.5136
.5135
.5135
.5134
.5134
.5133
.5133
.5132
.5132
.5131
.5131
.513
.513
.5129
.5129
.5128
.5128
.5127
.5127
.5126
.5126
.5125
.5124
.5124
.5123
.5123
.5122
.5122
.5121
.5121
.512
.512
.5119
.5119
.5118
.5117
.5117
.5116
.5116
.5115
.5115
.5114
.5114
.5113
.5112
.5112
.5111
.5111
.511
.511
.5109
.5108
.5108
.5107
.5107
.5106
.5105
.5105
.5104
.5104
.5103
.5102
.5102
.5101
.5101
.51
.5099
.5099
.5098
.5098
.5097
.5096
.5096
.5095
.5094
.5094
.5093
.5093
.5092
.5091
.5091
.509
.5089
.5089
.5088
.5087
.5087
.5086
.5085
.5085
.5084
.5083
.5083
.5082
.5081
.5081
.508
.5079
.5079
.5078
.5077
.5076
.5076
.5075
.5074
.5074
.5073
.5072
.5072
.5071
.507
.5069
.5069
.5068
.5067
.5066
.5066
.5065
.5064
.5063
.5063
.5062
.5061
.506
.506
.5059
.5058
.5057
.5056
.5056
.5055
.5054
.5053
.5052
.5052
.5051
.505
.5049
.5048
.5047
.5047
.5046
.5045
.5044
.5043
.5042
.5042
.5041
.504
.5039
.5038
.5037
.5036
.5035
.5035
.5034
.5033
.5032
.5031
.503
.5029
.5028
.5027
.5026
.5025
.5025
.5024
.5023
.5022
.5021
.502
.5019
.5018
.5017
.5016
.5015
.5014
.5013
.5012
.5011
.501
.5009
.5008
.5007
.5006
.5005
.5004
.5003
.5002
.5001
.4999
.4998
.4997
.4996
.4995
.4994
.4993
.4992
.4991
.499
.4989
.4987
.4986
.4985
.4984
.4983
.4982
.4981
.4979
.4978
.4977
.4976
.4975
.4974
.4972
.4971
.497
.4969
.4968
.4966
.4965
.4964
.4963
.4961
.496
.4959
.4958
.4956
.4955
.4954
.4952
.4951
.495
.4949
.4947
.4946
.4945
.4943
.4942
.494
.4939
.4938
.4936
.4935
.4934
.4932
.4931
.4929
.4928
.4927
.4925
.4924
.4922
.4921
.4919
.4918
.4916
.4915
.4913
.4912
.4911
.4909
.4907
.4906
.4904
.4903
.4901
.49
.4898
.4897
.4895
.4894
.4892
.489
.4889
.4887
.4886
.4884
.4882
.4881
.4879
.4877
.4876
.4874
.4872
.4871
.4869
.4867
.4866
.4864
.4862
.486
.4859
.4857
.4855
.4853
.4852
.485
.4848
.4846
.4844
.4843
.4841
.4839
.4837
.4835
.4833
.4832
.483
.4828
.4826
.4824
.4822
.482
.4818
.4816
.4814
.4813
.4811
.4809
.4807
.4805
.4803
.4801
.4799
.4797
.4795
.4793
.4791
.4789
.4787
.4785
.4782
.478
.4778
.4776
.4774
.4772
.477
.4768
.4766
.4764
.4761
.4759
.4757
.4755
.4753
.475
.4748
.4746
.4744
.4742
.4739
.4737
.4735
.4733
.473
.4728
.4726
.4724
.4721
.4719
.4717
.4714
.4712
.471
.4707
.4705
.4703
.47
.4698
.4695
.4693
.4691
.4688
.4686
.4683
.4681
.4679
.4676
.4674
.4671
.4669
.4666
.4664
.4661
.4659
.4656
.4654
.4651
.4649
.4646
.4643
.4641
.4638
.4636
.4633
.4631
.4628
.4625
.4623
.462
.4617
.4615
.4612
.4609
.4607
.4604
.4601
.4599
.4596
.4593
.4591
.4588
.4585
.4582
.458
.4577
.4574
.4571
.4569
.4566
.4563
.456
.4557
.4555
.4552
.4549
.4546
.4543
.454
.4538
.4535
.4532
.4529
.4526
.4523
.452
.4517
.4515
.4512
.4509
.4506
.4503
.45
.4497
.4494
.4491
.4488
.4485
.4482
.4479
.4476
.4473
.447
.4467
.4464
.4461
.4458
.4455
.4452
.4449
.4446
.4443
.444
.4436
.4433
.443
.4427
.4424
.4421
.4418
.4415
.4412
.4408
.4405
.4402
.4399
.4396
.4393
.4389
.4386
.4383
.438
.4377
.4373
.437
.4367
.4364
.4361
.4357
.4354
.4351
.4348
.4344
.4341
.4338
.4335
.4331
.4328
.4325
.4321
.4318
.4315
.4312
.4308
.4305
.4302
.4298
.4295
.4292
.4288
.4285
.4281
.4278
.4275
.4271
.4268
.4265
.4261
.4258
.4254
.4251
.4248
.4244
.4241
.4237
.4234
.4231
.4227
.4224
.422
.4217
.4213
.421
.4207
.4203
.42
.4196
.4193
.4189
.4186
.4182
.4179
.4175
.4172
.4168
.4165
.4161
.4158
.4154
.4151
.4147
.4144
.414
.4137
.4133
.413
.4126
.4122
.4119
.4115
.4112
.4108
.4105
.4101
.4097
.4094
.409
.4087
.4083
.408
.4076
.4072
.4069
.4065
.4062
.4058
.4054
.4051
.4047
.4043
.404
.4036
.4033
.4029
.4025
.4022
.4018
.4014
.4011
.4007
.4003
.4
.3996
.3992
.3989
.3985
.3981
.3978
.3974
.397
.3967
.3963
.3959
.3956
.3952
.3948
.3944
.3941
.3937
.3933
.393
.3926
.3922
.3918
.3915
.3911
.3907
.3904
.39
.3896
.3892
.3889
.3885
.3881
.3877
.3874
.387
.3866
.3862
.3859
.3855
.3851
.3847
.3844
.384
.3836
.3832
.3828
.3825
.3821
.3817
.3813
.381
.3806
.3802
.3798
.3794
.3791
.3787
.3783
.3779
.3775
.3771
.3768
.3764
.376
.3756
.3752
.3749
.3745
.3741
.3737
.3733
.3729
.3726
.3722
.3718
.3714
.371
.3706
.3703
.3699
.3695
.3691
.3687
.3683
.3679
.3676
.3672
.3668
.3664
.366
.3656
.3652
.3648
.3645
.3641
.3637
.3633
.3629
.3625
.3621
.3617
.3614
.361
.3606
.3602
.3598
.3594
.359
.3586
.3582
.3578
.3575
.3571
.3567
.3563
.3559
.3555
.3551
.3547
.3543
.3539
.3535
.3531
.3528
.3524
.352
.3516
.3512
.3508
.3504
.35
.3496
.3492
.3488
.3484
.348
.3476
.3472
.3468
.3464
.3461
.3457
.3453
.3449
.3445
.3441
.3437
.3433
.3429
.3425
.3421
.3417
.3413
.3409
.3405
.3401
.3397
.3393
.3389
.3385
.3381
.3377
.3373
.3369
.3365
.3361
.3357
.3353
.3349
.3345
.3341
.3337
.3333
.3329
.3325
.3321
.3317
.3313
.3309
.3305
.3301
.3297
.3293
.3289
.3285
.3281
.3277
.3273
.3269
.3265
.3261
.3257
.3253
.3249
.3245
.3241
.3237
.3233
.3229
.3225
.3221
.3217
.3213
.3209
.3205
.3201
.3197
.3193
.3189
.3185
.3181
.3177
.3173
.3169
.3165
.3161
.3157
.3153
.3149
.3145
.3141
.3137
.3133
.3129
.3125
.3121
.3117
.3113
.3109
.3105
.3101
.3097
.3093
.3089
.3085
.3081
.3077
.3073
.3069
.3065
.3061
.3057
.3053
.3048
.3044
.304
.3036
.3032
.3028
.3024
.302
.3016
.3012
.3008
.3004
.3
.2996
.2992
.2988
.2984
.298
.2976
.2972
.2968
.2964
.296
.2956
.2952
.2948
.2944
.294
.2936
.2932
.2928
.2924
.292
.2916
.2912
.2908
.2904
.29
.2896
.2892
.2888
.2884
.288
.2876
.2872
.2868
.2864
.286
.2856
.2852
.2849
.2845
.2841
.2837
.2833
.2829
.2825
.2821
.2817
.2813
.2809
.2805
.2801
.2797
.2793
.2789
.2785
.2781
.2777
.2773
.2769
.2766
.2762
.2758
.2754
.275
.2746
.2742
.2738
.2734
.273
.2726
.2722
.2718
.2715
.2711
.2707
.2703
.2699
.2695
.2691
.2687
.2683
.268
.2676
.2672
.2668
.2664
.266
.2656
.2652
.2649
.2645
.2641
.2637
.2633
.2629
.2625
.2622
.2618
.2614
.261
.2606
.2602
.2599
.2595
.2591
.2587
.2583
.2579
.2576
.2572
.2568
.2564
.256
.2557
.2553
.2549
.2545
.2542
.2538
.2534
.253
.2526
.2523
.2519
.2515
.2511
.2508
.2504
.25
.2496
.2493
.2489
.2485
.2481
.2478
.2474
.247
.2467
.2463
.2459
.2455
.2452
.2448
.2444
.2441
.2437
.2433
.243
.2426
.2422
.2419
.2415
.2411
.2408
.2404
.24
.2397
.2393
.2389
.2386
.2382
.2379
.2375
.2371
.2368
.2364
.2361
.2357
.2353
.235
.2346
.2343
.2339
.2335
.2332
.2328
.2325
.2321
.2318
.2314
.2311
.2307
.2304
.23
.2296
.2293
.2289
.2286
.2282
.2279
.2275
.2272
.2268
.2265
.2261
.2258
.2254
.2251
.2248
.2244
.2241
.2237
.2234
.223
.2227
.2223
.222
.2217
.2213
.221
.2206
.2203
.22
.2196
.2193
.2189
.2186
.2183
.2179
.2176
.2172
.2169
.2166
.2162
.2159
.2156
.2152
.2149
.2146
.2142
.2139
.2136
.2133
.2129
.2126
.2123
.2119
.2116
.2113
.2109
.2106
.2103
.21
.2096
.2093
.209
.2087
.2084
.208
.2077
.2074
.2071
.2067
.2064
.2061
.2058
.2055
.2051
.2048
.2045
.2042
.2039
.2036
.2032
.2029
.2026
.2023
.202
.2017
.2014
.2011
.2007
.2004
.2001
.1998
.1995
.1992
.1989
.1986
.1983
.198
.1977
.1974
.1971
.1967
.1964
.1961
.1958
.1955
.1952
.1949
.1946
.1943
.194
.1937
.1934
.1931
.1928
.1925
.1922
.192
.1917
.1914
.1911
.1908
.1905
.1902
.1899
.1896
.1893
.189
.1887
.1884
.1882
.1879
.1876
.1873
.187
.1867
.1864
.1861
.1859
.1856
.1853
.185
.1847
.1844
.1842
.1839
.1836
.1833
.183
.1828
.1825
.1822
.1819
.1817
.1814
.1811
.1808
.1806
.1803
.18
.1797
.1795
.1792
.1789
.1786
.1784
.1781
.1778
.1776
.1773
.177
.1768
.1765
.1762
.176
.1757
.1754
.1752
.1749
.1746
.1744
.1741
.1739
.1736
.1733
.1731
.1728
.1726
.1723
.172
.1718
.1715
.1713
.171
.1708
.1705
.1703
.17
.1698
.1695
.1692
.169
.1687
.1685
.1682
.168
.1677
.1675
.1673
.167
.1668
.1665
.1663
.166
.1658
.1655
.1653
.165
.1648
.1646
.1643
.1641
.1638
.1636
.1634
.1631
.1629
.1626
.1624
.1622
.1619
.1617
.1615
.1612
.161
.1608
.1605
.1603
.1601
.1598
.1596
.1594
.1591
.1589
.1587
.1584
.1582
.158
.1578
.1575
.1573
.1571
.1569
.1566
.1564
.1562
.156
.1557
.1555
.1553
.1551
.1549
.1546
.1544
.1542
.154
.1538
.1535
.1533
.1531
.1529
.1527
.1525
.1522
.152
.1518
.1516
.1514
.1512
.151
.1507
.1505
.1503
.1501
.1499
.1497
.1495
.1493
.1491
.1489
.1487
.1484
.1482
.148
.1478
.1476
.1474
.1472
.147
.1468
.1466
.1464
.1462
.146
.1458
.1456
.1454
.1452
.145
.1448
.1446
.1444
.1442
.144
.1438
.1436
.1434
.1432
.143
.1428
.1426
.1425
.1423
.1421
.1419
.1417
.1415
.1413
.1411
.1409
.1407
.1405
.1404
.1402
.14
.1398
.1396
.1394
.1392
.1391
.1389
.1387
.1385
.1383
.1381
.1379
.1378
.1376
.1374
.1372
.137
.1369
.1367
.1365
.1363
.1361
.136
.1358
.1356
.1354
.1353
.1351
.1349
.1347
.1346
.1344
.1342
.134
.1339
.1337
.1335
.1333
.1332
.133
.1328
.1326
.1325
.1323
.1321
.132
.1318
.1316
.1315
.1313
.1311
.131
.1308
.1306
.1305
.1303
.1301
.13
.1298
.1296
.1295
.1293
.1291
.129
.1288
.1287
.1285
.1283
.1282
.128
.1279
.1277
.1275
.1274
.1272
.1271
.1269
.1267
.1266
.1264
.1263
.1261
.126
.1258
.1257
.1255
.1253
.1252
.125
.1249
.1247
.1246
.1244
.1243
.1241
.124
.1238
.1237
.1235
.1234
.1232
.1231
.1229
.1228
.1226
.1225
.1223
.1222
.122
.1219
.1217
.1216
.1215
.1213
.1212
.121
.1209
.1207
.1206
.1204
.1203
.1202
.12
.1199
.1197
.1196
.1194
.1193
.1192
.119
.1189
.1187
.1186
.1185
.1183
.1182
.118
.1179
.1178
.1176
.1175
.1174
.1172
.1171
.117
.1168
.1167
.1165
.1164
.1163
.1161
.116
.1159
.1157
.1156
.1155
.1153
.1152
.1151
.115
.1148
.1147
.1146
.1144
.1143
.1142
.114
.1139
.1138
.1137
.1135
.1134
.1133
.1131
.113
.1129
.1128
.1126
.1125
.1124
.1123
.1121
.112
.1119
.1118
.1116
.1115
.1114
.1113
.1111
.111
.1109
.1108
.1106
.1105
.1104
.1103
.1102
.11
.1099
.1098
.1097
.1096
.1094
.1093
.1092
.1091
.109
.1088
.1087
.1086
.1085
.1084
.1083
.1081
.108
.1079
.1078
.1077
.1076
.1074
.1073
.1072
.1071
.107
.1069
.1068
.1066
.1065
.1064
.1063
.1062
.1061
.106
.1059
.1057
.1056
.1055
.1054
.1053
.1052
.1051
.105
.1049
.1047
.1046
.1045
.1044
.1043
.1042
.1041
.104
.1039
.1038
.1037
.1035
.1034
.1033
.1032
.1031
.103
.1029
.1028
.1027
.1026
.1025
.1024
.1023
.1022
.1021
.102
.1019
.1018
.1016
.1015
.1014
.1013
.1012
.1011
.101
.1009
.1008
.1007
.1006
.1005
.1004
.1003
.1002
.1001
.1
.0999
.0998
.0997
.0996
.0995
.0994
.0993
.0992
.0991
.099
.0989
.0988
.0987
.0986
.0985
.0984
.0983
.0982
.0981
.098
.098
.0979
.0978
.0977
.0976
.0975
.0974
.0973
.0972
.0971
.097
.0969
.0968
.0967
.0966
.0965
.0964
.0963
.0962
.0962
.0961
.096
.0959
.0958
.0957
.0956
.0955
.0954
.0953
.0952
.0951
.0951
.095
.0949
.0948
.0947
.0946
.0945
.0944
.0943
.0942
.0941
.0941
.094
.0939
.0938
.0937
.0936
.0935
.0934
.0934
.0933
.0932
.0931
.093
.0929
.0928
.0927
.0927
.0926
.0925
.0924
.0923
.0922
.0921
.0921
.092
.0919
.0918
.0917
.0916
.0915
.0915
.0914
.0913
.0912
.0911
.091
.091
.0909
.0908
.0907
.0906
.0905
.0905
.0904
.0903
.0902
.0901
.09
.09
.0899
.0898
.0897
.0896
.0896
.0895
.0894
.0893
.0892
.0892
.0891
.089
.0889
.0888
.0888
.0887
.0886
.0885
.0884
.0884
.0883
.0882
.0881
.088
.088
.0879
.0878
.0877
.0877
.0876
.0875
.0874
.0873
.0873
.0872
.0871
.087
.087
.0869
.0868
.0867
.0867
.0866
.0865
.0864
.0864
.0863
.0862
.0861
.0861
.086
.0859
.0858
.0858
.0857
.0856
.0855
.0855
.0854
.0853
.0852
.0852
.0851
.085
.0849
.0849
.0848
.0847
.0847
.0846
.0845
.0844
.0844
.0843
.0842
.0842
.0841
.084
.0839
.0839
.0838
.0837
.0837
.0836
.0835
.0834
.0834
.0833
.0832
.0832
.0831
.083
.0829
.0829
.0828
.0827
.0827
.0826
.0825
.0825
.0824
.0823
.0823
.0822
.0821
.0821
.082
.0819
.0818
.0818
.0817
.0816
.0816
.0815
.0814
.0814
.0813
.0812
.0812
.0811
.081
.081
.0809
.0808
.0808
.0807
.0806
.0806
.0805
.0804
.0804
.0803
.0802
.0802
.0801
.0801
.08
.0799
.0799
.0798
.0797
.0797
.0796
.0795
.0795
.0794
.0793
.0793
.0792
.0791
.0791
.079
.079
.0789
.0788
.0788
.0787
.0786
.0786
.0785
.0785
.0784
.0783
.0783
.0782
.0781
.0781
.078
.078
.0779
.0778
.0778
.0777
.0776
.0776
.0775
.0775
.0774
.0773
.0773
.0772
.0772
.0771
.077
.077
.0769
.0769
.0768
.0767
.0767
.0766
.0766
.0765
.0764
.0764
.0763
.0763
.0762
.0761
.0761
.076
.076
.0759
.0758
.0758
.0757
.0757
.0756
.0756
.0755
.0754
.0754
.0753
.0753
.0752
.0751
.0751
.075
.075
.0749
.0749
.0748
.0747
.0747
.0746
.0746
.0745
.0745
.0744
.0743
.0743
.0742
.0742
.0741
.0741
.074
.074
.0739
.0738
.0738
.0737
.0737
.0736
.0736
.0735
.0735
.0734
.0733
.0733
.0732
.0732
.0731
.0731
.073
.073
.0729
.0728
.0728
.0727
.0727
.0726
.0726
.0725
.0725
.0724
.0724
.0723
.0723
.0722
.0721
.0721
.072
.072
.0719
.0719
.0718
.0718
.0717
.0717
.0716
.0716
.0715
.0715
.0714
.0714
.0713
.0713
.0712
.0711
.0711
.071
.071
.0709
.0709
.0708
.0708
.0707
.0707
.0706
.0706
.0705
.0705
.0704
.0704
.0703
.0703
.0702
.0702
.0701
.0701
.07
.07
.0699
.0699
.0698
.0698
.0697
.0697
.0696
.0696
.0695
.0695
.0694
.0694
.0693
.0693
.0692
.0692
.0691
.0691
.069
.069
.0689
.0689
.0688
.0688
.0687
.0687
.0686
.0686
.0685
.0685
.0684
.0684
.0683
.0683
.0682
.0682
.0681
.0681
.0681
.068
.068
.0679
.0679
.0678
.0678
.0677
.0677
.0676
.0676
.0675
.0675
.0674
.0674
.0673
.0673
.0672
.0672
.0672
.0671
.0671
.067
.067
.0669
.0669
.0668
.0668
.0667
.0667
.0666
.0666
.0666
.0665
.0665
.0664
.0664
.0663
.0663
.0662
.0662
.0661
.0661
.0661
.066
.066
.0659
.0659
.0658
.0658
.0657
.0657
.0656
.0656
.0656
.0655
.0655
.0654
.0654
.0653
.0653
.0652
.0652
.0652
.0651
.0651
.065
.065
.0649
.0649
.0649
.0648
.0648
.0647
.0647
.0646
.0646
.0645
.0645
.0645
.0644
.0644
.0643
.0643
.0642
.0642
.0642
.0641
.0641
.064
.064
.0639
.0639
.0639
.0638
.0638
.0637
.0637
.0636
.0636
.0636
.0635
.0635
.0634
.0634
.0634
.0633
.0633
.0632
.0632
.0631
.0631
.0631
.063
.063
.0629
.0629
.0629
.0628
.0628
.0627
.0627
.0626
.0626
.0626
.0625
.0625
.0624
.0624
.0624
.0623
.0623
.0622
.0622
.0622
.0621
.0621
.062
.062
.062
.0619
.0619
.0618
.0618
.0618
.0617
.0617
.0616
.0616
.0616
.0615
.0615
.0614
.0614
.0614
.0613
.0613
.0612
.0612
.0612
.0611
.0611
.061
.061
.061
.0609
.0609
.0609
.0608
.0608
.0607
.0607
.0607
.0606
.0606
.0605
.0605
.0605
.0604
.0604
.0604
.0603
.0603
.0602
.0602
.0602
.0601
.0601
.06
.06
.06
.0599
.0599
.0599
.0598
.0598
.0597
.0597
.0597
.0596
.0596
.0596
.0595
.0595
.0594
.0594
.0594
.0593
.0593
.0593
.0592
.0592
.0591
.0591
.0591
.059
.059
.059
.0589
.0589
.0589
.0588
.0588
.0587
.0587
.0587
.0586
.0586
.0586
.0585
.0585
.0585
.0584
.0584
.0583
.0583
.0583
.0582
.0582
.0582
.0581
.0581
.0581
.058
.058
.058
.0579
.0579
.0578
.0578
.0578
.0577
.0577
.0577
.0576
.0576
.0576
.0575
.0575
.0575
.0574
.0574
.0574
.0573
.0573
.0573
.0572
.0572
.0571
.0571
.0571
.057
.057
.057
.0569
.0569
.0569
.0568
.0568
.0568
.0567
.0567
.0567
.0566
.0566
.0566
.0565
.0565
.0565
.0564
.0564
.0564
.0563
.0563
.0563
.0562
.0562
.0562
.0561
.0561
.0561
.056
.056
.056
.0559
.0559
.0559
.0558
.0558
.0558
.0557
.0557
.0557
.0556
.0556
.0556
.0555
.0555
.0555
.0554
.0554
.0554
.0553
.0553
.0553
.0552
.0552
.0552
.0551
.0551
.0551
.055
.055
.055
.0549
.0549
.0549
.0548
.0548
.0548
.0547
.0547
.0547
.0547
.0546
.0546
.0546
.0545
.0545
.0545
.0544
.0544
.0544
.0543
.0543
.0543
.0542
.0542
.0542
.0541
.0541
.0541
.0541
.054
.054
.054
.0539
.0539
.0539
.0538
.0538
.0538
.0537
.0537
.0537
.0536
.0536
.0536
.0536
.0535
.0535
.0535
.0534
.0534
.0534
.0533
.0533
.0533
.0533
.0532
.0532
.0532
.0531
.0531
.0531
.053
.053
.053
.0529
.0529
.0529
.0529
.0528
.0528
.0528
.0527
.0527
.0527
.0526
.0526
.0526
.0526
.0525
.0525
.0525
.0524
.0524
.0524
.0524
.0523
.0523
.0523
.0522
.0522
.0522
.0521
.0521
.0521
.0521
.052
.052
.052
.0519
.0519
.0519
.0519
.0518
.0518
.0518
.0517
.0517
.0517
.0517
.0516
.0516
.0516
.0515
.0515
.0515
.0515
.0514
.0514
.0514
.0513
.0513
.0513
.0513
.0512
.0512
.0512
.0511
.0511
.0511
.0511
.051
.051
.051
.0509
.0509
.0509
.0509
.0508
.0508
.0508
.0507
.0507
.0507
.0507
.0506
.0506
.0506
.0506
.0505
.0505
.0505
.0504
.0504
.0504
.0504
.0503
.0503
.0503
.0502
.0502
.0502
.0502
.0501
.0501
.0501
.0501
.05
.05
.05
