.6175
.6139
.6104
.6069
.6035
.6
.5966
.5932
.5899
.5866
.5833
.5801
.577
.5739
.5709
.568
.5651
.5623
.5596
.5569
.5544
.5519
.5496
.5473
.5451
.543
.5409
.539
.5372
.5354
.5337
.5321
.5306
.5292
.5278
.5266
.5253
.5242
.5231
.5221
.5212
.5203
.5195
.5187
.518
.5173
.5167
.5161
.5155
.515
.5145
.5141
.5136
.5133
.5129
.5126
.5122
.5119
.5117
.5114
.5112
.511
.5108
.5106
.5104
.5102
.5101
.5099
.5098
.5097
.5095
.5094
.5093
.5092
.5091
.509
.509
.5089
.5088
.5087
.5086
.5086
.5085
.5085
.5084
.5083
.5083
.5082
.5082
.5081
.5081
.508
.508
.5079
.5079
.5078
.5078
.5077
.5077
.5076
.5076
.5075
.5075
.5075
.5074
.5074
.5073
.5073
.5072
.5072
.5071
.5071
.5071
.507
.507
.5069
.5069
.5068
.5068
.5067
.5067
.5066
.5066
.5065
.5065
.5064
.5064
.5063
.5063
.5062
.5062
.5061
.5061
.506
.506
.5059
.5059
.5058
.5058
.5057
.5057
.5056
.5055
.5055
.5054
.5054
.5053
.5052
.5052
.5051
.5051
.505
.5049
.5049
.5048
.5048
.5047
.5046
.5046
.5045
.5044
.5044
.5043
.5042
.5042
.5041
.504
.504
.5039
.5038
.5037
.5037
.5036
.5035
.5035
.5034
.5033
.5032
.5032
.5031
.503
.5029
.5028
.5028
.5027
.5026
.5025
.5024
.5024
.5023
.5022
.5021
.502
.5019
.5018
.5018
.5017
.5016
.5015
.5014
.5013
.5012
.5011
.501
.5009
.5008
.5007
.5006
.5005
.5004
.5003
.5002
.5001
.5
.4999
.4998
.4997
.4996
.4995
.4994
.4993
.4992
.4991
.499
.4989
.4988
.4987
.4985
.4984
.4983
.4982
.4981
.498
.4978
.4977
.4976
.4975
.4974
.4972
.4971
.497
.4968
.4967
.4966
.4965
.4963
.4962
.4961
.4959
.4958
.4957
.4955
.4954
.4952
.4951
.495
.4948
.4947
.4945
.4944
.4942
.4941
.494
.4938
.4937
.4935
.4933
.4932
.493
.4929
.4927
.4926
.4924
.4922
.4921
.4919
.4918
.4916
.4914
.4912
.4911
.4909
.4907
.4906
.4904
.4902
.49
.4899
.4897
.4895
.4893
.4891
.489
.4888
.4886
.4884
.4882
.488
.4878
.4876
.4874
.4872
.487
.4868
.4866
.4864
.4862
.486
.4858
.4856
.4854
.4852
.485
.4848
.4846
.4844
.4841
.4839
.4837
.4835
.4833
.483
.4828
.4826
.4824
.4821
.4819
.4817
.4815
.4812
.481
.4807
.4805
.4803
.48
.4798
.4795
.4793
.4791
.4788
.4786
.4783
.4781
.4778
.4776
.4773
.477
.4768
.4765
.4763
.476
.4757
.4755
.4752
.4749
.4747
.4744
.4741
.4738
.4736
.4733
.473
.4727
.4725
.4722
.4719
.4716
.4713
.471
.4707
.4705
.4702
.4699
.4696
.4693
.469
.4687
.4684
.4681
.4678
.4675
.4672
.4669
.4666
.4662
.4659
.4656
.4653
.465
.4647
.4644
.464
.4637
.4634
.4631
.4628
.4624
.4621
.4618
.4614
.4611
.4608
.4605
.4601
.4598
.4594
.4591
.4588
.4584
.4581
.4577
.4574
.4571
.4567
.4564
.456
.4557
.4553
.455
.4546
.4542
.4539
.4535
.4532
.4528
.4525
.4521
.4517
.4514
.451
.4506
.4503
.4499
.4495
.4492
.4488
.4484
.448
.4477
.4473
.4469
.4465
.4462
.4458
.4454
.445
.4446
.4442
.4439
.4435
.4431
.4427
.4423
.4419
.4415
.4411
.4407
.4403
.4399
.4396
.4392
.4388
.4384
.438
.4376
.4372
.4368
.4364
.4359
.4355
.4351
.4347
.4343
.4339
.4335
.4331
.4327
.4323
.4319
.4315
.431
.4306
.4302
.4298
.4294
.429
.4285
.4281
.4277
.4273
.4269
.4264
.426
.4256
.4252
.4248
.4243
.4239
.4235
.423
.4226
.4222
.4218
.4213
.4209
.4205
.42
.4196
.4192
.4188
.4183
.4179
.4175
.417
.4166
.4161
.4157
.4153
.4148
.4144
.414
.4135
.4131
.4126
.4122
.4118
.4113
.4109
.4104
.41
.4096
.4091
.4087
.4082
.4078
.4073
.4069
.4065
.406
.4056
.4051
.4047
.4042
.4038
.4033
.4029
.4024
.402
.4015
.4011
.4006
.4002
.3997
.3993
.3988
.3984
.3979
.3975
.397
.3966
.3961
.3957
.3952
.3948
.3943
.3939
.3934
.393
.3925
.3921
.3916
.3912
.3907
.3903
.3898
.3894
.3889
.3885
.388
.3876
.3871
.3866
.3862
.3857
.3853
.3848
.3844
.3839
.3835
.383
.3826
.3821
.3817
.3812
.3807
.3803
.3798
.3794
.3789
.3785
.378
.3776
.3771
.3767
.3762
.3758
.3753
.3748
.3744
.3739
.3735
.373
.3726
.3721
.3717
.3712
.3708
.3703
.3699
.3694
.369
.3685
.3681
.3676
.3671
.3667
.3662
.3658
.3653
.3649
.3644
.364
.3635
.3631
.3626
.3622
.3617
.3613
.3608
.3604
.3599
.3595
.359
.3586
.3581
.3577
.3573
.3568
.3564
.3559
.3555
.355
.3546
.3541
.3537
.3532
.3528
.3523
.3519
.3515
.351
.3506
.3501
.3497
.3492
.3488
.3484
.3479
.3475
.347
.3466
.3461
.3457
.3453
.3448
.3444
.3439
.3435
.3431
.3426
.3422
.3418
.3413
.3409
.3404
.34
.3396
.3391
.3387
.3383
.3378
.3374
.337
.3365
.3361
.3357
.3352
.3348
.3344
.3339
.3335
.3331
.3327
.3322
.3318
.3314
.3309
.3305
.3301
.3297
.3292
.3288
.3284
.328
.3275
.3271
.3267
.3263
.3258
.3254
.325
.3246
.3241
.3237
.3233
.3229
.3225
.322
.3216
.3212
.3208
.3204
.32
.3195
.3191
.3187
.3183
.3179
.3175
.317
.3166
.3162
.3158
.3154
.315
.3146
.3142
.3138
.3133
.3129
.3125
.3121
.3117
.3113
.3109
.3105
.3101
.3097
.3093
.3089
.3085
.3081
.3077
.3073
.3069
.3065
.3061
.3057
.3053
.3049
.3045
.3041
.3037
.3033
.3029
.3025
.3021
.3017
.3013
.3009
.3005
.3001
.2997
.2993
.2989
.2985
.2981
.2978
.2974
.297
.2966
.2962
.2958
.2954
.295
.2947
.2943
.2939
.2935
.2931
.2927
.2923
.292
.2916
.2912
.2908
.2904
.2901
.2897
.2893
.2889
.2886
.2882
.2878
.2874
.287
.2867
.2863
.2859
.2855
.2852
.2848
.2844
.2841
.2837
.2833
.283
.2826
.2822
.2818
.2815
.2811
.2807
.2804
.28
.2797
.2793
.2789
.2786
.2782
.2778
.2775
.2771
.2768
.2764
.276
.2757
.2753
.275
.2746
.2742
.2739
.2735
.2732
.2728
.2725
.2721
.2718
.2714
.2711
.2707
.2704
.27
.2697
.2693
.269
.2686
.2683
.2679
.2676
.2672
.2669
.2665
.2662
.2658
.2655
.2652
.2648
.2645
.2641
.2638
.2635
.2631
.2628
.2624
.2621
.2618
.2614
.2611
.2608
.2604
.2601
.2598
.2594
.2591
.2588
.2584
.2581
.2578
.2574
.2571
.2568
.2564
.2561
.2558
.2555
.2551
.2548
.2545
.2542
.2538
.2535
.2532
.2529
.2525
.2522
.2519
.2516
.2513
.2509
.2506
.2503
.25
.2497
.2493
.249
.2487
.2484
.2481
.2478
.2474
.2471
.2468
.2465
.2462
.2459
.2456
.2453
.245
.2446
.2443
.244
.2437
.2434
.2431
.2428
.2425
.2422
.2419
.2416
.2413
.241
.2407
.2404
.2401
.2398
.2395
.2392
.2389
.2386
.2383
.238
.2377
.2374
.2371
.2368
.2365
.2362
.2359
.2356
.2353
.235
.2347
.2344
.2341
.2338
.2335
.2333
.233
.2327
.2324
.2321
.2318
.2315
.2312
.231
.2307
.2304
.2301
.2298
.2295
.2292
.229
.2287
.2284
.2281
.2278
.2276
.2273
.227
.2267
.2264
.2262
.2259
.2256
.2253
.225
.2248
.2245
.2242
.2239
.2237
.2234
.2231
.2229
.2226
.2223
.222
.2218
.2215
.2212
.221
.2207
.2204
.2201
.2199
.2196
.2193
.2191
.2188
.2185
.2183
.218
.2178
.2175
.2172
.217
.2167
.2164
.2162
.2159
.2157
.2154
.2151
.2149
.2146
.2144
.2141
.2139
.2136
.2133
.2131
.2128
.2126
.2123
.2121
.2118
.2116
.2113
.211
.2108
.2105
.2103
.21
.2098
.2095
.2093
.209
.2088
.2085
.2083
.2081
.2078
.2076
.2073
.2071
.2068
.2066
.2063
.2061
.2058
.2056
.2054
.2051
.2049
.2046
.2044
.2042
.2039
.2037
.2034
.2032
.203
.2027
.2025
.2022
.202
.2018
.2015
.2013
.2011
.2008
.2006
.2004
.2001
.1999
.1997
.1994
.1992
.199
.1987
.1985
.1983
.198
.1978
.1976
.1974
.1971
.1969
.1967
.1964
.1962
.196
.1958
.1955
.1953
.1951
.1949
.1946
.1944
.1942
.194
.1937
.1935
.1933
.1931
.1929
.1926
.1924
.1922
.192
.1918
.1915
.1913
.1911
.1909
.1907
.1905
.1902
.19
.1898
.1896
.1894
.1892
.1889
.1887
.1885
.1883
.1881
.1879
.1877
.1875
.1872
.187
.1868
.1866
.1864
.1862
.186
.1858
.1856
.1854
.1851
.1849
.1847
.1845
.1843
.1841
.1839
.1837
.1835
.1833
.1831
.1829
.1827
.1825
.1823
.1821
.1819
.1817
.1815
.1813
.1811
.1809
.1807
.1805
.1803
.1801
.1799
.1797
.1795
.1793
.1791
.1789
.1787
.1785
.1783
.1781
.1779
.1777
.1775
.1773
.1771
.1769
.1767
.1765
.1763
.1762
.176
.1758
.1756
.1754
.1752
.175
.1748
.1746
.1744
.1742
.1741
.1739
.1737
.1735
.1733
.1731
.1729
.1727
.1726
.1724
.1722
.172
.1718
.1716
.1714
.1713
.1711
.1709
.1707
.1705
.1703
.1702
.17
.1698
.1696
.1694
.1692
.1691
.1689
.1687
.1685
.1683
.1682
.168
.1678
.1676
.1675
.1673
.1671
.1669
.1667
.1666
.1664
.1662
.166
.1659
.1657
.1655
.1653
.1652
.165
.1648
.1646
.1645
.1643
.1641
.164
.1638
.1636
.1634
.1633
.1631
.1629
.1628
.1626
.1624
.1623
.1621
.1619
.1617
.1616
.1614
.1612
.1611
.1609
.1607
.1606
.1604
.1602
.1601
.1599
.1597
.1596
.1594
.1592
.1591
.1589
.1588
.1586
.1584
.1583
.1581
.1579
.1578
.1576
.1575
.1573
.1571
.157
.1568
.1567
.1565
.1563
.1562
.156
.1559
.1557
.1555
.1554
.1552
.1551
.1549
.1548
.1546
.1544
.1543
.1541
.154
.1538
.1537
.1535
.1533
.1532
.153
.1529
.1527
.1526
.1524
.1523
.1521
.152
.1518
.1517
.1515
.1514
.1512
.1511
.1509
.1508
.1506
.1505
.1503
.1502
.15
.1499
.1497
.1496
.1494
.1493
.1491
.149
.1488
.1487
.1485
.1484
.1482
.1481
.1479
.1478
.1476
.1475
.1474
.1472
.1471
.1469
.1468
.1466
.1465
.1463
.1462
.1461
.1459
.1458
.1456
.1455
.1453
.1452
.1451
.1449
.1448
.1446
.1445
.1444
.1442
.1441
.1439
.1438
.1437
.1435
.1434
.1432
.1431
.143
.1428
.1427
.1425
.1424
.1423
.1421
.142
.1419
.1417
.1416
.1415
.1413
.1412
.141
.1409
.1408
.1406
.1405
.1404
.1402
.1401
.14
.1398
.1397
.1396
.1394
.1393
.1392
.139
.1389
.1388
.1386
.1385
.1384
.1383
.1381
.138
.1379
.1377
.1376
.1375
.1373
.1372
.1371
.137
.1368
.1367
.1366
.1364
.1363
.1362
.1361
.1359
.1358
.1357
.1356
.1354
.1353
.1352
.135
.1349
.1348
.1347
.1345
.1344
.1343
.1342
.134
.1339
.1338
.1337
.1335
.1334
.1333
.1332
.1331
.1329
.1328
.1327
.1326
.1324
.1323
.1322
.1321
.132
.1318
.1317
.1316
.1315
.1314
.1312
.1311
.131
.1309
.1308
.1306
.1305
.1304
.1303
.1302
.13
.1299
.1298
.1297
.1296
.1294
.1293
.1292
.1291
.129
.1289
.1287
.1286
.1285
.1284
.1283
.1282
.1281
.1279
.1278
.1277
.1276
.1275
.1274
.1272
.1271
.127
.1269
.1268
.1267
.1266
.1265
.1263
.1262
.1261
.126
.1259
.1258
.1257
.1256
.1254
.1253
.1252
.1251
.125
.1249
.1248
.1247
.1246
.1244
.1243
.1242
.1241
.124
.1239
.1238
.1237
.1236
.1235
.1234
.1232
.1231
.123
.1229
.1228
.1227
.1226
.1225
.1224
.1223
.1222
.1221
.122
.1218
.1217
.1216
.1215
.1214
.1213
.1212
.1211
.121
.1209
.1208
.1207
.1206
.1205
.1204
.1203
.1202
.1201
.12
.1199
.1198
.1196
.1195
.1194
.1193
.1192
.1191
.119
.1189
.1188
.1187
.1186
.1185
.1184
.1183
.1182
.1181
.118
.1179
.1178
.1177
.1176
.1175
.1174
.1173
.1172
.1171
.117
.1169
.1168
.1167
.1166
.1165
.1164
.1163
.1162
.1161
.116
.1159
.1158
.1157
.1156
.1155
.1154
.1153
.1153
.1152
.1151
.115
.1149
.1148
.1147
.1146
.1145
.1144
.1143
.1142
.1141
.114
.1139
.1138
.1137
.1136
.1135
.1134
.1133
.1132
.1132
.1131
.113
.1129
.1128
.1127
.1126
.1125
.1124
.1123
.1122
.1121
.112
.1119
.1118
.1118
.1117
.1116
.1115
.1114
.1113
.1112
.1111
.111
.1109
.1108
.1108
.1107
.1106
.1105
.1104
.1103
.1102
.1101
.11
.1099
.1099
.1098
.1097
.1096
.1095
.1094
.1093
.1092
.1091
.1091
.109
.1089
.1088
.1087
.1086
.1085
.1084
.1084
.1083
.1082
.1081
.108
.1079
.1078
.1077
.1077
.1076
.1075
.1074
.1073
.1072
.1071
.1071
.107
.1069
.1068
.1067
.1066
.1065
.1065
.1064
.1063
.1062
.1061
.106
.106
.1059
.1058
.1057
.1056
.1055
.1055
.1054
.1053
.1052
.1051
.105
.105
.1049
.1048
.1047
.1046
.1045
.1045
.1044
.1043
.1042
.1041
.104
.104
.1039
.1038
.1037
.1036
.1036
.1035
.1034
.1033
.1032
.1032
.1031
.103
.1029
.1028
.1028
.1027
.1026
.1025
.1024
.1024
.1023
.1022
.1021
.102
.102
.1019
.1018
.1017
.1017
.1016
.1015
.1014
.1013
.1013
.1012
.1011
.101
.101
.1009
.1008
.1007
.1006
.1006
.1005
.1004
.1003
.1003
.1002
.1001
.1
.1
.0999
.0998
.0997
.0996
.0996
.0995
.0994
.0993
.0993
.0992
.0991
.099
.099
.0989
.0988
.0987
.0987
.0986
.0985
.0985
.0984
.0983
.0982
.0982
.0981
.098
.0979
.0979
.0978
.0977
.0976
.0976
.0975
.0974
.0973
.0973
.0972
.0971
.0971
.097
.0969
.0968
.0968
.0967
.0966
.0966
.0965
.0964
.0963
.0963
.0962
.0961
.0961
.096
.0959
.0958
.0958
.0957
.0956
.0956
.0955
.0954
.0953
.0953
.0952
.0951
.0951
.095
.0949
.0949
.0948
.0947
.0946
.0946
.0945
.0944
.0944
.0943
.0942
.0942
.0941
.094
.094
.0939
.0938
.0938
.0937
.0936
.0936
.0935
.0934
.0933
.0933
.0932
.0931
.0931
.093
.0929
.0929
.0928
.0927
.0927
.0926
.0925
.0925
.0924
.0923
.0923
.0922
.0921
.0921
.092
.0919
.0919
.0918
.0917
.0917
.0916
.0916
.0915
.0914
.0914
.0913
.0912
.0912
.0911
.091
.091
.0909
.0908
.0908
.0907
.0906
.0906
.0905
.0904
.0904
.0903
.0903
.0902
.0901
.0901
.09
.0899
.0899
.0898
.0897
.0897
.0896
.0896
.0895
.0894
.0894
.0893
.0892
.0892
.0891
.0891
.089
.0889
.0889
.0888
.0887
.0887
.0886
.0886
.0885
.0884
.0884
.0883
.0883
.0882
.0881
.0881
.088
.0879
.0879
.0878
.0878
.0877
.0876
.0876
.0875
.0875
.0874
.0873
.0873
.0872
.0872
.0871
.087
.087
.0869
.0869
.0868
.0867
.0867
.0866
.0866
.0865
.0864
.0864
.0863
.0863
.0862
.0861
.0861
.086
.086
.0859
.0859
.0858
.0857
.0857
.0856
.0856
.0855
.0854
.0854
.0853
.0853
.0852
.0852
.0851
.085
.085
.0849
.0849
.0848
.0848
.0847
.0846
.0846
.0845
.0845
.0844
.0844
.0843
.0842
.0842
.0841
.0841
.084
.084
.0839
.0838
.0838
.0837
.0837
.0836
.0836
.0835
.0835
.0834
.0833
.0833
.0832
.0832
.0831
.0831
.083
.083
.0829
.0828
.0828
.0827
.0827
.0826
.0826
.0825
.0825
.0824
.0823
.0823
.0822
.0822
.0821
.0821
.082
.082
.0819
.0819
.0818
.0818
.0817
.0816
.0816
.0815
.0815
.0814
.0814
.0813
.0813
.0812
.0812
.0811
.0811
.081
.081
.0809
.0808
.0808
.0807
.0807
.0806
.0806
.0805
.0805
.0804
.0804
.0803
.0803
.0802
.0802
.0801
.0801
.08
.08
.0799
.0799
.0798
.0798
.0797
.0796
.0796
.0795
.0795
.0794
.0794
.0793
.0793
.0792
.0792
.0791
.0791
.079
.079
.0789
.0789
.0788
.0788
.0787
.0787
.0786
.0786
.0785
.0785
.0784
.0784
.0783
.0783
.0782
.0782
.0781
.0781
.078
.078
.0779
.0779
.0778
.0778
.0777
.0777
.0776
.0776
.0775
.0775
.0774
.0774
.0773
.0773
.0772
.0772
.0772
.0771
.0771
.077
.077
.0769
.0769
.0768
.0768
.0767
.0767
.0766
.0766
.0765
.0765
.0764
.0764
.0763
.0763
.0762
.0762
.0761
.0761
.076
.076
.076
.0759
.0759
.0758
.0758
.0757
.0757
.0756
.0756
.0755
.0755
.0754
.0754
.0753
.0753
.0752
.0752
.0752
.0751
.0751
.075
.075
.0749
.0749
.0748
.0748
.0747
.0747
.0746
.0746
.0746
.0745
.0745
.0744
.0744
.0743
.0743
.0742
.0742
.0741
.0741
.0741
.074
.074
.0739
.0739
.0738
.0738
.0737
.0737
.0736
.0736
.0736
.0735
.0735
.0734
.0734
.0733
.0733
.0732
.0732
.0732
.0731
.0731
.073
.073
.0729
.0729
.0729
.0728
.0728
.0727
.0727
.0726
.0726
.0725
.0725
.0725
.0724
.0724
.0723
.0723
.0722
.0722
.0722
.0721
.0721
.072
.072
.0719
.0719
.0719
.0718
.0718
.0717
.0717
.0716
.0716
.0716
.0715
.0715
.0714
.0714
.0713
.0713
.0713
.0712
.0712
.0711
.0711
.071
.071
.071
.0709
.0709
.0708
.0708
.0708
.0707
.0707
.0706
.0706
.0705
.0705
.0705
.0704
.0704
.0703
.0703
.0703
.0702
.0702
.0701
.0701
.07
.07
.07
.0699
.0699
.0698
.0698
.0698
.0697
.0697
.0696
.0696
.0696
.0695
.0695
.0694
.0694
.0694
.0693
.0693
.0692
.0692
.0692
.0691
.0691
.069
.069
.069
.0689
.0689
.0688
.0688
.0688
.0687
.0687
.0686
.0686
.0686
.0685
.0685
.0684
.0684
.0684
.0683
.0683
.0682
.0682
.0682
.0681
.0681
.068
.068
.068
.0679
.0679
.0679
.0678
.0678
.0677
.0677
.0677
.0676
.0676
.0675
.0675
.0675
.0674
.0674
.0674
.0673
.0673
.0672
.0672
.0672
.0671
.0671
.067
.067
.067
.0669
.0669
.0669
.0668
.0668
.0667
.0667
.0667
.0666
.0666
.0666
.0665
.0665
.0664
.0664
.0664
.0663
.0663
.0663
.0662
.0662
.0661
.0661
.0661
.066
.066
.066
.0659
.0659
.0659
.0658
.0658
.0657
.0657
.0657
.0656
.0656
.0656
.0655
.0655
.0655
.0654
.0654
.0653
.0653
.0653
.0652
.0652
.0652
.0651
.0651
.0651
.065
.065
.0649
.0649
.0649
.0648
.0648
.0648
.0647
.0647
.0647
.0646
.0646
.0646
.0645
.0645
.0644
.0644
.0644
.0643
.0643
.0643
.0642
.0642
.0642
.0641
.0641
.0641
.064
.064
.064
.0639
.0639
.0639
.0638
.0638
.0637
.0637
.0637
.0636
.0636
.0636
.0635
.0635
.0635
.0634
.0634
.0634
.0633
.0633
.0633
.0632
.0632
.0632
.0631
.0631
.0631
.063
.063
.063
.0629
.0629
.0629
.0628
.0628
.0628
.0627
.0627
.0627
.0626
.0626
.0626
.0625
.0625
.0625
.0624
.0624
.0624
.0623
.0623
.0623
.0622
.0622
.0622
.0621
.0621
.0621
.062
.062
.062
.0619
.0619
.0619
.0618
.0618
.0618
.0617
.0617
.0617
.0616
.0616
.0616
.0615
.0615
.0615
.0614
.0614
.0614
.0613
.0613
.0613
.0612
.0612
.0612
.0611
.0611
.0611
.061
.061
.061
.0609
.0609
.0609
.0609
.0608
.0608
.0608
.0607
.0607
.0607
.0606
.0606
.0606
.0605
.0605
.0605
.0604
.0604
.0604
.0603
.0603
.0603
.0602
.0602
.0602
.0602
.0601
.0601
.0601
.06
.06
.06
.0599
.0599
.0599
.0598
.0598
.0598
.0598
.0597
.0597
.0597
.0596
.0596
.0596
.0595
.0595
.0595
.0594
.0594
.0594
.0594
.0593
.0593
.0593
.0592
.0592
.0592
.0591
.0591
.0591
.059
.059
.059
.059
.0589
.0589
.0589
.0588
.0588
.0588
.0587
.0587
.0587
.0587
.0586
.0586
.0586
.0585
.0585
.0585
.0584
.0584
.0584
.0584
.0583
.0583
.0583
.0582
.0582
.0582
.0582
.0581
.0581
.0581
.058
.058
.058
.0579
.0579
.0579
.0579
.0578
.0578
.0578
.0577
.0577
.0577
.0577
.0576
.0576
.0576
.0575
.0575
.0575
.0575
.0574
.0574
.0574
.0573
.0573
.0573
.0573
.0572
.0572
.0572
.0571
.0571
.0571
.0571
.057
.057
.057
.0569
.0569
.0569
.0569
.0568
.0568
.0568
.0567
.0567
.0567
.0567
.0566
.0566
.0566
.0565
.0565
.0565
.0565
.0564
.0564
.0564
.0563
.0563
.0563
.0563
.0562
.0562
.0562
.0562
.0561
.0561
.0561
.056
.056
.056
.056
.0559
.0559
.0559
.0559
.0558
.0558
.0558
.0557
.0557
.0557
.0557
.0556
.0556
.0556
.0556
.0555
.0555
.0555
.0554
.0554
.0554
.0554
.0553
.0553
.0553
.0553
.0552
.0552
.0552
.0551
.0551
.0551
.0551
.055
.055
.055
.055
.0549
.0549
.0549
.0549
.0548
.0548
.0548
.0547
.0547
.0547
.0547
.0546
.0546
.0546
.0546
.0545
.0545
.0545
.0545
.0544
.0544
.0544
.0544
.0543
.0543
.0543
.0543
.0542
.0542
.0542
.0541
.0541
.0541
.0541
.054
.054
.054
.054
.0539
.0539
.0539
.0539
.0538
.0538
.0538
.0538
.0537
.0537
.0537
.0537
.0536
.0536
.0536
.0536
.0535
.0535
.0535
.0535
.0534
.0534
.0534
.0534
.0533
.0533
.0533
.0533
.0532
.0532
.0532
.0532
.0531
.0531
.0531
.0531
.053
.053
.053
.053
.0529
.0529
.0529
.0529
.0528
.0528
.0528
.0528
.0527
.0527
.0527
.0527
.0526
.0526
.0526
.0526
.0525
.0525
.0525
.0525
.0524
.0524
.0524
.0524
.0523
.0523
.0523
.0523
.0522
.0522
.0522
.0522
.0521
.0521
.0521
.0521
.052
.052
.052
.052
.052
.0519
.0519
.0519
.0519
.0518
.0518
.0518
.0518
.0517
.0517
.0517
.0517
.0516
.0516
.0516
.0516
.0515
.0515
.0515
.0515
.0515
.0514
.0514
.0514
.0514
.0513
.0513
.0513
.0513
.0512
.0512
.0512
.0512
.0511
.0511
.0511
.0511
.0511
.051
.051
.051
.051
.0509
.0509
.0509
.0509
.0508
.0508
.0508
.0508
.0508
.0507
.0507
.0507
.0507
.0506
.0506
.0506
.0506
.0505
.0505
.0505
.0505
.0505
.0504
.0504
.0504
.0504
.0503
.0503
.0503
.0503
.0502
.0502
.0502
.0502
.0502
.0501
.0501
.0501
.0501
.05
.05
.05
.05
