.5732
.5705
.5678
.5652
.5627
.5602
.5577
.5554
.5531
.5509
.5487
.5466
.5446
.5427
.5408
.5391
.5374
.5357
.5342
.5327
.5313
.53
.5287
.5275
.5264
.5253
.5243
.5234
.5225
.5217
.5209
.5202
.5195
.5189
.5183
.5177
.5172
.5167
.5163
.5159
.5155
.5152
.5148
.5145
.5142
.514
.5137
.5135
.5133
.5131
.513
.5128
.5126
.5125
.5124
.5123
.5122
.5121
.512
.5119
.5118
.5117
.5117
.5116
.5115
.5115
.5114
.5114
.5113
.5113
.5113
.5112
.5112
.5112
.5111
.5111
.5111
.511
.511
.511
.511
.511
.5109
.5109
.5109
.5109
.5109
.5108
.5108
.5108
.5108
.5108
.5108
.5107
.5107
.5107
.5107
.5107
.5107
.5106
.5106
.5106
.5106
.5106
.5106
.5106
.5105
.5105
.5105
.5105
.5105
.5105
.5105
.5104
.5104
.5104
.5104
.5104
.5104
.5103
.5103
.5103
.5103
.5103
.5103
.5103
.5102
.5102
.5102
.5102
.5102
.5102
.5101
.5101
.5101
.5101
.5101
.5101
.51
.51
.51
.51
.51
.51
.5099
.5099
.5099
.5099
.5099
.5099
.5098
.5098
.5098
.5098
.5098
.5098
.5097
.5097
.5097
.5097
.5097
.5096
.5096
.5096
.5096
.5096
.5096
.5095
.5095
.5095
.5095
.5095
.5094
.5094
.5094
.5094
.5094
.5093
.5093
.5093
.5093
.5093
.5093
.5092
.5092
.5092
.5092
.5092
.5091
.5091
.5091
.5091
.5091
.509
.509
.509
.509
.509
.5089
.5089
.5089
.5089
.5089
.5088
.5088
.5088
.5088
.5087
.5087
.5087
.5087
.5087
.5086
.5086
.5086
.5086
.5085
.5085
.5085
.5085
.5085
.5084
.5084
.5084
.5084
.5083
.5083
.5083
.5083
.5083
.5082
.5082
.5082
.5082
.5081
.5081
.5081
.5081
.508
.508
.508
.508
.5079
.5079
.5079
.5079
.5079
.5078
.5078
.5078
.5078
.5077
.5077
.5077
.5077
.5076
.5076
.5076
.5075
.5075
.5075
.5075
.5074
.5074
.5074
.5074
.5073
.5073
.5073
.5073
.5072
.5072
.5072
.5071
.5071
.5071
.5071
.507
.507
.507
.507
.5069
.5069
.5069
.5068
.5068
.5068
.5068
.5067
.5067
.5067
.5066
.5066
.5066
.5065
.5065
.5065
.5065
.5064
.5064
.5064
.5063
.5063
.5063
.5062
.5062
.5062
.5061
.5061
.5061
.5061
.506
.506
.506
.5059
.5059
.5059
.5058
.5058
.5058
.5057
.5057
.5057
.5056
.5056
.5056
.5055
.5055
.5055
.5054
.5054
.5054
.5053
.5053
.5052
.5052
.5052
.5051
.5051
.5051
.505
.505
.505
.5049
.5049
.5049
.5048
.5048
.5047
.5047
.5047
.5046
.5046
.5045
.5045
.5045
.5044
.5044
.5044
.5043
.5043
.5042
.5042
.5042
.5041
.5041
.504
.504
.504
.5039
.5039
.5038
.5038
.5037
.5037
.5037
.5036
.5036
.5035
.5035
.5035
.5034
.5034
.5033
.5033
.5032
.5032
.5031
.5031
.5031
.503
.503
.5029
.5029
.5028
.5028
.5027
.5027
.5026
.5026
.5026
.5025
.5025
.5024
.5024
.5023
.5023
.5022
.5022
.5021
.5021
.502
.502
.5019
.5019
.5018
.5018
.5017
.5017
.5016
.5016
.5015
.5015
.5014
.5014
.5013
.5013
.5012
.5011
.5011
.501
.501
.5009
.5009
.5008
.5008
.5007
.5007
.5006
.5005
.5005
.5004
.5004
.5003
.5003
.5002
.5001
.5001
.5
.5
.4999
.4998
.4998
.4997
.4997
.4996
.4995
.4995
.4994
.4994
.4993
.4992
.4992
.4991
.4991
.499
.4989
.4989
.4988
.4987
.4987
.4986
.4985
.4985
.4984
.4983
.4983
.4982
.4981
.4981
.498
.4979
.4979
.4978
.4977
.4977
.4976
.4975
.4974
.4974
.4973
.4972
.4972
.4971
.497
.4969
.4969
.4968
.4967
.4966
.4966
.4965
.4964
.4963
.4963
.4962
.4961
.496
.496
.4959
.4958
.4957
.4956
.4956
.4955
.4954
.4953
.4952
.4952
.4951
.495
.4949
.4948
.4948
.4947
.4946
.4945
.4944
.4943
.4942
.4942
.4941
.494
.4939
.4938
.4937
.4936
.4935
.4934
.4934
.4933
.4932
.4931
.493
.4929
.4928
.4927
.4926
.4925
.4924
.4923
.4922
.4921
.492
.4919
.4919
.4918
.4917
.4916
.4915
.4914
.4913
.4912
.4911
.491
.4908
.4907
.4906
.4905
.4904
.4903
.4902
.4901
.49
.4899
.4898
.4897
.4896
.4895
.4894
.4892
.4891
.489
.4889
.4888
.4887
.4886
.4885
.4883
.4882
.4881
.488
.4879
.4878
.4876
.4875
.4874
.4873
.4872
.487
.4869
.4868
.4867
.4865
.4864
.4863
.4862
.486
.4859
.4858
.4857
.4855
.4854
.4853
.4851
.485
.4849
.4847
.4846
.4845
.4843
.4842
.4841
.4839
.4838
.4836
.4835
.4834
.4832
.4831
.4829
.4828
.4827
.4825
.4824
.4822
.4821
.4819
.4818
.4816
.4815
.4813
.4812
.481
.4809
.4807
.4806
.4804
.4803
.4801
.4799
.4798
.4796
.4795
.4793
.4792
.479
.4788
.4787
.4785
.4783
.4782
.478
.4778
.4777
.4775
.4773
.4772
.477
.4768
.4766
.4765
.4763
.4761
.4759
.4758
.4756
.4754
.4752
.475
.4749
.4747
.4745
.4743
.4741
.4739
.4737
.4736
.4734
.4732
.473
.4728
.4726
.4724
.4722
.472
.4718
.4716
.4714
.4712
.471
.4708
.4706
.4704
.4702
.47
.4698
.4696
.4694
.4692
.469
.4688
.4685
.4683
.4681
.4679
.4677
.4675
.4672
.467
.4668
.4666
.4664
.4661
.4659
.4657
.4655
.4652
.465
.4648
.4645
.4643
.4641
.4638
.4636
.4634
.4631
.4629
.4627
.4624
.4622
.4619
.4617
.4615
.4612
.461
.4607
.4605
.4602
.46
.4597
.4595
.4592
.4589
.4587
.4584
.4582
.4579
.4576
.4574
.4571
.4569
.4566
.4563
.4561
.4558
.4555
.4552
.455
.4547
.4544
.4542
.4539
.4536
.4533
.453
.4528
.4525
.4522
.4519
.4516
.4513
.451
.4508
.4505
.4502
.4499
.4496
.4493
.449
.4487
.4484
.4481
.4478
.4475
.4472
.4469
.4466
.4463
.446
.4457
.4454
.4451
.4447
.4444
.4441
.4438
.4435
.4432
.4428
.4425
.4422
.4419
.4416
.4412
.4409
.4406
.4403
.4399
.4396
.4393
.4389
.4386
.4383
.4379
.4376
.4373
.4369
.4366
.4362
.4359
.4356
.4352
.4349
.4345
.4342
.4338
.4335
.4331
.4328
.4324
.4321
.4317
.4314
.431
.4307
.4303
.4299
.4296
.4292
.4289
.4285
.4281
.4278
.4274
.427
.4267
.4263
.4259
.4256
.4252
.4248
.4244
.4241
.4237
.4233
.4229
.4226
.4222
.4218
.4214
.421
.4207
.4203
.4199
.4195
.4191
.4187
.4183
.418
.4176
.4172
.4168
.4164
.416
.4156
.4152
.4148
.4144
.414
.4136
.4132
.4128
.4124
.412
.4116
.4112
.4108
.4104
.41
.4096
.4092
.4088
.4084
.408
.4076
.4072
.4067
.4063
.4059
.4055
.4051
.4047
.4043
.4039
.4034
.403
.4026
.4022
.4018
.4014
.4009
.4005
.4001
.3997
.3993
.3988
.3984
.398
.3976
.3971
.3967
.3963
.3959
.3954
.395
.3946
.3941
.3937
.3933
.3929
.3924
.392
.3916
.3911
.3907
.3903
.3898
.3894
.389
.3885
.3881
.3877
.3872
.3868
.3864
.3859
.3855
.3851
.3846
.3842
.3837
.3833
.3829
.3824
.382
.3815
.3811
.3807
.3802
.3798
.3793
.3789
.3785
.378
.3776
.3771
.3767
.3762
.3758
.3754
.3749
.3745
.374
.3736
.3731
.3727
.3723
.3718
.3714
.3709
.3705
.37
.3696
.3691
.3687
.3682
.3678
.3673
.3669
.3665
.366
.3656
.3651
.3647
.3642
.3638
.3633
.3629
.3624
.362
.3615
.3611
.3606
.3602
.3597
.3593
.3588
.3584
.3579
.3575
.357
.3566
.3562
.3557
.3553
.3548
.3544
.3539
.3535
.353
.3526
.3521
.3517
.3512
.3508
.3503
.3499
.3494
.349
.3485
.3481
.3476
.3472
.3468
.3463
.3459
.3454
.345
.3445
.3441
.3436
.3432
.3427
.3423
.3418
.3414
.341
.3405
.3401
.3396
.3392
.3387
.3383
.3378
.3374
.337
.3365
.3361
.3356
.3352
.3347
.3343
.3339
.3334
.333
.3325
.3321
.3317
.3312
.3308
.3303
.3299
.3295
.329
.3286
.3281
.3277
.3273
.3268
.3264
.3259
.3255
.3251
.3246
.3242
.3238
.3233
.3229
.3225
.322
.3216
.3212
.3207
.3203
.3199
.3194
.319
.3186
.3181
.3177
.3173
.3168
.3164
.316
.3155
.3151
.3147
.3143
.3138
.3134
.313
.3126
.3121
.3117
.3113
.3108
.3104
.31
.3096
.3092
.3087
.3083
.3079
.3075
.307
.3066
.3062
.3058
.3054
.3049
.3045
.3041
.3037
.3033
.3028
.3024
.302
.3016
.3012
.3008
.3004
.2999
.2995
.2991
.2987
.2983
.2979
.2975
.297
.2966
.2962
.2958
.2954
.295
.2946
.2942
.2938
.2934
.293
.2926
.2922
.2917
.2913
.2909
.2905
.2901
.2897
.2893
.2889
.2885
.2881
.2877
.2873
.2869
.2865
.2861
.2857
.2853
.2849
.2845
.2841
.2837
.2834
.283
.2826
.2822
.2818
.2814
.281
.2806
.2802
.2798
.2794
.279
.2787
.2783
.2779
.2775
.2771
.2767
.2763
.2759
.2756
.2752
.2748
.2744
.274
.2736
.2733
.2729
.2725
.2721
.2717
.2714
.271
.2706
.2702
.2699
.2695
.2691
.2687
.2684
.268
.2676
.2672
.2669
.2665
.2661
.2657
.2654
.265
.2646
.2643
.2639
.2635
.2632
.2628
.2624
.2621
.2617
.2613
.261
.2606
.2602
.2599
.2595
.2592
.2588
.2584
.2581
.2577
.2574
.257
.2566
.2563
.2559
.2556
.2552
.2549
.2545
.2542
.2538
.2535
.2531
.2527
.2524
.252
.2517
.2513
.251
.2507
.2503
.25
.2496
.2493
.2489
.2486
.2482
.2479
.2475
.2472
.2469
.2465
.2462
.2458
.2455
.2451
.2448
.2445
.2441
.2438
.2435
.2431
.2428
.2425
.2421
.2418
.2414
.2411
.2408
.2404
.2401
.2398
.2395
.2391
.2388
.2385
.2381
.2378
.2375
.2372
.2368
.2365
.2362
.2359
.2355
.2352
.2349
.2346
.2342
.2339
.2336
.2333
.233
.2326
.2323
.232
.2317
.2314
.231
.2307
.2304
.2301
.2298
.2295
.2292
.2288
.2285
.2282
.2279
.2276
.2273
.227
.2267
.2264
.226
.2257
.2254
.2251
.2248
.2245
.2242
.2239
.2236
.2233
.223
.2227
.2224
.2221
.2218
.2215
.2212
.2209
.2206
.2203
.22
.2197
.2194
.2191
.2188
.2185
.2182
.2179
.2176
.2173
.217
.2167
.2164
.2161
.2159
.2156
.2153
.215
.2147
.2144
.2141
.2138
.2135
.2133
.213
.2127
.2124
.2121
.2118
.2115
.2113
.211
.2107
.2104
.2101
.2099
.2096
.2093
.209
.2087
.2085
.2082
.2079
.2076
.2073
.2071
.2068
.2065
.2062
.206
.2057
.2054
.2052
.2049
.2046
.2043
.2041
.2038
.2035
.2033
.203
.2027
.2024
.2022
.2019
.2016
.2014
.2011
.2009
.2006
.2003
.2001
.1998
.1995
.1993
.199
.1987
.1985
.1982
.198
.1977
.1974
.1972
.1969
.1967
.1964
.1962
.1959
.1956
.1954
.1951
.1949
.1946
.1944
.1941
.1939
.1936
.1934
.1931
.1929
.1926
.1924
.1921
.1919
.1916
.1914
.1911
.1909
.1906
.1904
.1901
.1899
.1896
.1894
.1891
.1889
.1887
.1884
.1882
.1879
.1877
.1874
.1872
.187
.1867
.1865
.1862
.186
.1858
.1855
.1853
.1851
.1848
.1846
.1843
.1841
.1839
.1836
.1834
.1832
.1829
.1827
.1825
.1822
.182
.1818
.1815
.1813
.1811
.1809
.1806
.1804
.1802
.1799
.1797
.1795
.1793
.179
.1788
.1786
.1784
.1781
.1779
.1777
.1775
.1772
.177
.1768
.1766
.1763
.1761
.1759
.1757
.1755
.1752
.175
.1748
.1746
.1744
.1741
.1739
.1737
.1735
.1733
.1731
.1728
.1726
.1724
.1722
.172
.1718
.1716
.1713
.1711
.1709
.1707
.1705
.1703
.1701
.1699
.1697
.1695
.1692
.169
.1688
.1686
.1684
.1682
.168
.1678
.1676
.1674
.1672
.167
.1668
.1666
.1664
.1661
.1659
.1657
.1655
.1653
.1651
.1649
.1647
.1645
.1643
.1641
.1639
.1637
.1635
.1633
.1631
.1629
.1627
.1625
.1623
.1622
.162
.1618
.1616
.1614
.1612
.161
.1608
.1606
.1604
.1602
.16
.1598
.1596
.1594
.1592
.1591
.1589
.1587
.1585
.1583
.1581
.1579
.1577
.1575
.1573
.1572
.157
.1568
.1566
.1564
.1562
.156
.1559
.1557
.1555
.1553
.1551
.1549
.1548
.1546
.1544
.1542
.154
.1538
.1537
.1535
.1533
.1531
.1529
.1528
.1526
.1524
.1522
.152
.1519
.1517
.1515
.1513
.1511
.151
.1508
.1506
.1504
.1503
.1501
.1499
.1497
.1496
.1494
.1492
.149
.1489
.1487
.1485
.1484
.1482
.148
.1478
.1477
.1475
.1473
.1472
.147
.1468
.1466
.1465
.1463
.1461
.146
.1458
.1456
.1455
.1453
.1451
.145
.1448
.1446
.1445
.1443
.1441
.144
.1438
.1436
.1435
.1433
.1432
.143
.1428
.1427
.1425
.1423
.1422
.142
.1419
.1417
.1415
.1414
.1412
.1411
.1409
.1407
.1406
.1404
.1403
.1401
.1399
.1398
.1396
.1395
.1393
.1392
.139
.1389
.1387
.1385
.1384
.1382
.1381
.1379
.1378
.1376
.1375
.1373
.1372
.137
.1368
.1367
.1365
.1364
.1362
.1361
.1359
.1358
.1356
.1355
.1353
.1352
.135
.1349
.1347
.1346
.1344
.1343
.1341
.134
.1338
.1337
.1336
.1334
.1333
.1331
.133
.1328
.1327
.1325
.1324
.1322
.1321
.132
.1318
.1317
.1315
.1314
.1312
.1311
.131
.1308
.1307
.1305
.1304
.1302
.1301
.13
.1298
.1297
.1295
.1294
.1293
.1291
.129
.1288
.1287
.1286
.1284
.1283
.1281
.128
.1279
.1277
.1276
.1275
.1273
.1272
.1271
.1269
.1268
.1266
.1265
.1264
.1262
.1261
.126
.1258
.1257
.1256
.1254
.1253
.1252
.125
.1249
.1248
.1246
.1245
.1244
.1242
.1241
.124
.1239
.1237
.1236
.1235
.1233
.1232
.1231
.1229
.1228
.1227
.1226
.1224
.1223
.1222
.122
.1219
.1218
.1217
.1215
.1214
.1213
.1212
.121
.1209
.1208
.1206
.1205
.1204
.1203
.1201
.12
.1199
.1198
.1196
.1195
.1194
.1193
.1192
.119
.1189
.1188
.1187
.1185
.1184
.1183
.1182
.1181
.1179
.1178
.1177
.1176
.1174
.1173
.1172
.1171
.117
.1168
.1167
.1166
.1165
.1164
.1163
.1161
.116
.1159
.1158
.1157
.1155
.1154
.1153
.1152
.1151
.115
.1148
.1147
.1146
.1145
.1144
.1143
.1142
.114
.1139
.1138
.1137
.1136
.1135
.1133
.1132
.1131
.113
.1129
.1128
.1127
.1126
.1124
.1123
.1122
.1121
.112
.1119
.1118
.1117
.1115
.1114
.1113
.1112
.1111
.111
.1109
.1108
.1107
.1106
.1104
.1103
.1102
.1101
.11
.1099
.1098
.1097
.1096
.1095
.1094
.1093
.1091
.109
.1089
.1088
.1087
.1086
.1085
.1084
.1083
.1082
.1081
.108
.1079
.1078
.1077
.1076
.1074
.1073
.1072
.1071
.107
.1069
.1068
.1067
.1066
.1065
.1064
.1063
.1062
.1061
.106
.1059
.1058
.1057
.1056
.1055
.1054
.1053
.1052
.1051
.105
.1049
.1048
.1047
.1046
.1045
.1044
.1043
.1042
.1041
.104
.1039
.1038
.1037
.1036
.1035
.1034
.1033
.1032
.1031
.103
.1029
.1028
.1027
.1026
.1025
.1024
.1023
.1022
.1021
.102
.1019
.1018
.1017
.1016
.1015
.1014
.1013
.1012
.1012
.1011
.101
.1009
.1008
.1007
.1006
.1005
.1004
.1003
.1002
.1001
.1
.0999
.0998
.0997
.0996
.0996
.0995
.0994
.0993
.0992
.0991
.099
.0989
.0988
.0987
.0986
.0985
.0984
.0984
.0983
.0982
.0981
.098
.0979
.0978
.0977
.0976
.0975
.0974
.0974
.0973
.0972
.0971
.097
.0969
.0968
.0967
.0966
.0966
.0965
.0964
.0963
.0962
.0961
.096
.0959
.0959
.0958
.0957
.0956
.0955
.0954
.0953
.0952
.0952
.0951
.095
.0949
.0948
.0947
.0946
.0946
.0945
.0944
.0943
.0942
.0941
.094
.094
.0939
.0938
.0937
.0936
.0935
.0934
.0934
.0933
.0932
.0931
.093
.0929
.0929
.0928
.0927
.0926
.0925
.0924
.0924
.0923
.0922
.0921
.092
.092
.0919
.0918
.0917
.0916
.0915
.0915
.0914
.0913
.0912
.0911
.0911
.091
.0909
.0908
.0907
.0907
.0906
.0905
.0904
.0903
.0903
.0902
.0901
.09
.0899
.0899
.0898
.0897
.0896
.0895
.0895
.0894
.0893
.0892
.0892
.0891
.089
.0889
.0888
.0888
.0887
.0886
.0885
.0885
.0884
.0883
.0882
.0881
.0881
.088
.0879
.0878
.0878
.0877
.0876
.0875
.0875
.0874
.0873
.0872
.0872
.0871
.087
.0869
.0869
.0868
.0867
.0866
.0866
.0865
.0864
.0863
.0863
.0862
.0861
.086
.086
.0859
.0858
.0857
.0857
.0856
.0855
.0855
.0854
.0853
.0852
.0852
.0851
.085
.0849
.0849
.0848
.0847
.0847
.0846
.0845
.0844
.0844
.0843
.0842
.0842
.0841
.084
.0839
.0839
.0838
.0837
.0837
.0836
.0835
.0834
.0834
.0833
.0832
.0832
.0831
.083
.083
.0829
.0828
.0827
.0827
.0826
.0825
.0825
.0824
.0823
.0823
.0822
.0821
.0821
.082
.0819
.0819
.0818
.0817
.0816
.0816
.0815
.0814
.0814
.0813
.0812
.0812
.0811
.081
.081
.0809
.0808
.0808
.0807
.0806
.0806
.0805
.0804
.0804
.0803
.0802
.0802
.0801
.08
.08
.0799
.0798
.0798
.0797
.0796
.0796
.0795
.0794
.0794
.0793
.0793
.0792
.0791
.0791
.079
.0789
.0789
.0788
.0787
.0787
.0786
.0785
.0785
.0784
.0784
.0783
.0782
.0782
.0781
.078
.078
.0779
.0778
.0778
.0777
.0777
.0776
.0775
.0775
.0774
.0773
.0773
.0772
.0772
.0771
.077
.077
.0769
.0768
.0768
.0767
.0767
.0766
.0765
.0765
.0764
.0764
.0763
.0762
.0762
.0761
.0761
.076
.0759
.0759
.0758
.0757
.0757
.0756
.0756
.0755
.0754
.0754
.0753
.0753
.0752
.0751
.0751
.075
.075
.0749
.0748
.0748
.0747
.0747
.0746
.0746
.0745
.0744
.0744
.0743
.0743
.0742
.0741
.0741
.074
.074
.0739
.0739
.0738
.0737
.0737
.0736
.0736
.0735
.0734
.0734
.0733
.0733
.0732
.0732
.0731
.073
.073
.0729
.0729
.0728
.0728
.0727
.0726
.0726
.0725
.0725
.0724
.0724
.0723
.0723
.0722
.0721
.0721
.072
.072
.0719
.0719
.0718
.0717
.0717
.0716
.0716
.0715
.0715
.0714
.0714
.0713
.0713
.0712
.0711
.0711
.071
.071
.0709
.0709
.0708
.0708
.0707
.0707
.0706
.0705
.0705
.0704
.0704
.0703
.0703
.0702
.0702
.0701
.0701
.07
.07
.0699
.0698
.0698
.0697
.0697
.0696
.0696
.0695
.0695
.0694
.0694
.0693
.0693
.0692
.0692
.0691
.0691
.069
.069
.0689
.0688
.0688
.0687
.0687
.0686
.0686
.0685
.0685
.0684
.0684
.0683
.0683
.0682
.0682
.0681
.0681
.068
.068
.0679
.0679
.0678
.0678
.0677
.0677
.0676
.0676
.0675
.0675
.0674
.0674
.0673
.0673
.0672
.0672
.0671
.0671
.067
.067
.0669
.0669
.0668
.0668
.0667
.0667
.0666
.0666
.0665
.0665
.0664
.0664
.0663
.0663
.0662
.0662
.0661
.0661
.066
.066
.0659
.0659
.0658
.0658
.0657
.0657
.0656
.0656
.0655
.0655
.0654
.0654
.0653
.0653
.0653
.0652
.0652
.0651
.0651
.065
.065
.0649
.0649
.0648
.0648
.0647
.0647
.0646
.0646
.0645
.0645
.0644
.0644
.0643
.0643
.0643
.0642
.0642
.0641
.0641
.064
.064
.0639
.0639
.0638
.0638
.0637
.0637
.0637
.0636
.0636
.0635
.0635
.0634
.0634
.0633
.0633
.0632
.0632
.0631
.0631
.0631
.063
.063
.0629
.0629
.0628
.0628
.0627
.0627
.0627
.0626
.0626
.0625
.0625
.0624
.0624
.0623
.0623
.0622
.0622
.0622
.0621
.0621
.062
.062
.0619
.0619
.0618
.0618
.0618
.0617
.0617
.0616
.0616
.0615
.0615
.0615
.0614
.0614
.0613
.0613
.0612
.0612
.0611
.0611
.0611
.061
.061
.0609
.0609
.0608
.0608
.0608
.0607
.0607
.0606
.0606
.0605
.0605
.0605
.0604
.0604
.0603
.0603
.0602
.0602
.0602
.0601
.0601
.06
.06
.06
.0599
.0599
.0598
.0598
.0597
.0597
.0597
.0596
.0596
.0595
.0595
.0595
.0594
.0594
.0593
.0593
.0592
.0592
.0592
.0591
.0591
.059
.059
.059
.0589
.0589
.0588
.0588
.0588
.0587
.0587
.0586
.0586
.0586
.0585
.0585
.0584
.0584
.0583
.0583
.0583
.0582
.0582
.0581
.0581
.0581
.058
.058
.0579
.0579
.0579
.0578
.0578
.0577
.0577
.0577
.0576
.0576
.0576
.0575
.0575
.0574
.0574
.0574
.0573
.0573
.0572
.0572
.0572
.0571
.0571
.057
.057
.057
.0569
.0569
.0568
.0568
.0568
.0567
.0567
.0567
.0566
.0566
.0565
.0565
.0565
.0564
.0564
.0563
.0563
.0563
.0562
.0562
.0562
.0561
.0561
.056
.056
.056
.0559
.0559
.0559
.0558
.0558
.0557
.0557
.0557
.0556
.0556
.0556
.0555
.0555
.0554
.0554
.0554
.0553
.0553
.0553
.0552
.0552
.0551
.0551
.0551
.055
.055
.055
.0549
.0549
.0548
.0548
.0548
.0547
.0547
.0547
.0546
.0546
.0546
.0545
.0545
.0544
.0544
.0544
.0543
.0543
.0543
.0542
.0542
.0542
.0541
.0541
.0541
.054
.054
.0539
.0539
.0539
.0538
.0538
.0538
.0537
.0537
.0537
.0536
.0536
.0536
.0535
.0535
.0534
.0534
.0534
.0533
.0533
.0533
.0532
.0532
.0532
.0531
.0531
.0531
.053
.053
.053
.0529
.0529
.0529
.0528
.0528
.0527
.0527
.0527
.0526
.0526
.0526
.0525
.0525
.0525
.0524
.0524
.0524
.0523
.0523
.0523
.0522
.0522
.0522
.0521
.0521
.0521
.052
.052
.052
.0519
.0519
.0519
.0518
.0518
.0518
.0517
.0517
.0517
.0516
.0516
.0516
.0515
.0515
.0515
.0514
.0514
.0514
.0513
.0513
.0513
.0512
.0512
.0512
.0511
.0511
.0511
.051
.051
.051
.0509
.0509
.0509
.0508
.0508
.0508
.0507
.0507
.0507
.0506
.0506
.0506
.0505
.0505
.0505
.0504
.0504
.0504
.0503
.0503
.0503
.0503
.0502
.0502
.0502
.0501
.0501
.0501
.05
.05
