.581
.5794
.5777
.5761
.5745
.573
.5714
.5698
.5683
.5668
.5653
.5638
.5623
.5609
.5595
.5581
.5567
.5554
.5541
.5528
.5515
.5503
.5491
.5479
.5468
.5457
.5446
.5436
.5425
.5416
.5406
.5397
.5388
.5379
.5371
.5363
.5356
.5348
.5341
.5334
.5328
.5322
.5316
.531
.5305
.53
.5295
.529
.5286
.5282
.5278
.5274
.527
.5267
.5264
.526
.5258
.5255
.5252
.525
.5248
.5245
.5243
.5242
.524
.5238
.5236
.5235
.5233
.5232
.5231
.523
.5229
.5228
.5227
.5226
.5225
.5224
.5223
.5222
.5222
.5221
.522
.522
.5219
.5219
.5218
.5218
.5217
.5217
.5217
.5216
.5216
.5216
.5215
.5215
.5215
.5214
.5214
.5214
.5214
.5213
.5213
.5213
.5213
.5212
.5212
.5212
.5212
.5212
.5211
.5211
.5211
.5211
.5211
.521
.521
.521
.521
.521
.521
.5209
.5209
.5209
.5209
.5209
.5209
.5208
.5208
.5208
.5208
.5208
.5208
.5207
.5207
.5207
.5207
.5207
.5207
.5206
.5206
.5206
.5206
.5206
.5206
.5205
.5205
.5205
.5205
.5205
.5205
.5204
.5204
.5204
.5204
.5204
.5203
.5203
.5203
.5203
.5203
.5202
.5202
.5202
.5202
.5202
.5202
.5201
.5201
.5201
.5201
.5201
.52
.52
.52
.52
.5199
.5199
.5199
.5199
.5199
.5198
.5198
.5198
.5198
.5198
.5197
.5197
.5197
.5197
.5196
.5196
.5196
.5196
.5195
.5195
.5195
.5195
.5194
.5194
.5194
.5194
.5193
.5193
.5193
.5193
.5192
.5192
.5192
.5192
.5191
.5191
.5191
.5191
.519
.519
.519
.519
.5189
.5189
.5189
.5188
.5188
.5188
.5187
.5187
.5187
.5187
.5186
.5186
.5186
.5185
.5185
.5185
.5184
.5184
.5184
.5183
.5183
.5183
.5182
.5182
.5182
.5181
.5181
.5181
.518
.518
.518
.5179
.5179
.5179
.5178
.5178
.5177
.5177
.5177
.5176
.5176
.5176
.5175
.5175
.5174
.5174
.5174
.5173
.5173
.5172
.5172
.5172
.5171
.5171
.517
.517
.5169
.5169
.5169
.5168
.5168
.5167
.5167
.5166
.5166
.5165
.5165
.5164
.5164
.5163
.5163
.5162
.5162
.5161
.5161
.516
.516
.5159
.5159
.5158
.5158
.5157
.5157
.5156
.5156
.5155
.5154
.5154
.5153
.5153
.5152
.5152
.5151
.515
.515
.5149
.5149
.5148
.5147
.5147
.5146
.5145
.5145
.5144
.5143
.5143
.5142
.5141
.5141
.514
.5139
.5139
.5138
.5137
.5137
.5136
.5135
.5134
.5134
.5133
.5132
.5131
.5131
.513
.5129
.5128
.5128
.5127
.5126
.5125
.5124
.5124
.5123
.5122
.5121
.512
.5119
.5118
.5118
.5117
.5116
.5115
.5114
.5113
.5112
.5111
.511
.5109
.5108
.5107
.5106
.5105
.5104
.5103
.5102
.5101
.51
.5099
.5098
.5097
.5096
.5095
.5094
.5093
.5092
.5091
.509
.5088
.5087
.5086
.5085
.5084
.5083
.5082
.508
.5079
.5078
.5077
.5075
.5074
.5073
.5072
.507
.5069
.5068
.5066
.5065
.5064
.5062
.5061
.506
.5058
.5057
.5056
.5054
.5053
.5051
.505
.5048
.5047
.5045
.5044
.5042
.5041
.5039
.5038
.5036
.5035
.5033
.5032
.503
.5028
.5027
.5025
.5023
.5022
.502
.5018
.5017
.5015
.5013
.5011
.501
.5008
.5006
.5004
.5002
.5001
.4999
.4997
.4995
.4993
.4991
.4989
.4987
.4985
.4983
.4981
.4979
.4977
.4975
.4973
.4971
.4969
.4967
.4965
.4963
.4961
.4959
.4956
.4954
.4952
.495
.4948
.4945
.4943
.4941
.4939
.4936
.4934
.4932
.4929
.4927
.4925
.4922
.492
.4917
.4915
.4912
.491
.4907
.4905
.4902
.49
.4897
.4895
.4892
.4889
.4887
.4884
.4881
.4879
.4876
.4873
.4871
.4868
.4865
.4862
.486
.4857
.4854
.4851
.4848
.4845
.4842
.484
.4837
.4834
.4831
.4828
.4825
.4822
.4819
.4816
.4812
.4809
.4806
.4803
.48
.4797
.4794
.4791
.4787
.4784
.4781
.4778
.4774
.4771
.4768
.4764
.4761
.4758
.4754
.4751
.4748
.4744
.4741
.4737
.4734
.473
.4727
.4723
.472
.4716
.4713
.4709
.4705
.4702
.4698
.4694
.4691
.4687
.4683
.468
.4676
.4672
.4668
.4665
.4661
.4657
.4653
.4649
.4646
.4642
.4638
.4634
.463
.4626
.4622
.4618
.4614
.461
.4606
.4602
.4598
.4594
.459
.4586
.4582
.4578
.4574
.4569
.4565
.4561
.4557
.4553
.4549
.4544
.454
.4536
.4532
.4527
.4523
.4519
.4514
.451
.4506
.4501
.4497
.4493
.4488
.4484
.4479
.4475
.447
.4466
.4462
.4457
.4453
.4448
.4444
.4439
.4434
.443
.4425
.4421
.4416
.4412
.4407
.4402
.4398
.4393
.4388
.4384
.4379
.4374
.437
.4365
.436
.4355
.4351
.4346
.4341
.4336
.4332
.4327
.4322
.4317
.4312
.4308
.4303
.4298
.4293
.4288
.4283
.4278
.4273
.4269
.4264
.4259
.4254
.4249
.4244
.4239
.4234
.4229
.4224
.4219
.4214
.4209
.4204
.4199
.4194
.4189
.4184
.4179
.4174
.4169
.4163
.4158
.4153
.4148
.4143
.4138
.4133
.4128
.4123
.4117
.4112
.4107
.4102
.4097
.4092
.4086
.4081
.4076
.4071
.4066
.406
.4055
.405
.4045
.4039
.4034
.4029
.4024
.4018
.4013
.4008
.4003
.3997
.3992
.3987
.3982
.3976
.3971
.3966
.396
.3955
.395
.3944
.3939
.3934
.3928
.3923
.3918
.3912
.3907
.3902
.3896
.3891
.3885
.388
.3875
.3869
.3864
.3859
.3853
.3848
.3842
.3837
.3832
.3826
.3821
.3815
.381
.3805
.3799
.3794
.3788
.3783
.3778
.3772
.3767
.3761
.3756
.375
.3745
.374
.3734
.3729
.3723
.3718
.3712
.3707
.3701
.3696
.3691
.3685
.368
.3674
.3669
.3663
.3658
.3653
.3647
.3642
.3636
.3631
.3625
.362
.3614
.3609
.3604
.3598
.3593
.3587
.3582
.3576
.3571
.3565
.356
.3555
.3549
.3544
.3538
.3533
.3527
.3522
.3517
.3511
.3506
.35
.3495
.3489
.3484
.3479
.3473
.3468
.3462
.3457
.3452
.3446
.3441
.3435
.343
.3425
.3419
.3414
.3408
.3403
.3398
.3392
.3387
.3382
.3376
.3371
.3366
.336
.3355
.3349
.3344
.3339
.3333
.3328
.3323
.3318
.3312
.3307
.3302
.3296
.3291
.3286
.328
.3275
.327
.3265
.3259
.3254
.3249
.3243
.3238
.3233
.3228
.3223
.3217
.3212
.3207
.3202
.3196
.3191
.3186
.3181
.3176
.317
.3165
.316
.3155
.315
.3145
.3139
.3134
.3129
.3124
.3119
.3114
.3109
.3104
.3098
.3093
.3088
.3083
.3078
.3073
.3068
.3063
.3058
.3053
.3048
.3043
.3038
.3033
.3028
.3023
.3018
.3013
.3008
.3003
.2998
.2993
.2988
.2983
.2978
.2973
.2968
.2963
.2958
.2953
.2949
.2944
.2939
.2934
.2929
.2924
.2919
.2914
.291
.2905
.29
.2895
.289
.2886
.2881
.2876
.2871
.2866
.2862
.2857
.2852
.2847
.2843
.2838
.2833
.2829
.2824
.2819
.2814
.281
.2805
.28
.2796
.2791
.2787
.2782
.2777
.2773
.2768
.2763
.2759
.2754
.275
.2745
.2741
.2736
.2732
.2727
.2722
.2718
.2713
.2709
.2704
.27
.2696
.2691
.2687
.2682
.2678
.2673
.2669
.2664
.266
.2656
.2651
.2647
.2642
.2638
.2634
.2629
.2625
.2621
.2616
.2612
.2608
.2603
.2599
.2595
.2591
.2586
.2582
.2578
.2574
.2569
.2565
.2561
.2557
.2553
.2548
.2544
.254
.2536
.2532
.2527
.2523
.2519
.2515
.2511
.2507
.2503
.2499
.2495
.249
.2486
.2482
.2478
.2474
.247
.2466
.2462
.2458
.2454
.245
.2446
.2442
.2438
.2434
.243
.2426
.2422
.2418
.2415
.2411
.2407
.2403
.2399
.2395
.2391
.2387
.2383
.238
.2376
.2372
.2368
.2364
.236
.2357
.2353
.2349
.2345
.2341
.2338
.2334
.233
.2326
.2323
.2319
.2315
.2312
.2308
.2304
.23
.2297
.2293
.2289
.2286
.2282
.2279
.2275
.2271
.2268
.2264
.226
.2257
.2253
.225
.2246
.2243
.2239
.2235
.2232
.2228
.2225
.2221
.2218
.2214
.2211
.2207
.2204
.22
.2197
.2193
.219
.2186
.2183
.218
.2176
.2173
.2169
.2166
.2163
.2159
.2156
.2152
.2149
.2146
.2142
.2139
.2136
.2132
.2129
.2126
.2122
.2119
.2116
.2112
.2109
.2106
.2103
.2099
.2096
.2093
.209
.2086
.2083
.208
.2077
.2074
.207
.2067
.2064
.2061
.2058
.2055
.2051
.2048
.2045
.2042
.2039
.2036
.2033
.2029
.2026
.2023
.202
.2017
.2014
.2011
.2008
.2005
.2002
.1999
.1996
.1993
.199
.1987
.1984
.1981
.1978
.1975
.1972
.1969
.1966
.1963
.196
.1957
.1954
.1951
.1948
.1945
.1942
.1939
.1936
.1933
.193
.1928
.1925
.1922
.1919
.1916
.1913
.191
.1908
.1905
.1902
.1899
.1896
.1893
.1891
.1888
.1885
.1882
.1879
.1877
.1874
.1871
.1868
.1866
.1863
.186
.1857
.1855
.1852
.1849
.1846
.1844
.1841
.1838
.1836
.1833
.183
.1828
.1825
.1822
.182
.1817
.1814
.1812
.1809
.1806
.1804
.1801
.1798
.1796
.1793
.1791
.1788
.1785
.1783
.178
.1778
.1775
.1773
.177
.1768
.1765
.1762
.176
.1757
.1755
.1752
.175
.1747
.1745
.1742
.174
.1737
.1735
.1732
.173
.1727
.1725
.1723
.172
.1718
.1715
.1713
.171
.1708
.1706
.1703
.1701
.1698
.1696
.1694
.1691
.1689
.1686
.1684
.1682
.1679
.1677
.1675
.1672
.167
.1668
.1665
.1663
.1661
.1658
.1656
.1654
.1651
.1649
.1647
.1644
.1642
.164
.1638
.1635
.1633
.1631
.1629
.1626
.1624
.1622
.162
.1617
.1615
.1613
.1611
.1609
.1606
.1604
.1602
.16
.1598
.1595
.1593
.1591
.1589
.1587
.1584
.1582
.158
.1578
.1576
.1574
.1572
.1569
.1567
.1565
.1563
.1561
.1559
.1557
.1555
.1553
.155
.1548
.1546
.1544
.1542
.154
.1538
.1536
.1534
.1532
.153
.1528
.1526
.1524
.1522
.152
.1518
.1516
.1514
.1512
.151
.1508
.1506
.1504
.1502
.15
.1498
.1496
.1494
.1492
.149
.1488
.1486
.1484
.1482
.148
.1478
.1476
.1474
.1472
.147
.1468
.1466
.1464
.1463
.1461
.1459
.1457
.1455
.1453
.1451
.1449
.1447
.1446
.1444
.1442
.144
.1438
.1436
.1434
.1432
.1431
.1429
.1427
.1425
.1423
.1421
.142
.1418
.1416
.1414
.1412
.1411
.1409
.1407
.1405
.1403
.1402
.14
.1398
.1396
.1394
.1393
.1391
.1389
.1387
.1386
.1384
.1382
.138
.1379
.1377
.1375
.1373
.1372
.137
.1368
.1367
.1365
.1363
.1361
.136
.1358
.1356
.1355
.1353
.1351
.135
.1348
.1346
.1344
.1343
.1341
.1339
.1338
.1336
.1334
.1333
.1331
.133
.1328
.1326
.1325
.1323
.1321
.132
.1318
.1316
.1315
.1313
.1312
.131
.1308
.1307
.1305
.1304
.1302
.13
.1299
.1297
.1296
.1294
.1293
.1291
.1289
.1288
.1286
.1285
.1283
.1282
.128
.1279
.1277
.1275
.1274
.1272
.1271
.1269
.1268
.1266
.1265
.1263
.1262
.126
.1259
.1257
.1256
.1254
.1253
.1251
.125
.1248
.1247
.1245
.1244
.1242
.1241
.1239
.1238
.1236
.1235
.1233
.1232
.1231
.1229
.1228
.1226
.1225
.1223
.1222
.122
.1219
.1218
.1216
.1215
.1213
.1212
.121
.1209
.1208
.1206
.1205
.1203
.1202
.1201
.1199
.1198
.1196
.1195
.1194
.1192
.1191
.119
.1188
.1187
.1185
.1184
.1183
.1181
.118
.1179
.1177
.1176
.1175
.1173
.1172
.1171
.1169
.1168
.1167
.1165
.1164
.1163
.1161
.116
.1159
.1157
.1156
.1155
.1153
.1152
.1151
.1149
.1148
.1147
.1146
.1144
.1143
.1142
.114
.1139
.1138
.1137
.1135
.1134
.1133
.1131
.113
.1129
.1128
.1126
.1125
.1124
.1123
.1121
.112
.1119
.1118
.1116
.1115
.1114
.1113
.1111
.111
.1109
.1108
.1106
.1105
.1104
.1103
.1102
.11
.1099
.1098
.1097
.1096
.1094
.1093
.1092
.1091
.109
.1088
.1087
.1086
.1085
.1084
.1082
.1081
.108
.1079
.1078
.1077
.1075
.1074
.1073
.1072
.1071
.107
.1068
.1067
.1066
.1065
.1064
.1063
.1062
.106
.1059
.1058
.1057
.1056
.1055
.1054
.1052
.1051
.105
.1049
.1048
.1047
.1046
.1045
.1044
.1042
.1041
.104
.1039
.1038
.1037
.1036
.1035
.1034
.1033
.1031
.103
.1029
.1028
.1027
.1026
.1025
.1024
.1023
.1022
.1021
.102
.1019
.1017
.1016
.1015
.1014
.1013
.1012
.1011
.101
.1009
.1008
.1007
.1006
.1005
.1004
.1003
.1002
.1001
.1
.0999
.0998
.0996
.0995
.0994
.0993
.0992
.0991
.099
.0989
.0988
.0987
.0986
.0985
.0984
.0983
.0982
.0981
.098
.0979
.0978
.0977
.0976
.0975
.0974
.0973
.0972
.0971
.097
.0969
.0968
.0967
.0966
.0965
.0964
.0963
.0963
.0962
.0961
.096
.0959
.0958
.0957
.0956
.0955
.0954
.0953
.0952
.0951
.095
.0949
.0948
.0947
.0946
.0945
.0944
.0943
.0942
.0942
.0941
.094
.0939
.0938
.0937
.0936
.0935
.0934
.0933
.0932
.0931
.093
.0929
.0929
.0928
.0927
.0926
.0925
.0924
.0923
.0922
.0921
.092
.0919
.0919
.0918
.0917
.0916
.0915
.0914
.0913
.0912
.0911
.0911
.091
.0909
.0908
.0907
.0906
.0905
.0904
.0904
.0903
.0902
.0901
.09
.0899
.0898
.0897
.0897
.0896
.0895
.0894
.0893
.0892
.0891
.0891
.089
.0889
.0888
.0887
.0886
.0886
.0885
.0884
.0883
.0882
.0881
.088
.088
.0879
.0878
.0877
.0876
.0875
.0875
.0874
.0873
.0872
.0871
.0871
.087
.0869
.0868
.0867
.0866
.0866
.0865
.0864
.0863
.0862
.0862
.0861
.086
.0859
.0858
.0858
.0857
.0856
.0855
.0854
.0854
.0853
.0852
.0851
.085
.085
.0849
.0848
.0847
.0846
.0846
.0845
.0844
.0843
.0843
.0842
.0841
.084
.0839
.0839
.0838
.0837
.0836
.0836
.0835
.0834
.0833
.0833
.0832
.0831
.083
.083
.0829
.0828
.0827
.0827
.0826
.0825
.0824
.0824
.0823
.0822
.0821
.0821
.082
.0819
.0818
.0818
.0817
.0816
.0815
.0815
.0814
.0813
.0812
.0812
.0811
.081
.081
.0809
.0808
.0807
.0807
.0806
.0805
.0805
.0804
.0803
.0802
.0802
.0801
.08
.08
.0799
.0798
.0797
.0797
.0796
.0795
.0795
.0794
.0793
.0792
.0792
.0791
.079
.079
.0789
.0788
.0788
.0787
.0786
.0786
.0785
.0784
.0783
.0783
.0782
.0781
.0781
.078
.0779
.0779
.0778
.0777
.0777
.0776
.0775
.0775
.0774
.0773
.0773
.0772
.0771
.0771
.077
.0769
.0769
.0768
.0767
.0767
.0766
.0765
.0765
.0764
.0763
.0763
.0762
.0761
.0761
.076
.0759
.0759
.0758
.0757
.0757
.0756
.0756
.0755
.0754
.0754
.0753
.0752
.0752
.0751
.075
.075
.0749
.0749
.0748
.0747
.0747
.0746
.0745
.0745
.0744
.0743
.0743
.0742
.0742
.0741
.074
.074
.0739
.0738
.0738
.0737
.0737
.0736
.0735
.0735
.0734
.0734
.0733
.0732
.0732
.0731
.073
.073
.0729
.0729
.0728
.0727
.0727
.0726
.0726
.0725
.0724
.0724
.0723
.0723
.0722
.0721
.0721
.072
.072
.0719
.0719
.0718
.0717
.0717
.0716
.0716
.0715
.0714
.0714
.0713
.0713
.0712
.0711
.0711
.071
.071
.0709
.0709
.0708
.0707
.0707
.0706
.0706
.0705
.0705
.0704
.0703
.0703
.0702
.0702
.0701
.0701
.07
.0699
.0699
.0698
.0698
.0697
.0697
.0696
.0696
.0695
.0694
.0694
.0693
.0693
.0692
.0692
.0691
.0691
.069
.0689
.0689
.0688
.0688
.0687
.0687
.0686
.0686
.0685
.0684
.0684
.0683
.0683
.0682
.0682
.0681
.0681
.068
.068
.0679
.0679
.0678
.0677
.0677
.0676
.0676
.0675
.0675
.0674
.0674
.0673
.0673
.0672
.0672
.0671
.0671
.067
.067
.0669
.0669
.0668
.0667
.0667
.0666
.0666
.0665
.0665
.0664
.0664
.0663
.0663
.0662
.0662
.0661
.0661
.066
.066
.0659
.0659
.0658
.0658
.0657
.0657
.0656
.0656
.0655
.0655
.0654
.0654
.0653
.0653
.0652
.0652
.0651
.0651
.065
.065
.0649
.0649
.0648
.0648
.0647
.0647
.0646
.0646
.0645
.0645
.0644
.0644
.0643
.0643
.0642
.0642
.0641
.0641
.064
.064
.0639
.0639
.0638
.0638
.0637
.0637
.0636
.0636
.0636
.0635
.0635
.0634
.0634
.0633
.0633
.0632
.0632
.0631
.0631
.063
.063
.0629
.0629
.0628
.0628
.0628
.0627
.0627
.0626
.0626
.0625
.0625
.0624
.0624
.0623
.0623
.0622
.0622
.0621
.0621
.0621
.062
.062
.0619
.0619
.0618
.0618
.0617
.0617
.0616
.0616
.0616
.0615
.0615
.0614
.0614
.0613
.0613
.0612
.0612
.0612
.0611
.0611
.061
.061
.0609
.0609
.0608
.0608
.0608
.0607
.0607
.0606
.0606
.0605
.0605
.0604
.0604
.0604
.0603
.0603
.0602
.0602
.0601
.0601
.0601
.06
.06
.0599
.0599
.0598
.0598
.0597
.0597
.0597
.0596
.0596
.0595
.0595
.0594
.0594
.0594
.0593
.0593
.0592
.0592
.0592
.0591
.0591
.059
.059
.0589
.0589
.0589
.0588
.0588
.0587
.0587
.0587
.0586
.0586
.0585
.0585
.0584
.0584
.0584
.0583
.0583
.0582
.0582
.0582
.0581
.0581
.058
.058
.058
.0579
.0579
.0578
.0578
.0577
.0577
.0577
.0576
.0576
.0575
.0575
.0575
.0574
.0574
.0573
.0573
.0573
.0572
.0572
.0571
.0571
.0571
.057
.057
.057
.0569
.0569
.0568
.0568
.0568
.0567
.0567
.0566
.0566
.0566
.0565
.0565
.0564
.0564
.0564
.0563
.0563
.0562
.0562
.0562
.0561
.0561
.0561
.056
.056
.0559
.0559
.0559
.0558
.0558
.0557
.0557
.0557
.0556
.0556
.0556
.0555
.0555
.0554
.0554
.0554
.0553
.0553
.0553
.0552
.0552
.0551
.0551
.0551
.055
.055
.055
.0549
.0549
.0549
.0548
.0548
.0547
.0547
.0547
.0546
.0546
.0546
.0545
.0545
.0544
.0544
.0544
.0543
.0543
.0543
.0542
.0542
.0542
.0541
.0541
.054
.054
.054
.0539
.0539
.0539
.0538
.0538
.0538
.0537
.0537
.0537
.0536
.0536
.0535
.0535
.0535
.0534
.0534
.0534
.0533
.0533
.0533
.0532
.0532
.0532
.0531
.0531
.0531
.053
.053
.053
.0529
.0529
.0528
.0528
.0528
.0527
.0527
.0527
.0526
.0526
.0526
.0525
.0525
.0525
.0524
.0524
.0524
.0523
.0523
.0523
.0522
.0522
.0522
.0521
.0521
.0521
.052
.052
.052
.0519
.0519
.0519
.0518
.0518
.0518
.0517
.0517
.0517
.0516
.0516
.0516
.0515
.0515
.0515
.0514
.0514
.0514
.0513
.0513
.0513
.0512
.0512
.0512
.0511
.0511
.0511
.051
.051
.051
.0509
.0509
.0509
.0508
.0508
.0508
.0507
.0507
.0507
.0506
.0506
.0506
.0506
.0505
.0505
.0505
.0504
.0504
.0504
.0503
.0503
.0503
.0502
.0502
.0502
.0501
.0501
.0501
.05
.05
.05
