.53
.5298
.5297
.5296
.5294
.5293
.5292
.5291
.529
.5289
.5288
.5287
.5286
.5285
.5285
.5284
.5283
.5282
.5282
.5281
.528
.528
.5279
.5279
.5278
.5277
.5277
.5276
.5276
.5275
.5275
.5274
.5274
.5273
.5273
.5273
.5272
.5272
.5271
.5271
.5271
.527
.527
.5269
.5269
.5269
.5268
.5268
.5267
.5267
.5267
.5266
.5266
.5265
.5265
.5265
.5264
.5264
.5264
.5263
.5263
.5262
.5262
.5262
.5261
.5261
.526
.526
.526
.5259
.5259
.5258
.5258
.5258
.5257
.5257
.5256
.5256
.5256
.5255
.5255
.5254
.5254
.5254
.5253
.5253
.5252
.5252
.5251
.5251
.5251
.525
.525
.5249
.5249
.5248
.5248
.5248
.5247
.5247
.5246
.5246
.5245
.5245
.5244
.5244
.5243
.5243
.5242
.5242
.5241
.5241
.524
.524
.5239
.5239
.5238
.5238
.5237
.5237
.5236
.5236
.5235
.5235
.5234
.5234
.5233
.5233
.5232
.5232
.5231
.5231
.523
.523
.5229
.5228
.5228
.5227
.5227
.5226
.5226
.5225
.5224
.5224
.5223
.5223
.5222
.5221
.5221
.522
.522
.5219
.5218
.5218
.5217
.5217
.5216
.5215
.5215
.5214
.5213
.5213
.5212
.5211
.5211
.521
.5209
.5209
.5208
.5207
.5207
.5206
.5205
.5205
.5204
.5203
.5202
.5202
.5201
.52
.5199
.5199
.5198
.5197
.5197
.5196
.5195
.5194
.5193
.5193
.5192
.5191
.519
.519
.5189
.5188
.5187
.5186
.5186
.5185
.5184
.5183
.5182
.5181
.518
.518
.5179
.5178
.5177
.5176
.5175
.5174
.5174
.5173
.5172
.5171
.517
.5169
.5168
.5167
.5166
.5165
.5164
.5163
.5162
.5161
.516
.516
.5159
.5158
.5157
.5156
.5155
.5154
.5153
.5151
.515
.5149
.5148
.5147
.5146
.5145
.5144
.5143
.5142
.5141
.514
.5139
.5138
.5137
.5135
.5134
.5133
.5132
.5131
.513
.5129
.5127
.5126
.5125
.5124
.5123
.5121
.512
.5119
.5118
.5117
.5115
.5114
.5113
.5112
.511
.5109
.5108
.5107
.5105
.5104
.5103
.5101
.51
.5099
.5097
.5096
.5095
.5093
.5092
.5091
.5089
.5088
.5086
.5085
.5084
.5082
.5081
.5079
.5078
.5076
.5075
.5073
.5072
.5071
.5069
.5068
.5066
.5065
.5063
.5061
.506
.5058
.5057
.5055
.5054
.5052
.5051
.5049
.5047
.5046
.5044
.5042
.5041
.5039
.5038
.5036
.5034
.5033
.5031
.5029
.5027
.5026
.5024
.5022
.5021
.5019
.5017
.5015
.5013
.5012
.501
.5008
.5006
.5004
.5003
.5001
.4999
.4997
.4995
.4993
.4992
.499
.4988
.4986
.4984
.4982
.498
.4978
.4976
.4974
.4972
.497
.4968
.4966
.4964
.4962
.496
.4958
.4956
.4954
.4952
.495
.4948
.4946
.4944
.4942
.494
.4938
.4935
.4933
.4931
.4929
.4927
.4925
.4922
.492
.4918
.4916
.4914
.4911
.4909
.4907
.4905
.4902
.49
.4898
.4896
.4893
.4891
.4889
.4886
.4884
.4882
.4879
.4877
.4875
.4872
.487
.4868
.4865
.4863
.486
.4858
.4856
.4853
.4851
.4848
.4846
.4843
.4841
.4838
.4836
.4833
.4831
.4828
.4826
.4823
.4821
.4818
.4815
.4813
.481
.4808
.4805
.4803
.48
.4797
.4795
.4792
.4789
.4787
.4784
.4781
.4779
.4776
.4773
.4771
.4768
.4765
.4763
.476
.4757
.4754
.4752
.4749
.4746
.4743
.474
.4738
.4735
.4732
.4729
.4726
.4724
.4721
.4718
.4715
.4712
.4709
.4706
.4704
.4701
.4698
.4695
.4692
.4689
.4686
.4683
.468
.4677
.4674
.4671
.4669
.4666
.4663
.466
.4657
.4654
.4651
.4648
.4645
.4642
.4639
.4636
.4633
.4629
.4626
.4623
.462
.4617
.4614
.4611
.4608
.4605
.4602
.4599
.4596
.4592
.4589
.4586
.4583
.458
.4577
.4574
.4571
.4567
.4564
.4561
.4558
.4555
.4551
.4548
.4545
.4542
.4539
.4535
.4532
.4529
.4526
.4523
.4519
.4516
.4513
.451
.4506
.4503
.45
.4497
.4493
.449
.4487
.4483
.448
.4477
.4474
.447
.4467
.4464
.446
.4457
.4454
.445
.4447
.4444
.444
.4437
.4434
.443
.4427
.4424
.442
.4417
.4413
.441
.4407
.4403
.44
.4396
.4393
.439
.4386
.4383
.4379
.4376
.4373
.4369
.4366
.4362
.4359
.4355
.4352
.4349
.4345
.4342
.4338
.4335
.4331
.4328
.4324
.4321
.4317
.4314
.4311
.4307
.4304
.43
.4297
.4293
.429
.4286
.4283
.4279
.4276
.4272
.4269
.4265
.4262
.4258
.4255
.4251
.4247
.4244
.424
.4237
.4233
.423
.4226
.4223
.4219
.4216
.4212
.4209
.4205
.4201
.4198
.4194
.4191
.4187
.4184
.418
.4176
.4173
.4169
.4166
.4162
.4159
.4155
.4151
.4148
.4144
.4141
.4137
.4133
.413
.4126
.4123
.4119
.4115
.4112
.4108
.4105
.4101
.4097
.4094
.409
.4086
.4083
.4079
.4076
.4072
.4068
.4065
.4061
.4057
.4054
.405
.4046
.4043
.4039
.4035
.4032
.4028
.4024
.4021
.4017
.4014
.401
.4006
.4003
.3999
.3995
.3991
.3988
.3984
.398
.3977
.3973
.3969
.3966
.3962
.3958
.3955
.3951
.3947
.3944
.394
.3936
.3932
.3929
.3925
.3921
.3918
.3914
.391
.3906
.3903
.3899
.3895
.3891
.3888
.3884
.388
.3877
.3873
.3869
.3865
.3862
.3858
.3854
.385
.3847
.3843
.3839
.3835
.3832
.3828
.3824
.382
.3816
.3813
.3809
.3805
.3801
.3798
.3794
.379
.3786
.3782
.3779
.3775
.3771
.3767
.3763
.376
.3756
.3752
.3748
.3744
.3741
.3737
.3733
.3729
.3725
.3721
.3718
.3714
.371
.3706
.3702
.3698
.3695
.3691
.3687
.3683
.3679
.3675
.3671
.3667
.3664
.366
.3656
.3652
.3648
.3644
.364
.3636
.3633
.3629
.3625
.3621
.3617
.3613
.3609
.3605
.3601
.3597
.3593
.359
.3586
.3582
.3578
.3574
.357
.3566
.3562
.3558
.3554
.355
.3546
.3542
.3538
.3534
.353
.3526
.3522
.3518
.3514
.351
.3506
.3502
.3498
.3495
.3491
.3487
.3483
.3479
.3474
.347
.3466
.3462
.3458
.3454
.345
.3446
.3442
.3438
.3434
.343
.3426
.3422
.3418
.3414
.341
.3406
.3402
.3398
.3394
.339
.3386
.3382
.3377
.3373
.3369
.3365
.3361
.3357
.3353
.3349
.3345
.3341
.3337
.3333
.3328
.3324
.332
.3316
.3312
.3308
.3304
.33
.3296
.3291
.3287
.3283
.3279
.3275
.3271
.3267
.3263
.3258
.3254
.325
.3246
.3242
.3238
.3234
.323
.3225
.3221
.3217
.3213
.3209
.3205
.3201
.3196
.3192
.3188
.3184
.318
.3176
.3172
.3167
.3163
.3159
.3155
.3151
.3147
.3143
.3138
.3134
.313
.3126
.3122
.3118
.3114
.3109
.3105
.3101
.3097
.3093
.3089
.3085
.308
.3076
.3072
.3068
.3064
.306
.3056
.3052
.3047
.3043
.3039
.3035
.3031
.3027
.3023
.3019
.3015
.301
.3006
.3002
.2998
.2994
.299
.2986
.2982
.2978
.2974
.297
.2965
.2961
.2957
.2953
.2949
.2945
.2941
.2937
.2933
.2929
.2925
.2921
.2917
.2913
.2909
.2905
.2901
.2897
.2893
.2889
.2885
.2881
.2877
.2873
.2869
.2865
.2861
.2857
.2853
.2849
.2845
.2841
.2837
.2833
.2829
.2825
.2821
.2817
.2814
.281
.2806
.2802
.2798
.2794
.279
.2786
.2782
.2779
.2775
.2771
.2767
.2763
.2759
.2755
.2752
.2748
.2744
.274
.2736
.2733
.2729
.2725
.2721
.2717
.2714
.271
.2706
.2702
.2699
.2695
.2691
.2687
.2684
.268
.2676
.2673
.2669
.2665
.2661
.2658
.2654
.265
.2647
.2643
.2639
.2636
.2632
.2629
.2625
.2621
.2618
.2614
.2611
.2607
.2603
.26
.2596
.2593
.2589
.2585
.2582
.2578
.2575
.2571
.2568
.2564
.2561
.2557
.2554
.255
.2547
.2543
.254
.2536
.2533
.2529
.2526
.2523
.2519
.2516
.2512
.2509
.2505
.2502
.2499
.2495
.2492
.2488
.2485
.2482
.2478
.2475
.2472
.2468
.2465
.2462
.2458
.2455
.2452
.2448
.2445
.2442
.2438
.2435
.2432
.2429
.2425
.2422
.2419
.2416
.2412
.2409
.2406
.2403
.2399
.2396
.2393
.239
.2387
.2383
.238
.2377
.2374
.2371
.2368
.2364
.2361
.2358
.2355
.2352
.2349
.2346
.2343
.2339
.2336
.2333
.233
.2327
.2324
.2321
.2318
.2315
.2312
.2309
.2306
.2303
.23
.2297
.2294
.2291
.2288
.2285
.2282
.2279
.2276
.2273
.227
.2267
.2264
.2261
.2258
.2255
.2252
.2249
.2246
.2243
.224
.2237
.2234
.2231
.2229
.2226
.2223
.222
.2217
.2214
.2211
.2208
.2206
.2203
.22
.2197
.2194
.2191
.2188
.2186
.2183
.218
.2177
.2174
.2172
.2169
.2166
.2163
.216
.2158
.2155
.2152
.2149
.2147
.2144
.2141
.2138
.2136
.2133
.213
.2128
.2125
.2122
.2119
.2117
.2114
.2111
.2109
.2106
.2103
.2101
.2098
.2095
.2093
.209
.2087
.2085
.2082
.2079
.2077
.2074
.2072
.2069
.2066
.2064
.2061
.2059
.2056
.2053
.2051
.2048
.2046
.2043
.2041
.2038
.2035
.2033
.203
.2028
.2025
.2023
.202
.2018
.2015
.2013
.201
.2008
.2005
.2003
.2
.1998
.1995
.1993
.199
.1988
.1985
.1983
.198
.1978
.1975
.1973
.1971
.1968
.1966
.1963
.1961
.1958
.1956
.1954
.1951
.1949
.1946
.1944
.1942
.1939
.1937
.1934
.1932
.193
.1927
.1925
.1923
.192
.1918
.1916
.1913
.1911
.1909
.1906
.1904
.1902
.1899
.1897
.1895
.1892
.189
.1888
.1885
.1883
.1881
.1879
.1876
.1874
.1872
.187
.1867
.1865
.1863
.1861
.1858
.1856
.1854
.1852
.1849
.1847
.1845
.1843
.184
.1838
.1836
.1834
.1832
.1829
.1827
.1825
.1823
.1821
.1818
.1816
.1814
.1812
.181
.1808
.1805
.1803
.1801
.1799
.1797
.1795
.1793
.179
.1788
.1786
.1784
.1782
.178
.1778
.1776
.1774
.1771
.1769
.1767
.1765
.1763
.1761
.1759
.1757
.1755
.1753
.1751
.1749
.1746
.1744
.1742
.174
.1738
.1736
.1734
.1732
.173
.1728
.1726
.1724
.1722
.172
.1718
.1716
.1714
.1712
.171
.1708
.1706
.1704
.1702
.17
.1698
.1696
.1694
.1692
.169
.1688
.1686
.1684
.1682
.168
.1678
.1677
.1675
.1673
.1671
.1669
.1667
.1665
.1663
.1661
.1659
.1657
.1655
.1653
.1652
.165
.1648
.1646
.1644
.1642
.164
.1638
.1636
.1635
.1633
.1631
.1629
.1627
.1625
.1623
.1622
.162
.1618
.1616
.1614
.1612
.1611
.1609
.1607
.1605
.1603
.1601
.16
.1598
.1596
.1594
.1592
.1591
.1589
.1587
.1585
.1583
.1582
.158
.1578
.1576
.1574
.1573
.1571
.1569
.1567
.1566
.1564
.1562
.156
.1559
.1557
.1555
.1553
.1552
.155
.1548
.1546
.1545
.1543
.1541
.154
.1538
.1536
.1534
.1533
.1531
.1529
.1528
.1526
.1524
.1522
.1521
.1519
.1517
.1516
.1514
.1512
.1511
.1509
.1507
.1506
.1504
.1502
.1501
.1499
.1497
.1496
.1494
.1492
.1491
.1489
.1488
.1486
.1484
.1483
.1481
.1479
.1478
.1476
.1475
.1473
.1471
.147
.1468
.1467
.1465
.1463
.1462
.146
.1459
.1457
.1455
.1454
.1452
.1451
.1449
.1447
.1446
.1444
.1443
.1441
.144
.1438
.1437
.1435
.1433
.1432
.143
.1429
.1427
.1426
.1424
.1423
.1421
.142
.1418
.1417
.1415
.1413
.1412
.141
.1409
.1407
.1406
.1404
.1403
.1401
.14
.1398
.1397
.1395
.1394
.1392
.1391
.1389
.1388
.1387
.1385
.1384
.1382
.1381
.1379
.1378
.1376
.1375
.1373
.1372
.137
.1369
.1367
.1366
.1365
.1363
.1362
.136
.1359
.1357
.1356
.1355
.1353
.1352
.135
.1349
.1347
.1346
.1345
.1343
.1342
.134
.1339
.1338
.1336
.1335
.1333
.1332
.1331
.1329
.1328
.1326
.1325
.1324
.1322
.1321
.132
.1318
.1317
.1315
.1314
.1313
.1311
.131
.1309
.1307
.1306
.1305
.1303
.1302
.1301
.1299
.1298
.1297
.1295
.1294
.1292
.1291
.129
.1289
.1287
.1286
.1285
.1283
.1282
.1281
.1279
.1278
.1277
.1275
.1274
.1273
.1271
.127
.1269
.1268
.1266
.1265
.1264
.1262
.1261
.126
.1259
.1257
.1256
.1255
.1253
.1252
.1251
.125
.1248
.1247
.1246
.1245
.1243
.1242
.1241
.124
.1238
.1237
.1236
.1235
.1233
.1232
.1231
.123
.1228
.1227
.1226
.1225
.1223
.1222
.1221
.122
.1219
.1217
.1216
.1215
.1214
.1212
.1211
.121
.1209
.1208
.1206
.1205
.1204
.1203
.1202
.12
.1199
.1198
.1197
.1196
.1194
.1193
.1192
.1191
.119
.1189
.1187
.1186
.1185
.1184
.1183
.1182
.118
.1179
.1178
.1177
.1176
.1175
.1173
.1172
.1171
.117
.1169
.1168
.1167
.1165
.1164
.1163
.1162
.1161
.116
.1159
.1157
.1156
.1155
.1154
.1153
.1152
.1151
.115
.1148
.1147
.1146
.1145
.1144
.1143
.1142
.1141
.114
.1138
.1137
.1136
.1135
.1134
.1133
.1132
.1131
.113
.1129
.1128
.1126
.1125
.1124
.1123
.1122
.1121
.112
.1119
.1118
.1117
.1116
.1115
.1114
.1113
.1111
.111
.1109
.1108
.1107
.1106
.1105
.1104
.1103
.1102
.1101
.11
.1099
.1098
.1097
.1096
.1095
.1094
.1093
.1092
.1091
.1089
.1088
.1087
.1086
.1085
.1084
.1083
.1082
.1081
.108
.1079
.1078
.1077
.1076
.1075
.1074
.1073
.1072
.1071
.107
.1069
.1068
.1067
.1066
.1065
.1064
.1063
.1062
.1061
.106
.1059
.1058
.1057
.1056
.1055
.1054
.1053
.1052
.1051
.105
.1049
.1048
.1048
.1047
.1046
.1045
.1044
.1043
.1042
.1041
.104
.1039
.1038
.1037
.1036
.1035
.1034
.1033
.1032
.1031
.103
.1029
.1028
.1027
.1027
.1026
.1025
.1024
.1023
.1022
.1021
.102
.1019
.1018
.1017
.1016
.1015
.1014
.1014
.1013
.1012
.1011
.101
.1009
.1008
.1007
.1006
.1005
.1004
.1003
.1003
.1002
.1001
.1
.0999
.0998
.0997
.0996
.0995
.0994
.0994
.0993
.0992
.0991
.099
.0989
.0988
.0987
.0987
.0986
.0985
.0984
.0983
.0982
.0981
.098
.0979
.0979
.0978
.0977
.0976
.0975
.0974
.0973
.0973
.0972
.0971
.097
.0969
.0968
.0967
.0967
.0966
.0965
.0964
.0963
.0962
.0961
.0961
.096
.0959
.0958
.0957
.0956
.0956
.0955
.0954
.0953
.0952
.0951
.0951
.095
.0949
.0948
.0947
.0946
.0946
.0945
.0944
.0943
.0942
.0941
.0941
.094
.0939
.0938
.0937
.0937
.0936
.0935
.0934
.0933
.0933
.0932
.0931
.093
.0929
.0929
.0928
.0927
.0926
.0925
.0925
.0924
.0923
.0922
.0921
.0921
.092
.0919
.0918
.0917
.0917
.0916
.0915
.0914
.0914
.0913
.0912
.0911
.091
.091
.0909
.0908
.0907
.0907
.0906
.0905
.0904
.0904
.0903
.0902
.0901
.09
.09
.0899
.0898
.0897
.0897
.0896
.0895
.0894
.0894
.0893
.0892
.0891
.0891
.089
.0889
.0888
.0888
.0887
.0886
.0885
.0885
.0884
.0883
.0883
.0882
.0881
.088
.088
.0879
.0878
.0877
.0877
.0876
.0875
.0875
.0874
.0873
.0872
.0872
.0871
.087
.0869
.0869
.0868
.0867
.0867
.0866
.0865
.0864
.0864
.0863
.0862
.0862
.0861
.086
.086
.0859
.0858
.0857
.0857
.0856
.0855
.0855
.0854
.0853
.0853
.0852
.0851
.085
.085
.0849
.0848
.0848
.0847
.0846
.0846
.0845
.0844
.0844
.0843
.0842
.0842
.0841
.084
.0839
.0839
.0838
.0837
.0837
.0836
.0835
.0835
.0834
.0833
.0833
.0832
.0831
.0831
.083
.0829
.0829
.0828
.0827
.0827
.0826
.0825
.0825
.0824
.0824
.0823
.0822
.0822
.0821
.082
.082
.0819
.0818
.0818
.0817
.0816
.0816
.0815
.0814
.0814
.0813
.0813
.0812
.0811
.0811
.081
.0809
.0809
.0808
.0807
.0807
.0806
.0806
.0805
.0804
.0804
.0803
.0802
.0802
.0801
.0801
.08
.0799
.0799
.0798
.0797
.0797
.0796
.0796
.0795
.0794
.0794
.0793
.0792
.0792
.0791
.0791
.079
.0789
.0789
.0788
.0788
.0787
.0786
.0786
.0785
.0785
.0784
.0783
.0783
.0782
.0782
.0781
.078
.078
.0779
.0779
.0778
.0777
.0777
.0776
.0776
.0775
.0774
.0774
.0773
.0773
.0772
.0771
.0771
.077
.077
.0769
.0769
.0768
.0767
.0767
.0766
.0766
.0765
.0765
.0764
.0763
.0763
.0762
.0762
.0761
.0761
.076
.0759
.0759
.0758
.0758
.0757
.0757
.0756
.0755
.0755
.0754
.0754
.0753
.0753
.0752
.0751
.0751
.075
.075
.0749
.0749
.0748
.0748
.0747
.0746
.0746
.0745
.0745
.0744
.0744
.0743
.0743
.0742
.0742
.0741
.074
.074
.0739
.0739
.0738
.0738
.0737
.0737
.0736
.0736
.0735
.0734
.0734
.0733
.0733
.0732
.0732
.0731
.0731
.073
.073
.0729
.0729
.0728
.0728
.0727
.0726
.0726
.0725
.0725
.0724
.0724
.0723
.0723
.0722
.0722
.0721
.0721
.072
.072
.0719
.0719
.0718
.0718
.0717
.0717
.0716
.0716
.0715
.0715
.0714
.0714
.0713
.0712
.0712
.0711
.0711
.071
.071
.0709
.0709
.0708
.0708
.0707
.0707
.0706
.0706
.0705
.0705
.0704
.0704
.0703
.0703
.0702
.0702
.0701
.0701
.07
.07
.0699
.0699
.0698
.0698
.0697
.0697
.0697
.0696
.0696
.0695
.0695
.0694
.0694
.0693
.0693
.0692
.0692
.0691
.0691
.069
.069
.0689
.0689
.0688
.0688
.0687
.0687
.0686
.0686
.0685
.0685
.0684
.0684
.0684
.0683
.0683
.0682
.0682
.0681
.0681
.068
.068
.0679
.0679
.0678
.0678
.0677
.0677
.0676
.0676
.0676
.0675
.0675
.0674
.0674
.0673
.0673
.0672
.0672
.0671
.0671
.067
.067
.067
.0669
.0669
.0668
.0668
.0667
.0667
.0666
.0666
.0666
.0665
.0665
.0664
.0664
.0663
.0663
.0662
.0662
.0661
.0661
.0661
.066
.066
.0659
.0659
.0658
.0658
.0657
.0657
.0657
.0656
.0656
.0655
.0655
.0654
.0654
.0654
.0653
.0653
.0652
.0652
.0651
.0651
.065
.065
.065
.0649
.0649
.0648
.0648
.0647
.0647
.0647
.0646
.0646
.0645
.0645
.0644
.0644
.0644
.0643
.0643
.0642
.0642
.0641
.0641
.0641
.064
.064
.0639
.0639
.0639
.0638
.0638
.0637
.0637
.0636
.0636
.0636
.0635
.0635
.0634
.0634
.0634
.0633
.0633
.0632
.0632
.0631
.0631
.0631
.063
.063
.0629
.0629
.0629
.0628
.0628
.0627
.0627
.0627
.0626
.0626
.0625
.0625
.0625
.0624
.0624
.0623
.0623
.0623
.0622
.0622
.0621
.0621
.0621
.062
.062
.0619
.0619
.0619
.0618
.0618
.0617
.0617
.0617
.0616
.0616
.0615
.0615
.0615
.0614
.0614
.0613
.0613
.0613
.0612
.0612
.0612
.0611
.0611
.061
.061
.061
.0609
.0609
.0608
.0608
.0608
.0607
.0607
.0607
.0606
.0606
.0605
.0605
.0605
.0604
.0604
.0604
.0603
.0603
.0602
.0602
.0602
.0601
.0601
.06
.06
.06
.0599
.0599
.0599
.0598
.0598
.0598
.0597
.0597
.0596
.0596
.0596
.0595
.0595
.0595
.0594
.0594
.0593
.0593
.0593
.0592
.0592
.0592
.0591
.0591
.0591
.059
.059
.0589
.0589
.0589
.0588
.0588
.0588
.0587
.0587
.0587
.0586
.0586
.0585
.0585
.0585
.0584
.0584
.0584
.0583
.0583
.0583
.0582
.0582
.0582
.0581
.0581
.058
.058
.058
.0579
.0579
.0579
.0578
.0578
.0578
.0577
.0577
.0577
.0576
.0576
.0576
.0575
.0575
.0575
.0574
.0574
.0574
.0573
.0573
.0572
.0572
.0572
.0571
.0571
.0571
.057
.057
.057
.0569
.0569
.0569
.0568
.0568
.0568
.0567
.0567
.0567
.0566
.0566
.0566
.0565
.0565
.0565
.0564
.0564
.0564
.0563
.0563
.0563
.0562
.0562
.0562
.0561
.0561
.0561
.056
.056
.056
.0559
.0559
.0559
.0558
.0558
.0558
.0557
.0557
.0557
.0556
.0556
.0556
.0555
.0555
.0555
.0554
.0554
.0554
.0553
.0553
.0553
.0553
.0552
.0552
.0552
.0551
.0551
.0551
.055
.055
.055
.0549
.0549
.0549
.0548
.0548
.0548
.0547
.0547
.0547
.0546
.0546
.0546
.0546
.0545
.0545
.0545
.0544
.0544
.0544
.0543
.0543
.0543
.0542
.0542
.0542
.0541
.0541
.0541
.0541
.054
.054
.054
.0539
.0539
.0539
.0538
.0538
.0538
.0537
.0537
.0537
.0537
.0536
.0536
.0536
.0535
.0535
.0535
.0534
.0534
.0534
.0533
.0533
.0533
.0533
.0532
.0532
.0532
.0531
.0531
.0531
.053
.053
.053
.053
.0529
.0529
.0529
.0528
.0528
.0528
.0527
.0527
.0527
.0527
.0526
.0526
.0526
.0525
.0525
.0525
.0525
.0524
.0524
.0524
.0523
.0523
.0523
.0522
.0522
.0522
.0522
.0521
.0521
.0521
.052
.052
.052
.052
.0519
.0519
.0519
.0518
.0518
.0518
.0518
.0517
.0517
.0517
.0516
.0516
.0516
.0516
.0515
.0515
.0515
.0514
.0514
.0514
.0514
.0513
.0513
.0513
.0512
.0512
.0512
.0512
.0511
.0511
.0511
.0511
.051
.051
.051
.0509
.0509
.0509
.0509
.0508
.0508
.0508
.0507
.0507
.0507
.0507
.0506
.0506
.0506
.0506
.0505
.0505
.0505
.0504
.0504
.0504
.0504
.0503
.0503
.0503
.0503
.0502
.0502
.0502
.0501
.0501
.0501
.0501
.05
.05
.05
