.5789
.5768
.5747
.5727
.5706
.5687
.5667
.5648
.5629
.5611
.5593
.5575
.5557
.5541
.5524
.5508
.5492
.5477
.5462
.5448
.5434
.5421
.5408
.5395
.5383
.5372
.536
.535
.5339
.533
.532
.5311
.5303
.5294
.5287
.5279
.5272
.5265
.5259
.5253
.5247
.5242
.5236
.5232
.5227
.5222
.5218
.5214
.5211
.5207
.5204
.5201
.5198
.5195
.5192
.519
.5187
.5185
.5183
.5181
.5179
.5177
.5175
.5174
.5172
.5171
.5169
.5168
.5167
.5165
.5164
.5163
.5162
.5161
.516
.5159
.5158
.5157
.5156
.5155
.5155
.5154
.5153
.5152
.5151
.5151
.515
.5149
.5148
.5148
.5147
.5146
.5146
.5145
.5144
.5144
.5143
.5142
.5142
.5141
.5141
.514
.5139
.5139
.5138
.5137
.5137
.5136
.5136
.5135
.5134
.5134
.5133
.5133
.5132
.5131
.5131
.513
.5129
.5129
.5128
.5128
.5127
.5126
.5126
.5125
.5124
.5124
.5123
.5122
.5122
.5121
.5121
.512
.5119
.5119
.5118
.5117
.5117
.5116
.5115
.5115
.5114
.5113
.5113
.5112
.5111
.5111
.511
.5109
.5109
.5108
.5107
.5107
.5106
.5105
.5104
.5104
.5103
.5102
.5102
.5101
.51
.51
.5099
.5098
.5097
.5097
.5096
.5095
.5095
.5094
.5093
.5092
.5092
.5091
.509
.5089
.5089
.5088
.5087
.5086
.5086
.5085
.5084
.5083
.5083
.5082
.5081
.508
.508
.5079
.5078
.5077
.5077
.5076
.5075
.5074
.5073
.5073
.5072
.5071
.507
.507
.5069
.5068
.5067
.5066
.5066
.5065
.5064
.5063
.5062
.5062
.5061
.506
.5059
.5058
.5057
.5057
.5056
.5055
.5054
.5053
.5052
.5052
.5051
.505
.5049
.5048
.5047
.5046
.5046
.5045
.5044
.5043
.5042
.5041
.504
.504
.5039
.5038
.5037
.5036
.5035
.5034
.5033
.5032
.5032
.5031
.503
.5029
.5028
.5027
.5026
.5025
.5024
.5023
.5022
.5022
.5021
.502
.5019
.5018
.5017
.5016
.5015
.5014
.5013
.5012
.5011
.501
.5009
.5008
.5007
.5007
.5006
.5005
.5004
.5003
.5002
.5001
.5
.4999
.4998
.4997
.4996
.4995
.4994
.4993
.4992
.4991
.499
.4989
.4988
.4987
.4986
.4985
.4984
.4983
.4982
.4981
.498
.4979
.4978
.4977
.4976
.4975
.4974
.4973
.4971
.497
.4969
.4968
.4967
.4966
.4965
.4964
.4963
.4962
.4961
.496
.4959
.4958
.4957
.4956
.4954
.4953
.4952
.4951
.495
.4949
.4948
.4947
.4946
.4945
.4944
.4942
.4941
.494
.4939
.4938
.4937
.4936
.4935
.4934
.4932
.4931
.493
.4929
.4928
.4927
.4926
.4924
.4923
.4922
.4921
.492
.4919
.4918
.4916
.4915
.4914
.4913
.4912
.4911
.4909
.4908
.4907
.4906
.4905
.4903
.4902
.4901
.49
.4899
.4898
.4896
.4895
.4894
.4893
.4892
.489
.4889
.4888
.4887
.4885
.4884
.4883
.4882
.4881
.4879
.4878
.4877
.4876
.4874
.4873
.4872
.4871
.4869
.4868
.4867
.4866
.4864
.4863
.4862
.4861
.4859
.4858
.4857
.4855
.4854
.4853
.4852
.485
.4849
.4848
.4847
.4845
.4844
.4843
.4841
.484
.4839
.4837
.4836
.4835
.4834
.4832
.4831
.483
.4828
.4827
.4826
.4824
.4823
.4822
.482
.4819
.4818
.4816
.4815
.4814
.4812
.4811
.481
.4808
.4807
.4805
.4804
.4803
.4801
.48
.4799
.4797
.4796
.4795
.4793
.4792
.479
.4789
.4788
.4786
.4785
.4783
.4782
.4781
.4779
.4778
.4776
.4775
.4774
.4772
.4771
.4769
.4768
.4767
.4765
.4764
.4762
.4761
.4759
.4758
.4757
.4755
.4754
.4752
.4751
.4749
.4748
.4746
.4745
.4743
.4742
.4741
.4739
.4738
.4736
.4735
.4733
.4732
.473
.4729
.4727
.4726
.4724
.4723
.4721
.472
.4718
.4717
.4715
.4714
.4712
.4711
.4709
.4708
.4706
.4705
.4703
.4702
.47
.4699
.4697
.4695
.4694
.4692
.4691
.4689
.4688
.4686
.4685
.4683
.4681
.468
.4678
.4677
.4675
.4673
.4672
.467
.4669
.4667
.4666
.4664
.4662
.4661
.4659
.4657
.4656
.4654
.4653
.4651
.4649
.4648
.4646
.4644
.4643
.4641
.4639
.4638
.4636
.4634
.4633
.4631
.4629
.4628
.4626
.4624
.4623
.4621
.4619
.4618
.4616
.4614
.4612
.4611
.4609
.4607
.4606
.4604
.4602
.46
.4599
.4597
.4595
.4593
.4591
.459
.4588
.4586
.4584
.4583
.4581
.4579
.4577
.4575
.4574
.4572
.457
.4568
.4566
.4564
.4563
.4561
.4559
.4557
.4555
.4553
.4551
.4549
.4548
.4546
.4544
.4542
.454
.4538
.4536
.4534
.4532
.453
.4528
.4526
.4524
.4522
.452
.4518
.4516
.4514
.4512
.451
.4508
.4506
.4504
.4502
.45
.4498
.4496
.4494
.4492
.449
.4488
.4486
.4484
.4482
.448
.4477
.4475
.4473
.4471
.4469
.4467
.4465
.4462
.446
.4458
.4456
.4454
.4451
.4449
.4447
.4445
.4442
.444
.4438
.4436
.4433
.4431
.4429
.4426
.4424
.4422
.442
.4417
.4415
.4412
.441
.4408
.4405
.4403
.44
.4398
.4396
.4393
.4391
.4388
.4386
.4383
.4381
.4378
.4376
.4373
.4371
.4368
.4366
.4363
.4361
.4358
.4355
.4353
.435
.4348
.4345
.4342
.434
.4337
.4334
.4332
.4329
.4326
.4323
.4321
.4318
.4315
.4312
.431
.4307
.4304
.4301
.4298
.4296
.4293
.429
.4287
.4284
.4281
.4278
.4275
.4272
.4269
.4266
.4263
.426
.4257
.4254
.4251
.4248
.4245
.4242
.4239
.4236
.4233
.423
.4227
.4224
.4221
.4217
.4214
.4211
.4208
.4205
.4201
.4198
.4195
.4192
.4188
.4185
.4182
.4179
.4175
.4172
.4169
.4165
.4162
.4158
.4155
.4152
.4148
.4145
.4141
.4138
.4134
.4131
.4127
.4124
.412
.4117
.4113
.411
.4106
.4103
.4099
.4095
.4092
.4088
.4085
.4081
.4077
.4074
.407
.4066
.4063
.4059
.4055
.4051
.4048
.4044
.404
.4036
.4033
.4029
.4025
.4021
.4017
.4013
.401
.4006
.4002
.3998
.3994
.399
.3986
.3982
.3978
.3974
.3971
.3967
.3963
.3959
.3955
.3951
.3947
.3943
.3939
.3935
.3931
.3926
.3922
.3918
.3914
.391
.3906
.3902
.3898
.3894
.389
.3885
.3881
.3877
.3873
.3869
.3865
.386
.3856
.3852
.3848
.3844
.3839
.3835
.3831
.3827
.3822
.3818
.3814
.381
.3805
.3801
.3797
.3793
.3788
.3784
.378
.3775
.3771
.3767
.3762
.3758
.3754
.3749
.3745
.3741
.3736
.3732
.3727
.3723
.3719
.3714
.371
.3706
.3701
.3697
.3692
.3688
.3683
.3679
.3675
.367
.3666
.3661
.3657
.3652
.3648
.3644
.3639
.3635
.363
.3626
.3621
.3617
.3612
.3608
.3603
.3599
.3594
.359
.3585
.3581
.3576
.3572
.3567
.3563
.3558
.3554
.3549
.3545
.354
.3536
.3531
.3527
.3522
.3518
.3513
.3509
.3504
.35
.3495
.3491
.3486
.3481
.3477
.3472
.3468
.3463
.3459
.3454
.345
.3445
.3441
.3436
.3432
.3427
.3423
.3418
.3414
.3409
.3404
.34
.3395
.3391
.3386
.3382
.3377
.3373
.3368
.3364
.3359
.3355
.335
.3346
.3341
.3337
.3332
.3328
.3323
.3319
.3314
.331
.3305
.3301
.3296
.3292
.3287
.3283
.3278
.3274
.3269
.3265
.326
.3256
.3251
.3247
.3242
.3238
.3234
.3229
.3225
.322
.3216
.3211
.3207
.3202
.3198
.3194
.3189
.3185
.318
.3176
.3172
.3167
.3163
.3158
.3154
.315
.3145
.3141
.3136
.3132
.3128
.3123
.3119
.3115
.311
.3106
.3102
.3097
.3093
.3089
.3084
.308
.3076
.3071
.3067
.3063
.3058
.3054
.305
.3046
.3041
.3037
.3033
.3029
.3024
.302
.3016
.3012
.3007
.3003
.2999
.2995
.2991
.2986
.2982
.2978
.2974
.297
.2965
.2961
.2957
.2953
.2949
.2945
.2941
.2936
.2932
.2928
.2924
.292
.2916
.2912
.2908
.2904
.29
.2895
.2891
.2887
.2883
.2879
.2875
.2871
.2867
.2863
.2859
.2855
.2851
.2847
.2843
.2839
.2835
.2831
.2827
.2823
.2819
.2815
.2811
.2807
.2804
.28
.2796
.2792
.2788
.2784
.278
.2776
.2772
.2768
.2765
.2761
.2757
.2753
.2749
.2745
.2742
.2738
.2734
.273
.2726
.2723
.2719
.2715
.2711
.2707
.2704
.27
.2696
.2692
.2689
.2685
.2681
.2678
.2674
.267
.2666
.2663
.2659
.2655
.2652
.2648
.2644
.2641
.2637
.2633
.263
.2626
.2623
.2619
.2615
.2612
.2608
.2605
.2601
.2597
.2594
.259
.2587
.2583
.258
.2576
.2573
.2569
.2566
.2562
.2559
.2555
.2552
.2548
.2545
.2541
.2538
.2534
.2531
.2527
.2524
.252
.2517
.2514
.251
.2507
.2503
.25
.2496
.2493
.249
.2486
.2483
.248
.2476
.2473
.247
.2466
.2463
.246
.2456
.2453
.245
.2446
.2443
.244
.2436
.2433
.243
.2427
.2423
.242
.2417
.2414
.241
.2407
.2404
.2401
.2398
.2394
.2391
.2388
.2385
.2382
.2378
.2375
.2372
.2369
.2366
.2363
.236
.2356
.2353
.235
.2347
.2344
.2341
.2338
.2335
.2332
.2328
.2325
.2322
.2319
.2316
.2313
.231
.2307
.2304
.2301
.2298
.2295
.2292
.2289
.2286
.2283
.228
.2277
.2274
.2271
.2268
.2265
.2262
.2259
.2256
.2253
.225
.2247
.2245
.2242
.2239
.2236
.2233
.223
.2227
.2224
.2221
.2219
.2216
.2213
.221
.2207
.2204
.2201
.2199
.2196
.2193
.219
.2187
.2184
.2182
.2179
.2176
.2173
.2171
.2168
.2165
.2162
.2159
.2157
.2154
.2151
.2148
.2146
.2143
.214
.2138
.2135
.2132
.2129
.2127
.2124
.2121
.2119
.2116
.2113
.2111
.2108
.2105
.2103
.21
.2097
.2095
.2092
.209
.2087
.2084
.2082
.2079
.2076
.2074
.2071
.2069
.2066
.2064
.2061
.2058
.2056
.2053
.2051
.2048
.2046
.2043
.2041
.2038
.2036
.2033
.2031
.2028
.2025
.2023
.2021
.2018
.2016
.2013
.2011
.2008
.2006
.2003
.2001
.1998
.1996
.1993
.1991
.1989
.1986
.1984
.1981
.1979
.1976
.1974
.1972
.1969
.1967
.1964
.1962
.196
.1957
.1955
.1953
.195
.1948
.1946
.1943
.1941
.1939
.1936
.1934
.1932
.1929
.1927
.1925
.1922
.192
.1918
.1915
.1913
.1911
.1909
.1906
.1904
.1902
.1899
.1897
.1895
.1893
.189
.1888
.1886
.1884
.1882
.1879
.1877
.1875
.1873
.187
.1868
.1866
.1864
.1862
.1859
.1857
.1855
.1853
.1851
.1849
.1846
.1844
.1842
.184
.1838
.1836
.1834
.1831
.1829
.1827
.1825
.1823
.1821
.1819
.1817
.1815
.1812
.181
.1808
.1806
.1804
.1802
.18
.1798
.1796
.1794
.1792
.179
.1788
.1786
.1784
.1781
.1779
.1777
.1775
.1773
.1771
.1769
.1767
.1765
.1763
.1761
.1759
.1757
.1755
.1753
.1751
.1749
.1747
.1745
.1743
.1742
.174
.1738
.1736
.1734
.1732
.173
.1728
.1726
.1724
.1722
.172
.1718
.1716
.1714
.1713
.1711
.1709
.1707
.1705
.1703
.1701
.1699
.1697
.1696
.1694
.1692
.169
.1688
.1686
.1684
.1682
.1681
.1679
.1677
.1675
.1673
.1671
.167
.1668
.1666
.1664
.1662
.1661
.1659
.1657
.1655
.1653
.1652
.165
.1648
.1646
.1644
.1643
.1641
.1639
.1637
.1636
.1634
.1632
.163
.1629
.1627
.1625
.1623
.1622
.162
.1618
.1616
.1615
.1613
.1611
.1609
.1608
.1606
.1604
.1603
.1601
.1599
.1598
.1596
.1594
.1592
.1591
.1589
.1587
.1586
.1584
.1582
.1581
.1579
.1577
.1576
.1574
.1572
.1571
.1569
.1568
.1566
.1564
.1563
.1561
.1559
.1558
.1556
.1555
.1553
.1551
.155
.1548
.1547
.1545
.1543
.1542
.154
.1539
.1537
.1535
.1534
.1532
.1531
.1529
.1528
.1526
.1524
.1523
.1521
.152
.1518
.1517
.1515
.1514
.1512
.151
.1509
.1507
.1506
.1504
.1503
.1501
.15
.1498
.1497
.1495
.1494
.1492
.1491
.1489
.1488
.1486
.1485
.1483
.1482
.148
.1479
.1477
.1476
.1474
.1473
.1471
.147
.1469
.1467
.1466
.1464
.1463
.1461
.146
.1458
.1457
.1455
.1454
.1453
.1451
.145
.1448
.1447
.1445
.1444
.1443
.1441
.144
.1438
.1437
.1436
.1434
.1433
.1431
.143
.1429
.1427
.1426
.1424
.1423
.1422
.142
.1419
.1418
.1416
.1415
.1413
.1412
.1411
.1409
.1408
.1407
.1405
.1404
.1403
.1401
.14
.1399
.1397
.1396
.1395
.1393
.1392
.1391
.1389
.1388
.1387
.1385
.1384
.1383
.1381
.138
.1379
.1377
.1376
.1375
.1374
.1372
.1371
.137
.1368
.1367
.1366
.1365
.1363
.1362
.1361
.1359
.1358
.1357
.1356
.1354
.1353
.1352
.1351
.1349
.1348
.1347
.1346
.1344
.1343
.1342
.1341
.1339
.1338
.1337
.1336
.1334
.1333
.1332
.1331
.1329
.1328
.1327
.1326
.1325
.1323
.1322
.1321
.132
.1319
.1317
.1316
.1315
.1314
.1313
.1311
.131
.1309
.1308
.1307
.1305
.1304
.1303
.1302
.1301
.13
.1298
.1297
.1296
.1295
.1294
.1293
.1291
.129
.1289
.1288
.1287
.1286
.1284
.1283
.1282
.1281
.128
.1279
.1278
.1277
.1275
.1274
.1273
.1272
.1271
.127
.1269
.1267
.1266
.1265
.1264
.1263
.1262
.1261
.126
.1259
.1257
.1256
.1255
.1254
.1253
.1252
.1251
.125
.1249
.1248
.1247
.1245
.1244
.1243
.1242
.1241
.124
.1239
.1238
.1237
.1236
.1235
.1234
.1233
.1231
.123
.1229
.1228
.1227
.1226
.1225
.1224
.1223
.1222
.1221
.122
.1219
.1218
.1217
.1216
.1215
.1214
.1213
.1212
.1211
.121
.1209
.1208
.1206
.1205
.1204
.1203
.1202
.1201
.12
.1199
.1198
.1197
.1196
.1195
.1194
.1193
.1192
.1191
.119
.1189
.1188
.1187
.1186
.1185
.1184
.1183
.1182
.1181
.118
.1179
.1178
.1177
.1177
.1176
.1175
.1174
.1173
.1172
.1171
.117
.1169
.1168
.1167
.1166
.1165
.1164
.1163
.1162
.1161
.116
.1159
.1158
.1157
.1156
.1155
.1154
.1154
.1153
.1152
.1151
.115
.1149
.1148
.1147
.1146
.1145
.1144
.1143
.1142
.1141
.114
.114
.1139
.1138
.1137
.1136
.1135
.1134
.1133
.1132
.1131
.113
.113
.1129
.1128
.1127
.1126
.1125
.1124
.1123
.1122
.1121
.1121
.112
.1119
.1118
.1117
.1116
.1115
.1114
.1113
.1113
.1112
.1111
.111
.1109
.1108
.1107
.1106
.1106
.1105
.1104
.1103
.1102
.1101
.11
.11
.1099
.1098
.1097
.1096
.1095
.1094
.1094
.1093
.1092
.1091
.109
.1089
.1088
.1088
.1087
.1086
.1085
.1084
.1083
.1083
.1082
.1081
.108
.1079
.1078
.1078
.1077
.1076
.1075
.1074
.1073
.1073
.1072
.1071
.107
.1069
.1069
.1068
.1067
.1066
.1065
.1064
.1064
.1063
.1062
.1061
.106
.106
.1059
.1058
.1057
.1056
.1056
.1055
.1054
.1053
.1052
.1052
.1051
.105
.1049
.1049
.1048
.1047
.1046
.1045
.1045
.1044
.1043
.1042
.1041
.1041
.104
.1039
.1038
.1038
.1037
.1036
.1035
.1035
.1034
.1033
.1032
.1031
.1031
.103
.1029
.1028
.1028
.1027
.1026
.1025
.1025
.1024
.1023
.1022
.1022
.1021
.102
.1019
.1019
.1018
.1017
.1016
.1016
.1015
.1014
.1013
.1013
.1012
.1011
.101
.101
.1009
.1008
.1008
.1007
.1006
.1005
.1005
.1004
.1003
.1002
.1002
.1001
.1
.1
.0999
.0998
.0997
.0997
.0996
.0995
.0995
.0994
.0993
.0992
.0992
.0991
.099
.099
.0989
.0988
.0988
.0987
.0986
.0985
.0985
.0984
.0983
.0983
.0982
.0981
.0981
.098
.0979
.0978
.0978
.0977
.0976
.0976
.0975
.0974
.0974
.0973
.0972
.0972
.0971
.097
.097
.0969
.0968
.0968
.0967
.0966
.0965
.0965
.0964
.0963
.0963
.0962
.0961
.0961
.096
.0959
.0959
.0958
.0957
.0957
.0956
.0955
.0955
.0954
.0954
.0953
.0952
.0952
.0951
.095
.095
.0949
.0948
.0948
.0947
.0946
.0946
.0945
.0944
.0944
.0943
.0942
.0942
.0941
.0941
.094
.0939
.0939
.0938
.0937
.0937
.0936
.0935
.0935
.0934
.0934
.0933
.0932
.0932
.0931
.093
.093
.0929
.0929
.0928
.0927
.0927
.0926
.0925
.0925
.0924
.0924
.0923
.0922
.0922
.0921
.092
.092
.0919
.0919
.0918
.0917
.0917
.0916
.0916
.0915
.0914
.0914
.0913
.0913
.0912
.0911
.0911
.091
.0909
.0909
.0908
.0908
.0907
.0906
.0906
.0905
.0905
.0904
.0904
.0903
.0902
.0902
.0901
.0901
.09
.0899
.0899
.0898
.0898
.0897
.0896
.0896
.0895
.0895
.0894
.0894
.0893
.0892
.0892
.0891
.0891
.089
.0889
.0889
.0888
.0888
.0887
.0887
.0886
.0885
.0885
.0884
.0884
.0883
.0883
.0882
.0881
.0881
.088
.088
.0879
.0879
.0878
.0878
.0877
.0876
.0876
.0875
.0875
.0874
.0874
.0873
.0872
.0872
.0871
.0871
.087
.087
.0869
.0869
.0868
.0868
.0867
.0866
.0866
.0865
.0865
.0864
.0864
.0863
.0863
.0862
.0862
.0861
.086
.086
.0859
.0859
.0858
.0858
.0857
.0857
.0856
.0856
.0855
.0855
.0854
.0853
.0853
.0852
.0852
.0851
.0851
.085
.085
.0849
.0849
.0848
.0848
.0847
.0847
.0846
.0846
.0845
.0844
.0844
.0843
.0843
.0842
.0842
.0841
.0841
.084
.084
.0839
.0839
.0838
.0838
.0837
.0837
.0836
.0836
.0835
.0835
.0834
.0834
.0833
.0833
.0832
.0832
.0831
.0831
.083
.083
.0829
.0829
.0828
.0828
.0827
.0827
.0826
.0826
.0825
.0825
.0824
.0824
.0823
.0823
.0822
.0822
.0821
.0821
.082
.082
.0819
.0819
.0818
.0818
.0817
.0817
.0816
.0816
.0815
.0815
.0814
.0814
.0813
.0813
.0812
.0812
.0811
.0811
.081
.081
.0809
.0809
.0808
.0808
.0807
.0807
.0806
.0806
.0806
.0805
.0805
.0804
.0804
.0803
.0803
.0802
.0802
.0801
.0801
.08
.08
.0799
.0799
.0798
.0798
.0797
.0797
.0797
.0796
.0796
.0795
.0795
.0794
.0794
.0793
.0793
.0792
.0792
.0791
.0791
.0791
.079
.079
.0789
.0789
.0788
.0788
.0787
.0787
.0786
.0786
.0785
.0785
.0785
.0784
.0784
.0783
.0783
.0782
.0782
.0781
.0781
.0781
.078
.078
.0779
.0779
.0778
.0778
.0777
.0777
.0776
.0776
.0776
.0775
.0775
.0774
.0774
.0773
.0773
.0772
.0772
.0772
.0771
.0771
.077
.077
.0769
.0769
.0769
.0768
.0768
.0767
.0767
.0766
.0766
.0766
.0765
.0765
.0764
.0764
.0763
.0763
.0762
.0762
.0762
.0761
.0761
.076
.076
.0759
.0759
.0759
.0758
.0758
.0757
.0757
.0757
.0756
.0756
.0755
.0755
.0754
.0754
.0754
.0753
.0753
.0752
.0752
.0751
.0751
.0751
.075
.075
.0749
.0749
.0749
.0748
.0748
.0747
.0747
.0746
.0746
.0746
.0745
.0745
.0744
.0744
.0744
.0743
.0743
.0742
.0742
.0742
.0741
.0741
.074
.074
.074
.0739
.0739
.0738
.0738
.0737
.0737
.0737
.0736
.0736
.0735
.0735
.0735
.0734
.0734
.0733
.0733
.0733
.0732
.0732
.0731
.0731
.0731
.073
.073
.073
.0729
.0729
.0728
.0728
.0728
.0727
.0727
.0726
.0726
.0726
.0725
.0725
.0724
.0724
.0724
.0723
.0723
.0722
.0722
.0722
.0721
.0721
.0721
.072
.072
.0719
.0719
.0719
.0718
.0718
.0717
.0717
.0717
.0716
.0716
.0716
.0715
.0715
.0714
.0714
.0714
.0713
.0713
.0713
.0712
.0712
.0711
.0711
.0711
.071
.071
.071
.0709
.0709
.0708
.0708
.0708
.0707
.0707
.0707
.0706
.0706
.0705
.0705
.0705
.0704
.0704
.0704
.0703
.0703
.0702
.0702
.0702
.0701
.0701
.0701
.07
.07
.07
.0699
.0699
.0698
.0698
.0698
.0697
.0697
.0697
.0696
.0696
.0696
.0695
.0695
.0694
.0694
.0694
.0693
.0693
.0693
.0692
.0692
.0692
.0691
.0691
.0691
.069
.069
.0689
.0689
.0689
.0688
.0688
.0688
.0687
.0687
.0687
.0686
.0686
.0686
.0685
.0685
.0685
.0684
.0684
.0683
.0683
.0683
.0682
.0682
.0682
.0681
.0681
.0681
.068
.068
.068
.0679
.0679
.0679
.0678
.0678
.0678
.0677
.0677
.0677
.0676
.0676
.0676
.0675
.0675
.0675
.0674
.0674
.0673
.0673
.0673
.0672
.0672
.0672
.0671
.0671
.0671
.067
.067
.067
.0669
.0669
.0669
.0668
.0668
.0668
.0667
.0667
.0667
.0666
.0666
.0666
.0665
.0665
.0665
.0664
.0664
.0664
.0663
.0663
.0663
.0662
.0662
.0662
.0661
.0661
.0661
.066
.066
.066
.066
.0659
.0659
.0659
.0658
.0658
.0658
.0657
.0657
.0657
.0656
.0656
.0656
.0655
.0655
.0655
.0654
.0654
.0654
.0653
.0653
.0653
.0652
.0652
.0652
.0651
.0651
.0651
.0651
.065
.065
.065
.0649
.0649
.0649
.0648
.0648
.0648
.0647
.0647
.0647
.0646
.0646
.0646
.0645
.0645
.0645
.0645
.0644
.0644
.0644
.0643
.0643
.0643
.0642
.0642
.0642
.0641
.0641
.0641
.064
.064
.064
.064
.0639
.0639
.0639
.0638
.0638
.0638
.0637
.0637
.0637
.0637
.0636
.0636
.0636
.0635
.0635
.0635
.0634
.0634
.0634
.0633
.0633
.0633
.0633
.0632
.0632
.0632
.0631
.0631
.0631
.063
.063
.063
.063
.0629
.0629
.0629
.0628
.0628
.0628
.0627
.0627
.0627
.0627
.0626
.0626
.0626
.0625
.0625
.0625
.0625
.0624
.0624
.0624
.0623
.0623
.0623
.0622
.0622
.0622
.0622
.0621
.0621
.0621
.062
.062
.062
.062
.0619
.0619
.0619
.0618
.0618
.0618
.0618
.0617
.0617
.0617
.0616
.0616
.0616
.0616
.0615
.0615
.0615
.0614
.0614
.0614
.0614
.0613
.0613
.0613
.0612
.0612
.0612
.0612
.0611
.0611
.0611
.061
.061
.061
.061
.0609
.0609
.0609
.0608
.0608
.0608
.0608
.0607
.0607
.0607
.0607
.0606
.0606
.0606
.0605
.0605
.0605
.0605
.0604
.0604
.0604
.0603
.0603
.0603
.0603
.0602
.0602
.0602
.0602
.0601
.0601
.0601
.06
.06
.06
.06
.0599
.0599
.0599
.0599
.0598
.0598
.0598
.0598
.0597
.0597
.0597
.0596
.0596
.0596
.0596
.0595
.0595
.0595
.0595
.0594
.0594
.0594
.0593
.0593
.0593
.0593
.0592
.0592
.0592
.0592
.0591
.0591
.0591
.0591
.059
.059
.059
.059
.0589
.0589
.0589
.0588
.0588
.0588
.0588
.0587
.0587
.0587
.0587
.0586
.0586
.0586
.0586
.0585
.0585
.0585
.0585
.0584
.0584
.0584
.0584
.0583
.0583
.0583
.0582
.0582
.0582
.0582
.0581
.0581
.0581
.0581
.058
.058
.058
.058
.0579
.0579
.0579
.0579
.0578
.0578
.0578
.0578
.0577
.0577
.0577
.0577
.0576
.0576
.0576
.0576
.0575
.0575
.0575
.0575
.0574
.0574
.0574
.0574
.0573
.0573
.0573
.0573
.0572
.0572
.0572
.0572
.0571
.0571
.0571
.0571
.057
.057
.057
.057
.0569
.0569
.0569
.0569
.0568
.0568
.0568
.0568
.0567
.0567
.0567
.0567
.0566
.0566
.0566
.0566
.0565
.0565
.0565
.0565
.0565
.0564
.0564
.0564
.0564
.0563
.0563
.0563
.0563
.0562
.0562
.0562
.0562
.0561
.0561
.0561
.0561
.056
.056
.056
.056
.0559
.0559
.0559
.0559
.0559
.0558
.0558
.0558
.0558
.0557
.0557
.0557
.0557
.0556
.0556
.0556
.0556
.0555
.0555
.0555
.0555
.0554
.0554
.0554
.0554
.0554
.0553
.0553
.0553
.0553
.0552
.0552
.0552
.0552
.0551
.0551
.0551
.0551
.0551
.055
.055
.055
.055
.0549
.0549
.0549
.0549
.0548
.0548
.0548
.0548
.0548
.0547
.0547
.0547
.0547
.0546
.0546
.0546
.0546
.0546
.0545
.0545
.0545
.0545
.0544
.0544
.0544
.0544
.0543
.0543
.0543
.0543
.0543
.0542
.0542
.0542
.0542
.0541
.0541
.0541
.0541
.0541
.054
.054
.054
.054
.0539
.0539
.0539
.0539
.0539
.0538
.0538
.0538
.0538
.0537
.0537
.0537
.0537
.0537
.0536
.0536
.0536
.0536
.0535
.0535
.0535
.0535
.0535
.0534
.0534
.0534
.0534
.0534
.0533
.0533
.0533
.0533
.0532
.0532
.0532
.0532
.0532
.0531
.0531
.0531
.0531
.053
.053
.053
.053
.053
.0529
.0529
.0529
.0529
.0529
.0528
.0528
.0528
.0528
.0527
.0527
.0527
.0527
.0527
.0526
.0526
.0526
.0526
.0526
.0525
.0525
.0525
.0525
.0525
.0524
.0524
.0524
.0524
.0523
.0523
.0523
.0523
.0523
.0522
.0522
.0522
.0522
.0522
.0521
.0521
.0521
.0521
.0521
.052
.052
.052
.052
.052
.0519
.0519
.0519
.0519
.0518
.0518
.0518
.0518
.0518
.0517
.0517
.0517
.0517
.0517
.0516
.0516
.0516
.0516
.0516
.0515
.0515
.0515
.0515
.0515
.0514
.0514
.0514
.0514
.0514
.0513
.0513
.0513
.0513
.0513
.0512
.0512
.0512
.0512
.0512
.0511
.0511
.0511
.0511
.0511
.051
.051
.051
.051
.051
.0509
.0509
.0509
.0509
.0509
.0508
.0508
.0508
.0508
.0508
.0507
.0507
.0507
.0507
.0507
.0506
.0506
.0506
.0506
.0506
.0505
.0505
.0505
.0505
.0505
.0504
.0504
.0504
.0504
.0504
.0503
.0503
.0503
.0503
.0503
.0502
.0502
.0502
.0502
.0502
.0502
.0501
.0501
.0501
.0501
.0501
.05
.05
.05
