.6249
.6225
.6201
.6177
.6152
.6128
.6103
.6079
.6055
.603
.6006
.5981
.5957
.5933
.5909
.5885
.5861
.5838
.5814
.5791
.5768
.5746
.5723
.5701
.568
.5659
.5638
.5617
.5597
.5577
.5558
.554
.5521
.5504
.5486
.547
.5453
.5438
.5422
.5408
.5394
.538
.5367
.5354
.5342
.5331
.532
.5309
.5299
.5289
.528
.5271
.5263
.5255
.5247
.524
.5233
.5227
.522
.5215
.5209
.5204
.5199
.5194
.519
.5186
.5182
.5178
.5175
.5171
.5168
.5165
.5163
.516
.5157
.5155
.5153
.5151
.5149
.5147
.5146
.5144
.5142
.5141
.514
.5138
.5137
.5136
.5135
.5134
.5133
.5132
.5131
.5131
.513
.5129
.5129
.5128
.5127
.5127
.5126
.5126
.5125
.5125
.5124
.5124
.5123
.5123
.5123
.5122
.5122
.5122
.5121
.5121
.5121
.512
.512
.512
.512
.5119
.5119
.5119
.5119
.5118
.5118
.5118
.5118
.5117
.5117
.5117
.5117
.5117
.5116
.5116
.5116
.5116
.5116
.5115
.5115
.5115
.5115
.5115
.5114
.5114
.5114
.5114
.5114
.5113
.5113
.5113
.5113
.5113
.5112
.5112
.5112
.5112
.5112
.5112
.5111
.5111
.5111
.5111
.5111
.511
.511
.511
.511
.511
.511
.5109
.5109
.5109
.5109
.5109
.5108
.5108
.5108
.5108
.5108
.5107
.5107
.5107
.5107
.5107
.5106
.5106
.5106
.5106
.5106
.5105
.5105
.5105
.5105
.5105
.5104
.5104
.5104
.5104
.5104
.5103
.5103
.5103
.5103
.5103
.5102
.5102
.5102
.5102
.5102
.5101
.5101
.5101
.5101
.5101
.51
.51
.51
.51
.51
.5099
.5099
.5099
.5099
.5098
.5098
.5098
.5098
.5098
.5097
.5097
.5097
.5097
.5096
.5096
.5096
.5096
.5096
.5095
.5095
.5095
.5095
.5094
.5094
.5094
.5094
.5093
.5093
.5093
.5093
.5093
.5092
.5092
.5092
.5092
.5091
.5091
.5091
.5091
.509
.509
.509
.509
.5089
.5089
.5089
.5089
.5088
.5088
.5088
.5088
.5087
.5087
.5087
.5087
.5086
.5086
.5086
.5086
.5085
.5085
.5085
.5085
.5084
.5084
.5084
.5084
.5083
.5083
.5083
.5082
.5082
.5082
.5082
.5081
.5081
.5081
.5081
.508
.508
.508
.5079
.5079
.5079
.5079
.5078
.5078
.5078
.5077
.5077
.5077
.5077
.5076
.5076
.5076
.5075
.5075
.5075
.5074
.5074
.5074
.5074
.5073
.5073
.5073
.5072
.5072
.5072
.5071
.5071
.5071
.507
.507
.507
.5069
.5069
.5069
.5069
.5068
.5068
.5068
.5067
.5067
.5067
.5066
.5066
.5066
.5065
.5065
.5064
.5064
.5064
.5063
.5063
.5063
.5062
.5062
.5062
.5061
.5061
.5061
.506
.506
.5059
.5059
.5059
.5058
.5058
.5058
.5057
.5057
.5056
.5056
.5056
.5055
.5055
.5055
.5054
.5054
.5053
.5053
.5053
.5052
.5052
.5051
.5051
.505
.505
.505
.5049
.5049
.5048
.5048
.5048
.5047
.5047
.5046
.5046
.5045
.5045
.5044
.5044
.5044
.5043
.5043
.5042
.5042
.5041
.5041
.504
.504
.5039
.5039
.5038
.5038
.5037
.5037
.5037
.5036
.5036
.5035
.5035
.5034
.5034
.5033
.5033
.5032
.5031
.5031
.503
.503
.5029
.5029
.5028
.5028
.5027
.5027
.5026
.5026
.5025
.5024
.5024
.5023
.5023
.5022
.5022
.5021
.502
.502
.5019
.5019
.5018
.5017
.5017
.5016
.5016
.5015
.5014
.5014
.5013
.5013
.5012
.5011
.5011
.501
.5009
.5009
.5008
.5007
.5007
.5006
.5005
.5005
.5004
.5003
.5003
.5002
.5001
.5
.5
.4999
.4998
.4998
.4997
.4996
.4995
.4995
.4994
.4993
.4992
.4992
.4991
.499
.4989
.4989
.4988
.4987
.4986
.4985
.4985
.4984
.4983
.4982
.4981
.498
.498
.4979
.4978
.4977
.4976
.4975
.4974
.4974
.4973
.4972
.4971
.497
.4969
.4968
.4967
.4966
.4965
.4965
.4964
.4963
.4962
.4961
.496
.4959
.4958
.4957
.4956
.4955
.4954
.4953
.4952
.4951
.495
.4949
.4948
.4947
.4946
.4945
.4943
.4942
.4941
.494
.4939
.4938
.4937
.4936
.4935
.4934
.4932
.4931
.493
.4929
.4928
.4927
.4925
.4924
.4923
.4922
.4921
.4919
.4918
.4917
.4916
.4915
.4913
.4912
.4911
.4909
.4908
.4907
.4906
.4904
.4903
.4902
.49
.4899
.4898
.4896
.4895
.4894
.4892
.4891
.4889
.4888
.4887
.4885
.4884
.4882
.4881
.4879
.4878
.4876
.4875
.4873
.4872
.487
.4869
.4867
.4866
.4864
.4863
.4861
.486
.4858
.4857
.4855
.4853
.4852
.485
.4848
.4847
.4845
.4844
.4842
.484
.4839
.4837
.4835
.4833
.4832
.483
.4828
.4826
.4825
.4823
.4821
.4819
.4818
.4816
.4814
.4812
.481
.4809
.4807
.4805
.4803
.4801
.4799
.4797
.4795
.4794
.4792
.479
.4788
.4786
.4784
.4782
.478
.4778
.4776
.4774
.4772
.477
.4768
.4766
.4764
.4762
.476
.4758
.4755
.4753
.4751
.4749
.4747
.4745
.4743
.4741
.4738
.4736
.4734
.4732
.473
.4728
.4725
.4723
.4721
.4719
.4716
.4714
.4712
.471
.4707
.4705
.4703
.47
.4698
.4696
.4693
.4691
.4689
.4686
.4684
.4682
.4679
.4677
.4674
.4672
.4669
.4667
.4665
.4662
.466
.4657
.4655
.4652
.465
.4647
.4645
.4642
.464
.4637
.4635
.4632
.4629
.4627
.4624
.4622
.4619
.4617
.4614
.4611
.4609
.4606
.4603
.4601
.4598
.4595
.4593
.459
.4587
.4585
.4582
.4579
.4577
.4574
.4571
.4568
.4566
.4563
.456
.4557
.4555
.4552
.4549
.4546
.4543
.4541
.4538
.4535
.4532
.4529
.4526
.4524
.4521
.4518
.4515
.4512
.4509
.4506
.4503
.4501
.4498
.4495
.4492
.4489
.4486
.4483
.448
.4477
.4474
.4471
.4468
.4465
.4462
.4459
.4456
.4453
.445
.4447
.4444
.4441
.4438
.4435
.4432
.4429
.4426
.4423
.442
.4417
.4414
.4411
.4408
.4405
.4402
.4399
.4395
.4392
.4389
.4386
.4383
.438
.4377
.4374
.4371
.4367
.4364
.4361
.4358
.4355
.4352
.4349
.4345
.4342
.4339
.4336
.4333
.433
.4326
.4323
.432
.4317
.4314
.431
.4307
.4304
.4301
.4298
.4294
.4291
.4288
.4285
.4281
.4278
.4275
.4272
.4269
.4265
.4262
.4259
.4256
.4252
.4249
.4246
.4243
.4239
.4236
.4233
.4229
.4226
.4223
.422
.4216
.4213
.421
.4207
.4203
.42
.4197
.4193
.419
.4187
.4183
.418
.4177
.4174
.417
.4167
.4164
.416
.4157
.4154
.415
.4147
.4144
.414
.4137
.4134
.413
.4127
.4124
.412
.4117
.4114
.411
.4107
.4104
.41
.4097
.4094
.409
.4087
.4084
.408
.4077
.4074
.407
.4067
.4064
.406
.4057
.4054
.405
.4047
.4044
.404
.4037
.4034
.403
.4027
.4024
.402
.4017
.4014
.401
.4007
.4004
.4
.3997
.3993
.399
.3987
.3983
.398
.3977
.3973
.397
.3967
.3963
.396
.3957
.3953
.395
.3947
.3943
.394
.3937
.3933
.393
.3927
.3923
.392
.3917
.3913
.391
.3907
.3903
.39
.3897
.3893
.389
.3887
.3883
.388
.3877
.3873
.387
.3867
.3863
.386
.3857
.3853
.385
.3847
.3843
.384
.3837
.3833
.383
.3827
.3823
.382
.3817
.3814
.381
.3807
.3804
.38
.3797
.3794
.379
.3787
.3784
.3781
.3777
.3774
.3771
.3767
.3764
.3761
.3758
.3754
.3751
.3748
.3744
.3741
.3738
.3735
.3731
.3728
.3725
.3722
.3718
.3715
.3712
.3709
.3705
.3702
.3699
.3696
.3692
.3689
.3686
.3683
.3679
.3676
.3673
.367
.3666
.3663
.366
.3657
.3653
.365
.3647
.3644
.3641
.3637
.3634
.3631
.3628
.3625
.3621
.3618
.3615
.3612
.3609
.3605
.3602
.3599
.3596
.3593
.3589
.3586
.3583
.358
.3577
.3574
.357
.3567
.3564
.3561
.3558
.3555
.3552
.3548
.3545
.3542
.3539
.3536
.3533
.353
.3526
.3523
.352
.3517
.3514
.3511
.3508
.3505
.3501
.3498
.3495
.3492
.3489
.3486
.3483
.348
.3477
.3474
.347
.3467
.3464
.3461
.3458
.3455
.3452
.3449
.3446
.3443
.344
.3437
.3434
.3431
.3428
.3425
.3421
.3418
.3415
.3412
.3409
.3406
.3403
.34
.3397
.3394
.3391
.3388
.3385
.3382
.3379
.3376
.3373
.337
.3367
.3364
.3361
.3358
.3355
.3352
.3349
.3346
.3343
.334
.3337
.3334
.3331
.3328
.3326
.3323
.332
.3317
.3314
.3311
.3308
.3305
.3302
.3299
.3296
.3293
.329
.3287
.3284
.3282
.3279
.3276
.3273
.327
.3267
.3264
.3261
.3258
.3255
.3253
.325
.3247
.3244
.3241
.3238
.3235
.3232
.323
.3227
.3224
.3221
.3218
.3215
.3212
.321
.3207
.3204
.3201
.3198
.3195
.3193
.319
.3187
.3184
.3181
.3178
.3176
.3173
.317
.3167
.3164
.3162
.3159
.3156
.3153
.3151
.3148
.3145
.3142
.3139
.3137
.3134
.3131
.3128
.3126
.3123
.312
.3117
.3115
.3112
.3109
.3106
.3104
.3101
.3098
.3095
.3093
.309
.3087
.3085
.3082
.3079
.3076
.3074
.3071
.3068
.3066
.3063
.306
.3058
.3055
.3052
.3049
.3047
.3044
.3041
.3039
.3036
.3033
.3031
.3028
.3026
.3023
.302
.3018
.3015
.3012
.301
.3007
.3004
.3002
.2999
.2996
.2994
.2991
.2989
.2986
.2983
.2981
.2978
.2976
.2973
.297
.2968
.2965
.2963
.296
.2957
.2955
.2952
.295
.2947
.2945
.2942
.2939
.2937
.2934
.2932
.2929
.2927
.2924
.2922
.2919
.2917
.2914
.2911
.2909
.2906
.2904
.2901
.2899
.2896
.2894
.2891
.2889
.2886
.2884
.2881
.2879
.2876
.2874
.2871
.2869
.2866
.2864
.2861
.2859
.2856
.2854
.2851
.2849
.2847
.2844
.2842
.2839
.2837
.2834
.2832
.2829
.2827
.2824
.2822
.282
.2817
.2815
.2812
.281
.2807
.2805
.2803
.28
.2798
.2795
.2793
.2791
.2788
.2786
.2783
.2781
.2779
.2776
.2774
.2771
.2769
.2767
.2764
.2762
.276
.2757
.2755
.2752
.275
.2748
.2745
.2743
.2741
.2738
.2736
.2734
.2731
.2729
.2727
.2724
.2722
.272
.2717
.2715
.2713
.271
.2708
.2706
.2703
.2701
.2699
.2697
.2694
.2692
.269
.2687
.2685
.2683
.2681
.2678
.2676
.2674
.2671
.2669
.2667
.2665
.2662
.266
.2658
.2656
.2653
.2651
.2649
.2647
.2644
.2642
.264
.2638
.2635
.2633
.2631
.2629
.2626
.2624
.2622
.262
.2618
.2615
.2613
.2611
.2609
.2606
.2604
.2602
.26
.2598
.2595
.2593
.2591
.2589
.2587
.2585
.2582
.258
.2578
.2576
.2574
.2572
.2569
.2567
.2565
.2563
.2561
.2559
.2556
.2554
.2552
.255
.2548
.2546
.2544
.2541
.2539
.2537
.2535
.2533
.2531
.2529
.2527
.2524
.2522
.252
.2518
.2516
.2514
.2512
.251
.2508
.2505
.2503
.2501
.2499
.2497
.2495
.2493
.2491
.2489
.2487
.2485
.2483
.248
.2478
.2476
.2474
.2472
.247
.2468
.2466
.2464
.2462
.246
.2458
.2456
.2454
.2452
.245
.2448
.2446
.2444
.2442
.244
.2438
.2435
.2433
.2431
.2429
.2427
.2425
.2423
.2421
.2419
.2417
.2415
.2413
.2411
.2409
.2407
.2405
.2403
.2401
.2399
.2397
.2395
.2393
.2392
.239
.2388
.2386
.2384
.2382
.238
.2378
.2376
.2374
.2372
.237
.2368
.2366
.2364
.2362
.236
.2358
.2356
.2354
.2352
.235
.2349
.2347
.2345
.2343
.2341
.2339
.2337
.2335
.2333
.2331
.2329
.2327
.2325
.2324
.2322
.232
.2318
.2316
.2314
.2312
.231
.2308
.2306
.2305
.2303
.2301
.2299
.2297
.2295
.2293
.2291
.229
.2288
.2286
.2284
.2282
.228
.2278
.2277
.2275
.2273
.2271
.2269
.2267
.2265
.2264
.2262
.226
.2258
.2256
.2254
.2252
.2251
.2249
.2247
.2245
.2243
.2242
.224
.2238
.2236
.2234
.2232
.2231
.2229
.2227
.2225
.2223
.2222
.222
.2218
.2216
.2214
.2213
.2211
.2209
.2207
.2205
.2204
.2202
.22
.2198
.2196
.2195
.2193
.2191
.2189
.2188
.2186
.2184
.2182
.218
.2179
.2177
.2175
.2173
.2172
.217
.2168
.2166
.2165
.2163
.2161
.2159
.2158
.2156
.2154
.2152
.2151
.2149
.2147
.2145
.2144
.2142
.214
.2139
.2137
.2135
.2133
.2132
.213
.2128
.2126
.2125
.2123
.2121
.212
.2118
.2116
.2114
.2113
.2111
.2109
.2108
.2106
.2104
.2103
.2101
.2099
.2097
.2096
.2094
.2092
.2091
.2089
.2087
.2086
.2084
.2082
.2081
.2079
.2077
.2076
.2074
.2072
.2071
.2069
.2067
.2066
.2064
.2062
.2061
.2059
.2057
.2056
.2054
.2052
.2051
.2049
.2047
.2046
.2044
.2042
.2041
.2039
.2038
.2036
.2034
.2033
.2031
.2029
.2028
.2026
.2024
.2023
.2021
.202
.2018
.2016
.2015
.2013
.2011
.201
.2008
.2007
.2005
.2003
.2002
.2
.1999
.1997
.1995
.1994
.1992
.1991
.1989
.1987
.1986
.1984
.1983
.1981
.1979
.1978
.1976
.1975
.1973
.1971
.197
.1968
.1967
.1965
.1963
.1962
.196
.1959
.1957
.1956
.1954
.1952
.1951
.1949
.1948
.1946
.1945
.1943
.1941
.194
.1938
.1937
.1935
.1934
.1932
.193
.1929
.1927
.1926
.1924
.1923
.1921
.192
.1918
.1916
.1915
.1913
.1912
.191
.1909
.1907
.1906
.1904
.1903
.1901
.1899
.1898
.1896
.1895
.1893
.1892
.189
.1889
.1887
.1886
.1884
.1883
.1881
.188
.1878
.1876
.1875
.1873
.1872
.187
.1869
.1867
.1866
.1864
.1863
.1861
.186
.1858
.1857
.1855
.1854
.1852
.1851
.1849
.1848
.1846
.1845
.1843
.1842
.184
.1839
.1837
.1836
.1834
.1833
.1831
.183
.1828
.1827
.1825
.1824
.1822
.1821
.1819
.1818
.1816
.1815
.1813
.1812
.181
.1809
.1807
.1806
.1804
.1803
.1801
.18
.1798
.1797
.1795
.1794
.1792
.1791
.1789
.1788
.1786
.1785
.1783
.1782
.1781
.1779
.1778
.1776
.1775
.1773
.1772
.177
.1769
.1767
.1766
.1764
.1763
.1761
.176
.1758
.1757
.1755
.1754
.1753
.1751
.175
.1748
.1747
.1745
.1744
.1742
.1741
.1739
.1738
.1736
.1735
.1734
.1732
.1731
.1729
.1728
.1726
.1725
.1723
.1722
.172
.1719
.1718
.1716
.1715
.1713
.1712
.171
.1709
.1707
.1706
.1704
.1703
.1702
.17
.1699
.1697
.1696
.1694
.1693
.1691
.169
.1688
.1687
.1686
.1684
.1683
.1681
.168
.1678
.1677
.1675
.1674
.1673
.1671
.167
.1668
.1667
.1665
.1664
.1662
.1661
.166
.1658
.1657
.1655
.1654
.1652
.1651
.1649
.1648
.1647
.1645
.1644
.1642
.1641
.1639
.1638
.1637
.1635
.1634
.1632
.1631
.1629
.1628
.1626
.1625
.1624
.1622
.1621
.1619
.1618
.1616
.1615
.1614
.1612
.1611
.1609
.1608
.1606
.1605
.1603
.1602
.1601
.1599
.1598
.1596
.1595
.1593
.1592
.1591
.1589
.1588
.1586
.1585
.1583
.1582
.1581
.1579
.1578
.1576
.1575
.1573
.1572
.1571
.1569
.1568
.1566
.1565
.1563
.1562
.1561
.1559
.1558
.1556
.1555
.1553
.1552
.1551
.1549
.1548
.1546
.1545
.1543
.1542
.1541
.1539
.1538
.1536
.1535
.1533
.1532
.1531
.1529
.1528
.1526
.1525
.1523
.1522
.1521
.1519
.1518
.1516
.1515
.1513
.1512
.1511
.1509
.1508
.1506
.1505
.1503
.1502
.1501
.1499
.1498
.1496
.1495
.1494
.1492
.1491
.1489
.1488
.1486
.1485
.1484
.1482
.1481
.1479
.1478
.1476
.1475
.1474
.1472
.1471
.1469
.1468
.1467
.1465
.1464
.1462
.1461
.146
.1458
.1457
.1455
.1454
.1452
.1451
.145
.1448
.1447
.1445
.1444
.1443
.1441
.144
.1438
.1437
.1436
.1434
.1433
.1431
.143
.1429
.1427
.1426
.1424
.1423
.1422
.142
.1419
.1417
.1416
.1415
.1413
.1412
.141
.1409
.1408
.1406
.1405
.1403
.1402
.1401
.1399
.1398
.1396
.1395
.1394
.1392
.1391
.139
.1388
.1387
.1385
.1384
.1383
.1381
.138
.1378
.1377
.1376
.1374
.1373
.1372
.137
.1369
.1367
.1366
.1365
.1363
.1362
.1361
.1359
.1358
.1357
.1355
.1354
.1352
.1351
.135
.1348
.1347
.1346
.1344
.1343
.1342
.134
.1339
.1338
.1336
.1335
.1334
.1332
.1331
.133
.1328
.1327
.1325
.1324
.1323
.1321
.132
.1319
.1317
.1316
.1315
.1314
.1312
.1311
.131
.1308
.1307
.1306
.1304
.1303
.1302
.13
.1299
.1298
.1296
.1295
.1294
.1292
.1291
.129
.1289
.1287
.1286
.1285
.1283
.1282
.1281
.1279
.1278
.1277
.1276
.1274
.1273
.1272
.127
.1269
.1268
.1267
.1265
.1264
.1263
.1262
.126
.1259
.1258
.1256
.1255
.1254
.1253
.1251
.125
.1249
.1248
.1246
.1245
.1244
.1243
.1241
.124
.1239
.1238
.1236
.1235
.1234
.1233
.1232
.123
.1229
.1228
.1227
.1225
.1224
.1223
.1222
.1221
.1219
.1218
.1217
.1216
.1214
.1213
.1212
.1211
.121
.1208
.1207
.1206
.1205
.1204
.1203
.1201
.12
.1199
.1198
.1197
.1195
.1194
.1193
.1192
.1191
.119
.1188
.1187
.1186
.1185
.1184
.1183
.1181
.118
.1179
.1178
.1177
.1176
.1174
.1173
.1172
.1171
.117
.1169
.1168
.1167
.1165
.1164
.1163
.1162
.1161
.116
.1159
.1157
.1156
.1155
.1154
.1153
.1152
.1151
.115
.1149
.1148
.1146
.1145
.1144
.1143
.1142
.1141
.114
.1139
.1138
.1137
.1135
.1134
.1133
.1132
.1131
.113
.1129
.1128
.1127
.1126
.1125
.1124
.1123
.1122
.1121
.1119
.1118
.1117
.1116
.1115
.1114
.1113
.1112
.1111
.111
.1109
.1108
.1107
.1106
.1105
.1104
.1103
.1102
.1101
.11
.1099
.1098
.1097
.1096
.1095
.1094
.1093
.1092
.1091
.109
.1089
.1088
.1087
.1086
.1085
.1084
.1083
.1082
.1081
.108
.1079
.1078
.1077
.1076
.1075
.1074
.1073
.1072
.1071
.107
.1069
.1068
.1067
.1066
.1065
.1064
.1063
.1062
.1061
.106
.1059
.1058
.1057
.1056
.1055
.1054
.1054
.1053
.1052
.1051
.105
.1049
.1048
.1047
.1046
.1045
.1044
.1043
.1042
.1041
.1041
.104
.1039
.1038
.1037
.1036
.1035
.1034
.1033
.1032
.1031
.103
.103
.1029
.1028
.1027
.1026
.1025
.1024
.1023
.1022
.1022
.1021
.102
.1019
.1018
.1017
.1016
.1015
.1014
.1014
.1013
.1012
.1011
.101
.1009
.1008
.1007
.1007
.1006
.1005
.1004
.1003
.1002
.1001
.1001
.1
.0999
.0998
.0997
.0996
.0996
.0995
.0994
.0993
.0992
.0991
.099
.099
.0989
.0988
.0987
.0986
.0985
.0985
.0984
.0983
.0982
.0981
.0981
.098
.0979
.0978
.0977
.0976
.0976
.0975
.0974
.0973
.0972
.0972
.0971
.097
.0969
.0968
.0968
.0967
.0966
.0965
.0964
.0964
.0963
.0962
.0961
.096
.096
.0959
.0958
.0957
.0956
.0956
.0955
.0954
.0953
.0953
.0952
.0951
.095
.0949
.0949
.0948
.0947
.0946
.0946
.0945
.0944
.0943
.0943
.0942
.0941
.094
.094
.0939
.0938
.0937
.0937
.0936
.0935
.0934
.0934
.0933
.0932
.0931
.0931
.093
.0929
.0928
.0928
.0927
.0926
.0925
.0925
.0924
.0923
.0922
.0922
.0921
.092
.092
.0919
.0918
.0917
.0917
.0916
.0915
.0915
.0914
.0913
.0912
.0912
.0911
.091
.091
.0909
.0908
.0907
.0907
.0906
.0905
.0905
.0904
.0903
.0902
.0902
.0901
.09
.09
.0899
.0898
.0898
.0897
.0896
.0896
.0895
.0894
.0893
.0893
.0892
.0891
.0891
.089
.0889
.0889
.0888
.0887
.0887
.0886
.0885
.0885
.0884
.0883
.0883
.0882
.0881
.0881
.088
.0879
.0879
.0878
.0877
.0877
.0876
.0875
.0875
.0874
.0873
.0873
.0872
.0871
.0871
.087
.0869
.0869
.0868
.0867
.0867
.0866
.0865
.0865
.0864
.0864
.0863
.0862
.0862
.0861
.086
.086
.0859
.0858
.0858
.0857
.0856
.0856
.0855
.0855
.0854
.0853
.0853
.0852
.0851
.0851
.085
.085
.0849
.0848
.0848
.0847
.0846
.0846
.0845
.0845
.0844
.0843
.0843
.0842
.0842
.0841
.084
.084
.0839
.0838
.0838
.0837
.0837
.0836
.0835
.0835
.0834
.0834
.0833
.0832
.0832
.0831
.0831
.083
.0829
.0829
.0828
.0828
.0827
.0826
.0826
.0825
.0825
.0824
.0823
.0823
.0822
.0822
.0821
.082
.082
.0819
.0819
.0818
.0818
.0817
.0816
.0816
.0815
.0815
.0814
.0814
.0813
.0812
.0812
.0811
.0811
.081
.0809
.0809
.0808
.0808
.0807
.0807
.0806
.0805
.0805
.0804
.0804
.0803
.0803
.0802
.0802
.0801
.08
.08
.0799
.0799
.0798
.0798
.0797
.0797
.0796
.0795
.0795
.0794
.0794
.0793
.0793
.0792
.0792
.0791
.079
.079
.0789
.0789
.0788
.0788
.0787
.0787
.0786
.0786
.0785
.0784
.0784
.0783
.0783
.0782
.0782
.0781
.0781
.078
.078
.0779
.0779
.0778
.0777
.0777
.0776
.0776
.0775
.0775
.0774
.0774
.0773
.0773
.0772
.0772
.0771
.0771
.077
.077
.0769
.0769
.0768
.0767
.0767
.0766
.0766
.0765
.0765
.0764
.0764
.0763
.0763
.0762
.0762
.0761
.0761
.076
.076
.0759
.0759
.0758
.0758
.0757
.0757
.0756
.0756
.0755
.0755
.0754
.0754
.0753
.0753
.0752
.0752
.0751
.0751
.075
.075
.0749
.0749
.0748
.0748
.0747
.0747
.0746
.0746
.0745
.0745
.0744
.0744
.0743
.0743
.0742
.0742
.0741
.0741
.074
.074
.0739
.0739
.0738
.0738
.0737
.0737
.0736
.0736
.0735
.0735
.0734
.0734
.0734
.0733
.0733
.0732
.0732
.0731
.0731
.073
.073
.0729
.0729
.0728
.0728
.0727
.0727
.0726
.0726
.0725
.0725
.0725
.0724
.0724
.0723
.0723
.0722
.0722
.0721
.0721
.072
.072
.0719
.0719
.0718
.0718
.0718
.0717
.0717
.0716
.0716
.0715
.0715
.0714
.0714
.0713
.0713
.0713
.0712
.0712
.0711
.0711
.071
.071
.0709
.0709
.0708
.0708
.0708
.0707
.0707
.0706
.0706
.0705
.0705
.0704
.0704
.0704
.0703
.0703
.0702
.0702
.0701
.0701
.07
.07
.07
.0699
.0699
.0698
.0698
.0697
.0697
.0696
.0696
.0696
.0695
.0695
.0694
.0694
.0693
.0693
.0693
.0692
.0692
.0691
.0691
.069
.069
.069
.0689
.0689
.0688
.0688
.0687
.0687
.0687
.0686
.0686
.0685
.0685
.0684
.0684
.0684
.0683
.0683
.0682
.0682
.0681
.0681
.0681
.068
.068
.0679
.0679
.0678
.0678
.0678
.0677
.0677
.0676
.0676
.0676
.0675
.0675
.0674
.0674
.0674
.0673
.0673
.0672
.0672
.0671
.0671
.0671
.067
.067
.0669
.0669
.0669
.0668
.0668
.0667
.0667
.0667
.0666
.0666
.0665
.0665
.0665
.0664
.0664
.0663
.0663
.0663
.0662
.0662
.0661
.0661
.0661
.066
.066
.0659
.0659
.0659
.0658
.0658
.0657
.0657
.0657
.0656
.0656
.0655
.0655
.0655
.0654
.0654
.0653
.0653
.0653
.0652
.0652
.0651
.0651
.0651
.065
.065
.065
.0649
.0649
.0648
.0648
.0648
.0647
.0647
.0646
.0646
.0646
.0645
.0645
.0645
.0644
.0644
.0643
.0643
.0643
.0642
.0642
.0642
.0641
.0641
.064
.064
.064
.0639
.0639
.0639
.0638
.0638
.0637
.0637
.0637
.0636
.0636
.0636
.0635
.0635
.0634
.0634
.0634
.0633
.0633
.0633
.0632
.0632
.0631
.0631
.0631
.063
.063
.063
.0629
.0629
.0629
.0628
.0628
.0627
.0627
.0627
.0626
.0626
.0626
.0625
.0625
.0625
.0624
.0624
.0623
.0623
.0623
.0622
.0622
.0622
.0621
.0621
.0621
.062
.062
.062
.0619
.0619
.0618
.0618
.0618
.0617
.0617
.0617
.0616
.0616
.0616
.0615
.0615
.0615
.0614
.0614
.0614
.0613
.0613
.0612
.0612
.0612
.0611
.0611
.0611
.061
.061
.061
.0609
.0609
.0609
.0608
.0608
.0608
.0607
.0607
.0607
.0606
.0606
.0606
.0605
.0605
.0605
.0604
.0604
.0604
.0603
.0603
.0602
.0602
.0602
.0601
.0601
.0601
.06
.06
.06
.0599
.0599
.0599
.0598
.0598
.0598
.0597
.0597
.0597
.0596
.0596
.0596
.0595
.0595
.0595
.0594
.0594
.0594
.0593
.0593
.0593
.0592
.0592
.0592
.0592
.0591
.0591
.0591
.059
.059
.059
.0589
.0589
.0589
.0588
.0588
.0588
.0587
.0587
.0587
.0586
.0586
.0586
.0585
.0585
.0585
.0584
.0584
.0584
.0583
.0583
.0583
.0582
.0582
.0582
.0581
.0581
.0581
.0581
.058
.058
.058
.0579
.0579
.0579
.0578
.0578
.0578
.0577
.0577
.0577
.0576
.0576
.0576
.0575
.0575
.0575
.0575
.0574
.0574
.0574
.0573
.0573
.0573
.0572
.0572
.0572
.0571
.0571
.0571
.0571
.057
.057
.057
.0569
.0569
.0569
.0568
.0568
.0568
.0567
.0567
.0567
.0567
.0566
.0566
.0566
.0565
.0565
.0565
.0564
.0564
.0564
.0564
.0563
.0563
.0563
.0562
.0562
.0562
.0561
.0561
.0561
.0561
.056
.056
.056
.0559
.0559
.0559
.0558
.0558
.0558
.0558
.0557
.0557
.0557
.0556
.0556
.0556
.0556
.0555
.0555
.0555
.0554
.0554
.0554
.0553
.0553
.0553
.0553
.0552
.0552
.0552
.0551
.0551
.0551
.0551
.055
.055
.055
.0549
.0549
.0549
.0549
.0548
.0548
.0548
.0547
.0547
.0547
.0547
.0546
.0546
.0546
.0545
.0545
.0545
.0545
.0544
.0544
.0544
.0543
.0543
.0543
.0543
.0542
.0542
.0542
.0541
.0541
.0541
.0541
.054
.054
.054
.0539
.0539
.0539
.0539
.0538
.0538
.0538
.0538
.0537
.0537
.0537
.0536
.0536
.0536
.0536
.0535
.0535
.0535
.0535
.0534
.0534
.0534
.0533
.0533
.0533
.0533
.0532
.0532
.0532
.0532
.0531
.0531
.0531
.053
.053
.053
.053
.0529
.0529
.0529
.0529
.0528
.0528
.0528
.0527
.0527
.0527
.0527
.0526
.0526
.0526
.0526
.0525
.0525
.0525
.0525
.0524
.0524
.0524
.0523
.0523
.0523
.0523
.0522
.0522
.0522
.0522
.0521
.0521
.0521
.0521
.052
.052
.052
.052
.0519
.0519
.0519
.0518
.0518
.0518
.0518
.0517
.0517
.0517
.0517
.0516
.0516
.0516
.0516
.0515
.0515
.0515
.0515
.0514
.0514
.0514
.0514
.0513
.0513
.0513
.0513
.0512
.0512
.0512
.0512
.0511
.0511
.0511
.0511
.051
.051
.051
.051
.0509
.0509
.0509
.0509
.0508
.0508
.0508
.0508
.0507
.0507
.0507
.0507
.0506
.0506
.0506
.0506
.0505
.0505
.0505
.0505
.0504
.0504
.0504
.0504
.0503
.0503
.0503
.0503
.0502
.0502
.0502
.0502
.0501
.0501
.0501
.0501
.05
.05
.05
