.5635
.5623
.5611
.56
.5589
.5578
.5567
.5556
.5546
.5535
.5525
.5516
.5506
.5496
.5487
.5478
.5469
.5461
.5453
.5444
.5436
.5429
.5421
.5414
.5407
.54
.5393
.5387
.538
.5374
.5369
.5363
.5357
.5352
.5347
.5342
.5337
.5332
.5328
.5323
.5319
.5315
.5311
.5307
.5304
.53
.5297
.5294
.5291
.5288
.5285
.5282
.5279
.5277
.5274
.5272
.5269
.5267
.5265
.5263
.5261
.5259
.5257
.5255
.5254
.5252
.5251
.5249
.5248
.5246
.5245
.5243
.5242
.5241
.524
.5239
.5237
.5236
.5235
.5234
.5233
.5232
.5231
.5231
.523
.5229
.5228
.5227
.5226
.5226
.5225
.5224
.5224
.5223
.5222
.5222
.5221
.522
.522
.5219
.5218
.5218
.5217
.5217
.5216
.5216
.5215
.5215
.5214
.5214
.5213
.5213
.5212
.5212
.5211
.5211
.521
.521
.5209
.5209
.5209
.5208
.5208
.5207
.5207
.5206
.5206
.5206
.5205
.5205
.5204
.5204
.5203
.5203
.5203
.5202
.5202
.5201
.5201
.5201
.52
.52
.5199
.5199
.5199
.5198
.5198
.5198
.5197
.5197
.5196
.5196
.5196
.5195
.5195
.5194
.5194
.5194
.5193
.5193
.5192
.5192
.5192
.5191
.5191
.5191
.519
.519
.5189
.5189
.5189
.5188
.5188
.5187
.5187
.5187
.5186
.5186
.5185
.5185
.5185
.5184
.5184
.5183
.5183
.5183
.5182
.5182
.5181
.5181
.5181
.518
.518
.5179
.5179
.5179
.5178
.5178
.5177
.5177
.5177
.5176
.5176
.5175
.5175
.5174
.5174
.5174
.5173
.5173
.5172
.5172
.5171
.5171
.5171
.517
.517
.5169
.5169
.5169
.5168
.5168
.5167
.5167
.5166
.5166
.5165
.5165
.5165
.5164
.5164
.5163
.5163
.5162
.5162
.5161
.5161
.5161
.516
.516
.5159
.5159
.5158
.5158
.5157
.5157
.5156
.5156
.5156
.5155
.5155
.5154
.5154
.5153
.5153
.5152
.5152
.5151
.5151
.515
.515
.5149
.5149
.5148
.5148
.5147
.5147
.5146
.5146
.5145
.5145
.5144
.5144
.5143
.5143
.5142
.5142
.5141
.5141
.514
.514
.5139
.5139
.5138
.5138
.5137
.5137
.5136
.5136
.5135
.5135
.5134
.5134
.5133
.5133
.5132
.5131
.5131
.513
.513
.5129
.5129
.5128
.5128
.5127
.5127
.5126
.5125
.5125
.5124
.5124
.5123
.5123
.5122
.5121
.5121
.512
.512
.5119
.5119
.5118
.5117
.5117
.5116
.5116
.5115
.5114
.5114
.5113
.5113
.5112
.5111
.5111
.511
.5109
.5109
.5108
.5108
.5107
.5106
.5106
.5105
.5104
.5104
.5103
.5102
.5102
.5101
.51
.51
.5099
.5098
.5098
.5097
.5096
.5096
.5095
.5094
.5094
.5093
.5092
.5092
.5091
.509
.509
.5089
.5088
.5087
.5087
.5086
.5085
.5085
.5084
.5083
.5082
.5082
.5081
.508
.5079
.5079
.5078
.5077
.5076
.5076
.5075
.5074
.5073
.5073
.5072
.5071
.507
.5069
.5069
.5068
.5067
.5066
.5065
.5065
.5064
.5063
.5062
.5061
.5061
.506
.5059
.5058
.5057
.5056
.5055
.5055
.5054
.5053
.5052
.5051
.505
.5049
.5049
.5048
.5047
.5046
.5045
.5044
.5043
.5042
.5041
.504
.504
.5039
.5038
.5037
.5036
.5035
.5034
.5033
.5032
.5031
.503
.5029
.5028
.5027
.5026
.5025
.5024
.5023
.5022
.5021
.502
.5019
.5018
.5017
.5016
.5015
.5014
.5013
.5012
.5011
.501
.5009
.5008
.5007
.5006
.5005
.5004
.5003
.5001
.5
.4999
.4998
.4997
.4996
.4995
.4994
.4993
.4991
.499
.4989
.4988
.4987
.4986
.4985
.4983
.4982
.4981
.498
.4979
.4978
.4976
.4975
.4974
.4973
.4972
.497
.4969
.4968
.4967
.4966
.4964
.4963
.4962
.4961
.4959
.4958
.4957
.4955
.4954
.4953
.4952
.495
.4949
.4948
.4946
.4945
.4944
.4943
.4941
.494
.4939
.4937
.4936
.4935
.4933
.4932
.4931
.4929
.4928
.4926
.4925
.4924
.4922
.4921
.4919
.4918
.4917
.4915
.4914
.4912
.4911
.491
.4908
.4907
.4905
.4904
.4902
.4901
.4899
.4898
.4897
.4895
.4894
.4892
.4891
.4889
.4888
.4886
.4885
.4883
.4882
.488
.4879
.4877
.4876
.4874
.4873
.4871
.487
.4868
.4866
.4865
.4863
.4862
.486
.4859
.4857
.4855
.4854
.4852
.4851
.4849
.4848
.4846
.4844
.4843
.4841
.484
.4838
.4836
.4835
.4833
.4832
.483
.4828
.4827
.4825
.4823
.4822
.482
.4818
.4817
.4815
.4813
.4812
.481
.4809
.4807
.4805
.4804
.4802
.48
.4799
.4797
.4795
.4793
.4792
.479
.4788
.4787
.4785
.4783
.4782
.478
.4778
.4777
.4775
.4773
.4771
.477
.4768
.4766
.4765
.4763
.4761
.4759
.4758
.4756
.4754
.4753
.4751
.4749
.4747
.4746
.4744
.4742
.474
.4739
.4737
.4735
.4733
.4732
.473
.4728
.4727
.4725
.4723
.4721
.472
.4718
.4716
.4714
.4713
.4711
.4709
.4707
.4706
.4704
.4702
.47
.4699
.4697
.4695
.4693
.4692
.469
.4688
.4686
.4685
.4683
.4681
.4679
.4678
.4676
.4674
.4672
.4671
.4669
.4667
.4665
.4664
.4662
.466
.4659
.4657
.4655
.4653
.4652
.465
.4648
.4646
.4645
.4643
.4641
.4639
.4638
.4636
.4634
.4633
.4631
.4629
.4627
.4626
.4624
.4622
.4621
.4619
.4617
.4615
.4614
.4612
.461
.4609
.4607
.4605
.4604
.4602
.46
.4598
.4597
.4595
.4593
.4592
.459
.4588
.4587
.4585
.4583
.4582
.458
.4578
.4577
.4575
.4573
.4572
.457
.4568
.4567
.4565
.4563
.4562
.456
.4558
.4557
.4555
.4553
.4552
.455
.4549
.4547
.4545
.4544
.4542
.454
.4539
.4537
.4536
.4534
.4532
.4531
.4529
.4528
.4526
.4524
.4523
.4521
.452
.4518
.4516
.4515
.4513
.4512
.451
.4509
.4507
.4505
.4504
.4502
.4501
.4499
.4498
.4496
.4495
.4493
.4491
.449
.4488
.4487
.4485
.4484
.4482
.4481
.4479
.4478
.4476
.4475
.4473
.4472
.447
.4469
.4467
.4466
.4464
.4463
.4461
.446
.4458
.4457
.4455
.4454
.4452
.4451
.4449
.4448
.4447
.4445
.4444
.4442
.4441
.4439
.4438
.4436
.4435
.4434
.4432
.4431
.4429
.4428
.4426
.4425
.4424
.4422
.4421
.4419
.4418
.4417
.4415
.4414
.4412
.4411
.441
.4408
.4407
.4405
.4404
.4403
.4401
.44
.4399
.4397
.4396
.4394
.4393
.4392
.439
.4389
.4388
.4386
.4385
.4384
.4382
.4381
.438
.4378
.4377
.4376
.4374
.4373
.4372
.437
.4369
.4368
.4367
.4365
.4364
.4363
.4361
.436
.4359
.4358
.4356
.4355
.4354
.4352
.4351
.435
.4349
.4347
.4346
.4345
.4344
.4342
.4341
.434
.4339
.4337
.4336
.4335
.4334
.4332
.4331
.433
.4329
.4327
.4326
.4325
.4324
.4322
.4321
.432
.4319
.4318
.4316
.4315
.4314
.4313
.4312
.431
.4309
.4308
.4307
.4306
.4304
.4303
.4302
.4301
.43
.4298
.4297
.4296
.4295
.4294
.4293
.4291
.429
.4289
.4288
.4287
.4286
.4284
.4283
.4282
.4281
.428
.4279
.4277
.4276
.4275
.4274
.4273
.4272
.4271
.4269
.4268
.4267
.4266
.4265
.4264
.4263
.4262
.426
.4259
.4258
.4257
.4256
.4255
.4254
.4253
.4251
.425
.4249
.4248
.4247
.4246
.4245
.4244
.4242
.4241
.424
.4239
.4238
.4237
.4236
.4235
.4234
.4233
.4231
.423
.4229
.4228
.4227
.4226
.4225
.4224
.4223
.4222
.422
.4219
.4218
.4217
.4216
.4215
.4214
.4213
.4212
.4211
.4209
.4208
.4207
.4206
.4205
.4204
.4203
.4202
.4201
.42
.4199
.4197
.4196
.4195
.4194
.4193
.4192
.4191
.419
.4189
.4188
.4187
.4185
.4184
.4183
.4182
.4181
.418
.4179
.4178
.4177
.4176
.4175
.4173
.4172
.4171
.417
.4169
.4168
.4167
.4166
.4165
.4163
.4162
.4161
.416
.4159
.4158
.4157
.4156
.4155
.4153
.4152
.4151
.415
.4149
.4148
.4147
.4145
.4144
.4143
.4142
.4141
.414
.4139
.4138
.4136
.4135
.4134
.4133
.4132
.4131
.4129
.4128
.4127
.4126
.4125
.4124
.4122
.4121
.412
.4119
.4118
.4116
.4115
.4114
.4113
.4112
.411
.4109
.4108
.4107
.4105
.4104
.4103
.4102
.4101
.4099
.4098
.4097
.4096
.4094
.4093
.4092
.409
.4089
.4088
.4087
.4085
.4084
.4083
.4081
.408
.4079
.4077
.4076
.4075
.4073
.4072
.4071
.4069
.4068
.4067
.4065
.4064
.4063
.4061
.406
.4058
.4057
.4056
.4054
.4053
.4051
.405
.4048
.4047
.4045
.4044
.4042
.4041
.4039
.4038
.4036
.4035
.4033
.4032
.403
.4029
.4027
.4026
.4024
.4023
.4021
.4019
.4018
.4016
.4015
.4013
.4011
.401
.4008
.4006
.4005
.4003
.4001
.4
.3998
.3996
.3994
.3993
.3991
.3989
.3987
.3986
.3984
.3982
.398
.3978
.3976
.3975
.3973
.3971
.3969
.3967
.3965
.3963
.3961
.396
.3958
.3956
.3954
.3952
.395
.3948
.3946
.3944
.3942
.394
.3938
.3935
.3933
.3931
.3929
.3927
.3925
.3923
.3921
.3918
.3916
.3914
.3912
.391
.3907
.3905
.3903
.3901
.3898
.3896
.3894
.3891
.3889
.3887
.3884
.3882
.388
.3877
.3875
.3872
.387
.3868
.3865
.3863
.386
.3858
.3855
.3853
.385
.3848
.3845
.3843
.384
.3837
.3835
.3832
.383
.3827
.3824
.3822
.3819
.3816
.3814
.3811
.3808
.3806
.3803
.38
.3797
.3795
.3792
.3789
.3786
.3783
.3781
.3778
.3775
.3772
.3769
.3766
.3764
.3761
.3758
.3755
.3752
.3749
.3746
.3743
.374
.3737
.3734
.3731
.3729
.3726
.3723
.372
.3717
.3714
.3711
.3708
.3705
.3702
.3699
.3696
.3693
.3689
.3686
.3683
.368
.3677
.3674
.3671
.3668
.3665
.3662
.3659
.3656
.3653
.365
.3647
.3643
.364
.3637
.3634
.3631
.3628
.3625
.3622
.3619
.3616
.3612
.3609
.3606
.3603
.36
.3597
.3594
.3591
.3588
.3584
.3581
.3578
.3575
.3572
.3569
.3566
.3563
.356
.3556
.3553
.355
.3547
.3544
.3541
.3538
.3535
.3532
.3529
.3526
.3522
.3519
.3516
.3513
.351
.3507
.3504
.3501
.3498
.3495
.3492
.3489
.3486
.3483
.348
.3476
.3473
.347
.3467
.3464
.3461
.3458
.3455
.3452
.3449
.3446
.3443
.344
.3437
.3434
.3431
.3428
.3425
.3422
.3419
.3416
.3413
.341
.3407
.3404
.3402
.3399
.3396
.3393
.339
.3387
.3384
.3381
.3378
.3375
.3372
.3369
.3366
.3363
.3361
.3358
.3355
.3352
.3349
.3346
.3343
.334
.3338
.3335
.3332
.3329
.3326
.3323
.332
.3318
.3315
.3312
.3309
.3306
.3304
.3301
.3298
.3295
.3292
.3289
.3287
.3284
.3281
.3278
.3276
.3273
.327
.3267
.3264
.3262
.3259
.3256
.3253
.3251
.3248
.3245
.3243
.324
.3237
.3234
.3232
.3229
.3226
.3223
.3221
.3218
.3215
.3213
.321
.3207
.3205
.3202
.3199
.3197
.3194
.3191
.3189
.3186
.3183
.3181
.3178
.3175
.3173
.317
.3167
.3165
.3162
.316
.3157
.3154
.3152
.3149
.3146
.3144
.3141
.3139
.3136
.3133
.3131
.3128
.3126
.3123
.312
.3118
.3115
.3113
.311
.3108
.3105
.3102
.31
.3097
.3095
.3092
.309
.3087
.3085
.3082
.308
.3077
.3074
.3072
.3069
.3067
.3064
.3062
.3059
.3057
.3054
.3052
.3049
.3047
.3044
.3042
.3039
.3037
.3034
.3032
.3029
.3027
.3024
.3022
.302
.3017
.3015
.3012
.301
.3007
.3005
.3002
.3
.2997
.2995
.2992
.299
.2988
.2985
.2983
.298
.2978
.2975
.2973
.2971
.2968
.2966
.2963
.2961
.2959
.2956
.2954
.2951
.2949
.2947
.2944
.2942
.2939
.2937
.2935
.2932
.293
.2927
.2925
.2923
.292
.2918
.2916
.2913
.2911
.2908
.2906
.2904
.2901
.2899
.2897
.2894
.2892
.289
.2887
.2885
.2883
.288
.2878
.2876
.2873
.2871
.2869
.2866
.2864
.2862
.2859
.2857
.2855
.2852
.285
.2848
.2846
.2843
.2841
.2839
.2836
.2834
.2832
.283
.2827
.2825
.2823
.282
.2818
.2816
.2814
.2811
.2809
.2807
.2804
.2802
.28
.2798
.2795
.2793
.2791
.2789
.2786
.2784
.2782
.278
.2778
.2775
.2773
.2771
.2769
.2766
.2764
.2762
.276
.2757
.2755
.2753
.2751
.2749
.2746
.2744
.2742
.274
.2738
.2735
.2733
.2731
.2729
.2727
.2724
.2722
.272
.2718
.2716
.2714
.2711
.2709
.2707
.2705
.2703
.2701
.2698
.2696
.2694
.2692
.269
.2688
.2685
.2683
.2681
.2679
.2677
.2675
.2673
.267
.2668
.2666
.2664
.2662
.266
.2658
.2656
.2653
.2651
.2649
.2647
.2645
.2643
.2641
.2639
.2637
.2634
.2632
.263
.2628
.2626
.2624
.2622
.262
.2618
.2616
.2614
.2612
.2609
.2607
.2605
.2603
.2601
.2599
.2597
.2595
.2593
.2591
.2589
.2587
.2585
.2583
.2581
.2579
.2577
.2574
.2572
.257
.2568
.2566
.2564
.2562
.256
.2558
.2556
.2554
.2552
.255
.2548
.2546
.2544
.2542
.254
.2538
.2536
.2534
.2532
.253
.2528
.2526
.2524
.2522
.252
.2518
.2516
.2514
.2512
.251
.2508
.2506
.2504
.2502
.25
.2498
.2496
.2494
.2492
.249
.2489
.2487
.2485
.2483
.2481
.2479
.2477
.2475
.2473
.2471
.2469
.2467
.2465
.2463
.2461
.2459
.2457
.2456
.2454
.2452
.245
.2448
.2446
.2444
.2442
.244
.2438
.2436
.2435
.2433
.2431
.2429
.2427
.2425
.2423
.2421
.2419
.2417
.2416
.2414
.2412
.241
.2408
.2406
.2404
.2402
.2401
.2399
.2397
.2395
.2393
.2391
.2389
.2388
.2386
.2384
.2382
.238
.2378
.2376
.2375
.2373
.2371
.2369
.2367
.2365
.2364
.2362
.236
.2358
.2356
.2354
.2353
.2351
.2349
.2347
.2345
.2344
.2342
.234
.2338
.2336
.2335
.2333
.2331
.2329
.2327
.2326
.2324
.2322
.232
.2318
.2317
.2315
.2313
.2311
.231
.2308
.2306
.2304
.2302
.2301
.2299
.2297
.2295
.2294
.2292
.229
.2288
.2287
.2285
.2283
.2281
.228
.2278
.2276
.2274
.2273
.2271
.2269
.2267
.2266
.2264
.2262
.2261
.2259
.2257
.2255
.2254
.2252
.225
.2248
.2247
.2245
.2243
.2242
.224
.2238
.2237
.2235
.2233
.2231
.223
.2228
.2226
.2225
.2223
.2221
.222
.2218
.2216
.2215
.2213
.2211
.221
.2208
.2206
.2205
.2203
.2201
.22
.2198
.2196
.2195
.2193
.2191
.219
.2188
.2186
.2185
.2183
.2181
.218
.2178
.2176
.2175
.2173
.2171
.217
.2168
.2167
.2165
.2163
.2162
.216
.2158
.2157
.2155
.2154
.2152
.215
.2149
.2147
.2146
.2144
.2142
.2141
.2139
.2138
.2136
.2134
.2133
.2131
.213
.2128
.2126
.2125
.2123
.2122
.212
.2118
.2117
.2115
.2114
.2112
.2111
.2109
.2107
.2106
.2104
.2103
.2101
.21
.2098
.2096
.2095
.2093
.2092
.209
.2089
.2087
.2086
.2084
.2083
.2081
.2079
.2078
.2076
.2075
.2073
.2072
.207
.2069
.2067
.2066
.2064
.2063
.2061
.206
.2058
.2057
.2055
.2053
.2052
.205
.2049
.2047
.2046
.2044
.2043
.2041
.204
.2038
.2037
.2035
.2034
.2032
.2031
.2029
.2028
.2026
.2025
.2024
.2022
.2021
.2019
.2018
.2016
.2015
.2013
.2012
.201
.2009
.2007
.2006
.2004
.2003
.2001
.2
.1999
.1997
.1996
.1994
.1993
.1991
.199
.1988
.1987
.1985
.1984
.1983
.1981
.198
.1978
.1977
.1975
.1974
.1973
.1971
.197
.1968
.1967
.1965
.1964
.1963
.1961
.196
.1958
.1957
.1955
.1954
.1953
.1951
.195
.1948
.1947
.1946
.1944
.1943
.1941
.194
.1939
.1937
.1936
.1934
.1933
.1932
.193
.1929
.1927
.1926
.1925
.1923
.1922
.1921
.1919
.1918
.1916
.1915
.1914
.1912
.1911
.191
.1908
.1907
.1906
.1904
.1903
.1901
.19
.1899
.1897
.1896
.1895
.1893
.1892
.1891
.1889
.1888
.1887
.1885
.1884
.1883
.1881
.188
.1879
.1877
.1876
.1875
.1873
.1872
.1871
.1869
.1868
.1867
.1865
.1864
.1863
.1861
.186
.1859
.1857
.1856
.1855
.1853
.1852
.1851
.1849
.1848
.1847
.1846
.1844
.1843
.1842
.184
.1839
.1838
.1837
.1835
.1834
.1833
.1831
.183
.1829
.1827
.1826
.1825
.1824
.1822
.1821
.182
.1819
.1817
.1816
.1815
.1813
.1812
.1811
.181
.1808
.1807
.1806
.1805
.1803
.1802
.1801
.18
.1798
.1797
.1796
.1795
.1793
.1792
.1791
.179
.1788
.1787
.1786
.1785
.1783
.1782
.1781
.178
.1778
.1777
.1776
.1775
.1774
.1772
.1771
.177
.1769
.1767
.1766
.1765
.1764
.1762
.1761
.176
.1759
.1758
.1756
.1755
.1754
.1753
.1752
.175
.1749
.1748
.1747
.1746
.1744
.1743
.1742
.1741
.174
.1738
.1737
.1736
.1735
.1734
.1732
.1731
.173
.1729
.1728
.1727
.1725
.1724
.1723
.1722
.1721
.1719
.1718
.1717
.1716
.1715
.1714
.1712
.1711
.171
.1709
.1708
.1707
.1705
.1704
.1703
.1702
.1701
.17
.1699
.1697
.1696
.1695
.1694
.1693
.1692
.169
.1689
.1688
.1687
.1686
.1685
.1684
.1682
.1681
.168
.1679
.1678
.1677
.1676
.1675
.1673
.1672
.1671
.167
.1669
.1668
.1667
.1666
.1664
.1663
.1662
.1661
.166
.1659
.1658
.1657
.1656
.1654
.1653
.1652
.1651
.165
.1649
.1648
.1647
.1646
.1644
.1643
.1642
.1641
.164
.1639
.1638
.1637
.1636
.1635
.1634
.1632
.1631
.163
.1629
.1628
.1627
.1626
.1625
.1624
.1623
.1622
.1621
.1619
.1618
.1617
.1616
.1615
.1614
.1613
.1612
.1611
.161
.1609
.1608
.1607
.1606
.1605
.1603
.1602
.1601
.16
.1599
.1598
.1597
.1596
.1595
.1594
.1593
.1592
.1591
.159
.1589
.1588
.1587
.1586
.1585
.1584
.1582
.1581
.158
.1579
.1578
.1577
.1576
.1575
.1574
.1573
.1572
.1571
.157
.1569
.1568
.1567
.1566
.1565
.1564
.1563
.1562
.1561
.156
.1559
.1558
.1557
.1556
.1555
.1554
.1553
.1552
.1551
.155
.1549
.1548
.1547
.1546
.1545
.1544
.1543
.1542
.1541
.154
.1539
.1538
.1537
.1536
.1535
.1534
.1533
.1532
.1531
.153
.1529
.1528
.1527
.1526
.1525
.1524
.1523
.1522
.1521
.152
.1519
.1518
.1517
.1516
.1515
.1514
.1513
.1512
.1511
.151
.1509
.1508
.1507
.1506
.1505
.1504
.1504
.1503
.1502
.1501
.15
.1499
.1498
.1497
.1496
.1495
.1494
.1493
.1492
.1491
.149
.1489
.1488
.1487
.1486
.1485
.1484
.1484
.1483
.1482
.1481
.148
.1479
.1478
.1477
.1476
.1475
.1474
.1473
.1472
.1471
.147
.1469
.1469
.1468
.1467
.1466
.1465
.1464
.1463
.1462
.1461
.146
.1459
.1458
.1457
.1457
.1456
.1455
.1454
.1453
.1452
.1451
.145
.1449
.1448
.1447
.1447
.1446
.1445
.1444
.1443
.1442
.1441
.144
.1439
.1438
.1437
.1437
.1436
.1435
.1434
.1433
.1432
.1431
.143
.1429
.1429
.1428
.1427
.1426
.1425
.1424
.1423
.1422
.1421
.1421
.142
.1419
.1418
.1417
.1416
.1415
.1414
.1414
.1413
.1412
.1411
.141
.1409
.1408
.1407
.1407
.1406
.1405
.1404
.1403
.1402
.1401
.14
.14
.1399
.1398
.1397
.1396
.1395
.1394
.1394
.1393
.1392
.1391
.139
.1389
.1388
.1388
.1387
.1386
.1385
.1384
.1383
.1383
.1382
.1381
.138
.1379
.1378
.1377
.1377
.1376
.1375
.1374
.1373
.1372
.1372
.1371
.137
.1369
.1368
.1367
.1367
.1366
.1365
.1364
.1363
.1362
.1362
.1361
.136
.1359
.1358
.1357
.1357
.1356
.1355
.1354
.1353
.1353
.1352
.1351
.135
.1349
.1348
.1348
.1347
.1346
.1345
.1344
.1344
.1343
.1342
.1341
.134
.134
.1339
.1338
.1337
.1336
.1336
.1335
.1334
.1333
.1332
.1331
.1331
.133
.1329
.1328
.1328
.1327
.1326
.1325
.1324
.1324
.1323
.1322
.1321
.132
.132
.1319
.1318
.1317
.1316
.1316
.1315
.1314
.1313
.1313
.1312
.1311
.131
.1309
.1309
.1308
.1307
.1306
.1305
.1305
.1304
.1303
.1302
.1302
.1301
.13
.1299
.1299
.1298
.1297
.1296
.1295
.1295
.1294
.1293
.1292
.1292
.1291
.129
.1289
.1289
.1288
.1287
.1286
.1286
.1285
.1284
.1283
.1283
.1282
.1281
.128
.128
.1279
.1278
.1277
.1277
.1276
.1275
.1274
.1274
.1273
.1272
.1271
.1271
.127
.1269
.1268
.1268
.1267
.1266
.1265
.1265
.1264
.1263
.1262
.1262
.1261
.126
.1259
.1259
.1258
.1257
.1257
.1256
.1255
.1254
.1254
.1253
.1252
.1251
.1251
.125
.1249
.1249
.1248
.1247
.1246
.1246
.1245
.1244
.1243
.1243
.1242
.1241
.1241
.124
.1239
.1238
.1238
.1237
.1236
.1236
.1235
.1234
.1233
.1233
.1232
.1231
.1231
.123
.1229
.1228
.1228
.1227
.1226
.1226
.1225
.1224
.1224
.1223
.1222
.1221
.1221
.122
.1219
.1219
.1218
.1217
.1217
.1216
.1215
.1214
.1214
.1213
.1212
.1212
.1211
.121
.121
.1209
.1208
.1208
.1207
.1206
.1205
.1205
.1204
.1203
.1203
.1202
.1201
.1201
.12
.1199
.1199
.1198
.1197
.1197
.1196
.1195
.1195
.1194
.1193
.1193
.1192
.1191
.1191
.119
.1189
.1189
.1188
.1187
.1186
.1186
.1185
.1184
.1184
.1183
.1182
.1182
.1181
.118
.118
.1179
.1179
.1178
.1177
.1177
.1176
.1175
.1175
.1174
.1173
.1173
.1172
.1171
.1171
.117
.1169
.1169
.1168
.1167
.1167
.1166
.1165
.1165
.1164
.1163
.1163
.1162
.1161
.1161
.116
.116
.1159
.1158
.1158
.1157
.1156
.1156
.1155
.1154
.1154
.1153
.1152
.1152
.1151
.1151
.115
.1149
.1149
.1148
.1147
.1147
.1146
.1145
.1145
.1144
.1144
.1143
.1142
.1142
.1141
.114
.114
.1139
.1138
.1138
.1137
.1137
.1136
.1135
.1135
.1134
.1133
.1133
.1132
.1132
.1131
.113
.113
.1129
.1128
.1128
.1127
.1127
.1126
.1125
.1125
.1124
.1124
.1123
.1122
.1122
.1121
.112
.112
.1119
.1119
.1118
.1117
.1117
.1116
.1116
.1115
.1114
.1114
.1113
.1113
.1112
.1111
.1111
.111
.111
.1109
.1108
.1108
.1107
.1107
.1106
.1105
.1105
.1104
.1103
.1103
.1102
.1102
.1101
.1101
.11
.1099
.1099
.1098
.1098
.1097
.1096
.1096
.1095
.1095
.1094
.1093
.1093
.1092
.1092
.1091
.109
.109
.1089
.1089
.1088
.1088
.1087
.1086
.1086
.1085
.1085
.1084
.1083
.1083
.1082
.1082
.1081
.1081
.108
.1079
.1079
.1078
.1078
.1077
.1076
.1076
.1075
.1075
.1074
.1074
.1073
.1072
.1072
.1071
.1071
.107
.107
.1069
.1068
.1068
.1067
.1067
.1066
.1066
.1065
.1064
.1064
.1063
.1063
.1062
.1062
.1061
.1061
.106
.1059
.1059
.1058
.1058
.1057
.1057
.1056
.1055
.1055
.1054
.1054
.1053
.1053
.1052
.1052
.1051
.105
.105
.1049
.1049
.1048
.1048
.1047
.1047
.1046
.1045
.1045
.1044
.1044
.1043
.1043
.1042
.1042
.1041
.1041
.104
.1039
.1039
.1038
.1038
.1037
.1037
.1036
.1036
.1035
.1035
.1034
.1033
.1033
.1032
.1032
.1031
.1031
.103
.103
.1029
.1029
.1028
.1028
.1027
.1026
.1026
.1025
.1025
.1024
.1024
.1023
.1023
.1022
.1022
.1021
.1021
.102
.1019
.1019
.1018
.1018
.1017
.1017
.1016
.1016
.1015
.1015
.1014
.1014
.1013
.1013
.1012
.1012
.1011
.1011
.101
.1009
.1009
.1008
.1008
.1007
.1007
.1006
.1006
.1005
.1005
.1004
.1004
.1003
.1003
.1002
.1002
.1001
.1001
.1
.1
.0999
.0999
.0998
.0998
.0997
.0997
.0996
.0996
.0995
.0995
.0994
.0993
.0993
.0992
.0992
.0991
.0991
.099
.099
.0989
.0989
.0988
.0988
.0987
.0987
.0986
.0986
.0985
.0985
.0984
.0984
.0983
.0983
.0982
.0982
.0981
.0981
.098
.098
.0979
.0979
.0978
.0978
.0977
.0977
.0976
.0976
.0975
.0975
.0974
.0974
.0973
.0973
.0972
.0972
.0971
.0971
.097
.097
.0969
.0969
.0968
.0968
.0968
.0967
.0967
.0966
.0966
.0965
.0965
.0964
.0964
.0963
.0963
.0962
.0962
.0961
.0961
.096
.096
.0959
.0959
.0958
.0958
.0957
.0957
.0956
.0956
.0955
.0955
.0954
.0954
.0953
.0953
.0953
.0952
.0952
.0951
.0951
.095
.095
.0949
.0949
.0948
.0948
.0947
.0947
.0946
.0946
.0945
.0945
.0944
.0944
.0943
.0943
.0943
.0942
.0942
.0941
.0941
.094
.094
.0939
.0939
.0938
.0938
.0937
.0937
.0936
.0936
.0936
.0935
.0935
.0934
.0934
.0933
.0933
.0932
.0932
.0931
.0931
.093
.093
.093
.0929
.0929
.0928
.0928
.0927
.0927
.0926
.0926
.0925
.0925
.0924
.0924
.0924
.0923
.0923
.0922
.0922
.0921
.0921
.092
.092
.0919
.0919
.0919
.0918
.0918
.0917
.0917
.0916
.0916
.0915
.0915
.0914
.0914
.0914
.0913
.0913
.0912
.0912
.0911
.0911
.091
.091
.091
.0909
.0909
.0908
.0908
.0907
.0907
.0906
.0906
.0906
.0905
.0905
.0904
.0904
.0903
.0903
.0902
.0902
.0902
.0901
.0901
.09
.09
.0899
.0899
.0899
.0898
.0898
.0897
.0897
.0896
.0896
.0895
.0895
.0895
.0894
.0894
.0893
.0893
.0892
.0892
.0892
.0891
.0891
.089
.089
.0889
.0889
.0889
.0888
.0888
.0887
.0887
.0886
.0886
.0886
.0885
.0885
.0884
.0884
.0883
.0883
.0883
.0882
.0882
.0881
.0881
.088
.088
.088
.0879
.0879
.0878
.0878
.0877
.0877
.0877
.0876
.0876
.0875
.0875
.0874
.0874
.0874
.0873
.0873
.0872
.0872
.0872
.0871
.0871
.087
.087
.0869
.0869
.0869
.0868
.0868
.0867
.0867
.0867
.0866
.0866
.0865
.0865
.0864
.0864
.0864
.0863
.0863
.0862
.0862
.0862
.0861
.0861
.086
.086
.086
.0859
.0859
.0858
.0858
.0857
.0857
.0857
.0856
.0856
.0855
.0855
.0855
.0854
.0854
.0853
.0853
.0853
.0852
.0852
.0851
.0851
.0851
.085
.085
.0849
.0849
.0849
.0848
.0848
.0847
.0847
.0847
.0846
.0846
.0845
.0845
.0845
.0844
.0844
.0843
.0843
.0843
.0842
.0842
.0841
.0841
.0841
.084
.084
.0839
.0839
.0839
.0838
.0838
.0837
.0837
.0837
.0836
.0836
.0835
.0835
.0835
.0834
.0834
.0833
.0833
.0833
.0832
.0832
.0832
.0831
.0831
.083
.083
.083
.0829
.0829
.0828
.0828
.0828
.0827
.0827
.0826
.0826
.0826
.0825
.0825
.0825
.0824
.0824
.0823
.0823
.0823
.0822
.0822
.0821
.0821
.0821
.082
.082
.082
.0819
.0819
.0818
.0818
.0818
.0817
.0817
.0817
.0816
.0816
.0815
.0815
.0815
.0814
.0814
.0813
.0813
.0813
.0812
.0812
.0812
.0811
.0811
.081
.081
.081
.0809
.0809
.0809
.0808
.0808
.0807
.0807
.0807
.0806
.0806
.0806
.0805
.0805
.0804
.0804
.0804
.0803
.0803
.0803
.0802
.0802
.0802
.0801
.0801
.08
.08
.08
.0799
.0799
.0799
.0798
.0798
.0797
.0797
.0797
.0796
.0796
.0796
.0795
.0795
.0795
.0794
.0794
.0793
.0793
.0793
.0792
.0792
.0792
.0791
.0791
.0791
.079
.079
.0789
.0789
.0789
.0788
.0788
.0788
.0787
.0787
.0787
.0786
.0786
.0785
.0785
.0785
.0784
.0784
.0784
.0783
.0783
.0783
.0782
.0782
.0782
.0781
.0781
.078
.078
.078
.0779
.0779
.0779
.0778
.0778
.0778
.0777
.0777
.0777
.0776
.0776
.0775
.0775
.0775
.0774
.0774
.0774
.0773
.0773
.0773
.0772
.0772
.0772
.0771
.0771
.0771
.077
.077
.077
.0769
.0769
.0768
.0768
.0768
.0767
.0767
.0767
.0766
.0766
.0766
.0765
.0765
.0765
.0764
.0764
.0764
.0763
.0763
.0763
.0762
.0762
.0762
.0761
.0761
.0761
.076
.076
.076
.0759
.0759
.0758
.0758
.0758
.0757
.0757
.0757
.0756
.0756
.0756
.0755
.0755
.0755
.0754
.0754
.0754
.0753
.0753
.0753
.0752
.0752
.0752
.0751
.0751
.0751
.075
.075
.075
.0749
.0749
.0749
.0748
.0748
.0748
.0747
.0747
.0747
.0746
.0746
.0746
.0745
.0745
.0745
.0744
.0744
.0744
.0743
.0743
.0743
.0742
.0742
.0742
.0741
.0741
.0741
.074
.074
.074
.0739
.0739
.0739
.0738
.0738
.0738
.0737
.0737
.0737
.0736
.0736
.0736
.0735
.0735
.0735
.0734
.0734
.0734
.0733
.0733
.0733
.0732
.0732
.0732
.0731
.0731
.0731
.073
.073
.073
.073
.0729
.0729
.0729
.0728
.0728
.0728
.0727
.0727
.0727
.0726
.0726
.0726
.0725
.0725
.0725
.0724
.0724
.0724
.0723
.0723
.0723
.0722
.0722
.0722
.0721
.0721
.0721
.0721
.072
.072
.072
.0719
.0719
.0719
.0718
.0718
.0718
.0717
.0717
.0717
.0716
.0716
.0716
.0715
.0715
.0715
.0715
.0714
.0714
.0714
.0713
.0713
.0713
.0712
.0712
.0712
.0711
.0711
.0711
.071
.071
.071
.071
.0709
.0709
.0709
.0708
.0708
.0708
.0707
.0707
.0707
.0706
.0706
.0706
.0705
.0705
.0705
.0705
.0704
.0704
.0704
.0703
.0703
.0703
.0702
.0702
.0702
.0701
.0701
.0701
.0701
.07
.07
.07
.0699
.0699
.0699
.0698
.0698
.0698
.0697
.0697
.0697
.0697
.0696
.0696
.0696
.0695
.0695
.0695
.0694
.0694
.0694
.0694
.0693
.0693
.0693
.0692
.0692
.0692
.0691
.0691
.0691
.0691
.069
.069
.069
.0689
.0689
.0689
.0688
.0688
.0688
.0688
.0687
.0687
.0687
.0686
.0686
.0686
.0685
.0685
.0685
.0685
.0684
.0684
.0684
.0683
.0683
.0683
.0682
.0682
.0682
.0682
.0681
.0681
.0681
.068
.068
.068
.068
.0679
.0679
.0679
.0678
.0678
.0678
.0677
.0677
.0677
.0677
.0676
.0676
.0676
.0675
.0675
.0675
.0675
.0674
.0674
.0674
.0673
.0673
.0673
.0673
.0672
.0672
.0672
.0671
.0671
.0671
.067
.067
.067
.067
.0669
.0669
.0669
.0668
.0668
.0668
.0668
.0667
.0667
.0667
.0666
.0666
.0666
.0666
.0665
.0665
.0665
.0664
.0664
.0664
.0664
.0663
.0663
.0663
.0662
.0662
.0662
.0662
.0661
.0661
.0661
.066
.066
.066
.066
.0659
.0659
.0659
.0659
.0658
.0658
.0658
.0657
.0657
.0657
.0657
.0656
.0656
.0656
.0655
.0655
.0655
.0655
.0654
.0654
.0654
.0653
.0653
.0653
.0653
.0652
.0652
.0652
.0651
.0651
.0651
.0651
.065
.065
.065
.065
.0649
.0649
.0649
.0648
.0648
.0648
.0648
.0647
.0647
.0647
.0647
.0646
.0646
.0646
.0645
.0645
.0645
.0645
.0644
.0644
.0644
.0643
.0643
.0643
.0643
.0642
.0642
.0642
.0642
.0641
.0641
.0641
.064
.064
.064
.064
.0639
.0639
.0639
.0639
.0638
.0638
.0638
.0638
.0637
.0637
.0637
.0636
.0636
.0636
.0636
.0635
.0635
.0635
.0635
.0634
.0634
.0634
.0633
.0633
.0633
.0633
.0632
.0632
.0632
.0632
.0631
.0631
.0631
.0631
.063
.063
.063
.0629
.0629
.0629
.0629
.0628
.0628
.0628
.0628
.0627
.0627
.0627
.0627
.0626
.0626
.0626
.0625
.0625
.0625
.0625
.0624
.0624
.0624
.0624
.0623
.0623
.0623
.0623
.0622
.0622
.0622
.0622
.0621
.0621
.0621
.062
.062
.062
.062
.0619
.0619
.0619
.0619
.0618
.0618
.0618
.0618
.0617
.0617
.0617
.0617
.0616
.0616
.0616
.0616
.0615
.0615
.0615
.0615
.0614
.0614
.0614
.0613
.0613
.0613
.0613
.0612
.0612
.0612
.0612
.0611
.0611
.0611
.0611
.061
.061
.061
.061
.0609
.0609
.0609
.0609
.0608
.0608
.0608
.0608
.0607
.0607
.0607
.0607
.0606
.0606
.0606
.0606
.0605
.0605
.0605
.0605
.0604
.0604
.0604
.0604
.0603
.0603
.0603
.0603
.0602
.0602
.0602
.0602
.0601
.0601
.0601
.0601
.06
.06
.06
.06
.0599
.0599
.0599
.0599
.0598
.0598
.0598
.0598
.0597
.0597
.0597
.0597
.0596
.0596
.0596
.0596
.0595
.0595
.0595
.0595
.0594
.0594
.0594
.0594
.0593
.0593
.0593
.0593
.0592
.0592
.0592
.0592
.0591
.0591
.0591
.0591
.059
.059
.059
.059
.0589
.0589
.0589
.0589
.0588
.0588
.0588
.0588
.0587
.0587
.0587
.0587
.0586
.0586
.0586
.0586
.0585
.0585
.0585
.0585
.0584
.0584
.0584
.0584
.0584
.0583
.0583
.0583
.0583
.0582
.0582
.0582
.0582
.0581
.0581
.0581
.0581
.058
.058
.058
.058
.0579
.0579
.0579
.0579
.0578
.0578
.0578
.0578
.0578
.0577
.0577
.0577
.0577
.0576
.0576
.0576
.0576
.0575
.0575
.0575
.0575
.0574
.0574
.0574
.0574
.0573
.0573
.0573
.0573
.0573
.0572
.0572
.0572
.0572
.0571
.0571
.0571
.0571
.057
.057
.057
.057
.0569
.0569
.0569
.0569
.0569
.0568
.0568
.0568
.0568
.0567
.0567
.0567
.0567
.0566
.0566
.0566
.0566
.0565
.0565
.0565
.0565
.0565
.0564
.0564
.0564
.0564
.0563
.0563
.0563
.0563
.0562
.0562
.0562
.0562
.0562
.0561
.0561
.0561
.0561
.056
.056
.056
.056
.0559
.0559
.0559
.0559
.0559
.0558
.0558
.0558
.0558
.0557
.0557
.0557
.0557
.0556
.0556
.0556
.0556
.0556
.0555
.0555
.0555
.0555
.0554
.0554
.0554
.0554
.0554
.0553
.0553
.0553
.0553
.0552
.0552
.0552
.0552
.0551
.0551
.0551
.0551
.0551
.055
.055
.055
.055
.0549
.0549
.0549
.0549
.0549
.0548
.0548
.0548
.0548
.0547
.0547
.0547
.0547
.0547
.0546
.0546
.0546
.0546
.0545
.0545
.0545
.0545
.0545
.0544
.0544
.0544
.0544
.0543
.0543
.0543
.0543
.0543
.0542
.0542
.0542
.0542
.0541
.0541
.0541
.0541
.0541
.054
.054
.054
.054
.0539
.0539
.0539
.0539
.0539
.0538
.0538
.0538
.0538
.0537
.0537
.0537
.0537
.0537
.0536
.0536
.0536
.0536
.0535
.0535
.0535
.0535
.0535
.0534
.0534
.0534
.0534
.0534
.0533
.0533
.0533
.0533
.0532
.0532
.0532
.0532
.0532
.0531
.0531
.0531
.0531
.0531
.053
.053
.053
.053
.0529
.0529
.0529
.0529
.0529
.0528
.0528
.0528
.0528
.0527
.0527
.0527
.0527
.0527
.0526
.0526
.0526
.0526
.0526
.0525
.0525
.0525
.0525
.0525
.0524
.0524
.0524
.0524
.0523
.0523
.0523
.0523
.0523
.0522
.0522
.0522
.0522
.0522
.0521
.0521
.0521
.0521
.052
.052
.052
.052
.052
.0519
.0519
.0519
.0519
.0519
.0518
.0518
.0518
.0518
.0518
.0517
.0517
.0517
.0517
.0516
.0516
.0516
.0516
.0516
.0515
.0515
.0515
.0515
.0515
.0514
.0514
.0514
.0514
.0514
.0513
.0513
.0513
.0513
.0513
.0512
.0512
.0512
.0512
.0512
.0511
.0511
.0511
.0511
.051
.051
.051
.051
.051
.0509
.0509
.0509
.0509
.0509
.0508
.0508
.0508
.0508
.0508
.0507
.0507
.0507
.0507
.0507
.0506
.0506
.0506
.0506
.0506
.0505
.0505
.0505
.0505
.0505
.0504
.0504
.0504
.0504
.0504
.0503
.0503
.0503
.0503
.0503
.0502
.0502
.0502
.0502
.0502
.0501
.0501
.0501
.0501
.0501
.05
.05
.05
