.5621
.5609
.5598
.5588
.5577
.5567
.5557
.5547
.5537
.5528
.5519
.551
.5502
.5494
.5486
.5478
.547
.5463
.5456
.545
.5443
.5437
.5431
.5425
.5419
.5414
.5409
.5404
.5399
.5395
.539
.5386
.5382
.5378
.5375
.5371
.5368
.5364
.5361
.5358
.5355
.5353
.535
.5348
.5345
.5343
.5341
.5339
.5337
.5335
.5333
.5331
.533
.5328
.5326
.5325
.5324
.5322
.5321
.532
.5318
.5317
.5316
.5315
.5314
.5313
.5312
.5311
.531
.5309
.5308
.5307
.5306
.5306
.5305
.5304
.5303
.5303
.5302
.5301
.53
.53
.5299
.5298
.5298
.5297
.5297
.5296
.5295
.5295
.5294
.5294
.5293
.5292
.5292
.5291
.5291
.529
.529
.5289
.5288
.5288
.5287
.5287
.5286
.5286
.5285
.5285
.5284
.5284
.5283
.5283
.5282
.5282
.5281
.5281
.528
.528
.5279
.5279
.5278
.5278
.5277
.5277
.5276
.5275
.5275
.5274
.5274
.5273
.5273
.5272
.5272
.5271
.5271
.527
.527
.5269
.5269
.5268
.5268
.5267
.5267
.5266
.5266
.5265
.5265
.5264
.5264
.5263
.5263
.5262
.5262
.5261
.5261
.526
.526
.5259
.5259
.5258
.5258
.5257
.5257
.5256
.5256
.5255
.5255
.5254
.5254
.5253
.5253
.5252
.5252
.5251
.5251
.525
.525
.5249
.5249
.5248
.5248
.5247
.5247
.5246
.5246
.5245
.5245
.5244
.5244
.5243
.5242
.5242
.5241
.5241
.524
.524
.5239
.5239
.5238
.5238
.5237
.5237
.5236
.5236
.5235
.5235
.5234
.5234
.5233
.5233
.5232
.5231
.5231
.523
.523
.5229
.5229
.5228
.5228
.5227
.5227
.5226
.5226
.5225
.5224
.5224
.5223
.5223
.5222
.5222
.5221
.5221
.522
.5219
.5219
.5218
.5218
.5217
.5217
.5216
.5216
.5215
.5214
.5214
.5213
.5213
.5212
.5212
.5211
.521
.521
.5209
.5209
.5208
.5208
.5207
.5206
.5206
.5205
.5205
.5204
.5203
.5203
.5202
.5202
.5201
.52
.52
.5199
.5199
.5198
.5197
.5197
.5196
.5196
.5195
.5194
.5194
.5193
.5192
.5192
.5191
.519
.519
.5189
.5189
.5188
.5187
.5187
.5186
.5185
.5185
.5184
.5183
.5183
.5182
.5181
.5181
.518
.5179
.5179
.5178
.5177
.5177
.5176
.5175
.5174
.5174
.5173
.5172
.5172
.5171
.517
.5169
.5169
.5168
.5167
.5167
.5166
.5165
.5164
.5164
.5163
.5162
.5161
.5161
.516
.5159
.5158
.5157
.5157
.5156
.5155
.5154
.5154
.5153
.5152
.5151
.515
.515
.5149
.5148
.5147
.5146
.5145
.5145
.5144
.5143
.5142
.5141
.514
.5139
.5139
.5138
.5137
.5136
.5135
.5134
.5133
.5132
.5131
.5131
.513
.5129
.5128
.5127
.5126
.5125
.5124
.5123
.5122
.5121
.512
.5119
.5118
.5117
.5116
.5115
.5114
.5113
.5112
.5111
.511
.5109
.5108
.5107
.5106
.5105
.5104
.5103
.5102
.5101
.51
.5098
.5097
.5096
.5095
.5094
.5093
.5092
.5091
.509
.5088
.5087
.5086
.5085
.5084
.5083
.5081
.508
.5079
.5078
.5077
.5075
.5074
.5073
.5072
.507
.5069
.5068
.5067
.5065
.5064
.5063
.5061
.506
.5059
.5057
.5056
.5055
.5053
.5052
.5051
.5049
.5048
.5046
.5045
.5044
.5042
.5041
.5039
.5038
.5037
.5035
.5034
.5032
.5031
.5029
.5028
.5026
.5025
.5023
.5022
.502
.5019
.5017
.5015
.5014
.5012
.5011
.5009
.5007
.5006
.5004
.5003
.5001
.4999
.4998
.4996
.4994
.4993
.4991
.4989
.4987
.4986
.4984
.4982
.498
.4979
.4977
.4975
.4973
.4972
.497
.4968
.4966
.4964
.4962
.4961
.4959
.4957
.4955
.4953
.4951
.4949
.4947
.4945
.4943
.4941
.4939
.4937
.4935
.4933
.4931
.4929
.4927
.4925
.4923
.4921
.4919
.4917
.4915
.4913
.4911
.4909
.4907
.4905
.4902
.49
.4898
.4896
.4894
.4891
.4889
.4887
.4885
.4883
.488
.4878
.4876
.4874
.4871
.4869
.4867
.4864
.4862
.486
.4857
.4855
.4853
.485
.4848
.4846
.4843
.4841
.4838
.4836
.4833
.4831
.4828
.4826
.4824
.4821
.4819
.4816
.4814
.4811
.4808
.4806
.4803
.4801
.4798
.4796
.4793
.479
.4788
.4785
.4783
.478
.4777
.4775
.4772
.4769
.4767
.4764
.4761
.4758
.4756
.4753
.475
.4747
.4745
.4742
.4739
.4736
.4733
.4731
.4728
.4725
.4722
.4719
.4717
.4714
.4711
.4708
.4705
.4702
.4699
.4696
.4693
.469
.4688
.4685
.4682
.4679
.4676
.4673
.467
.4667
.4664
.4661
.4658
.4655
.4652
.4649
.4646
.4642
.4639
.4636
.4633
.463
.4627
.4624
.4621
.4618
.4615
.4612
.4608
.4605
.4602
.4599
.4596
.4593
.4589
.4586
.4583
.458
.4577
.4573
.457
.4567
.4564
.456
.4557
.4554
.4551
.4547
.4544
.4541
.4538
.4534
.4531
.4528
.4524
.4521
.4518
.4514
.4511
.4508
.4504
.4501
.4498
.4494
.4491
.4488
.4484
.4481
.4477
.4474
.4471
.4467
.4464
.446
.4457
.4454
.445
.4447
.4443
.444
.4436
.4433
.4429
.4426
.4423
.4419
.4416
.4412
.4409
.4405
.4402
.4398
.4395
.4391
.4388
.4384
.4381
.4377
.4374
.437
.4366
.4363
.4359
.4356
.4352
.4349
.4345
.4342
.4338
.4334
.4331
.4327
.4324
.432
.4317
.4313
.4309
.4306
.4302
.4299
.4295
.4291
.4288
.4284
.4281
.4277
.4273
.427
.4266
.4262
.4259
.4255
.4251
.4248
.4244
.4241
.4237
.4233
.423
.4226
.4222
.4219
.4215
.4211
.4208
.4204
.42
.4197
.4193
.4189
.4185
.4182
.4178
.4174
.4171
.4167
.4163
.416
.4156
.4152
.4149
.4145
.4141
.4137
.4134
.413
.4126
.4123
.4119
.4115
.4111
.4108
.4104
.41
.4097
.4093
.4089
.4085
.4082
.4078
.4074
.407
.4067
.4063
.4059
.4056
.4052
.4048
.4044
.4041
.4037
.4033
.4029
.4026
.4022
.4018
.4014
.4011
.4007
.4003
.3999
.3996
.3992
.3988
.3984
.3981
.3977
.3973
.3969
.3966
.3962
.3958
.3954
.3951
.3947
.3943
.3939
.3936
.3932
.3928
.3924
.3921
.3917
.3913
.3909
.3906
.3902
.3898
.3894
.3891
.3887
.3883
.3879
.3876
.3872
.3868
.3864
.3861
.3857
.3853
.3849
.3846
.3842
.3838
.3834
.3831
.3827
.3823
.3819
.3816
.3812
.3808
.3804
.3801
.3797
.3793
.3789
.3786
.3782
.3778
.3775
.3771
.3767
.3763
.376
.3756
.3752
.3748
.3745
.3741
.3737
.3733
.373
.3726
.3722
.3719
.3715
.3711
.3707
.3704
.37
.3696
.3693
.3689
.3685
.3681
.3678
.3674
.367
.3667
.3663
.3659
.3656
.3652
.3648
.3644
.3641
.3637
.3633
.363
.3626
.3622
.3619
.3615
.3611
.3608
.3604
.36
.3596
.3593
.3589
.3585
.3582
.3578
.3574
.3571
.3567
.3563
.356
.3556
.3552
.3549
.3545
.3542
.3538
.3534
.3531
.3527
.3523
.352
.3516
.3512
.3509
.3505
.3502
.3498
.3494
.3491
.3487
.3483
.348
.3476
.3473
.3469
.3465
.3462
.3458
.3455
.3451
.3447
.3444
.344
.3437
.3433
.3429
.3426
.3422
.3419
.3415
.3411
.3408
.3404
.3401
.3397
.3394
.339
.3387
.3383
.3379
.3376
.3372
.3369
.3365
.3362
.3358
.3355
.3351
.3348
.3344
.334
.3337
.3333
.333
.3326
.3323
.3319
.3316
.3312
.3309
.3305
.3302
.3298
.3295
.3291
.3288
.3284
.3281
.3277
.3274
.3271
.3267
.3264
.326
.3257
.3253
.325
.3246
.3243
.3239
.3236
.3233
.3229
.3226
.3222
.3219
.3215
.3212
.3209
.3205
.3202
.3198
.3195
.3191
.3188
.3185
.3181
.3178
.3174
.3171
.3168
.3164
.3161
.3158
.3154
.3151
.3147
.3144
.3141
.3137
.3134
.3131
.3127
.3124
.3121
.3117
.3114
.3111
.3107
.3104
.3101
.3097
.3094
.3091
.3087
.3084
.3081
.3078
.3074
.3071
.3068
.3064
.3061
.3058
.3055
.3051
.3048
.3045
.3042
.3038
.3035
.3032
.3029
.3025
.3022
.3019
.3016
.3012
.3009
.3006
.3003
.3
.2996
.2993
.299
.2987
.2984
.298
.2977
.2974
.2971
.2968
.2965
.2961
.2958
.2955
.2952
.2949
.2946
.2942
.2939
.2936
.2933
.293
.2927
.2924
.2921
.2917
.2914
.2911
.2908
.2905
.2902
.2899
.2896
.2893
.289
.2886
.2883
.288
.2877
.2874
.2871
.2868
.2865
.2862
.2859
.2856
.2853
.285
.2847
.2844
.2841
.2838
.2835
.2832
.2829
.2826
.2823
.282
.2817
.2814
.2811
.2808
.2805
.2802
.2799
.2796
.2793
.279
.2787
.2784
.2781
.2778
.2775
.2772
.277
.2767
.2764
.2761
.2758
.2755
.2752
.2749
.2746
.2743
.2741
.2738
.2735
.2732
.2729
.2726
.2723
.272
.2718
.2715
.2712
.2709
.2706
.2703
.2701
.2698
.2695
.2692
.2689
.2686
.2684
.2681
.2678
.2675
.2672
.267
.2667
.2664
.2661
.2659
.2656
.2653
.265
.2648
.2645
.2642
.2639
.2637
.2634
.2631
.2628
.2626
.2623
.262
.2618
.2615
.2612
.2609
.2607
.2604
.2601
.2599
.2596
.2593
.2591
.2588
.2585
.2583
.258
.2577
.2575
.2572
.2569
.2567
.2564
.2561
.2559
.2556
.2554
.2551
.2548
.2546
.2543
.254
.2538
.2535
.2533
.253
.2528
.2525
.2522
.252
.2517
.2515
.2512
.251
.2507
.2504
.2502
.2499
.2497
.2494
.2492
.2489
.2487
.2484
.2482
.2479
.2477
.2474
.2472
.2469
.2467
.2464
.2462
.2459
.2457
.2454
.2452
.2449
.2447
.2444
.2442
.2439
.2437
.2434
.2432
.243
.2427
.2425
.2422
.242
.2417
.2415
.2413
.241
.2408
.2405
.2403
.24
.2398
.2396
.2393
.2391
.2389
.2386
.2384
.2381
.2379
.2377
.2374
.2372
.237
.2367
.2365
.2362
.236
.2358
.2355
.2353
.2351
.2348
.2346
.2344
.2341
.2339
.2337
.2335
.2332
.233
.2328
.2325
.2323
.2321
.2318
.2316
.2314
.2312
.2309
.2307
.2305
.2303
.23
.2298
.2296
.2294
.2291
.2289
.2287
.2285
.2282
.228
.2278
.2276
.2273
.2271
.2269
.2267
.2265
.2262
.226
.2258
.2256
.2254
.2251
.2249
.2247
.2245
.2243
.224
.2238
.2236
.2234
.2232
.223
.2227
.2225
.2223
.2221
.2219
.2217
.2215
.2212
.221
.2208
.2206
.2204
.2202
.22
.2197
.2195
.2193
.2191
.2189
.2187
.2185
.2183
.2181
.2179
.2176
.2174
.2172
.217
.2168
.2166
.2164
.2162
.216
.2158
.2156
.2154
.2152
.215
.2148
.2145
.2143
.2141
.2139
.2137
.2135
.2133
.2131
.2129
.2127
.2125
.2123
.2121
.2119
.2117
.2115
.2113
.2111
.2109
.2107
.2105
.2103
.2101
.2099
.2097
.2095
.2093
.2091
.2089
.2087
.2085
.2083
.2082
.208
.2078
.2076
.2074
.2072
.207
.2068
.2066
.2064
.2062
.206
.2058
.2056
.2054
.2052
.2051
.2049
.2047
.2045
.2043
.2041
.2039
.2037
.2035
.2033
.2032
.203
.2028
.2026
.2024
.2022
.202
.2018
.2017
.2015
.2013
.2011
.2009
.2007
.2005
.2004
.2002
.2
.1998
.1996
.1994
.1993
.1991
.1989
.1987
.1985
.1983
.1982
.198
.1978
.1976
.1974
.1973
.1971
.1969
.1967
.1965
.1964
.1962
.196
.1958
.1956
.1955
.1953
.1951
.1949
.1947
.1946
.1944
.1942
.194
.1939
.1937
.1935
.1933
.1932
.193
.1928
.1926
.1925
.1923
.1921
.1919
.1918
.1916
.1914
.1912
.1911
.1909
.1907
.1906
.1904
.1902
.19
.1899
.1897
.1895
.1894
.1892
.189
.1889
.1887
.1885
.1883
.1882
.188
.1878
.1877
.1875
.1873
.1872
.187
.1868
.1867
.1865
.1863
.1862
.186
.1858
.1857
.1855
.1854
.1852
.185
.1849
.1847
.1845
.1844
.1842
.184
.1839
.1837
.1836
.1834
.1832
.1831
.1829
.1827
.1826
.1824
.1823
.1821
.1819
.1818
.1816
.1815
.1813
.1811
.181
.1808
.1807
.1805
.1804
.1802
.18
.1799
.1797
.1796
.1794
.1793
.1791
.1789
.1788
.1786
.1785
.1783
.1782
.178
.1779
.1777
.1775
.1774
.1772
.1771
.1769
.1768
.1766
.1765
.1763
.1762
.176
.1759
.1757
.1756
.1754
.1752
.1751
.1749
.1748
.1746
.1745
.1743
.1742
.174
.1739
.1737
.1736
.1734
.1733
.1732
.173
.1729
.1727
.1726
.1724
.1723
.1721
.172
.1718
.1717
.1715
.1714
.1712
.1711
.1709
.1708
.1707
.1705
.1704
.1702
.1701
.1699
.1698
.1696
.1695
.1694
.1692
.1691
.1689
.1688
.1686
.1685
.1683
.1682
.1681
.1679
.1678
.1676
.1675
.1674
.1672
.1671
.1669
.1668
.1667
.1665
.1664
.1662
.1661
.166
.1658
.1657
.1655
.1654
.1653
.1651
.165
.1648
.1647
.1646
.1644
.1643
.1642
.164
.1639
.1637
.1636
.1635
.1633
.1632
.1631
.1629
.1628
.1627
.1625
.1624
.1623
.1621
.162
.1619
.1617
.1616
.1614
.1613
.1612
.161
.1609
.1608
.1607
.1605
.1604
.1603
.1601
.16
.1599
.1597
.1596
.1595
.1593
.1592
.1591
.1589
.1588
.1587
.1585
.1584
.1583
.1582
.158
.1579
.1578
.1576
.1575
.1574
.1573
.1571
.157
.1569
.1567
.1566
.1565
.1564
.1562
.1561
.156
.1559
.1557
.1556
.1555
.1553
.1552
.1551
.155
.1548
.1547
.1546
.1545
.1543
.1542
.1541
.154
.1538
.1537
.1536
.1535
.1533
.1532
.1531
.153
.1529
.1527
.1526
.1525
.1524
.1522
.1521
.152
.1519
.1517
.1516
.1515
.1514
.1513
.1511
.151
.1509
.1508
.1507
.1505
.1504
.1503
.1502
.1501
.1499
.1498
.1497
.1496
.1495
.1493
.1492
.1491
.149
.1489
.1487
.1486
.1485
.1484
.1483
.1482
.148
.1479
.1478
.1477
.1476
.1475
.1473
.1472
.1471
.147
.1469
.1468
.1466
.1465
.1464
.1463
.1462
.1461
.146
.1458
.1457
.1456
.1455
.1454
.1453
.1452
.145
.1449
.1448
.1447
.1446
.1445
.1444
.1442
.1441
.144
.1439
.1438
.1437
.1436
.1435
.1433
.1432
.1431
.143
.1429
.1428
.1427
.1426
.1425
.1423
.1422
.1421
.142
.1419
.1418
.1417
.1416
.1415
.1414
.1412
.1411
.141
.1409
.1408
.1407
.1406
.1405
.1404
.1403
.1402
.14
.1399
.1398
.1397
.1396
.1395
.1394
.1393
.1392
.1391
.139
.1389
.1388
.1387
.1385
.1384
.1383
.1382
.1381
.138
.1379
.1378
.1377
.1376
.1375
.1374
.1373
.1372
.1371
.137
.1369
.1368
.1366
.1365
.1364
.1363
.1362
.1361
.136
.1359
.1358
.1357
.1356
.1355
.1354
.1353
.1352
.1351
.135
.1349
.1348
.1347
.1346
.1345
.1344
.1343
.1342
.1341
.134
.1339
.1338
.1337
.1336
.1335
.1334
.1333
.1332
.1331
.133
.1329
.1328
.1327
.1326
.1325
.1324
.1323
.1322
.1321
.132
.1319
.1318
.1317
.1316
.1315
.1314
.1313
.1312
.1311
.131
.1309
.1308
.1307
.1306
.1305
.1304
.1303
.1302
.1301
.13
.1299
.1298
.1297
.1296
.1295
.1294
.1293
.1292
.1291
.1291
.129
.1289
.1288
.1287
.1286
.1285
.1284
.1283
.1282
.1281
.128
.1279
.1278
.1277
.1276
.1275
.1274
.1273
.1273
.1272
.1271
.127
.1269
.1268
.1267
.1266
.1265
.1264
.1263
.1262
.1261
.126
.1259
.1259
.1258
.1257
.1256
.1255
.1254
.1253
.1252
.1251
.125
.1249
.1248
.1248
.1247
.1246
.1245
.1244
.1243
.1242
.1241
.124
.1239
.1238
.1238
.1237
.1236
.1235
.1234
.1233
.1232
.1231
.123
.1229
.1229
.1228
.1227
.1226
.1225
.1224
.1223
.1222
.1221
.1221
.122
.1219
.1218
.1217
.1216
.1215
.1214
.1214
.1213
.1212
.1211
.121
.1209
.1208
.1207
.1207
.1206
.1205
.1204
.1203
.1202
.1201
.1201
.12
.1199
.1198
.1197
.1196
.1195
.1195
.1194
.1193
.1192
.1191
.119
.1189
.1189
.1188
.1187
.1186
.1185
.1184
.1183
.1183
.1182
.1181
.118
.1179
.1178
.1178
.1177
.1176
.1175
.1174
.1173
.1173
.1172
.1171
.117
.1169
.1168
.1168
.1167
.1166
.1165
.1164
.1163
.1163
.1162
.1161
.116
.1159
.1158
.1158
.1157
.1156
.1155
.1154
.1154
.1153
.1152
.1151
.115
.115
.1149
.1148
.1147
.1146
.1145
.1145
.1144
.1143
.1142
.1141
.1141
.114
.1139
.1138
.1137
.1137
.1136
.1135
.1134
.1133
.1133
.1132
.1131
.113
.113
.1129
.1128
.1127
.1126
.1126
.1125
.1124
.1123
.1122
.1122
.1121
.112
.1119
.1119
.1118
.1117
.1116
.1115
.1115
.1114
.1113
.1112
.1112
.1111
.111
.1109
.1108
.1108
.1107
.1106
.1105
.1105
.1104
.1103
.1102
.1102
.1101
.11
.1099
.1099
.1098
.1097
.1096
.1095
.1095
.1094
.1093
.1092
.1092
.1091
.109
.1089
.1089
.1088
.1087
.1086
.1086
.1085
.1084
.1083
.1083
.1082
.1081
.1081
.108
.1079
.1078
.1078
.1077
.1076
.1075
.1075
.1074
.1073
.1072
.1072
.1071
.107
.1069
.1069
.1068
.1067
.1067
.1066
.1065
.1064
.1064
.1063
.1062
.1061
.1061
.106
.1059
.1059
.1058
.1057
.1056
.1056
.1055
.1054
.1054
.1053
.1052
.1051
.1051
.105
.1049
.1049
.1048
.1047
.1046
.1046
.1045
.1044
.1044
.1043
.1042
.1041
.1041
.104
.1039
.1039
.1038
.1037
.1037
.1036
.1035
.1034
.1034
.1033
.1032
.1032
.1031
.103
.103
.1029
.1028
.1028
.1027
.1026
.1025
.1025
.1024
.1023
.1023
.1022
.1021
.1021
.102
.1019
.1019
.1018
.1017
.1017
.1016
.1015
.1015
.1014
.1013
.1012
.1012
.1011
.101
.101
.1009
.1008
.1008
.1007
.1006
.1006
.1005
.1004
.1004
.1003
.1002
.1002
.1001
.1
.1
.0999
.0998
.0998
.0997
.0996
.0996
.0995
.0994
.0994
.0993
.0992
.0992
.0991
.0991
.099
.0989
.0989
.0988
.0987
.0987
.0986
.0985
.0985
.0984
.0983
.0983
.0982
.0981
.0981
.098
.0979
.0979
.0978
.0978
.0977
.0976
.0976
.0975
.0974
.0974
.0973
.0972
.0972
.0971
.097
.097
.0969
.0969
.0968
.0967
.0967
.0966
.0965
.0965
.0964
.0964
.0963
.0962
.0962
.0961
.096
.096
.0959
.0958
.0958
.0957
.0957
.0956
.0955
.0955
.0954
.0954
.0953
.0952
.0952
.0951
.095
.095
.0949
.0949
.0948
.0947
.0947
.0946
.0945
.0945
.0944
.0944
.0943
.0942
.0942
.0941
.0941
.094
.0939
.0939
.0938
.0938
.0937
.0936
.0936
.0935
.0935
.0934
.0933
.0933
.0932
.0932
.0931
.093
.093
.0929
.0929
.0928
.0927
.0927
.0926
.0926
.0925
.0924
.0924
.0923
.0923
.0922
.0921
.0921
.092
.092
.0919
.0918
.0918
.0917
.0917
.0916
.0915
.0915
.0914
.0914
.0913
.0913
.0912
.0911
.0911
.091
.091
.0909
.0909
.0908
.0907
.0907
.0906
.0906
.0905
.0904
.0904
.0903
.0903
.0902
.0902
.0901
.09
.09
.0899
.0899
.0898
.0898
.0897
.0896
.0896
.0895
.0895
.0894
.0894
.0893
.0892
.0892
.0891
.0891
.089
.089
.0889
.0889
.0888
.0887
.0887
.0886
.0886
.0885
.0885
.0884
.0884
.0883
.0882
.0882
.0881
.0881
.088
.088
.0879
.0879
.0878
.0877
.0877
.0876
.0876
.0875
.0875
.0874
.0874
.0873
.0872
.0872
.0871
.0871
.087
.087
.0869
.0869
.0868
.0868
.0867
.0866
.0866
.0865
.0865
.0864
.0864
.0863
.0863
.0862
.0862
.0861
.0861
.086
.086
.0859
.0858
.0858
.0857
.0857
.0856
.0856
.0855
.0855
.0854
.0854
.0853
.0853
.0852
.0852
.0851
.085
.085
.0849
.0849
.0848
.0848
.0847
.0847
.0846
.0846
.0845
.0845
.0844
.0844
.0843
.0843
.0842
.0842
.0841
.0841
.084
.084
.0839
.0838
.0838
.0837
.0837
.0836
.0836
.0835
.0835
.0834
.0834
.0833
.0833
.0832
.0832
.0831
.0831
.083
.083
.0829
.0829
.0828
.0828
.0827
.0827
.0826
.0826
.0825
.0825
.0824
.0824
.0823
.0823
.0822
.0822
.0821
.0821
.082
.082
.0819
.0819
.0818
.0818
.0817
.0817
.0816
.0816
.0815
.0815
.0814
.0814
.0813
.0813
.0812
.0812
.0811
.0811
.081
.081
.0809
.0809
.0808
.0808
.0807
.0807
.0806
.0806
.0805
.0805
.0804
.0804
.0803
.0803
.0803
.0802
.0802
.0801
.0801
.08
.08
.0799
.0799
.0798
.0798
.0797
.0797
.0796
.0796
.0795
.0795
.0794
.0794
.0793
.0793
.0792
.0792
.0792
.0791
.0791
.079
.079
.0789
.0789
.0788
.0788
.0787
.0787
.0786
.0786
.0785
.0785
.0784
.0784
.0784
.0783
.0783
.0782
.0782
.0781
.0781
.078
.078
.0779
.0779
.0778
.0778
.0777
.0777
.0777
.0776
.0776
.0775
.0775
.0774
.0774
.0773
.0773
.0772
.0772
.0772
.0771
.0771
.077
.077
.0769
.0769
.0768
.0768
.0767
.0767
.0767
.0766
.0766
.0765
.0765
.0764
.0764
.0763
.0763
.0762
.0762
.0762
.0761
.0761
.076
.076
.0759
.0759
.0758
.0758
.0758
.0757
.0757
.0756
.0756
.0755
.0755
.0754
.0754
.0754
.0753
.0753
.0752
.0752
.0751
.0751
.0751
.075
.075
.0749
.0749
.0748
.0748
.0747
.0747
.0747
.0746
.0746
.0745
.0745
.0744
.0744
.0744
.0743
.0743
.0742
.0742
.0741
.0741
.0741
.074
.074
.0739
.0739
.0738
.0738
.0738
.0737
.0737
.0736
.0736
.0735
.0735
.0735
.0734
.0734
.0733
.0733
.0732
.0732
.0732
.0731
.0731
.073
.073
.073
.0729
.0729
.0728
.0728
.0727
.0727
.0727
.0726
.0726
.0725
.0725
.0725
.0724
.0724
.0723
.0723
.0722
.0722
.0722
.0721
.0721
.072
.072
.072
.0719
.0719
.0718
.0718
.0718
.0717
.0717
.0716
.0716
.0716
.0715
.0715
.0714
.0714
.0713
.0713
.0713
.0712
.0712
.0711
.0711
.0711
.071
.071
.0709
.0709
.0709
.0708
.0708
.0707
.0707
.0707
.0706
.0706
.0705
.0705
.0705
.0704
.0704
.0703
.0703
.0703
.0702
.0702
.0701
.0701
.0701
.07
.07
.07
.0699
.0699
.0698
.0698
.0698
.0697
.0697
.0696
.0696
.0696
.0695
.0695
.0694
.0694
.0694
.0693
.0693
.0693
.0692
.0692
.0691
.0691
.0691
.069
.069
.0689
.0689
.0689
.0688
.0688
.0688
.0687
.0687
.0686
.0686
.0686
.0685
.0685
.0684
.0684
.0684
.0683
.0683
.0683
.0682
.0682
.0681
.0681
.0681
.068
.068
.068
.0679
.0679
.0678
.0678
.0678
.0677
.0677
.0677
.0676
.0676
.0675
.0675
.0675
.0674
.0674
.0674
.0673
.0673
.0672
.0672
.0672
.0671
.0671
.0671
.067
.067
.067
.0669
.0669
.0668
.0668
.0668
.0667
.0667
.0667
.0666
.0666
.0666
.0665
.0665
.0664
.0664
.0664
.0663
.0663
.0663
.0662
.0662
.0662
.0661
.0661
.066
.066
.066
.0659
.0659
.0659
.0658
.0658
.0658
.0657
.0657
.0657
.0656
.0656
.0655
.0655
.0655
.0654
.0654
.0654
.0653
.0653
.0653
.0652
.0652
.0652
.0651
.0651
.0651
.065
.065
.0649
.0649
.0649
.0648
.0648
.0648
.0647
.0647
.0647
.0646
.0646
.0646
.0645
.0645
.0645
.0644
.0644
.0644
.0643
.0643
.0643
.0642
.0642
.0642
.0641
.0641
.064
.064
.064
.0639
.0639
.0639
.0638
.0638
.0638
.0637
.0637
.0637
.0636
.0636
.0636
.0635
.0635
.0635
.0634
.0634
.0634
.0633
.0633
.0633
.0632
.0632
.0632
.0631
.0631
.0631
.063
.063
.063
.0629
.0629
.0629
.0628
.0628
.0628
.0627
.0627
.0627
.0626
.0626
.0626
.0625
.0625
.0625
.0624
.0624
.0624
.0623
.0623
.0623
.0622
.0622
.0622
.0621
.0621
.0621
.0621
.062
.062
.062
.0619
.0619
.0619
.0618
.0618
.0618
.0617
.0617
.0617
.0616
.0616
.0616
.0615
.0615
.0615
.0614
.0614
.0614
.0613
.0613
.0613
.0612
.0612
.0612
.0612
.0611
.0611
.0611
.061
.061
.061
.0609
.0609
.0609
.0608
.0608
.0608
.0607
.0607
.0607
.0606
.0606
.0606
.0606
.0605
.0605
.0605
.0604
.0604
.0604
.0603
.0603
.0603
.0602
.0602
.0602
.0601
.0601
.0601
.0601
.06
.06
.06
.0599
.0599
.0599
.0598
.0598
.0598
.0598
.0597
.0597
.0597
.0596
.0596
.0596
.0595
.0595
.0595
.0594
.0594
.0594
.0594
.0593
.0593
.0593
.0592
.0592
.0592
.0591
.0591
.0591
.0591
.059
.059
.059
.0589
.0589
.0589
.0588
.0588
.0588
.0588
.0587
.0587
.0587
.0586
.0586
.0586
.0585
.0585
.0585
.0585
.0584
.0584
.0584
.0583
.0583
.0583
.0583
.0582
.0582
.0582
.0581
.0581
.0581
.058
.058
.058
.058
.0579
.0579
.0579
.0578
.0578
.0578
.0578
.0577
.0577
.0577
.0576
.0576
.0576
.0576
.0575
.0575
.0575
.0574
.0574
.0574
.0574
.0573
.0573
.0573
.0572
.0572
.0572
.0572
.0571
.0571
.0571
.057
.057
.057
.057
.0569
.0569
.0569
.0568
.0568
.0568
.0568
.0567
.0567
.0567
.0566
.0566
.0566
.0566
.0565
.0565
.0565
.0565
.0564
.0564
.0564
.0563
.0563
.0563
.0563
.0562
.0562
.0562
.0561
.0561
.0561
.0561
.056
.056
.056
.056
.0559
.0559
.0559
.0558
.0558
.0558
.0558
.0557
.0557
.0557
.0557
.0556
.0556
.0556
.0555
.0555
.0555
.0555
.0554
.0554
.0554
.0554
.0553
.0553
.0553
.0553
.0552
.0552
.0552
.0551
.0551
.0551
.0551
.055
.055
.055
.055
.0549
.0549
.0549
.0549
.0548
.0548
.0548
.0547
.0547
.0547
.0547
.0546
.0546
.0546
.0546
.0545
.0545
.0545
.0545
.0544
.0544
.0544
.0544
.0543
.0543
.0543
.0542
.0542
.0542
.0542
.0541
.0541
.0541
.0541
.054
.054
.054
.054
.0539
.0539
.0539
.0539
.0538
.0538
.0538
.0538
.0537
.0537
.0537
.0537
.0536
.0536
.0536
.0536
.0535
.0535
.0535
.0535
.0534
.0534
.0534
.0533
.0533
.0533
.0533
.0532
.0532
.0532
.0532
.0531
.0531
.0531
.0531
.053
.053
.053
.053
.0529
.0529
.0529
.0529
.0528
.0528
.0528
.0528
.0527
.0527
.0527
.0527
.0526
.0526
.0526
.0526
.0525
.0525
.0525
.0525
.0525
.0524
.0524
.0524
.0524
.0523
.0523
.0523
.0523
.0522
.0522
.0522
.0522
.0521
.0521
.0521
.0521
.052
.052
.052
.052
.0519
.0519
.0519
.0519
.0518
.0518
.0518
.0518
.0517
.0517
.0517
.0517
.0517
.0516
.0516
.0516
.0516
.0515
.0515
.0515
.0515
.0514
.0514
.0514
.0514
.0513
.0513
.0513
.0513
.0512
.0512
.0512
.0512
.0512
.0511
.0511
.0511
.0511
.051
.051
.051
.051
.0509
.0509
.0509
.0509
.0508
.0508
.0508
.0508
.0508
.0507
.0507
.0507
.0507
.0506
.0506
.0506
.0506
.0505
.0505
.0505
.0505
.0505
.0504
.0504
.0504
.0504
.0503
.0503
.0503
.0503
.0502
.0502
.0502
.0502
.0502
.0501
.0501
.0501
.0501
.05
.05
.05
