.5489
.5474
.546
.5446
.5433
.542
.5408
.5397
.5386
.5376
.5366
.5356
.5348
.5339
.5331
.5324
.5317
.531
.5304
.5298
.5292
.5287
.5282
.5277
.5273
.5269
.5265
.5261
.5258
.5254
.5251
.5249
.5246
.5243
.5241
.5239
.5237
.5235
.5233
.5232
.523
.5228
.5227
.5226
.5225
.5223
.5222
.5221
.522
.5219
.5218
.5218
.5217
.5216
.5215
.5215
.5214
.5213
.5213
.5212
.5212
.5211
.5211
.521
.521
.5209
.5209
.5208
.5208
.5208
.5207
.5207
.5206
.5206
.5206
.5205
.5205
.5205
.5204
.5204
.5204
.5203
.5203
.5203
.5202
.5202
.5202
.5202
.5201
.5201
.5201
.52
.52
.52
.5199
.5199
.5199
.5199
.5198
.5198
.5198
.5197
.5197
.5197
.5196
.5196
.5196
.5196
.5195
.5195
.5195
.5195
.5194
.5194
.5194
.5193
.5193
.5193
.5193
.5192
.5192
.5192
.5191
.5191
.5191
.5191
.519
.519
.519
.5189
.5189
.5189
.5189
.5188
.5188
.5188
.5187
.5187
.5187
.5187
.5186
.5186
.5186
.5186
.5185
.5185
.5185
.5184
.5184
.5184
.5184
.5183
.5183
.5183
.5183
.5182
.5182
.5182
.5181
.5181
.5181
.5181
.518
.518
.518
.5179
.5179
.5179
.5179
.5178
.5178
.5178
.5178
.5177
.5177
.5177
.5176
.5176
.5176
.5176
.5175
.5175
.5175
.5175
.5174
.5174
.5174
.5173
.5173
.5173
.5173
.5172
.5172
.5172
.5172
.5171
.5171
.5171
.517
.517
.517
.517
.5169
.5169
.5169
.5169
.5168
.5168
.5168
.5167
.5167
.5167
.5167
.5166
.5166
.5166
.5165
.5165
.5165
.5165
.5164
.5164
.5164
.5164
.5163
.5163
.5163
.5162
.5162
.5162
.5162
.5161
.5161
.5161
.516
.516
.516
.516
.5159
.5159
.5159
.5158
.5158
.5158
.5158
.5157
.5157
.5157
.5156
.5156
.5156
.5156
.5155
.5155
.5155
.5154
.5154
.5154
.5154
.5153
.5153
.5153
.5152
.5152
.5152
.5151
.5151
.5151
.5151
.515
.515
.515
.5149
.5149
.5149
.5148
.5148
.5148
.5148
.5147
.5147
.5147
.5146
.5146
.5146
.5145
.5145
.5145
.5144
.5144
.5144
.5144
.5143
.5143
.5143
.5142
.5142
.5142
.5141
.5141
.5141
.514
.514
.514
.5139
.5139
.5139
.5138
.5138
.5138
.5137
.5137
.5137
.5136
.5136
.5136
.5135
.5135
.5135
.5134
.5134
.5134
.5133
.5133
.5132
.5132
.5132
.5131
.5131
.5131
.513
.513
.513
.5129
.5129
.5129
.5128
.5128
.5127
.5127
.5127
.5126
.5126
.5126
.5125
.5125
.5124
.5124
.5124
.5123
.5123
.5122
.5122
.5122
.5121
.5121
.512
.512
.512
.5119
.5119
.5118
.5118
.5118
.5117
.5117
.5116
.5116
.5115
.5115
.5115
.5114
.5114
.5113
.5113
.5112
.5112
.5112
.5111
.5111
.511
.511
.5109
.5109
.5108
.5108
.5107
.5107
.5107
.5106
.5106
.5105
.5105
.5104
.5104
.5103
.5103
.5102
.5102
.5101
.5101
.51
.51
.5099
.5099
.5098
.5098
.5097
.5097
.5096
.5096
.5095
.5095
.5094
.5094
.5093
.5092
.5092
.5091
.5091
.509
.509
.5089
.5089
.5088
.5087
.5087
.5086
.5086
.5085
.5085
.5084
.5083
.5083
.5082
.5082
.5081
.508
.508
.5079
.5079
.5078
.5077
.5077
.5076
.5076
.5075
.5074
.5074
.5073
.5072
.5072
.5071
.507
.507
.5069
.5068
.5068
.5067
.5066
.5066
.5065
.5064
.5064
.5063
.5062
.5061
.5061
.506
.5059
.5059
.5058
.5057
.5056
.5056
.5055
.5054
.5053
.5053
.5052
.5051
.505
.5049
.5049
.5048
.5047
.5046
.5046
.5045
.5044
.5043
.5042
.5041
.5041
.504
.5039
.5038
.5037
.5036
.5036
.5035
.5034
.5033
.5032
.5031
.503
.5029
.5029
.5028
.5027
.5026
.5025
.5024
.5023
.5022
.5021
.502
.5019
.5018
.5017
.5016
.5015
.5014
.5013
.5012
.5011
.501
.5009
.5008
.5007
.5006
.5005
.5004
.5003
.5002
.5001
.5
.4999
.4998
.4997
.4996
.4995
.4994
.4993
.4992
.499
.4989
.4988
.4987
.4986
.4985
.4984
.4982
.4981
.498
.4979
.4978
.4977
.4975
.4974
.4973
.4972
.4971
.4969
.4968
.4967
.4966
.4964
.4963
.4962
.4961
.4959
.4958
.4957
.4956
.4954
.4953
.4952
.495
.4949
.4948
.4946
.4945
.4944
.4942
.4941
.4939
.4938
.4937
.4935
.4934
.4932
.4931
.493
.4928
.4927
.4925
.4924
.4922
.4921
.4919
.4918
.4916
.4915
.4913
.4912
.491
.4909
.4907
.4906
.4904
.4903
.4901
.4899
.4898
.4896
.4895
.4893
.4891
.489
.4888
.4887
.4885
.4883
.4882
.488
.4878
.4877
.4875
.4873
.4871
.487
.4868
.4866
.4865
.4863
.4861
.4859
.4858
.4856
.4854
.4852
.485
.4849
.4847
.4845
.4843
.4841
.4839
.4838
.4836
.4834
.4832
.483
.4828
.4826
.4824
.4822
.4821
.4819
.4817
.4815
.4813
.4811
.4809
.4807
.4805
.4803
.4801
.4799
.4797
.4795
.4793
.4791
.4789
.4787
.4785
.4783
.478
.4778
.4776
.4774
.4772
.477
.4768
.4766
.4764
.4761
.4759
.4757
.4755
.4753
.475
.4748
.4746
.4744
.4742
.4739
.4737
.4735
.4733
.473
.4728
.4726
.4724
.4721
.4719
.4717
.4714
.4712
.471
.4707
.4705
.4703
.47
.4698
.4696
.4693
.4691
.4689
.4686
.4684
.4681
.4679
.4676
.4674
.4672
.4669
.4667
.4664
.4662
.4659
.4657
.4654
.4652
.4649
.4647
.4644
.4642
.4639
.4637
.4634
.4632
.4629
.4626
.4624
.4621
.4619
.4616
.4613
.4611
.4608
.4606
.4603
.46
.4598
.4595
.4592
.459
.4587
.4584
.4582
.4579
.4576
.4574
.4571
.4568
.4566
.4563
.456
.4557
.4555
.4552
.4549
.4546
.4544
.4541
.4538
.4535
.4532
.453
.4527
.4524
.4521
.4518
.4516
.4513
.451
.4507
.4504
.4501
.4499
.4496
.4493
.449
.4487
.4484
.4481
.4478
.4476
.4473
.447
.4467
.4464
.4461
.4458
.4455
.4452
.4449
.4446
.4443
.444
.4437
.4434
.4431
.4428
.4425
.4422
.442
.4417
.4414
.441
.4407
.4404
.4401
.4398
.4395
.4392
.4389
.4386
.4383
.438
.4377
.4374
.4371
.4368
.4365
.4362
.4359
.4356
.4353
.4349
.4346
.4343
.434
.4337
.4334
.4331
.4328
.4325
.4322
.4318
.4315
.4312
.4309
.4306
.4303
.43
.4296
.4293
.429
.4287
.4284
.4281
.4277
.4274
.4271
.4268
.4265
.4262
.4258
.4255
.4252
.4249
.4246
.4242
.4239
.4236
.4233
.423
.4226
.4223
.422
.4217
.4213
.421
.4207
.4204
.4201
.4197
.4194
.4191
.4188
.4184
.4181
.4178
.4175
.4171
.4168
.4165
.4162
.4158
.4155
.4152
.4148
.4145
.4142
.4139
.4135
.4132
.4129
.4126
.4122
.4119
.4116
.4112
.4109
.4106
.4103
.4099
.4096
.4093
.4089
.4086
.4083
.408
.4076
.4073
.407
.4066
.4063
.406
.4056
.4053
.405
.4046
.4043
.404
.4037
.4033
.403
.4027
.4023
.402
.4017
.4013
.401
.4007
.4003
.4
.3997
.3993
.399
.3987
.3983
.398
.3977
.3973
.397
.3967
.3963
.396
.3957
.3954
.395
.3947
.3944
.394
.3937
.3934
.393
.3927
.3924
.392
.3917
.3914
.391
.3907
.3904
.39
.3897
.3894
.389
.3887
.3884
.388
.3877
.3874
.387
.3867
.3864
.386
.3857
.3854
.385
.3847
.3844
.384
.3837
.3834
.383
.3827
.3824
.3821
.3817
.3814
.3811
.3807
.3804
.3801
.3797
.3794
.3791
.3787
.3784
.3781
.3777
.3774
.3771
.3767
.3764
.3761
.3758
.3754
.3751
.3748
.3744
.3741
.3738
.3734
.3731
.3728
.3725
.3721
.3718
.3715
.3711
.3708
.3705
.3702
.3698
.3695
.3692
.3688
.3685
.3682
.3679
.3675
.3672
.3669
.3665
.3662
.3659
.3656
.3652
.3649
.3646
.3643
.3639
.3636
.3633
.363
.3626
.3623
.362
.3617
.3613
.361
.3607
.3604
.36
.3597
.3594
.3591
.3587
.3584
.3581
.3578
.3574
.3571
.3568
.3565
.3561
.3558
.3555
.3552
.3549
.3545
.3542
.3539
.3536
.3532
.3529
.3526
.3523
.352
.3516
.3513
.351
.3507
.3504
.35
.3497
.3494
.3491
.3488
.3484
.3481
.3478
.3475
.3472
.3469
.3465
.3462
.3459
.3456
.3453
.3449
.3446
.3443
.344
.3437
.3434
.3431
.3427
.3424
.3421
.3418
.3415
.3412
.3408
.3405
.3402
.3399
.3396
.3393
.339
.3387
.3383
.338
.3377
.3374
.3371
.3368
.3365
.3362
.3358
.3355
.3352
.3349
.3346
.3343
.334
.3337
.3334
.333
.3327
.3324
.3321
.3318
.3315
.3312
.3309
.3306
.3303
.33
.3297
.3293
.329
.3287
.3284
.3281
.3278
.3275
.3272
.3269
.3266
.3263
.326
.3257
.3254
.3251
.3248
.3245
.3242
.3239
.3235
.3232
.3229
.3226
.3223
.322
.3217
.3214
.3211
.3208
.3205
.3202
.3199
.3196
.3193
.319
.3187
.3184
.3181
.3178
.3175
.3172
.3169
.3166
.3163
.316
.3157
.3154
.3151
.3148
.3145
.3142
.3139
.3136
.3133
.313
.3128
.3125
.3122
.3119
.3116
.3113
.311
.3107
.3104
.3101
.3098
.3095
.3092
.3089
.3086
.3083
.308
.3077
.3074
.3072
.3069
.3066
.3063
.306
.3057
.3054
.3051
.3048
.3045
.3042
.3039
.3037
.3034
.3031
.3028
.3025
.3022
.3019
.3016
.3013
.301
.3008
.3005
.3002
.2999
.2996
.2993
.299
.2987
.2984
.2982
.2979
.2976
.2973
.297
.2967
.2964
.2962
.2959
.2956
.2953
.295
.2947
.2944
.2942
.2939
.2936
.2933
.293
.2927
.2924
.2922
.2919
.2916
.2913
.291
.2907
.2905
.2902
.2899
.2896
.2893
.289
.2888
.2885
.2882
.2879
.2876
.2874
.2871
.2868
.2865
.2862
.2859
.2857
.2854
.2851
.2848
.2845
.2843
.284
.2837
.2834
.2831
.2829
.2826
.2823
.282
.2818
.2815
.2812
.2809
.2806
.2804
.2801
.2798
.2795
.2792
.279
.2787
.2784
.2781
.2779
.2776
.2773
.277
.2768
.2765
.2762
.2759
.2756
.2754
.2751
.2748
.2745
.2743
.274
.2737
.2734
.2732
.2729
.2726
.2723
.2721
.2718
.2715
.2712
.271
.2707
.2704
.2701
.2699
.2696
.2693
.2691
.2688
.2685
.2682
.268
.2677
.2674
.2671
.2669
.2666
.2663
.266
.2658
.2655
.2652
.265
.2647
.2644
.2641
.2639
.2636
.2633
.2631
.2628
.2625
.2622
.262
.2617
.2614
.2612
.2609
.2606
.2603
.2601
.2598
.2595
.2593
.259
.2587
.2584
.2582
.2579
.2576
.2574
.2571
.2568
.2566
.2563
.256
.2557
.2555
.2552
.2549
.2547
.2544
.2541
.2539
.2536
.2533
.253
.2528
.2525
.2522
.252
.2517
.2514
.2512
.2509
.2506
.2504
.2501
.2498
.2496
.2493
.249
.2487
.2485
.2482
.2479
.2477
.2474
.2471
.2469
.2466
.2463
.2461
.2458
.2455
.2453
.245
.2447
.2445
.2442
.2439
.2437
.2434
.2431
.2429
.2426
.2423
.2421
.2418
.2415
.2413
.241
.2407
.2405
.2402
.2399
.2397
.2394
.2391
.2389
.2386
.2383
.2381
.2378
.2375
.2373
.237
.2368
.2365
.2362
.236
.2357
.2354
.2352
.2349
.2346
.2344
.2341
.2338
.2336
.2333
.2331
.2328
.2325
.2323
.232
.2317
.2315
.2312
.231
.2307
.2304
.2302
.2299
.2296
.2294
.2291
.2289
.2286
.2283
.2281
.2278
.2275
.2273
.227
.2268
.2265
.2262
.226
.2257
.2255
.2252
.2249
.2247
.2244
.2242
.2239
.2237
.2234
.2231
.2229
.2226
.2224
.2221
.2218
.2216
.2213
.2211
.2208
.2206
.2203
.2201
.2198
.2195
.2193
.219
.2188
.2185
.2183
.218
.2178
.2175
.2172
.217
.2167
.2165
.2162
.216
.2157
.2155
.2152
.215
.2147
.2145
.2142
.214
.2137
.2135
.2132
.213
.2127
.2125
.2122
.212
.2117
.2115
.2112
.211
.2107
.2105
.2102
.21
.2097
.2095
.2093
.209
.2088
.2085
.2083
.208
.2078
.2075
.2073
.2071
.2068
.2066
.2063
.2061
.2058
.2056
.2054
.2051
.2049
.2046
.2044
.2042
.2039
.2037
.2034
.2032
.203
.2027
.2025
.2023
.202
.2018
.2016
.2013
.2011
.2008
.2006
.2004
.2001
.1999
.1997
.1994
.1992
.199
.1987
.1985
.1983
.1981
.1978
.1976
.1974
.1971
.1969
.1967
.1965
.1962
.196
.1958
.1955
.1953
.1951
.1949
.1946
.1944
.1942
.194
.1937
.1935
.1933
.1931
.1929
.1926
.1924
.1922
.192
.1917
.1915
.1913
.1911
.1909
.1907
.1904
.1902
.19
.1898
.1896
.1894
.1891
.1889
.1887
.1885
.1883
.1881
.1878
.1876
.1874
.1872
.187
.1868
.1866
.1864
.1862
.1859
.1857
.1855
.1853
.1851
.1849
.1847
.1845
.1843
.1841
.1839
.1837
.1835
.1832
.183
.1828
.1826
.1824
.1822
.182
.1818
.1816
.1814
.1812
.181
.1808
.1806
.1804
.1802
.18
.1798
.1796
.1794
.1792
.179
.1788
.1786
.1784
.1782
.178
.1779
.1777
.1775
.1773
.1771
.1769
.1767
.1765
.1763
.1761
.1759
.1757
.1755
.1754
.1752
.175
.1748
.1746
.1744
.1742
.174
.1738
.1737
.1735
.1733
.1731
.1729
.1727
.1725
.1724
.1722
.172
.1718
.1716
.1714
.1713
.1711
.1709
.1707
.1705
.1704
.1702
.17
.1698
.1696
.1695
.1693
.1691
.1689
.1687
.1686
.1684
.1682
.168
.1679
.1677
.1675
.1673
.1672
.167
.1668
.1666
.1665
.1663
.1661
.166
.1658
.1656
.1654
.1653
.1651
.1649
.1648
.1646
.1644
.1642
.1641
.1639
.1637
.1636
.1634
.1632
.1631
.1629
.1627
.1626
.1624
.1622
.1621
.1619
.1618
.1616
.1614
.1613
.1611
.1609
.1608
.1606
.1604
.1603
.1601
.16
.1598
.1596
.1595
.1593
.1592
.159
.1588
.1587
.1585
.1584
.1582
.1581
.1579
.1577
.1576
.1574
.1573
.1571
.157
.1568
.1566
.1565
.1563
.1562
.156
.1559
.1557
.1556
.1554
.1553
.1551
.155
.1548
.1547
.1545
.1544
.1542
.1541
.1539
.1538
.1536
.1535
.1533
.1532
.153
.1529
.1527
.1526
.1524
.1523
.1521
.152
.1518
.1517
.1515
.1514
.1513
.1511
.151
.1508
.1507
.1505
.1504
.1502
.1501
.15
.1498
.1497
.1495
.1494
.1492
.1491
.149
.1488
.1487
.1485
.1484
.1483
.1481
.148
.1478
.1477
.1476
.1474
.1473
.1471
.147
.1469
.1467
.1466
.1465
.1463
.1462
.146
.1459
.1458
.1456
.1455
.1454
.1452
.1451
.145
.1448
.1447
.1446
.1444
.1443
.1442
.144
.1439
.1438
.1436
.1435
.1434
.1432
.1431
.143
.1428
.1427
.1426
.1424
.1423
.1422
.142
.1419
.1418
.1417
.1415
.1414
.1413
.1411
.141
.1409
.1408
.1406
.1405
.1404
.1403
.1401
.14
.1399
.1397
.1396
.1395
.1394
.1392
.1391
.139
.1389
.1387
.1386
.1385
.1384
.1382
.1381
.138
.1379
.1378
.1376
.1375
.1374
.1373
.1371
.137
.1369
.1368
.1367
.1365
.1364
.1363
.1362
.136
.1359
.1358
.1357
.1356
.1354
.1353
.1352
.1351
.135
.1349
.1347
.1346
.1345
.1344
.1343
.1341
.134
.1339
.1338
.1337
.1336
.1334
.1333
.1332
.1331
.133
.1329
.1328
.1326
.1325
.1324
.1323
.1322
.1321
.1319
.1318
.1317
.1316
.1315
.1314
.1313
.1312
.131
.1309
.1308
.1307
.1306
.1305
.1304
.1303
.1301
.13
.1299
.1298
.1297
.1296
.1295
.1294
.1293
.1292
.129
.1289
.1288
.1287
.1286
.1285
.1284
.1283
.1282
.1281
.128
.1278
.1277
.1276
.1275
.1274
.1273
.1272
.1271
.127
.1269
.1268
.1267
.1266
.1265
.1263
.1262
.1261
.126
.1259
.1258
.1257
.1256
.1255
.1254
.1253
.1252
.1251
.125
.1249
.1248
.1247
.1246
.1245
.1244
.1243
.1242
.1241
.124
.1239
.1238
.1237
.1236
.1234
.1233
.1232
.1231
.123
.1229
.1228
.1227
.1226
.1225
.1224
.1223
.1222
.1221
.122
.1219
.1218
.1217
.1216
.1215
.1214
.1213
.1213
.1212
.1211
.121
.1209
.1208
.1207
.1206
.1205
.1204
.1203
.1202
.1201
.12
.1199
.1198
.1197
.1196
.1195
.1194
.1193
.1192
.1191
.119
.1189
.1188
.1187
.1186
.1186
.1185
.1184
.1183
.1182
.1181
.118
.1179
.1178
.1177
.1176
.1175
.1174
.1173
.1172
.1171
.1171
.117
.1169
.1168
.1167
.1166
.1165
.1164
.1163
.1162
.1161
.116
.116
.1159
.1158
.1157
.1156
.1155
.1154
.1153
.1152
.1151
.115
.115
.1149
.1148
.1147
.1146
.1145
.1144
.1143
.1142
.1142
.1141
.114
.1139
.1138
.1137
.1136
.1135
.1135
.1134
.1133
.1132
.1131
.113
.1129
.1128
.1128
.1127
.1126
.1125
.1124
.1123
.1122
.1122
.1121
.112
.1119
.1118
.1117
.1116
.1116
.1115
.1114
.1113
.1112
.1111
.111
.111
.1109
.1108
.1107
.1106
.1105
.1105
.1104
.1103
.1102
.1101
.11
.11
.1099
.1098
.1097
.1096
.1095
.1095
.1094
.1093
.1092
.1091
.1091
.109
.1089
.1088
.1087
.1086
.1086
.1085
.1084
.1083
.1082
.1082
.1081
.108
.1079
.1078
.1078
.1077
.1076
.1075
.1074
.1074
.1073
.1072
.1071
.107
.107
.1069
.1068
.1067
.1066
.1066
.1065
.1064
.1063
.1063
.1062
.1061
.106
.1059
.1059
.1058
.1057
.1056
.1056
.1055
.1054
.1053
.1052
.1052
.1051
.105
.1049
.1049
.1048
.1047
.1046
.1046
.1045
.1044
.1043
.1043
.1042
.1041
.104
.104
.1039
.1038
.1037
.1037
.1036
.1035
.1034
.1034
.1033
.1032
.1031
.1031
.103
.1029
.1028
.1028
.1027
.1026
.1025
.1025
.1024
.1023
.1023
.1022
.1021
.102
.102
.1019
.1018
.1017
.1017
.1016
.1015
.1015
.1014
.1013
.1012
.1012
.1011
.101
.101
.1009
.1008
.1007
.1007
.1006
.1005
.1005
.1004
.1003
.1002
.1002
.1001
.1
.1
.0999
.0998
.0998
.0997
.0996
.0995
.0995
.0994
.0993
.0993
.0992
.0991
.0991
.099
.0989
.0989
.0988
.0987
.0986
.0986
.0985
.0984
.0984
.0983
.0982
.0982
.0981
.098
.098
.0979
.0978
.0978
.0977
.0976
.0976
.0975
.0974
.0974
.0973
.0972
.0972
.0971
.097
.097
.0969
.0968
.0968
.0967
.0966
.0966
.0965
.0964
.0964
.0963
.0962
.0962
.0961
.096
.096
.0959
.0958
.0958
.0957
.0956
.0956
.0955
.0955
.0954
.0953
.0953
.0952
.0951
.0951
.095
.0949
.0949
.0948
.0947
.0947
.0946
.0946
.0945
.0944
.0944
.0943
.0942
.0942
.0941
.094
.094
.0939
.0939
.0938
.0937
.0937
.0936
.0935
.0935
.0934
.0934
.0933
.0932
.0932
.0931
.0931
.093
.0929
.0929
.0928
.0927
.0927
.0926
.0926
.0925
.0924
.0924
.0923
.0923
.0922
.0921
.0921
.092
.0919
.0919
.0918
.0918
.0917
.0916
.0916
.0915
.0915
.0914
.0913
.0913
.0912
.0912
.0911
.0911
.091
.0909
.0909
.0908
.0908
.0907
.0906
.0906
.0905
.0905
.0904
.0903
.0903
.0902
.0902
.0901
.09
.09
.0899
.0899
.0898
.0898
.0897
.0896
.0896
.0895
.0895
.0894
.0894
.0893
.0892
.0892
.0891
.0891
.089
.089
.0889
.0888
.0888
.0887
.0887
.0886
.0886
.0885
.0884
.0884
.0883
.0883
.0882
.0882
.0881
.088
.088
.0879
.0879
.0878
.0878
.0877
.0877
.0876
.0875
.0875
.0874
.0874
.0873
.0873
.0872
.0872
.0871
.0871
.087
.0869
.0869
.0868
.0868
.0867
.0867
.0866
.0866
.0865
.0865
.0864
.0863
.0863
.0862
.0862
.0861
.0861
.086
.086
.0859
.0859
.0858
.0858
.0857
.0856
.0856
.0855
.0855
.0854
.0854
.0853
.0853
.0852
.0852
.0851
.0851
.085
.085
.0849
.0849
.0848
.0847
.0847
.0846
.0846
.0845
.0845
.0844
.0844
.0843
.0843
.0842
.0842
.0841
.0841
.084
.084
.0839
.0839
.0838
.0838
.0837
.0837
.0836
.0836
.0835
.0835
.0834
.0834
.0833
.0833
.0832
.0832
.0831
.0831
.083
.083
.0829
.0829
.0828
.0827
.0827
.0826
.0826
.0825
.0825
.0824
.0824
.0824
.0823
.0823
.0822
.0822
.0821
.0821
.082
.082
.0819
.0819
.0818
.0818
.0817
.0817
.0816
.0816
.0815
.0815
.0814
.0814
.0813
.0813
.0812
.0812
.0811
.0811
.081
.081
.0809
.0809
.0808
.0808
.0807
.0807
.0806
.0806
.0805
.0805
.0805
.0804
.0804
.0803
.0803
.0802
.0802
.0801
.0801
.08
.08
.0799
.0799
.0798
.0798
.0797
.0797
.0796
.0796
.0796
.0795
.0795
.0794
.0794
.0793
.0793
.0792
.0792
.0791
.0791
.079
.079
.079
.0789
.0789
.0788
.0788
.0787
.0787
.0786
.0786
.0785
.0785
.0784
.0784
.0784
.0783
.0783
.0782
.0782
.0781
.0781
.078
.078
.0779
.0779
.0779
.0778
.0778
.0777
.0777
.0776
.0776
.0775
.0775
.0775
.0774
.0774
.0773
.0773
.0772
.0772
.0771
.0771
.0771
.077
.077
.0769
.0769
.0768
.0768
.0768
.0767
.0767
.0766
.0766
.0765
.0765
.0764
.0764
.0764
.0763
.0763
.0762
.0762
.0761
.0761
.0761
.076
.076
.0759
.0759
.0758
.0758
.0758
.0757
.0757
.0756
.0756
.0755
.0755
.0755
.0754
.0754
.0753
.0753
.0752
.0752
.0752
.0751
.0751
.075
.075
.0749
.0749
.0749
.0748
.0748
.0747
.0747
.0747
.0746
.0746
.0745
.0745
.0744
.0744
.0744
.0743
.0743
.0742
.0742
.0742
.0741
.0741
.074
.074
.074
.0739
.0739
.0738
.0738
.0737
.0737
.0737
.0736
.0736
.0735
.0735
.0735
.0734
.0734
.0733
.0733
.0733
.0732
.0732
.0731
.0731
.0731
.073
.073
.0729
.0729
.0729
.0728
.0728
.0727
.0727
.0727
.0726
.0726
.0725
.0725
.0725
.0724
.0724
.0723
.0723
.0723
.0722
.0722
.0722
.0721
.0721
.072
.072
.072
.0719
.0719
.0718
.0718
.0718
.0717
.0717
.0716
.0716
.0716
.0715
.0715
.0715
.0714
.0714
.0713
.0713
.0713
.0712
.0712
.0711
.0711
.0711
.071
.071
.071
.0709
.0709
.0708
.0708
.0708
.0707
.0707
.0707
.0706
.0706
.0705
.0705
.0705
.0704
.0704
.0704
.0703
.0703
.0702
.0702
.0702
.0701
.0701
.0701
.07
.07
.0699
.0699
.0699
.0698
.0698
.0698
.0697
.0697
.0696
.0696
.0696
.0695
.0695
.0695
.0694
.0694
.0694
.0693
.0693
.0692
.0692
.0692
.0691
.0691
.0691
.069
.069
.069
.0689
.0689
.0688
.0688
.0688
.0687
.0687
.0687
.0686
.0686
.0686
.0685
.0685
.0685
.0684
.0684
.0683
.0683
.0683
.0682
.0682
.0682
.0681
.0681
.0681
.068
.068
.068
.0679
.0679
.0679
.0678
.0678
.0677
.0677
.0677
.0676
.0676
.0676
.0675
.0675
.0675
.0674
.0674
.0674
.0673
.0673
.0673
.0672
.0672
.0672
.0671
.0671
.0671
.067
.067
.0669
.0669
.0669
.0668
.0668
.0668
.0667
.0667
.0667
.0666
.0666
.0666
.0665
.0665
.0665
.0664
.0664
.0664
.0663
.0663
.0663
.0662
.0662
.0662
.0661
.0661
.0661
.066
.066
.066
.0659
.0659
.0659
.0658
.0658
.0658
.0657
.0657
.0657
.0656
.0656
.0656
.0655
.0655
.0655
.0654
.0654
.0654
.0653
.0653
.0653
.0652
.0652
.0652
.0651
.0651
.0651
.065
.065
.065
.065
.0649
.0649
.0649
.0648
.0648
.0648
.0647
.0647
.0647
.0646
.0646
.0646
.0645
.0645
.0645
.0644
.0644
.0644
.0643
.0643
.0643
.0642
.0642
.0642
.0641
.0641
.0641
.0641
.064
.064
.064
.0639
.0639
.0639
.0638
.0638
.0638
.0637
.0637
.0637
.0636
.0636
.0636
.0636
.0635
.0635
.0635
.0634
.0634
.0634
.0633
.0633
.0633
.0632
.0632
.0632
.0632
.0631
.0631
.0631
.063
.063
.063
.0629
.0629
.0629
.0628
.0628
.0628
.0628
.0627
.0627
.0627
.0626
.0626
.0626
.0625
.0625
.0625
.0624
.0624
.0624
.0624
.0623
.0623
.0623
.0622
.0622
.0622
.0621
.0621
.0621
.0621
.062
.062
.062
.0619
.0619
.0619
.0619
.0618
.0618
.0618
.0617
.0617
.0617
.0616
.0616
.0616
.0616
.0615
.0615
.0615
.0614
.0614
.0614
.0614
.0613
.0613
.0613
.0612
.0612
.0612
.0611
.0611
.0611
.0611
.061
.061
.061
.0609
.0609
.0609
.0609
.0608
.0608
.0608
.0607
.0607
.0607
.0607
.0606
.0606
.0606
.0605
.0605
.0605
.0605
.0604
.0604
.0604
.0603
.0603
.0603
.0603
.0602
.0602
.0602
.0601
.0601
.0601
.0601
.06
.06
.06
.0599
.0599
.0599
.0599
.0598
.0598
.0598
.0598
.0597
.0597
.0597
.0596
.0596
.0596
.0596
.0595
.0595
.0595
.0594
.0594
.0594
.0594
.0593
.0593
.0593
.0593
.0592
.0592
.0592
.0591
.0591
.0591
.0591
.059
.059
.059
.059
.0589
.0589
.0589
.0588
.0588
.0588
.0588
.0587
.0587
.0587
.0587
.0586
.0586
.0586
.0585
.0585
.0585
.0585
.0584
.0584
.0584
.0584
.0583
.0583
.0583
.0583
.0582
.0582
.0582
.0581
.0581
.0581
.0581
.058
.058
.058
.058
.0579
.0579
.0579
.0579
.0578
.0578
.0578
.0578
.0577
.0577
.0577
.0576
.0576
.0576
.0576
.0575
.0575
.0575
.0575
.0574
.0574
.0574
.0574
.0573
.0573
.0573
.0573
.0572
.0572
.0572
.0572
.0571
.0571
.0571
.0571
.057
.057
.057
.057
.0569
.0569
.0569
.0569
.0568
.0568
.0568
.0567
.0567
.0567
.0567
.0566
.0566
.0566
.0566
.0565
.0565
.0565
.0565
.0564
.0564
.0564
.0564
.0563
.0563
.0563
.0563
.0562
.0562
.0562
.0562
.0561
.0561
.0561
.0561
.056
.056
.056
.056
.0559
.0559
.0559
.0559
.0558
.0558
.0558
.0558
.0558
.0557
.0557
.0557
.0557
.0556
.0556
.0556
.0556
.0555
.0555
.0555
.0555
.0554
.0554
.0554
.0554
.0553
.0553
.0553
.0553
.0552
.0552
.0552
.0552
.0551
.0551
.0551
.0551
.055
.055
.055
.055
.055
.0549
.0549
.0549
.0549
.0548
.0548
.0548
.0548
.0547
.0547
.0547
.0547
.0546
.0546
.0546
.0546
.0545
.0545
.0545
.0545
.0545
.0544
.0544
.0544
.0544
.0543
.0543
.0543
.0543
.0542
.0542
.0542
.0542
.0541
.0541
.0541
.0541
.0541
.054
.054
.054
.054
.0539
.0539
.0539
.0539
.0538
.0538
.0538
.0538
.0538
.0537
.0537
.0537
.0537
.0536
.0536
.0536
.0536
.0536
.0535
.0535
.0535
.0535
.0534
.0534
.0534
.0534
.0533
.0533
.0533
.0533
.0533
.0532
.0532
.0532
.0532
.0531
.0531
.0531
.0531
.0531
.053
.053
.053
.053
.0529
.0529
.0529
.0529
.0529
.0528
.0528
.0528
.0528
.0527
.0527
.0527
.0527
.0527
.0526
.0526
.0526
.0526
.0525
.0525
.0525
.0525
.0525
.0524
.0524
.0524
.0524
.0523
.0523
.0523
.0523
.0523
.0522
.0522
.0522
.0522
.0521
.0521
.0521
.0521
.0521
.052
.052
.052
.052
.052
.0519
.0519
.0519
.0519
.0518
.0518
.0518
.0518
.0518
.0517
.0517
.0517
.0517
.0517
.0516
.0516
.0516
.0516
.0515
.0515
.0515
.0515
.0515
.0514
.0514
.0514
.0514
.0514
.0513
.0513
.0513
.0513
.0512
.0512
.0512
.0512
.0512
.0511
.0511
.0511
.0511
.0511
.051
.051
.051
.051
.051
.0509
.0509
.0509
.0509
.0509
.0508
.0508
.0508
.0508
.0507
.0507
.0507
.0507
.0507
.0506
.0506
.0506
.0506
.0506
.0505
.0505
.0505
.0505
.0505
.0504
.0504
.0504
.0504
.0504
.0503
.0503
.0503
.0503
.0503
.0502
.0502
.0502
.0502
.0502
.0501
.0501
.0501
.0501
.0501
.05
.05
.05
