.5497
.5489
.5481
.5474
.5467
.5459
.5453
.5446
.5439
.5433
.5426
.542
.5414
.5408
.5402
.5397
.5391
.5386
.5381
.5376
.5371
.5366
.5362
.5357
.5353
.5349
.5345
.5341
.5337
.5333
.533
.5326
.5323
.5319
.5316
.5313
.531
.5307
.5304
.5302
.5299
.5296
.5294
.5292
.5289
.5287
.5285
.5282
.528
.5278
.5276
.5274
.5272
.5271
.5269
.5267
.5265
.5263
.5262
.526
.5259
.5257
.5255
.5254
.5252
.5251
.5249
.5248
.5246
.5245
.5244
.5242
.5241
.5239
.5238
.5237
.5235
.5234
.5233
.5231
.523
.5229
.5227
.5226
.5225
.5223
.5222
.5221
.5219
.5218
.5217
.5215
.5214
.5212
.5211
.521
.5208
.5207
.5206
.5204
.5203
.5202
.52
.5199
.5197
.5196
.5195
.5193
.5192
.519
.5189
.5187
.5186
.5184
.5183
.5181
.518
.5178
.5177
.5175
.5174
.5172
.5171
.5169
.5168
.5166
.5164
.5163
.5161
.516
.5158
.5156
.5155
.5153
.5151
.515
.5148
.5146
.5145
.5143
.5141
.5139
.5138
.5136
.5134
.5132
.513
.5129
.5127
.5125
.5123
.5121
.5119
.5118
.5116
.5114
.5112
.511
.5108
.5106
.5104
.5102
.51
.5098
.5096
.5094
.5092
.509
.5088
.5086
.5084
.5082
.508
.5078
.5076
.5074
.5071
.5069
.5067
.5065
.5063
.5061
.5058
.5056
.5054
.5052
.505
.5047
.5045
.5043
.5041
.5038
.5036
.5034
.5031
.5029
.5027
.5024
.5022
.5019
.5017
.5015
.5012
.501
.5007
.5005
.5002
.5
.4997
.4995
.4992
.499
.4987
.4985
.4982
.498
.4977
.4974
.4972
.4969
.4967
.4964
.4961
.4959
.4956
.4953
.4951
.4948
.4945
.4942
.494
.4937
.4934
.4931
.4929
.4926
.4923
.492
.4917
.4915
.4912
.4909
.4906
.4903
.49
.4897
.4894
.4891
.4889
.4886
.4883
.488
.4877
.4874
.4871
.4868
.4865
.4862
.4859
.4856
.4853
.4849
.4846
.4843
.484
.4837
.4834
.4831
.4828
.4825
.4821
.4818
.4815
.4812
.4809
.4806
.4802
.4799
.4796
.4793
.4789
.4786
.4783
.478
.4776
.4773
.477
.4766
.4763
.476
.4756
.4753
.475
.4746
.4743
.474
.4736
.4733
.4729
.4726
.4722
.4719
.4716
.4712
.4709
.4705
.4702
.4698
.4695
.4691
.4688
.4684
.4681
.4677
.4674
.467
.4666
.4663
.4659
.4656
.4652
.4649
.4645
.4641
.4638
.4634
.463
.4627
.4623
.462
.4616
.4612
.4609
.4605
.4601
.4597
.4594
.459
.4586
.4583
.4579
.4575
.4571
.4568
.4564
.456
.4556
.4552
.4549
.4545
.4541
.4537
.4533
.453
.4526
.4522
.4518
.4514
.451
.4507
.4503
.4499
.4495
.4491
.4487
.4483
.4479
.4475
.4472
.4468
.4464
.446
.4456
.4452
.4448
.4444
.444
.4436
.4432
.4428
.4424
.442
.4416
.4412
.4408
.4404
.44
.4396
.4392
.4388
.4384
.438
.4376
.4372
.4368
.4364
.436
.4356
.4352
.4347
.4343
.4339
.4335
.4331
.4327
.4323
.4319
.4315
.431
.4306
.4302
.4298
.4294
.429
.4286
.4281
.4277
.4273
.4269
.4265
.4261
.4256
.4252
.4248
.4244
.424
.4235
.4231
.4227
.4223
.4219
.4214
.421
.4206
.4202
.4197
.4193
.4189
.4185
.418
.4176
.4172
.4168
.4163
.4159
.4155
.4151
.4146
.4142
.4138
.4133
.4129
.4125
.412
.4116
.4112
.4108
.4103
.4099
.4095
.409
.4086
.4082
.4077
.4073
.4069
.4064
.406
.4056
.4051
.4047
.4043
.4038
.4034
.403
.4025
.4021
.4016
.4012
.4008
.4003
.3999
.3995
.399
.3986
.3982
.3977
.3973
.3968
.3964
.396
.3955
.3951
.3946
.3942
.3938
.3933
.3929
.3924
.392
.3916
.3911
.3907
.3903
.3898
.3894
.3889
.3885
.3881
.3876
.3872
.3867
.3863
.3858
.3854
.385
.3845
.3841
.3836
.3832
.3828
.3823
.3819
.3814
.381
.3806
.3801
.3797
.3792
.3788
.3784
.3779
.3775
.377
.3766
.3762
.3757
.3753
.3748
.3744
.374
.3735
.3731
.3726
.3722
.3718
.3713
.3709
.3704
.37
.3696
.3691
.3687
.3682
.3678
.3674
.3669
.3665
.3661
.3656
.3652
.3647
.3643
.3639
.3634
.363
.3626
.3621
.3617
.3612
.3608
.3604
.3599
.3595
.3591
.3586
.3582
.3578
.3573
.3569
.3565
.356
.3556
.3552
.3547
.3543
.3539
.3534
.353
.3526
.3521
.3517
.3513
.3509
.3504
.35
.3496
.3491
.3487
.3483
.3479
.3474
.347
.3466
.3461
.3457
.3453
.3449
.3444
.344
.3436
.3432
.3427
.3423
.3419
.3415
.3411
.3406
.3402
.3398
.3394
.3389
.3385
.3381
.3377
.3373
.3368
.3364
.336
.3356
.3352
.3348
.3343
.3339
.3335
.3331
.3327
.3323
.3318
.3314
.331
.3306
.3302
.3298
.3294
.329
.3285
.3281
.3277
.3273
.3269
.3265
.3261
.3257
.3253
.3249
.3245
.3241
.3237
.3232
.3228
.3224
.322
.3216
.3212
.3208
.3204
.32
.3196
.3192
.3188
.3184
.318
.3176
.3172
.3168
.3164
.316
.3156
.3152
.3148
.3144
.314
.3137
.3133
.3129
.3125
.3121
.3117
.3113
.3109
.3105
.3101
.3097
.3094
.309
.3086
.3082
.3078
.3074
.307
.3066
.3063
.3059
.3055
.3051
.3047
.3043
.304
.3036
.3032
.3028
.3024
.3021
.3017
.3013
.3009
.3005
.3002
.2998
.2994
.299
.2987
.2983
.2979
.2975
.2972
.2968
.2964
.2961
.2957
.2953
.2949
.2946
.2942
.2938
.2935
.2931
.2927
.2924
.292
.2916
.2913
.2909
.2906
.2902
.2898
.2895
.2891
.2888
.2884
.288
.2877
.2873
.287
.2866
.2862
.2859
.2855
.2852
.2848
.2845
.2841
.2838
.2834
.2831
.2827
.2824
.282
.2817
.2813
.281
.2806
.2803
.2799
.2796
.2792
.2789
.2785
.2782
.2778
.2775
.2772
.2768
.2765
.2761
.2758
.2755
.2751
.2748
.2744
.2741
.2738
.2734
.2731
.2728
.2724
.2721
.2717
.2714
.2711
.2707
.2704
.2701
.2698
.2694
.2691
.2688
.2684
.2681
.2678
.2675
.2671
.2668
.2665
.2661
.2658
.2655
.2652
.2649
.2645
.2642
.2639
.2636
.2632
.2629
.2626
.2623
.262
.2617
.2613
.261
.2607
.2604
.2601
.2598
.2594
.2591
.2588
.2585
.2582
.2579
.2576
.2573
.257
.2566
.2563
.256
.2557
.2554
.2551
.2548
.2545
.2542
.2539
.2536
.2533
.253
.2527
.2524
.2521
.2518
.2515
.2512
.2509
.2506
.2503
.25
.2497
.2494
.2491
.2488
.2485
.2482
.2479
.2476
.2473
.247
.2467
.2464
.2461
.2459
.2456
.2453
.245
.2447
.2444
.2441
.2438
.2435
.2433
.243
.2427
.2424
.2421
.2418
.2415
.2413
.241
.2407
.2404
.2401
.2399
.2396
.2393
.239
.2387
.2385
.2382
.2379
.2376
.2373
.2371
.2368
.2365
.2362
.236
.2357
.2354
.2351
.2349
.2346
.2343
.2341
.2338
.2335
.2333
.233
.2327
.2324
.2322
.2319
.2316
.2314
.2311
.2308
.2306
.2303
.2301
.2298
.2295
.2293
.229
.2287
.2285
.2282
.228
.2277
.2274
.2272
.2269
.2267
.2264
.2261
.2259
.2256
.2254
.2251
.2249
.2246
.2243
.2241
.2238
.2236
.2233
.2231
.2228
.2226
.2223
.2221
.2218
.2216
.2213
.2211
.2208
.2206
.2203
.2201
.2198
.2196
.2193
.2191
.2189
.2186
.2184
.2181
.2179
.2176
.2174
.2171
.2169
.2167
.2164
.2162
.2159
.2157
.2155
.2152
.215
.2147
.2145
.2143
.214
.2138
.2136
.2133
.2131
.2129
.2126
.2124
.2121
.2119
.2117
.2114
.2112
.211
.2107
.2105
.2103
.2101
.2098
.2096
.2094
.2091
.2089
.2087
.2085
.2082
.208
.2078
.2075
.2073
.2071
.2069
.2066
.2064
.2062
.206
.2057
.2055
.2053
.2051
.2049
.2046
.2044
.2042
.204
.2037
.2035
.2033
.2031
.2029
.2027
.2024
.2022
.202
.2018
.2016
.2014
.2011
.2009
.2007
.2005
.2003
.2001
.1998
.1996
.1994
.1992
.199
.1988
.1986
.1984
.1981
.1979
.1977
.1975
.1973
.1971
.1969
.1967
.1965
.1963
.1961
.1959
.1956
.1954
.1952
.195
.1948
.1946
.1944
.1942
.194
.1938
.1936
.1934
.1932
.193
.1928
.1926
.1924
.1922
.192
.1918
.1916
.1914
.1912
.191
.1908
.1906
.1904
.1902
.19
.1898
.1896
.1894
.1892
.189
.1888
.1886
.1884
.1882
.188
.1878
.1876
.1874
.1873
.1871
.1869
.1867
.1865
.1863
.1861
.1859
.1857
.1855
.1853
.1851
.185
.1848
.1846
.1844
.1842
.184
.1838
.1836
.1835
.1833
.1831
.1829
.1827
.1825
.1823
.1822
.182
.1818
.1816
.1814
.1812
.1811
.1809
.1807
.1805
.1803
.1801
.18
.1798
.1796
.1794
.1792
.1791
.1789
.1787
.1785
.1783
.1782
.178
.1778
.1776
.1774
.1773
.1771
.1769
.1767
.1766
.1764
.1762
.176
.1759
.1757
.1755
.1753
.1752
.175
.1748
.1746
.1745
.1743
.1741
.174
.1738
.1736
.1734
.1733
.1731
.1729
.1728
.1726
.1724
.1723
.1721
.1719
.1718
.1716
.1714
.1712
.1711
.1709
.1707
.1706
.1704
.1702
.1701
.1699
.1698
.1696
.1694
.1693
.1691
.1689
.1688
.1686
.1684
.1683
.1681
.168
.1678
.1676
.1675
.1673
.1671
.167
.1668
.1667
.1665
.1663
.1662
.166
.1659
.1657
.1655
.1654
.1652
.1651
.1649
.1648
.1646
.1644
.1643
.1641
.164
.1638
.1637
.1635
.1634
.1632
.163
.1629
.1627
.1626
.1624
.1623
.1621
.162
.1618
.1617
.1615
.1614
.1612
.1611
.1609
.1608
.1606
.1605
.1603
.1602
.16
.1599
.1597
.1596
.1594
.1593
.1591
.159
.1588
.1587
.1585
.1584
.1582
.1581
.1579
.1578
.1576
.1575
.1573
.1572
.1571
.1569
.1568
.1566
.1565
.1563
.1562
.156
.1559
.1558
.1556
.1555
.1553
.1552
.155
.1549
.1548
.1546
.1545
.1543
.1542
.1541
.1539
.1538
.1536
.1535
.1534
.1532
.1531
.1529
.1528
.1527
.1525
.1524
.1522
.1521
.152
.1518
.1517
.1516
.1514
.1513
.1511
.151
.1509
.1507
.1506
.1505
.1503
.1502
.1501
.1499
.1498
.1497
.1495
.1494
.1493
.1491
.149
.1489
.1487
.1486
.1485
.1483
.1482
.1481
.1479
.1478
.1477
.1475
.1474
.1473
.1471
.147
.1469
.1468
.1466
.1465
.1464
.1462
.1461
.146
.1459
.1457
.1456
.1455
.1453
.1452
.1451
.145
.1448
.1447
.1446
.1445
.1443
.1442
.1441
.144
.1438
.1437
.1436
.1434
.1433
.1432
.1431
.143
.1428
.1427
.1426
.1425
.1423
.1422
.1421
.142
.1418
.1417
.1416
.1415
.1414
.1412
.1411
.141
.1409
.1407
.1406
.1405
.1404
.1403
.1401
.14
.1399
.1398
.1397
.1395
.1394
.1393
.1392
.1391
.139
.1388
.1387
.1386
.1385
.1384
.1382
.1381
.138
.1379
.1378
.1377
.1375
.1374
.1373
.1372
.1371
.137
.1369
.1367
.1366
.1365
.1364
.1363
.1362
.136
.1359
.1358
.1357
.1356
.1355
.1354
.1353
.1351
.135
.1349
.1348
.1347
.1346
.1345
.1344
.1342
.1341
.134
.1339
.1338
.1337
.1336
.1335
.1334
.1332
.1331
.133
.1329
.1328
.1327
.1326
.1325
.1324
.1323
.1322
.132
.1319
.1318
.1317
.1316
.1315
.1314
.1313
.1312
.1311
.131
.1309
.1308
.1306
.1305
.1304
.1303
.1302
.1301
.13
.1299
.1298
.1297
.1296
.1295
.1294
.1293
.1292
.1291
.129
.1289
.1288
.1286
.1285
.1284
.1283
.1282
.1281
.128
.1279
.1278
.1277
.1276
.1275
.1274
.1273
.1272
.1271
.127
.1269
.1268
.1267
.1266
.1265
.1264
.1263
.1262
.1261
.126
.1259
.1258
.1257
.1256
.1255
.1254
.1253
.1252
.1251
.125
.1249
.1248
.1247
.1246
.1245
.1244
.1243
.1242
.1241
.124
.1239
.1238
.1237
.1236
.1235
.1234
.1233
.1233
.1232
.1231
.123
.1229
.1228
.1227
.1226
.1225
.1224
.1223
.1222
.1221
.122
.1219
.1218
.1217
.1216
.1215
.1214
.1213
.1213
.1212
.1211
.121
.1209
.1208
.1207
.1206
.1205
.1204
.1203
.1202
.1201
.12
.12
.1199
.1198
.1197
.1196
.1195
.1194
.1193
.1192
.1191
.119
.119
.1189
.1188
.1187
.1186
.1185
.1184
.1183
.1182
.1181
.1181
.118
.1179
.1178
.1177
.1176
.1175
.1174
.1173
.1173
.1172
.1171
.117
.1169
.1168
.1167
.1166
.1165
.1165
.1164
.1163
.1162
.1161
.116
.1159
.1159
.1158
.1157
.1156
.1155
.1154
.1153
.1152
.1152
.1151
.115
.1149
.1148
.1147
.1147
.1146
.1145
.1144
.1143
.1142
.1141
.1141
.114
.1139
.1138
.1137
.1136
.1136
.1135
.1134
.1133
.1132
.1131
.1131
.113
.1129
.1128
.1127
.1126
.1126
.1125
.1124
.1123
.1122
.1122
.1121
.112
.1119
.1118
.1117
.1117
.1116
.1115
.1114
.1113
.1113
.1112
.1111
.111
.1109
.1109
.1108
.1107
.1106
.1105
.1105
.1104
.1103
.1102
.1101
.1101
.11
.1099
.1098
.1097
.1097
.1096
.1095
.1094
.1094
.1093
.1092
.1091
.109
.109
.1089
.1088
.1087
.1086
.1086
.1085
.1084
.1083
.1083
.1082
.1081
.108
.108
.1079
.1078
.1077
.1077
.1076
.1075
.1074
.1073
.1073
.1072
.1071
.107
.107
.1069
.1068
.1067
.1067
.1066
.1065
.1064
.1064
.1063
.1062
.1061
.1061
.106
.1059
.1059
.1058
.1057
.1056
.1056
.1055
.1054
.1053
.1053
.1052
.1051
.105
.105
.1049
.1048
.1048
.1047
.1046
.1045
.1045
.1044
.1043
.1042
.1042
.1041
.104
.104
.1039
.1038
.1037
.1037
.1036
.1035
.1035
.1034
.1033
.1032
.1032
.1031
.103
.103
.1029
.1028
.1028
.1027
.1026
.1025
.1025
.1024
.1023
.1023
.1022
.1021
.1021
.102
.1019
.1018
.1018
.1017
.1016
.1016
.1015
.1014
.1014
.1013
.1012
.1012
.1011
.101
.101
.1009
.1008
.1008
.1007
.1006
.1006
.1005
.1004
.1003
.1003
.1002
.1001
.1001
.1
.0999
.0999
.0998
.0997
.0997
.0996
.0995
.0995
.0994
.0993
.0993
.0992
.0991
.0991
.099
.099
.0989
.0988
.0988
.0987
.0986
.0986
.0985
.0984
.0984
.0983
.0982
.0982
.0981
.098
.098
.0979
.0978
.0978
.0977
.0977
.0976
.0975
.0975
.0974
.0973
.0973
.0972
.0971
.0971
.097
.097
.0969
.0968
.0968
.0967
.0966
.0966
.0965
.0964
.0964
.0963
.0963
.0962
.0961
.0961
.096
.0959
.0959
.0958
.0958
.0957
.0956
.0956
.0955
.0955
.0954
.0953
.0953
.0952
.0951
.0951
.095
.095
.0949
.0948
.0948
.0947
.0947
.0946
.0945
.0945
.0944
.0944
.0943
.0942
.0942
.0941
.0941
.094
.0939
.0939
.0938
.0938
.0937
.0936
.0936
.0935
.0935
.0934
.0933
.0933
.0932
.0932
.0931
.093
.093
.0929
.0929
.0928
.0927
.0927
.0926
.0926
.0925
.0925
.0924
.0923
.0923
.0922
.0922
.0921
.092
.092
.0919
.0919
.0918
.0918
.0917
.0916
.0916
.0915
.0915
.0914
.0914
.0913
.0912
.0912
.0911
.0911
.091
.091
.0909
.0908
.0908
.0907
.0907
.0906
.0906
.0905
.0905
.0904
.0903
.0903
.0902
.0902
.0901
.0901
.09
.09
.0899
.0898
.0898
.0897
.0897
.0896
.0896
.0895
.0895
.0894
.0893
.0893
.0892
.0892
.0891
.0891
.089
.089
.0889
.0889
.0888
.0887
.0887
.0886
.0886
.0885
.0885
.0884
.0884
.0883
.0883
.0882
.0882
.0881
.088
.088
.0879
.0879
.0878
.0878
.0877
.0877
.0876
.0876
.0875
.0875
.0874
.0874
.0873
.0873
.0872
.0871
.0871
.087
.087
.0869
.0869
.0868
.0868
.0867
.0867
.0866
.0866
.0865
.0865
.0864
.0864
.0863
.0863
.0862
.0862
.0861
.0861
.086
.086
.0859
.0859
.0858
.0857
.0857
.0856
.0856
.0855
.0855
.0854
.0854
.0853
.0853
.0852
.0852
.0851
.0851
.085
.085
.0849
.0849
.0848
.0848
.0847
.0847
.0846
.0846
.0845
.0845
.0844
.0844
.0843
.0843
.0842
.0842
.0841
.0841
.084
.084
.0839
.0839
.0838
.0838
.0838
.0837
.0837
.0836
.0836
.0835
.0835
.0834
.0834
.0833
.0833
.0832
.0832
.0831
.0831
.083
.083
.0829
.0829
.0828
.0828
.0827
.0827
.0826
.0826
.0825
.0825
.0824
.0824
.0824
.0823
.0823
.0822
.0822
.0821
.0821
.082
.082
.0819
.0819
.0818
.0818
.0817
.0817
.0816
.0816
.0816
.0815
.0815
.0814
.0814
.0813
.0813
.0812
.0812
.0811
.0811
.081
.081
.081
.0809
.0809
.0808
.0808
.0807
.0807
.0806
.0806
.0805
.0805
.0804
.0804
.0804
.0803
.0803
.0802
.0802
.0801
.0801
.08
.08
.0799
.0799
.0799
.0798
.0798
.0797
.0797
.0796
.0796
.0795
.0795
.0795
.0794
.0794
.0793
.0793
.0792
.0792
.0791
.0791
.0791
.079
.079
.0789
.0789
.0788
.0788
.0787
.0787
.0787
.0786
.0786
.0785
.0785
.0784
.0784
.0784
.0783
.0783
.0782
.0782
.0781
.0781
.0781
.078
.078
.0779
.0779
.0778
.0778
.0778
.0777
.0777
.0776
.0776
.0775
.0775
.0775
.0774
.0774
.0773
.0773
.0772
.0772
.0772
.0771
.0771
.077
.077
.0769
.0769
.0769
.0768
.0768
.0767
.0767
.0767
.0766
.0766
.0765
.0765
.0764
.0764
.0764
.0763
.0763
.0762
.0762
.0762
.0761
.0761
.076
.076
.0759
.0759
.0759
.0758
.0758
.0757
.0757
.0757
.0756
.0756
.0755
.0755
.0755
.0754
.0754
.0753
.0753
.0753
.0752
.0752
.0751
.0751
.0751
.075
.075
.0749
.0749
.0748
.0748
.0748
.0747
.0747
.0746
.0746
.0746
.0745
.0745
.0745
.0744
.0744
.0743
.0743
.0743
.0742
.0742
.0741
.0741
.0741
.074
.074
.0739
.0739
.0739
.0738
.0738
.0737
.0737
.0737
.0736
.0736
.0735
.0735
.0735
.0734
.0734
.0734
.0733
.0733
.0732
.0732
.0732
.0731
.0731
.073
.073
.073
.0729
.0729
.0729
.0728
.0728
.0727
.0727
.0727
.0726
.0726
.0725
.0725
.0725
.0724
.0724
.0724
.0723
.0723
.0722
.0722
.0722
.0721
.0721
.0721
.072
.072
.0719
.0719
.0719
.0718
.0718
.0718
.0717
.0717
.0716
.0716
.0716
.0715
.0715
.0715
.0714
.0714
.0714
.0713
.0713
.0712
.0712
.0712
.0711
.0711
.0711
.071
.071
.0709
.0709
.0709
.0708
.0708
.0708
.0707
.0707
.0707
.0706
.0706
.0706
.0705
.0705
.0704
.0704
.0704
.0703
.0703
.0703
.0702
.0702
.0702
.0701
.0701
.07
.07
.07
.0699
.0699
.0699
.0698
.0698
.0698
.0697
.0697
.0697
.0696
.0696
.0696
.0695
.0695
.0694
.0694
.0694
.0693
.0693
.0693
.0692
.0692
.0692
.0691
.0691
.0691
.069
.069
.069
.0689
.0689
.0689
.0688
.0688
.0688
.0687
.0687
.0686
.0686
.0686
.0685
.0685
.0685
.0684
.0684
.0684
.0683
.0683
.0683
.0682
.0682
.0682
.0681
.0681
.0681
.068
.068
.068
.0679
.0679
.0679
.0678
.0678
.0678
.0677
.0677
.0677
.0676
.0676
.0676
.0675
.0675
.0675
.0674
.0674
.0674
.0673
.0673
.0673
.0672
.0672
.0672
.0671
.0671
.0671
.067
.067
.067
.0669
.0669
.0669
.0668
.0668
.0668
.0667
.0667
.0667
.0666
.0666
.0666
.0665
.0665
.0665
.0664
.0664
.0664
.0663
.0663
.0663
.0662
.0662
.0662
.0662
.0661
.0661
.0661
.066
.066
.066
.0659
.0659
.0659
.0658
.0658
.0658
.0657
.0657
.0657
.0656
.0656
.0656
.0655
.0655
.0655
.0655
.0654
.0654
.0654
.0653
.0653
.0653
.0652
.0652
.0652
.0651
.0651
.0651
.065
.065
.065
.0649
.0649
.0649
.0649
.0648
.0648
.0648
.0647
.0647
.0647
.0646
.0646
.0646
.0645
.0645
.0645
.0645
.0644
.0644
.0644
.0643
.0643
.0643
.0642
.0642
.0642
.0641
.0641
.0641
.0641
.064
.064
.064
.0639
.0639
.0639
.0638
.0638
.0638
.0638
.0637
.0637
.0637
.0636
.0636
.0636
.0635
.0635
.0635
.0635
.0634
.0634
.0634
.0633
.0633
.0633
.0632
.0632
.0632
.0632
.0631
.0631
.0631
.063
.063
.063
.0629
.0629
.0629
.0629
.0628
.0628
.0628
.0627
.0627
.0627
.0627
.0626
.0626
.0626
.0625
.0625
.0625
.0624
.0624
.0624
.0624
.0623
.0623
.0623
.0622
.0622
.0622
.0622
.0621
.0621
.0621
.062
.062
.062
.062
.0619
.0619
.0619
.0618
.0618
.0618
.0618
.0617
.0617
.0617
.0616
.0616
.0616
.0616
.0615
.0615
.0615
.0614
.0614
.0614
.0614
.0613
.0613
.0613
.0612
.0612
.0612
.0612
.0611
.0611
.0611
.0611
.061
.061
.061
.0609
.0609
.0609
.0609
.0608
.0608
.0608
.0607
.0607
.0607
.0607
.0606
.0606
.0606
.0606
.0605
.0605
.0605
.0604
.0604
.0604
.0604
.0603
.0603
.0603
.0602
.0602
.0602
.0602
.0601
.0601
.0601
.0601
.06
.06
.06
.0599
.0599
.0599
.0599
.0598
.0598
.0598
.0598
.0597
.0597
.0597
.0597
.0596
.0596
.0596
.0595
.0595
.0595
.0595
.0594
.0594
.0594
.0594
.0593
.0593
.0593
.0593
.0592
.0592
.0592
.0591
.0591
.0591
.0591
.059
.059
.059
.059
.0589
.0589
.0589
.0589
.0588
.0588
.0588
.0588
.0587
.0587
.0587
.0586
.0586
.0586
.0586
.0585
.0585
.0585
.0585
.0584
.0584
.0584
.0584
.0583
.0583
.0583
.0583
.0582
.0582
.0582
.0582
.0581
.0581
.0581
.0581
.058
.058
.058
.058
.0579
.0579
.0579
.0578
.0578
.0578
.0578
.0577
.0577
.0577
.0577
.0576
.0576
.0576
.0576
.0575
.0575
.0575
.0575
.0574
.0574
.0574
.0574
.0573
.0573
.0573
.0573
.0572
.0572
.0572
.0572
.0571
.0571
.0571
.0571
.057
.057
.057
.057
.0569
.0569
.0569
.0569
.0568
.0568
.0568
.0568
.0567
.0567
.0567
.0567
.0567
.0566
.0566
.0566
.0566
.0565
.0565
.0565
.0565
.0564
.0564
.0564
.0564
.0563
.0563
.0563
.0563
.0562
.0562
.0562
.0562
.0561
.0561
.0561
.0561
.056
.056
.056
.056
.0559
.0559
.0559
.0559
.0559
.0558
.0558
.0558
.0558
.0557
.0557
.0557
.0557
.0556
.0556
.0556
.0556
.0555
.0555
.0555
.0555
.0554
.0554
.0554
.0554
.0554
.0553
.0553
.0553
.0553
.0552
.0552
.0552
.0552
.0551
.0551
.0551
.0551
.055
.055
.055
.055
.055
.0549
.0549
.0549
.0549
.0548
.0548
.0548
.0548
.0547
.0547
.0547
.0547
.0547
.0546
.0546
.0546
.0546
.0545
.0545
.0545
.0545
.0544
.0544
.0544
.0544
.0544
.0543
.0543
.0543
.0543
.0542
.0542
.0542
.0542
.0542
.0541
.0541
.0541
.0541
.054
.054
.054
.054
.0539
.0539
.0539
.0539
.0539
.0538
.0538
.0538
.0538
.0537
.0537
.0537
.0537
.0537
.0536
.0536
.0536
.0536
.0535
.0535
.0535
.0535
.0535
.0534
.0534
.0534
.0534
.0533
.0533
.0533
.0533
.0533
.0532
.0532
.0532
.0532
.0531
.0531
.0531
.0531
.0531
.053
.053
.053
.053
.053
.0529
.0529
.0529
.0529
.0528
.0528
.0528
.0528
.0528
.0527
.0527
.0527
.0527
.0526
.0526
.0526
.0526
.0526
.0525
.0525
.0525
.0525
.0525
.0524
.0524
.0524
.0524
.0523
.0523
.0523
.0523
.0523
.0522
.0522
.0522
.0522
.0522
.0521
.0521
.0521
.0521
.052
.052
.052
.052
.052
.0519
.0519
.0519
.0519
.0519
.0518
.0518
.0518
.0518
.0518
.0517
.0517
.0517
.0517
.0516
.0516
.0516
.0516
.0516
.0515
.0515
.0515
.0515
.0515
.0514
.0514
.0514
.0514
.0514
.0513
.0513
.0513
.0513
.0513
.0512
.0512
.0512
.0512
.0512
.0511
.0511
.0511
.0511
.051
.051
.051
.051
.051
.0509
.0509
.0509
.0509
.0509
.0508
.0508
.0508
.0508
.0508
.0507
.0507
.0507
.0507
.0507
.0506
.0506
.0506
.0506
.0506
.0505
.0505
.0505
.0505
.0505
.0504
.0504
.0504
.0504
.0504
.0503
.0503
.0503
.0503
.0503
.0502
.0502
.0502
.0502
.0502
.0501
.0501
.0501
.0501
.0501
.05
.05
.05
.05
