.6649
.6615
.6581
.6546
.6511
.6475
.6439
.6403
.6367
.633
.6293
.6256
.6219
.6182
.6145
.6108
.6071
.6035
.5998
.5962
.5926
.589
.5855
.5821
.5787
.5753
.5721
.5689
.5658
.5628
.5598
.557
.5543
.5516
.5491
.5467
.5444
.5422
.5401
.5381
.5362
.5344
.5327
.5311
.5296
.5282
.5269
.5257
.5246
.5235
.5225
.5216
.5207
.5199
.5192
.5185
.5179
.5173
.5168
.5162
.5158
.5154
.515
.5146
.5142
.5139
.5136
.5134
.5131
.5129
.5127
.5125
.5123
.5121
.5119
.5118
.5116
.5115
.5113
.5112
.5111
.511
.5109
.5108
.5107
.5106
.5105
.5104
.5103
.5102
.5101
.51
.51
.5099
.5098
.5097
.5096
.5096
.5095
.5094
.5093
.5093
.5092
.5091
.5091
.509
.5089
.5089
.5088
.5087
.5086
.5086
.5085
.5084
.5084
.5083
.5082
.5081
.5081
.508
.5079
.5079
.5078
.5077
.5077
.5076
.5075
.5074
.5074
.5073
.5072
.5072
.5071
.507
.5069
.5069
.5068
.5067
.5066
.5066
.5065
.5064
.5063
.5063
.5062
.5061
.506
.506
.5059
.5058
.5057
.5057
.5056
.5055
.5054
.5054
.5053
.5052
.5051
.505
.505
.5049
.5048
.5047
.5047
.5046
.5045
.5044
.5043
.5043
.5042
.5041
.504
.5039
.5038
.5038
.5037
.5036
.5035
.5034
.5033
.5033
.5032
.5031
.503
.5029
.5028
.5028
.5027
.5026
.5025
.5024
.5023
.5022
.5021
.5021
.502
.5019
.5018
.5017
.5016
.5015
.5014
.5013
.5013
.5012
.5011
.501
.5009
.5008
.5007
.5006
.5005
.5004
.5003
.5002
.5001
.5
.4999
.4998
.4998
.4997
.4996
.4995
.4994
.4993
.4992
.4991
.499
.4989
.4988
.4987
.4986
.4985
.4984
.4983
.4982
.498
.4979
.4978
.4977
.4976
.4975
.4974
.4973
.4972
.4971
.497
.4969
.4968
.4967
.4966
.4964
.4963
.4962
.4961
.496
.4959
.4958
.4957
.4955
.4954
.4953
.4952
.4951
.495
.4949
.4947
.4946
.4945
.4944
.4943
.4941
.494
.4939
.4938
.4937
.4935
.4934
.4933
.4932
.493
.4929
.4928
.4927
.4925
.4924
.4923
.4921
.492
.4919
.4918
.4916
.4915
.4914
.4912
.4911
.491
.4908
.4907
.4906
.4904
.4903
.4901
.49
.4899
.4897
.4896
.4894
.4893
.4892
.489
.4889
.4887
.4886
.4884
.4883
.4882
.488
.4879
.4877
.4876
.4874
.4873
.4871
.487
.4868
.4867
.4865
.4863
.4862
.486
.4859
.4857
.4856
.4854
.4853
.4851
.4849
.4848
.4846
.4844
.4843
.4841
.484
.4838
.4836
.4835
.4833
.4831
.483
.4828
.4826
.4825
.4823
.4821
.4819
.4818
.4816
.4814
.4812
.4811
.4809
.4807
.4805
.4804
.4802
.48
.4798
.4796
.4795
.4793
.4791
.4789
.4787
.4785
.4783
.4782
.478
.4778
.4776
.4774
.4772
.477
.4768
.4766
.4764
.4763
.4761
.4759
.4757
.4755
.4753
.4751
.4749
.4747
.4745
.4743
.4741
.4739
.4737
.4735
.4733
.473
.4728
.4726
.4724
.4722
.472
.4718
.4716
.4714
.4712
.471
.4707
.4705
.4703
.4701
.4699
.4697
.4694
.4692
.469
.4688
.4686
.4683
.4681
.4679
.4677
.4675
.4672
.467
.4668
.4666
.4663
.4661
.4659
.4656
.4654
.4652
.4649
.4647
.4645
.4642
.464
.4638
.4635
.4633
.4631
.4628
.4626
.4624
.4621
.4619
.4616
.4614
.4611
.4609
.4607
.4604
.4602
.4599
.4597
.4594
.4592
.4589
.4587
.4584
.4582
.4579
.4577
.4574
.4572
.4569
.4567
.4564
.4562
.4559
.4557
.4554
.4551
.4549
.4546
.4544
.4541
.4538
.4536
.4533
.4531
.4528
.4525
.4523
.452
.4517
.4515
.4512
.4509
.4507
.4504
.4501
.4499
.4496
.4493
.4491
.4488
.4485
.4482
.448
.4477
.4474
.4471
.4469
.4466
.4463
.446
.4458
.4455
.4452
.4449
.4446
.4444
.4441
.4438
.4435
.4432
.443
.4427
.4424
.4421
.4418
.4415
.4413
.441
.4407
.4404
.4401
.4398
.4395
.4392
.439
.4387
.4384
.4381
.4378
.4375
.4372
.4369
.4366
.4363
.436
.4357
.4355
.4352
.4349
.4346
.4343
.434
.4337
.4334
.4331
.4328
.4325
.4322
.4319
.4316
.4313
.431
.4307
.4304
.4301
.4298
.4295
.4292
.4289
.4286
.4283
.428
.4277
.4273
.427
.4267
.4264
.4261
.4258
.4255
.4252
.4249
.4246
.4243
.424
.4237
.4233
.423
.4227
.4224
.4221
.4218
.4215
.4212
.4209
.4205
.4202
.4199
.4196
.4193
.419
.4187
.4183
.418
.4177
.4174
.4171
.4168
.4164
.4161
.4158
.4155
.4152
.4148
.4145
.4142
.4139
.4136
.4132
.4129
.4126
.4123
.412
.4116
.4113
.411
.4107
.4103
.41
.4097
.4094
.4091
.4087
.4084
.4081
.4078
.4074
.4071
.4068
.4064
.4061
.4058
.4055
.4051
.4048
.4045
.4041
.4038
.4035
.4032
.4028
.4025
.4022
.4018
.4015
.4012
.4008
.4005
.4002
.3998
.3995
.3992
.3988
.3985
.3982
.3978
.3975
.3972
.3968
.3965
.3961
.3958
.3955
.3951
.3948
.3945
.3941
.3938
.3934
.3931
.3928
.3924
.3921
.3917
.3914
.3911
.3907
.3904
.39
.3897
.3893
.389
.3887
.3883
.388
.3876
.3873
.3869
.3866
.3862
.3859
.3855
.3852
.3849
.3845
.3842
.3838
.3835
.3831
.3828
.3824
.3821
.3817
.3814
.381
.3806
.3803
.3799
.3796
.3792
.3789
.3785
.3782
.3778
.3775
.3771
.3768
.3764
.376
.3757
.3753
.375
.3746
.3742
.3739
.3735
.3732
.3728
.3725
.3721
.3717
.3714
.371
.3706
.3703
.3699
.3696
.3692
.3688
.3685
.3681
.3677
.3674
.367
.3666
.3663
.3659
.3655
.3652
.3648
.3644
.3641
.3637
.3633
.3629
.3626
.3622
.3618
.3615
.3611
.3607
.3603
.36
.3596
.3592
.3589
.3585
.3581
.3577
.3574
.357
.3566
.3562
.3559
.3555
.3551
.3547
.3543
.354
.3536
.3532
.3528
.3524
.3521
.3517
.3513
.3509
.3505
.3502
.3498
.3494
.349
.3486
.3483
.3479
.3475
.3471
.3467
.3463
.346
.3456
.3452
.3448
.3444
.344
.3436
.3433
.3429
.3425
.3421
.3417
.3413
.3409
.3406
.3402
.3398
.3394
.339
.3386
.3382
.3378
.3375
.3371
.3367
.3363
.3359
.3355
.3351
.3347
.3343
.3339
.3336
.3332
.3328
.3324
.332
.3316
.3312
.3308
.3304
.33
.3297
.3293
.3289
.3285
.3281
.3277
.3273
.3269
.3265
.3261
.3257
.3254
.325
.3246
.3242
.3238
.3234
.323
.3226
.3222
.3218
.3214
.3211
.3207
.3203
.3199
.3195
.3191
.3187
.3183
.3179
.3175
.3171
.3168
.3164
.316
.3156
.3152
.3148
.3144
.314
.3136
.3133
.3129
.3125
.3121
.3117
.3113
.3109
.3105
.3102
.3098
.3094
.309
.3086
.3082
.3078
.3074
.3071
.3067
.3063
.3059
.3055
.3051
.3047
.3044
.304
.3036
.3032
.3028
.3024
.3021
.3017
.3013
.3009
.3005
.3002
.2998
.2994
.299
.2986
.2982
.2979
.2975
.2971
.2967
.2964
.296
.2956
.2952
.2948
.2945
.2941
.2937
.2933
.293
.2926
.2922
.2918
.2915
.2911
.2907
.2903
.29
.2896
.2892
.2889
.2885
.2881
.2877
.2874
.287
.2866
.2863
.2859
.2855
.2852
.2848
.2844
.2841
.2837
.2833
.283
.2826
.2822
.2819
.2815
.2811
.2808
.2804
.28
.2797
.2793
.279
.2786
.2782
.2779
.2775
.2772
.2768
.2764
.2761
.2757
.2754
.275
.2746
.2743
.2739
.2736
.2732
.2729
.2725
.2722
.2718
.2715
.2711
.2707
.2704
.27
.2697
.2693
.269
.2686
.2683
.2679
.2676
.2673
.2669
.2666
.2662
.2659
.2655
.2652
.2648
.2645
.2641
.2638
.2635
.2631
.2628
.2624
.2621
.2617
.2614
.2611
.2607
.2604
.2601
.2597
.2594
.259
.2587
.2584
.258
.2577
.2574
.257
.2567
.2564
.256
.2557
.2554
.255
.2547
.2544
.254
.2537
.2534
.2531
.2527
.2524
.2521
.2517
.2514
.2511
.2508
.2504
.2501
.2498
.2495
.2491
.2488
.2485
.2482
.2479
.2475
.2472
.2469
.2466
.2463
.2459
.2456
.2453
.245
.2447
.2444
.244
.2437
.2434
.2431
.2428
.2425
.2422
.2418
.2415
.2412
.2409
.2406
.2403
.24
.2397
.2394
.2391
.2387
.2384
.2381
.2378
.2375
.2372
.2369
.2366
.2363
.236
.2357
.2354
.2351
.2348
.2345
.2342
.2339
.2336
.2333
.233
.2327
.2324
.2321
.2318
.2315
.2312
.2309
.2306
.2303
.23
.2298
.2295
.2292
.2289
.2286
.2283
.228
.2277
.2274
.2271
.2269
.2266
.2263
.226
.2257
.2254
.2251
.2249
.2246
.2243
.224
.2237
.2234
.2232
.2229
.2226
.2223
.222
.2218
.2215
.2212
.2209
.2206
.2204
.2201
.2198
.2195
.2193
.219
.2187
.2184
.2182
.2179
.2176
.2174
.2171
.2168
.2165
.2163
.216
.2157
.2155
.2152
.2149
.2147
.2144
.2141
.2139
.2136
.2133
.2131
.2128
.2126
.2123
.212
.2118
.2115
.2112
.211
.2107
.2105
.2102
.2099
.2097
.2094
.2092
.2089
.2087
.2084
.2082
.2079
.2076
.2074
.2071
.2069
.2066
.2064
.2061
.2059
.2056
.2054
.2051
.2049
.2046
.2044
.2041
.2039
.2036
.2034
.2031
.2029
.2027
.2024
.2022
.2019
.2017
.2014
.2012
.201
.2007
.2005
.2002
.2
.1998
.1995
.1993
.199
.1988
.1986
.1983
.1981
.1979
.1976
.1974
.1971
.1969
.1967
.1964
.1962
.196
.1957
.1955
.1953
.1951
.1948
.1946
.1944
.1941
.1939
.1937
.1934
.1932
.193
.1928
.1925
.1923
.1921
.1919
.1916
.1914
.1912
.191
.1907
.1905
.1903
.1901
.1899
.1896
.1894
.1892
.189
.1888
.1885
.1883
.1881
.1879
.1877
.1874
.1872
.187
.1868
.1866
.1864
.1861
.1859
.1857
.1855
.1853
.1851
.1849
.1847
.1844
.1842
.184
.1838
.1836
.1834
.1832
.183
.1828
.1826
.1823
.1821
.1819
.1817
.1815
.1813
.1811
.1809
.1807
.1805
.1803
.1801
.1799
.1797
.1795
.1793
.1791
.1789
.1787
.1785
.1783
.1781
.1779
.1777
.1775
.1773
.1771
.1769
.1767
.1765
.1763
.1761
.1759
.1757
.1755
.1753
.1751
.1749
.1747
.1745
.1743
.1741
.1739
.1738
.1736
.1734
.1732
.173
.1728
.1726
.1724
.1722
.172
.1719
.1717
.1715
.1713
.1711
.1709
.1707
.1705
.1704
.1702
.17
.1698
.1696
.1694
.1692
.1691
.1689
.1687
.1685
.1683
.1681
.168
.1678
.1676
.1674
.1672
.1671
.1669
.1667
.1665
.1663
.1662
.166
.1658
.1656
.1654
.1653
.1651
.1649
.1647
.1646
.1644
.1642
.164
.1639
.1637
.1635
.1633
.1632
.163
.1628
.1626
.1625
.1623
.1621
.162
.1618
.1616
.1614
.1613
.1611
.1609
.1608
.1606
.1604
.1602
.1601
.1599
.1597
.1596
.1594
.1592
.1591
.1589
.1587
.1586
.1584
.1582
.1581
.1579
.1578
.1576
.1574
.1573
.1571
.1569
.1568
.1566
.1564
.1563
.1561
.156
.1558
.1556
.1555
.1553
.1552
.155
.1548
.1547
.1545
.1544
.1542
.154
.1539
.1537
.1536
.1534
.1533
.1531
.1529
.1528
.1526
.1525
.1523
.1522
.152
.1519
.1517
.1515
.1514
.1512
.1511
.1509
.1508
.1506
.1505
.1503
.1502
.15
.1499
.1497
.1496
.1494
.1493
.1491
.149
.1488
.1487
.1485
.1484
.1482
.1481
.1479
.1478
.1476
.1475
.1473
.1472
.147
.1469
.1467
.1466
.1465
.1463
.1462
.146
.1459
.1457
.1456
.1454
.1453
.1452
.145
.1449
.1447
.1446
.1444
.1443
.1442
.144
.1439
.1437
.1436
.1434
.1433
.1432
.143
.1429
.1427
.1426
.1425
.1423
.1422
.1421
.1419
.1418
.1416
.1415
.1414
.1412
.1411
.141
.1408
.1407
.1405
.1404
.1403
.1401
.14
.1399
.1397
.1396
.1395
.1393
.1392
.1391
.1389
.1388
.1387
.1385
.1384
.1383
.1381
.138
.1379
.1377
.1376
.1375
.1373
.1372
.1371
.1369
.1368
.1367
.1366
.1364
.1363
.1362
.136
.1359
.1358
.1357
.1355
.1354
.1353
.1351
.135
.1349
.1348
.1346
.1345
.1344
.1343
.1341
.134
.1339
.1338
.1336
.1335
.1334
.1333
.1331
.133
.1329
.1328
.1326
.1325
.1324
.1323
.1321
.132
.1319
.1318
.1316
.1315
.1314
.1313
.1312
.131
.1309
.1308
.1307
.1306
.1304
.1303
.1302
.1301
.13
.1298
.1297
.1296
.1295
.1294
.1292
.1291
.129
.1289
.1288
.1287
.1285
.1284
.1283
.1282
.1281
.1279
.1278
.1277
.1276
.1275
.1274
.1273
.1271
.127
.1269
.1268
.1267
.1266
.1265
.1263
.1262
.1261
.126
.1259
.1258
.1257
.1255
.1254
.1253
.1252
.1251
.125
.1249
.1248
.1246
.1245
.1244
.1243
.1242
.1241
.124
.1239
.1238
.1236
.1235
.1234
.1233
.1232
.1231
.123
.1229
.1228
.1227
.1226
.1224
.1223
.1222
.1221
.122
.1219
.1218
.1217
.1216
.1215
.1214
.1213
.1212
.1211
.1209
.1208
.1207
.1206
.1205
.1204
.1203
.1202
.1201
.12
.1199
.1198
.1197
.1196
.1195
.1194
.1193
.1192
.1191
.119
.1189
.1188
.1187
.1185
.1184
.1183
.1182
.1181
.118
.1179
.1178
.1177
.1176
.1175
.1174
.1173
.1172
.1171
.117
.1169
.1168
.1167
.1166
.1165
.1164
.1163
.1162
.1161
.116
.1159
.1158
.1157
.1156
.1155
.1154
.1153
.1152
.1151
.1151
.115
.1149
.1148
.1147
.1146
.1145
.1144
.1143
.1142
.1141
.114
.1139
.1138
.1137
.1136
.1135
.1134
.1133
.1132
.1131
.113
.1129
.1128
.1128
.1127
.1126
.1125
.1124
.1123
.1122
.1121
.112
.1119
.1118
.1117
.1116
.1115
.1114
.1114
.1113
.1112
.1111
.111
.1109
.1108
.1107
.1106
.1105
.1104
.1103
.1103
.1102
.1101
.11
.1099
.1098
.1097
.1096
.1095
.1094
.1094
.1093
.1092
.1091
.109
.1089
.1088
.1087
.1086
.1086
.1085
.1084
.1083
.1082
.1081
.108
.1079
.1079
.1078
.1077
.1076
.1075
.1074
.1073
.1072
.1072
.1071
.107
.1069
.1068
.1067
.1066
.1066
.1065
.1064
.1063
.1062
.1061
.106
.106
.1059
.1058
.1057
.1056
.1055
.1055
.1054
.1053
.1052
.1051
.105
.1049
.1049
.1048
.1047
.1046
.1045
.1045
.1044
.1043
.1042
.1041
.104
.104
.1039
.1038
.1037
.1036
.1035
.1035
.1034
.1033
.1032
.1031
.1031
.103
.1029
.1028
.1027
.1027
.1026
.1025
.1024
.1023
.1023
.1022
.1021
.102
.1019
.1019
.1018
.1017
.1016
.1015
.1015
.1014
.1013
.1012
.1012
.1011
.101
.1009
.1008
.1008
.1007
.1006
.1005
.1005
.1004
.1003
.1002
.1001
.1001
.1
.0999
.0998
.0998
.0997
.0996
.0995
.0995
.0994
.0993
.0992
.0992
.0991
.099
.0989
.0988
.0988
.0987
.0986
.0985
.0985
.0984
.0983
.0982
.0982
.0981
.098
.098
.0979
.0978
.0977
.0977
.0976
.0975
.0974
.0974
.0973
.0972
.0971
.0971
.097
.0969
.0969
.0968
.0967
.0966
.0966
.0965
.0964
.0963
.0963
.0962
.0961
.0961
.096
.0959
.0958
.0958
.0957
.0956
.0956
.0955
.0954
.0953
.0953
.0952
.0951
.0951
.095
.0949
.0949
.0948
.0947
.0946
.0946
.0945
.0944
.0944
.0943
.0942
.0942
.0941
.094
.094
.0939
.0938
.0937
.0937
.0936
.0935
.0935
.0934
.0933
.0933
.0932
.0931
.0931
.093
.0929
.0929
.0928
.0927
.0927
.0926
.0925
.0925
.0924
.0923
.0923
.0922
.0921
.0921
.092
.0919
.0919
.0918
.0917
.0917
.0916
.0915
.0915
.0914
.0913
.0913
.0912
.0911
.0911
.091
.0909
.0909
.0908
.0907
.0907
.0906
.0905
.0905
.0904
.0904
.0903
.0902
.0902
.0901
.09
.09
.0899
.0898
.0898
.0897
.0896
.0896
.0895
.0895
.0894
.0893
.0893
.0892
.0891
.0891
.089
.089
.0889
.0888
.0888
.0887
.0886
.0886
.0885
.0885
.0884
.0883
.0883
.0882
.0881
.0881
.088
.088
.0879
.0878
.0878
.0877
.0877
.0876
.0875
.0875
.0874
.0873
.0873
.0872
.0872
.0871
.087
.087
.0869
.0869
.0868
.0867
.0867
.0866
.0866
.0865
.0864
.0864
.0863
.0863
.0862
.0861
.0861
.086
.086
.0859
.0859
.0858
.0857
.0857
.0856
.0856
.0855
.0854
.0854
.0853
.0853
.0852
.0851
.0851
.085
.085
.0849
.0849
.0848
.0847
.0847
.0846
.0846
.0845
.0845
.0844
.0843
.0843
.0842
.0842
.0841
.0841
.084
.0839
.0839
.0838
.0838
.0837
.0837
.0836
.0835
.0835
.0834
.0834
.0833
.0833
.0832
.0832
.0831
.083
.083
.0829
.0829
.0828
.0828
.0827
.0827
.0826
.0825
.0825
.0824
.0824
.0823
.0823
.0822
.0822
.0821
.0821
.082
.0819
.0819
.0818
.0818
.0817
.0817
.0816
.0816
.0815
.0815
.0814
.0814
.0813
.0812
.0812
.0811
.0811
.081
.081
.0809
.0809
.0808
.0808
.0807
.0807
.0806
.0806
.0805
.0804
.0804
.0803
.0803
.0802
.0802
.0801
.0801
.08
.08
.0799
.0799
.0798
.0798
.0797
.0797
.0796
.0796
.0795
.0795
.0794
.0794
.0793
.0793
.0792
.0792
.0791
.0791
.079
.0789
.0789
.0788
.0788
.0787
.0787
.0786
.0786
.0785
.0785
.0784
.0784
.0783
.0783
.0782
.0782
.0781
.0781
.078
.078
.0779
.0779
.0778
.0778
.0777
.0777
.0776
.0776
.0775
.0775
.0774
.0774
.0773
.0773
.0773
.0772
.0772
.0771
.0771
.077
.077
.0769
.0769
.0768
.0768
.0767
.0767
.0766
.0766
.0765
.0765
.0764
.0764
.0763
.0763
.0762
.0762
.0761
.0761
.076
.076
.0759
.0759
.0759
.0758
.0758
.0757
.0757
.0756
.0756
.0755
.0755
.0754
.0754
.0753
.0753
.0752
.0752
.0751
.0751
.0751
.075
.075
.0749
.0749
.0748
.0748
.0747
.0747
.0746
.0746
.0745
.0745
.0745
.0744
.0744
.0743
.0743
.0742
.0742
.0741
.0741
.074
.074
.074
.0739
.0739
.0738
.0738
.0737
.0737
.0736
.0736
.0735
.0735
.0735
.0734
.0734
.0733
.0733
.0732
.0732
.0731
.0731
.0731
.073
.073
.0729
.0729
.0728
.0728
.0727
.0727
.0727
.0726
.0726
.0725
.0725
.0724
.0724
.0724
.0723
.0723
.0722
.0722
.0721
.0721
.072
.072
.072
.0719
.0719
.0718
.0718
.0717
.0717
.0717
.0716
.0716
.0715
.0715
.0714
.0714
.0714
.0713
.0713
.0712
.0712
.0711
.0711
.0711
.071
.071
.0709
.0709
.0709
.0708
.0708
.0707
.0707
.0706
.0706
.0706
.0705
.0705
.0704
.0704
.0704
.0703
.0703
.0702
.0702
.0701
.0701
.0701
.07
.07
.0699
.0699
.0699
.0698
.0698
.0697
.0697
.0697
.0696
.0696
.0695
.0695
.0694
.0694
.0694
.0693
.0693
.0692
.0692
.0692
.0691
.0691
.069
.069
.069
.0689
.0689
.0688
.0688
.0688
.0687
.0687
.0686
.0686
.0686
.0685
.0685
.0684
.0684
.0684
.0683
.0683
.0682
.0682
.0682
.0681
.0681
.0681
.068
.068
.0679
.0679
.0679
.0678
.0678
.0677
.0677
.0677
.0676
.0676
.0675
.0675
.0675
.0674
.0674
.0674
.0673
.0673
.0672
.0672
.0672
.0671
.0671
.067
.067
.067
.0669
.0669
.0669
.0668
.0668
.0667
.0667
.0667
.0666
.0666
.0666
.0665
.0665
.0664
.0664
.0664
.0663
.0663
.0663
.0662
.0662
.0661
.0661
.0661
.066
.066
.066
.0659
.0659
.0659
.0658
.0658
.0657
.0657
.0657
.0656
.0656
.0656
.0655
.0655
.0654
.0654
.0654
.0653
.0653
.0653
.0652
.0652
.0652
.0651
.0651
.065
.065
.065
.0649
.0649
.0649
.0648
.0648
.0648
.0647
.0647
.0647
.0646
.0646
.0645
.0645
.0645
.0644
.0644
.0644
.0643
.0643
.0643
.0642
.0642
.0642
.0641
.0641
.0641
.064
.064
.0639
.0639
.0639
.0638
.0638
.0638
.0637
.0637
.0637
.0636
.0636
.0636
.0635
.0635
.0635
.0634
.0634
.0634
.0633
.0633
.0633
.0632
.0632
.0631
.0631
.0631
.063
.063
.063
.0629
.0629
.0629
.0628
.0628
.0628
.0627
.0627
.0627
.0626
.0626
.0626
.0625
.0625
.0625
.0624
.0624
.0624
.0623
.0623
.0623
.0622
.0622
.0622
.0621
.0621
.0621
.062
.062
.062
.0619
.0619
.0619
.0618
.0618
.0618
.0617
.0617
.0617
.0616
.0616
.0616
.0615
.0615
.0615
.0614
.0614
.0614
.0613
.0613
.0613
.0613
.0612
.0612
.0612
.0611
.0611
.0611
.061
.061
.061
.0609
.0609
.0609
.0608
.0608
.0608
.0607
.0607
.0607
.0606
.0606
.0606
.0605
.0605
.0605
.0605
.0604
.0604
.0604
.0603
.0603
.0603
.0602
.0602
.0602
.0601
.0601
.0601
.06
.06
.06
.0599
.0599
.0599
.0599
.0598
.0598
.0598
.0597
.0597
.0597
.0596
.0596
.0596
.0595
.0595
.0595
.0595
.0594
.0594
.0594
.0593
.0593
.0593
.0592
.0592
.0592
.0591
.0591
.0591
.0591
.059
.059
.059
.0589
.0589
.0589
.0588
.0588
.0588
.0588
.0587
.0587
.0587
.0586
.0586
.0586
.0585
.0585
.0585
.0585
.0584
.0584
.0584
.0583
.0583
.0583
.0582
.0582
.0582
.0582
.0581
.0581
.0581
.058
.058
.058
.058
.0579
.0579
.0579
.0578
.0578
.0578
.0577
.0577
.0577
.0577
.0576
.0576
.0576
.0575
.0575
.0575
.0575
.0574
.0574
.0574
.0573
.0573
.0573
.0573
.0572
.0572
.0572
.0571
.0571
.0571
.0571
.057
.057
.057
.0569
.0569
.0569
.0569
.0568
.0568
.0568
.0567
.0567
.0567
.0567
.0566
.0566
.0566
.0565
.0565
.0565
.0565
.0564
.0564
.0564
.0564
.0563
.0563
.0563
.0562
.0562
.0562
.0562
.0561
.0561
.0561
.056
.056
.056
.056
.0559
.0559
.0559
.0559
.0558
.0558
.0558
.0557
.0557
.0557
.0557
.0556
.0556
.0556
.0556
.0555
.0555
.0555
.0554
.0554
.0554
.0554
.0553
.0553
.0553
.0553
.0552
.0552
.0552
.0551
.0551
.0551
.0551
.055
.055
.055
.055
.0549
.0549
.0549
.0549
.0548
.0548
.0548
.0547
.0547
.0547
.0547
.0546
.0546
.0546
.0546
.0545
.0545
.0545
.0545
.0544
.0544
.0544
.0544
.0543
.0543
.0543
.0543
.0542
.0542
.0542
.0541
.0541
.0541
.0541
.054
.054
.054
.054
.0539
.0539
.0539
.0539
.0538
.0538
.0538
.0538
.0537
.0537
.0537
.0537
.0536
.0536
.0536
.0536
.0535
.0535
.0535
.0535
.0534
.0534
.0534
.0534
.0533
.0533
.0533
.0533
.0532
.0532
.0532
.0532
.0531
.0531
.0531
.0531
.053
.053
.053
.053
.0529
.0529
.0529
.0529
.0528
.0528
.0528
.0528
.0527
.0527
.0527
.0527
.0526
.0526
.0526
.0526
.0525
.0525
.0525
.0525
.0524
.0524
.0524
.0524
.0523
.0523
.0523
.0523
.0522
.0522
.0522
.0522
.0521
.0521
.0521
.0521
.052
.052
.052
.052
.0519
.0519
.0519
.0519
.0519
.0518
.0518
.0518
.0518
.0517
.0517
.0517
.0517
.0516
.0516
.0516
.0516
.0515
.0515
.0515
.0515
.0514
.0514
.0514
.0514
.0514
.0513
.0513
.0513
.0513
.0512
.0512
.0512
.0512
.0511
.0511
.0511
.0511
.051
.051
.051
.051
.051
.0509
.0509
.0509
.0509
.0508
.0508
.0508
.0508
.0507
.0507
.0507
.0507
.0507
.0506
.0506
.0506
.0506
.0505
.0505
.0505
.0505
.0504
.0504
.0504
.0504
.0504
.0503
.0503
.0503
.0503
.0502
.0502
.0502
.0502
.0502
.0501
.0501
.0501
.0501
.05
.05
.05
