.5555
.5533
.5512
.5491
.5472
.5453
.5434
.5417
.54
.5385
.537
.5355
.5342
.5329
.5317
.5305
.5294
.5284
.5275
.5266
.5257
.5249
.5242
.5235
.5228
.5222
.5216
.5211
.5206
.5202
.5197
.5193
.519
.5186
.5183
.518
.5177
.5175
.5172
.517
.5168
.5166
.5164
.5162
.5161
.5159
.5158
.5157
.5155
.5154
.5153
.5152
.5151
.515
.5149
.5149
.5148
.5147
.5146
.5146
.5145
.5144
.5144
.5143
.5142
.5142
.5141
.5141
.514
.514
.5139
.5138
.5138
.5137
.5137
.5136
.5136
.5135
.5135
.5134
.5134
.5133
.5133
.5132
.5132
.5131
.5131
.513
.513
.5129
.5129
.5128
.5128
.5127
.5127
.5126
.5126
.5125
.5125
.5124
.5123
.5123
.5122
.5122
.5121
.5121
.512
.5119
.5119
.5118
.5118
.5117
.5117
.5116
.5115
.5115
.5114
.5114
.5113
.5112
.5112
.5111
.511
.511
.5109
.5109
.5108
.5107
.5107
.5106
.5105
.5105
.5104
.5103
.5103
.5102
.5101
.51
.51
.5099
.5098
.5098
.5097
.5096
.5095
.5095
.5094
.5093
.5092
.5092
.5091
.509
.5089
.5089
.5088
.5087
.5086
.5085
.5085
.5084
.5083
.5082
.5081
.5081
.508
.5079
.5078
.5077
.5076
.5076
.5075
.5074
.5073
.5072
.5071
.507
.5069
.5069
.5068
.5067
.5066
.5065
.5064
.5063
.5062
.5061
.506
.5059
.5058
.5057
.5056
.5055
.5054
.5053
.5052
.5051
.505
.5049
.5048
.5047
.5046
.5045
.5044
.5043
.5042
.5041
.504
.5039
.5038
.5037
.5035
.5034
.5033
.5032
.5031
.503
.5029
.5028
.5026
.5025
.5024
.5023
.5022
.5021
.5019
.5018
.5017
.5016
.5014
.5013
.5012
.5011
.501
.5008
.5007
.5006
.5004
.5003
.5002
.5001
.4999
.4998
.4997
.4995
.4994
.4993
.4991
.499
.4988
.4987
.4986
.4984
.4983
.4981
.498
.4979
.4977
.4976
.4974
.4973
.4971
.497
.4968
.4967
.4965
.4964
.4962
.4961
.4959
.4958
.4956
.4954
.4953
.4951
.495
.4948
.4947
.4945
.4943
.4942
.494
.4938
.4937
.4935
.4933
.4932
.493
.4928
.4927
.4925
.4923
.4921
.492
.4918
.4916
.4914
.4913
.4911
.4909
.4907
.4905
.4904
.4902
.49
.4898
.4896
.4894
.4892
.489
.4889
.4887
.4885
.4883
.4881
.4879
.4877
.4875
.4873
.4871
.4869
.4867
.4865
.4863
.4861
.4859
.4857
.4855
.4853
.4851
.4849
.4846
.4844
.4842
.484
.4838
.4836
.4834
.4831
.4829
.4827
.4825
.4823
.4821
.4818
.4816
.4814
.4812
.4809
.4807
.4805
.4802
.48
.4798
.4796
.4793
.4791
.4789
.4786
.4784
.4781
.4779
.4777
.4774
.4772
.4769
.4767
.4765
.4762
.476
.4757
.4755
.4752
.475
.4747
.4745
.4742
.474
.4737
.4734
.4732
.4729
.4727
.4724
.4722
.4719
.4716
.4714
.4711
.4708
.4706
.4703
.47
.4698
.4695
.4692
.469
.4687
.4684
.4681
.4679
.4676
.4673
.467
.4668
.4665
.4662
.4659
.4656
.4653
.4651
.4648
.4645
.4642
.4639
.4636
.4633
.463
.4628
.4625
.4622
.4619
.4616
.4613
.461
.4607
.4604
.4601
.4598
.4595
.4592
.4589
.4586
.4583
.458
.4577
.4574
.4571
.4568
.4564
.4561
.4558
.4555
.4552
.4549
.4546
.4543
.4539
.4536
.4533
.453
.4527
.4524
.452
.4517
.4514
.4511
.4508
.4504
.4501
.4498
.4495
.4491
.4488
.4485
.4481
.4478
.4475
.4472
.4468
.4465
.4462
.4458
.4455
.4452
.4448
.4445
.4441
.4438
.4435
.4431
.4428
.4425
.4421
.4418
.4414
.4411
.4407
.4404
.4401
.4397
.4394
.439
.4387
.4383
.438
.4376
.4373
.4369
.4366
.4362
.4359
.4355
.4352
.4348
.4345
.4341
.4338
.4334
.433
.4327
.4323
.432
.4316
.4313
.4309
.4305
.4302
.4298
.4295
.4291
.4287
.4284
.428
.4277
.4273
.4269
.4266
.4262
.4258
.4255
.4251
.4247
.4244
.424
.4236
.4233
.4229
.4225
.4222
.4218
.4214
.4211
.4207
.4203
.4199
.4196
.4192
.4188
.4185
.4181
.4177
.4173
.417
.4166
.4162
.4159
.4155
.4151
.4147
.4144
.414
.4136
.4132
.4128
.4125
.4121
.4117
.4113
.411
.4106
.4102
.4098
.4095
.4091
.4087
.4083
.4079
.4076
.4072
.4068
.4064
.406
.4057
.4053
.4049
.4045
.4041
.4038
.4034
.403
.4026
.4022
.4018
.4015
.4011
.4007
.4003
.3999
.3996
.3992
.3988
.3984
.398
.3976
.3973
.3969
.3965
.3961
.3957
.3953
.395
.3946
.3942
.3938
.3934
.393
.3927
.3923
.3919
.3915
.3911
.3907
.3904
.39
.3896
.3892
.3888
.3884
.3881
.3877
.3873
.3869
.3865
.3861
.3858
.3854
.385
.3846
.3842
.3838
.3835
.3831
.3827
.3823
.3819
.3816
.3812
.3808
.3804
.38
.3796
.3793
.3789
.3785
.3781
.3777
.3773
.377
.3766
.3762
.3758
.3754
.3751
.3747
.3743
.3739
.3735
.3732
.3728
.3724
.372
.3716
.3713
.3709
.3705
.3701
.3697
.3694
.369
.3686
.3682
.3679
.3675
.3671
.3667
.3663
.366
.3656
.3652
.3648
.3645
.3641
.3637
.3633
.363
.3626
.3622
.3618
.3615
.3611
.3607
.3603
.36
.3596
.3592
.3588
.3585
.3581
.3577
.3573
.357
.3566
.3562
.3559
.3555
.3551
.3547
.3544
.354
.3536
.3533
.3529
.3525
.3522
.3518
.3514
.351
.3507
.3503
.3499
.3496
.3492
.3488
.3485
.3481
.3477
.3474
.347
.3467
.3463
.3459
.3456
.3452
.3448
.3445
.3441
.3437
.3434
.343
.3427
.3423
.3419
.3416
.3412
.3408
.3405
.3401
.3398
.3394
.3391
.3387
.3383
.338
.3376
.3373
.3369
.3365
.3362
.3358
.3355
.3351
.3348
.3344
.3341
.3337
.3334
.333
.3326
.3323
.3319
.3316
.3312
.3309
.3305
.3302
.3298
.3295
.3291
.3288
.3284
.3281
.3277
.3274
.327
.3267
.3263
.326
.3256
.3253
.325
.3246
.3243
.3239
.3236
.3232
.3229
.3225
.3222
.3219
.3215
.3212
.3208
.3205
.3201
.3198
.3195
.3191
.3188
.3184
.3181
.3178
.3174
.3171
.3168
.3164
.3161
.3157
.3154
.3151
.3147
.3144
.3141
.3137
.3134
.3131
.3127
.3124
.3121
.3117
.3114
.3111
.3107
.3104
.3101
.3098
.3094
.3091
.3088
.3084
.3081
.3078
.3075
.3071
.3068
.3065
.3061
.3058
.3055
.3052
.3048
.3045
.3042
.3039
.3036
.3032
.3029
.3026
.3023
.3019
.3016
.3013
.301
.3007
.3003
.3
.2997
.2994
.2991
.2988
.2984
.2981
.2978
.2975
.2972
.2969
.2965
.2962
.2959
.2956
.2953
.295
.2947
.2943
.294
.2937
.2934
.2931
.2928
.2925
.2922
.2919
.2916
.2912
.2909
.2906
.2903
.29
.2897
.2894
.2891
.2888
.2885
.2882
.2879
.2876
.2873
.287
.2867
.2864
.2861
.2858
.2855
.2852
.2849
.2846
.2843
.284
.2837
.2834
.2831
.2828
.2825
.2822
.2819
.2816
.2813
.281
.2807
.2804
.2801
.2798
.2795
.2792
.2789
.2786
.2783
.2781
.2778
.2775
.2772
.2769
.2766
.2763
.276
.2757
.2754
.2752
.2749
.2746
.2743
.274
.2737
.2734
.2731
.2729
.2726
.2723
.272
.2717
.2714
.2712
.2709
.2706
.2703
.27
.2698
.2695
.2692
.2689
.2686
.2684
.2681
.2678
.2675
.2672
.267
.2667
.2664
.2661
.2659
.2656
.2653
.265
.2648
.2645
.2642
.2639
.2637
.2634
.2631
.2628
.2626
.2623
.262
.2618
.2615
.2612
.2609
.2607
.2604
.2601
.2599
.2596
.2593
.2591
.2588
.2585
.2583
.258
.2577
.2575
.2572
.2569
.2567
.2564
.2562
.2559
.2556
.2554
.2551
.2548
.2546
.2543
.2541
.2538
.2535
.2533
.253
.2528
.2525
.2522
.252
.2517
.2515
.2512
.251
.2507
.2504
.2502
.2499
.2497
.2494
.2492
.2489
.2487
.2484
.2482
.2479
.2477
.2474
.2472
.2469
.2467
.2464
.2462
.2459
.2457
.2454
.2452
.2449
.2447
.2444
.2442
.2439
.2437
.2434
.2432
.2429
.2427
.2424
.2422
.242
.2417
.2415
.2412
.241
.2407
.2405
.2403
.24
.2398
.2395
.2393
.239
.2388
.2386
.2383
.2381
.2378
.2376
.2374
.2371
.2369
.2367
.2364
.2362
.2359
.2357
.2355
.2352
.235
.2348
.2345
.2343
.2341
.2338
.2336
.2334
.2331
.2329
.2327
.2324
.2322
.232
.2317
.2315
.2313
.2311
.2308
.2306
.2304
.2301
.2299
.2297
.2295
.2292
.229
.2288
.2285
.2283
.2281
.2279
.2276
.2274
.2272
.227
.2267
.2265
.2263
.2261
.2259
.2256
.2254
.2252
.225
.2247
.2245
.2243
.2241
.2239
.2236
.2234
.2232
.223
.2228
.2225
.2223
.2221
.2219
.2217
.2215
.2212
.221
.2208
.2206
.2204
.2202
.2199
.2197
.2195
.2193
.2191
.2189
.2187
.2185
.2182
.218
.2178
.2176
.2174
.2172
.217
.2168
.2165
.2163
.2161
.2159
.2157
.2155
.2153
.2151
.2149
.2147
.2145
.2142
.214
.2138
.2136
.2134
.2132
.213
.2128
.2126
.2124
.2122
.212
.2118
.2116
.2114
.2112
.211
.2108
.2106
.2104
.2102
.21
.2098
.2096
.2094
.2092
.2089
.2087
.2085
.2084
.2082
.208
.2078
.2076
.2074
.2072
.207
.2068
.2066
.2064
.2062
.206
.2058
.2056
.2054
.2052
.205
.2048
.2046
.2044
.2042
.204
.2038
.2036
.2034
.2033
.2031
.2029
.2027
.2025
.2023
.2021
.2019
.2017
.2015
.2013
.2011
.201
.2008
.2006
.2004
.2002
.2
.1998
.1996
.1994
.1993
.1991
.1989
.1987
.1985
.1983
.1981
.1979
.1978
.1976
.1974
.1972
.197
.1968
.1967
.1965
.1963
.1961
.1959
.1957
.1956
.1954
.1952
.195
.1948
.1946
.1945
.1943
.1941
.1939
.1937
.1936
.1934
.1932
.193
.1928
.1927
.1925
.1923
.1921
.1919
.1918
.1916
.1914
.1912
.1911
.1909
.1907
.1905
.1903
.1902
.19
.1898
.1896
.1895
.1893
.1891
.1889
.1888
.1886
.1884
.1883
.1881
.1879
.1877
.1876
.1874
.1872
.187
.1869
.1867
.1865
.1864
.1862
.186
.1858
.1857
.1855
.1853
.1852
.185
.1848
.1847
.1845
.1843
.1842
.184
.1838
.1837
.1835
.1833
.1832
.183
.1828
.1827
.1825
.1823
.1822
.182
.1818
.1817
.1815
.1813
.1812
.181
.1808
.1807
.1805
.1803
.1802
.18
.1799
.1797
.1795
.1794
.1792
.179
.1789
.1787
.1786
.1784
.1782
.1781
.1779
.1778
.1776
.1774
.1773
.1771
.177
.1768
.1766
.1765
.1763
.1762
.176
.1759
.1757
.1755
.1754
.1752
.1751
.1749
.1748
.1746
.1744
.1743
.1741
.174
.1738
.1737
.1735
.1734
.1732
.173
.1729
.1727
.1726
.1724
.1723
.1721
.172
.1718
.1717
.1715
.1714
.1712
.1711
.1709
.1708
.1706
.1705
.1703
.1702
.17
.1699
.1697
.1696
.1694
.1693
.1691
.169
.1688
.1687
.1685
.1684
.1682
.1681
.1679
.1678
.1676
.1675
.1673
.1672
.167
.1669
.1667
.1666
.1664
.1663
.1662
.166
.1659
.1657
.1656
.1654
.1653
.1651
.165
.1649
.1647
.1646
.1644
.1643
.1641
.164
.1638
.1637
.1636
.1634
.1633
.1631
.163
.1629
.1627
.1626
.1624
.1623
.1621
.162
.1619
.1617
.1616
.1614
.1613
.1612
.161
.1609
.1608
.1606
.1605
.1603
.1602
.1601
.1599
.1598
.1596
.1595
.1594
.1592
.1591
.159
.1588
.1587
.1585
.1584
.1583
.1581
.158
.1579
.1577
.1576
.1575
.1573
.1572
.1571
.1569
.1568
.1567
.1565
.1564
.1563
.1561
.156
.1559
.1557
.1556
.1555
.1553
.1552
.1551
.1549
.1548
.1547
.1545
.1544
.1543
.1541
.154
.1539
.1537
.1536
.1535
.1534
.1532
.1531
.153
.1528
.1527
.1526
.1524
.1523
.1522
.1521
.1519
.1518
.1517
.1515
.1514
.1513
.1512
.151
.1509
.1508
.1507
.1505
.1504
.1503
.1501
.15
.1499
.1498
.1496
.1495
.1494
.1493
.1491
.149
.1489
.1488
.1486
.1485
.1484
.1483
.1481
.148
.1479
.1478
.1476
.1475
.1474
.1473
.1472
.147
.1469
.1468
.1467
.1465
.1464
.1463
.1462
.1461
.1459
.1458
.1457
.1456
.1454
.1453
.1452
.1451
.145
.1448
.1447
.1446
.1445
.1444
.1442
.1441
.144
.1439
.1438
.1436
.1435
.1434
.1433
.1432
.1431
.1429
.1428
.1427
.1426
.1425
.1424
.1422
.1421
.142
.1419
.1418
.1416
.1415
.1414
.1413
.1412
.1411
.141
.1408
.1407
.1406
.1405
.1404
.1403
.1401
.14
.1399
.1398
.1397
.1396
.1395
.1393
.1392
.1391
.139
.1389
.1388
.1387
.1385
.1384
.1383
.1382
.1381
.138
.1379
.1378
.1376
.1375
.1374
.1373
.1372
.1371
.137
.1369
.1368
.1366
.1365
.1364
.1363
.1362
.1361
.136
.1359
.1358
.1357
.1355
.1354
.1353
.1352
.1351
.135
.1349
.1348
.1347
.1346
.1345
.1343
.1342
.1341
.134
.1339
.1338
.1337
.1336
.1335
.1334
.1333
.1332
.133
.1329
.1328
.1327
.1326
.1325
.1324
.1323
.1322
.1321
.132
.1319
.1318
.1317
.1316
.1315
.1314
.1312
.1311
.131
.1309
.1308
.1307
.1306
.1305
.1304
.1303
.1302
.1301
.13
.1299
.1298
.1297
.1296
.1295
.1294
.1293
.1292
.1291
.129
.1289
.1288
.1287
.1286
.1285
.1284
.1283
.1281
.128
.1279
.1278
.1277
.1276
.1275
.1274
.1273
.1272
.1271
.127
.1269
.1268
.1267
.1266
.1265
.1264
.1263
.1262
.1261
.126
.1259
.1258
.1257
.1256
.1255
.1254
.1253
.1252
.1251
.1251
.125
.1249
.1248
.1247
.1246
.1245
.1244
.1243
.1242
.1241
.124
.1239
.1238
.1237
.1236
.1235
.1234
.1233
.1232
.1231
.123
.1229
.1228
.1227
.1226
.1225
.1224
.1223
.1222
.1221
.1221
.122
.1219
.1218
.1217
.1216
.1215
.1214
.1213
.1212
.1211
.121
.1209
.1208
.1207
.1206
.1205
.1204
.1204
.1203
.1202
.1201
.12
.1199
.1198
.1197
.1196
.1195
.1194
.1193
.1192
.1191
.1191
.119
.1189
.1188
.1187
.1186
.1185
.1184
.1183
.1182
.1181
.1181
.118
.1179
.1178
.1177
.1176
.1175
.1174
.1173
.1172
.1171
.1171
.117
.1169
.1168
.1167
.1166
.1165
.1164
.1163
.1162
.1162
.1161
.116
.1159
.1158
.1157
.1156
.1155
.1155
.1154
.1153
.1152
.1151
.115
.1149
.1148
.1147
.1147
.1146
.1145
.1144
.1143
.1142
.1141
.114
.114
.1139
.1138
.1137
.1136
.1135
.1134
.1134
.1133
.1132
.1131
.113
.1129
.1128
.1128
.1127
.1126
.1125
.1124
.1123
.1122
.1122
.1121
.112
.1119
.1118
.1117
.1116
.1116
.1115
.1114
.1113
.1112
.1111
.1111
.111
.1109
.1108
.1107
.1106
.1106
.1105
.1104
.1103
.1102
.1101
.1101
.11
.1099
.1098
.1097
.1096
.1096
.1095
.1094
.1093
.1092
.1091
.1091
.109
.1089
.1088
.1087
.1087
.1086
.1085
.1084
.1083
.1083
.1082
.1081
.108
.1079
.1078
.1078
.1077
.1076
.1075
.1074
.1074
.1073
.1072
.1071
.107
.107
.1069
.1068
.1067
.1066
.1066
.1065
.1064
.1063
.1062
.1062
.1061
.106
.1059
.1059
.1058
.1057
.1056
.1055
.1055
.1054
.1053
.1052
.1051
.1051
.105
.1049
.1048
.1048
.1047
.1046
.1045
.1044
.1044
.1043
.1042
.1041
.1041
.104
.1039
.1038
.1037
.1037
.1036
.1035
.1034
.1034
.1033
.1032
.1031
.1031
.103
.1029
.1028
.1028
.1027
.1026
.1025
.1025
.1024
.1023
.1022
.1022
.1021
.102
.1019
.1019
.1018
.1017
.1016
.1016
.1015
.1014
.1013
.1013
.1012
.1011
.101
.101
.1009
.1008
.1007
.1007
.1006
.1005
.1004
.1004
.1003
.1002
.1001
.1001
.1
.0999
.0999
.0998
.0997
.0996
.0996
.0995
.0994
.0993
.0993
.0992
.0991
.0991
.099
.0989
.0988
.0988
.0987
.0986
.0985
.0985
.0984
.0983
.0983
.0982
.0981
.098
.098
.0979
.0978
.0978
.0977
.0976
.0975
.0975
.0974
.0973
.0973
.0972
.0971
.097
.097
.0969
.0968
.0968
.0967
.0966
.0966
.0965
.0964
.0963
.0963
.0962
.0961
.0961
.096
.0959
.0959
.0958
.0957
.0957
.0956
.0955
.0954
.0954
.0953
.0952
.0952
.0951
.095
.095
.0949
.0948
.0948
.0947
.0946
.0946
.0945
.0944
.0943
.0943
.0942
.0941
.0941
.094
.0939
.0939
.0938
.0937
.0937
.0936
.0935
.0935
.0934
.0933
.0933
.0932
.0931
.0931
.093
.0929
.0929
.0928
.0927
.0927
.0926
.0925
.0925
.0924
.0923
.0923
.0922
.0921
.0921
.092
.0919
.0919
.0918
.0917
.0917
.0916
.0915
.0915
.0914
.0913
.0913
.0912
.0911
.0911
.091
.091
.0909
.0908
.0908
.0907
.0906
.0906
.0905
.0904
.0904
.0903
.0902
.0902
.0901
.09
.09
.0899
.0899
.0898
.0897
.0897
.0896
.0895
.0895
.0894
.0893
.0893
.0892
.0892
.0891
.089
.089
.0889
.0888
.0888
.0887
.0886
.0886
.0885
.0885
.0884
.0883
.0883
.0882
.0881
.0881
.088
.088
.0879
.0878
.0878
.0877
.0876
.0876
.0875
.0875
.0874
.0873
.0873
.0872
.0872
.0871
.087
.087
.0869
.0868
.0868
.0867
.0867
.0866
.0865
.0865
.0864
.0864
.0863
.0862
.0862
.0861
.0861
.086
.0859
.0859
.0858
.0858
.0857
.0856
.0856
.0855
.0855
.0854
.0853
.0853
.0852
.0852
.0851
.085
.085
.0849
.0849
.0848
.0847
.0847
.0846
.0846
.0845
.0844
.0844
.0843
.0843
.0842
.0841
.0841
.084
.084
.0839
.0838
.0838
.0837
.0837
.0836
.0836
.0835
.0834
.0834
.0833
.0833
.0832
.0831
.0831
.083
.083
.0829
.0829
.0828
.0827
.0827
.0826
.0826
.0825
.0825
.0824
.0823
.0823
.0822
.0822
.0821
.0821
.082
.0819
.0819
.0818
.0818
.0817
.0817
.0816
.0815
.0815
.0814
.0814
.0813
.0813
.0812
.0811
.0811
.081
.081
.0809
.0809
.0808
.0807
.0807
.0806
.0806
.0805
.0805
.0804
.0804
.0803
.0802
.0802
.0801
.0801
.08
.08
.0799
.0799
.0798
.0797
.0797
.0796
.0796
.0795
.0795
.0794
.0794
.0793
.0793
.0792
.0791
.0791
.079
.079
.0789
.0789
.0788
.0788
.0787
.0787
.0786
.0785
.0785
.0784
.0784
.0783
.0783
.0782
.0782
.0781
.0781
.078
.078
.0779
.0778
.0778
.0777
.0777
.0776
.0776
.0775
.0775
.0774
.0774
.0773
.0773
.0772
.0772
.0771
.077
.077
.0769
.0769
.0768
.0768
.0767
.0767
.0766
.0766
.0765
.0765
.0764
.0764
.0763
.0763
.0762
.0762
.0761
.0761
.076
.076
.0759
.0758
.0758
.0757
.0757
.0756
.0756
.0755
.0755
.0754
.0754
.0753
.0753
.0752
.0752
.0751
.0751
.075
.075
.0749
.0749
.0748
.0748
.0747
.0747
.0746
.0746
.0745
.0745
.0744
.0744
.0743
.0743
.0742
.0742
.0741
.0741
.074
.074
.0739
.0739
.0738
.0738
.0737
.0737
.0736
.0736
.0735
.0735
.0734
.0734
.0733
.0733
.0732
.0732
.0731
.0731
.073
.073
.0729
.0729
.0728
.0728
.0727
.0727
.0726
.0726
.0725
.0725
.0724
.0724
.0723
.0723
.0722
.0722
.0721
.0721
.072
.072
.0719
.0719
.0718
.0718
.0717
.0717
.0717
.0716
.0716
.0715
.0715
.0714
.0714
.0713
.0713
.0712
.0712
.0711
.0711
.071
.071
.0709
.0709
.0708
.0708
.0707
.0707
.0707
.0706
.0706
.0705
.0705
.0704
.0704
.0703
.0703
.0702
.0702
.0701
.0701
.07
.07
.0699
.0699
.0699
.0698
.0698
.0697
.0697
.0696
.0696
.0695
.0695
.0694
.0694
.0693
.0693
.0693
.0692
.0692
.0691
.0691
.069
.069
.0689
.0689
.0688
.0688
.0687
.0687
.0687
.0686
.0686
.0685
.0685
.0684
.0684
.0683
.0683
.0682
.0682
.0682
.0681
.0681
.068
.068
.0679
.0679
.0678
.0678
.0678
.0677
.0677
.0676
.0676
.0675
.0675
.0674
.0674
.0674
.0673
.0673
.0672
.0672
.0671
.0671
.067
.067
.067
.0669
.0669
.0668
.0668
.0667
.0667
.0666
.0666
.0666
.0665
.0665
.0664
.0664
.0663
.0663
.0663
.0662
.0662
.0661
.0661
.066
.066
.066
.0659
.0659
.0658
.0658
.0657
.0657
.0657
.0656
.0656
.0655
.0655
.0654
.0654
.0654
.0653
.0653
.0652
.0652
.0651
.0651
.0651
.065
.065
.0649
.0649
.0648
.0648
.0648
.0647
.0647
.0646
.0646
.0646
.0645
.0645
.0644
.0644
.0643
.0643
.0643
.0642
.0642
.0641
.0641
.0641
.064
.064
.0639
.0639
.0638
.0638
.0638
.0637
.0637
.0636
.0636
.0636
.0635
.0635
.0634
.0634
.0634
.0633
.0633
.0632
.0632
.0631
.0631
.0631
.063
.063
.0629
.0629
.0629
.0628
.0628
.0627
.0627
.0627
.0626
.0626
.0625
.0625
.0625
.0624
.0624
.0623
.0623
.0623
.0622
.0622
.0621
.0621
.0621
.062
.062
.0619
.0619
.0619
.0618
.0618
.0617
.0617
.0617
.0616
.0616
.0616
.0615
.0615
.0614
.0614
.0614
.0613
.0613
.0612
.0612
.0612
.0611
.0611
.061
.061
.061
.0609
.0609
.0609
.0608
.0608
.0607
.0607
.0607
.0606
.0606
.0605
.0605
.0605
.0604
.0604
.0604
.0603
.0603
.0602
.0602
.0602
.0601
.0601
.0601
.06
.06
.0599
.0599
.0599
.0598
.0598
.0597
.0597
.0597
.0596
.0596
.0596
.0595
.0595
.0595
.0594
.0594
.0593
.0593
.0593
.0592
.0592
.0592
.0591
.0591
.059
.059
.059
.0589
.0589
.0589
.0588
.0588
.0587
.0587
.0587
.0586
.0586
.0586
.0585
.0585
.0585
.0584
.0584
.0583
.0583
.0583
.0582
.0582
.0582
.0581
.0581
.0581
.058
.058
.0579
.0579
.0579
.0578
.0578
.0578
.0577
.0577
.0577
.0576
.0576
.0576
.0575
.0575
.0575
.0574
.0574
.0573
.0573
.0573
.0572
.0572
.0572
.0571
.0571
.0571
.057
.057
.057
.0569
.0569
.0569
.0568
.0568
.0567
.0567
.0567
.0566
.0566
.0566
.0565
.0565
.0565
.0564
.0564
.0564
.0563
.0563
.0563
.0562
.0562
.0562
.0561
.0561
.0561
.056
.056
.056
.0559
.0559
.0559
.0558
.0558
.0558
.0557
.0557
.0557
.0556
.0556
.0555
.0555
.0555
.0554
.0554
.0554
.0553
.0553
.0553
.0552
.0552
.0552
.0551
.0551
.0551
.055
.055
.055
.0549
.0549
.0549
.0548
.0548
.0548
.0547
.0547
.0547
.0547
.0546
.0546
.0546
.0545
.0545
.0545
.0544
.0544
.0544
.0543
.0543
.0543
.0542
.0542
.0542
.0541
.0541
.0541
.054
.054
.054
.0539
.0539
.0539
.0538
.0538
.0538
.0537
.0537
.0537
.0536
.0536
.0536
.0536
.0535
.0535
.0535
.0534
.0534
.0534
.0533
.0533
.0533
.0532
.0532
.0532
.0531
.0531
.0531
.053
.053
.053
.053
.0529
.0529
.0529
.0528
.0528
.0528
.0527
.0527
.0527
.0526
.0526
.0526
.0525
.0525
.0525
.0525
.0524
.0524
.0524
.0523
.0523
.0523
.0522
.0522
.0522
.0521
.0521
.0521
.0521
.052
.052
.052
.0519
.0519
.0519
.0518
.0518
.0518
.0518
.0517
.0517
.0517
.0516
.0516
.0516
.0515
.0515
.0515
.0515
.0514
.0514
.0514
.0513
.0513
.0513
.0512
.0512
.0512
.0512
.0511
.0511
.0511
.051
.051
.051
.051
.0509
.0509
.0509
.0508
.0508
.0508
.0507
.0507
.0507
.0507
.0506
.0506
.0506
.0505
.0505
.0505
.0505
.0504
.0504
.0504
.0503
.0503
.0503
.0503
.0502
.0502
.0502
.0501
.0501
.0501
.0501
.05
.05
