.6569
.6528
.6486
.6444
.6401
.6358
.6315
.6272
.6229
.6185
.6142
.6098
.6055
.6012
.5969
.5927
.5885
.5843
.5803
.5763
.5724
.5685
.5648
.5612
.5577
.5543
.551
.5479
.5449
.542
.5393
.5367
.5343
.532
.5298
.5278
.5259
.5241
.5225
.521
.5196
.5183
.5171
.516
.5149
.514
.5132
.5124
.5117
.511
.5104
.5099
.5094
.509
.5086
.5082
.5079
.5076
.5073
.507
.5068
.5066
.5064
.5062
.5061
.5059
.5058
.5057
.5055
.5054
.5053
.5052
.5051
.5051
.505
.5049
.5048
.5048
.5047
.5046
.5045
.5045
.5044
.5044
.5043
.5042
.5042
.5041
.5041
.504
.5039
.5039
.5038
.5038
.5037
.5036
.5036
.5035
.5035
.5034
.5033
.5033
.5032
.5032
.5031
.503
.503
.5029
.5028
.5028
.5027
.5027
.5026
.5025
.5025
.5024
.5023
.5023
.5022
.5021
.502
.502
.5019
.5018
.5018
.5017
.5016
.5016
.5015
.5014
.5013
.5013
.5012
.5011
.501
.501
.5009
.5008
.5007
.5007
.5006
.5005
.5004
.5003
.5003
.5002
.5001
.5
.4999
.4999
.4998
.4997
.4996
.4995
.4994
.4994
.4993
.4992
.4991
.499
.4989
.4988
.4987
.4987
.4986
.4985
.4984
.4983
.4982
.4981
.498
.4979
.4978
.4977
.4976
.4975
.4974
.4973
.4973
.4972
.4971
.497
.4969
.4968
.4967
.4966
.4965
.4964
.4962
.4961
.496
.4959
.4958
.4957
.4956
.4955
.4954
.4953
.4952
.4951
.495
.4949
.4947
.4946
.4945
.4944
.4943
.4942
.4941
.4939
.4938
.4937
.4936
.4935
.4934
.4932
.4931
.493
.4929
.4928
.4926
.4925
.4924
.4923
.4921
.492
.4919
.4918
.4916
.4915
.4914
.4912
.4911
.491
.4908
.4907
.4906
.4904
.4903
.4902
.49
.4899
.4898
.4896
.4895
.4893
.4892
.4891
.4889
.4888
.4886
.4885
.4883
.4882
.488
.4879
.4877
.4876
.4874
.4873
.4871
.487
.4868
.4867
.4865
.4864
.4862
.4861
.4859
.4857
.4856
.4854
.4853
.4851
.4849
.4848
.4846
.4844
.4843
.4841
.4839
.4838
.4836
.4834
.4833
.4831
.4829
.4827
.4826
.4824
.4822
.482
.4819
.4817
.4815
.4813
.4812
.481
.4808
.4806
.4804
.4802
.4801
.4799
.4797
.4795
.4793
.4791
.4789
.4787
.4785
.4783
.4782
.478
.4778
.4776
.4774
.4772
.477
.4768
.4766
.4764
.4762
.476
.4758
.4756
.4754
.4751
.4749
.4747
.4745
.4743
.4741
.4739
.4737
.4735
.4733
.473
.4728
.4726
.4724
.4722
.472
.4717
.4715
.4713
.4711
.4708
.4706
.4704
.4702
.4699
.4697
.4695
.4693
.469
.4688
.4686
.4683
.4681
.4679
.4676
.4674
.4672
.4669
.4667
.4664
.4662
.466
.4657
.4655
.4652
.465
.4647
.4645
.4643
.464
.4638
.4635
.4633
.463
.4628
.4625
.4622
.462
.4617
.4615
.4612
.461
.4607
.4605
.4602
.4599
.4597
.4594
.4592
.4589
.4586
.4584
.4581
.4578
.4576
.4573
.457
.4568
.4565
.4562
.4559
.4557
.4554
.4551
.4548
.4546
.4543
.454
.4537
.4535
.4532
.4529
.4526
.4523
.4521
.4518
.4515
.4512
.4509
.4506
.4504
.4501
.4498
.4495
.4492
.4489
.4486
.4483
.448
.4477
.4475
.4472
.4469
.4466
.4463
.446
.4457
.4454
.4451
.4448
.4445
.4442
.4439
.4436
.4433
.443
.4427
.4424
.4421
.4418
.4415
.4412
.4408
.4405
.4402
.4399
.4396
.4393
.439
.4387
.4384
.4381
.4377
.4374
.4371
.4368
.4365
.4362
.4359
.4355
.4352
.4349
.4346
.4343
.434
.4336
.4333
.433
.4327
.4324
.432
.4317
.4314
.4311
.4307
.4304
.4301
.4298
.4294
.4291
.4288
.4285
.4281
.4278
.4275
.4271
.4268
.4265
.4262
.4258
.4255
.4252
.4248
.4245
.4242
.4238
.4235
.4232
.4228
.4225
.4222
.4218
.4215
.4212
.4208
.4205
.4201
.4198
.4195
.4191
.4188
.4184
.4181
.4178
.4174
.4171
.4167
.4164
.4161
.4157
.4154
.415
.4147
.4143
.414
.4137
.4133
.413
.4126
.4123
.4119
.4116
.4112
.4109
.4106
.4102
.4099
.4095
.4092
.4088
.4085
.4081
.4078
.4074
.4071
.4067
.4064
.406
.4057
.4053
.405
.4046
.4043
.4039
.4036
.4032
.4029
.4025
.4022
.4018
.4015
.4011
.4008
.4004
.4
.3997
.3993
.399
.3986
.3983
.3979
.3976
.3972
.3969
.3965
.3961
.3958
.3954
.3951
.3947
.3944
.394
.3937
.3933
.3929
.3926
.3922
.3919
.3915
.3912
.3908
.3904
.3901
.3897
.3894
.389
.3887
.3883
.3879
.3876
.3872
.3869
.3865
.3861
.3858
.3854
.3851
.3847
.3844
.384
.3836
.3833
.3829
.3826
.3822
.3818
.3815
.3811
.3808
.3804
.38
.3797
.3793
.379
.3786
.3782
.3779
.3775
.3772
.3768
.3764
.3761
.3757
.3754
.375
.3746
.3743
.3739
.3736
.3732
.3728
.3725
.3721
.3718
.3714
.371
.3707
.3703
.37
.3696
.3692
.3689
.3685
.3682
.3678
.3674
.3671
.3667
.3664
.366
.3656
.3653
.3649
.3646
.3642
.3638
.3635
.3631
.3628
.3624
.362
.3617
.3613
.361
.3606
.3602
.3599
.3595
.3592
.3588
.3585
.3581
.3577
.3574
.357
.3567
.3563
.3559
.3556
.3552
.3549
.3545
.3542
.3538
.3534
.3531
.3527
.3524
.352
.3517
.3513
.3509
.3506
.3502
.3499
.3495
.3492
.3488
.3484
.3481
.3477
.3474
.347
.3467
.3463
.346
.3456
.3453
.3449
.3445
.3442
.3438
.3435
.3431
.3428
.3424
.3421
.3417
.3414
.341
.3407
.3403
.34
.3396
.3393
.3389
.3386
.3382
.3378
.3375
.3371
.3368
.3364
.3361
.3357
.3354
.335
.3347
.3344
.334
.3337
.3333
.333
.3326
.3323
.3319
.3316
.3312
.3309
.3305
.3302
.3298
.3295
.3291
.3288
.3285
.3281
.3278
.3274
.3271
.3267
.3264
.326
.3257
.3254
.325
.3247
.3243
.324
.3236
.3233
.323
.3226
.3223
.3219
.3216
.3213
.3209
.3206
.3202
.3199
.3196
.3192
.3189
.3185
.3182
.3179
.3175
.3172
.3169
.3165
.3162
.3159
.3155
.3152
.3148
.3145
.3142
.3138
.3135
.3132
.3128
.3125
.3122
.3118
.3115
.3112
.3108
.3105
.3102
.3099
.3095
.3092
.3089
.3085
.3082
.3079
.3076
.3072
.3069
.3066
.3062
.3059
.3056
.3053
.3049
.3046
.3043
.304
.3036
.3033
.303
.3027
.3023
.302
.3017
.3014
.3011
.3007
.3004
.3001
.2998
.2994
.2991
.2988
.2985
.2982
.2978
.2975
.2972
.2969
.2966
.2963
.2959
.2956
.2953
.295
.2947
.2944
.294
.2937
.2934
.2931
.2928
.2925
.2922
.2919
.2915
.2912
.2909
.2906
.2903
.29
.2897
.2894
.2891
.2888
.2884
.2881
.2878
.2875
.2872
.2869
.2866
.2863
.286
.2857
.2854
.2851
.2848
.2845
.2842
.2839
.2836
.2833
.2829
.2826
.2823
.282
.2817
.2814
.2811
.2808
.2805
.2802
.2799
.2796
.2794
.2791
.2788
.2785
.2782
.2779
.2776
.2773
.277
.2767
.2764
.2761
.2758
.2755
.2752
.2749
.2746
.2743
.274
.2738
.2735
.2732
.2729
.2726
.2723
.272
.2717
.2714
.2712
.2709
.2706
.2703
.27
.2697
.2694
.2691
.2689
.2686
.2683
.268
.2677
.2674
.2672
.2669
.2666
.2663
.266
.2657
.2655
.2652
.2649
.2646
.2643
.2641
.2638
.2635
.2632
.263
.2627
.2624
.2621
.2618
.2616
.2613
.261
.2607
.2605
.2602
.2599
.2596
.2594
.2591
.2588
.2586
.2583
.258
.2577
.2575
.2572
.2569
.2567
.2564
.2561
.2559
.2556
.2553
.2551
.2548
.2545
.2543
.254
.2537
.2535
.2532
.2529
.2527
.2524
.2521
.2519
.2516
.2513
.2511
.2508
.2506
.2503
.25
.2498
.2495
.2493
.249
.2487
.2485
.2482
.248
.2477
.2474
.2472
.2469
.2467
.2464
.2462
.2459
.2457
.2454
.2451
.2449
.2446
.2444
.2441
.2439
.2436
.2434
.2431
.2429
.2426
.2424
.2421
.2419
.2416
.2414
.2411
.2409
.2406
.2404
.2401
.2399
.2396
.2394
.2391
.2389
.2386
.2384
.2382
.2379
.2377
.2374
.2372
.2369
.2367
.2365
.2362
.236
.2357
.2355
.2352
.235
.2348
.2345
.2343
.234
.2338
.2336
.2333
.2331
.2329
.2326
.2324
.2321
.2319
.2317
.2314
.2312
.231
.2307
.2305
.2303
.23
.2298
.2296
.2293
.2291
.2289
.2286
.2284
.2282
.2279
.2277
.2275
.2272
.227
.2268
.2266
.2263
.2261
.2259
.2256
.2254
.2252
.225
.2247
.2245
.2243
.2241
.2238
.2236
.2234
.2232
.2229
.2227
.2225
.2223
.222
.2218
.2216
.2214
.2212
.2209
.2207
.2205
.2203
.22
.2198
.2196
.2194
.2192
.219
.2187
.2185
.2183
.2181
.2179
.2176
.2174
.2172
.217
.2168
.2166
.2164
.2161
.2159
.2157
.2155
.2153
.2151
.2149
.2146
.2144
.2142
.214
.2138
.2136
.2134
.2132
.213
.2127
.2125
.2123
.2121
.2119
.2117
.2115
.2113
.2111
.2109
.2107
.2105
.2103
.21
.2098
.2096
.2094
.2092
.209
.2088
.2086
.2084
.2082
.208
.2078
.2076
.2074
.2072
.207
.2068
.2066
.2064
.2062
.206
.2058
.2056
.2054
.2052
.205
.2048
.2046
.2044
.2042
.204
.2038
.2036
.2034
.2032
.203
.2028
.2026
.2024
.2022
.202
.2018
.2016
.2015
.2013
.2011
.2009
.2007
.2005
.2003
.2001
.1999
.1997
.1995
.1993
.1991
.199
.1988
.1986
.1984
.1982
.198
.1978
.1976
.1974
.1973
.1971
.1969
.1967
.1965
.1963
.1961
.1959
.1958
.1956
.1954
.1952
.195
.1948
.1947
.1945
.1943
.1941
.1939
.1937
.1936
.1934
.1932
.193
.1928
.1926
.1925
.1923
.1921
.1919
.1917
.1916
.1914
.1912
.191
.1908
.1907
.1905
.1903
.1901
.1899
.1898
.1896
.1894
.1892
.1891
.1889
.1887
.1885
.1884
.1882
.188
.1878
.1877
.1875
.1873
.1871
.187
.1868
.1866
.1864
.1863
.1861
.1859
.1858
.1856
.1854
.1852
.1851
.1849
.1847
.1846
.1844
.1842
.1841
.1839
.1837
.1835
.1834
.1832
.183
.1829
.1827
.1825
.1824
.1822
.182
.1819
.1817
.1815
.1814
.1812
.181
.1809
.1807
.1806
.1804
.1802
.1801
.1799
.1797
.1796
.1794
.1792
.1791
.1789
.1788
.1786
.1784
.1783
.1781
.1779
.1778
.1776
.1775
.1773
.1771
.177
.1768
.1767
.1765
.1764
.1762
.176
.1759
.1757
.1756
.1754
.1752
.1751
.1749
.1748
.1746
.1745
.1743
.1742
.174
.1738
.1737
.1735
.1734
.1732
.1731
.1729
.1728
.1726
.1725
.1723
.1722
.172
.1718
.1717
.1715
.1714
.1712
.1711
.1709
.1708
.1706
.1705
.1703
.1702
.17
.1699
.1697
.1696
.1694
.1693
.1691
.169
.1688
.1687
.1685
.1684
.1683
.1681
.168
.1678
.1677
.1675
.1674
.1672
.1671
.1669
.1668
.1666
.1665
.1664
.1662
.1661
.1659
.1658
.1656
.1655
.1653
.1652
.1651
.1649
.1648
.1646
.1645
.1644
.1642
.1641
.1639
.1638
.1636
.1635
.1634
.1632
.1631
.1629
.1628
.1627
.1625
.1624
.1622
.1621
.162
.1618
.1617
.1616
.1614
.1613
.1611
.161
.1609
.1607
.1606
.1605
.1603
.1602
.16
.1599
.1598
.1596
.1595
.1594
.1592
.1591
.159
.1588
.1587
.1586
.1584
.1583
.1582
.158
.1579
.1578
.1576
.1575
.1574
.1572
.1571
.157
.1568
.1567
.1566
.1564
.1563
.1562
.156
.1559
.1558
.1557
.1555
.1554
.1553
.1551
.155
.1549
.1547
.1546
.1545
.1544
.1542
.1541
.154
.1539
.1537
.1536
.1535
.1533
.1532
.1531
.153
.1528
.1527
.1526
.1525
.1523
.1522
.1521
.152
.1518
.1517
.1516
.1515
.1513
.1512
.1511
.151
.1508
.1507
.1506
.1505
.1503
.1502
.1501
.15
.1499
.1497
.1496
.1495
.1494
.1492
.1491
.149
.1489
.1488
.1486
.1485
.1484
.1483
.1482
.148
.1479
.1478
.1477
.1476
.1474
.1473
.1472
.1471
.147
.1468
.1467
.1466
.1465
.1464
.1463
.1461
.146
.1459
.1458
.1457
.1456
.1454
.1453
.1452
.1451
.145
.1449
.1447
.1446
.1445
.1444
.1443
.1442
.1441
.1439
.1438
.1437
.1436
.1435
.1434
.1433
.1431
.143
.1429
.1428
.1427
.1426
.1425
.1424
.1422
.1421
.142
.1419
.1418
.1417
.1416
.1415
.1413
.1412
.1411
.141
.1409
.1408
.1407
.1406
.1405
.1404
.1402
.1401
.14
.1399
.1398
.1397
.1396
.1395
.1394
.1393
.1392
.139
.1389
.1388
.1387
.1386
.1385
.1384
.1383
.1382
.1381
.138
.1379
.1378
.1376
.1375
.1374
.1373
.1372
.1371
.137
.1369
.1368
.1367
.1366
.1365
.1364
.1363
.1362
.1361
.136
.1359
.1358
.1357
.1356
.1354
.1353
.1352
.1351
.135
.1349
.1348
.1347
.1346
.1345
.1344
.1343
.1342
.1341
.134
.1339
.1338
.1337
.1336
.1335
.1334
.1333
.1332
.1331
.133
.1329
.1328
.1327
.1326
.1325
.1324
.1323
.1322
.1321
.132
.1319
.1318
.1317
.1316
.1315
.1314
.1313
.1312
.1311
.131
.1309
.1308
.1307
.1306
.1305
.1304
.1303
.1302
.1301
.13
.1299
.1299
.1298
.1297
.1296
.1295
.1294
.1293
.1292
.1291
.129
.1289
.1288
.1287
.1286
.1285
.1284
.1283
.1282
.1281
.128
.1279
.1279
.1278
.1277
.1276
.1275
.1274
.1273
.1272
.1271
.127
.1269
.1268
.1267
.1266
.1265
.1265
.1264
.1263
.1262
.1261
.126
.1259
.1258
.1257
.1256
.1255
.1254
.1254
.1253
.1252
.1251
.125
.1249
.1248
.1247
.1246
.1245
.1245
.1244
.1243
.1242
.1241
.124
.1239
.1238
.1237
.1237
.1236
.1235
.1234
.1233
.1232
.1231
.123
.1229
.1229
.1228
.1227
.1226
.1225
.1224
.1223
.1222
.1222
.1221
.122
.1219
.1218
.1217
.1216
.1216
.1215
.1214
.1213
.1212
.1211
.121
.1209
.1209
.1208
.1207
.1206
.1205
.1204
.1204
.1203
.1202
.1201
.12
.1199
.1198
.1198
.1197
.1196
.1195
.1194
.1193
.1193
.1192
.1191
.119
.1189
.1188
.1188
.1187
.1186
.1185
.1184
.1183
.1183
.1182
.1181
.118
.1179
.1179
.1178
.1177
.1176
.1175
.1174
.1174
.1173
.1172
.1171
.117
.117
.1169
.1168
.1167
.1166
.1166
.1165
.1164
.1163
.1162
.1162
.1161
.116
.1159
.1158
.1158
.1157
.1156
.1155
.1154
.1154
.1153
.1152
.1151
.115
.115
.1149
.1148
.1147
.1147
.1146
.1145
.1144
.1143
.1143
.1142
.1141
.114
.114
.1139
.1138
.1137
.1136
.1136
.1135
.1134
.1133
.1133
.1132
.1131
.113
.113
.1129
.1128
.1127
.1127
.1126
.1125
.1124
.1124
.1123
.1122
.1121
.1121
.112
.1119
.1118
.1118
.1117
.1116
.1115
.1115
.1114
.1113
.1112
.1112
.1111
.111
.1109
.1109
.1108
.1107
.1106
.1106
.1105
.1104
.1104
.1103
.1102
.1101
.1101
.11
.1099
.1098
.1098
.1097
.1096
.1096
.1095
.1094
.1093
.1093
.1092
.1091
.109
.109
.1089
.1088
.1088
.1087
.1086
.1085
.1085
.1084
.1083
.1083
.1082
.1081
.1081
.108
.1079
.1078
.1078
.1077
.1076
.1076
.1075
.1074
.1074
.1073
.1072
.1071
.1071
.107
.1069
.1069
.1068
.1067
.1067
.1066
.1065
.1065
.1064
.1063
.1062
.1062
.1061
.106
.106
.1059
.1058
.1058
.1057
.1056
.1056
.1055
.1054
.1054
.1053
.1052
.1052
.1051
.105
.105
.1049
.1048
.1048
.1047
.1046
.1046
.1045
.1044
.1044
.1043
.1042
.1042
.1041
.104
.104
.1039
.1038
.1038
.1037
.1036
.1036
.1035
.1034
.1034
.1033
.1032
.1032
.1031
.103
.103
.1029
.1029
.1028
.1027
.1027
.1026
.1025
.1025
.1024
.1023
.1023
.1022
.1021
.1021
.102
.102
.1019
.1018
.1018
.1017
.1016
.1016
.1015
.1014
.1014
.1013
.1013
.1012
.1011
.1011
.101
.1009
.1009
.1008
.1008
.1007
.1006
.1006
.1005
.1004
.1004
.1003
.1003
.1002
.1001
.1001
.1
.0999
.0999
.0998
.0998
.0997
.0996
.0996
.0995
.0995
.0994
.0993
.0993
.0992
.0992
.0991
.099
.099
.0989
.0988
.0988
.0987
.0987
.0986
.0985
.0985
.0984
.0984
.0983
.0982
.0982
.0981
.0981
.098
.098
.0979
.0978
.0978
.0977
.0977
.0976
.0975
.0975
.0974
.0974
.0973
.0972
.0972
.0971
.0971
.097
.0969
.0969
.0968
.0968
.0967
.0967
.0966
.0965
.0965
.0964
.0964
.0963
.0963
.0962
.0961
.0961
.096
.096
.0959
.0959
.0958
.0957
.0957
.0956
.0956
.0955
.0955
.0954
.0953
.0953
.0952
.0952
.0951
.0951
.095
.0949
.0949
.0948
.0948
.0947
.0947
.0946
.0945
.0945
.0944
.0944
.0943
.0943
.0942
.0942
.0941
.094
.094
.0939
.0939
.0938
.0938
.0937
.0937
.0936
.0936
.0935
.0934
.0934
.0933
.0933
.0932
.0932
.0931
.0931
.093
.093
.0929
.0928
.0928
.0927
.0927
.0926
.0926
.0925
.0925
.0924
.0924
.0923
.0923
.0922
.0921
.0921
.092
.092
.0919
.0919
.0918
.0918
.0917
.0917
.0916
.0916
.0915
.0915
.0914
.0914
.0913
.0912
.0912
.0911
.0911
.091
.091
.0909
.0909
.0908
.0908
.0907
.0907
.0906
.0906
.0905
.0905
.0904
.0904
.0903
.0903
.0902
.0902
.0901
.0901
.09
.0899
.0899
.0898
.0898
.0897
.0897
.0896
.0896
.0895
.0895
.0894
.0894
.0893
.0893
.0892
.0892
.0891
.0891
.089
.089
.0889
.0889
.0888
.0888
.0887
.0887
.0886
.0886
.0885
.0885
.0884
.0884
.0883
.0883
.0882
.0882
.0881
.0881
.088
.088
.0879
.0879
.0878
.0878
.0877
.0877
.0876
.0876
.0875
.0875
.0875
.0874
.0874
.0873
.0873
.0872
.0872
.0871
.0871
.087
.087
.0869
.0869
.0868
.0868
.0867
.0867
.0866
.0866
.0865
.0865
.0864
.0864
.0863
.0863
.0862
.0862
.0862
.0861
.0861
.086
.086
.0859
.0859
.0858
.0858
.0857
.0857
.0856
.0856
.0855
.0855
.0854
.0854
.0854
.0853
.0853
.0852
.0852
.0851
.0851
.085
.085
.0849
.0849
.0848
.0848
.0848
.0847
.0847
.0846
.0846
.0845
.0845
.0844
.0844
.0843
.0843
.0842
.0842
.0842
.0841
.0841
.084
.084
.0839
.0839
.0838
.0838
.0837
.0837
.0837
.0836
.0836
.0835
.0835
.0834
.0834
.0833
.0833
.0833
.0832
.0832
.0831
.0831
.083
.083
.0829
.0829
.0829
.0828
.0828
.0827
.0827
.0826
.0826
.0825
.0825
.0825
.0824
.0824
.0823
.0823
.0822
.0822
.0821
.0821
.0821
.082
.082
.0819
.0819
.0818
.0818
.0818
.0817
.0817
.0816
.0816
.0815
.0815
.0815
.0814
.0814
.0813
.0813
.0812
.0812
.0812
.0811
.0811
.081
.081
.0809
.0809
.0809
.0808
.0808
.0807
.0807
.0806
.0806
.0806
.0805
.0805
.0804
.0804
.0804
.0803
.0803
.0802
.0802
.0801
.0801
.0801
.08
.08
.0799
.0799
.0799
.0798
.0798
.0797
.0797
.0796
.0796
.0796
.0795
.0795
.0794
.0794
.0794
.0793
.0793
.0792
.0792
.0792
.0791
.0791
.079
.079
.0789
.0789
.0789
.0788
.0788
.0787
.0787
.0787
.0786
.0786
.0785
.0785
.0785
.0784
.0784
.0783
.0783
.0783
.0782
.0782
.0781
.0781
.0781
.078
.078
.0779
.0779
.0779
.0778
.0778
.0777
.0777
.0777
.0776
.0776
.0775
.0775
.0775
.0774
.0774
.0774
.0773
.0773
.0772
.0772
.0772
.0771
.0771
.077
.077
.077
.0769
.0769
.0768
.0768
.0768
.0767
.0767
.0767
.0766
.0766
.0765
.0765
.0765
.0764
.0764
.0763
.0763
.0763
.0762
.0762
.0762
.0761
.0761
.076
.076
.076
.0759
.0759
.0759
.0758
.0758
.0757
.0757
.0757
.0756
.0756
.0755
.0755
.0755
.0754
.0754
.0754
.0753
.0753
.0752
.0752
.0752
.0751
.0751
.0751
.075
.075
.075
.0749
.0749
.0748
.0748
.0748
.0747
.0747
.0747
.0746
.0746
.0745
.0745
.0745
.0744
.0744
.0744
.0743
.0743
.0743
.0742
.0742
.0741
.0741
.0741
.074
.074
.074
.0739
.0739
.0739
.0738
.0738
.0737
.0737
.0737
.0736
.0736
.0736
.0735
.0735
.0735
.0734
.0734
.0734
.0733
.0733
.0732
.0732
.0732
.0731
.0731
.0731
.073
.073
.073
.0729
.0729
.0729
.0728
.0728
.0728
.0727
.0727
.0726
.0726
.0726
.0725
.0725
.0725
.0724
.0724
.0724
.0723
.0723
.0723
.0722
.0722
.0722
.0721
.0721
.0721
.072
.072
.072
.0719
.0719
.0718
.0718
.0718
.0717
.0717
.0717
.0716
.0716
.0716
.0715
.0715
.0715
.0714
.0714
.0714
.0713
.0713
.0713
.0712
.0712
.0712
.0711
.0711
.0711
.071
.071
.071
.0709
.0709
.0709
.0708
.0708
.0708
.0707
.0707
.0707
.0706
.0706
.0706
.0705
.0705
.0705
.0704
.0704
.0704
.0703
.0703
.0703
.0702
.0702
.0702
.0701
.0701
.0701
.07
.07
.07
.0699
.0699
.0699
.0698
.0698
.0698
.0697
.0697
.0697
.0696
.0696
.0696
.0695
.0695
.0695
.0694
.0694
.0694
.0694
.0693
.0693
.0693
.0692
.0692
.0692
.0691
.0691
.0691
.069
.069
.069
.0689
.0689
.0689
.0688
.0688
.0688
.0687
.0687
.0687
.0686
.0686
.0686
.0686
.0685
.0685
.0685
.0684
.0684
.0684
.0683
.0683
.0683
.0682
.0682
.0682
.0681
.0681
.0681
.0681
.068
.068
.068
.0679
.0679
.0679
.0678
.0678
.0678
.0677
.0677
.0677
.0676
.0676
.0676
.0676
.0675
.0675
.0675
.0674
.0674
.0674
.0673
.0673
.0673
.0673
.0672
.0672
.0672
.0671
.0671
.0671
.067
.067
.067
.0669
.0669
.0669
.0669
.0668
.0668
.0668
.0667
.0667
.0667
.0666
.0666
.0666
.0666
.0665
.0665
.0665
.0664
.0664
.0664
.0663
.0663
.0663
.0663
.0662
.0662
.0662
.0661
.0661
.0661
.066
.066
.066
.066
.0659
.0659
.0659
.0658
.0658
.0658
.0658
.0657
.0657
.0657
.0656
.0656
.0656
.0656
.0655
.0655
.0655
.0654
.0654
.0654
.0653
.0653
.0653
.0653
.0652
.0652
.0652
.0651
.0651
.0651
.0651
.065
.065
.065
.0649
.0649
.0649
.0649
.0648
.0648
.0648
.0647
.0647
.0647
.0647
.0646
.0646
.0646
.0645
.0645
.0645
.0645
.0644
.0644
.0644
.0643
.0643
.0643
.0643
.0642
.0642
.0642
.0642
.0641
.0641
.0641
.064
.064
.064
.064
.0639
.0639
.0639
.0638
.0638
.0638
.0638
.0637
.0637
.0637
.0636
.0636
.0636
.0636
.0635
.0635
.0635
.0635
.0634
.0634
.0634
.0633
.0633
.0633
.0633
.0632
.0632
.0632
.0632
.0631
.0631
.0631
.063
.063
.063
.063
.0629
.0629
.0629
.0629
.0628
.0628
.0628
.0627
.0627
.0627
.0627
.0626
.0626
.0626
.0626
.0625
.0625
.0625
.0625
.0624
.0624
.0624
.0623
.0623
.0623
.0623
.0622
.0622
.0622
.0622
.0621
.0621
.0621
.0621
.062
.062
.062
.062
.0619
.0619
.0619
.0618
.0618
.0618
.0618
.0617
.0617
.0617
.0617
.0616
.0616
.0616
.0616
.0615
.0615
.0615
.0615
.0614
.0614
.0614
.0614
.0613
.0613
.0613
.0612
.0612
.0612
.0612
.0611
.0611
.0611
.0611
.061
.061
.061
.061
.0609
.0609
.0609
.0609
.0608
.0608
.0608
.0608
.0607
.0607
.0607
.0607
.0606
.0606
.0606
.0606
.0605
.0605
.0605
.0605
.0604
.0604
.0604
.0604
.0603
.0603
.0603
.0603
.0602
.0602
.0602
.0602
.0601
.0601
.0601
.0601
.06
.06
.06
.06
.0599
.0599
.0599
.0599
.0598
.0598
.0598
.0598
.0597
.0597
.0597
.0597
.0596
.0596
.0596
.0596
.0595
.0595
.0595
.0595
.0594
.0594
.0594
.0594
.0593
.0593
.0593
.0593
.0592
.0592
.0592
.0592
.0591
.0591
.0591
.0591
.0591
.059
.059
.059
.059
.0589
.0589
.0589
.0589
.0588
.0588
.0588
.0588
.0587
.0587
.0587
.0587
.0586
.0586
.0586
.0586
.0585
.0585
.0585
.0585
.0585
.0584
.0584
.0584
.0584
.0583
.0583
.0583
.0583
.0582
.0582
.0582
.0582
.0581
.0581
.0581
.0581
.0581
.058
.058
.058
.058
.0579
.0579
.0579
.0579
.0578
.0578
.0578
.0578
.0578
.0577
.0577
.0577
.0577
.0576
.0576
.0576
.0576
.0575
.0575
.0575
.0575
.0575
.0574
.0574
.0574
.0574
.0573
.0573
.0573
.0573
.0572
.0572
.0572
.0572
.0572
.0571
.0571
.0571
.0571
.057
.057
.057
.057
.0569
.0569
.0569
.0569
.0569
.0568
.0568
.0568
.0568
.0567
.0567
.0567
.0567
.0567
.0566
.0566
.0566
.0566
.0565
.0565
.0565
.0565
.0565
.0564
.0564
.0564
.0564
.0563
.0563
.0563
.0563
.0563
.0562
.0562
.0562
.0562
.0561
.0561
.0561
.0561
.0561
.056
.056
.056
.056
.0559
.0559
.0559
.0559
.0559
.0558
.0558
.0558
.0558
.0558
.0557
.0557
.0557
.0557
.0556
.0556
.0556
.0556
.0556
.0555
.0555
.0555
.0555
.0554
.0554
.0554
.0554
.0554
.0553
.0553
.0553
.0553
.0553
.0552
.0552
.0552
.0552
.0551
.0551
.0551
.0551
.0551
.055
.055
.055
.055
.055
.0549
.0549
.0549
.0549
.0549
.0548
.0548
.0548
.0548
.0547
.0547
.0547
.0547
.0547
.0546
.0546
.0546
.0546
.0546
.0545
.0545
.0545
.0545
.0545
.0544
.0544
.0544
.0544
.0544
.0543
.0543
.0543
.0543
.0542
.0542
.0542
.0542
.0542
.0541
.0541
.0541
.0541
.0541
.054
.054
.054
.054
.054
.0539
.0539
.0539
.0539
.0539
.0538
.0538
.0538
.0538
.0538
.0537
.0537
.0537
.0537
.0537
.0536
.0536
.0536
.0536
.0536
.0535
.0535
.0535
.0535
.0535
.0534
.0534
.0534
.0534
.0533
.0533
.0533
.0533
.0533
.0532
.0532
.0532
.0532
.0532
.0531
.0531
.0531
.0531
.0531
.0531
.053
.053
.053
.053
.053
.0529
.0529
.0529
.0529
.0529
.0528
.0528
.0528
.0528
.0528
.0527
.0527
.0527
.0527
.0527
.0526
.0526
.0526
.0526
.0526
.0525
.0525
.0525
.0525
.0525
.0524
.0524
.0524
.0524
.0524
.0523
.0523
.0523
.0523
.0523
.0522
.0522
.0522
.0522
.0522
.0522
.0521
.0521
.0521
.0521
.0521
.052
.052
.052
.052
.052
.0519
.0519
.0519
.0519
.0519
.0518
.0518
.0518
.0518
.0518
.0517
.0517
.0517
.0517
.0517
.0517
.0516
.0516
.0516
.0516
.0516
.0515
.0515
.0515
.0515
.0515
.0514
.0514
.0514
.0514
.0514
.0514
.0513
.0513
.0513
.0513
.0513
.0512
.0512
.0512
.0512
.0512
.0511
.0511
.0511
.0511
.0511
.0511
.051
.051
.051
.051
.051
.0509
.0509
.0509
.0509
.0509
.0509
.0508
.0508
.0508
.0508
.0508
.0507
.0507
.0507
.0507
.0507
.0507
.0506
.0506
.0506
.0506
.0506
.0505
.0505
.0505
.0505
.0505
.0505
.0504
.0504
.0504
.0504
.0504
.0503
.0503
.0503
.0503
.0503
.0503
.0502
.0502
.0502
.0502
.0502
.0501
.0501
.0501
.0501
.0501
.0501
.05
.05
.05
.05
