.5487
.548
.5474
.5467
.5461
.5455
.5449
.5443
.5437
.5432
.5426
.5421
.5416
.5411
.5406
.5401
.5396
.5392
.5387
.5383
.5379
.5375
.5371
.5367
.5363
.536
.5356
.5353
.535
.5347
.5343
.534
.5337
.5335
.5332
.5329
.5327
.5324
.5322
.5319
.5317
.5315
.5312
.531
.5308
.5306
.5304
.5302
.53
.5298
.5296
.5294
.5293
.5291
.5289
.5288
.5286
.5284
.5283
.5281
.5279
.5278
.5276
.5275
.5273
.5272
.527
.5269
.5268
.5266
.5265
.5263
.5262
.5261
.5259
.5258
.5256
.5255
.5254
.5252
.5251
.525
.5248
.5247
.5246
.5244
.5243
.5241
.524
.5239
.5237
.5236
.5235
.5233
.5232
.523
.5229
.5228
.5226
.5225
.5223
.5222
.5221
.5219
.5218
.5216
.5215
.5214
.5212
.5211
.5209
.5208
.5206
.5205
.5203
.5202
.52
.5199
.5197
.5196
.5194
.5193
.5191
.519
.5188
.5187
.5185
.5183
.5182
.518
.5179
.5177
.5176
.5174
.5172
.5171
.5169
.5167
.5166
.5164
.5162
.5161
.5159
.5157
.5156
.5154
.5152
.5151
.5149
.5147
.5146
.5144
.5142
.514
.5139
.5137
.5135
.5133
.5132
.513
.5128
.5126
.5124
.5123
.5121
.5119
.5117
.5115
.5113
.5112
.511
.5108
.5106
.5104
.5102
.51
.5099
.5097
.5095
.5093
.5091
.5089
.5087
.5085
.5083
.5081
.5079
.5077
.5076
.5074
.5072
.507
.5068
.5066
.5064
.5062
.506
.5058
.5056
.5054
.5052
.505
.5048
.5046
.5044
.5042
.504
.5037
.5035
.5033
.5031
.5029
.5027
.5025
.5023
.5021
.5019
.5017
.5015
.5013
.5011
.5008
.5006
.5004
.5002
.5
.4998
.4996
.4994
.4991
.4989
.4987
.4985
.4983
.4981
.4979
.4976
.4974
.4972
.497
.4968
.4966
.4964
.4961
.4959
.4957
.4955
.4953
.495
.4948
.4946
.4944
.4942
.4939
.4937
.4935
.4933
.4931
.4928
.4926
.4924
.4922
.492
.4917
.4915
.4913
.4911
.4909
.4906
.4904
.4902
.49
.4897
.4895
.4893
.4891
.4888
.4886
.4884
.4882
.488
.4877
.4875
.4873
.4871
.4868
.4866
.4864
.4862
.4859
.4857
.4855
.4853
.485
.4848
.4846
.4844
.4841
.4839
.4837
.4835
.4832
.483
.4828
.4826
.4823
.4821
.4819
.4817
.4814
.4812
.481
.4808
.4806
.4803
.4801
.4799
.4797
.4794
.4792
.479
.4788
.4785
.4783
.4781
.4779
.4776
.4774
.4772
.477
.4767
.4765
.4763
.4761
.4758
.4756
.4754
.4752
.475
.4747
.4745
.4743
.4741
.4738
.4736
.4734
.4732
.473
.4727
.4725
.4723
.4721
.4718
.4716
.4714
.4712
.471
.4707
.4705
.4703
.4701
.4699
.4696
.4694
.4692
.469
.4688
.4685
.4683
.4681
.4679
.4677
.4674
.4672
.467
.4668
.4666
.4664
.4661
.4659
.4657
.4655
.4653
.465
.4648
.4646
.4644
.4642
.464
.4637
.4635
.4633
.4631
.4629
.4627
.4624
.4622
.462
.4618
.4616
.4614
.4611
.4609
.4607
.4605
.4603
.4601
.4599
.4596
.4594
.4592
.459
.4588
.4586
.4584
.4581
.4579
.4577
.4575
.4573
.4571
.4569
.4566
.4564
.4562
.456
.4558
.4556
.4554
.4552
.4549
.4547
.4545
.4543
.4541
.4539
.4537
.4535
.4532
.453
.4528
.4526
.4524
.4522
.452
.4518
.4515
.4513
.4511
.4509
.4507
.4505
.4503
.4501
.4498
.4496
.4494
.4492
.449
.4488
.4486
.4484
.4481
.4479
.4477
.4475
.4473
.4471
.4469
.4467
.4464
.4462
.446
.4458
.4456
.4454
.4452
.445
.4447
.4445
.4443
.4441
.4439
.4437
.4435
.4433
.443
.4428
.4426
.4424
.4422
.442
.4418
.4415
.4413
.4411
.4409
.4407
.4405
.4402
.44
.4398
.4396
.4394
.4392
.4389
.4387
.4385
.4383
.4381
.4379
.4376
.4374
.4372
.437
.4368
.4365
.4363
.4361
.4359
.4357
.4354
.4352
.435
.4348
.4346
.4343
.4341
.4339
.4337
.4334
.4332
.433
.4328
.4325
.4323
.4321
.4319
.4316
.4314
.4312
.431
.4307
.4305
.4303
.43
.4298
.4296
.4293
.4291
.4289
.4286
.4284
.4282
.4279
.4277
.4275
.4272
.427
.4268
.4265
.4263
.4261
.4258
.4256
.4253
.4251
.4249
.4246
.4244
.4241
.4239
.4237
.4234
.4232
.4229
.4227
.4224
.4222
.4219
.4217
.4214
.4212
.421
.4207
.4205
.4202
.4199
.4197
.4194
.4192
.4189
.4187
.4184
.4182
.4179
.4177
.4174
.4171
.4169
.4166
.4164
.4161
.4158
.4156
.4153
.415
.4148
.4145
.4143
.414
.4137
.4135
.4132
.4129
.4126
.4124
.4121
.4118
.4116
.4113
.411
.4107
.4105
.4102
.4099
.4096
.4094
.4091
.4088
.4085
.4082
.408
.4077
.4074
.4071
.4068
.4065
.4062
.406
.4057
.4054
.4051
.4048
.4045
.4042
.4039
.4036
.4034
.4031
.4028
.4025
.4022
.4019
.4016
.4013
.401
.4007
.4004
.4001
.3998
.3995
.3992
.3989
.3986
.3983
.398
.3977
.3974
.3971
.3968
.3965
.3962
.3959
.3955
.3952
.3949
.3946
.3943
.394
.3937
.3934
.3931
.3928
.3924
.3921
.3918
.3915
.3912
.3909
.3906
.3903
.3899
.3896
.3893
.389
.3887
.3884
.388
.3877
.3874
.3871
.3868
.3864
.3861
.3858
.3855
.3852
.3848
.3845
.3842
.3839
.3836
.3832
.3829
.3826
.3823
.3819
.3816
.3813
.381
.3806
.3803
.38
.3797
.3793
.379
.3787
.3784
.378
.3777
.3774
.3771
.3767
.3764
.3761
.3758
.3754
.3751
.3748
.3745
.3741
.3738
.3735
.3731
.3728
.3725
.3722
.3718
.3715
.3712
.3709
.3705
.3702
.3699
.3695
.3692
.3689
.3686
.3682
.3679
.3676
.3673
.3669
.3666
.3663
.3659
.3656
.3653
.365
.3646
.3643
.364
.3637
.3633
.363
.3627
.3624
.362
.3617
.3614
.361
.3607
.3604
.3601
.3597
.3594
.3591
.3588
.3584
.3581
.3578
.3575
.3571
.3568
.3565
.3562
.3558
.3555
.3552
.3549
.3545
.3542
.3539
.3536
.3532
.3529
.3526
.3523
.352
.3516
.3513
.351
.3507
.3503
.35
.3497
.3494
.3491
.3487
.3484
.3481
.3478
.3474
.3471
.3468
.3465
.3462
.3458
.3455
.3452
.3449
.3446
.3442
.3439
.3436
.3433
.343
.3426
.3423
.342
.3417
.3414
.3411
.3407
.3404
.3401
.3398
.3395
.3391
.3388
.3385
.3382
.3379
.3376
.3372
.3369
.3366
.3363
.336
.3357
.3354
.335
.3347
.3344
.3341
.3338
.3335
.3331
.3328
.3325
.3322
.3319
.3316
.3313
.331
.3306
.3303
.33
.3297
.3294
.3291
.3288
.3285
.3281
.3278
.3275
.3272
.3269
.3266
.3263
.326
.3257
.3253
.325
.3247
.3244
.3241
.3238
.3235
.3232
.3229
.3226
.3223
.3219
.3216
.3213
.321
.3207
.3204
.3201
.3198
.3195
.3192
.3189
.3186
.3183
.318
.3176
.3173
.317
.3167
.3164
.3161
.3158
.3155
.3152
.3149
.3146
.3143
.314
.3137
.3134
.3131
.3128
.3125
.3122
.3119
.3116
.3113
.311
.3107
.3104
.3101
.3098
.3095
.3092
.3088
.3085
.3082
.3079
.3076
.3073
.3071
.3068
.3065
.3062
.3059
.3056
.3053
.305
.3047
.3044
.3041
.3038
.3035
.3032
.3029
.3026
.3023
.302
.3017
.3014
.3011
.3008
.3005
.3002
.2999
.2996
.2993
.299
.2987
.2985
.2982
.2979
.2976
.2973
.297
.2967
.2964
.2961
.2958
.2955
.2952
.2949
.2947
.2944
.2941
.2938
.2935
.2932
.2929
.2926
.2923
.292
.2918
.2915
.2912
.2909
.2906
.2903
.29
.2897
.2895
.2892
.2889
.2886
.2883
.288
.2877
.2875
.2872
.2869
.2866
.2863
.286
.2858
.2855
.2852
.2849
.2846
.2843
.2841
.2838
.2835
.2832
.2829
.2826
.2824
.2821
.2818
.2815
.2812
.281
.2807
.2804
.2801
.2798
.2796
.2793
.279
.2787
.2785
.2782
.2779
.2776
.2773
.2771
.2768
.2765
.2762
.276
.2757
.2754
.2751
.2749
.2746
.2743
.274
.2738
.2735
.2732
.273
.2727
.2724
.2721
.2719
.2716
.2713
.271
.2708
.2705
.2702
.27
.2697
.2694
.2692
.2689
.2686
.2683
.2681
.2678
.2675
.2673
.267
.2667
.2665
.2662
.2659
.2657
.2654
.2651
.2649
.2646
.2643
.2641
.2638
.2635
.2633
.263
.2628
.2625
.2622
.262
.2617
.2614
.2612
.2609
.2606
.2604
.2601
.2599
.2596
.2593
.2591
.2588
.2586
.2583
.258
.2578
.2575
.2573
.257
.2567
.2565
.2562
.256
.2557
.2554
.2552
.2549
.2547
.2544
.2542
.2539
.2537
.2534
.2531
.2529
.2526
.2524
.2521
.2519
.2516
.2514
.2511
.2508
.2506
.2503
.2501
.2498
.2496
.2493
.2491
.2488
.2486
.2483
.2481
.2478
.2476
.2473
.2471
.2468
.2466
.2463
.2461
.2458
.2456
.2453
.2451
.2448
.2446
.2443
.2441
.2438
.2436
.2433
.2431
.2428
.2426
.2424
.2421
.2419
.2416
.2414
.2411
.2409
.2406
.2404
.2401
.2399
.2397
.2394
.2392
.2389
.2387
.2384
.2382
.238
.2377
.2375
.2372
.237
.2367
.2365
.2363
.236
.2358
.2355
.2353
.2351
.2348
.2346
.2343
.2341
.2339
.2336
.2334
.2331
.2329
.2327
.2324
.2322
.232
.2317
.2315
.2312
.231
.2308
.2305
.2303
.2301
.2298
.2296
.2294
.2291
.2289
.2286
.2284
.2282
.2279
.2277
.2275
.2272
.227
.2268
.2265
.2263
.2261
.2258
.2256
.2254
.2252
.2249
.2247
.2245
.2242
.224
.2238
.2235
.2233
.2231
.2228
.2226
.2224
.2222
.2219
.2217
.2215
.2212
.221
.2208
.2206
.2203
.2201
.2199
.2197
.2194
.2192
.219
.2187
.2185
.2183
.2181
.2178
.2176
.2174
.2172
.2169
.2167
.2165
.2163
.2161
.2158
.2156
.2154
.2152
.2149
.2147
.2145
.2143
.214
.2138
.2136
.2134
.2132
.2129
.2127
.2125
.2123
.2121
.2118
.2116
.2114
.2112
.211
.2107
.2105
.2103
.2101
.2099
.2096
.2094
.2092
.209
.2088
.2086
.2083
.2081
.2079
.2077
.2075
.2073
.207
.2068
.2066
.2064
.2062
.206
.2058
.2055
.2053
.2051
.2049
.2047
.2045
.2043
.2041
.2038
.2036
.2034
.2032
.203
.2028
.2026
.2024
.2021
.2019
.2017
.2015
.2013
.2011
.2009
.2007
.2005
.2003
.2
.1998
.1996
.1994
.1992
.199
.1988
.1986
.1984
.1982
.198
.1978
.1976
.1973
.1971
.1969
.1967
.1965
.1963
.1961
.1959
.1957
.1955
.1953
.1951
.1949
.1947
.1945
.1943
.1941
.1939
.1937
.1935
.1933
.1931
.1929
.1927
.1925
.1922
.192
.1918
.1916
.1914
.1912
.191
.1908
.1906
.1904
.1902
.19
.1898
.1896
.1895
.1893
.1891
.1889
.1887
.1885
.1883
.1881
.1879
.1877
.1875
.1873
.1871
.1869
.1867
.1865
.1863
.1861
.1859
.1857
.1855
.1853
.1851
.1849
.1847
.1846
.1844
.1842
.184
.1838
.1836
.1834
.1832
.183
.1828
.1826
.1824
.1822
.1821
.1819
.1817
.1815
.1813
.1811
.1809
.1807
.1805
.1804
.1802
.18
.1798
.1796
.1794
.1792
.179
.1788
.1787
.1785
.1783
.1781
.1779
.1777
.1775
.1774
.1772
.177
.1768
.1766
.1764
.1763
.1761
.1759
.1757
.1755
.1753
.1752
.175
.1748
.1746
.1744
.1742
.1741
.1739
.1737
.1735
.1733
.1732
.173
.1728
.1726
.1724
.1723
.1721
.1719
.1717
.1715
.1714
.1712
.171
.1708
.1707
.1705
.1703
.1701
.1699
.1698
.1696
.1694
.1692
.1691
.1689
.1687
.1685
.1684
.1682
.168
.1678
.1677
.1675
.1673
.1671
.167
.1668
.1666
.1665
.1663
.1661
.1659
.1658
.1656
.1654
.1653
.1651
.1649
.1647
.1646
.1644
.1642
.1641
.1639
.1637
.1636
.1634
.1632
.1631
.1629
.1627
.1626
.1624
.1622
.1621
.1619
.1617
.1616
.1614
.1612
.1611
.1609
.1607
.1606
.1604
.1602
.1601
.1599
.1597
.1596
.1594
.1593
.1591
.1589
.1588
.1586
.1585
.1583
.1581
.158
.1578
.1576
.1575
.1573
.1572
.157
.1568
.1567
.1565
.1564
.1562
.1561
.1559
.1557
.1556
.1554
.1553
.1551
.155
.1548
.1546
.1545
.1543
.1542
.154
.1539
.1537
.1536
.1534
.1532
.1531
.1529
.1528
.1526
.1525
.1523
.1522
.152
.1519
.1517
.1516
.1514
.1513
.1511
.151
.1508
.1507
.1505
.1504
.1502
.1501
.1499
.1498
.1496
.1495
.1493
.1492
.149
.1489
.1487
.1486
.1484
.1483
.1481
.148
.1478
.1477
.1475
.1474
.1473
.1471
.147
.1468
.1467
.1465
.1464
.1462
.1461
.146
.1458
.1457
.1455
.1454
.1452
.1451
.145
.1448
.1447
.1445
.1444
.1443
.1441
.144
.1438
.1437
.1436
.1434
.1433
.1431
.143
.1429
.1427
.1426
.1424
.1423
.1422
.142
.1419
.1418
.1416
.1415
.1413
.1412
.1411
.1409
.1408
.1407
.1405
.1404
.1403
.1401
.14
.1399
.1397
.1396
.1395
.1393
.1392
.1391
.1389
.1388
.1387
.1385
.1384
.1383
.1381
.138
.1379
.1377
.1376
.1375
.1374
.1372
.1371
.137
.1368
.1367
.1366
.1365
.1363
.1362
.1361
.1359
.1358
.1357
.1356
.1354
.1353
.1352
.1351
.1349
.1348
.1347
.1346
.1344
.1343
.1342
.1341
.1339
.1338
.1337
.1336
.1334
.1333
.1332
.1331
.1329
.1328
.1327
.1326
.1325
.1323
.1322
.1321
.132
.1319
.1317
.1316
.1315
.1314
.1313
.1311
.131
.1309
.1308
.1307
.1305
.1304
.1303
.1302
.1301
.1299
.1298
.1297
.1296
.1295
.1294
.1292
.1291
.129
.1289
.1288
.1287
.1286
.1284
.1283
.1282
.1281
.128
.1279
.1278
.1276
.1275
.1274
.1273
.1272
.1271
.127
.1268
.1267
.1266
.1265
.1264
.1263
.1262
.1261
.126
.1258
.1257
.1256
.1255
.1254
.1253
.1252
.1251
.125
.1249
.1247
.1246
.1245
.1244
.1243
.1242
.1241
.124
.1239
.1238
.1237
.1236
.1235
.1234
.1232
.1231
.123
.1229
.1228
.1227
.1226
.1225
.1224
.1223
.1222
.1221
.122
.1219
.1218
.1217
.1216
.1215
.1214
.1213
.1212
.1211
.121
.1209
.1208
.1207
.1205
.1204
.1203
.1202
.1201
.12
.1199
.1198
.1197
.1196
.1195
.1194
.1193
.1192
.1191
.119
.1189
.1189
.1188
.1187
.1186
.1185
.1184
.1183
.1182
.1181
.118
.1179
.1178
.1177
.1176
.1175
.1174
.1173
.1172
.1171
.117
.1169
.1168
.1167
.1166
.1165
.1164
.1163
.1163
.1162
.1161
.116
.1159
.1158
.1157
.1156
.1155
.1154
.1153
.1152
.1151
.115
.115
.1149
.1148
.1147
.1146
.1145
.1144
.1143
.1142
.1141
.114
.114
.1139
.1138
.1137
.1136
.1135
.1134
.1133
.1132
.1131
.1131
.113
.1129
.1128
.1127
.1126
.1125
.1124
.1124
.1123
.1122
.1121
.112
.1119
.1118
.1117
.1117
.1116
.1115
.1114
.1113
.1112
.1111
.1111
.111
.1109
.1108
.1107
.1106
.1106
.1105
.1104
.1103
.1102
.1101
.1101
.11
.1099
.1098
.1097
.1096
.1096
.1095
.1094
.1093
.1092
.1091
.1091
.109
.1089
.1088
.1087
.1087
.1086
.1085
.1084
.1083
.1083
.1082
.1081
.108
.1079
.1079
.1078
.1077
.1076
.1075
.1075
.1074
.1073
.1072
.1071
.1071
.107
.1069
.1068
.1068
.1067
.1066
.1065
.1064
.1064
.1063
.1062
.1061
.1061
.106
.1059
.1058
.1058
.1057
.1056
.1055
.1054
.1054
.1053
.1052
.1051
.1051
.105
.1049
.1048
.1048
.1047
.1046
.1046
.1045
.1044
.1043
.1043
.1042
.1041
.104
.104
.1039
.1038
.1037
.1037
.1036
.1035
.1035
.1034
.1033
.1032
.1032
.1031
.103
.103
.1029
.1028
.1027
.1027
.1026
.1025
.1025
.1024
.1023
.1022
.1022
.1021
.102
.102
.1019
.1018
.1018
.1017
.1016
.1015
.1015
.1014
.1013
.1013
.1012
.1011
.1011
.101
.1009
.1009
.1008
.1007
.1007
.1006
.1005
.1005
.1004
.1003
.1003
.1002
.1001
.1001
.1
.0999
.0999
.0998
.0997
.0997
.0996
.0995
.0995
.0994
.0993
.0993
.0992
.0991
.0991
.099
.0989
.0989
.0988
.0987
.0987
.0986
.0985
.0985
.0984
.0984
.0983
.0982
.0982
.0981
.098
.098
.0979
.0978
.0978
.0977
.0977
.0976
.0975
.0975
.0974
.0973
.0973
.0972
.0972
.0971
.097
.097
.0969
.0968
.0968
.0967
.0967
.0966
.0965
.0965
.0964
.0964
.0963
.0962
.0962
.0961
.0961
.096
.0959
.0959
.0958
.0958
.0957
.0956
.0956
.0955
.0955
.0954
.0953
.0953
.0952
.0952
.0951
.095
.095
.0949
.0949
.0948
.0947
.0947
.0946
.0946
.0945
.0945
.0944
.0943
.0943
.0942
.0942
.0941
.0941
.094
.0939
.0939
.0938
.0938
.0937
.0937
.0936
.0935
.0935
.0934
.0934
.0933
.0933
.0932
.0931
.0931
.093
.093
.0929
.0929
.0928
.0928
.0927
.0926
.0926
.0925
.0925
.0924
.0924
.0923
.0923
.0922
.0922
.0921
.092
.092
.0919
.0919
.0918
.0918
.0917
.0917
.0916
.0916
.0915
.0915
.0914
.0913
.0913
.0912
.0912
.0911
.0911
.091
.091
.0909
.0909
.0908
.0908
.0907
.0907
.0906
.0906
.0905
.0905
.0904
.0903
.0903
.0902
.0902
.0901
.0901
.09
.09
.0899
.0899
.0898
.0898
.0897
.0897
.0896
.0896
.0895
.0895
.0894
.0894
.0893
.0893
.0892
.0892
.0891
.0891
.089
.089
.0889
.0889
.0888
.0888
.0887
.0887
.0886
.0886
.0885
.0885
.0884
.0884
.0883
.0883
.0882
.0882
.0881
.0881
.088
.088
.0879
.0879
.0878
.0878
.0878
.0877
.0877
.0876
.0876
.0875
.0875
.0874
.0874
.0873
.0873
.0872
.0872
.0871
.0871
.087
.087
.0869
.0869
.0868
.0868
.0868
.0867
.0867
.0866
.0866
.0865
.0865
.0864
.0864
.0863
.0863
.0862
.0862
.0862
.0861
.0861
.086
.086
.0859
.0859
.0858
.0858
.0857
.0857
.0857
.0856
.0856
.0855
.0855
.0854
.0854
.0853
.0853
.0852
.0852
.0852
.0851
.0851
.085
.085
.0849
.0849
.0848
.0848
.0848
.0847
.0847
.0846
.0846
.0845
.0845
.0844
.0844
.0844
.0843
.0843
.0842
.0842
.0841
.0841
.0841
.084
.084
.0839
.0839
.0838
.0838
.0838
.0837
.0837
.0836
.0836
.0835
.0835
.0835
.0834
.0834
.0833
.0833
.0832
.0832
.0832
.0831
.0831
.083
.083
.083
.0829
.0829
.0828
.0828
.0827
.0827
.0827
.0826
.0826
.0825
.0825
.0825
.0824
.0824
.0823
.0823
.0823
.0822
.0822
.0821
.0821
.082
.082
.082
.0819
.0819
.0818
.0818
.0818
.0817
.0817
.0816
.0816
.0816
.0815
.0815
.0814
.0814
.0814
.0813
.0813
.0812
.0812
.0812
.0811
.0811
.081
.081
.081
.0809
.0809
.0809
.0808
.0808
.0807
.0807
.0807
.0806
.0806
.0805
.0805
.0805
.0804
.0804
.0803
.0803
.0803
.0802
.0802
.0802
.0801
.0801
.08
.08
.08
.0799
.0799
.0799
.0798
.0798
.0797
.0797
.0797
.0796
.0796
.0795
.0795
.0795
.0794
.0794
.0794
.0793
.0793
.0793
.0792
.0792
.0791
.0791
.0791
.079
.079
.079
.0789
.0789
.0788
.0788
.0788
.0787
.0787
.0787
.0786
.0786
.0786
.0785
.0785
.0784
.0784
.0784
.0783
.0783
.0783
.0782
.0782
.0782
.0781
.0781
.078
.078
.078
.0779
.0779
.0779
.0778
.0778
.0778
.0777
.0777
.0777
.0776
.0776
.0775
.0775
.0775
.0774
.0774
.0774
.0773
.0773
.0773
.0772
.0772
.0772
.0771
.0771
.0771
.077
.077
.077
.0769
.0769
.0769
.0768
.0768
.0767
.0767
.0767
.0766
.0766
.0766
.0765
.0765
.0765
.0764
.0764
.0764
.0763
.0763
.0763
.0762
.0762
.0762
.0761
.0761
.0761
.076
.076
.076
.0759
.0759
.0759
.0758
.0758
.0758
.0757
.0757
.0757
.0756
.0756
.0756
.0755
.0755
.0755
.0754
.0754
.0754
.0753
.0753
.0753
.0752
.0752
.0752
.0751
.0751
.0751
.075
.075
.075
.075
.0749
.0749
.0749
.0748
.0748
.0748
.0747
.0747
.0747
.0746
.0746
.0746
.0745
.0745
.0745
.0744
.0744
.0744
.0743
.0743
.0743
.0742
.0742
.0742
.0742
.0741
.0741
.0741
.074
.074
.074
.0739
.0739
.0739
.0738
.0738
.0738
.0737
.0737
.0737
.0737
.0736
.0736
.0736
.0735
.0735
.0735
.0734
.0734
.0734
.0733
.0733
.0733
.0733
.0732
.0732
.0732
.0731
.0731
.0731
.073
.073
.073
.0729
.0729
.0729
.0729
.0728
.0728
.0728
.0727
.0727
.0727
.0726
.0726
.0726
.0726
.0725
.0725
.0725
.0724
.0724
.0724
.0723
.0723
.0723
.0723
.0722
.0722
.0722
.0721
.0721
.0721
.0721
.072
.072
.072
.0719
.0719
.0719
.0718
.0718
.0718
.0718
.0717
.0717
.0717
.0716
.0716
.0716
.0716
.0715
.0715
.0715
.0714
.0714
.0714
.0714
.0713
.0713
.0713
.0712
.0712
.0712
.0712
.0711
.0711
.0711
.071
.071
.071
.071
.0709
.0709
.0709
.0708
.0708
.0708
.0708
.0707
.0707
.0707
.0706
.0706
.0706
.0706
.0705
.0705
.0705
.0705
.0704
.0704
.0704
.0703
.0703
.0703
.0703
.0702
.0702
.0702
.0702
.0701
.0701
.0701
.07
.07
.07
.07
.0699
.0699
.0699
.0698
.0698
.0698
.0698
.0697
.0697
.0697
.0697
.0696
.0696
.0696
.0696
.0695
.0695
.0695
.0694
.0694
.0694
.0694
.0693
.0693
.0693
.0693
.0692
.0692
.0692
.0692
.0691
.0691
.0691
.069
.069
.069
.069
.0689
.0689
.0689
.0689
.0688
.0688
.0688
.0688
.0687
.0687
.0687
.0687
.0686
.0686
.0686
.0685
.0685
.0685
.0685
.0684
.0684
.0684
.0684
.0683
.0683
.0683
.0683
.0682
.0682
.0682
.0682
.0681
.0681
.0681
.0681
.068
.068
.068
.068
.0679
.0679
.0679
.0679
.0678
.0678
.0678
.0678
.0677
.0677
.0677
.0676
.0676
.0676
.0676
.0675
.0675
.0675
.0675
.0674
.0674
.0674
.0674
.0673
.0673
.0673
.0673
.0672
.0672
.0672
.0672
.0672
.0671
.0671
.0671
.0671
.067
.067
.067
.067
.0669
.0669
.0669
.0669
.0668
.0668
.0668
.0668
.0667
.0667
.0667
.0667
.0666
.0666
.0666
.0666
.0665
.0665
.0665
.0665
.0664
.0664
.0664
.0664
.0663
.0663
.0663
.0663
.0662
.0662
.0662
.0662
.0662
.0661
.0661
.0661
.0661
.066
.066
.066
.066
.0659
.0659
.0659
.0659
.0658
.0658
.0658
.0658
.0657
.0657
.0657
.0657
.0657
.0656
.0656
.0656
.0656
.0655
.0655
.0655
.0655
.0654
.0654
.0654
.0654
.0654
.0653
.0653
.0653
.0653
.0652
.0652
.0652
.0652
.0651
.0651
.0651
.0651
.0651
.065
.065
.065
.065
.0649
.0649
.0649
.0649
.0648
.0648
.0648
.0648
.0648
.0647
.0647
.0647
.0647
.0646
.0646
.0646
.0646
.0646
.0645
.0645
.0645
.0645
.0644
.0644
.0644
.0644
.0643
.0643
.0643
.0643
.0643
.0642
.0642
.0642
.0642
.0641
.0641
.0641
.0641
.0641
.064
.064
.064
.064
.0639
.0639
.0639
.0639
.0639
.0638
.0638
.0638
.0638
.0638
.0637
.0637
.0637
.0637
.0636
.0636
.0636
.0636
.0636
.0635
.0635
.0635
.0635
.0634
.0634
.0634
.0634
.0634
.0633
.0633
.0633
.0633
.0633
.0632
.0632
.0632
.0632
.0631
.0631
.0631
.0631
.0631
.063
.063
.063
.063
.063
.0629
.0629
.0629
.0629
.0628
.0628
.0628
.0628
.0628
.0627
.0627
.0627
.0627
.0627
.0626
.0626
.0626
.0626
.0625
.0625
.0625
.0625
.0625
.0624
.0624
.0624
.0624
.0624
.0623
.0623
.0623
.0623
.0623
.0622
.0622
.0622
.0622
.0622
.0621
.0621
.0621
.0621
.0621
.062
.062
.062
.062
.0619
.0619
.0619
.0619
.0619
.0618
.0618
.0618
.0618
.0618
.0617
.0617
.0617
.0617
.0617
.0616
.0616
.0616
.0616
.0616
.0615
.0615
.0615
.0615
.0615
.0614
.0614
.0614
.0614
.0614
.0613
.0613
.0613
.0613
.0613
.0612
.0612
.0612
.0612
.0612
.0611
.0611
.0611
.0611
.0611
.061
.061
.061
.061
.061
.0609
.0609
.0609
.0609
.0609
.0608
.0608
.0608
.0608
.0608
.0607
.0607
.0607
.0607
.0607
.0606
.0606
.0606
.0606
.0606
.0605
.0605
.0605
.0605
.0605
.0605
.0604
.0604
.0604
.0604
.0604
.0603
.0603
.0603
.0603
.0603
.0602
.0602
.0602
.0602
.0602
.0601
.0601
.0601
.0601
.0601
.06
.06
.06
.06
.06
.06
.0599
.0599
.0599
.0599
.0599
.0598
.0598
.0598
.0598
.0598
.0597
.0597
.0597
.0597
.0597
.0596
.0596
.0596
.0596
.0596
.0596
.0595
.0595
.0595
.0595
.0595
.0594
.0594
.0594
.0594
.0594
.0593
.0593
.0593
.0593
.0593
.0593
.0592
.0592
.0592
.0592
.0592
.0591
.0591
.0591
.0591
.0591
.0591
.059
.059
.059
.059
.059
.0589
.0589
.0589
.0589
.0589
.0589
.0588
.0588
.0588
.0588
.0588
.0587
.0587
.0587
.0587
.0587
.0587
.0586
.0586
.0586
.0586
.0586
.0585
.0585
.0585
.0585
.0585
.0585
.0584
.0584
.0584
.0584
.0584
.0583
.0583
.0583
.0583
.0583
.0583
.0582
.0582
.0582
.0582
.0582
.0581
.0581
.0581
.0581
.0581
.0581
.058
.058
.058
.058
.058
.058
.0579
.0579
.0579
.0579
.0579
.0578
.0578
.0578
.0578
.0578
.0578
.0577
.0577
.0577
.0577
.0577
.0577
.0576
.0576
.0576
.0576
.0576
.0576
.0575
.0575
.0575
.0575
.0575
.0574
.0574
.0574
.0574
.0574
.0574
.0573
.0573
.0573
.0573
.0573
.0573
.0572
.0572
.0572
.0572
.0572
.0572
.0571
.0571
.0571
.0571
.0571
.0571
.057
.057
.057
.057
.057
.0569
.0569
.0569
.0569
.0569
.0569
.0568
.0568
.0568
.0568
.0568
.0568
.0567
.0567
.0567
.0567
.0567
.0567
.0566
.0566
.0566
.0566
.0566
.0566
.0565
.0565
.0565
.0565
.0565
.0565
.0564
.0564
.0564
.0564
.0564
.0564
.0563
.0563
.0563
.0563
.0563
.0563
.0562
.0562
.0562
.0562
.0562
.0562
.0561
.0561
.0561
.0561
.0561
.0561
.056
.056
.056
.056
.056
.056
.0559
.0559
.0559
.0559
.0559
.0559
.0559
.0558
.0558
.0558
.0558
.0558
.0558
.0557
.0557
.0557
.0557
.0557
.0557
.0556
.0556
.0556
.0556
.0556
.0556
.0555
.0555
.0555
.0555
.0555
.0555
.0554
.0554
.0554
.0554
.0554
.0554
.0554
.0553
.0553
.0553
.0553
.0553
.0553
.0552
.0552
.0552
.0552
.0552
.0552
.0551
.0551
.0551
.0551
.0551
.0551
.0551
.055
.055
.055
.055
.055
.055
.0549
.0549
.0549
.0549
.0549
.0549
.0548
.0548
.0548
.0548
.0548
.0548
.0548
.0547
.0547
.0547
.0547
.0547
.0547
.0546
.0546
.0546
.0546
.0546
.0546
.0546
.0545
.0545
.0545
.0545
.0545
.0545
.0544
.0544
.0544
.0544
.0544
.0544
.0544
.0543
.0543
.0543
.0543
.0543
.0543
.0542
.0542
.0542
.0542
.0542
.0542
.0542
.0541
.0541
.0541
.0541
.0541
.0541
.054
.054
.054
.054
.054
.054
.054
.0539
.0539
.0539
.0539
.0539
.0539
.0538
.0538
.0538
.0538
.0538
.0538
.0538
.0537
.0537
.0537
.0537
.0537
.0537
.0537
.0536
.0536
.0536
.0536
.0536
.0536
.0535
.0535
.0535
.0535
.0535
.0535
.0535
.0534
.0534
.0534
.0534
.0534
.0534
.0534
.0533
.0533
.0533
.0533
.0533
.0533
.0533
.0532
.0532
.0532
.0532
.0532
.0532
.0532
.0531
.0531
.0531
.0531
.0531
.0531
.053
.053
.053
.053
.053
.053
.053
.0529
.0529
.0529
.0529
.0529
.0529
.0529
.0528
.0528
.0528
.0528
.0528
.0528
.0528
.0527
.0527
.0527
.0527
.0527
.0527
.0527
.0526
.0526
.0526
.0526
.0526
.0526
.0526
.0525
.0525
.0525
.0525
.0525
.0525
.0525
.0524
.0524
.0524
.0524
.0524
.0524
.0524
.0523
.0523
.0523
.0523
.0523
.0523
.0523
.0522
.0522
.0522
.0522
.0522
.0522
.0522
.0521
.0521
.0521
.0521
.0521
.0521
.0521
.0521
.052
.052
.052
.052
.052
.052
.052
.0519
.0519
.0519
.0519
.0519
.0519
.0519
.0518
.0518
.0518
.0518
.0518
.0518
.0518
.0517
.0517
.0517
.0517
.0517
.0517
.0517
.0516
.0516
.0516
.0516
.0516
.0516
.0516
.0516
.0515
.0515
.0515
.0515
.0515
.0515
.0515
.0514
.0514
.0514
.0514
.0514
.0514
.0514
.0513
.0513
.0513
.0513
.0513
.0513
.0513
.0513
.0512
.0512
.0512
.0512
.0512
.0512
.0512
.0511
.0511
.0511
.0511
.0511
.0511
.0511
.051
.051
.051
.051
.051
.051
.051
.051
.0509
.0509
.0509
.0509
.0509
.0509
.0509
.0508
.0508
.0508
.0508
.0508
.0508
.0508
.0508
.0507
.0507
.0507
.0507
.0507
.0507
.0507
.0506
.0506
.0506
.0506
.0506
.0506
.0506
.0506
.0505
.0505
.0505
.0505
.0505
.0505
.0505
.0505
.0504
.0504
.0504
.0504
.0504
.0504
.0504
.0503
.0503
.0503
.0503
.0503
.0503
.0503
.0503
.0502
.0502
.0502
.0502
.0502
.0502
.0502
.0502
.0501
.0501
.0501
.0501
.0501
.0501
.0501
.05
.05
.05
.05
.05
