.6453
.6427
.6401
.6375
.6348
.6322
.6295
.6268
.6241
.6214
.6187
.616
.6133
.6106
.6079
.6052
.6025
.5998
.5971
.5945
.5918
.5892
.5866
.5841
.5815
.579
.5765
.5741
.5717
.5694
.5671
.5648
.5626
.5605
.5584
.5564
.5544
.5525
.5507
.5489
.5472
.5456
.544
.5425
.5411
.5397
.5384
.5372
.536
.5349
.5339
.5329
.5319
.531
.5302
.5294
.5287
.528
.5274
.5268
.5262
.5257
.5252
.5247
.5243
.5239
.5236
.5232
.5229
.5226
.5224
.5221
.5219
.5217
.5215
.5213
.5211
.5209
.5208
.5206
.5205
.5204
.5203
.5202
.5201
.52
.5199
.5198
.5198
.5197
.5196
.5196
.5195
.5195
.5194
.5194
.5193
.5193
.5192
.5192
.5191
.5191
.5191
.519
.519
.519
.5189
.5189
.5189
.5188
.5188
.5188
.5188
.5187
.5187
.5187
.5187
.5186
.5186
.5186
.5185
.5185
.5185
.5185
.5184
.5184
.5184
.5184
.5183
.5183
.5183
.5183
.5182
.5182
.5182
.5182
.5182
.5181
.5181
.5181
.5181
.518
.518
.518
.518
.5179
.5179
.5179
.5179
.5178
.5178
.5178
.5178
.5177
.5177
.5177
.5177
.5176
.5176
.5176
.5176
.5175
.5175
.5175
.5175
.5174
.5174
.5174
.5174
.5173
.5173
.5173
.5173
.5172
.5172
.5172
.5172
.5171
.5171
.5171
.5171
.517
.517
.517
.517
.5169
.5169
.5169
.5169
.5168
.5168
.5168
.5167
.5167
.5167
.5167
.5166
.5166
.5166
.5166
.5165
.5165
.5165
.5165
.5164
.5164
.5164
.5164
.5163
.5163
.5163
.5162
.5162
.5162
.5162
.5161
.5161
.5161
.5161
.516
.516
.516
.5159
.5159
.5159
.5159
.5158
.5158
.5158
.5158
.5157
.5157
.5157
.5156
.5156
.5156
.5156
.5155
.5155
.5155
.5154
.5154
.5154
.5154
.5153
.5153
.5153
.5152
.5152
.5152
.5152
.5151
.5151
.5151
.515
.515
.515
.5149
.5149
.5149
.5149
.5148
.5148
.5148
.5147
.5147
.5147
.5146
.5146
.5146
.5146
.5145
.5145
.5145
.5144
.5144
.5144
.5143
.5143
.5143
.5142
.5142
.5142
.5141
.5141
.5141
.514
.514
.514
.5139
.5139
.5139
.5138
.5138
.5138
.5137
.5137
.5137
.5136
.5136
.5136
.5135
.5135
.5135
.5134
.5134
.5134
.5133
.5133
.5133
.5132
.5132
.5132
.5131
.5131
.513
.513
.513
.5129
.5129
.5129
.5128
.5128
.5128
.5127
.5127
.5126
.5126
.5126
.5125
.5125
.5125
.5124
.5124
.5123
.5123
.5123
.5122
.5122
.5121
.5121
.5121
.512
.512
.5119
.5119
.5119
.5118
.5118
.5117
.5117
.5117
.5116
.5116
.5115
.5115
.5114
.5114
.5114
.5113
.5113
.5112
.5112
.5111
.5111
.511
.511
.511
.5109
.5109
.5108
.5108
.5107
.5107
.5106
.5106
.5105
.5105
.5105
.5104
.5104
.5103
.5103
.5102
.5102
.5101
.5101
.51
.51
.5099
.5099
.5098
.5098
.5097
.5097
.5096
.5096
.5095
.5095
.5094
.5094
.5093
.5093
.5092
.5092
.5091
.5091
.509
.5089
.5089
.5088
.5088
.5087
.5087
.5086
.5086
.5085
.5084
.5084
.5083
.5083
.5082
.5082
.5081
.508
.508
.5079
.5079
.5078
.5077
.5077
.5076
.5076
.5075
.5074
.5074
.5073
.5073
.5072
.5071
.5071
.507
.5069
.5069
.5068
.5067
.5067
.5066
.5065
.5065
.5064
.5063
.5063
.5062
.5061
.5061
.506
.5059
.5059
.5058
.5057
.5057
.5056
.5055
.5054
.5054
.5053
.5052
.5051
.5051
.505
.5049
.5048
.5048
.5047
.5046
.5045
.5045
.5044
.5043
.5042
.5042
.5041
.504
.5039
.5038
.5038
.5037
.5036
.5035
.5034
.5033
.5033
.5032
.5031
.503
.5029
.5028
.5027
.5027
.5026
.5025
.5024
.5023
.5022
.5021
.502
.5019
.5018
.5018
.5017
.5016
.5015
.5014
.5013
.5012
.5011
.501
.5009
.5008
.5007
.5006
.5005
.5004
.5003
.5002
.5001
.5
.4999
.4998
.4997
.4996
.4995
.4994
.4993
.4992
.4991
.499
.4988
.4987
.4986
.4985
.4984
.4983
.4982
.4981
.498
.4978
.4977
.4976
.4975
.4974
.4973
.4971
.497
.4969
.4968
.4967
.4965
.4964
.4963
.4962
.496
.4959
.4958
.4957
.4955
.4954
.4953
.4952
.495
.4949
.4948
.4946
.4945
.4944
.4942
.4941
.494
.4938
.4937
.4935
.4934
.4933
.4931
.493
.4928
.4927
.4926
.4924
.4923
.4921
.492
.4918
.4917
.4915
.4914
.4912
.4911
.4909
.4908
.4906
.4905
.4903
.4901
.49
.4898
.4897
.4895
.4893
.4892
.489
.4888
.4887
.4885
.4884
.4882
.488
.4878
.4877
.4875
.4873
.4872
.487
.4868
.4866
.4865
.4863
.4861
.4859
.4857
.4856
.4854
.4852
.485
.4848
.4846
.4844
.4843
.4841
.4839
.4837
.4835
.4833
.4831
.4829
.4827
.4825
.4823
.4821
.4819
.4817
.4815
.4813
.4811
.4809
.4807
.4805
.4803
.4801
.4799
.4796
.4794
.4792
.479
.4788
.4786
.4784
.4781
.4779
.4777
.4775
.4772
.477
.4768
.4766
.4763
.4761
.4759
.4757
.4754
.4752
.475
.4747
.4745
.4742
.474
.4738
.4735
.4733
.473
.4728
.4726
.4723
.4721
.4718
.4716
.4713
.4711
.4708
.4706
.4703
.4701
.4698
.4695
.4693
.469
.4688
.4685
.4682
.468
.4677
.4674
.4672
.4669
.4666
.4664
.4661
.4658
.4655
.4653
.465
.4647
.4644
.4642
.4639
.4636
.4633
.463
.4627
.4625
.4622
.4619
.4616
.4613
.461
.4607
.4604
.4601
.4598
.4595
.4592
.4589
.4586
.4583
.458
.4577
.4574
.4571
.4568
.4565
.4562
.4559
.4556
.4553
.455
.4546
.4543
.454
.4537
.4534
.4531
.4527
.4524
.4521
.4518
.4514
.4511
.4508
.4505
.4501
.4498
.4495
.4492
.4488
.4485
.4482
.4478
.4475
.4471
.4468
.4465
.4461
.4458
.4455
.4451
.4448
.4444
.4441
.4437
.4434
.443
.4427
.4423
.442
.4416
.4413
.4409
.4406
.4402
.4399
.4395
.4392
.4388
.4384
.4381
.4377
.4374
.437
.4366
.4363
.4359
.4355
.4352
.4348
.4344
.4341
.4337
.4333
.433
.4326
.4322
.4318
.4315
.4311
.4307
.4303
.43
.4296
.4292
.4288
.4284
.4281
.4277
.4273
.4269
.4265
.4261
.4258
.4254
.425
.4246
.4242
.4238
.4234
.423
.4226
.4223
.4219
.4215
.4211
.4207
.4203
.4199
.4195
.4191
.4187
.4183
.4179
.4175
.4171
.4167
.4163
.4159
.4155
.4151
.4147
.4143
.4139
.4135
.4131
.4127
.4123
.4119
.4115
.4111
.4107
.4103
.4099
.4094
.409
.4086
.4082
.4078
.4074
.407
.4066
.4062
.4057
.4053
.4049
.4045
.4041
.4037
.4033
.4029
.4024
.402
.4016
.4012
.4008
.4004
.3999
.3995
.3991
.3987
.3983
.3978
.3974
.397
.3966
.3962
.3958
.3953
.3949
.3945
.3941
.3936
.3932
.3928
.3924
.392
.3915
.3911
.3907
.3903
.3898
.3894
.389
.3886
.3881
.3877
.3873
.3869
.3864
.386
.3856
.3852
.3847
.3843
.3839
.3835
.383
.3826
.3822
.3818
.3813
.3809
.3805
.3801
.3796
.3792
.3788
.3783
.3779
.3775
.3771
.3766
.3762
.3758
.3754
.3749
.3745
.3741
.3736
.3732
.3728
.3724
.3719
.3715
.3711
.3706
.3702
.3698
.3694
.3689
.3685
.3681
.3677
.3672
.3668
.3664
.3659
.3655
.3651
.3647
.3642
.3638
.3634
.3629
.3625
.3621
.3617
.3612
.3608
.3604
.36
.3595
.3591
.3587
.3583
.3578
.3574
.357
.3566
.3561
.3557
.3553
.3549
.3544
.354
.3536
.3532
.3527
.3523
.3519
.3515
.351
.3506
.3502
.3498
.3493
.3489
.3485
.3481
.3477
.3472
.3468
.3464
.346
.3455
.3451
.3447
.3443
.3439
.3434
.343
.3426
.3422
.3418
.3414
.3409
.3405
.3401
.3397
.3393
.3388
.3384
.338
.3376
.3372
.3368
.3363
.3359
.3355
.3351
.3347
.3343
.3339
.3334
.333
.3326
.3322
.3318
.3314
.331
.3306
.3302
.3297
.3293
.3289
.3285
.3281
.3277
.3273
.3269
.3265
.3261
.3257
.3252
.3248
.3244
.324
.3236
.3232
.3228
.3224
.322
.3216
.3212
.3208
.3204
.32
.3196
.3192
.3188
.3184
.318
.3176
.3172
.3168
.3164
.316
.3156
.3152
.3148
.3144
.314
.3136
.3132
.3128
.3124
.312
.3116
.3112
.3108
.3104
.31
.3097
.3093
.3089
.3085
.3081
.3077
.3073
.3069
.3065
.3061
.3058
.3054
.305
.3046
.3042
.3038
.3034
.303
.3027
.3023
.3019
.3015
.3011
.3007
.3004
.3
.2996
.2992
.2988
.2985
.2981
.2977
.2973
.2969
.2966
.2962
.2958
.2954
.2951
.2947
.2943
.2939
.2936
.2932
.2928
.2924
.2921
.2917
.2913
.2909
.2906
.2902
.2898
.2895
.2891
.2887
.2884
.288
.2876
.2873
.2869
.2865
.2862
.2858
.2854
.2851
.2847
.2843
.284
.2836
.2833
.2829
.2825
.2822
.2818
.2815
.2811
.2807
.2804
.28
.2797
.2793
.279
.2786
.2782
.2779
.2775
.2772
.2768
.2765
.2761
.2758
.2754
.2751
.2747
.2744
.274
.2737
.2733
.273
.2726
.2723
.2719
.2716
.2712
.2709
.2705
.2702
.2699
.2695
.2692
.2688
.2685
.2681
.2678
.2675
.2671
.2668
.2664
.2661
.2658
.2654
.2651
.2648
.2644
.2641
.2638
.2634
.2631
.2627
.2624
.2621
.2617
.2614
.2611
.2608
.2604
.2601
.2598
.2594
.2591
.2588
.2584
.2581
.2578
.2575
.2571
.2568
.2565
.2562
.2558
.2555
.2552
.2549
.2545
.2542
.2539
.2536
.2533
.2529
.2526
.2523
.252
.2517
.2513
.251
.2507
.2504
.2501
.2498
.2495
.2491
.2488
.2485
.2482
.2479
.2476
.2473
.2469
.2466
.2463
.246
.2457
.2454
.2451
.2448
.2445
.2442
.2439
.2436
.2432
.2429
.2426
.2423
.242
.2417
.2414
.2411
.2408
.2405
.2402
.2399
.2396
.2393
.239
.2387
.2384
.2381
.2378
.2375
.2372
.2369
.2366
.2363
.236
.2357
.2354
.2352
.2349
.2346
.2343
.234
.2337
.2334
.2331
.2328
.2325
.2322
.2319
.2317
.2314
.2311
.2308
.2305
.2302
.2299
.2296
.2294
.2291
.2288
.2285
.2282
.2279
.2277
.2274
.2271
.2268
.2265
.2262
.226
.2257
.2254
.2251
.2249
.2246
.2243
.224
.2237
.2235
.2232
.2229
.2226
.2224
.2221
.2218
.2215
.2213
.221
.2207
.2205
.2202
.2199
.2196
.2194
.2191
.2188
.2186
.2183
.218
.2178
.2175
.2172
.217
.2167
.2164
.2162
.2159
.2156
.2154
.2151
.2148
.2146
.2143
.2141
.2138
.2135
.2133
.213
.2127
.2125
.2122
.212
.2117
.2115
.2112
.2109
.2107
.2104
.2102
.2099
.2097
.2094
.2092
.2089
.2086
.2084
.2081
.2079
.2076
.2074
.2071
.2069
.2066
.2064
.2061
.2059
.2056
.2054
.2051
.2049
.2046
.2044
.2042
.2039
.2037
.2034
.2032
.2029
.2027
.2024
.2022
.202
.2017
.2015
.2012
.201
.2007
.2005
.2003
.2
.1998
.1995
.1993
.1991
.1988
.1986
.1984
.1981
.1979
.1976
.1974
.1972
.1969
.1967
.1965
.1962
.196
.1958
.1955
.1953
.1951
.1948
.1946
.1944
.1942
.1939
.1937
.1935
.1932
.193
.1928
.1926
.1923
.1921
.1919
.1916
.1914
.1912
.191
.1907
.1905
.1903
.1901
.1898
.1896
.1894
.1892
.189
.1887
.1885
.1883
.1881
.1879
.1876
.1874
.1872
.187
.1868
.1865
.1863
.1861
.1859
.1857
.1855
.1852
.185
.1848
.1846
.1844
.1842
.184
.1837
.1835
.1833
.1831
.1829
.1827
.1825
.1823
.1821
.1818
.1816
.1814
.1812
.181
.1808
.1806
.1804
.1802
.18
.1798
.1796
.1794
.1791
.1789
.1787
.1785
.1783
.1781
.1779
.1777
.1775
.1773
.1771
.1769
.1767
.1765
.1763
.1761
.1759
.1757
.1755
.1753
.1751
.1749
.1747
.1745
.1743
.1741
.1739
.1737
.1735
.1733
.1731
.1729
.1728
.1726
.1724
.1722
.172
.1718
.1716
.1714
.1712
.171
.1708
.1706
.1704
.1703
.1701
.1699
.1697
.1695
.1693
.1691
.1689
.1687
.1686
.1684
.1682
.168
.1678
.1676
.1674
.1673
.1671
.1669
.1667
.1665
.1663
.1661
.166
.1658
.1656
.1654
.1652
.1651
.1649
.1647
.1645
.1643
.1642
.164
.1638
.1636
.1634
.1633
.1631
.1629
.1627
.1625
.1624
.1622
.162
.1618
.1617
.1615
.1613
.1611
.161
.1608
.1606
.1604
.1603
.1601
.1599
.1598
.1596
.1594
.1592
.1591
.1589
.1587
.1586
.1584
.1582
.158
.1579
.1577
.1575
.1574
.1572
.157
.1569
.1567
.1565
.1564
.1562
.156
.1559
.1557
.1555
.1554
.1552
.155
.1549
.1547
.1546
.1544
.1542
.1541
.1539
.1537
.1536
.1534
.1533
.1531
.1529
.1528
.1526
.1525
.1523
.1521
.152
.1518
.1517
.1515
.1513
.1512
.151
.1509
.1507
.1506
.1504
.1502
.1501
.1499
.1498
.1496
.1495
.1493
.1492
.149
.1489
.1487
.1485
.1484
.1482
.1481
.1479
.1478
.1476
.1475
.1473
.1472
.147
.1469
.1467
.1466
.1464
.1463
.1461
.146
.1458
.1457
.1455
.1454
.1452
.1451
.1449
.1448
.1447
.1445
.1444
.1442
.1441
.1439
.1438
.1436
.1435
.1433
.1432
.1431
.1429
.1428
.1426
.1425
.1423
.1422
.1421
.1419
.1418
.1416
.1415
.1413
.1412
.1411
.1409
.1408
.1406
.1405
.1404
.1402
.1401
.14
.1398
.1397
.1395
.1394
.1393
.1391
.139
.1389
.1387
.1386
.1384
.1383
.1382
.138
.1379
.1378
.1376
.1375
.1374
.1372
.1371
.137
.1368
.1367
.1366
.1364
.1363
.1362
.136
.1359
.1358
.1356
.1355
.1354
.1352
.1351
.135
.1348
.1347
.1346
.1345
.1343
.1342
.1341
.1339
.1338
.1337
.1336
.1334
.1333
.1332
.133
.1329
.1328
.1327
.1325
.1324
.1323
.1322
.132
.1319
.1318
.1317
.1315
.1314
.1313
.1312
.131
.1309
.1308
.1307
.1305
.1304
.1303
.1302
.1301
.1299
.1298
.1297
.1296
.1294
.1293
.1292
.1291
.129
.1288
.1287
.1286
.1285
.1284
.1282
.1281
.128
.1279
.1278
.1276
.1275
.1274
.1273
.1272
.1271
.1269
.1268
.1267
.1266
.1265
.1264
.1262
.1261
.126
.1259
.1258
.1257
.1255
.1254
.1253
.1252
.1251
.125
.1249
.1247
.1246
.1245
.1244
.1243
.1242
.1241
.1239
.1238
.1237
.1236
.1235
.1234
.1233
.1232
.1231
.1229
.1228
.1227
.1226
.1225
.1224
.1223
.1222
.1221
.1219
.1218
.1217
.1216
.1215
.1214
.1213
.1212
.1211
.121
.1209
.1208
.1206
.1205
.1204
.1203
.1202
.1201
.12
.1199
.1198
.1197
.1196
.1195
.1194
.1193
.1192
.1191
.1189
.1188
.1187
.1186
.1185
.1184
.1183
.1182
.1181
.118
.1179
.1178
.1177
.1176
.1175
.1174
.1173
.1172
.1171
.117
.1169
.1168
.1167
.1166
.1165
.1164
.1163
.1162
.1161
.116
.1159
.1158
.1157
.1156
.1155
.1154
.1153
.1152
.1151
.115
.1149
.1148
.1147
.1146
.1145
.1144
.1143
.1142
.1141
.114
.1139
.1138
.1137
.1136
.1135
.1134
.1133
.1132
.1131
.113
.1129
.1128
.1127
.1126
.1125
.1125
.1124
.1123
.1122
.1121
.112
.1119
.1118
.1117
.1116
.1115
.1114
.1113
.1112
.1111
.111
.1109
.1109
.1108
.1107
.1106
.1105
.1104
.1103
.1102
.1101
.11
.1099
.1098
.1098
.1097
.1096
.1095
.1094
.1093
.1092
.1091
.109
.1089
.1088
.1088
.1087
.1086
.1085
.1084
.1083
.1082
.1081
.108
.108
.1079
.1078
.1077
.1076
.1075
.1074
.1073
.1072
.1072
.1071
.107
.1069
.1068
.1067
.1066
.1066
.1065
.1064
.1063
.1062
.1061
.106
.1059
.1059
.1058
.1057
.1056
.1055
.1054
.1054
.1053
.1052
.1051
.105
.1049
.1048
.1048
.1047
.1046
.1045
.1044
.1043
.1043
.1042
.1041
.104
.1039
.1038
.1038
.1037
.1036
.1035
.1034
.1033
.1033
.1032
.1031
.103
.1029
.1029
.1028
.1027
.1026
.1025
.1025
.1024
.1023
.1022
.1021
.102
.102
.1019
.1018
.1017
.1016
.1016
.1015
.1014
.1013
.1013
.1012
.1011
.101
.1009
.1009
.1008
.1007
.1006
.1005
.1005
.1004
.1003
.1002
.1002
.1001
.1
.0999
.0998
.0998
.0997
.0996
.0995
.0995
.0994
.0993
.0992
.0991
.0991
.099
.0989
.0988
.0988
.0987
.0986
.0985
.0985
.0984
.0983
.0982
.0982
.0981
.098
.0979
.0979
.0978
.0977
.0976
.0976
.0975
.0974
.0973
.0973
.0972
.0971
.0971
.097
.0969
.0968
.0968
.0967
.0966
.0965
.0965
.0964
.0963
.0962
.0962
.0961
.096
.096
.0959
.0958
.0957
.0957
.0956
.0955
.0955
.0954
.0953
.0952
.0952
.0951
.095
.095
.0949
.0948
.0947
.0947
.0946
.0945
.0945
.0944
.0943
.0943
.0942
.0941
.094
.094
.0939
.0938
.0938
.0937
.0936
.0936
.0935
.0934
.0934
.0933
.0932
.0931
.0931
.093
.0929
.0929
.0928
.0927
.0927
.0926
.0925
.0925
.0924
.0923
.0923
.0922
.0921
.0921
.092
.0919
.0919
.0918
.0917
.0917
.0916
.0915
.0915
.0914
.0913
.0913
.0912
.0911
.0911
.091
.0909
.0909
.0908
.0907
.0907
.0906
.0905
.0905
.0904
.0903
.0903
.0902
.0902
.0901
.09
.09
.0899
.0898
.0898
.0897
.0896
.0896
.0895
.0894
.0894
.0893
.0893
.0892
.0891
.0891
.089
.0889
.0889
.0888
.0888
.0887
.0886
.0886
.0885
.0884
.0884
.0883
.0883
.0882
.0881
.0881
.088
.0879
.0879
.0878
.0878
.0877
.0876
.0876
.0875
.0874
.0874
.0873
.0873
.0872
.0871
.0871
.087
.087
.0869
.0868
.0868
.0867
.0867
.0866
.0865
.0865
.0864
.0864
.0863
.0862
.0862
.0861
.0861
.086
.0859
.0859
.0858
.0858
.0857
.0856
.0856
.0855
.0855
.0854
.0854
.0853
.0852
.0852
.0851
.0851
.085
.0849
.0849
.0848
.0848
.0847
.0847
.0846
.0845
.0845
.0844
.0844
.0843
.0842
.0842
.0841
.0841
.084
.084
.0839
.0838
.0838
.0837
.0837
.0836
.0836
.0835
.0835
.0834
.0833
.0833
.0832
.0832
.0831
.0831
.083
.0829
.0829
.0828
.0828
.0827
.0827
.0826
.0826
.0825
.0824
.0824
.0823
.0823
.0822
.0822
.0821
.0821
.082
.082
.0819
.0818
.0818
.0817
.0817
.0816
.0816
.0815
.0815
.0814
.0814
.0813
.0813
.0812
.0811
.0811
.081
.081
.0809
.0809
.0808
.0808
.0807
.0807
.0806
.0806
.0805
.0805
.0804
.0803
.0803
.0802
.0802
.0801
.0801
.08
.08
.0799
.0799
.0798
.0798
.0797
.0797
.0796
.0796
.0795
.0795
.0794
.0794
.0793
.0793
.0792
.0791
.0791
.079
.079
.0789
.0789
.0788
.0788
.0787
.0787
.0786
.0786
.0785
.0785
.0784
.0784
.0783
.0783
.0782
.0782
.0781
.0781
.078
.078
.0779
.0779
.0778
.0778
.0777
.0777
.0776
.0776
.0775
.0775
.0774
.0774
.0773
.0773
.0772
.0772
.0771
.0771
.077
.077
.0769
.0769
.0768
.0768
.0768
.0767
.0767
.0766
.0766
.0765
.0765
.0764
.0764
.0763
.0763
.0762
.0762
.0761
.0761
.076
.076
.0759
.0759
.0758
.0758
.0757
.0757
.0756
.0756
.0756
.0755
.0755
.0754
.0754
.0753
.0753
.0752
.0752
.0751
.0751
.075
.075
.0749
.0749
.0748
.0748
.0748
.0747
.0747
.0746
.0746
.0745
.0745
.0744
.0744
.0743
.0743
.0742
.0742
.0742
.0741
.0741
.074
.074
.0739
.0739
.0738
.0738
.0737
.0737
.0737
.0736
.0736
.0735
.0735
.0734
.0734
.0733
.0733
.0733
.0732
.0732
.0731
.0731
.073
.073
.0729
.0729
.0729
.0728
.0728
.0727
.0727
.0726
.0726
.0725
.0725
.0725
.0724
.0724
.0723
.0723
.0722
.0722
.0721
.0721
.0721
.072
.072
.0719
.0719
.0718
.0718
.0718
.0717
.0717
.0716
.0716
.0715
.0715
.0715
.0714
.0714
.0713
.0713
.0712
.0712
.0712
.0711
.0711
.071
.071
.0709
.0709
.0709
.0708
.0708
.0707
.0707
.0707
.0706
.0706
.0705
.0705
.0704
.0704
.0704
.0703
.0703
.0702
.0702
.0702
.0701
.0701
.07
.07
.0699
.0699
.0699
.0698
.0698
.0697
.0697
.0697
.0696
.0696
.0695
.0695
.0695
.0694
.0694
.0693
.0693
.0693
.0692
.0692
.0691
.0691
.0691
.069
.069
.0689
.0689
.0689
.0688
.0688
.0687
.0687
.0687
.0686
.0686
.0685
.0685
.0685
.0684
.0684
.0683
.0683
.0683
.0682
.0682
.0681
.0681
.0681
.068
.068
.0679
.0679
.0679
.0678
.0678
.0677
.0677
.0677
.0676
.0676
.0676
.0675
.0675
.0674
.0674
.0674
.0673
.0673
.0672
.0672
.0672
.0671
.0671
.0671
.067
.067
.0669
.0669
.0669
.0668
.0668
.0667
.0667
.0667
.0666
.0666
.0666
.0665
.0665
.0664
.0664
.0664
.0663
.0663
.0663
.0662
.0662
.0661
.0661
.0661
.066
.066
.066
.0659
.0659
.0658
.0658
.0658
.0657
.0657
.0657
.0656
.0656
.0656
.0655
.0655
.0654
.0654
.0654
.0653
.0653
.0653
.0652
.0652
.0652
.0651
.0651
.065
.065
.065
.0649
.0649
.0649
.0648
.0648
.0648
.0647
.0647
.0647
.0646
.0646
.0645
.0645
.0645
.0644
.0644
.0644
.0643
.0643
.0643
.0642
.0642
.0642
.0641
.0641
.064
.064
.064
.0639
.0639
.0639
.0638
.0638
.0638
.0637
.0637
.0637
.0636
.0636
.0636
.0635
.0635
.0635
.0634
.0634
.0634
.0633
.0633
.0632
.0632
.0632
.0631
.0631
.0631
.063
.063
.063
.0629
.0629
.0629
.0628
.0628
.0628
.0627
.0627
.0627
.0626
.0626
.0626
.0625
.0625
.0625
.0624
.0624
.0624
.0623
.0623
.0623
.0622
.0622
.0622
.0621
.0621
.0621
.062
.062
.062
.0619
.0619
.0619
.0618
.0618
.0618
.0617
.0617
.0617
.0616
.0616
.0616
.0615
.0615
.0615
.0614
.0614
.0614
.0613
.0613
.0613
.0612
.0612
.0612
.0611
.0611
.0611
.061
.061
.061
.061
.0609
.0609
.0609
.0608
.0608
.0608
.0607
.0607
.0607
.0606
.0606
.0606
.0605
.0605
.0605
.0604
.0604
.0604
.0603
.0603
.0603
.0603
.0602
.0602
.0602
.0601
.0601
.0601
.06
.06
.06
.0599
.0599
.0599
.0598
.0598
.0598
.0598
.0597
.0597
.0597
.0596
.0596
.0596
.0595
.0595
.0595
.0594
.0594
.0594
.0594
.0593
.0593
.0593
.0592
.0592
.0592
.0591
.0591
.0591
.059
.059
.059
.059
.0589
.0589
.0589
.0588
.0588
.0588
.0587
.0587
.0587
.0587
.0586
.0586
.0586
.0585
.0585
.0585
.0584
.0584
.0584
.0584
.0583
.0583
.0583
.0582
.0582
.0582
.0581
.0581
.0581
.0581
.058
.058
.058
.0579
.0579
.0579
.0579
.0578
.0578
.0578
.0577
.0577
.0577
.0576
.0576
.0576
.0576
.0575
.0575
.0575
.0574
.0574
.0574
.0574
.0573
.0573
.0573
.0572
.0572
.0572
.0572
.0571
.0571
.0571
.057
.057
.057
.057
.0569
.0569
.0569
.0568
.0568
.0568
.0568
.0567
.0567
.0567
.0566
.0566
.0566
.0566
.0565
.0565
.0565
.0565
.0564
.0564
.0564
.0563
.0563
.0563
.0563
.0562
.0562
.0562
.0561
.0561
.0561
.0561
.056
.056
.056
.056
.0559
.0559
.0559
.0558
.0558
.0558
.0558
.0557
.0557
.0557
.0557
.0556
.0556
.0556
.0555
.0555
.0555
.0555
.0554
.0554
.0554
.0554
.0553
.0553
.0553
.0552
.0552
.0552
.0552
.0551
.0551
.0551
.0551
.055
.055
.055
.0549
.0549
.0549
.0549
.0548
.0548
.0548
.0548
.0547
.0547
.0547
.0547
.0546
.0546
.0546
.0546
.0545
.0545
.0545
.0544
.0544
.0544
.0544
.0543
.0543
.0543
.0543
.0542
.0542
.0542
.0542
.0541
.0541
.0541
.0541
.054
.054
.054
.054
.0539
.0539
.0539
.0538
.0538
.0538
.0538
.0537
.0537
.0537
.0537
.0536
.0536
.0536
.0536
.0535
.0535
.0535
.0535
.0534
.0534
.0534
.0534
.0533
.0533
.0533
.0533
.0532
.0532
.0532
.0532
.0531
.0531
.0531
.0531
.053
.053
.053
.053
.0529
.0529
.0529
.0529
.0528
.0528
.0528
.0528
.0527
.0527
.0527
.0527
.0526
.0526
.0526
.0526
.0525
.0525
.0525
.0525
.0524
.0524
.0524
.0524
.0523
.0523
.0523
.0523
.0522
.0522
.0522
.0522
.0522
.0521
.0521
.0521
.0521
.052
.052
.052
.052
.0519
.0519
.0519
.0519
.0518
.0518
.0518
.0518
.0517
.0517
.0517
.0517
.0516
.0516
.0516
.0516
.0516
.0515
.0515
.0515
.0515
.0514
.0514
.0514
.0514
.0513
.0513
.0513
.0513
.0512
.0512
.0512
.0512
.0512
.0511
.0511
.0511
.0511
.051
.051
.051
.051
.0509
.0509
.0509
.0509
.0508
.0508
.0508
.0508
.0508
.0507
.0507
.0507
.0507
.0506
.0506
.0506
.0506
.0506
.0505
.0505
.0505
.0505
.0504
.0504
.0504
.0504
.0503
.0503
.0503
.0503
.0503
.0502
.0502
.0502
.0502
.0501
.0501
.0501
.0501
.0501
.05
.05
.05
