.548
.5478
.5476
.5474
.5472
.547
.5469
.5467
.5465
.5464
.5462
.546
.5459
.5457
.5456
.5454
.5453
.5452
.545
.5449
.5448
.5446
.5445
.5444
.5443
.5442
.544
.5439
.5438
.5437
.5436
.5435
.5434
.5433
.5432
.5431
.543
.5429
.5428
.5427
.5426
.5425
.5424
.5424
.5423
.5422
.5421
.542
.5419
.5418
.5418
.5417
.5416
.5415
.5414
.5414
.5413
.5412
.5411
.5411
.541
.5409
.5408
.5407
.5407
.5406
.5405
.5404
.5404
.5403
.5402
.5401
.54
.54
.5399
.5398
.5397
.5396
.5396
.5395
.5394
.5393
.5392
.5392
.5391
.539
.5389
.5388
.5387
.5387
.5386
.5385
.5384
.5383
.5382
.5381
.538
.5379
.5378
.5378
.5377
.5376
.5375
.5374
.5373
.5372
.5371
.537
.5369
.5368
.5367
.5366
.5365
.5364
.5363
.5361
.536
.5359
.5358
.5357
.5356
.5355
.5354
.5352
.5351
.535
.5349
.5348
.5346
.5345
.5344
.5343
.5341
.534
.5339
.5338
.5336
.5335
.5334
.5332
.5331
.5329
.5328
.5327
.5325
.5324
.5322
.5321
.5319
.5318
.5316
.5315
.5313
.5312
.531
.5308
.5307
.5305
.5303
.5302
.53
.5298
.5297
.5295
.5293
.5291
.529
.5288
.5286
.5284
.5282
.5281
.5279
.5277
.5275
.5273
.5271
.5269
.5267
.5265
.5263
.5261
.5259
.5257
.5255
.5253
.5251
.5248
.5246
.5244
.5242
.524
.5237
.5235
.5233
.523
.5228
.5226
.5223
.5221
.5219
.5216
.5214
.5211
.5209
.5206
.5204
.5201
.5199
.5196
.5194
.5191
.5188
.5186
.5183
.518
.5177
.5175
.5172
.5169
.5166
.5163
.5161
.5158
.5155
.5152
.5149
.5146
.5143
.514
.5137
.5134
.5131
.5128
.5125
.5122
.5118
.5115
.5112
.5109
.5106
.5102
.5099
.5096
.5092
.5089
.5086
.5082
.5079
.5076
.5072
.5069
.5065
.5062
.5058
.5055
.5051
.5047
.5044
.504
.5036
.5033
.5029
.5025
.5022
.5018
.5014
.501
.5007
.5003
.4999
.4995
.4991
.4987
.4983
.4979
.4975
.4971
.4967
.4963
.4959
.4955
.4951
.4947
.4943
.4939
.4935
.4931
.4926
.4922
.4918
.4914
.491
.4905
.4901
.4897
.4892
.4888
.4884
.4879
.4875
.4871
.4866
.4862
.4857
.4853
.4848
.4844
.4839
.4835
.483
.4826
.4821
.4817
.4812
.4808
.4803
.4798
.4794
.4789
.4784
.478
.4775
.477
.4766
.4761
.4756
.4751
.4747
.4742
.4737
.4732
.4728
.4723
.4718
.4713
.4708
.4704
.4699
.4694
.4689
.4684
.4679
.4674
.4669
.4664
.466
.4655
.465
.4645
.464
.4635
.463
.4625
.462
.4615
.461
.4605
.46
.4595
.459
.4585
.458
.4575
.457
.4565
.4559
.4554
.4549
.4544
.4539
.4534
.4529
.4524
.4519
.4514
.4508
.4503
.4498
.4493
.4488
.4483
.4478
.4472
.4467
.4462
.4457
.4452
.4447
.4441
.4436
.4431
.4426
.4421
.4416
.441
.4405
.44
.4395
.439
.4384
.4379
.4374
.4369
.4363
.4358
.4353
.4348
.4343
.4337
.4332
.4327
.4322
.4316
.4311
.4306
.4301
.4295
.429
.4285
.428
.4274
.4269
.4264
.4259
.4253
.4248
.4243
.4238
.4232
.4227
.4222
.4216
.4211
.4206
.4201
.4195
.419
.4185
.418
.4174
.4169
.4164
.4158
.4153
.4148
.4143
.4137
.4132
.4127
.4121
.4116
.4111
.4106
.41
.4095
.409
.4084
.4079
.4074
.4069
.4063
.4058
.4053
.4047
.4042
.4037
.4032
.4026
.4021
.4016
.401
.4005
.4
.3994
.3989
.3984
.3979
.3973
.3968
.3963
.3957
.3952
.3947
.3942
.3936
.3931
.3926
.392
.3915
.391
.3905
.3899
.3894
.3889
.3884
.3878
.3873
.3868
.3862
.3857
.3852
.3847
.3841
.3836
.3831
.3826
.382
.3815
.381
.3805
.3799
.3794
.3789
.3784
.3778
.3773
.3768
.3763
.3757
.3752
.3747
.3742
.3736
.3731
.3726
.3721
.3715
.371
.3705
.37
.3695
.3689
.3684
.3679
.3674
.3668
.3663
.3658
.3653
.3648
.3643
.3637
.3632
.3627
.3622
.3617
.3611
.3606
.3601
.3596
.3591
.3586
.358
.3575
.357
.3565
.356
.3555
.355
.3544
.3539
.3534
.3529
.3524
.3519
.3514
.3509
.3504
.3499
.3493
.3488
.3483
.3478
.3473
.3468
.3463
.3458
.3453
.3448
.3443
.3438
.3433
.3428
.3423
.3418
.3413
.3408
.3403
.3398
.3393
.3388
.3383
.3378
.3373
.3368
.3363
.3358
.3353
.3348
.3343
.3338
.3333
.3328
.3323
.3318
.3313
.3309
.3304
.3299
.3294
.3289
.3284
.3279
.3274
.3269
.3265
.326
.3255
.325
.3245
.324
.3236
.3231
.3226
.3221
.3216
.3212
.3207
.3202
.3197
.3193
.3188
.3183
.3178
.3174
.3169
.3164
.316
.3155
.315
.3145
.3141
.3136
.3131
.3127
.3122
.3117
.3113
.3108
.3104
.3099
.3094
.309
.3085
.3081
.3076
.3071
.3067
.3062
.3058
.3053
.3049
.3044
.3039
.3035
.303
.3026
.3021
.3017
.3012
.3008
.3004
.2999
.2995
.299
.2986
.2981
.2977
.2972
.2968
.2964
.2959
.2955
.295
.2946
.2942
.2937
.2933
.2929
.2924
.292
.2916
.2911
.2907
.2903
.2898
.2894
.289
.2886
.2881
.2877
.2873
.2869
.2864
.286
.2856
.2852
.2848
.2843
.2839
.2835
.2831
.2827
.2822
.2818
.2814
.281
.2806
.2802
.2798
.2794
.2789
.2785
.2781
.2777
.2773
.2769
.2765
.2761
.2757
.2753
.2749
.2745
.2741
.2737
.2733
.2729
.2725
.2721
.2717
.2713
.2709
.2705
.2701
.2697
.2693
.2689
.2686
.2682
.2678
.2674
.267
.2666
.2662
.2658
.2655
.2651
.2647
.2643
.2639
.2636
.2632
.2628
.2624
.262
.2617
.2613
.2609
.2605
.2602
.2598
.2594
.259
.2587
.2583
.2579
.2576
.2572
.2568
.2565
.2561
.2557
.2554
.255
.2546
.2543
.2539
.2535
.2532
.2528
.2525
.2521
.2518
.2514
.251
.2507
.2503
.25
.2496
.2493
.2489
.2486
.2482
.2479
.2475
.2472
.2468
.2465
.2461
.2458
.2454
.2451
.2447
.2444
.2441
.2437
.2434
.243
.2427
.2424
.242
.2417
.2413
.241
.2407
.2403
.24
.2397
.2393
.239
.2387
.2383
.238
.2377
.2374
.237
.2367
.2364
.236
.2357
.2354
.2351
.2347
.2344
.2341
.2338
.2335
.2331
.2328
.2325
.2322
.2319
.2315
.2312
.2309
.2306
.2303
.23
.2297
.2293
.229
.2287
.2284
.2281
.2278
.2275
.2272
.2269
.2265
.2262
.2259
.2256
.2253
.225
.2247
.2244
.2241
.2238
.2235
.2232
.2229
.2226
.2223
.222
.2217
.2214
.2211
.2208
.2205
.2202
.2199
.2196
.2194
.2191
.2188
.2185
.2182
.2179
.2176
.2173
.217
.2167
.2165
.2162
.2159
.2156
.2153
.215
.2147
.2145
.2142
.2139
.2136
.2133
.2131
.2128
.2125
.2122
.2119
.2117
.2114
.2111
.2108
.2106
.2103
.21
.2097
.2095
.2092
.2089
.2086
.2084
.2081
.2078
.2076
.2073
.207
.2068
.2065
.2062
.206
.2057
.2054
.2052
.2049
.2046
.2044
.2041
.2038
.2036
.2033
.2031
.2028
.2025
.2023
.202
.2018
.2015
.2012
.201
.2007
.2005
.2002
.2
.1997
.1995
.1992
.199
.1987
.1985
.1982
.198
.1977
.1975
.1972
.197
.1967
.1965
.1962
.196
.1957
.1955
.1952
.195
.1947
.1945
.1943
.194
.1938
.1935
.1933
.193
.1928
.1926
.1923
.1921
.1918
.1916
.1914
.1911
.1909
.1907
.1904
.1902
.19
.1897
.1895
.1892
.189
.1888
.1886
.1883
.1881
.1879
.1876
.1874
.1872
.1869
.1867
.1865
.1863
.186
.1858
.1856
.1853
.1851
.1849
.1847
.1844
.1842
.184
.1838
.1836
.1833
.1831
.1829
.1827
.1824
.1822
.182
.1818
.1816
.1814
.1811
.1809
.1807
.1805
.1803
.1801
.1798
.1796
.1794
.1792
.179
.1788
.1786
.1783
.1781
.1779
.1777
.1775
.1773
.1771
.1769
.1767
.1764
.1762
.176
.1758
.1756
.1754
.1752
.175
.1748
.1746
.1744
.1742
.174
.1738
.1736
.1734
.1732
.173
.1728
.1725
.1723
.1721
.1719
.1717
.1715
.1713
.1711
.171
.1708
.1706
.1704
.1702
.17
.1698
.1696
.1694
.1692
.169
.1688
.1686
.1684
.1682
.168
.1678
.1676
.1674
.1672
.1671
.1669
.1667
.1665
.1663
.1661
.1659
.1657
.1655
.1654
.1652
.165
.1648
.1646
.1644
.1642
.164
.1639
.1637
.1635
.1633
.1631
.1629
.1628
.1626
.1624
.1622
.162
.1618
.1617
.1615
.1613
.1611
.1609
.1608
.1606
.1604
.1602
.16
.1599
.1597
.1595
.1593
.1592
.159
.1588
.1586
.1585
.1583
.1581
.1579
.1578
.1576
.1574
.1572
.1571
.1569
.1567
.1565
.1564
.1562
.156
.1559
.1557
.1555
.1554
.1552
.155
.1548
.1547
.1545
.1543
.1542
.154
.1538
.1537
.1535
.1533
.1532
.153
.1528
.1527
.1525
.1524
.1522
.152
.1519
.1517
.1515
.1514
.1512
.151
.1509
.1507
.1506
.1504
.1502
.1501
.1499
.1498
.1496
.1494
.1493
.1491
.149
.1488
.1487
.1485
.1483
.1482
.148
.1479
.1477
.1476
.1474
.1472
.1471
.1469
.1468
.1466
.1465
.1463
.1462
.146
.1459
.1457
.1456
.1454
.1453
.1451
.1449
.1448
.1446
.1445
.1443
.1442
.144
.1439
.1438
.1436
.1435
.1433
.1432
.143
.1429
.1427
.1426
.1424
.1423
.1421
.142
.1418
.1417
.1415
.1414
.1413
.1411
.141
.1408
.1407
.1405
.1404
.1402
.1401
.14
.1398
.1397
.1395
.1394
.1393
.1391
.139
.1388
.1387
.1386
.1384
.1383
.1381
.138
.1379
.1377
.1376
.1374
.1373
.1372
.137
.1369
.1368
.1366
.1365
.1363
.1362
.1361
.1359
.1358
.1357
.1355
.1354
.1353
.1351
.135
.1349
.1347
.1346
.1345
.1343
.1342
.1341
.1339
.1338
.1337
.1335
.1334
.1333
.1331
.133
.1329
.1328
.1326
.1325
.1324
.1322
.1321
.132
.1318
.1317
.1316
.1315
.1313
.1312
.1311
.131
.1308
.1307
.1306
.1304
.1303
.1302
.1301
.1299
.1298
.1297
.1296
.1294
.1293
.1292
.1291
.1289
.1288
.1287
.1286
.1285
.1283
.1282
.1281
.128
.1278
.1277
.1276
.1275
.1274
.1272
.1271
.127
.1269
.1268
.1266
.1265
.1264
.1263
.1262
.126
.1259
.1258
.1257
.1256
.1254
.1253
.1252
.1251
.125
.1249
.1247
.1246
.1245
.1244
.1243
.1242
.124
.1239
.1238
.1237
.1236
.1235
.1233
.1232
.1231
.123
.1229
.1228
.1227
.1226
.1224
.1223
.1222
.1221
.122
.1219
.1218
.1217
.1215
.1214
.1213
.1212
.1211
.121
.1209
.1208
.1207
.1205
.1204
.1203
.1202
.1201
.12
.1199
.1198
.1197
.1196
.1194
.1193
.1192
.1191
.119
.1189
.1188
.1187
.1186
.1185
.1184
.1183
.1182
.1181
.1179
.1178
.1177
.1176
.1175
.1174
.1173
.1172
.1171
.117
.1169
.1168
.1167
.1166
.1165
.1164
.1163
.1162
.1161
.116
.1159
.1158
.1157
.1156
.1155
.1153
.1152
.1151
.115
.1149
.1148
.1147
.1146
.1145
.1144
.1143
.1142
.1141
.114
.1139
.1138
.1137
.1136
.1135
.1134
.1133
.1132
.1131
.113
.1129
.1128
.1127
.1127
.1126
.1125
.1124
.1123
.1122
.1121
.112
.1119
.1118
.1117
.1116
.1115
.1114
.1113
.1112
.1111
.111
.1109
.1108
.1107
.1106
.1105
.1104
.1103
.1103
.1102
.1101
.11
.1099
.1098
.1097
.1096
.1095
.1094
.1093
.1092
.1091
.109
.1089
.1089
.1088
.1087
.1086
.1085
.1084
.1083
.1082
.1081
.108
.1079
.1079
.1078
.1077
.1076
.1075
.1074
.1073
.1072
.1071
.107
.107
.1069
.1068
.1067
.1066
.1065
.1064
.1063
.1062
.1062
.1061
.106
.1059
.1058
.1057
.1056
.1055
.1055
.1054
.1053
.1052
.1051
.105
.1049
.1048
.1048
.1047
.1046
.1045
.1044
.1043
.1042
.1042
.1041
.104
.1039
.1038
.1037
.1037
.1036
.1035
.1034
.1033
.1032
.1031
.1031
.103
.1029
.1028
.1027
.1026
.1026
.1025
.1024
.1023
.1022
.1022
.1021
.102
.1019
.1018
.1017
.1017
.1016
.1015
.1014
.1013
.1013
.1012
.1011
.101
.1009
.1009
.1008
.1007
.1006
.1005
.1005
.1004
.1003
.1002
.1001
.1001
.1
.0999
.0998
.0997
.0997
.0996
.0995
.0994
.0993
.0993
.0992
.0991
.099
.099
.0989
.0988
.0987
.0986
.0986
.0985
.0984
.0983
.0983
.0982
.0981
.098
.098
.0979
.0978
.0977
.0976
.0976
.0975
.0974
.0973
.0973
.0972
.0971
.097
.097
.0969
.0968
.0967
.0967
.0966
.0965
.0964
.0964
.0963
.0962
.0962
.0961
.096
.0959
.0959
.0958
.0957
.0956
.0956
.0955
.0954
.0953
.0953
.0952
.0951
.0951
.095
.0949
.0948
.0948
.0947
.0946
.0946
.0945
.0944
.0943
.0943
.0942
.0941
.0941
.094
.0939
.0938
.0938
.0937
.0936
.0936
.0935
.0934
.0933
.0933
.0932
.0931
.0931
.093
.0929
.0929
.0928
.0927
.0927
.0926
.0925
.0924
.0924
.0923
.0922
.0922
.0921
.092
.092
.0919
.0918
.0918
.0917
.0916
.0916
.0915
.0914
.0914
.0913
.0912
.0912
.0911
.091
.091
.0909
.0908
.0908
.0907
.0906
.0906
.0905
.0904
.0904
.0903
.0902
.0902
.0901
.09
.09
.0899
.0898
.0898
.0897
.0896
.0896
.0895
.0894
.0894
.0893
.0892
.0892
.0891
.0891
.089
.0889
.0889
.0888
.0887
.0887
.0886
.0885
.0885
.0884
.0884
.0883
.0882
.0882
.0881
.088
.088
.0879
.0878
.0878
.0877
.0877
.0876
.0875
.0875
.0874
.0874
.0873
.0872
.0872
.0871
.087
.087
.0869
.0869
.0868
.0867
.0867
.0866
.0866
.0865
.0864
.0864
.0863
.0862
.0862
.0861
.0861
.086
.0859
.0859
.0858
.0858
.0857
.0856
.0856
.0855
.0855
.0854
.0853
.0853
.0852
.0852
.0851
.085
.085
.0849
.0849
.0848
.0848
.0847
.0846
.0846
.0845
.0845
.0844
.0843
.0843
.0842
.0842
.0841
.0841
.084
.0839
.0839
.0838
.0838
.0837
.0837
.0836
.0835
.0835
.0834
.0834
.0833
.0833
.0832
.0831
.0831
.083
.083
.0829
.0829
.0828
.0827
.0827
.0826
.0826
.0825
.0825
.0824
.0824
.0823
.0822
.0822
.0821
.0821
.082
.082
.0819
.0819
.0818
.0817
.0817
.0816
.0816
.0815
.0815
.0814
.0814
.0813
.0812
.0812
.0811
.0811
.081
.081
.0809
.0809
.0808
.0808
.0807
.0807
.0806
.0805
.0805
.0804
.0804
.0803
.0803
.0802
.0802
.0801
.0801
.08
.08
.0799
.0799
.0798
.0798
.0797
.0796
.0796
.0795
.0795
.0794
.0794
.0793
.0793
.0792
.0792
.0791
.0791
.079
.079
.0789
.0789
.0788
.0788
.0787
.0787
.0786
.0786
.0785
.0785
.0784
.0784
.0783
.0783
.0782
.0782
.0781
.0781
.078
.078
.0779
.0778
.0778
.0777
.0777
.0776
.0776
.0775
.0775
.0774
.0774
.0773
.0773
.0773
.0772
.0772
.0771
.0771
.077
.077
.0769
.0769
.0768
.0768
.0767
.0767
.0766
.0766
.0765
.0765
.0764
.0764
.0763
.0763
.0762
.0762
.0761
.0761
.076
.076
.0759
.0759
.0758
.0758
.0757
.0757
.0756
.0756
.0756
.0755
.0755
.0754
.0754
.0753
.0753
.0752
.0752
.0751
.0751
.075
.075
.0749
.0749
.0748
.0748
.0747
.0747
.0747
.0746
.0746
.0745
.0745
.0744
.0744
.0743
.0743
.0742
.0742
.0741
.0741
.0741
.074
.074
.0739
.0739
.0738
.0738
.0737
.0737
.0736
.0736
.0736
.0735
.0735
.0734
.0734
.0733
.0733
.0732
.0732
.0731
.0731
.0731
.073
.073
.0729
.0729
.0728
.0728
.0727
.0727
.0727
.0726
.0726
.0725
.0725
.0724
.0724
.0723
.0723
.0723
.0722
.0722
.0721
.0721
.072
.072
.072
.0719
.0719
.0718
.0718
.0717
.0717
.0717
.0716
.0716
.0715
.0715
.0714
.0714
.0714
.0713
.0713
.0712
.0712
.0711
.0711
.0711
.071
.071
.0709
.0709
.0708
.0708
.0708
.0707
.0707
.0706
.0706
.0705
.0705
.0705
.0704
.0704
.0703
.0703
.0703
.0702
.0702
.0701
.0701
.07
.07
.07
.0699
.0699
.0698
.0698
.0698
.0697
.0697
.0696
.0696
.0696
.0695
.0695
.0694
.0694
.0694
.0693
.0693
.0692
.0692
.0691
.0691
.0691
.069
.069
.0689
.0689
.0689
.0688
.0688
.0687
.0687
.0687
.0686
.0686
.0685
.0685
.0685
.0684
.0684
.0683
.0683
.0683
.0682
.0682
.0682
.0681
.0681
.068
.068
.068
.0679
.0679
.0678
.0678
.0678
.0677
.0677
.0676
.0676
.0676
.0675
.0675
.0675
.0674
.0674
.0673
.0673
.0673
.0672
.0672
.0671
.0671
.0671
.067
.067
.067
.0669
.0669
.0668
.0668
.0668
.0667
.0667
.0666
.0666
.0666
.0665
.0665
.0665
.0664
.0664
.0663
.0663
.0663
.0662
.0662
.0662
.0661
.0661
.0661
.066
.066
.0659
.0659
.0659
.0658
.0658
.0658
.0657
.0657
.0656
.0656
.0656
.0655
.0655
.0655
.0654
.0654
.0654
.0653
.0653
.0652
.0652
.0652
.0651
.0651
.0651
.065
.065
.065
.0649
.0649
.0648
.0648
.0648
.0647
.0647
.0647
.0646
.0646
.0646
.0645
.0645
.0645
.0644
.0644
.0643
.0643
.0643
.0642
.0642
.0642
.0641
.0641
.0641
.064
.064
.064
.0639
.0639
.0639
.0638
.0638
.0638
.0637
.0637
.0636
.0636
.0636
.0635
.0635
.0635
.0634
.0634
.0634
.0633
.0633
.0633
.0632
.0632
.0632
.0631
.0631
.0631
.063
.063
.063
.0629
.0629
.0629
.0628
.0628
.0628
.0627
.0627
.0627
.0626
.0626
.0626
.0625
.0625
.0625
.0624
.0624
.0624
.0623
.0623
.0623
.0622
.0622
.0622
.0621
.0621
.0621
.062
.062
.062
.0619
.0619
.0619
.0618
.0618
.0618
.0617
.0617
.0617
.0616
.0616
.0616
.0615
.0615
.0615
.0614
.0614
.0614
.0613
.0613
.0613
.0612
.0612
.0612
.0611
.0611
.0611
.0611
.061
.061
.061
.0609
.0609
.0609
.0608
.0608
.0608
.0607
.0607
.0607
.0606
.0606
.0606
.0605
.0605
.0605
.0604
.0604
.0604
.0604
.0603
.0603
.0603
.0602
.0602
.0602
.0601
.0601
.0601
.06
.06
.06
.06
.0599
.0599
.0599
.0598
.0598
.0598
.0597
.0597
.0597
.0596
.0596
.0596
.0596
.0595
.0595
.0595
.0594
.0594
.0594
.0593
.0593
.0593
.0592
.0592
.0592
.0592
.0591
.0591
.0591
.059
.059
.059
.0589
.0589
.0589
.0589
.0588
.0588
.0588
.0587
.0587
.0587
.0586
.0586
.0586
.0586
.0585
.0585
.0585
.0584
.0584
.0584
.0584
.0583
.0583
.0583
.0582
.0582
.0582
.0581
.0581
.0581
.0581
.058
.058
.058
.0579
.0579
.0579
.0579
.0578
.0578
.0578
.0577
.0577
.0577
.0577
.0576
.0576
.0576
.0575
.0575
.0575
.0575
.0574
.0574
.0574
.0573
.0573
.0573
.0573
.0572
.0572
.0572
.0571
.0571
.0571
.0571
.057
.057
.057
.0569
.0569
.0569
.0569
.0568
.0568
.0568
.0567
.0567
.0567
.0567
.0566
.0566
.0566
.0566
.0565
.0565
.0565
.0564
.0564
.0564
.0564
.0563
.0563
.0563
.0562
.0562
.0562
.0562
.0561
.0561
.0561
.0561
.056
.056
.056
.0559
.0559
.0559
.0559
.0558
.0558
.0558
.0558
.0557
.0557
.0557
.0557
.0556
.0556
.0556
.0555
.0555
.0555
.0555
.0554
.0554
.0554
.0554
.0553
.0553
.0553
.0553
.0552
.0552
.0552
.0551
.0551
.0551
.0551
.055
.055
.055
.055
.0549
.0549
.0549
.0549
.0548
.0548
.0548
.0548
.0547
.0547
.0547
.0546
.0546
.0546
.0546
.0545
.0545
.0545
.0545
.0544
.0544
.0544
.0544
.0543
.0543
.0543
.0543
.0542
.0542
.0542
.0542
.0541
.0541
.0541
.0541
.054
.054
.054
.054
.0539
.0539
.0539
.0539
.0538
.0538
.0538
.0538
.0537
.0537
.0537
.0537
.0536
.0536
.0536
.0536
.0535
.0535
.0535
.0535
.0534
.0534
.0534
.0534
.0533
.0533
.0533
.0533
.0532
.0532
.0532
.0532
.0531
.0531
.0531
.0531
.053
.053
.053
.053
.0529
.0529
.0529
.0529
.0528
.0528
.0528
.0528
.0527
.0527
.0527
.0527
.0526
.0526
.0526
.0526
.0525
.0525
.0525
.0525
.0524
.0524
.0524
.0524
.0524
.0523
.0523
.0523
.0523
.0522
.0522
.0522
.0522
.0521
.0521
.0521
.0521
.052
.052
.052
.052
.0519
.0519
.0519
.0519
.0519
.0518
.0518
.0518
.0518
.0517
.0517
.0517
.0517
.0516
.0516
.0516
.0516
.0515
.0515
.0515
.0515
.0515
.0514
.0514
.0514
.0514
.0513
.0513
.0513
.0513
.0512
.0512
.0512
.0512
.0512
.0511
.0511
.0511
.0511
.051
.051
.051
.051
.0509
.0509
.0509
.0509
.0509
.0508
.0508
.0508
.0508
.0507
.0507
.0507
.0507
.0507
.0506
.0506
.0506
.0506
.0505
.0505
.0505
.0505
.0505
.0504
.0504
.0504
.0504
.0503
.0503
.0503
.0503
.0503
.0502
.0502
.0502
.0502
.0501
.0501
.0501
.0501
.0501
.05
.05
.05
