.5636
.5622
.5608
.5594
.558
.5567
.5554
.5542
.553
.5518
.5507
.5496
.5485
.5474
.5464
.5455
.5445
.5436
.5427
.5419
.5411
.5403
.5396
.5389
.5382
.5375
.5369
.5363
.5357
.5352
.5346
.5341
.5337
.5332
.5328
.5324
.532
.5316
.5313
.5309
.5306
.5303
.53
.5298
.5295
.5293
.529
.5288
.5286
.5284
.5283
.5281
.5279
.5278
.5276
.5275
.5274
.5272
.5271
.527
.5269
.5268
.5267
.5266
.5265
.5264
.5264
.5263
.5262
.5262
.5261
.526
.526
.5259
.5259
.5258
.5258
.5257
.5257
.5256
.5256
.5255
.5255
.5254
.5254
.5254
.5253
.5253
.5252
.5252
.5252
.5251
.5251
.5251
.525
.525
.5249
.5249
.5249
.5248
.5248
.5248
.5247
.5247
.5246
.5246
.5246
.5245
.5245
.5245
.5244
.5244
.5243
.5243
.5243
.5242
.5242
.5242
.5241
.5241
.524
.524
.5239
.5239
.5239
.5238
.5238
.5237
.5237
.5236
.5236
.5236
.5235
.5235
.5234
.5234
.5233
.5233
.5232
.5232
.5231
.5231
.523
.523
.5229
.5229
.5228
.5228
.5227
.5227
.5226
.5225
.5225
.5224
.5224
.5223
.5223
.5222
.5221
.5221
.522
.522
.5219
.5218
.5218
.5217
.5216
.5216
.5215
.5214
.5214
.5213
.5212
.5212
.5211
.521
.521
.5209
.5208
.5207
.5207
.5206
.5205
.5204
.5204
.5203
.5202
.5201
.5201
.52
.5199
.5198
.5197
.5196
.5196
.5195
.5194
.5193
.5192
.5191
.519
.519
.5189
.5188
.5187
.5186
.5185
.5184
.5183
.5182
.5181
.518
.5179
.5178
.5177
.5176
.5175
.5174
.5173
.5172
.5171
.517
.5169
.5168
.5167
.5165
.5164
.5163
.5162
.5161
.516
.5159
.5157
.5156
.5155
.5154
.5153
.5151
.515
.5149
.5148
.5146
.5145
.5144
.5142
.5141
.514
.5138
.5137
.5136
.5134
.5133
.5131
.513
.5129
.5127
.5126
.5124
.5123
.5121
.512
.5118
.5117
.5115
.5114
.5112
.5111
.5109
.5107
.5106
.5104
.5103
.5101
.5099
.5098
.5096
.5094
.5093
.5091
.5089
.5087
.5086
.5084
.5082
.508
.5078
.5077
.5075
.5073
.5071
.5069
.5067
.5065
.5063
.5062
.506
.5058
.5056
.5054
.5052
.505
.5048
.5046
.5044
.5041
.5039
.5037
.5035
.5033
.5031
.5029
.5027
.5024
.5022
.502
.5018
.5015
.5013
.5011
.5009
.5006
.5004
.5002
.4999
.4997
.4995
.4992
.499
.4987
.4985
.4982
.498
.4978
.4975
.4973
.497
.4967
.4965
.4962
.496
.4957
.4955
.4952
.4949
.4947
.4944
.4941
.4939
.4936
.4933
.493
.4928
.4925
.4922
.4919
.4916
.4914
.4911
.4908
.4905
.4902
.4899
.4896
.4893
.489
.4887
.4884
.4881
.4878
.4875
.4872
.4869
.4866
.4863
.486
.4857
.4854
.4851
.4847
.4844
.4841
.4838
.4835
.4831
.4828
.4825
.4822
.4818
.4815
.4812
.4808
.4805
.4802
.4798
.4795
.4792
.4788
.4785
.4781
.4778
.4774
.4771
.4767
.4764
.476
.4757
.4753
.475
.4746
.4743
.4739
.4735
.4732
.4728
.4725
.4721
.4717
.4714
.471
.4706
.4702
.4699
.4695
.4691
.4687
.4684
.468
.4676
.4672
.4668
.4665
.4661
.4657
.4653
.4649
.4645
.4641
.4637
.4633
.4629
.4626
.4622
.4618
.4614
.461
.4606
.4602
.4598
.4594
.4589
.4585
.4581
.4577
.4573
.4569
.4565
.4561
.4557
.4553
.4548
.4544
.454
.4536
.4532
.4528
.4523
.4519
.4515
.4511
.4506
.4502
.4498
.4494
.4489
.4485
.4481
.4477
.4472
.4468
.4464
.4459
.4455
.4451
.4446
.4442
.4438
.4433
.4429
.4424
.442
.4416
.4411
.4407
.4402
.4398
.4393
.4389
.4385
.438
.4376
.4371
.4367
.4362
.4358
.4353
.4349
.4344
.434
.4335
.4331
.4326
.4321
.4317
.4312
.4308
.4303
.4299
.4294
.429
.4285
.428
.4276
.4271
.4267
.4262
.4257
.4253
.4248
.4244
.4239
.4234
.423
.4225
.422
.4216
.4211
.4206
.4202
.4197
.4192
.4188
.4183
.4178
.4174
.4169
.4164
.416
.4155
.415
.4146
.4141
.4136
.4131
.4127
.4122
.4117
.4113
.4108
.4103
.4098
.4094
.4089
.4084
.4079
.4075
.407
.4065
.4061
.4056
.4051
.4046
.4042
.4037
.4032
.4027
.4023
.4018
.4013
.4008
.4004
.3999
.3994
.3989
.3985
.398
.3975
.397
.3965
.3961
.3956
.3951
.3946
.3942
.3937
.3932
.3927
.3923
.3918
.3913
.3908
.3904
.3899
.3894
.3889
.3885
.388
.3875
.387
.3865
.3861
.3856
.3851
.3846
.3842
.3837
.3832
.3827
.3823
.3818
.3813
.3808
.3804
.3799
.3794
.3789
.3785
.378
.3775
.3771
.3766
.3761
.3756
.3752
.3747
.3742
.3737
.3733
.3728
.3723
.3719
.3714
.3709
.3704
.37
.3695
.369
.3686
.3681
.3676
.3672
.3667
.3662
.3657
.3653
.3648
.3643
.3639
.3634
.3629
.3625
.362
.3615
.3611
.3606
.3602
.3597
.3592
.3588
.3583
.3578
.3574
.3569
.3564
.356
.3555
.3551
.3546
.3541
.3537
.3532
.3528
.3523
.3518
.3514
.3509
.3505
.35
.3495
.3491
.3486
.3482
.3477
.3473
.3468
.3464
.3459
.3455
.345
.3445
.3441
.3436
.3432
.3427
.3423
.3418
.3414
.3409
.3405
.34
.3396
.3391
.3387
.3382
.3378
.3374
.3369
.3365
.336
.3356
.3351
.3347
.3342
.3338
.3334
.3329
.3325
.332
.3316
.3312
.3307
.3303
.3298
.3294
.329
.3285
.3281
.3277
.3272
.3268
.3264
.3259
.3255
.3251
.3246
.3242
.3238
.3233
.3229
.3225
.322
.3216
.3212
.3208
.3203
.3199
.3195
.3191
.3186
.3182
.3178
.3174
.3169
.3165
.3161
.3157
.3152
.3148
.3144
.314
.3136
.3131
.3127
.3123
.3119
.3115
.3111
.3106
.3102
.3098
.3094
.309
.3086
.3082
.3078
.3073
.3069
.3065
.3061
.3057
.3053
.3049
.3045
.3041
.3037
.3033
.3029
.3025
.3021
.3016
.3012
.3008
.3004
.3
.2996
.2992
.2988
.2984
.298
.2976
.2972
.2969
.2965
.2961
.2957
.2953
.2949
.2945
.2941
.2937
.2933
.2929
.2925
.2921
.2918
.2914
.291
.2906
.2902
.2898
.2894
.289
.2887
.2883
.2879
.2875
.2871
.2867
.2864
.286
.2856
.2852
.2848
.2845
.2841
.2837
.2833
.283
.2826
.2822
.2818
.2815
.2811
.2807
.2803
.28
.2796
.2792
.2789
.2785
.2781
.2778
.2774
.277
.2766
.2763
.2759
.2756
.2752
.2748
.2745
.2741
.2737
.2734
.273
.2727
.2723
.2719
.2716
.2712
.2709
.2705
.2702
.2698
.2694
.2691
.2687
.2684
.268
.2677
.2673
.267
.2666
.2663
.2659
.2656
.2652
.2649
.2645
.2642
.2638
.2635
.2631
.2628
.2625
.2621
.2618
.2614
.2611
.2607
.2604
.2601
.2597
.2594
.259
.2587
.2584
.258
.2577
.2574
.257
.2567
.2564
.256
.2557
.2554
.255
.2547
.2544
.254
.2537
.2534
.2531
.2527
.2524
.2521
.2517
.2514
.2511
.2508
.2504
.2501
.2498
.2495
.2492
.2488
.2485
.2482
.2479
.2475
.2472
.2469
.2466
.2463
.246
.2456
.2453
.245
.2447
.2444
.2441
.2438
.2434
.2431
.2428
.2425
.2422
.2419
.2416
.2413
.241
.2407
.2403
.24
.2397
.2394
.2391
.2388
.2385
.2382
.2379
.2376
.2373
.237
.2367
.2364
.2361
.2358
.2355
.2352
.2349
.2346
.2343
.234
.2337
.2334
.2331
.2328
.2325
.2322
.232
.2317
.2314
.2311
.2308
.2305
.2302
.2299
.2296
.2293
.229
.2288
.2285
.2282
.2279
.2276
.2273
.227
.2268
.2265
.2262
.2259
.2256
.2253
.2251
.2248
.2245
.2242
.2239
.2237
.2234
.2231
.2228
.2226
.2223
.222
.2217
.2214
.2212
.2209
.2206
.2204
.2201
.2198
.2195
.2193
.219
.2187
.2185
.2182
.2179
.2176
.2174
.2171
.2168
.2166
.2163
.216
.2158
.2155
.2152
.215
.2147
.2145
.2142
.2139
.2137
.2134
.2131
.2129
.2126
.2124
.2121
.2118
.2116
.2113
.2111
.2108
.2106
.2103
.21
.2098
.2095
.2093
.209
.2088
.2085
.2083
.208
.2078
.2075
.2073
.207
.2068
.2065
.2063
.206
.2058
.2055
.2053
.205
.2048
.2045
.2043
.204
.2038
.2035
.2033
.2031
.2028
.2026
.2023
.2021
.2018
.2016
.2014
.2011
.2009
.2006
.2004
.2002
.1999
.1997
.1995
.1992
.199
.1987
.1985
.1983
.198
.1978
.1976
.1973
.1971
.1969
.1966
.1964
.1962
.1959
.1957
.1955
.1952
.195
.1948
.1946
.1943
.1941
.1939
.1936
.1934
.1932
.193
.1927
.1925
.1923
.1921
.1918
.1916
.1914
.1912
.1909
.1907
.1905
.1903
.1901
.1898
.1896
.1894
.1892
.189
.1887
.1885
.1883
.1881
.1879
.1876
.1874
.1872
.187
.1868
.1866
.1863
.1861
.1859
.1857
.1855
.1853
.1851
.1848
.1846
.1844
.1842
.184
.1838
.1836
.1834
.1832
.1829
.1827
.1825
.1823
.1821
.1819
.1817
.1815
.1813
.1811
.1809
.1807
.1805
.1803
.1801
.1798
.1796
.1794
.1792
.179
.1788
.1786
.1784
.1782
.178
.1778
.1776
.1774
.1772
.177
.1768
.1766
.1764
.1762
.176
.1758
.1756
.1754
.1752
.175
.1749
.1747
.1745
.1743
.1741
.1739
.1737
.1735
.1733
.1731
.1729
.1727
.1725
.1723
.1721
.172
.1718
.1716
.1714
.1712
.171
.1708
.1706
.1704
.1703
.1701
.1699
.1697
.1695
.1693
.1691
.1689
.1688
.1686
.1684
.1682
.168
.1678
.1677
.1675
.1673
.1671
.1669
.1667
.1666
.1664
.1662
.166
.1658
.1657
.1655
.1653
.1651
.1649
.1648
.1646
.1644
.1642
.164
.1639
.1637
.1635
.1633
.1632
.163
.1628
.1626
.1625
.1623
.1621
.1619
.1618
.1616
.1614
.1612
.1611
.1609
.1607
.1605
.1604
.1602
.16
.1599
.1597
.1595
.1594
.1592
.159
.1588
.1587
.1585
.1583
.1582
.158
.1578
.1577
.1575
.1573
.1572
.157
.1568
.1567
.1565
.1563
.1562
.156
.1558
.1557
.1555
.1554
.1552
.155
.1549
.1547
.1545
.1544
.1542
.1541
.1539
.1537
.1536
.1534
.1533
.1531
.1529
.1528
.1526
.1525
.1523
.1521
.152
.1518
.1517
.1515
.1514
.1512
.151
.1509
.1507
.1506
.1504
.1503
.1501
.15
.1498
.1496
.1495
.1493
.1492
.149
.1489
.1487
.1486
.1484
.1483
.1481
.148
.1478
.1477
.1475
.1474
.1472
.1471
.1469
.1468
.1466
.1465
.1463
.1462
.146
.1459
.1457
.1456
.1454
.1453
.1451
.145
.1448
.1447
.1445
.1444
.1443
.1441
.144
.1438
.1437
.1435
.1434
.1432
.1431
.143
.1428
.1427
.1425
.1424
.1422
.1421
.142
.1418
.1417
.1415
.1414
.1413
.1411
.141
.1408
.1407
.1406
.1404
.1403
.1401
.14
.1399
.1397
.1396
.1394
.1393
.1392
.139
.1389
.1388
.1386
.1385
.1383
.1382
.1381
.1379
.1378
.1377
.1375
.1374
.1373
.1371
.137
.1369
.1367
.1366
.1365
.1363
.1362
.1361
.1359
.1358
.1357
.1355
.1354
.1353
.1351
.135
.1349
.1347
.1346
.1345
.1344
.1342
.1341
.134
.1338
.1337
.1336
.1335
.1333
.1332
.1331
.1329
.1328
.1327
.1326
.1324
.1323
.1322
.1321
.1319
.1318
.1317
.1315
.1314
.1313
.1312
.131
.1309
.1308
.1307
.1306
.1304
.1303
.1302
.1301
.1299
.1298
.1297
.1296
.1294
.1293
.1292
.1291
.129
.1288
.1287
.1286
.1285
.1283
.1282
.1281
.128
.1279
.1277
.1276
.1275
.1274
.1273
.1272
.127
.1269
.1268
.1267
.1266
.1264
.1263
.1262
.1261
.126
.1259
.1257
.1256
.1255
.1254
.1253
.1252
.125
.1249
.1248
.1247
.1246
.1245
.1243
.1242
.1241
.124
.1239
.1238
.1237
.1235
.1234
.1233
.1232
.1231
.123
.1229
.1228
.1226
.1225
.1224
.1223
.1222
.1221
.122
.1219
.1218
.1216
.1215
.1214
.1213
.1212
.1211
.121
.1209
.1208
.1207
.1205
.1204
.1203
.1202
.1201
.12
.1199
.1198
.1197
.1196
.1195
.1194
.1192
.1191
.119
.1189
.1188
.1187
.1186
.1185
.1184
.1183
.1182
.1181
.118
.1179
.1178
.1177
.1176
.1174
.1173
.1172
.1171
.117
.1169
.1168
.1167
.1166
.1165
.1164
.1163
.1162
.1161
.116
.1159
.1158
.1157
.1156
.1155
.1154
.1153
.1152
.1151
.115
.1149
.1148
.1147
.1146
.1145
.1144
.1143
.1142
.1141
.114
.1139
.1138
.1137
.1136
.1135
.1134
.1133
.1132
.1131
.113
.1129
.1128
.1127
.1126
.1125
.1124
.1123
.1122
.1121
.112
.1119
.1118
.1117
.1116
.1115
.1114
.1113
.1113
.1112
.1111
.111
.1109
.1108
.1107
.1106
.1105
.1104
.1103
.1102
.1101
.11
.1099
.1098
.1097
.1096
.1096
.1095
.1094
.1093
.1092
.1091
.109
.1089
.1088
.1087
.1086
.1085
.1084
.1083
.1083
.1082
.1081
.108
.1079
.1078
.1077
.1076
.1075
.1074
.1073
.1073
.1072
.1071
.107
.1069
.1068
.1067
.1066
.1065
.1065
.1064
.1063
.1062
.1061
.106
.1059
.1058
.1057
.1057
.1056
.1055
.1054
.1053
.1052
.1051
.105
.105
.1049
.1048
.1047
.1046
.1045
.1044
.1044
.1043
.1042
.1041
.104
.1039
.1038
.1038
.1037
.1036
.1035
.1034
.1033
.1032
.1032
.1031
.103
.1029
.1028
.1027
.1027
.1026
.1025
.1024
.1023
.1022
.1022
.1021
.102
.1019
.1018
.1017
.1017
.1016
.1015
.1014
.1013
.1012
.1012
.1011
.101
.1009
.1008
.1008
.1007
.1006
.1005
.1004
.1004
.1003
.1002
.1001
.1
.1
.0999
.0998
.0997
.0996
.0996
.0995
.0994
.0993
.0992
.0992
.0991
.099
.0989
.0988
.0988
.0987
.0986
.0985
.0985
.0984
.0983
.0982
.0981
.0981
.098
.0979
.0978
.0978
.0977
.0976
.0975
.0974
.0974
.0973
.0972
.0971
.0971
.097
.0969
.0968
.0968
.0967
.0966
.0965
.0965
.0964
.0963
.0962
.0962
.0961
.096
.0959
.0959
.0958
.0957
.0956
.0956
.0955
.0954
.0953
.0953
.0952
.0951
.095
.095
.0949
.0948
.0947
.0947
.0946
.0945
.0944
.0944
.0943
.0942
.0942
.0941
.094
.0939
.0939
.0938
.0937
.0937
.0936
.0935
.0934
.0934
.0933
.0932
.0932
.0931
.093
.0929
.0929
.0928
.0927
.0927
.0926
.0925
.0924
.0924
.0923
.0922
.0922
.0921
.092
.092
.0919
.0918
.0917
.0917
.0916
.0915
.0915
.0914
.0913
.0913
.0912
.0911
.0911
.091
.0909
.0909
.0908
.0907
.0906
.0906
.0905
.0904
.0904
.0903
.0902
.0902
.0901
.09
.09
.0899
.0898
.0898
.0897
.0896
.0896
.0895
.0894
.0894
.0893
.0892
.0892
.0891
.089
.089
.0889
.0888
.0888
.0887
.0886
.0886
.0885
.0884
.0884
.0883
.0882
.0882
.0881
.0881
.088
.0879
.0879
.0878
.0877
.0877
.0876
.0875
.0875
.0874
.0873
.0873
.0872
.0872
.0871
.087
.087
.0869
.0868
.0868
.0867
.0866
.0866
.0865
.0865
.0864
.0863
.0863
.0862
.0861
.0861
.086
.086
.0859
.0858
.0858
.0857
.0856
.0856
.0855
.0855
.0854
.0853
.0853
.0852
.0852
.0851
.085
.085
.0849
.0848
.0848
.0847
.0847
.0846
.0845
.0845
.0844
.0844
.0843
.0842
.0842
.0841
.0841
.084
.0839
.0839
.0838
.0838
.0837
.0836
.0836
.0835
.0835
.0834
.0833
.0833
.0832
.0832
.0831
.0831
.083
.0829
.0829
.0828
.0828
.0827
.0826
.0826
.0825
.0825
.0824
.0824
.0823
.0822
.0822
.0821
.0821
.082
.0819
.0819
.0818
.0818
.0817
.0817
.0816
.0815
.0815
.0814
.0814
.0813
.0813
.0812
.0812
.0811
.081
.081
.0809
.0809
.0808
.0808
.0807
.0806
.0806
.0805
.0805
.0804
.0804
.0803
.0803
.0802
.0801
.0801
.08
.08
.0799
.0799
.0798
.0798
.0797
.0796
.0796
.0795
.0795
.0794
.0794
.0793
.0793
.0792
.0792
.0791
.0791
.079
.0789
.0789
.0788
.0788
.0787
.0787
.0786
.0786
.0785
.0785
.0784
.0784
.0783
.0782
.0782
.0781
.0781
.078
.078
.0779
.0779
.0778
.0778
.0777
.0777
.0776
.0776
.0775
.0775
.0774
.0774
.0773
.0772
.0772
.0771
.0771
.077
.077
.0769
.0769
.0768
.0768
.0767
.0767
.0766
.0766
.0765
.0765
.0764
.0764
.0763
.0763
.0762
.0762
.0761
.0761
.076
.076
.0759
.0759
.0758
.0758
.0757
.0757
.0756
.0756
.0755
.0755
.0754
.0754
.0753
.0753
.0752
.0752
.0751
.0751
.075
.075
.0749
.0749
.0748
.0748
.0747
.0747
.0746
.0746
.0745
.0745
.0744
.0744
.0743
.0743
.0742
.0742
.0741
.0741
.074
.074
.0739
.0739
.0738
.0738
.0737
.0737
.0736
.0736
.0736
.0735
.0735
.0734
.0734
.0733
.0733
.0732
.0732
.0731
.0731
.073
.073
.0729
.0729
.0728
.0728
.0727
.0727
.0727
.0726
.0726
.0725
.0725
.0724
.0724
.0723
.0723
.0722
.0722
.0721
.0721
.072
.072
.072
.0719
.0719
.0718
.0718
.0717
.0717
.0716
.0716
.0715
.0715
.0714
.0714
.0714
.0713
.0713
.0712
.0712
.0711
.0711
.071
.071
.071
.0709
.0709
.0708
.0708
.0707
.0707
.0706
.0706
.0705
.0705
.0705
.0704
.0704
.0703
.0703
.0702
.0702
.0701
.0701
.0701
.07
.07
.0699
.0699
.0698
.0698
.0698
.0697
.0697
.0696
.0696
.0695
.0695
.0694
.0694
.0694
.0693
.0693
.0692
.0692
.0691
.0691
.0691
.069
.069
.0689
.0689
.0688
.0688
.0688
.0687
.0687
.0686
.0686
.0685
.0685
.0685
.0684
.0684
.0683
.0683
.0682
.0682
.0682
.0681
.0681
.068
.068
.068
.0679
.0679
.0678
.0678
.0677
.0677
.0677
.0676
.0676
.0675
.0675
.0675
.0674
.0674
.0673
.0673
.0672
.0672
.0672
.0671
.0671
.067
.067
.067
.0669
.0669
.0668
.0668
.0668
.0667
.0667
.0666
.0666
.0666
.0665
.0665
.0664
.0664
.0663
.0663
.0663
.0662
.0662
.0661
.0661
.0661
.066
.066
.0659
.0659
.0659
.0658
.0658
.0657
.0657
.0657
.0656
.0656
.0656
.0655
.0655
.0654
.0654
.0654
.0653
.0653
.0652
.0652
.0652
.0651
.0651
.065
.065
.065
.0649
.0649
.0648
.0648
.0648
.0647
.0647
.0647
.0646
.0646
.0645
.0645
.0645
.0644
.0644
.0643
.0643
.0643
.0642
.0642
.0642
.0641
.0641
.064
.064
.064
.0639
.0639
.0639
.0638
.0638
.0637
.0637
.0637
.0636
.0636
.0636
.0635
.0635
.0634
.0634
.0634
.0633
.0633
.0633
.0632
.0632
.0631
.0631
.0631
.063
.063
.063
.0629
.0629
.0628
.0628
.0628
.0627
.0627
.0627
.0626
.0626
.0626
.0625
.0625
.0624
.0624
.0624
.0623
.0623
.0623
.0622
.0622
.0622
.0621
.0621
.062
.062
.062
.0619
.0619
.0619
.0618
.0618
.0618
.0617
.0617
.0617
.0616
.0616
.0615
.0615
.0615
.0614
.0614
.0614
.0613
.0613
.0613
.0612
.0612
.0612
.0611
.0611
.0611
.061
.061
.0609
.0609
.0609
.0608
.0608
.0608
.0607
.0607
.0607
.0606
.0606
.0606
.0605
.0605
.0605
.0604
.0604
.0604
.0603
.0603
.0603
.0602
.0602
.0602
.0601
.0601
.0601
.06
.06
.0599
.0599
.0599
.0598
.0598
.0598
.0597
.0597
.0597
.0596
.0596
.0596
.0595
.0595
.0595
.0594
.0594
.0594
.0593
.0593
.0593
.0592
.0592
.0592
.0591
.0591
.0591
.059
.059
.059
.0589
.0589
.0589
.0588
.0588
.0588
.0587
.0587
.0587
.0586
.0586
.0586
.0586
.0585
.0585
.0585
.0584
.0584
.0584
.0583
.0583
.0583
.0582
.0582
.0582
.0581
.0581
.0581
.058
.058
.058
.0579
.0579
.0579
.0578
.0578
.0578
.0577
.0577
.0577
.0576
.0576
.0576
.0576
.0575
.0575
.0575
.0574
.0574
.0574
.0573
.0573
.0573
.0572
.0572
.0572
.0571
.0571
.0571
.057
.057
.057
.057
.0569
.0569
.0569
.0568
.0568
.0568
.0567
.0567
.0567
.0566
.0566
.0566
.0566
.0565
.0565
.0565
.0564
.0564
.0564
.0563
.0563
.0563
.0562
.0562
.0562
.0562
.0561
.0561
.0561
.056
.056
.056
.0559
.0559
.0559
.0559
.0558
.0558
.0558
.0557
.0557
.0557
.0556
.0556
.0556
.0555
.0555
.0555
.0555
.0554
.0554
.0554
.0553
.0553
.0553
.0553
.0552
.0552
.0552
.0551
.0551
.0551
.055
.055
.055
.055
.0549
.0549
.0549
.0548
.0548
.0548
.0548
.0547
.0547
.0547
.0546
.0546
.0546
.0545
.0545
.0545
.0545
.0544
.0544
.0544
.0543
.0543
.0543
.0543
.0542
.0542
.0542
.0541
.0541
.0541
.0541
.054
.054
.054
.0539
.0539
.0539
.0539
.0538
.0538
.0538
.0537
.0537
.0537
.0537
.0536
.0536
.0536
.0535
.0535
.0535
.0535
.0534
.0534
.0534
.0534
.0533
.0533
.0533
.0532
.0532
.0532
.0532
.0531
.0531
.0531
.053
.053
.053
.053
.0529
.0529
.0529
.0529
.0528
.0528
.0528
.0527
.0527
.0527
.0527
.0526
.0526
.0526
.0525
.0525
.0525
.0525
.0524
.0524
.0524
.0524
.0523
.0523
.0523
.0523
.0522
.0522
.0522
.0521
.0521
.0521
.0521
.052
.052
.052
.052
.0519
.0519
.0519
.0518
.0518
.0518
.0518
.0517
.0517
.0517
.0517
.0516
.0516
.0516
.0516
.0515
.0515
.0515
.0514
.0514
.0514
.0514
.0513
.0513
.0513
.0513
.0512
.0512
.0512
.0512
.0511
.0511
.0511
.0511
.051
.051
.051
.051
.0509
.0509
.0509
.0508
.0508
.0508
.0508
.0507
.0507
.0507
.0507
.0506
.0506
.0506
.0506
.0505
.0505
.0505
.0505
.0504
.0504
.0504
.0504
.0503
.0503
.0503
.0503
.0502
.0502
.0502
.0502
.0501
.0501
.0501
.0501
.05
.05
.05
