.5364
.5362
.536
.5359
.5357
.5356
.5354
.5352
.5351
.535
.5348
.5347
.5346
.5344
.5343
.5342
.5341
.534
.5338
.5337
.5336
.5335
.5334
.5333
.5332
.5331
.533
.5329
.5329
.5328
.5327
.5326
.5325
.5324
.5323
.5323
.5322
.5321
.532
.5319
.5319
.5318
.5317
.5316
.5316
.5315
.5314
.5313
.5313
.5312
.5311
.5311
.531
.5309
.5309
.5308
.5307
.5306
.5306
.5305
.5304
.5304
.5303
.5302
.5302
.5301
.53
.53
.5299
.5298
.5298
.5297
.5296
.5296
.5295
.5294
.5294
.5293
.5292
.5292
.5291
.529
.529
.5289
.5288
.5288
.5287
.5286
.5286
.5285
.5284
.5284
.5283
.5282
.5281
.5281
.528
.5279
.5279
.5278
.5277
.5277
.5276
.5275
.5275
.5274
.5273
.5273
.5272
.5271
.5271
.527
.5269
.5269
.5268
.5267
.5266
.5266
.5265
.5264
.5264
.5263
.5262
.5262
.5261
.526
.5259
.5259
.5258
.5257
.5257
.5256
.5255
.5255
.5254
.5253
.5252
.5252
.5251
.525
.525
.5249
.5248
.5248
.5247
.5246
.5245
.5245
.5244
.5243
.5243
.5242
.5241
.524
.524
.5239
.5238
.5237
.5237
.5236
.5235
.5235
.5234
.5233
.5232
.5232
.5231
.523
.5229
.5229
.5228
.5227
.5227
.5226
.5225
.5224
.5224
.5223
.5222
.5221
.5221
.522
.5219
.5218
.5218
.5217
.5216
.5216
.5215
.5214
.5213
.5213
.5212
.5211
.521
.521
.5209
.5208
.5207
.5207
.5206
.5205
.5204
.5204
.5203
.5202
.5201
.5201
.52
.5199
.5198
.5197
.5197
.5196
.5195
.5194
.5194
.5193
.5192
.5191
.5191
.519
.5189
.5188
.5188
.5187
.5186
.5185
.5184
.5184
.5183
.5182
.5181
.5181
.518
.5179
.5178
.5177
.5177
.5176
.5175
.5174
.5174
.5173
.5172
.5171
.517
.517
.5169
.5168
.5167
.5166
.5166
.5165
.5164
.5163
.5162
.5162
.5161
.516
.5159
.5158
.5157
.5157
.5156
.5155
.5154
.5153
.5153
.5152
.5151
.515
.5149
.5148
.5148
.5147
.5146
.5145
.5144
.5143
.5142
.5142
.5141
.514
.5139
.5138
.5137
.5137
.5136
.5135
.5134
.5133
.5132
.5131
.513
.513
.5129
.5128
.5127
.5126
.5125
.5124
.5123
.5122
.5122
.5121
.512
.5119
.5118
.5117
.5116
.5115
.5114
.5113
.5112
.5111
.5111
.511
.5109
.5108
.5107
.5106
.5105
.5104
.5103
.5102
.5101
.51
.5099
.5098
.5097
.5096
.5095
.5094
.5093
.5092
.5091
.509
.5089
.5088
.5087
.5086
.5085
.5084
.5083
.5082
.5081
.508
.5079
.5078
.5077
.5076
.5075
.5074
.5072
.5071
.507
.5069
.5068
.5067
.5066
.5065
.5064
.5063
.5062
.506
.5059
.5058
.5057
.5056
.5055
.5054
.5052
.5051
.505
.5049
.5048
.5046
.5045
.5044
.5043
.5042
.504
.5039
.5038
.5037
.5036
.5034
.5033
.5032
.5031
.5029
.5028
.5027
.5025
.5024
.5023
.5022
.502
.5019
.5018
.5016
.5015
.5014
.5012
.5011
.501
.5008
.5007
.5006
.5004
.5003
.5001
.5
.4999
.4997
.4996
.4994
.4993
.4991
.499
.4989
.4987
.4986
.4984
.4983
.4981
.498
.4978
.4977
.4975
.4974
.4972
.4971
.4969
.4967
.4966
.4964
.4963
.4961
.496
.4958
.4956
.4955
.4953
.4952
.495
.4948
.4947
.4945
.4943
.4942
.494
.4938
.4937
.4935
.4933
.4931
.493
.4928
.4926
.4924
.4923
.4921
.4919
.4917
.4916
.4914
.4912
.491
.4908
.4907
.4905
.4903
.4901
.4899
.4897
.4896
.4894
.4892
.489
.4888
.4886
.4884
.4882
.488
.4878
.4876
.4874
.4872
.4871
.4869
.4867
.4865
.4863
.4861
.4859
.4857
.4855
.4852
.485
.4848
.4846
.4844
.4842
.484
.4838
.4836
.4834
.4832
.483
.4827
.4825
.4823
.4821
.4819
.4817
.4815
.4812
.481
.4808
.4806
.4804
.4801
.4799
.4797
.4795
.4792
.479
.4788
.4786
.4783
.4781
.4779
.4777
.4774
.4772
.477
.4767
.4765
.4763
.476
.4758
.4756
.4753
.4751
.4749
.4746
.4744
.4741
.4739
.4737
.4734
.4732
.4729
.4727
.4725
.4722
.472
.4717
.4715
.4712
.471
.4707
.4705
.4702
.47
.4697
.4695
.4692
.469
.4687
.4685
.4682
.468
.4677
.4675
.4672
.467
.4667
.4664
.4662
.4659
.4657
.4654
.4652
.4649
.4646
.4644
.4641
.4638
.4636
.4633
.4631
.4628
.4625
.4623
.462
.4617
.4615
.4612
.4609
.4607
.4604
.4601
.4599
.4596
.4593
.4591
.4588
.4585
.4582
.458
.4577
.4574
.4572
.4569
.4566
.4563
.4561
.4558
.4555
.4552
.455
.4547
.4544
.4541
.4539
.4536
.4533
.453
.4527
.4525
.4522
.4519
.4516
.4514
.4511
.4508
.4505
.4502
.4499
.4497
.4494
.4491
.4488
.4485
.4483
.448
.4477
.4474
.4471
.4468
.4465
.4463
.446
.4457
.4454
.4451
.4448
.4445
.4443
.444
.4437
.4434
.4431
.4428
.4425
.4422
.442
.4417
.4414
.4411
.4408
.4405
.4402
.4399
.4396
.4394
.4391
.4388
.4385
.4382
.4379
.4376
.4373
.437
.4367
.4364
.4361
.4359
.4356
.4353
.435
.4347
.4344
.4341
.4338
.4335
.4332
.4329
.4326
.4323
.432
.4317
.4315
.4312
.4309
.4306
.4303
.43
.4297
.4294
.4291
.4288
.4285
.4282
.4279
.4276
.4273
.427
.4267
.4264
.4261
.4258
.4255
.4253
.425
.4247
.4244
.4241
.4238
.4235
.4232
.4229
.4226
.4223
.422
.4217
.4214
.4211
.4208
.4205
.4202
.4199
.4196
.4193
.419
.4187
.4184
.4181
.4178
.4175
.4172
.4169
.4166
.4163
.4161
.4158
.4155
.4152
.4149
.4146
.4143
.414
.4137
.4134
.4131
.4128
.4125
.4122
.4119
.4116
.4113
.411
.4107
.4104
.4101
.4098
.4095
.4092
.4089
.4086
.4083
.408
.4077
.4074
.4071
.4068
.4065
.4062
.406
.4057
.4054
.4051
.4048
.4045
.4042
.4039
.4036
.4033
.403
.4027
.4024
.4021
.4018
.4015
.4012
.4009
.4006
.4003
.4
.3997
.3994
.3991
.3989
.3986
.3983
.398
.3977
.3974
.3971
.3968
.3965
.3962
.3959
.3956
.3953
.395
.3947
.3944
.3941
.3938
.3936
.3933
.393
.3927
.3924
.3921
.3918
.3915
.3912
.3909
.3906
.3903
.39
.3898
.3895
.3892
.3889
.3886
.3883
.388
.3877
.3874
.3871
.3868
.3865
.3863
.386
.3857
.3854
.3851
.3848
.3845
.3842
.3839
.3836
.3834
.3831
.3828
.3825
.3822
.3819
.3816
.3813
.381
.3808
.3805
.3802
.3799
.3796
.3793
.379
.3787
.3785
.3782
.3779
.3776
.3773
.377
.3767
.3765
.3762
.3759
.3756
.3753
.375
.3747
.3745
.3742
.3739
.3736
.3733
.373
.3728
.3725
.3722
.3719
.3716
.3713
.3711
.3708
.3705
.3702
.3699
.3696
.3694
.3691
.3688
.3685
.3682
.3679
.3677
.3674
.3671
.3668
.3665
.3663
.366
.3657
.3654
.3651
.3649
.3646
.3643
.364
.3637
.3635
.3632
.3629
.3626
.3624
.3621
.3618
.3615
.3612
.361
.3607
.3604
.3601
.3599
.3596
.3593
.359
.3588
.3585
.3582
.3579
.3576
.3574
.3571
.3568
.3565
.3563
.356
.3557
.3555
.3552
.3549
.3546
.3544
.3541
.3538
.3535
.3533
.353
.3527
.3524
.3522
.3519
.3516
.3514
.3511
.3508
.3505
.3503
.35
.3497
.3495
.3492
.3489
.3486
.3484
.3481
.3478
.3476
.3473
.347
.3468
.3465
.3462
.346
.3457
.3454
.3452
.3449
.3446
.3443
.3441
.3438
.3435
.3433
.343
.3427
.3425
.3422
.3419
.3417
.3414
.3411
.3409
.3406
.3404
.3401
.3398
.3396
.3393
.339
.3388
.3385
.3382
.338
.3377
.3374
.3372
.3369
.3367
.3364
.3361
.3359
.3356
.3353
.3351
.3348
.3346
.3343
.334
.3338
.3335
.3333
.333
.3327
.3325
.3322
.3319
.3317
.3314
.3312
.3309
.3306
.3304
.3301
.3299
.3296
.3294
.3291
.3288
.3286
.3283
.3281
.3278
.3275
.3273
.327
.3268
.3265
.3263
.326
.3257
.3255
.3252
.325
.3247
.3245
.3242
.3239
.3237
.3234
.3232
.3229
.3227
.3224
.3222
.3219
.3217
.3214
.3211
.3209
.3206
.3204
.3201
.3199
.3196
.3194
.3191
.3189
.3186
.3184
.3181
.3179
.3176
.3173
.3171
.3168
.3166
.3163
.3161
.3158
.3156
.3153
.3151
.3148
.3146
.3143
.3141
.3138
.3136
.3133
.3131
.3128
.3126
.3123
.3121
.3118
.3116
.3113
.3111
.3108
.3106
.3103
.3101
.3098
.3096
.3093
.3091
.3088
.3086
.3083
.3081
.3079
.3076
.3074
.3071
.3069
.3066
.3064
.3061
.3059
.3056
.3054
.3051
.3049
.3046
.3044
.3042
.3039
.3037
.3034
.3032
.3029
.3027
.3024
.3022
.302
.3017
.3015
.3012
.301
.3007
.3005
.3002
.3
.2998
.2995
.2993
.299
.2988
.2985
.2983
.2981
.2978
.2976
.2973
.2971
.2968
.2966
.2964
.2961
.2959
.2956
.2954
.2952
.2949
.2947
.2944
.2942
.2939
.2937
.2935
.2932
.293
.2927
.2925
.2923
.292
.2918
.2915
.2913
.2911
.2908
.2906
.2904
.2901
.2899
.2896
.2894
.2892
.2889
.2887
.2884
.2882
.288
.2877
.2875
.2873
.287
.2868
.2865
.2863
.2861
.2858
.2856
.2854
.2851
.2849
.2846
.2844
.2842
.2839
.2837
.2835
.2832
.283
.2828
.2825
.2823
.2821
.2818
.2816
.2813
.2811
.2809
.2806
.2804
.2802
.2799
.2797
.2795
.2792
.279
.2788
.2785
.2783
.2781
.2778
.2776
.2774
.2771
.2769
.2767
.2764
.2762
.276
.2757
.2755
.2753
.275
.2748
.2746
.2743
.2741
.2739
.2736
.2734
.2732
.2729
.2727
.2725
.2723
.272
.2718
.2716
.2713
.2711
.2709
.2706
.2704
.2702
.2699
.2697
.2695
.2693
.269
.2688
.2686
.2683
.2681
.2679
.2677
.2674
.2672
.267
.2667
.2665
.2663
.2661
.2658
.2656
.2654
.2651
.2649
.2647
.2645
.2642
.264
.2638
.2635
.2633
.2631
.2629
.2626
.2624
.2622
.262
.2617
.2615
.2613
.261
.2608
.2606
.2604
.2601
.2599
.2597
.2595
.2592
.259
.2588
.2586
.2583
.2581
.2579
.2577
.2574
.2572
.257
.2568
.2565
.2563
.2561
.2559
.2556
.2554
.2552
.255
.2548
.2545
.2543
.2541
.2539
.2536
.2534
.2532
.253
.2527
.2525
.2523
.2521
.2519
.2516
.2514
.2512
.251
.2508
.2505
.2503
.2501
.2499
.2496
.2494
.2492
.249
.2488
.2485
.2483
.2481
.2479
.2477
.2474
.2472
.247
.2468
.2466
.2463
.2461
.2459
.2457
.2455
.2453
.245
.2448
.2446
.2444
.2442
.2439
.2437
.2435
.2433
.2431
.2429
.2426
.2424
.2422
.242
.2418
.2416
.2413
.2411
.2409
.2407
.2405
.2403
.24
.2398
.2396
.2394
.2392
.239
.2388
.2385
.2383
.2381
.2379
.2377
.2375
.2372
.237
.2368
.2366
.2364
.2362
.236
.2358
.2355
.2353
.2351
.2349
.2347
.2345
.2343
.2341
.2338
.2336
.2334
.2332
.233
.2328
.2326
.2324
.2321
.2319
.2317
.2315
.2313
.2311
.2309
.2307
.2305
.2303
.23
.2298
.2296
.2294
.2292
.229
.2288
.2286
.2284
.2282
.228
.2278
.2275
.2273
.2271
.2269
.2267
.2265
.2263
.2261
.2259
.2257
.2255
.2253
.2251
.2249
.2246
.2244
.2242
.224
.2238
.2236
.2234
.2232
.223
.2228
.2226
.2224
.2222
.222
.2218
.2216
.2214
.2212
.221
.2208
.2206
.2204
.2202
.22
.2198
.2196
.2194
.2192
.219
.2187
.2185
.2183
.2181
.2179
.2177
.2175
.2173
.2171
.2169
.2167
.2165
.2163
.2161
.2159
.2158
.2156
.2154
.2152
.215
.2148
.2146
.2144
.2142
.214
.2138
.2136
.2134
.2132
.213
.2128
.2126
.2124
.2122
.212
.2118
.2116
.2114
.2112
.211
.2108
.2106
.2104
.2103
.2101
.2099
.2097
.2095
.2093
.2091
.2089
.2087
.2085
.2083
.2081
.2079
.2078
.2076
.2074
.2072
.207
.2068
.2066
.2064
.2062
.206
.2058
.2057
.2055
.2053
.2051
.2049
.2047
.2045
.2043
.2041
.204
.2038
.2036
.2034
.2032
.203
.2028
.2027
.2025
.2023
.2021
.2019
.2017
.2015
.2014
.2012
.201
.2008
.2006
.2004
.2002
.2001
.1999
.1997
.1995
.1993
.1991
.199
.1988
.1986
.1984
.1982
.1981
.1979
.1977
.1975
.1973
.1972
.197
.1968
.1966
.1964
.1963
.1961
.1959
.1957
.1955
.1954
.1952
.195
.1948
.1946
.1945
.1943
.1941
.1939
.1938
.1936
.1934
.1932
.1931
.1929
.1927
.1925
.1924
.1922
.192
.1918
.1917
.1915
.1913
.1911
.191
.1908
.1906
.1904
.1903
.1901
.1899
.1898
.1896
.1894
.1892
.1891
.1889
.1887
.1886
.1884
.1882
.188
.1879
.1877
.1875
.1874
.1872
.187
.1869
.1867
.1865
.1864
.1862
.186
.1859
.1857
.1855
.1854
.1852
.185
.1849
.1847
.1845
.1844
.1842
.184
.1839
.1837
.1835
.1834
.1832
.1831
.1829
.1827
.1826
.1824
.1822
.1821
.1819
.1818
.1816
.1814
.1813
.1811
.1809
.1808
.1806
.1805
.1803
.1801
.18
.1798
.1797
.1795
.1793
.1792
.179
.1789
.1787
.1786
.1784
.1782
.1781
.1779
.1778
.1776
.1775
.1773
.1772
.177
.1768
.1767
.1765
.1764
.1762
.1761
.1759
.1758
.1756
.1755
.1753
.1751
.175
.1748
.1747
.1745
.1744
.1742
.1741
.1739
.1738
.1736
.1735
.1733
.1732
.173
.1729
.1727
.1726
.1724
.1723
.1721
.172
.1718
.1717
.1715
.1714
.1712
.1711
.1709
.1708
.1707
.1705
.1704
.1702
.1701
.1699
.1698
.1696
.1695
.1693
.1692
.1691
.1689
.1688
.1686
.1685
.1683
.1682
.1681
.1679
.1678
.1676
.1675
.1673
.1672
.1671
.1669
.1668
.1666
.1665
.1664
.1662
.1661
.1659
.1658
.1657
.1655
.1654
.1652
.1651
.165
.1648
.1647
.1645
.1644
.1643
.1641
.164
.1639
.1637
.1636
.1634
.1633
.1632
.163
.1629
.1628
.1626
.1625
.1624
.1622
.1621
.162
.1618
.1617
.1616
.1614
.1613
.1612
.161
.1609
.1608
.1606
.1605
.1604
.1602
.1601
.16
.1598
.1597
.1596
.1594
.1593
.1592
.1591
.1589
.1588
.1587
.1585
.1584
.1583
.1582
.158
.1579
.1578
.1576
.1575
.1574
.1573
.1571
.157
.1569
.1568
.1566
.1565
.1564
.1562
.1561
.156
.1559
.1557
.1556
.1555
.1554
.1552
.1551
.155
.1549
.1548
.1546
.1545
.1544
.1543
.1541
.154
.1539
.1538
.1537
.1535
.1534
.1533
.1532
.153
.1529
.1528
.1527
.1526
.1524
.1523
.1522
.1521
.152
.1518
.1517
.1516
.1515
.1514
.1513
.1511
.151
.1509
.1508
.1507
.1505
.1504
.1503
.1502
.1501
.15
.1498
.1497
.1496
.1495
.1494
.1493
.1491
.149
.1489
.1488
.1487
.1486
.1485
.1483
.1482
.1481
.148
.1479
.1478
.1477
.1476
.1474
.1473
.1472
.1471
.147
.1469
.1468
.1467
.1465
.1464
.1463
.1462
.1461
.146
.1459
.1458
.1457
.1455
.1454
.1453
.1452
.1451
.145
.1449
.1448
.1447
.1446
.1445
.1444
.1442
.1441
.144
.1439
.1438
.1437
.1436
.1435
.1434
.1433
.1432
.1431
.143
.1429
.1427
.1426
.1425
.1424
.1423
.1422
.1421
.142
.1419
.1418
.1417
.1416
.1415
.1414
.1413
.1412
.1411
.141
.1409
.1408
.1407
.1406
.1405
.1404
.1402
.1401
.14
.1399
.1398
.1397
.1396
.1395
.1394
.1393
.1392
.1391
.139
.1389
.1388
.1387
.1386
.1385
.1384
.1383
.1382
.1381
.138
.1379
.1378
.1377
.1376
.1375
.1374
.1373
.1372
.1371
.1371
.137
.1369
.1368
.1367
.1366
.1365
.1364
.1363
.1362
.1361
.136
.1359
.1358
.1357
.1356
.1355
.1354
.1353
.1352
.1351
.135
.1349
.1348
.1347
.1347
.1346
.1345
.1344
.1343
.1342
.1341
.134
.1339
.1338
.1337
.1336
.1335
.1334
.1333
.1333
.1332
.1331
.133
.1329
.1328
.1327
.1326
.1325
.1324
.1323
.1322
.1322
.1321
.132
.1319
.1318
.1317
.1316
.1315
.1314
.1313
.1313
.1312
.1311
.131
.1309
.1308
.1307
.1306
.1305
.1304
.1304
.1303
.1302
.1301
.13
.1299
.1298
.1297
.1297
.1296
.1295
.1294
.1293
.1292
.1291
.129
.129
.1289
.1288
.1287
.1286
.1285
.1284
.1284
.1283
.1282
.1281
.128
.1279
.1278
.1278
.1277
.1276
.1275
.1274
.1273
.1273
.1272
.1271
.127
.1269
.1268
.1268
.1267
.1266
.1265
.1264
.1263
.1263
.1262
.1261
.126
.1259
.1258
.1258
.1257
.1256
.1255
.1254
.1253
.1253
.1252
.1251
.125
.1249
.1249
.1248
.1247
.1246
.1245
.1245
.1244
.1243
.1242
.1241
.1241
.124
.1239
.1238
.1237
.1237
.1236
.1235
.1234
.1233
.1233
.1232
.1231
.123
.1229
.1229
.1228
.1227
.1226
.1225
.1225
.1224
.1223
.1222
.1222
.1221
.122
.1219
.1218
.1218
.1217
.1216
.1215
.1215
.1214
.1213
.1212
.1212
.1211
.121
.1209
.1209
.1208
.1207
.1206
.1205
.1205
.1204
.1203
.1202
.1202
.1201
.12
.1199
.1199
.1198
.1197
.1196
.1196
.1195
.1194
.1193
.1193
.1192
.1191
.1191
.119
.1189
.1188
.1188
.1187
.1186
.1185
.1185
.1184
.1183
.1182
.1182
.1181
.118
.118
.1179
.1178
.1177
.1177
.1176
.1175
.1175
.1174
.1173
.1172
.1172
.1171
.117
.1169
.1169
.1168
.1167
.1167
.1166
.1165
.1165
.1164
.1163
.1162
.1162
.1161
.116
.116
.1159
.1158
.1158
.1157
.1156
.1155
.1155
.1154
.1153
.1153
.1152
.1151
.1151
.115
.1149
.1148
.1148
.1147
.1146
.1146
.1145
.1144
.1144
.1143
.1142
.1142
.1141
.114
.114
.1139
.1138
.1138
.1137
.1136
.1136
.1135
.1134
.1134
.1133
.1132
.1132
.1131
.113
.113
.1129
.1128
.1128
.1127
.1126
.1126
.1125
.1124
.1124
.1123
.1122
.1122
.1121
.112
.112
.1119
.1118
.1118
.1117
.1116
.1116
.1115
.1114
.1114
.1113
.1112
.1112
.1111
.1111
.111
.1109
.1109
.1108
.1107
.1107
.1106
.1105
.1105
.1104
.1104
.1103
.1102
.1102
.1101
.11
.11
.1099
.1098
.1098
.1097
.1097
.1096
.1095
.1095
.1094
.1093
.1093
.1092
.1092
.1091
.109
.109
.1089
.1088
.1088
.1087
.1087
.1086
.1085
.1085
.1084
.1083
.1083
.1082
.1082
.1081
.108
.108
.1079
.1079
.1078
.1077
.1077
.1076
.1076
.1075
.1074
.1074
.1073
.1073
.1072
.1071
.1071
.107
.107
.1069
.1068
.1068
.1067
.1067
.1066
.1065
.1065
.1064
.1064
.1063
.1062
.1062
.1061
.1061
.106
.1059
.1059
.1058
.1058
.1057
.1056
.1056
.1055
.1055
.1054
.1054
.1053
.1052
.1052
.1051
.1051
.105
.105
.1049
.1048
.1048
.1047
.1047
.1046
.1045
.1045
.1044
.1044
.1043
.1043
.1042
.1041
.1041
.104
.104
.1039
.1039
.1038
.1037
.1037
.1036
.1036
.1035
.1035
.1034
.1034
.1033
.1032
.1032
.1031
.1031
.103
.103
.1029
.1029
.1028
.1027
.1027
.1026
.1026
.1025
.1025
.1024
.1024
.1023
.1022
.1022
.1021
.1021
.102
.102
.1019
.1019
.1018
.1017
.1017
.1016
.1016
.1015
.1015
.1014
.1014
.1013
.1013
.1012
.1012
.1011
.101
.101
.1009
.1009
.1008
.1008
.1007
.1007
.1006
.1006
.1005
.1005
.1004
.1003
.1003
.1002
.1002
.1001
.1001
.1
.1
.0999
.0999
.0998
.0998
.0997
.0997
.0996
.0996
.0995
.0994
.0994
.0993
.0993
.0992
.0992
.0991
.0991
.099
.099
.0989
.0989
.0988
.0988
.0987
.0987
.0986
.0986
.0985
.0985
.0984
.0984
.0983
.0983
.0982
.0982
.0981
.0981
.098
.098
.0979
.0979
.0978
.0977
.0977
.0976
.0976
.0975
.0975
.0974
.0974
.0973
.0973
.0972
.0972
.0971
.0971
.097
.097
.0969
.0969
.0968
.0968
.0967
.0967
.0966
.0966
.0965
.0965
.0964
.0964
.0963
.0963
.0962
.0962
.0962
.0961
.0961
.096
.096
.0959
.0959
.0958
.0958
.0957
.0957
.0956
.0956
.0955
.0955
.0954
.0954
.0953
.0953
.0952
.0952
.0951
.0951
.095
.095
.0949
.0949
.0948
.0948
.0947
.0947
.0946
.0946
.0945
.0945
.0945
.0944
.0944
.0943
.0943
.0942
.0942
.0941
.0941
.094
.094
.0939
.0939
.0938
.0938
.0937
.0937
.0936
.0936
.0936
.0935
.0935
.0934
.0934
.0933
.0933
.0932
.0932
.0931
.0931
.093
.093
.0929
.0929
.0929
.0928
.0928
.0927
.0927
.0926
.0926
.0925
.0925
.0924
.0924
.0924
.0923
.0923
.0922
.0922
.0921
.0921
.092
.092
.0919
.0919
.0918
.0918
.0918
.0917
.0917
.0916
.0916
.0915
.0915
.0914
.0914
.0914
.0913
.0913
.0912
.0912
.0911
.0911
.091
.091
.0909
.0909
.0909
.0908
.0908
.0907
.0907
.0906
.0906
.0905
.0905
.0905
.0904
.0904
.0903
.0903
.0902
.0902
.0902
.0901
.0901
.09
.09
.0899
.0899
.0898
.0898
.0898
.0897
.0897
.0896
.0896
.0895
.0895
.0895
.0894
.0894
.0893
.0893
.0892
.0892
.0892
.0891
.0891
.089
.089
.0889
.0889
.0889
.0888
.0888
.0887
.0887
.0886
.0886
.0886
.0885
.0885
.0884
.0884
.0883
.0883
.0883
.0882
.0882
.0881
.0881
.088
.088
.088
.0879
.0879
.0878
.0878
.0877
.0877
.0877
.0876
.0876
.0875
.0875
.0875
.0874
.0874
.0873
.0873
.0872
.0872
.0872
.0871
.0871
.087
.087
.087
.0869
.0869
.0868
.0868
.0868
.0867
.0867
.0866
.0866
.0865
.0865
.0865
.0864
.0864
.0863
.0863
.0863
.0862
.0862
.0861
.0861
.0861
.086
.086
.0859
.0859
.0859
.0858
.0858
.0857
.0857
.0857
.0856
.0856
.0855
.0855
.0855
.0854
.0854
.0853
.0853
.0853
.0852
.0852
.0851
.0851
.0851
.085
.085
.0849
.0849
.0849
.0848
.0848
.0847
.0847
.0847
.0846
.0846
.0845
.0845
.0845
.0844
.0844
.0843
.0843
.0843
.0842
.0842
.0841
.0841
.0841
.084
.084
.0839
.0839
.0839
.0838
.0838
.0838
.0837
.0837
.0836
.0836
.0836
.0835
.0835
.0834
.0834
.0834
.0833
.0833
.0833
.0832
.0832
.0831
.0831
.0831
.083
.083
.0829
.0829
.0829
.0828
.0828
.0828
.0827
.0827
.0826
.0826
.0826
.0825
.0825
.0825
.0824
.0824
.0823
.0823
.0823
.0822
.0822
.0822
.0821
.0821
.082
.082
.082
.0819
.0819
.0819
.0818
.0818
.0817
.0817
.0817
.0816
.0816
.0816
.0815
.0815
.0814
.0814
.0814
.0813
.0813
.0813
.0812
.0812
.0811
.0811
.0811
.081
.081
.081
.0809
.0809
.0809
.0808
.0808
.0807
.0807
.0807
.0806
.0806
.0806
.0805
.0805
.0805
.0804
.0804
.0803
.0803
.0803
.0802
.0802
.0802
.0801
.0801
.0801
.08
.08
.0799
.0799
.0799
.0798
.0798
.0798
.0797
.0797
.0797
.0796
.0796
.0796
.0795
.0795
.0794
.0794
.0794
.0793
.0793
.0793
.0792
.0792
.0792
.0791
.0791
.0791
.079
.079
.0789
.0789
.0789
.0788
.0788
.0788
.0787
.0787
.0787
.0786
.0786
.0786
.0785
.0785
.0785
.0784
.0784
.0784
.0783
.0783
.0782
.0782
.0782
.0781
.0781
.0781
.078
.078
.078
.0779
.0779
.0779
.0778
.0778
.0778
.0777
.0777
.0777
.0776
.0776
.0776
.0775
.0775
.0775
.0774
.0774
.0774
.0773
.0773
.0772
.0772
.0772
.0771
.0771
.0771
.077
.077
.077
.0769
.0769
.0769
.0768
.0768
.0768
.0767
.0767
.0767
.0766
.0766
.0766
.0765
.0765
.0765
.0764
.0764
.0764
.0763
.0763
.0763
.0762
.0762
.0762
.0761
.0761
.0761
.076
.076
.076
.0759
.0759
.0759
.0758
.0758
.0758
.0757
.0757
.0757
.0756
.0756
.0756
.0755
.0755
.0755
.0754
.0754
.0754
.0753
.0753
.0753
.0752
.0752
.0752
.0751
.0751
.0751
.075
.075
.075
.0749
.0749
.0749
.0749
.0748
.0748
.0748
.0747
.0747
.0747
.0746
.0746
.0746
.0745
.0745
.0745
.0744
.0744
.0744
.0743
.0743
.0743
.0742
.0742
.0742
.0741
.0741
.0741
.074
.074
.074
.074
.0739
.0739
.0739
.0738
.0738
.0738
.0737
.0737
.0737
.0736
.0736
.0736
.0735
.0735
.0735
.0734
.0734
.0734
.0733
.0733
.0733
.0733
.0732
.0732
.0732
.0731
.0731
.0731
.073
.073
.073
.0729
.0729
.0729
.0728
.0728
.0728
.0728
.0727
.0727
.0727
.0726
.0726
.0726
.0725
.0725
.0725
.0724
.0724
.0724
.0724
.0723
.0723
.0723
.0722
.0722
.0722
.0721
.0721
.0721
.072
.072
.072
.072
.0719
.0719
.0719
.0718
.0718
.0718
.0717
.0717
.0717
.0716
.0716
.0716
.0716
.0715
.0715
.0715
.0714
.0714
.0714
.0713
.0713
.0713
.0713
.0712
.0712
.0712
.0711
.0711
.0711
.071
.071
.071
.071
.0709
.0709
.0709
.0708
.0708
.0708
.0707
.0707
.0707
.0707
.0706
.0706
.0706
.0705
.0705
.0705
.0704
.0704
.0704
.0704
.0703
.0703
.0703
.0702
.0702
.0702
.0701
.0701
.0701
.0701
.07
.07
.07
.0699
.0699
.0699
.0699
.0698
.0698
.0698
.0697
.0697
.0697
.0697
.0696
.0696
.0696
.0695
.0695
.0695
.0694
.0694
.0694
.0694
.0693
.0693
.0693
.0692
.0692
.0692
.0692
.0691
.0691
.0691
.069
.069
.069
.069
.0689
.0689
.0689
.0688
.0688
.0688
.0688
.0687
.0687
.0687
.0686
.0686
.0686
.0686
.0685
.0685
.0685
.0684
.0684
.0684
.0684
.0683
.0683
.0683
.0682
.0682
.0682
.0682
.0681
.0681
.0681
.068
.068
.068
.068
.0679
.0679
.0679
.0678
.0678
.0678
.0678
.0677
.0677
.0677
.0677
.0676
.0676
.0676
.0675
.0675
.0675
.0675
.0674
.0674
.0674
.0673
.0673
.0673
.0673
.0672
.0672
.0672
.0672
.0671
.0671
.0671
.067
.067
.067
.067
.0669
.0669
.0669
.0668
.0668
.0668
.0668
.0667
.0667
.0667
.0667
.0666
.0666
.0666
.0665
.0665
.0665
.0665
.0664
.0664
.0664
.0664
.0663
.0663
.0663
.0662
.0662
.0662
.0662
.0661
.0661
.0661
.0661
.066
.066
.066
.0659
.0659
.0659
.0659
.0658
.0658
.0658
.0658
.0657
.0657
.0657
.0657
.0656
.0656
.0656
.0655
.0655
.0655
.0655
.0654
.0654
.0654
.0654
.0653
.0653
.0653
.0653
.0652
.0652
.0652
.0651
.0651
.0651
.0651
.065
.065
.065
.065
.0649
.0649
.0649
.0649
.0648
.0648
.0648
.0647
.0647
.0647
.0647
.0646
.0646
.0646
.0646
.0645
.0645
.0645
.0645
.0644
.0644
.0644
.0644
.0643
.0643
.0643
.0643
.0642
.0642
.0642
.0641
.0641
.0641
.0641
.064
.064
.064
.064
.0639
.0639
.0639
.0639
.0638
.0638
.0638
.0638
.0637
.0637
.0637
.0637
.0636
.0636
.0636
.0636
.0635
.0635
.0635
.0635
.0634
.0634
.0634
.0634
.0633
.0633
.0633
.0632
.0632
.0632
.0632
.0631
.0631
.0631
.0631
.063
.063
.063
.063
.0629
.0629
.0629
.0629
.0628
.0628
.0628
.0628
.0627
.0627
.0627
.0627
.0626
.0626
.0626
.0626
.0625
.0625
.0625
.0625
.0624
.0624
.0624
.0624
.0623
.0623
.0623
.0623
.0622
.0622
.0622
.0622
.0621
.0621
.0621
.0621
.062
.062
.062
.062
.0619
.0619
.0619
.0619
.0618
.0618
.0618
.0618
.0617
.0617
.0617
.0617
.0616
.0616
.0616
.0616
.0616
.0615
.0615
.0615
.0615
.0614
.0614
.0614
.0614
.0613
.0613
.0613
.0613
.0612
.0612
.0612
.0612
.0611
.0611
.0611
.0611
.061
.061
.061
.061
.0609
.0609
.0609
.0609
.0608
.0608
.0608
.0608
.0608
.0607
.0607
.0607
.0607
.0606
.0606
.0606
.0606
.0605
.0605
.0605
.0605
.0604
.0604
.0604
.0604
.0603
.0603
.0603
.0603
.0602
.0602
.0602
.0602
.0602
.0601
.0601
.0601
.0601
.06
.06
.06
.06
.0599
.0599
.0599
.0599
.0598
.0598
.0598
.0598
.0598
.0597
.0597
.0597
.0597
.0596
.0596
.0596
.0596
.0595
.0595
.0595
.0595
.0594
.0594
.0594
.0594
.0594
.0593
.0593
.0593
.0593
.0592
.0592
.0592
.0592
.0591
.0591
.0591
.0591
.0591
.059
.059
.059
.059
.0589
.0589
.0589
.0589
.0588
.0588
.0588
.0588
.0588
.0587
.0587
.0587
.0587
.0586
.0586
.0586
.0586
.0585
.0585
.0585
.0585
.0585
.0584
.0584
.0584
.0584
.0583
.0583
.0583
.0583
.0582
.0582
.0582
.0582
.0582
.0581
.0581
.0581
.0581
.058
.058
.058
.058
.058
.0579
.0579
.0579
.0579
.0578
.0578
.0578
.0578
.0578
.0577
.0577
.0577
.0577
.0576
.0576
.0576
.0576
.0576
.0575
.0575
.0575
.0575
.0574
.0574
.0574
.0574
.0574
.0573
.0573
.0573
.0573
.0572
.0572
.0572
.0572
.0572
.0571
.0571
.0571
.0571
.057
.057
.057
.057
.057
.0569
.0569
.0569
.0569
.0568
.0568
.0568
.0568
.0568
.0567
.0567
.0567
.0567
.0566
.0566
.0566
.0566
.0566
.0565
.0565
.0565
.0565
.0565
.0564
.0564
.0564
.0564
.0563
.0563
.0563
.0563
.0563
.0562
.0562
.0562
.0562
.0561
.0561
.0561
.0561
.0561
.056
.056
.056
.056
.056
.0559
.0559
.0559
.0559
.0558
.0558
.0558
.0558
.0558
.0557
.0557
.0557
.0557
.0557
.0556
.0556
.0556
.0556
.0555
.0555
.0555
.0555
.0555
.0554
.0554
.0554
.0554
.0554
.0553
.0553
.0553
.0553
.0553
.0552
.0552
.0552
.0552
.0551
.0551
.0551
.0551
.0551
.055
.055
.055
.055
.055
.0549
.0549
.0549
.0549
.0549
.0548
.0548
.0548
.0548
.0547
.0547
.0547
.0547
.0547
.0546
.0546
.0546
.0546
.0546
.0545
.0545
.0545
.0545
.0545
.0544
.0544
.0544
.0544
.0544
.0543
.0543
.0543
.0543
.0543
.0542
.0542
.0542
.0542
.0541
.0541
.0541
.0541
.0541
.054
.054
.054
.054
.054
.0539
.0539
.0539
.0539
.0539
.0538
.0538
.0538
.0538
.0538
.0537
.0537
.0537
.0537
.0537
.0536
.0536
.0536
.0536
.0536
.0535
.0535
.0535
.0535
.0535
.0534
.0534
.0534
.0534
.0534
.0533
.0533
.0533
.0533
.0533
.0532
.0532
.0532
.0532
.0532
.0531
.0531
.0531
.0531
.0531
.053
.053
.053
.053
.053
.0529
.0529
.0529
.0529
.0529
.0528
.0528
.0528
.0528
.0528
.0527
.0527
.0527
.0527
.0527
.0526
.0526
.0526
.0526
.0526
.0525
.0525
.0525
.0525
.0525
.0524
.0524
.0524
.0524
.0524
.0523
.0523
.0523
.0523
.0523
.0522
.0522
.0522
.0522
.0522
.0522
.0521
.0521
.0521
.0521
.0521
.052
.052
.052
.052
.052
.0519
.0519
.0519
.0519
.0519
.0518
.0518
.0518
.0518
.0518
.0517
.0517
.0517
.0517
.0517
.0516
.0516
.0516
.0516
.0516
.0516
.0515
.0515
.0515
.0515
.0515
.0514
.0514
.0514
.0514
.0514
.0513
.0513
.0513
.0513
.0513
.0512
.0512
.0512
.0512
.0512
.0512
.0511
.0511
.0511
.0511
.0511
.051
.051
.051
.051
.051
.0509
.0509
.0509
.0509
.0509
.0509
.0508
.0508
.0508
.0508
.0508
.0507
.0507
.0507
.0507
.0507
.0506
.0506
.0506
.0506
.0506
.0506
.0505
.0505
.0505
.0505
.0505
.0504
.0504
.0504
.0504
.0504
.0503
.0503
.0503
.0503
.0503
.0503
.0502
.0502
.0502
.0502
.0502
.0501
.0501
.0501
.0501
.0501
.0501
.05
.05
.05
