.6521
.6492
.6463
.6434
.6404
.6375
.6345
.6315
.6285
.6255
.6225
.6194
.6164
.6134
.6103
.6073
.6042
.6012
.5982
.5952
.5923
.5893
.5864
.5835
.5807
.5778
.5751
.5724
.5697
.5671
.5645
.562
.5596
.5573
.555
.5528
.5506
.5486
.5466
.5446
.5428
.5411
.5394
.5378
.5362
.5348
.5334
.5321
.5309
.5297
.5286
.5276
.5266
.5257
.5248
.524
.5233
.5226
.5219
.5213
.5207
.5202
.5197
.5192
.5188
.5184
.5181
.5177
.5174
.5171
.5168
.5166
.5164
.5162
.516
.5158
.5156
.5155
.5153
.5152
.5151
.5149
.5148
.5147
.5147
.5146
.5145
.5144
.5143
.5143
.5142
.5142
.5141
.5141
.514
.514
.5139
.5139
.5139
.5138
.5138
.5138
.5137
.5137
.5137
.5137
.5136
.5136
.5136
.5135
.5135
.5135
.5135
.5135
.5134
.5134
.5134
.5134
.5133
.5133
.5133
.5133
.5133
.5132
.5132
.5132
.5132
.5131
.5131
.5131
.5131
.5131
.513
.513
.513
.513
.5129
.5129
.5129
.5129
.5128
.5128
.5128
.5128
.5127
.5127
.5127
.5127
.5126
.5126
.5126
.5126
.5125
.5125
.5125
.5125
.5124
.5124
.5124
.5124
.5123
.5123
.5123
.5122
.5122
.5122
.5122
.5121
.5121
.5121
.512
.512
.512
.5119
.5119
.5119
.5119
.5118
.5118
.5118
.5117
.5117
.5117
.5116
.5116
.5116
.5115
.5115
.5115
.5114
.5114
.5114
.5113
.5113
.5112
.5112
.5112
.5111
.5111
.5111
.511
.511
.5109
.5109
.5109
.5108
.5108
.5107
.5107
.5107
.5106
.5106
.5105
.5105
.5105
.5104
.5104
.5103
.5103
.5102
.5102
.5101
.5101
.5101
.51
.51
.5099
.5099
.5098
.5098
.5097
.5097
.5096
.5096
.5095
.5095
.5094
.5094
.5093
.5093
.5092
.5092
.5091
.5091
.509
.5089
.5089
.5088
.5088
.5087
.5087
.5086
.5085
.5085
.5084
.5084
.5083
.5082
.5082
.5081
.5081
.508
.5079
.5079
.5078
.5077
.5077
.5076
.5075
.5075
.5074
.5073
.5073
.5072
.5071
.5071
.507
.5069
.5068
.5068
.5067
.5066
.5066
.5065
.5064
.5063
.5062
.5062
.5061
.506
.5059
.5059
.5058
.5057
.5056
.5055
.5054
.5054
.5053
.5052
.5051
.505
.5049
.5048
.5047
.5046
.5046
.5045
.5044
.5043
.5042
.5041
.504
.5039
.5038
.5037
.5036
.5035
.5034
.5033
.5032
.5031
.503
.5029
.5028
.5027
.5025
.5024
.5023
.5022
.5021
.502
.5019
.5018
.5016
.5015
.5014
.5013
.5012
.5011
.5009
.5008
.5007
.5006
.5004
.5003
.5002
.5001
.4999
.4998
.4997
.4995
.4994
.4993
.4991
.499
.4988
.4987
.4986
.4984
.4983
.4981
.498
.4979
.4977
.4976
.4974
.4973
.4971
.4969
.4968
.4966
.4965
.4963
.4962
.496
.4958
.4957
.4955
.4954
.4952
.495
.4948
.4947
.4945
.4943
.4942
.494
.4938
.4936
.4935
.4933
.4931
.4929
.4927
.4925
.4923
.4922
.492
.4918
.4916
.4914
.4912
.491
.4908
.4906
.4904
.4902
.49
.4898
.4896
.4894
.4892
.489
.4887
.4885
.4883
.4881
.4879
.4877
.4874
.4872
.487
.4868
.4865
.4863
.4861
.4858
.4856
.4854
.4851
.4849
.4847
.4844
.4842
.4839
.4837
.4835
.4832
.483
.4827
.4825
.4822
.4819
.4817
.4814
.4812
.4809
.4806
.4804
.4801
.4799
.4796
.4793
.479
.4788
.4785
.4782
.4779
.4777
.4774
.4771
.4768
.4765
.4762
.4759
.4757
.4754
.4751
.4748
.4745
.4742
.4739
.4736
.4733
.473
.4727
.4724
.4721
.4718
.4714
.4711
.4708
.4705
.4702
.4699
.4695
.4692
.4689
.4686
.4683
.4679
.4676
.4673
.4669
.4666
.4663
.4659
.4656
.4653
.4649
.4646
.4642
.4639
.4636
.4632
.4629
.4625
.4622
.4618
.4615
.4611
.4607
.4604
.46
.4597
.4593
.4589
.4586
.4582
.4578
.4575
.4571
.4567
.4564
.456
.4556
.4553
.4549
.4545
.4541
.4537
.4534
.453
.4526
.4522
.4518
.4514
.4511
.4507
.4503
.4499
.4495
.4491
.4487
.4483
.4479
.4475
.4471
.4467
.4463
.4459
.4455
.4451
.4447
.4443
.4439
.4435
.4431
.4427
.4423
.4419
.4414
.441
.4406
.4402
.4398
.4394
.439
.4385
.4381
.4377
.4373
.4369
.4364
.436
.4356
.4352
.4347
.4343
.4339
.4335
.433
.4326
.4322
.4317
.4313
.4309
.4304
.43
.4296
.4291
.4287
.4283
.4278
.4274
.427
.4265
.4261
.4256
.4252
.4248
.4243
.4239
.4234
.423
.4225
.4221
.4217
.4212
.4208
.4203
.4199
.4194
.419
.4185
.4181
.4176
.4172
.4167
.4163
.4158
.4154
.4149
.4145
.414
.4136
.4131
.4127
.4122
.4118
.4113
.4108
.4104
.4099
.4095
.409
.4086
.4081
.4077
.4072
.4067
.4063
.4058
.4054
.4049
.4045
.404
.4035
.4031
.4026
.4022
.4017
.4012
.4008
.4003
.3999
.3994
.3989
.3985
.398
.3975
.3971
.3966
.3962
.3957
.3952
.3948
.3943
.3939
.3934
.3929
.3925
.392
.3915
.3911
.3906
.3902
.3897
.3892
.3888
.3883
.3878
.3874
.3869
.3864
.386
.3855
.3851
.3846
.3841
.3837
.3832
.3827
.3823
.3818
.3813
.3809
.3804
.38
.3795
.379
.3786
.3781
.3776
.3772
.3767
.3763
.3758
.3753
.3749
.3744
.3739
.3735
.373
.3726
.3721
.3716
.3712
.3707
.3702
.3698
.3693
.3689
.3684
.3679
.3675
.367
.3666
.3661
.3656
.3652
.3647
.3643
.3638
.3633
.3629
.3624
.362
.3615
.361
.3606
.3601
.3597
.3592
.3588
.3583
.3578
.3574
.3569
.3565
.356
.3556
.3551
.3546
.3542
.3537
.3533
.3528
.3524
.3519
.3515
.351
.3506
.3501
.3496
.3492
.3487
.3483
.3478
.3474
.3469
.3465
.346
.3456
.3451
.3447
.3442
.3438
.3433
.3429
.3424
.342
.3415
.3411
.3406
.3402
.3397
.3393
.3388
.3384
.3379
.3375
.3371
.3366
.3362
.3357
.3353
.3348
.3344
.3339
.3335
.333
.3326
.3322
.3317
.3313
.3308
.3304
.33
.3295
.3291
.3286
.3282
.3277
.3273
.3269
.3264
.326
.3256
.3251
.3247
.3242
.3238
.3234
.3229
.3225
.3221
.3216
.3212
.3208
.3203
.3199
.3195
.319
.3186
.3182
.3177
.3173
.3169
.3164
.316
.3156
.3151
.3147
.3143
.3138
.3134
.313
.3126
.3121
.3117
.3113
.3109
.3104
.31
.3096
.3091
.3087
.3083
.3079
.3075
.307
.3066
.3062
.3058
.3053
.3049
.3045
.3041
.3037
.3032
.3028
.3024
.302
.3016
.3011
.3007
.3003
.2999
.2995
.2991
.2987
.2982
.2978
.2974
.297
.2966
.2962
.2958
.2954
.2949
.2945
.2941
.2937
.2933
.2929
.2925
.2921
.2917
.2913
.2909
.2905
.29
.2896
.2892
.2888
.2884
.288
.2876
.2872
.2868
.2864
.286
.2856
.2852
.2848
.2844
.284
.2836
.2832
.2828
.2824
.282
.2816
.2812
.2809
.2805
.2801
.2797
.2793
.2789
.2785
.2781
.2777
.2773
.2769
.2765
.2762
.2758
.2754
.275
.2746
.2742
.2738
.2735
.2731
.2727
.2723
.2719
.2715
.2712
.2708
.2704
.27
.2696
.2693
.2689
.2685
.2681
.2678
.2674
.267
.2666
.2663
.2659
.2655
.2651
.2648
.2644
.264
.2637
.2633
.2629
.2625
.2622
.2618
.2614
.2611
.2607
.2603
.26
.2596
.2593
.2589
.2585
.2582
.2578
.2574
.2571
.2567
.2564
.256
.2557
.2553
.2549
.2546
.2542
.2539
.2535
.2532
.2528
.2525
.2521
.2518
.2514
.2511
.2507
.2504
.25
.2497
.2493
.249
.2486
.2483
.2479
.2476
.2472
.2469
.2466
.2462
.2459
.2455
.2452
.2449
.2445
.2442
.2438
.2435
.2432
.2428
.2425
.2422
.2418
.2415
.2412
.2408
.2405
.2402
.2398
.2395
.2392
.2389
.2385
.2382
.2379
.2375
.2372
.2369
.2366
.2362
.2359
.2356
.2353
.235
.2346
.2343
.234
.2337
.2334
.233
.2327
.2324
.2321
.2318
.2315
.2311
.2308
.2305
.2302
.2299
.2296
.2293
.229
.2287
.2283
.228
.2277
.2274
.2271
.2268
.2265
.2262
.2259
.2256
.2253
.225
.2247
.2244
.2241
.2238
.2235
.2232
.2229
.2226
.2223
.222
.2217
.2214
.2211
.2208
.2205
.2202
.2199
.2196
.2193
.2191
.2188
.2185
.2182
.2179
.2176
.2173
.217
.2167
.2165
.2162
.2159
.2156
.2153
.215
.2147
.2145
.2142
.2139
.2136
.2133
.2131
.2128
.2125
.2122
.2119
.2117
.2114
.2111
.2108
.2106
.2103
.21
.2097
.2095
.2092
.2089
.2087
.2084
.2081
.2078
.2076
.2073
.207
.2068
.2065
.2062
.206
.2057
.2054
.2052
.2049
.2046
.2044
.2041
.2039
.2036
.2033
.2031
.2028
.2026
.2023
.202
.2018
.2015
.2013
.201
.2008
.2005
.2002
.2
.1997
.1995
.1992
.199
.1987
.1985
.1982
.198
.1977
.1975
.1972
.197
.1967
.1965
.1962
.196
.1957
.1955
.1952
.195
.1947
.1945
.1943
.194
.1938
.1935
.1933
.193
.1928
.1926
.1923
.1921
.1918
.1916
.1914
.1911
.1909
.1907
.1904
.1902
.1899
.1897
.1895
.1892
.189
.1888
.1885
.1883
.1881
.1878
.1876
.1874
.1871
.1869
.1867
.1865
.1862
.186
.1858
.1855
.1853
.1851
.1849
.1846
.1844
.1842
.184
.1837
.1835
.1833
.1831
.1828
.1826
.1824
.1822
.182
.1817
.1815
.1813
.1811
.1809
.1806
.1804
.1802
.18
.1798
.1796
.1793
.1791
.1789
.1787
.1785
.1783
.1781
.1778
.1776
.1774
.1772
.177
.1768
.1766
.1764
.1761
.1759
.1757
.1755
.1753
.1751
.1749
.1747
.1745
.1743
.1741
.1739
.1737
.1734
.1732
.173
.1728
.1726
.1724
.1722
.172
.1718
.1716
.1714
.1712
.171
.1708
.1706
.1704
.1702
.17
.1698
.1696
.1694
.1692
.169
.1688
.1686
.1684
.1682
.168
.1678
.1677
.1675
.1673
.1671
.1669
.1667
.1665
.1663
.1661
.1659
.1657
.1655
.1653
.1652
.165
.1648
.1646
.1644
.1642
.164
.1638
.1636
.1635
.1633
.1631
.1629
.1627
.1625
.1623
.1622
.162
.1618
.1616
.1614
.1612
.161
.1609
.1607
.1605
.1603
.1601
.16
.1598
.1596
.1594
.1592
.1591
.1589
.1587
.1585
.1583
.1582
.158
.1578
.1576
.1575
.1573
.1571
.1569
.1568
.1566
.1564
.1562
.1561
.1559
.1557
.1555
.1554
.1552
.155
.1548
.1547
.1545
.1543
.1542
.154
.1538
.1536
.1535
.1533
.1531
.153
.1528
.1526
.1525
.1523
.1521
.152
.1518
.1516
.1515
.1513
.1511
.151
.1508
.1506
.1505
.1503
.1501
.15
.1498
.1497
.1495
.1493
.1492
.149
.1488
.1487
.1485
.1484
.1482
.148
.1479
.1477
.1476
.1474
.1472
.1471
.1469
.1468
.1466
.1465
.1463
.1461
.146
.1458
.1457
.1455
.1454
.1452
.1451
.1449
.1447
.1446
.1444
.1443
.1441
.144
.1438
.1437
.1435
.1434
.1432
.1431
.1429
.1428
.1426
.1425
.1423
.1422
.142
.1419
.1417
.1416
.1414
.1413
.1411
.141
.1408
.1407
.1405
.1404
.1402
.1401
.1399
.1398
.1396
.1395
.1393
.1392
.1391
.1389
.1388
.1386
.1385
.1383
.1382
.1381
.1379
.1378
.1376
.1375
.1373
.1372
.1371
.1369
.1368
.1366
.1365
.1364
.1362
.1361
.1359
.1358
.1357
.1355
.1354
.1352
.1351
.135
.1348
.1347
.1345
.1344
.1343
.1341
.134
.1339
.1337
.1336
.1335
.1333
.1332
.1331
.1329
.1328
.1326
.1325
.1324
.1322
.1321
.132
.1318
.1317
.1316
.1314
.1313
.1312
.1311
.1309
.1308
.1307
.1305
.1304
.1303
.1301
.13
.1299
.1297
.1296
.1295
.1294
.1292
.1291
.129
.1288
.1287
.1286
.1285
.1283
.1282
.1281
.128
.1278
.1277
.1276
.1275
.1273
.1272
.1271
.127
.1268
.1267
.1266
.1265
.1263
.1262
.1261
.126
.1258
.1257
.1256
.1255
.1253
.1252
.1251
.125
.1249
.1247
.1246
.1245
.1244
.1243
.1241
.124
.1239
.1238
.1237
.1235
.1234
.1233
.1232
.1231
.1229
.1228
.1227
.1226
.1225
.1223
.1222
.1221
.122
.1219
.1218
.1216
.1215
.1214
.1213
.1212
.1211
.121
.1208
.1207
.1206
.1205
.1204
.1203
.1201
.12
.1199
.1198
.1197
.1196
.1195
.1194
.1192
.1191
.119
.1189
.1188
.1187
.1186
.1185
.1183
.1182
.1181
.118
.1179
.1178
.1177
.1176
.1175
.1174
.1172
.1171
.117
.1169
.1168
.1167
.1166
.1165
.1164
.1163
.1162
.116
.1159
.1158
.1157
.1156
.1155
.1154
.1153
.1152
.1151
.115
.1149
.1148
.1147
.1146
.1145
.1143
.1142
.1141
.114
.1139
.1138
.1137
.1136
.1135
.1134
.1133
.1132
.1131
.113
.1129
.1128
.1127
.1126
.1125
.1124
.1123
.1122
.1121
.112
.1119
.1118
.1117
.1116
.1115
.1114
.1113
.1112
.1111
.111
.1109
.1108
.1107
.1106
.1105
.1104
.1103
.1102
.1101
.11
.1099
.1098
.1097
.1096
.1095
.1094
.1093
.1092
.1091
.109
.1089
.1088
.1087
.1086
.1085
.1084
.1083
.1082
.1081
.108
.1079
.1078
.1077
.1077
.1076
.1075
.1074
.1073
.1072
.1071
.107
.1069
.1068
.1067
.1066
.1065
.1064
.1063
.1062
.1061
.1061
.106
.1059
.1058
.1057
.1056
.1055
.1054
.1053
.1052
.1051
.105
.105
.1049
.1048
.1047
.1046
.1045
.1044
.1043
.1042
.1041
.1041
.104
.1039
.1038
.1037
.1036
.1035
.1034
.1033
.1033
.1032
.1031
.103
.1029
.1028
.1027
.1026
.1025
.1025
.1024
.1023
.1022
.1021
.102
.1019
.1019
.1018
.1017
.1016
.1015
.1014
.1013
.1012
.1012
.1011
.101
.1009
.1008
.1007
.1007
.1006
.1005
.1004
.1003
.1002
.1001
.1001
.1
.0999
.0998
.0997
.0996
.0996
.0995
.0994
.0993
.0992
.0991
.0991
.099
.0989
.0988
.0987
.0987
.0986
.0985
.0984
.0983
.0982
.0982
.0981
.098
.0979
.0978
.0978
.0977
.0976
.0975
.0974
.0974
.0973
.0972
.0971
.097
.097
.0969
.0968
.0967
.0966
.0966
.0965
.0964
.0963
.0962
.0962
.0961
.096
.0959
.0959
.0958
.0957
.0956
.0955
.0955
.0954
.0953
.0952
.0952
.0951
.095
.0949
.0948
.0948
.0947
.0946
.0945
.0945
.0944
.0943
.0942
.0942
.0941
.094
.0939
.0939
.0938
.0937
.0936
.0936
.0935
.0934
.0933
.0933
.0932
.0931
.093
.093
.0929
.0928
.0927
.0927
.0926
.0925
.0924
.0924
.0923
.0922
.0922
.0921
.092
.0919
.0919
.0918
.0917
.0916
.0916
.0915
.0914
.0914
.0913
.0912
.0911
.0911
.091
.0909
.0909
.0908
.0907
.0906
.0906
.0905
.0904
.0904
.0903
.0902
.0902
.0901
.09
.0899
.0899
.0898
.0897
.0897
.0896
.0895
.0895
.0894
.0893
.0892
.0892
.0891
.089
.089
.0889
.0888
.0888
.0887
.0886
.0886
.0885
.0884
.0884
.0883
.0882
.0882
.0881
.088
.088
.0879
.0878
.0877
.0877
.0876
.0875
.0875
.0874
.0873
.0873
.0872
.0872
.0871
.087
.087
.0869
.0868
.0868
.0867
.0866
.0866
.0865
.0864
.0864
.0863
.0862
.0862
.0861
.086
.086
.0859
.0858
.0858
.0857
.0856
.0856
.0855
.0855
.0854
.0853
.0853
.0852
.0851
.0851
.085
.0849
.0849
.0848
.0848
.0847
.0846
.0846
.0845
.0844
.0844
.0843
.0843
.0842
.0841
.0841
.084
.0839
.0839
.0838
.0838
.0837
.0836
.0836
.0835
.0834
.0834
.0833
.0833
.0832
.0831
.0831
.083
.083
.0829
.0828
.0828
.0827
.0827
.0826
.0825
.0825
.0824
.0824
.0823
.0822
.0822
.0821
.0821
.082
.0819
.0819
.0818
.0818
.0817
.0816
.0816
.0815
.0815
.0814
.0813
.0813
.0812
.0812
.0811
.0811
.081
.0809
.0809
.0808
.0808
.0807
.0806
.0806
.0805
.0805
.0804
.0804
.0803
.0802
.0802
.0801
.0801
.08
.08
.0799
.0798
.0798
.0797
.0797
.0796
.0796
.0795
.0794
.0794
.0793
.0793
.0792
.0792
.0791
.0791
.079
.0789
.0789
.0788
.0788
.0787
.0787
.0786
.0785
.0785
.0784
.0784
.0783
.0783
.0782
.0782
.0781
.0781
.078
.0779
.0779
.0778
.0778
.0777
.0777
.0776
.0776
.0775
.0775
.0774
.0773
.0773
.0772
.0772
.0771
.0771
.077
.077
.0769
.0769
.0768
.0768
.0767
.0767
.0766
.0765
.0765
.0764
.0764
.0763
.0763
.0762
.0762
.0761
.0761
.076
.076
.0759
.0759
.0758
.0758
.0757
.0757
.0756
.0756
.0755
.0755
.0754
.0753
.0753
.0752
.0752
.0751
.0751
.075
.075
.0749
.0749
.0748
.0748
.0747
.0747
.0746
.0746
.0745
.0745
.0744
.0744
.0743
.0743
.0742
.0742
.0741
.0741
.074
.074
.0739
.0739
.0738
.0738
.0737
.0737
.0736
.0736
.0735
.0735
.0734
.0734
.0733
.0733
.0732
.0732
.0731
.0731
.073
.073
.0729
.0729
.0729
.0728
.0728
.0727
.0727
.0726
.0726
.0725
.0725
.0724
.0724
.0723
.0723
.0722
.0722
.0721
.0721
.072
.072
.0719
.0719
.0718
.0718
.0718
.0717
.0717
.0716
.0716
.0715
.0715
.0714
.0714
.0713
.0713
.0712
.0712
.0711
.0711
.071
.071
.071
.0709
.0709
.0708
.0708
.0707
.0707
.0706
.0706
.0705
.0705
.0705
.0704
.0704
.0703
.0703
.0702
.0702
.0701
.0701
.07
.07
.07
.0699
.0699
.0698
.0698
.0697
.0697
.0696
.0696
.0695
.0695
.0695
.0694
.0694
.0693
.0693
.0692
.0692
.0691
.0691
.0691
.069
.069
.0689
.0689
.0688
.0688
.0688
.0687
.0687
.0686
.0686
.0685
.0685
.0684
.0684
.0684
.0683
.0683
.0682
.0682
.0681
.0681
.0681
.068
.068
.0679
.0679
.0678
.0678
.0678
.0677
.0677
.0676
.0676
.0675
.0675
.0675
.0674
.0674
.0673
.0673
.0672
.0672
.0672
.0671
.0671
.067
.067
.067
.0669
.0669
.0668
.0668
.0667
.0667
.0667
.0666
.0666
.0665
.0665
.0665
.0664
.0664
.0663
.0663
.0663
.0662
.0662
.0661
.0661
.066
.066
.066
.0659
.0659
.0658
.0658
.0658
.0657
.0657
.0656
.0656
.0656
.0655
.0655
.0654
.0654
.0654
.0653
.0653
.0652
.0652
.0652
.0651
.0651
.065
.065
.065
.0649
.0649
.0648
.0648
.0648
.0647
.0647
.0646
.0646
.0646
.0645
.0645
.0645
.0644
.0644
.0643
.0643
.0643
.0642
.0642
.0641
.0641
.0641
.064
.064
.0639
.0639
.0639
.0638
.0638
.0638
.0637
.0637
.0636
.0636
.0636
.0635
.0635
.0635
.0634
.0634
.0633
.0633
.0633
.0632
.0632
.0631
.0631
.0631
.063
.063
.063
.0629
.0629
.0628
.0628
.0628
.0627
.0627
.0627
.0626
.0626
.0626
.0625
.0625
.0624
.0624
.0624
.0623
.0623
.0623
.0622
.0622
.0621
.0621
.0621
.062
.062
.062
.0619
.0619
.0619
.0618
.0618
.0617
.0617
.0617
.0616
.0616
.0616
.0615
.0615
.0615
.0614
.0614
.0614
.0613
.0613
.0612
.0612
.0612
.0611
.0611
.0611
.061
.061
.061
.0609
.0609
.0609
.0608
.0608
.0607
.0607
.0607
.0606
.0606
.0606
.0605
.0605
.0605
.0604
.0604
.0604
.0603
.0603
.0603
.0602
.0602
.0602
.0601
.0601
.0601
.06
.06
.0599
.0599
.0599
.0598
.0598
.0598
.0597
.0597
.0597
.0596
.0596
.0596
.0595
.0595
.0595
.0594
.0594
.0594
.0593
.0593
.0593
.0592
.0592
.0592
.0591
.0591
.0591
.059
.059
.059
.0589
.0589
.0589
.0588
.0588
.0588
.0587
.0587
.0587
.0586
.0586
.0586
.0585
.0585
.0585
.0584
.0584
.0584
.0583
.0583
.0583
.0582
.0582
.0582
.0581
.0581
.0581
.058
.058
.058
.058
.0579
.0579
.0579
.0578
.0578
.0578
.0577
.0577
.0577
.0576
.0576
.0576
.0575
.0575
.0575
.0574
.0574
.0574
.0573
.0573
.0573
.0572
.0572
.0572
.0572
.0571
.0571
.0571
.057
.057
.057
.0569
.0569
.0569
.0568
.0568
.0568
.0567
.0567
.0567
.0567
.0566
.0566
.0566
.0565
.0565
.0565
.0564
.0564
.0564
.0563
.0563
.0563
.0563
.0562
.0562
.0562
.0561
.0561
.0561
.056
.056
.056
.0559
.0559
.0559
.0559
.0558
.0558
.0558
.0557
.0557
.0557
.0556
.0556
.0556
.0556
.0555
.0555
.0555
.0554
.0554
.0554
.0553
.0553
.0553
.0553
.0552
.0552
.0552
.0551
.0551
.0551
.0551
.055
.055
.055
.0549
.0549
.0549
.0548
.0548
.0548
.0548
.0547
.0547
.0547
.0546
.0546
.0546
.0546
.0545
.0545
.0545
.0544
.0544
.0544
.0544
.0543
.0543
.0543
.0542
.0542
.0542
.0542
.0541
.0541
.0541
.054
.054
.054
.054
.0539
.0539
.0539
.0538
.0538
.0538
.0538
.0537
.0537
.0537
.0536
.0536
.0536
.0536
.0535
.0535
.0535
.0534
.0534
.0534
.0534
.0533
.0533
.0533
.0533
.0532
.0532
.0532
.0531
.0531
.0531
.0531
.053
.053
.053
.0529
.0529
.0529
.0529
.0528
.0528
.0528
.0528
.0527
.0527
.0527
.0526
.0526
.0526
.0526
.0525
.0525
.0525
.0525
.0524
.0524
.0524
.0524
.0523
.0523
.0523
.0522
.0522
.0522
.0522
.0521
.0521
.0521
.0521
.052
.052
.052
.052
.0519
.0519
.0519
.0518
.0518
.0518
.0518
.0517
.0517
.0517
.0517
.0516
.0516
.0516
.0516
.0515
.0515
.0515
.0515
.0514
.0514
.0514
.0513
.0513
.0513
.0513
.0512
.0512
.0512
.0512
.0511
.0511
.0511
.0511
.051
.051
.051
.051
.0509
.0509
.0509
.0509
.0508
.0508
.0508
.0508
.0507
.0507
.0507
.0507
.0506
.0506
.0506
.0506
.0505
.0505
.0505
.0505
.0504
.0504
.0504
.0504
.0503
.0503
.0503
.0503
.0502
.0502
.0502
.0502
.0501
.0501
.0501
.0501
.05
.05
.05
