.5593
.5581
.557
.5558
.5547
.5536
.5526
.5516
.5506
.5496
.5486
.5477
.5468
.5459
.5451
.5443
.5435
.5427
.542
.5413
.5406
.5399
.5392
.5386
.538
.5374
.5369
.5364
.5359
.5354
.5349
.5344
.534
.5336
.5332
.5328
.5325
.5321
.5318
.5315
.5312
.5309
.5306
.5304
.5301
.5299
.5296
.5294
.5292
.529
.5288
.5286
.5285
.5283
.5281
.528
.5278
.5277
.5276
.5274
.5273
.5272
.5271
.527
.5269
.5268
.5266
.5265
.5265
.5264
.5263
.5262
.5261
.526
.5259
.5258
.5258
.5257
.5256
.5255
.5255
.5254
.5253
.5252
.5252
.5251
.525
.525
.5249
.5248
.5248
.5247
.5246
.5246
.5245
.5244
.5244
.5243
.5242
.5242
.5241
.524
.524
.5239
.5239
.5238
.5237
.5237
.5236
.5235
.5235
.5234
.5233
.5233
.5232
.5231
.5231
.523
.5229
.5229
.5228
.5227
.5227
.5226
.5225
.5225
.5224
.5223
.5223
.5222
.5221
.5221
.522
.5219
.5219
.5218
.5217
.5216
.5216
.5215
.5214
.5214
.5213
.5212
.5211
.5211
.521
.5209
.5209
.5208
.5207
.5206
.5206
.5205
.5204
.5203
.5203
.5202
.5201
.5201
.52
.5199
.5198
.5198
.5197
.5196
.5195
.5194
.5194
.5193
.5192
.5191
.5191
.519
.5189
.5188
.5188
.5187
.5186
.5185
.5184
.5184
.5183
.5182
.5181
.518
.518
.5179
.5178
.5177
.5176
.5176
.5175
.5174
.5173
.5172
.5171
.5171
.517
.5169
.5168
.5167
.5166
.5166
.5165
.5164
.5163
.5162
.5161
.516
.516
.5159
.5158
.5157
.5156
.5155
.5154
.5153
.5153
.5152
.5151
.515
.5149
.5148
.5147
.5146
.5145
.5145
.5144
.5143
.5142
.5141
.514
.5139
.5138
.5137
.5136
.5135
.5135
.5134
.5133
.5132
.5131
.513
.5129
.5128
.5127
.5126
.5125
.5124
.5123
.5122
.5121
.512
.5119
.5118
.5117
.5116
.5115
.5114
.5114
.5113
.5112
.5111
.511
.5109
.5108
.5107
.5106
.5105
.5104
.5103
.5101
.51
.5099
.5098
.5097
.5096
.5095
.5094
.5093
.5092
.5091
.509
.5089
.5088
.5087
.5086
.5085
.5084
.5083
.5082
.5081
.508
.5078
.5077
.5076
.5075
.5074
.5073
.5072
.5071
.507
.5069
.5067
.5066
.5065
.5064
.5063
.5062
.5061
.506
.5058
.5057
.5056
.5055
.5054
.5053
.5052
.505
.5049
.5048
.5047
.5046
.5045
.5043
.5042
.5041
.504
.5039
.5037
.5036
.5035
.5034
.5033
.5031
.503
.5029
.5028
.5027
.5025
.5024
.5023
.5022
.502
.5019
.5018
.5017
.5015
.5014
.5013
.5012
.501
.5009
.5008
.5006
.5005
.5004
.5003
.5001
.5
.4999
.4997
.4996
.4995
.4993
.4992
.4991
.4989
.4988
.4987
.4985
.4984
.4983
.4981
.498
.4979
.4977
.4976
.4974
.4973
.4972
.497
.4969
.4967
.4966
.4965
.4963
.4962
.496
.4959
.4958
.4956
.4955
.4953
.4952
.495
.4949
.4947
.4946
.4944
.4943
.4942
.494
.4939
.4937
.4936
.4934
.4933
.4931
.493
.4928
.4926
.4925
.4923
.4922
.492
.4919
.4917
.4916
.4914
.4913
.4911
.4909
.4908
.4906
.4905
.4903
.4902
.49
.4898
.4897
.4895
.4893
.4892
.489
.4889
.4887
.4885
.4884
.4882
.488
.4879
.4877
.4875
.4874
.4872
.487
.4869
.4867
.4865
.4864
.4862
.486
.4858
.4857
.4855
.4853
.4851
.485
.4848
.4846
.4844
.4843
.4841
.4839
.4837
.4836
.4834
.4832
.483
.4828
.4827
.4825
.4823
.4821
.4819
.4817
.4816
.4814
.4812
.481
.4808
.4806
.4804
.4803
.4801
.4799
.4797
.4795
.4793
.4791
.4789
.4787
.4785
.4783
.4782
.478
.4778
.4776
.4774
.4772
.477
.4768
.4766
.4764
.4762
.476
.4758
.4756
.4754
.4752
.475
.4748
.4746
.4744
.4742
.474
.4738
.4736
.4734
.4732
.4729
.4727
.4725
.4723
.4721
.4719
.4717
.4715
.4713
.4711
.4708
.4706
.4704
.4702
.47
.4698
.4696
.4693
.4691
.4689
.4687
.4685
.4683
.468
.4678
.4676
.4674
.4672
.4669
.4667
.4665
.4663
.466
.4658
.4656
.4654
.4651
.4649
.4647
.4645
.4642
.464
.4638
.4636
.4633
.4631
.4629
.4626
.4624
.4622
.4619
.4617
.4615
.4612
.461
.4608
.4605
.4603
.46
.4598
.4596
.4593
.4591
.4589
.4586
.4584
.4581
.4579
.4576
.4574
.4572
.4569
.4567
.4564
.4562
.4559
.4557
.4554
.4552
.4549
.4547
.4544
.4542
.4539
.4537
.4534
.4532
.4529
.4527
.4524
.4522
.4519
.4517
.4514
.4511
.4509
.4506
.4504
.4501
.4499
.4496
.4493
.4491
.4488
.4486
.4483
.448
.4478
.4475
.4472
.447
.4467
.4464
.4462
.4459
.4456
.4454
.4451
.4448
.4446
.4443
.444
.4438
.4435
.4432
.4429
.4427
.4424
.4421
.4418
.4416
.4413
.441
.4407
.4405
.4402
.4399
.4396
.4393
.4391
.4388
.4385
.4382
.4379
.4376
.4374
.4371
.4368
.4365
.4362
.4359
.4356
.4354
.4351
.4348
.4345
.4342
.4339
.4336
.4333
.433
.4327
.4325
.4322
.4319
.4316
.4313
.431
.4307
.4304
.4301
.4298
.4295
.4292
.4289
.4286
.4283
.428
.4277
.4274
.4271
.4268
.4265
.4262
.4259
.4255
.4252
.4249
.4246
.4243
.424
.4237
.4234
.4231
.4228
.4224
.4221
.4218
.4215
.4212
.4209
.4206
.4202
.4199
.4196
.4193
.419
.4186
.4183
.418
.4177
.4174
.417
.4167
.4164
.4161
.4157
.4154
.4151
.4148
.4144
.4141
.4138
.4134
.4131
.4128
.4124
.4121
.4118
.4114
.4111
.4108
.4104
.4101
.4098
.4094
.4091
.4088
.4084
.4081
.4077
.4074
.407
.4067
.4064
.406
.4057
.4053
.405
.4046
.4043
.4039
.4036
.4032
.4029
.4025
.4022
.4018
.4015
.4011
.4008
.4004
.4001
.3997
.3993
.399
.3986
.3983
.3979
.3976
.3972
.3968
.3965
.3961
.3957
.3954
.395
.3946
.3943
.3939
.3935
.3932
.3928
.3924
.3921
.3917
.3913
.391
.3906
.3902
.3898
.3895
.3891
.3887
.3883
.388
.3876
.3872
.3868
.3865
.3861
.3857
.3853
.3849
.3846
.3842
.3838
.3834
.383
.3826
.3822
.3819
.3815
.3811
.3807
.3803
.3799
.3795
.3791
.3788
.3784
.378
.3776
.3772
.3768
.3764
.376
.3756
.3752
.3748
.3744
.374
.3736
.3733
.3729
.3725
.3721
.3717
.3713
.3709
.3705
.3701
.3697
.3693
.3689
.3685
.3681
.3677
.3673
.3669
.3665
.3661
.3656
.3652
.3648
.3644
.364
.3636
.3632
.3628
.3624
.362
.3616
.3612
.3608
.3604
.36
.3596
.3592
.3588
.3583
.3579
.3575
.3571
.3567
.3563
.3559
.3555
.3551
.3547
.3543
.3539
.3535
.353
.3526
.3522
.3518
.3514
.351
.3506
.3502
.3498
.3494
.349
.3486
.3481
.3477
.3473
.3469
.3465
.3461
.3457
.3453
.3449
.3445
.3441
.3437
.3433
.3428
.3424
.342
.3416
.3412
.3408
.3404
.34
.3396
.3392
.3388
.3384
.338
.3376
.3372
.3368
.3364
.336
.3356
.3351
.3347
.3343
.3339
.3335
.3331
.3327
.3323
.3319
.3315
.3311
.3307
.3303
.3299
.3295
.3291
.3287
.3283
.3279
.3275
.3271
.3268
.3264
.326
.3256
.3252
.3248
.3244
.324
.3236
.3232
.3228
.3224
.322
.3216
.3212
.3209
.3205
.3201
.3197
.3193
.3189
.3185
.3181
.3177
.3174
.317
.3166
.3162
.3158
.3154
.3151
.3147
.3143
.3139
.3135
.3131
.3128
.3124
.312
.3116
.3112
.3109
.3105
.3101
.3097
.3094
.309
.3086
.3082
.3079
.3075
.3071
.3067
.3064
.306
.3056
.3052
.3049
.3045
.3041
.3038
.3034
.303
.3027
.3023
.3019
.3016
.3012
.3008
.3005
.3001
.2997
.2994
.299
.2986
.2983
.2979
.2976
.2972
.2968
.2965
.2961
.2958
.2954
.2951
.2947
.2943
.294
.2936
.2933
.2929
.2926
.2922
.2919
.2915
.2912
.2908
.2905
.2901
.2898
.2894
.2891
.2887
.2884
.288
.2877
.2873
.287
.2866
.2863
.2859
.2856
.2853
.2849
.2846
.2842
.2839
.2836
.2832
.2829
.2825
.2822
.2819
.2815
.2812
.2808
.2805
.2802
.2798
.2795
.2792
.2788
.2785
.2782
.2778
.2775
.2772
.2768
.2765
.2762
.2759
.2755
.2752
.2749
.2745
.2742
.2739
.2736
.2732
.2729
.2726
.2723
.2719
.2716
.2713
.271
.2707
.2703
.27
.2697
.2694
.2691
.2687
.2684
.2681
.2678
.2675
.2671
.2668
.2665
.2662
.2659
.2656
.2653
.2649
.2646
.2643
.264
.2637
.2634
.2631
.2628
.2625
.2621
.2618
.2615
.2612
.2609
.2606
.2603
.26
.2597
.2594
.2591
.2588
.2585
.2582
.2579
.2576
.2573
.257
.2567
.2564
.2561
.2558
.2555
.2552
.2549
.2546
.2543
.254
.2537
.2534
.2531
.2528
.2525
.2522
.2519
.2516
.2513
.251
.2507
.2504
.2501
.2499
.2496
.2493
.249
.2487
.2484
.2481
.2478
.2475
.2473
.247
.2467
.2464
.2461
.2458
.2455
.2453
.245
.2447
.2444
.2441
.2438
.2436
.2433
.243
.2427
.2424
.2422
.2419
.2416
.2413
.241
.2408
.2405
.2402
.2399
.2397
.2394
.2391
.2388
.2386
.2383
.238
.2377
.2375
.2372
.2369
.2366
.2364
.2361
.2358
.2356
.2353
.235
.2348
.2345
.2342
.2339
.2337
.2334
.2331
.2329
.2326
.2323
.2321
.2318
.2316
.2313
.231
.2308
.2305
.2302
.23
.2297
.2295
.2292
.2289
.2287
.2284
.2282
.2279
.2276
.2274
.2271
.2269
.2266
.2264
.2261
.2258
.2256
.2253
.2251
.2248
.2246
.2243
.2241
.2238
.2236
.2233
.2231
.2228
.2225
.2223
.222
.2218
.2215
.2213
.2211
.2208
.2206
.2203
.2201
.2198
.2196
.2193
.2191
.2188
.2186
.2183
.2181
.2178
.2176
.2174
.2171
.2169
.2166
.2164
.2162
.2159
.2157
.2154
.2152
.2149
.2147
.2145
.2142
.214
.2138
.2135
.2133
.213
.2128
.2126
.2123
.2121
.2119
.2116
.2114
.2112
.2109
.2107
.2105
.2102
.21
.2098
.2095
.2093
.2091
.2088
.2086
.2084
.2081
.2079
.2077
.2075
.2072
.207
.2068
.2066
.2063
.2061
.2059
.2056
.2054
.2052
.205
.2047
.2045
.2043
.2041
.2038
.2036
.2034
.2032
.203
.2027
.2025
.2023
.2021
.2019
.2016
.2014
.2012
.201
.2008
.2005
.2003
.2001
.1999
.1997
.1995
.1992
.199
.1988
.1986
.1984
.1982
.1979
.1977
.1975
.1973
.1971
.1969
.1967
.1964
.1962
.196
.1958
.1956
.1954
.1952
.195
.1948
.1945
.1943
.1941
.1939
.1937
.1935
.1933
.1931
.1929
.1927
.1925
.1923
.1921
.1919
.1916
.1914
.1912
.191
.1908
.1906
.1904
.1902
.19
.1898
.1896
.1894
.1892
.189
.1888
.1886
.1884
.1882
.188
.1878
.1876
.1874
.1872
.187
.1868
.1866
.1864
.1862
.186
.1858
.1856
.1854
.1852
.185
.1848
.1846
.1844
.1843
.1841
.1839
.1837
.1835
.1833
.1831
.1829
.1827
.1825
.1823
.1821
.1819
.1817
.1816
.1814
.1812
.181
.1808
.1806
.1804
.1802
.18
.1799
.1797
.1795
.1793
.1791
.1789
.1787
.1785
.1784
.1782
.178
.1778
.1776
.1774
.1772
.1771
.1769
.1767
.1765
.1763
.1761
.176
.1758
.1756
.1754
.1752
.1751
.1749
.1747
.1745
.1743
.1742
.174
.1738
.1736
.1734
.1733
.1731
.1729
.1727
.1725
.1724
.1722
.172
.1718
.1717
.1715
.1713
.1711
.171
.1708
.1706
.1704
.1703
.1701
.1699
.1697
.1696
.1694
.1692
.169
.1689
.1687
.1685
.1684
.1682
.168
.1678
.1677
.1675
.1673
.1672
.167
.1668
.1667
.1665
.1663
.1662
.166
.1658
.1656
.1655
.1653
.1651
.165
.1648
.1646
.1645
.1643
.1641
.164
.1638
.1637
.1635
.1633
.1632
.163
.1628
.1627
.1625
.1623
.1622
.162
.1619
.1617
.1615
.1614
.1612
.161
.1609
.1607
.1606
.1604
.1602
.1601
.1599
.1598
.1596
.1594
.1593
.1591
.159
.1588
.1587
.1585
.1583
.1582
.158
.1579
.1577
.1576
.1574
.1572
.1571
.1569
.1568
.1566
.1565
.1563
.1562
.156
.1559
.1557
.1555
.1554
.1552
.1551
.1549
.1548
.1546
.1545
.1543
.1542
.154
.1539
.1537
.1536
.1534
.1533
.1531
.153
.1528
.1527
.1525
.1524
.1522
.1521
.1519
.1518
.1516
.1515
.1513
.1512
.151
.1509
.1507
.1506
.1505
.1503
.1502
.15
.1499
.1497
.1496
.1494
.1493
.1491
.149
.1489
.1487
.1486
.1484
.1483
.1481
.148
.1479
.1477
.1476
.1474
.1473
.1471
.147
.1469
.1467
.1466
.1464
.1463
.1462
.146
.1459
.1457
.1456
.1455
.1453
.1452
.145
.1449
.1448
.1446
.1445
.1443
.1442
.1441
.1439
.1438
.1437
.1435
.1434
.1432
.1431
.143
.1428
.1427
.1426
.1424
.1423
.1422
.142
.1419
.1418
.1416
.1415
.1414
.1412
.1411
.141
.1408
.1407
.1406
.1404
.1403
.1402
.14
.1399
.1398
.1396
.1395
.1394
.1392
.1391
.139
.1388
.1387
.1386
.1385
.1383
.1382
.1381
.1379
.1378
.1377
.1376
.1374
.1373
.1372
.137
.1369
.1368
.1367
.1365
.1364
.1363
.1361
.136
.1359
.1358
.1356
.1355
.1354
.1353
.1351
.135
.1349
.1348
.1346
.1345
.1344
.1343
.1341
.134
.1339
.1338
.1336
.1335
.1334
.1333
.1332
.133
.1329
.1328
.1327
.1325
.1324
.1323
.1322
.1321
.1319
.1318
.1317
.1316
.1315
.1313
.1312
.1311
.131
.1309
.1307
.1306
.1305
.1304
.1303
.1301
.13
.1299
.1298
.1297
.1295
.1294
.1293
.1292
.1291
.129
.1288
.1287
.1286
.1285
.1284
.1283
.1281
.128
.1279
.1278
.1277
.1276
.1274
.1273
.1272
.1271
.127
.1269
.1268
.1266
.1265
.1264
.1263
.1262
.1261
.126
.1258
.1257
.1256
.1255
.1254
.1253
.1252
.1251
.1249
.1248
.1247
.1246
.1245
.1244
.1243
.1242
.1241
.1239
.1238
.1237
.1236
.1235
.1234
.1233
.1232
.1231
.1229
.1228
.1227
.1226
.1225
.1224
.1223
.1222
.1221
.122
.1219
.1218
.1216
.1215
.1214
.1213
.1212
.1211
.121
.1209
.1208
.1207
.1206
.1205
.1204
.1203
.1202
.12
.1199
.1198
.1197
.1196
.1195
.1194
.1193
.1192
.1191
.119
.1189
.1188
.1187
.1186
.1185
.1184
.1183
.1182
.1181
.118
.1179
.1178
.1176
.1175
.1174
.1173
.1172
.1171
.117
.1169
.1168
.1167
.1166
.1165
.1164
.1163
.1162
.1161
.116
.1159
.1158
.1157
.1156
.1155
.1154
.1153
.1152
.1151
.115
.1149
.1148
.1147
.1146
.1145
.1144
.1143
.1142
.1141
.114
.1139
.1138
.1137
.1136
.1135
.1134
.1134
.1133
.1132
.1131
.113
.1129
.1128
.1127
.1126
.1125
.1124
.1123
.1122
.1121
.112
.1119
.1118
.1117
.1116
.1115
.1114
.1113
.1112
.1111
.111
.111
.1109
.1108
.1107
.1106
.1105
.1104
.1103
.1102
.1101
.11
.1099
.1098
.1097
.1096
.1096
.1095
.1094
.1093
.1092
.1091
.109
.1089
.1088
.1087
.1086
.1085
.1084
.1084
.1083
.1082
.1081
.108
.1079
.1078
.1077
.1076
.1075
.1075
.1074
.1073
.1072
.1071
.107
.1069
.1068
.1067
.1066
.1066
.1065
.1064
.1063
.1062
.1061
.106
.1059
.1058
.1058
.1057
.1056
.1055
.1054
.1053
.1052
.1051
.1051
.105
.1049
.1048
.1047
.1046
.1045
.1045
.1044
.1043
.1042
.1041
.104
.1039
.1038
.1038
.1037
.1036
.1035
.1034
.1033
.1033
.1032
.1031
.103
.1029
.1028
.1027
.1027
.1026
.1025
.1024
.1023
.1022
.1022
.1021
.102
.1019
.1018
.1017
.1017
.1016
.1015
.1014
.1013
.1012
.1012
.1011
.101
.1009
.1008
.1007
.1007
.1006
.1005
.1004
.1003
.1003
.1002
.1001
.1
.0999
.0999
.0998
.0997
.0996
.0995
.0994
.0994
.0993
.0992
.0991
.099
.099
.0989
.0988
.0987
.0986
.0986
.0985
.0984
.0983
.0982
.0982
.0981
.098
.0979
.0979
.0978
.0977
.0976
.0975
.0975
.0974
.0973
.0972
.0972
.0971
.097
.0969
.0968
.0968
.0967
.0966
.0965
.0965
.0964
.0963
.0962
.0961
.0961
.096
.0959
.0958
.0958
.0957
.0956
.0955
.0955
.0954
.0953
.0952
.0952
.0951
.095
.0949
.0949
.0948
.0947
.0946
.0946
.0945
.0944
.0943
.0943
.0942
.0941
.094
.094
.0939
.0938
.0937
.0937
.0936
.0935
.0934
.0934
.0933
.0932
.0931
.0931
.093
.0929
.0929
.0928
.0927
.0926
.0926
.0925
.0924
.0923
.0923
.0922
.0921
.0921
.092
.0919
.0918
.0918
.0917
.0916
.0916
.0915
.0914
.0913
.0913
.0912
.0911
.0911
.091
.0909
.0908
.0908
.0907
.0906
.0906
.0905
.0904
.0904
.0903
.0902
.0901
.0901
.09
.0899
.0899
.0898
.0897
.0897
.0896
.0895
.0894
.0894
.0893
.0892
.0892
.0891
.089
.089
.0889
.0888
.0888
.0887
.0886
.0886
.0885
.0884
.0884
.0883
.0882
.0881
.0881
.088
.0879
.0879
.0878
.0877
.0877
.0876
.0875
.0875
.0874
.0873
.0873
.0872
.0871
.0871
.087
.0869
.0869
.0868
.0867
.0867
.0866
.0865
.0865
.0864
.0863
.0863
.0862
.0862
.0861
.086
.086
.0859
.0858
.0858
.0857
.0856
.0856
.0855
.0854
.0854
.0853
.0852
.0852
.0851
.085
.085
.0849
.0849
.0848
.0847
.0847
.0846
.0845
.0845
.0844
.0843
.0843
.0842
.0842
.0841
.084
.084
.0839
.0838
.0838
.0837
.0836
.0836
.0835
.0835
.0834
.0833
.0833
.0832
.0831
.0831
.083
.083
.0829
.0828
.0828
.0827
.0827
.0826
.0825
.0825
.0824
.0823
.0823
.0822
.0822
.0821
.082
.082
.0819
.0819
.0818
.0817
.0817
.0816
.0816
.0815
.0814
.0814
.0813
.0812
.0812
.0811
.0811
.081
.0809
.0809
.0808
.0808
.0807
.0806
.0806
.0805
.0805
.0804
.0804
.0803
.0802
.0802
.0801
.0801
.08
.0799
.0799
.0798
.0798
.0797
.0796
.0796
.0795
.0795
.0794
.0794
.0793
.0792
.0792
.0791
.0791
.079
.0789
.0789
.0788
.0788
.0787
.0787
.0786
.0785
.0785
.0784
.0784
.0783
.0783
.0782
.0781
.0781
.078
.078
.0779
.0779
.0778
.0777
.0777
.0776
.0776
.0775
.0775
.0774
.0773
.0773
.0772
.0772
.0771
.0771
.077
.077
.0769
.0768
.0768
.0767
.0767
.0766
.0766
.0765
.0765
.0764
.0763
.0763
.0762
.0762
.0761
.0761
.076
.076
.0759
.0758
.0758
.0757
.0757
.0756
.0756
.0755
.0755
.0754
.0754
.0753
.0752
.0752
.0751
.0751
.075
.075
.0749
.0749
.0748
.0748
.0747
.0747
.0746
.0745
.0745
.0744
.0744
.0743
.0743
.0742
.0742
.0741
.0741
.074
.074
.0739
.0739
.0738
.0738
.0737
.0736
.0736
.0735
.0735
.0734
.0734
.0733
.0733
.0732
.0732
.0731
.0731
.073
.073
.0729
.0729
.0728
.0728
.0727
.0727
.0726
.0726
.0725
.0724
.0724
.0723
.0723
.0722
.0722
.0721
.0721
.072
.072
.0719
.0719
.0718
.0718
.0717
.0717
.0716
.0716
.0715
.0715
.0714
.0714
.0713
.0713
.0712
.0712
.0711
.0711
.071
.071
.0709
.0709
.0708
.0708
.0707
.0707
.0706
.0706
.0705
.0705
.0704
.0704
.0703
.0703
.0702
.0702
.0701
.0701
.07
.07
.0699
.0699
.0698
.0698
.0697
.0697
.0696
.0696
.0695
.0695
.0694
.0694
.0694
.0693
.0693
.0692
.0692
.0691
.0691
.069
.069
.0689
.0689
.0688
.0688
.0687
.0687
.0686
.0686
.0685
.0685
.0684
.0684
.0683
.0683
.0682
.0682
.0682
.0681
.0681
.068
.068
.0679
.0679
.0678
.0678
.0677
.0677
.0676
.0676
.0675
.0675
.0674
.0674
.0674
.0673
.0673
.0672
.0672
.0671
.0671
.067
.067
.0669
.0669
.0668
.0668
.0668
.0667
.0667
.0666
.0666
.0665
.0665
.0664
.0664
.0663
.0663
.0662
.0662
.0662
.0661
.0661
.066
.066
.0659
.0659
.0658
.0658
.0657
.0657
.0657
.0656
.0656
.0655
.0655
.0654
.0654
.0653
.0653
.0653
.0652
.0652
.0651
.0651
.065
.065
.0649
.0649
.0648
.0648
.0648
.0647
.0647
.0646
.0646
.0645
.0645
.0645
.0644
.0644
.0643
.0643
.0642
.0642
.0641
.0641
.0641
.064
.064
.0639
.0639
.0638
.0638
.0638
.0637
.0637
.0636
.0636
.0635
.0635
.0634
.0634
.0634
.0633
.0633
.0632
.0632
.0631
.0631
.0631
.063
.063
.0629
.0629
.0628
.0628
.0628
.0627
.0627
.0626
.0626
.0625
.0625
.0625
.0624
.0624
.0623
.0623
.0623
.0622
.0622
.0621
.0621
.062
.062
.062
.0619
.0619
.0618
.0618
.0617
.0617
.0617
.0616
.0616
.0615
.0615
.0615
.0614
.0614
.0613
.0613
.0612
.0612
.0612
.0611
.0611
.061
.061
.061
.0609
.0609
.0608
.0608
.0608
.0607
.0607
.0606
.0606
.0606
.0605
.0605
.0604
.0604
.0603
.0603
.0603
.0602
.0602
.0601
.0601
.0601
.06
.06
.0599
.0599
.0599
.0598
.0598
.0597
.0597
.0597
.0596
.0596
.0595
.0595
.0595
.0594
.0594
.0593
.0593
.0593
.0592
.0592
.0591
.0591
.0591
.059
.059
.0589
.0589
.0589
.0588
.0588
.0587
.0587
.0587
.0586
.0586
.0586
.0585
.0585
.0584
.0584
.0584
.0583
.0583
.0582
.0582
.0582
.0581
.0581
.058
.058
.058
.0579
.0579
.0579
.0578
.0578
.0577
.0577
.0577
.0576
.0576
.0575
.0575
.0575
.0574
.0574
.0574
.0573
.0573
.0572
.0572
.0572
.0571
.0571
.057
.057
.057
.0569
.0569
.0569
.0568
.0568
.0567
.0567
.0567
.0566
.0566
.0566
.0565
.0565
.0564
.0564
.0564
.0563
.0563
.0563
.0562
.0562
.0561
.0561
.0561
.056
.056
.056
.0559
.0559
.0558
.0558
.0558
.0557
.0557
.0557
.0556
.0556
.0556
.0555
.0555
.0554
.0554
.0554
.0553
.0553
.0553
.0552
.0552
.0552
.0551
.0551
.055
.055
.055
.0549
.0549
.0549
.0548
.0548
.0548
.0547
.0547
.0546
.0546
.0546
.0545
.0545
.0545
.0544
.0544
.0544
.0543
.0543
.0542
.0542
.0542
.0541
.0541
.0541
.054
.054
.054
.0539
.0539
.0539
.0538
.0538
.0537
.0537
.0537
.0536
.0536
.0536
.0535
.0535
.0535
.0534
.0534
.0534
.0533
.0533
.0533
.0532
.0532
.0531
.0531
.0531
.053
.053
.053
.0529
.0529
.0529
.0528
.0528
.0528
.0527
.0527
.0527
.0526
.0526
.0526
.0525
.0525
.0525
.0524
.0524
.0523
.0523
.0523
.0522
.0522
.0522
.0521
.0521
.0521
.052
.052
.052
.0519
.0519
.0519
.0518
.0518
.0518
.0517
.0517
.0517
.0516
.0516
.0516
.0515
.0515
.0515
.0514
.0514
.0514
.0513
.0513
.0513
.0512
.0512
.0512
.0511
.0511
.0511
.051
.051
.051
.0509
.0509
.0509
.0508
.0508
.0508
.0507
.0507
.0507
.0506
.0506
.0506
.0505
.0505
.0505
.0504
.0504
.0504
.0503
.0503
.0503
.0502
.0502
.0502
.0501
.0501
.0501
.05
.05
