.6364
.6338
.6311
.6285
.6259
.6233
.6206
.618
.6154
.6128
.6101
.6075
.6049
.6023
.5997
.5972
.5946
.5921
.5896
.5871
.5846
.5822
.5798
.5774
.575
.5727
.5705
.5683
.5661
.564
.5619
.5599
.5579
.556
.5542
.5524
.5506
.5489
.5473
.5457
.5442
.5428
.5414
.5401
.5388
.5376
.5364
.5354
.5343
.5333
.5324
.5315
.5307
.5299
.5291
.5284
.5278
.5272
.5266
.526
.5255
.525
.5246
.5242
.5238
.5234
.5231
.5228
.5225
.5222
.522
.5217
.5215
.5213
.5211
.521
.5208
.5207
.5205
.5204
.5203
.5202
.5201
.52
.5199
.5198
.5197
.5196
.5196
.5195
.5195
.5194
.5194
.5193
.5193
.5192
.5192
.5191
.5191
.5191
.519
.519
.519
.519
.5189
.5189
.5189
.5189
.5188
.5188
.5188
.5188
.5188
.5188
.5187
.5187
.5187
.5187
.5187
.5187
.5186
.5186
.5186
.5186
.5186
.5186
.5185
.5185
.5185
.5185
.5185
.5185
.5185
.5184
.5184
.5184
.5184
.5184
.5184
.5184
.5183
.5183
.5183
.5183
.5183
.5183
.5182
.5182
.5182
.5182
.5182
.5182
.5182
.5181
.5181
.5181
.5181
.5181
.5181
.5181
.518
.518
.518
.518
.518
.518
.5179
.5179
.5179
.5179
.5179
.5179
.5179
.5178
.5178
.5178
.5178
.5178
.5178
.5177
.5177
.5177
.5177
.5177
.5177
.5177
.5176
.5176
.5176
.5176
.5176
.5176
.5175
.5175
.5175
.5175
.5175
.5175
.5174
.5174
.5174
.5174
.5174
.5174
.5173
.5173
.5173
.5173
.5173
.5173
.5172
.5172
.5172
.5172
.5172
.5172
.5171
.5171
.5171
.5171
.5171
.5171
.517
.517
.517
.517
.517
.517
.5169
.5169
.5169
.5169
.5169
.5168
.5168
.5168
.5168
.5168
.5168
.5167
.5167
.5167
.5167
.5167
.5166
.5166
.5166
.5166
.5166
.5166
.5165
.5165
.5165
.5165
.5165
.5164
.5164
.5164
.5164
.5164
.5164
.5163
.5163
.5163
.5163
.5163
.5162
.5162
.5162
.5162
.5162
.5161
.5161
.5161
.5161
.5161
.5161
.516
.516
.516
.516
.516
.5159
.5159
.5159
.5159
.5159
.5158
.5158
.5158
.5158
.5158
.5157
.5157
.5157
.5157
.5157
.5156
.5156
.5156
.5156
.5155
.5155
.5155
.5155
.5155
.5154
.5154
.5154
.5154
.5154
.5153
.5153
.5153
.5153
.5152
.5152
.5152
.5152
.5152
.5151
.5151
.5151
.5151
.5151
.515
.515
.515
.515
.5149
.5149
.5149
.5149
.5148
.5148
.5148
.5148
.5148
.5147
.5147
.5147
.5147
.5146
.5146
.5146
.5146
.5145
.5145
.5145
.5145
.5144
.5144
.5144
.5144
.5143
.5143
.5143
.5143
.5142
.5142
.5142
.5142
.5141
.5141
.5141
.5141
.514
.514
.514
.514
.5139
.5139
.5139
.5139
.5138
.5138
.5138
.5138
.5137
.5137
.5137
.5136
.5136
.5136
.5136
.5135
.5135
.5135
.5134
.5134
.5134
.5134
.5133
.5133
.5133
.5132
.5132
.5132
.5132
.5131
.5131
.5131
.513
.513
.513
.5129
.5129
.5129
.5129
.5128
.5128
.5128
.5127
.5127
.5127
.5126
.5126
.5126
.5125
.5125
.5125
.5124
.5124
.5124
.5123
.5123
.5123
.5122
.5122
.5122
.5121
.5121
.5121
.512
.512
.512
.5119
.5119
.5119
.5118
.5118
.5117
.5117
.5117
.5116
.5116
.5116
.5115
.5115
.5114
.5114
.5114
.5113
.5113
.5113
.5112
.5112
.5111
.5111
.5111
.511
.511
.5109
.5109
.5109
.5108
.5108
.5107
.5107
.5106
.5106
.5106
.5105
.5105
.5104
.5104
.5103
.5103
.5103
.5102
.5102
.5101
.5101
.51
.51
.5099
.5099
.5099
.5098
.5098
.5097
.5097
.5096
.5096
.5095
.5095
.5094
.5094
.5093
.5093
.5092
.5092
.5091
.5091
.509
.509
.5089
.5089
.5088
.5088
.5087
.5087
.5086
.5086
.5085
.5084
.5084
.5083
.5083
.5082
.5082
.5081
.5081
.508
.5079
.5079
.5078
.5078
.5077
.5077
.5076
.5075
.5075
.5074
.5074
.5073
.5072
.5072
.5071
.507
.507
.5069
.5069
.5068
.5067
.5067
.5066
.5065
.5065
.5064
.5063
.5063
.5062
.5061
.5061
.506
.5059
.5059
.5058
.5057
.5056
.5056
.5055
.5054
.5054
.5053
.5052
.5051
.5051
.505
.5049
.5048
.5048
.5047
.5046
.5045
.5045
.5044
.5043
.5042
.5041
.5041
.504
.5039
.5038
.5037
.5037
.5036
.5035
.5034
.5033
.5032
.5032
.5031
.503
.5029
.5028
.5027
.5026
.5025
.5025
.5024
.5023
.5022
.5021
.502
.5019
.5018
.5017
.5016
.5015
.5014
.5013
.5012
.5011
.5011
.501
.5009
.5008
.5007
.5006
.5005
.5004
.5002
.5001
.5
.4999
.4998
.4997
.4996
.4995
.4994
.4993
.4992
.4991
.499
.4989
.4988
.4986
.4985
.4984
.4983
.4982
.4981
.498
.4978
.4977
.4976
.4975
.4974
.4973
.4971
.497
.4969
.4968
.4966
.4965
.4964
.4963
.4961
.496
.4959
.4958
.4956
.4955
.4954
.4952
.4951
.495
.4948
.4947
.4946
.4944
.4943
.4942
.494
.4939
.4938
.4936
.4935
.4933
.4932
.493
.4929
.4928
.4926
.4925
.4923
.4922
.492
.4919
.4917
.4916
.4914
.4913
.4911
.491
.4908
.4906
.4905
.4903
.4902
.49
.4899
.4897
.4895
.4894
.4892
.489
.4889
.4887
.4885
.4884
.4882
.488
.4879
.4877
.4875
.4873
.4872
.487
.4868
.4866
.4865
.4863
.4861
.4859
.4857
.4856
.4854
.4852
.485
.4848
.4846
.4845
.4843
.4841
.4839
.4837
.4835
.4833
.4831
.4829
.4827
.4825
.4823
.4821
.4819
.4817
.4815
.4813
.4811
.4809
.4807
.4805
.4803
.4801
.4799
.4797
.4794
.4792
.479
.4788
.4786
.4784
.4781
.4779
.4777
.4775
.4773
.477
.4768
.4766
.4764
.4761
.4759
.4757
.4754
.4752
.475
.4747
.4745
.4743
.474
.4738
.4736
.4733
.4731
.4728
.4726
.4723
.4721
.4719
.4716
.4714
.4711
.4709
.4706
.4704
.4701
.4698
.4696
.4693
.4691
.4688
.4686
.4683
.468
.4678
.4675
.4672
.467
.4667
.4664
.4662
.4659
.4656
.4654
.4651
.4648
.4645
.4642
.464
.4637
.4634
.4631
.4628
.4626
.4623
.462
.4617
.4614
.4611
.4608
.4605
.4602
.46
.4597
.4594
.4591
.4588
.4585
.4582
.4579
.4576
.4573
.457
.4567
.4563
.456
.4557
.4554
.4551
.4548
.4545
.4542
.4539
.4535
.4532
.4529
.4526
.4523
.4519
.4516
.4513
.451
.4506
.4503
.45
.4497
.4493
.449
.4487
.4483
.448
.4477
.4473
.447
.4467
.4463
.446
.4456
.4453
.445
.4446
.4443
.4439
.4436
.4432
.4429
.4425
.4422
.4418
.4415
.4411
.4408
.4404
.4401
.4397
.4393
.439
.4386
.4383
.4379
.4375
.4372
.4368
.4364
.4361
.4357
.4353
.435
.4346
.4342
.4338
.4335
.4331
.4327
.4323
.432
.4316
.4312
.4308
.4304
.4301
.4297
.4293
.4289
.4285
.4281
.4278
.4274
.427
.4266
.4262
.4258
.4254
.425
.4246
.4242
.4239
.4235
.4231
.4227
.4223
.4219
.4215
.4211
.4207
.4203
.4199
.4195
.4191
.4187
.4182
.4178
.4174
.417
.4166
.4162
.4158
.4154
.415
.4146
.4142
.4137
.4133
.4129
.4125
.4121
.4117
.4113
.4108
.4104
.41
.4096
.4092
.4088
.4083
.4079
.4075
.4071
.4066
.4062
.4058
.4054
.4049
.4045
.4041
.4037
.4032
.4028
.4024
.402
.4015
.4011
.4007
.4002
.3998
.3994
.399
.3985
.3981
.3977
.3972
.3968
.3964
.3959
.3955
.395
.3946
.3942
.3937
.3933
.3929
.3924
.392
.3916
.3911
.3907
.3902
.3898
.3894
.3889
.3885
.388
.3876
.3872
.3867
.3863
.3858
.3854
.3849
.3845
.3841
.3836
.3832
.3827
.3823
.3818
.3814
.381
.3805
.3801
.3796
.3792
.3787
.3783
.3778
.3774
.377
.3765
.3761
.3756
.3752
.3747
.3743
.3738
.3734
.3729
.3725
.372
.3716
.3711
.3707
.3703
.3698
.3694
.3689
.3685
.368
.3676
.3671
.3667
.3662
.3658
.3653
.3649
.3644
.364
.3635
.3631
.3626
.3622
.3617
.3613
.3609
.3604
.36
.3595
.3591
.3586
.3582
.3577
.3573
.3568
.3564
.3559
.3555
.355
.3546
.3542
.3537
.3533
.3528
.3524
.3519
.3515
.351
.3506
.3501
.3497
.3493
.3488
.3484
.3479
.3475
.347
.3466
.3462
.3457
.3453
.3448
.3444
.3439
.3435
.3431
.3426
.3422
.3417
.3413
.3409
.3404
.34
.3395
.3391
.3387
.3382
.3378
.3373
.3369
.3365
.336
.3356
.3352
.3347
.3343
.3338
.3334
.333
.3325
.3321
.3317
.3312
.3308
.3304
.3299
.3295
.3291
.3286
.3282
.3278
.3273
.3269
.3265
.3261
.3256
.3252
.3248
.3243
.3239
.3235
.3231
.3226
.3222
.3218
.3213
.3209
.3205
.3201
.3196
.3192
.3188
.3184
.318
.3175
.3171
.3167
.3163
.3159
.3154
.315
.3146
.3142
.3138
.3133
.3129
.3125
.3121
.3117
.3113
.3108
.3104
.31
.3096
.3092
.3088
.3084
.308
.3075
.3071
.3067
.3063
.3059
.3055
.3051
.3047
.3043
.3039
.3035
.3031
.3026
.3022
.3018
.3014
.301
.3006
.3002
.2998
.2994
.299
.2986
.2982
.2978
.2974
.297
.2966
.2962
.2958
.2954
.2951
.2947
.2943
.2939
.2935
.2931
.2927
.2923
.2919
.2915
.2911
.2907
.2904
.29
.2896
.2892
.2888
.2884
.288
.2876
.2873
.2869
.2865
.2861
.2857
.2854
.285
.2846
.2842
.2838
.2835
.2831
.2827
.2823
.2819
.2816
.2812
.2808
.2805
.2801
.2797
.2793
.279
.2786
.2782
.2779
.2775
.2771
.2767
.2764
.276
.2756
.2753
.2749
.2746
.2742
.2738
.2735
.2731
.2727
.2724
.272
.2717
.2713
.2709
.2706
.2702
.2699
.2695
.2692
.2688
.2684
.2681
.2677
.2674
.267
.2667
.2663
.266
.2656
.2653
.2649
.2646
.2642
.2639
.2635
.2632
.2629
.2625
.2622
.2618
.2615
.2611
.2608
.2605
.2601
.2598
.2594
.2591
.2588
.2584
.2581
.2578
.2574
.2571
.2567
.2564
.2561
.2557
.2554
.2551
.2548
.2544
.2541
.2538
.2534
.2531
.2528
.2525
.2521
.2518
.2515
.2512
.2508
.2505
.2502
.2499
.2495
.2492
.2489
.2486
.2483
.2479
.2476
.2473
.247
.2467
.2463
.246
.2457
.2454
.2451
.2448
.2445
.2442
.2438
.2435
.2432
.2429
.2426
.2423
.242
.2417
.2414
.2411
.2408
.2405
.2401
.2398
.2395
.2392
.2389
.2386
.2383
.238
.2377
.2374
.2371
.2368
.2365
.2362
.2359
.2356
.2353
.235
.2348
.2345
.2342
.2339
.2336
.2333
.233
.2327
.2324
.2321
.2318
.2315
.2313
.231
.2307
.2304
.2301
.2298
.2295
.2292
.229
.2287
.2284
.2281
.2278
.2275
.2273
.227
.2267
.2264
.2261
.2259
.2256
.2253
.225
.2248
.2245
.2242
.2239
.2237
.2234
.2231
.2228
.2226
.2223
.222
.2217
.2215
.2212
.2209
.2207
.2204
.2201
.2199
.2196
.2193
.2191
.2188
.2185
.2183
.218
.2177
.2175
.2172
.217
.2167
.2164
.2162
.2159
.2156
.2154
.2151
.2149
.2146
.2144
.2141
.2138
.2136
.2133
.2131
.2128
.2126
.2123
.2121
.2118
.2116
.2113
.2111
.2108
.2106
.2103
.2101
.2098
.2096
.2093
.2091
.2088
.2086
.2083
.2081
.2078
.2076
.2073
.2071
.2069
.2066
.2064
.2061
.2059
.2056
.2054
.2052
.2049
.2047
.2044
.2042
.204
.2037
.2035
.2033
.203
.2028
.2025
.2023
.2021
.2018
.2016
.2014
.2011
.2009
.2007
.2004
.2002
.2
.1998
.1995
.1993
.1991
.1988
.1986
.1984
.1982
.1979
.1977
.1975
.1972
.197
.1968
.1966
.1964
.1961
.1959
.1957
.1955
.1952
.195
.1948
.1946
.1944
.1941
.1939
.1937
.1935
.1933
.193
.1928
.1926
.1924
.1922
.192
.1917
.1915
.1913
.1911
.1909
.1907
.1905
.1902
.19
.1898
.1896
.1894
.1892
.189
.1888
.1886
.1883
.1881
.1879
.1877
.1875
.1873
.1871
.1869
.1867
.1865
.1863
.1861
.1859
.1857
.1855
.1853
.1851
.1848
.1846
.1844
.1842
.184
.1838
.1836
.1834
.1832
.183
.1828
.1826
.1824
.1822
.182
.1819
.1817
.1815
.1813
.1811
.1809
.1807
.1805
.1803
.1801
.1799
.1797
.1795
.1793
.1791
.1789
.1787
.1786
.1784
.1782
.178
.1778
.1776
.1774
.1772
.177
.1768
.1767
.1765
.1763
.1761
.1759
.1757
.1755
.1754
.1752
.175
.1748
.1746
.1744
.1742
.1741
.1739
.1737
.1735
.1733
.1732
.173
.1728
.1726
.1724
.1722
.1721
.1719
.1717
.1715
.1714
.1712
.171
.1708
.1706
.1705
.1703
.1701
.1699
.1698
.1696
.1694
.1692
.1691
.1689
.1687
.1685
.1684
.1682
.168
.1679
.1677
.1675
.1673
.1672
.167
.1668
.1667
.1665
.1663
.1661
.166
.1658
.1656
.1655
.1653
.1651
.165
.1648
.1646
.1645
.1643
.1641
.164
.1638
.1636
.1635
.1633
.1632
.163
.1628
.1627
.1625
.1623
.1622
.162
.1619
.1617
.1615
.1614
.1612
.161
.1609
.1607
.1606
.1604
.1603
.1601
.1599
.1598
.1596
.1595
.1593
.1591
.159
.1588
.1587
.1585
.1584
.1582
.1581
.1579
.1577
.1576
.1574
.1573
.1571
.157
.1568
.1567
.1565
.1564
.1562
.1561
.1559
.1558
.1556
.1555
.1553
.1552
.155
.1549
.1547
.1546
.1544
.1543
.1541
.154
.1538
.1537
.1535
.1534
.1532
.1531
.1529
.1528
.1526
.1525
.1524
.1522
.1521
.1519
.1518
.1516
.1515
.1513
.1512
.1511
.1509
.1508
.1506
.1505
.1504
.1502
.1501
.1499
.1498
.1496
.1495
.1494
.1492
.1491
.1489
.1488
.1487
.1485
.1484
.1483
.1481
.148
.1478
.1477
.1476
.1474
.1473
.1472
.147
.1469
.1467
.1466
.1465
.1463
.1462
.1461
.1459
.1458
.1457
.1455
.1454
.1453
.1451
.145
.1449
.1447
.1446
.1445
.1443
.1442
.1441
.1439
.1438
.1437
.1435
.1434
.1433
.1432
.143
.1429
.1428
.1426
.1425
.1424
.1423
.1421
.142
.1419
.1417
.1416
.1415
.1414
.1412
.1411
.141
.1409
.1407
.1406
.1405
.1404
.1402
.1401
.14
.1399
.1397
.1396
.1395
.1394
.1392
.1391
.139
.1389
.1387
.1386
.1385
.1384
.1383
.1381
.138
.1379
.1378
.1376
.1375
.1374
.1373
.1372
.137
.1369
.1368
.1367
.1366
.1364
.1363
.1362
.1361
.136
.1358
.1357
.1356
.1355
.1354
.1353
.1351
.135
.1349
.1348
.1347
.1346
.1344
.1343
.1342
.1341
.134
.1339
.1338
.1336
.1335
.1334
.1333
.1332
.1331
.133
.1328
.1327
.1326
.1325
.1324
.1323
.1322
.1321
.1319
.1318
.1317
.1316
.1315
.1314
.1313
.1312
.131
.1309
.1308
.1307
.1306
.1305
.1304
.1303
.1302
.1301
.1299
.1298
.1297
.1296
.1295
.1294
.1293
.1292
.1291
.129
.1289
.1288
.1287
.1285
.1284
.1283
.1282
.1281
.128
.1279
.1278
.1277
.1276
.1275
.1274
.1273
.1272
.1271
.127
.1269
.1268
.1267
.1265
.1264
.1263
.1262
.1261
.126
.1259
.1258
.1257
.1256
.1255
.1254
.1253
.1252
.1251
.125
.1249
.1248
.1247
.1246
.1245
.1244
.1243
.1242
.1241
.124
.1239
.1238
.1237
.1236
.1235
.1234
.1233
.1232
.1231
.123
.1229
.1228
.1227
.1226
.1225
.1224
.1223
.1222
.1221
.122
.1219
.1218
.1217
.1216
.1215
.1214
.1214
.1213
.1212
.1211
.121
.1209
.1208
.1207
.1206
.1205
.1204
.1203
.1202
.1201
.12
.1199
.1198
.1197
.1196
.1196
.1195
.1194
.1193
.1192
.1191
.119
.1189
.1188
.1187
.1186
.1185
.1184
.1183
.1183
.1182
.1181
.118
.1179
.1178
.1177
.1176
.1175
.1174
.1173
.1173
.1172
.1171
.117
.1169
.1168
.1167
.1166
.1165
.1164
.1164
.1163
.1162
.1161
.116
.1159
.1158
.1157
.1157
.1156
.1155
.1154
.1153
.1152
.1151
.115
.115
.1149
.1148
.1147
.1146
.1145
.1144
.1143
.1143
.1142
.1141
.114
.1139
.1138
.1137
.1137
.1136
.1135
.1134
.1133
.1132
.1132
.1131
.113
.1129
.1128
.1127
.1126
.1126
.1125
.1124
.1123
.1122
.1121
.1121
.112
.1119
.1118
.1117
.1117
.1116
.1115
.1114
.1113
.1112
.1112
.1111
.111
.1109
.1108
.1108
.1107
.1106
.1105
.1104
.1103
.1103
.1102
.1101
.11
.1099
.1099
.1098
.1097
.1096
.1095
.1095
.1094
.1093
.1092
.1092
.1091
.109
.1089
.1088
.1088
.1087
.1086
.1085
.1084
.1084
.1083
.1082
.1081
.1081
.108
.1079
.1078
.1077
.1077
.1076
.1075
.1074
.1074
.1073
.1072
.1071
.1071
.107
.1069
.1068
.1068
.1067
.1066
.1065
.1064
.1064
.1063
.1062
.1061
.1061
.106
.1059
.1058
.1058
.1057
.1056
.1056
.1055
.1054
.1053
.1053
.1052
.1051
.105
.105
.1049
.1048
.1047
.1047
.1046
.1045
.1044
.1044
.1043
.1042
.1042
.1041
.104
.1039
.1039
.1038
.1037
.1037
.1036
.1035
.1034
.1034
.1033
.1032
.1032
.1031
.103
.1029
.1029
.1028
.1027
.1027
.1026
.1025
.1024
.1024
.1023
.1022
.1022
.1021
.102
.102
.1019
.1018
.1017
.1017
.1016
.1015
.1015
.1014
.1013
.1013
.1012
.1011
.1011
.101
.1009
.1009
.1008
.1007
.1007
.1006
.1005
.1004
.1004
.1003
.1002
.1002
.1001
.1
.1
.0999
.0998
.0998
.0997
.0996
.0996
.0995
.0994
.0994
.0993
.0992
.0992
.0991
.099
.099
.0989
.0988
.0988
.0987
.0986
.0986
.0985
.0985
.0984
.0983
.0983
.0982
.0981
.0981
.098
.0979
.0979
.0978
.0977
.0977
.0976
.0975
.0975
.0974
.0974
.0973
.0972
.0972
.0971
.097
.097
.0969
.0968
.0968
.0967
.0967
.0966
.0965
.0965
.0964
.0963
.0963
.0962
.0962
.0961
.096
.096
.0959
.0958
.0958
.0957
.0957
.0956
.0955
.0955
.0954
.0954
.0953
.0952
.0952
.0951
.095
.095
.0949
.0949
.0948
.0947
.0947
.0946
.0946
.0945
.0944
.0944
.0943
.0943
.0942
.0941
.0941
.094
.094
.0939
.0938
.0938
.0937
.0937
.0936
.0935
.0935
.0934
.0934
.0933
.0932
.0932
.0931
.0931
.093
.093
.0929
.0928
.0928
.0927
.0927
.0926
.0925
.0925
.0924
.0924
.0923
.0923
.0922
.0921
.0921
.092
.092
.0919
.0919
.0918
.0917
.0917
.0916
.0916
.0915
.0915
.0914
.0913
.0913
.0912
.0912
.0911
.0911
.091
.0909
.0909
.0908
.0908
.0907
.0907
.0906
.0906
.0905
.0904
.0904
.0903
.0903
.0902
.0902
.0901
.0901
.09
.0899
.0899
.0898
.0898
.0897
.0897
.0896
.0896
.0895
.0894
.0894
.0893
.0893
.0892
.0892
.0891
.0891
.089
.089
.0889
.0889
.0888
.0887
.0887
.0886
.0886
.0885
.0885
.0884
.0884
.0883
.0883
.0882
.0882
.0881
.0881
.088
.0879
.0879
.0878
.0878
.0877
.0877
.0876
.0876
.0875
.0875
.0874
.0874
.0873
.0873
.0872
.0872
.0871
.0871
.087
.087
.0869
.0869
.0868
.0867
.0867
.0866
.0866
.0865
.0865
.0864
.0864
.0863
.0863
.0862
.0862
.0861
.0861
.086
.086
.0859
.0859
.0858
.0858
.0857
.0857
.0856
.0856
.0855
.0855
.0854
.0854
.0853
.0853
.0852
.0852
.0851
.0851
.085
.085
.0849
.0849
.0848
.0848
.0847
.0847
.0846
.0846
.0845
.0845
.0844
.0844
.0843
.0843
.0842
.0842
.0841
.0841
.084
.084
.084
.0839
.0839
.0838
.0838
.0837
.0837
.0836
.0836
.0835
.0835
.0834
.0834
.0833
.0833
.0832
.0832
.0831
.0831
.083
.083
.0829
.0829
.0829
.0828
.0828
.0827
.0827
.0826
.0826
.0825
.0825
.0824
.0824
.0823
.0823
.0822
.0822
.0821
.0821
.0821
.082
.082
.0819
.0819
.0818
.0818
.0817
.0817
.0816
.0816
.0815
.0815
.0815
.0814
.0814
.0813
.0813
.0812
.0812
.0811
.0811
.081
.081
.081
.0809
.0809
.0808
.0808
.0807
.0807
.0806
.0806
.0806
.0805
.0805
.0804
.0804
.0803
.0803
.0802
.0802
.0802
.0801
.0801
.08
.08
.0799
.0799
.0798
.0798
.0798
.0797
.0797
.0796
.0796
.0795
.0795
.0794
.0794
.0794
.0793
.0793
.0792
.0792
.0791
.0791
.0791
.079
.079
.0789
.0789
.0788
.0788
.0788
.0787
.0787
.0786
.0786
.0785
.0785
.0785
.0784
.0784
.0783
.0783
.0782
.0782
.0782
.0781
.0781
.078
.078
.0779
.0779
.0779
.0778
.0778
.0777
.0777
.0777
.0776
.0776
.0775
.0775
.0774
.0774
.0774
.0773
.0773
.0772
.0772
.0772
.0771
.0771
.077
.077
.0769
.0769
.0769
.0768
.0768
.0767
.0767
.0767
.0766
.0766
.0765
.0765
.0765
.0764
.0764
.0763
.0763
.0763
.0762
.0762
.0761
.0761
.0761
.076
.076
.0759
.0759
.0759
.0758
.0758
.0757
.0757
.0757
.0756
.0756
.0755
.0755
.0755
.0754
.0754
.0753
.0753
.0753
.0752
.0752
.0751
.0751
.0751
.075
.075
.0749
.0749
.0749
.0748
.0748
.0747
.0747
.0747
.0746
.0746
.0746
.0745
.0745
.0744
.0744
.0744
.0743
.0743
.0742
.0742
.0742
.0741
.0741
.0741
.074
.074
.0739
.0739
.0739
.0738
.0738
.0737
.0737
.0737
.0736
.0736
.0736
.0735
.0735
.0734
.0734
.0734
.0733
.0733
.0733
.0732
.0732
.0731
.0731
.0731
.073
.073
.073
.0729
.0729
.0728
.0728
.0728
.0727
.0727
.0727
.0726
.0726
.0725
.0725
.0725
.0724
.0724
.0724
.0723
.0723
.0723
.0722
.0722
.0721
.0721
.0721
.072
.072
.072
.0719
.0719
.0719
.0718
.0718
.0717
.0717
.0717
.0716
.0716
.0716
.0715
.0715
.0715
.0714
.0714
.0714
.0713
.0713
.0712
.0712
.0712
.0711
.0711
.0711
.071
.071
.071
.0709
.0709
.0709
.0708
.0708
.0707
.0707
.0707
.0706
.0706
.0706
.0705
.0705
.0705
.0704
.0704
.0704
.0703
.0703
.0703
.0702
.0702
.0702
.0701
.0701
.0701
.07
.07
.0699
.0699
.0699
.0698
.0698
.0698
.0697
.0697
.0697
.0696
.0696
.0696
.0695
.0695
.0695
.0694
.0694
.0694
.0693
.0693
.0693
.0692
.0692
.0692
.0691
.0691
.0691
.069
.069
.069
.0689
.0689
.0689
.0688
.0688
.0688
.0687
.0687
.0687
.0686
.0686
.0686
.0685
.0685
.0685
.0684
.0684
.0684
.0683
.0683
.0683
.0682
.0682
.0682
.0681
.0681
.0681
.068
.068
.068
.0679
.0679
.0679
.0678
.0678
.0678
.0677
.0677
.0677
.0676
.0676
.0676
.0676
.0675
.0675
.0675
.0674
.0674
.0674
.0673
.0673
.0673
.0672
.0672
.0672
.0671
.0671
.0671
.067
.067
.067
.0669
.0669
.0669
.0669
.0668
.0668
.0668
.0667
.0667
.0667
.0666
.0666
.0666
.0665
.0665
.0665
.0664
.0664
.0664
.0663
.0663
.0663
.0663
.0662
.0662
.0662
.0661
.0661
.0661
.066
.066
.066
.0659
.0659
.0659
.0659
.0658
.0658
.0658
.0657
.0657
.0657
.0656
.0656
.0656
.0655
.0655
.0655
.0655
.0654
.0654
.0654
.0653
.0653
.0653
.0652
.0652
.0652
.0652
.0651
.0651
.0651
.065
.065
.065
.0649
.0649
.0649
.0649
.0648
.0648
.0648
.0647
.0647
.0647
.0646
.0646
.0646
.0646
.0645
.0645
.0645
.0644
.0644
.0644
.0644
.0643
.0643
.0643
.0642
.0642
.0642
.0641
.0641
.0641
.0641
.064
.064
.064
.0639
.0639
.0639
.0639
.0638
.0638
.0638
.0637
.0637
.0637
.0637
.0636
.0636
.0636
.0635
.0635
.0635
.0635
.0634
.0634
.0634
.0633
.0633
.0633
.0633
.0632
.0632
.0632
.0631
.0631
.0631
.0631
.063
.063
.063
.0629
.0629
.0629
.0629
.0628
.0628
.0628
.0627
.0627
.0627
.0627
.0626
.0626
.0626
.0625
.0625
.0625
.0625
.0624
.0624
.0624
.0624
.0623
.0623
.0623
.0622
.0622
.0622
.0622
.0621
.0621
.0621
.062
.062
.062
.062
.0619
.0619
.0619
.0619
.0618
.0618
.0618
.0617
.0617
.0617
.0617
.0616
.0616
.0616
.0616
.0615
.0615
.0615
.0614
.0614
.0614
.0614
.0613
.0613
.0613
.0613
.0612
.0612
.0612
.0612
.0611
.0611
.0611
.061
.061
.061
.061
.0609
.0609
.0609
.0609
.0608
.0608
.0608
.0608
.0607
.0607
.0607
.0606
.0606
.0606
.0606
.0605
.0605
.0605
.0605
.0604
.0604
.0604
.0604
.0603
.0603
.0603
.0603
.0602
.0602
.0602
.0602
.0601
.0601
.0601
.06
.06
.06
.06
.0599
.0599
.0599
.0599
.0598
.0598
.0598
.0598
.0597
.0597
.0597
.0597
.0596
.0596
.0596
.0596
.0595
.0595
.0595
.0595
.0594
.0594
.0594
.0594
.0593
.0593
.0593
.0593
.0592
.0592
.0592
.0592
.0591
.0591
.0591
.0591
.059
.059
.059
.059
.0589
.0589
.0589
.0589
.0588
.0588
.0588
.0588
.0587
.0587
.0587
.0587
.0586
.0586
.0586
.0586
.0585
.0585
.0585
.0585
.0584
.0584
.0584
.0584
.0583
.0583
.0583
.0583
.0582
.0582
.0582
.0582
.0581
.0581
.0581
.0581
.058
.058
.058
.058
.0579
.0579
.0579
.0579
.0579
.0578
.0578
.0578
.0578
.0577
.0577
.0577
.0577
.0576
.0576
.0576
.0576
.0575
.0575
.0575
.0575
.0574
.0574
.0574
.0574
.0574
.0573
.0573
.0573
.0573
.0572
.0572
.0572
.0572
.0571
.0571
.0571
.0571
.057
.057
.057
.057
.0569
.0569
.0569
.0569
.0569
.0568
.0568
.0568
.0568
.0567
.0567
.0567
.0567
.0566
.0566
.0566
.0566
.0566
.0565
.0565
.0565
.0565
.0564
.0564
.0564
.0564
.0563
.0563
.0563
.0563
.0563
.0562
.0562
.0562
.0562
.0561
.0561
.0561
.0561
.0561
.056
.056
.056
.056
.0559
.0559
.0559
.0559
.0558
.0558
.0558
.0558
.0558
.0557
.0557
.0557
.0557
.0556
.0556
.0556
.0556
.0556
.0555
.0555
.0555
.0555
.0554
.0554
.0554
.0554
.0554
.0553
.0553
.0553
.0553
.0552
.0552
.0552
.0552
.0552
.0551
.0551
.0551
.0551
.055
.055
.055
.055
.055
.0549
.0549
.0549
.0549
.0548
.0548
.0548
.0548
.0548
.0547
.0547
.0547
.0547
.0547
.0546
.0546
.0546
.0546
.0545
.0545
.0545
.0545
.0545
.0544
.0544
.0544
.0544
.0544
.0543
.0543
.0543
.0543
.0542
.0542
.0542
.0542
.0542
.0541
.0541
.0541
.0541
.0541
.054
.054
.054
.054
.0539
.0539
.0539
.0539
.0539
.0538
.0538
.0538
.0538
.0538
.0537
.0537
.0537
.0537
.0537
.0536
.0536
.0536
.0536
.0535
.0535
.0535
.0535
.0535
.0534
.0534
.0534
.0534
.0534
.0533
.0533
.0533
.0533
.0533
.0532
.0532
.0532
.0532
.0532
.0531
.0531
.0531
.0531
.0531
.053
.053
.053
.053
.0529
.0529
.0529
.0529
.0529
.0528
.0528
.0528
.0528
.0528
.0527
.0527
.0527
.0527
.0527
.0526
.0526
.0526
.0526
.0526
.0525
.0525
.0525
.0525
.0525
.0524
.0524
.0524
.0524
.0524
.0523
.0523
.0523
.0523
.0523
.0522
.0522
.0522
.0522
.0522
.0521
.0521
.0521
.0521
.0521
.052
.052
.052
.052
.052
.0519
.0519
.0519
.0519
.0519
.0518
.0518
.0518
.0518
.0518
.0518
.0517
.0517
.0517
.0517
.0517
.0516
.0516
.0516
.0516
.0516
.0515
.0515
.0515
.0515
.0515
.0514
.0514
.0514
.0514
.0514
.0513
.0513
.0513
.0513
.0513
.0512
.0512
.0512
.0512
.0512
.0512
.0511
.0511
.0511
.0511
.0511
.051
.051
.051
.051
.051
.0509
.0509
.0509
.0509
.0509
.0508
.0508
.0508
.0508
.0508
.0508
.0507
.0507
.0507
.0507
.0507
.0506
.0506
.0506
.0506
.0506
.0505
.0505
.0505
.0505
.0505
.0505
.0504
.0504
.0504
.0504
.0504
.0503
.0503
.0503
.0503
.0503
.0502
.0502
.0502
.0502
.0502
.0502
.0501
.0501
.0501
.0501
.0501
.05
.05
.05
.05
