.6582
.6539
.6496
.6453
.6409
.6365
.6321
.6277
.6233
.6189
.6145
.6101
.6058
.6014
.5972
.5929
.5888
.5847
.5807
.5768
.573
.5692
.5656
.5622
.5588
.5555
.5524
.5495
.5466
.5439
.5414
.5389
.5366
.5345
.5325
.5306
.5288
.5271
.5256
.5241
.5228
.5216
.5204
.5194
.5184
.5175
.5167
.5159
.5152
.5146
.514
.5135
.513
.5126
.5122
.5118
.5115
.5112
.5109
.5107
.5104
.5102
.5101
.5099
.5097
.5096
.5095
.5093
.5092
.5091
.509
.509
.5089
.5088
.5088
.5087
.5086
.5086
.5086
.5085
.5085
.5084
.5084
.5084
.5083
.5083
.5083
.5082
.5082
.5082
.5082
.5081
.5081
.5081
.5081
.508
.508
.508
.508
.508
.5079
.5079
.5079
.5079
.5079
.5078
.5078
.5078
.5078
.5077
.5077
.5077
.5077
.5077
.5076
.5076
.5076
.5076
.5075
.5075
.5075
.5075
.5075
.5074
.5074
.5074
.5074
.5073
.5073
.5073
.5073
.5072
.5072
.5072
.5072
.5071
.5071
.5071
.507
.507
.507
.507
.5069
.5069
.5069
.5068
.5068
.5068
.5068
.5067
.5067
.5067
.5066
.5066
.5066
.5065
.5065
.5065
.5065
.5064
.5064
.5064
.5063
.5063
.5063
.5062
.5062
.5062
.5061
.5061
.5061
.506
.506
.5059
.5059
.5059
.5058
.5058
.5058
.5057
.5057
.5057
.5056
.5056
.5055
.5055
.5055
.5054
.5054
.5053
.5053
.5053
.5052
.5052
.5051
.5051
.505
.505
.505
.5049
.5049
.5048
.5048
.5047
.5047
.5046
.5046
.5045
.5045
.5045
.5044
.5044
.5043
.5043
.5042
.5042
.5041
.5041
.504
.504
.5039
.5038
.5038
.5037
.5037
.5036
.5036
.5035
.5035
.5034
.5034
.5033
.5032
.5032
.5031
.5031
.503
.5029
.5029
.5028
.5028
.5027
.5026
.5026
.5025
.5024
.5024
.5023
.5023
.5022
.5021
.5021
.502
.5019
.5018
.5018
.5017
.5016
.5016
.5015
.5014
.5014
.5013
.5012
.5011
.5011
.501
.5009
.5008
.5007
.5007
.5006
.5005
.5004
.5003
.5003
.5002
.5001
.5
.4999
.4998
.4998
.4997
.4996
.4995
.4994
.4993
.4992
.4991
.4991
.499
.4989
.4988
.4987
.4986
.4985
.4984
.4983
.4982
.4981
.498
.4979
.4978
.4977
.4976
.4975
.4974
.4973
.4972
.4971
.497
.4968
.4967
.4966
.4965
.4964
.4963
.4962
.4961
.4959
.4958
.4957
.4956
.4955
.4954
.4952
.4951
.495
.4949
.4947
.4946
.4945
.4944
.4942
.4941
.494
.4938
.4937
.4936
.4934
.4933
.4932
.493
.4929
.4927
.4926
.4925
.4923
.4922
.492
.4919
.4917
.4916
.4914
.4913
.4911
.491
.4908
.4907
.4905
.4904
.4902
.49
.4899
.4897
.4896
.4894
.4892
.4891
.4889
.4887
.4886
.4884
.4882
.488
.4879
.4877
.4875
.4873
.4871
.487
.4868
.4866
.4864
.4862
.486
.4859
.4857
.4855
.4853
.4851
.4849
.4847
.4845
.4843
.4841
.4839
.4837
.4835
.4833
.4831
.4829
.4827
.4825
.4823
.482
.4818
.4816
.4814
.4812
.481
.4807
.4805
.4803
.4801
.4798
.4796
.4794
.4792
.4789
.4787
.4785
.4782
.478
.4778
.4775
.4773
.477
.4768
.4766
.4763
.4761
.4758
.4756
.4753
.4751
.4748
.4746
.4743
.474
.4738
.4735
.4733
.473
.4727
.4725
.4722
.4719
.4717
.4714
.4711
.4708
.4706
.4703
.47
.4697
.4695
.4692
.4689
.4686
.4683
.468
.4677
.4675
.4672
.4669
.4666
.4663
.466
.4657
.4654
.4651
.4648
.4645
.4642
.4639
.4636
.4633
.463
.4627
.4623
.462
.4617
.4614
.4611
.4608
.4604
.4601
.4598
.4595
.4592
.4588
.4585
.4582
.4579
.4575
.4572
.4569
.4565
.4562
.4559
.4555
.4552
.4549
.4545
.4542
.4538
.4535
.4531
.4528
.4525
.4521
.4518
.4514
.4511
.4507
.4504
.45
.4496
.4493
.4489
.4486
.4482
.4479
.4475
.4471
.4468
.4464
.446
.4457
.4453
.4449
.4446
.4442
.4438
.4435
.4431
.4427
.4423
.442
.4416
.4412
.4408
.4405
.4401
.4397
.4393
.4389
.4386
.4382
.4378
.4374
.437
.4366
.4362
.4359
.4355
.4351
.4347
.4343
.4339
.4335
.4331
.4327
.4323
.4319
.4315
.4311
.4308
.4304
.43
.4296
.4292
.4288
.4284
.428
.4276
.4271
.4267
.4263
.4259
.4255
.4251
.4247
.4243
.4239
.4235
.4231
.4227
.4223
.4219
.4215
.421
.4206
.4202
.4198
.4194
.419
.4186
.4182
.4177
.4173
.4169
.4165
.4161
.4157
.4152
.4148
.4144
.414
.4136
.4132
.4127
.4123
.4119
.4115
.4111
.4106
.4102
.4098
.4094
.4089
.4085
.4081
.4077
.4073
.4068
.4064
.406
.4056
.4051
.4047
.4043
.4039
.4034
.403
.4026
.4022
.4017
.4013
.4009
.4005
.4
.3996
.3992
.3988
.3983
.3979
.3975
.397
.3966
.3962
.3958
.3953
.3949
.3945
.394
.3936
.3932
.3928
.3923
.3919
.3915
.3911
.3906
.3902
.3898
.3893
.3889
.3885
.3881
.3876
.3872
.3868
.3863
.3859
.3855
.385
.3846
.3842
.3838
.3833
.3829
.3825
.382
.3816
.3812
.3808
.3803
.3799
.3795
.3791
.3786
.3782
.3778
.3773
.3769
.3765
.3761
.3756
.3752
.3748
.3743
.3739
.3735
.3731
.3726
.3722
.3718
.3714
.3709
.3705
.3701
.3697
.3692
.3688
.3684
.368
.3675
.3671
.3667
.3663
.3658
.3654
.365
.3646
.3641
.3637
.3633
.3629
.3624
.362
.3616
.3612
.3607
.3603
.3599
.3595
.3591
.3586
.3582
.3578
.3574
.357
.3565
.3561
.3557
.3553
.3549
.3544
.354
.3536
.3532
.3528
.3523
.3519
.3515
.3511
.3507
.3503
.3498
.3494
.349
.3486
.3482
.3478
.3473
.3469
.3465
.3461
.3457
.3453
.3449
.3444
.344
.3436
.3432
.3428
.3424
.342
.3416
.3411
.3407
.3403
.3399
.3395
.3391
.3387
.3383
.3379
.3375
.337
.3366
.3362
.3358
.3354
.335
.3346
.3342
.3338
.3334
.333
.3326
.3322
.3318
.3314
.331
.3306
.3302
.3297
.3293
.3289
.3285
.3281
.3277
.3273
.3269
.3265
.3261
.3257
.3253
.3249
.3245
.3241
.3237
.3234
.323
.3226
.3222
.3218
.3214
.321
.3206
.3202
.3198
.3194
.319
.3186
.3182
.3178
.3174
.317
.3167
.3163
.3159
.3155
.3151
.3147
.3143
.3139
.3135
.3131
.3128
.3124
.312
.3116
.3112
.3108
.3104
.3101
.3097
.3093
.3089
.3085
.3081
.3078
.3074
.307
.3066
.3062
.3058
.3055
.3051
.3047
.3043
.3039
.3036
.3032
.3028
.3024
.3021
.3017
.3013
.3009
.3006
.3002
.2998
.2994
.2991
.2987
.2983
.2979
.2976
.2972
.2968
.2965
.2961
.2957
.2954
.295
.2946
.2943
.2939
.2935
.2932
.2928
.2924
.2921
.2917
.2913
.291
.2906
.2902
.2899
.2895
.2892
.2888
.2884
.2881
.2877
.2873
.287
.2866
.2863
.2859
.2856
.2852
.2848
.2845
.2841
.2838
.2834
.2831
.2827
.2824
.282
.2817
.2813
.281
.2806
.2803
.2799
.2796
.2792
.2789
.2785
.2782
.2778
.2775
.2771
.2768
.2764
.2761
.2758
.2754
.2751
.2747
.2744
.274
.2737
.2734
.273
.2727
.2723
.272
.2717
.2713
.271
.2706
.2703
.27
.2696
.2693
.269
.2686
.2683
.268
.2676
.2673
.267
.2666
.2663
.266
.2657
.2653
.265
.2647
.2643
.264
.2637
.2634
.263
.2627
.2624
.2621
.2617
.2614
.2611
.2608
.2604
.2601
.2598
.2595
.2592
.2588
.2585
.2582
.2579
.2576
.2573
.2569
.2566
.2563
.256
.2557
.2554
.255
.2547
.2544
.2541
.2538
.2535
.2532
.2529
.2526
.2522
.2519
.2516
.2513
.251
.2507
.2504
.2501
.2498
.2495
.2492
.2489
.2486
.2483
.248
.2477
.2474
.2471
.2468
.2465
.2462
.2459
.2456
.2453
.245
.2447
.2444
.2441
.2438
.2435
.2432
.2429
.2426
.2423
.242
.2417
.2414
.2411
.2409
.2406
.2403
.24
.2397
.2394
.2391
.2388
.2385
.2383
.238
.2377
.2374
.2371
.2368
.2365
.2363
.236
.2357
.2354
.2351
.2349
.2346
.2343
.234
.2337
.2335
.2332
.2329
.2326
.2323
.2321
.2318
.2315
.2312
.231
.2307
.2304
.2301
.2299
.2296
.2293
.2291
.2288
.2285
.2282
.228
.2277
.2274
.2272
.2269
.2266
.2264
.2261
.2258
.2256
.2253
.225
.2248
.2245
.2242
.224
.2237
.2235
.2232
.2229
.2227
.2224
.2221
.2219
.2216
.2214
.2211
.2209
.2206
.2203
.2201
.2198
.2196
.2193
.2191
.2188
.2186
.2183
.218
.2178
.2175
.2173
.217
.2168
.2165
.2163
.216
.2158
.2155
.2153
.215
.2148
.2145
.2143
.214
.2138
.2136
.2133
.2131
.2128
.2126
.2123
.2121
.2118
.2116
.2114
.2111
.2109
.2106
.2104
.2102
.2099
.2097
.2094
.2092
.209
.2087
.2085
.2082
.208
.2078
.2075
.2073
.2071
.2068
.2066
.2064
.2061
.2059
.2057
.2054
.2052
.205
.2047
.2045
.2043
.204
.2038
.2036
.2034
.2031
.2029
.2027
.2024
.2022
.202
.2018
.2015
.2013
.2011
.2009
.2006
.2004
.2002
.2
.1997
.1995
.1993
.1991
.1989
.1986
.1984
.1982
.198
.1978
.1975
.1973
.1971
.1969
.1967
.1964
.1962
.196
.1958
.1956
.1954
.1951
.1949
.1947
.1945
.1943
.1941
.1939
.1936
.1934
.1932
.193
.1928
.1926
.1924
.1922
.192
.1917
.1915
.1913
.1911
.1909
.1907
.1905
.1903
.1901
.1899
.1897
.1895
.1892
.189
.1888
.1886
.1884
.1882
.188
.1878
.1876
.1874
.1872
.187
.1868
.1866
.1864
.1862
.186
.1858
.1856
.1854
.1852
.185
.1848
.1846
.1844
.1842
.184
.1838
.1836
.1834
.1832
.183
.1828
.1826
.1824
.1822
.1821
.1819
.1817
.1815
.1813
.1811
.1809
.1807
.1805
.1803
.1801
.1799
.1797
.1796
.1794
.1792
.179
.1788
.1786
.1784
.1782
.178
.1779
.1777
.1775
.1773
.1771
.1769
.1767
.1766
.1764
.1762
.176
.1758
.1756
.1754
.1753
.1751
.1749
.1747
.1745
.1744
.1742
.174
.1738
.1736
.1734
.1733
.1731
.1729
.1727
.1725
.1724
.1722
.172
.1718
.1717
.1715
.1713
.1711
.1709
.1708
.1706
.1704
.1702
.1701
.1699
.1697
.1695
.1694
.1692
.169
.1689
.1687
.1685
.1683
.1682
.168
.1678
.1676
.1675
.1673
.1671
.167
.1668
.1666
.1665
.1663
.1661
.1659
.1658
.1656
.1654
.1653
.1651
.1649
.1648
.1646
.1644
.1643
.1641
.1639
.1638
.1636
.1634
.1633
.1631
.163
.1628
.1626
.1625
.1623
.1621
.162
.1618
.1617
.1615
.1613
.1612
.161
.1608
.1607
.1605
.1604
.1602
.16
.1599
.1597
.1596
.1594
.1593
.1591
.1589
.1588
.1586
.1585
.1583
.1582
.158
.1578
.1577
.1575
.1574
.1572
.1571
.1569
.1568
.1566
.1564
.1563
.1561
.156
.1558
.1557
.1555
.1554
.1552
.1551
.1549
.1548
.1546
.1545
.1543
.1542
.154
.1539
.1537
.1536
.1534
.1533
.1531
.153
.1528
.1527
.1525
.1524
.1522
.1521
.1519
.1518
.1516
.1515
.1513
.1512
.1511
.1509
.1508
.1506
.1505
.1503
.1502
.15
.1499
.1498
.1496
.1495
.1493
.1492
.149
.1489
.1488
.1486
.1485
.1483
.1482
.148
.1479
.1478
.1476
.1475
.1473
.1472
.1471
.1469
.1468
.1466
.1465
.1464
.1462
.1461
.146
.1458
.1457
.1455
.1454
.1453
.1451
.145
.1449
.1447
.1446
.1444
.1443
.1442
.144
.1439
.1438
.1436
.1435
.1434
.1432
.1431
.143
.1428
.1427
.1426
.1424
.1423
.1422
.142
.1419
.1418
.1416
.1415
.1414
.1412
.1411
.141
.1409
.1407
.1406
.1405
.1403
.1402
.1401
.1399
.1398
.1397
.1396
.1394
.1393
.1392
.139
.1389
.1388
.1387
.1385
.1384
.1383
.1382
.138
.1379
.1378
.1377
.1375
.1374
.1373
.1372
.137
.1369
.1368
.1367
.1365
.1364
.1363
.1362
.136
.1359
.1358
.1357
.1355
.1354
.1353
.1352
.1351
.1349
.1348
.1347
.1346
.1344
.1343
.1342
.1341
.134
.1338
.1337
.1336
.1335
.1334
.1332
.1331
.133
.1329
.1328
.1326
.1325
.1324
.1323
.1322
.1321
.1319
.1318
.1317
.1316
.1315
.1314
.1312
.1311
.131
.1309
.1308
.1307
.1305
.1304
.1303
.1302
.1301
.13
.1299
.1297
.1296
.1295
.1294
.1293
.1292
.1291
.1289
.1288
.1287
.1286
.1285
.1284
.1283
.1282
.128
.1279
.1278
.1277
.1276
.1275
.1274
.1273
.1272
.127
.1269
.1268
.1267
.1266
.1265
.1264
.1263
.1262
.1261
.1259
.1258
.1257
.1256
.1255
.1254
.1253
.1252
.1251
.125
.1249
.1248
.1246
.1245
.1244
.1243
.1242
.1241
.124
.1239
.1238
.1237
.1236
.1235
.1234
.1233
.1232
.1231
.123
.1228
.1227
.1226
.1225
.1224
.1223
.1222
.1221
.122
.1219
.1218
.1217
.1216
.1215
.1214
.1213
.1212
.1211
.121
.1209
.1208
.1207
.1206
.1205
.1204
.1203
.1202
.1201
.12
.1199
.1198
.1197
.1196
.1195
.1194
.1193
.1192
.1191
.119
.1189
.1188
.1187
.1186
.1185
.1184
.1183
.1182
.1181
.118
.1179
.1178
.1177
.1176
.1175
.1174
.1173
.1172
.1171
.117
.1169
.1168
.1167
.1166
.1165
.1164
.1163
.1162
.1161
.1161
.116
.1159
.1158
.1157
.1156
.1155
.1154
.1153
.1152
.1151
.115
.1149
.1148
.1147
.1146
.1145
.1144
.1144
.1143
.1142
.1141
.114
.1139
.1138
.1137
.1136
.1135
.1134
.1133
.1132
.1132
.1131
.113
.1129
.1128
.1127
.1126
.1125
.1124
.1123
.1122
.1122
.1121
.112
.1119
.1118
.1117
.1116
.1115
.1114
.1113
.1113
.1112
.1111
.111
.1109
.1108
.1107
.1106
.1106
.1105
.1104
.1103
.1102
.1101
.11
.1099
.1099
.1098
.1097
.1096
.1095
.1094
.1093
.1092
.1092
.1091
.109
.1089
.1088
.1087
.1086
.1086
.1085
.1084
.1083
.1082
.1081
.108
.108
.1079
.1078
.1077
.1076
.1075
.1075
.1074
.1073
.1072
.1071
.107
.107
.1069
.1068
.1067
.1066
.1065
.1065
.1064
.1063
.1062
.1061
.106
.106
.1059
.1058
.1057
.1056
.1055
.1055
.1054
.1053
.1052
.1051
.1051
.105
.1049
.1048
.1047
.1047
.1046
.1045
.1044
.1043
.1043
.1042
.1041
.104
.1039
.1039
.1038
.1037
.1036
.1035
.1035
.1034
.1033
.1032
.1031
.1031
.103
.1029
.1028
.1028
.1027
.1026
.1025
.1024
.1024
.1023
.1022
.1021
.1021
.102
.1019
.1018
.1017
.1017
.1016
.1015
.1014
.1014
.1013
.1012
.1011
.1011
.101
.1009
.1008
.1008
.1007
.1006
.1005
.1005
.1004
.1003
.1002
.1002
.1001
.1
.0999
.0999
.0998
.0997
.0996
.0996
.0995
.0994
.0993
.0993
.0992
.0991
.099
.099
.0989
.0988
.0988
.0987
.0986
.0985
.0985
.0984
.0983
.0982
.0982
.0981
.098
.098
.0979
.0978
.0977
.0977
.0976
.0975
.0974
.0974
.0973
.0972
.0972
.0971
.097
.097
.0969
.0968
.0967
.0967
.0966
.0965
.0965
.0964
.0963
.0962
.0962
.0961
.096
.096
.0959
.0958
.0958
.0957
.0956
.0956
.0955
.0954
.0953
.0953
.0952
.0951
.0951
.095
.0949
.0949
.0948
.0947
.0947
.0946
.0945
.0945
.0944
.0943
.0943
.0942
.0941
.094
.094
.0939
.0938
.0938
.0937
.0936
.0936
.0935
.0934
.0934
.0933
.0932
.0932
.0931
.093
.093
.0929
.0928
.0928
.0927
.0927
.0926
.0925
.0925
.0924
.0923
.0923
.0922
.0921
.0921
.092
.0919
.0919
.0918
.0917
.0917
.0916
.0915
.0915
.0914
.0914
.0913
.0912
.0912
.0911
.091
.091
.0909
.0908
.0908
.0907
.0907
.0906
.0905
.0905
.0904
.0903
.0903
.0902
.0901
.0901
.09
.09
.0899
.0898
.0898
.0897
.0896
.0896
.0895
.0895
.0894
.0893
.0893
.0892
.0892
.0891
.089
.089
.0889
.0888
.0888
.0887
.0887
.0886
.0885
.0885
.0884
.0884
.0883
.0882
.0882
.0881
.0881
.088
.0879
.0879
.0878
.0878
.0877
.0876
.0876
.0875
.0875
.0874
.0873
.0873
.0872
.0872
.0871
.087
.087
.0869
.0869
.0868
.0867
.0867
.0866
.0866
.0865
.0864
.0864
.0863
.0863
.0862
.0862
.0861
.086
.086
.0859
.0859
.0858
.0858
.0857
.0856
.0856
.0855
.0855
.0854
.0853
.0853
.0852
.0852
.0851
.0851
.085
.0849
.0849
.0848
.0848
.0847
.0847
.0846
.0846
.0845
.0844
.0844
.0843
.0843
.0842
.0842
.0841
.084
.084
.0839
.0839
.0838
.0838
.0837
.0837
.0836
.0835
.0835
.0834
.0834
.0833
.0833
.0832
.0832
.0831
.0831
.083
.0829
.0829
.0828
.0828
.0827
.0827
.0826
.0826
.0825
.0825
.0824
.0823
.0823
.0822
.0822
.0821
.0821
.082
.082
.0819
.0819
.0818
.0818
.0817
.0816
.0816
.0815
.0815
.0814
.0814
.0813
.0813
.0812
.0812
.0811
.0811
.081
.081
.0809
.0809
.0808
.0808
.0807
.0806
.0806
.0805
.0805
.0804
.0804
.0803
.0803
.0802
.0802
.0801
.0801
.08
.08
.0799
.0799
.0798
.0798
.0797
.0797
.0796
.0796
.0795
.0795
.0794
.0794
.0793
.0793
.0792
.0792
.0791
.0791
.079
.079
.0789
.0789
.0788
.0788
.0787
.0787
.0786
.0786
.0785
.0785
.0784
.0784
.0783
.0783
.0782
.0782
.0781
.0781
.078
.078
.0779
.0779
.0778
.0778
.0777
.0777
.0776
.0776
.0775
.0775
.0774
.0774
.0773
.0773
.0772
.0772
.0771
.0771
.077
.077
.0769
.0769
.0768
.0768
.0768
.0767
.0767
.0766
.0766
.0765
.0765
.0764
.0764
.0763
.0763
.0762
.0762
.0761
.0761
.076
.076
.0759
.0759
.0758
.0758
.0758
.0757
.0757
.0756
.0756
.0755
.0755
.0754
.0754
.0753
.0753
.0752
.0752
.0751
.0751
.0751
.075
.075
.0749
.0749
.0748
.0748
.0747
.0747
.0746
.0746
.0746
.0745
.0745
.0744
.0744
.0743
.0743
.0742
.0742
.0741
.0741
.0741
.074
.074
.0739
.0739
.0738
.0738
.0737
.0737
.0736
.0736
.0736
.0735
.0735
.0734
.0734
.0733
.0733
.0732
.0732
.0732
.0731
.0731
.073
.073
.0729
.0729
.0728
.0728
.0728
.0727
.0727
.0726
.0726
.0725
.0725
.0725
.0724
.0724
.0723
.0723
.0722
.0722
.0722
.0721
.0721
.072
.072
.0719
.0719
.0719
.0718
.0718
.0717
.0717
.0716
.0716
.0716
.0715
.0715
.0714
.0714
.0713
.0713
.0713
.0712
.0712
.0711
.0711
.071
.071
.071
.0709
.0709
.0708
.0708
.0707
.0707
.0707
.0706
.0706
.0705
.0705
.0705
.0704
.0704
.0703
.0703
.0703
.0702
.0702
.0701
.0701
.07
.07
.07
.0699
.0699
.0698
.0698
.0698
.0697
.0697
.0696
.0696
.0696
.0695
.0695
.0694
.0694
.0694
.0693
.0693
.0692
.0692
.0691
.0691
.0691
.069
.069
.0689
.0689
.0689
.0688
.0688
.0687
.0687
.0687
.0686
.0686
.0685
.0685
.0685
.0684
.0684
.0684
.0683
.0683
.0682
.0682
.0682
.0681
.0681
.068
.068
.068
.0679
.0679
.0678
.0678
.0678
.0677
.0677
.0676
.0676
.0676
.0675
.0675
.0675
.0674
.0674
.0673
.0673
.0673
.0672
.0672
.0671
.0671
.0671
.067
.067
.067
.0669
.0669
.0668
.0668
.0668
.0667
.0667
.0667
.0666
.0666
.0665
.0665
.0665
.0664
.0664
.0663
.0663
.0663
.0662
.0662
.0662
.0661
.0661
.066
.066
.066
.0659
.0659
.0659
.0658
.0658
.0658
.0657
.0657
.0656
.0656
.0656
.0655
.0655
.0655
.0654
.0654
.0653
.0653
.0653
.0652
.0652
.0652
.0651
.0651
.0651
.065
.065
.0649
.0649
.0649
.0648
.0648
.0648
.0647
.0647
.0647
.0646
.0646
.0646
.0645
.0645
.0644
.0644
.0644
.0643
.0643
.0643
.0642
.0642
.0642
.0641
.0641
.0641
.064
.064
.0639
.0639
.0639
.0638
.0638
.0638
.0637
.0637
.0637
.0636
.0636
.0636
.0635
.0635
.0635
.0634
.0634
.0633
.0633
.0633
.0632
.0632
.0632
.0631
.0631
.0631
.063
.063
.063
.0629
.0629
.0629
.0628
.0628
.0628
.0627
.0627
.0627
.0626
.0626
.0626
.0625
.0625
.0625
.0624
.0624
.0624
.0623
.0623
.0623
.0622
.0622
.0622
.0621
.0621
.062
.062
.062
.0619
.0619
.0619
.0618
.0618
.0618
.0617
.0617
.0617
.0616
.0616
.0616
.0615
.0615
.0615
.0614
.0614
.0614
.0614
.0613
.0613
.0613
.0612
.0612
.0612
.0611
.0611
.0611
.061
.061
.061
.0609
.0609
.0609
.0608
.0608
.0608
.0607
.0607
.0607
.0606
.0606
.0606
.0605
.0605
.0605
.0604
.0604
.0604
.0603
.0603
.0603
.0602
.0602
.0602
.0601
.0601
.0601
.0601
.06
.06
.06
.0599
.0599
.0599
.0598
.0598
.0598
.0597
.0597
.0597
.0596
.0596
.0596
.0595
.0595
.0595
.0595
.0594
.0594
.0594
.0593
.0593
.0593
.0592
.0592
.0592
.0591
.0591
.0591
.059
.059
.059
.059
.0589
.0589
.0589
.0588
.0588
.0588
.0587
.0587
.0587
.0586
.0586
.0586
.0586
.0585
.0585
.0585
.0584
.0584
.0584
.0583
.0583
.0583
.0583
.0582
.0582
.0582
.0581
.0581
.0581
.058
.058
.058
.058
.0579
.0579
.0579
.0578
.0578
.0578
.0577
.0577
.0577
.0577
.0576
.0576
.0576
.0575
.0575
.0575
.0574
.0574
.0574
.0574
.0573
.0573
.0573
.0572
.0572
.0572
.0572
.0571
.0571
.0571
.057
.057
.057
.0569
.0569
.0569
.0569
.0568
.0568
.0568
.0567
.0567
.0567
.0567
.0566
.0566
.0566
.0565
.0565
.0565
.0565
.0564
.0564
.0564
.0563
.0563
.0563
.0563
.0562
.0562
.0562
.0561
.0561
.0561
.0561
.056
.056
.056
.0559
.0559
.0559
.0559
.0558
.0558
.0558
.0557
.0557
.0557
.0557
.0556
.0556
.0556
.0555
.0555
.0555
.0555
.0554
.0554
.0554
.0553
.0553
.0553
.0553
.0552
.0552
.0552
.0552
.0551
.0551
.0551
.055
.055
.055
.055
.0549
.0549
.0549
.0549
.0548
.0548
.0548
.0547
.0547
.0547
.0547
.0546
.0546
.0546
.0546
.0545
.0545
.0545
.0544
.0544
.0544
.0544
.0543
.0543
.0543
.0543
.0542
.0542
.0542
.0541
.0541
.0541
.0541
.054
.054
.054
.054
.0539
.0539
.0539
.0538
.0538
.0538
.0538
.0537
.0537
.0537
.0537
.0536
.0536
.0536
.0536
.0535
.0535
.0535
.0535
.0534
.0534
.0534
.0533
.0533
.0533
.0533
.0532
.0532
.0532
.0532
.0531
.0531
.0531
.0531
.053
.053
.053
.053
.0529
.0529
.0529
.0529
.0528
.0528
.0528
.0527
.0527
.0527
.0527
.0526
.0526
.0526
.0526
.0525
.0525
.0525
.0525
.0524
.0524
.0524
.0524
.0523
.0523
.0523
.0523
.0522
.0522
.0522
.0522
.0521
.0521
.0521
.0521
.052
.052
.052
.052
.0519
.0519
.0519
.0519
.0518
.0518
.0518
.0518
.0517
.0517
.0517
.0517
.0516
.0516
.0516
.0516
.0515
.0515
.0515
.0515
.0514
.0514
.0514
.0514
.0513
.0513
.0513
.0513
.0512
.0512
.0512
.0512
.0511
.0511
.0511
.0511
.051
.051
.051
.051
.0509
.0509
.0509
.0509
.0508
.0508
.0508
.0508
.0507
.0507
.0507
.0507
.0507
.0506
.0506
.0506
.0506
.0505
.0505
.0505
.0505
.0504
.0504
.0504
.0504
.0503
.0503
.0503
.0503
.0502
.0502
.0502
.0502
.0501
.0501
.0501
.0501
.0501
.05
.05
.05
