.5784
.5766
.5749
.5732
.5715
.5699
.5683
.5668
.5653
.5638
.5623
.5609
.5596
.5583
.557
.5557
.5545
.5534
.5522
.5512
.5501
.5491
.5481
.5472
.5463
.5454
.5445
.5437
.543
.5422
.5415
.5408
.5402
.5396
.539
.5384
.5379
.5374
.5369
.5364
.5359
.5355
.5351
.5347
.5344
.534
.5337
.5334
.5331
.5328
.5325
.5323
.532
.5318
.5316
.5314
.5312
.531
.5308
.5306
.5305
.5303
.5301
.53
.5299
.5297
.5296
.5295
.5294
.5293
.5291
.529
.5289
.5288
.5288
.5287
.5286
.5285
.5284
.5283
.5282
.5282
.5281
.528
.5279
.5279
.5278
.5277
.5276
.5276
.5275
.5274
.5274
.5273
.5272
.5272
.5271
.527
.527
.5269
.5269
.5268
.5267
.5267
.5266
.5265
.5265
.5264
.5263
.5263
.5262
.5261
.5261
.526
.526
.5259
.5258
.5258
.5257
.5256
.5256
.5255
.5254
.5254
.5253
.5252
.5252
.5251
.525
.525
.5249
.5248
.5248
.5247
.5246
.5246
.5245
.5244
.5243
.5243
.5242
.5241
.5241
.524
.5239
.5238
.5238
.5237
.5236
.5235
.5235
.5234
.5233
.5232
.5232
.5231
.523
.5229
.5229
.5228
.5227
.5226
.5226
.5225
.5224
.5223
.5222
.5222
.5221
.522
.5219
.5218
.5218
.5217
.5216
.5215
.5214
.5213
.5213
.5212
.5211
.521
.5209
.5208
.5207
.5207
.5206
.5205
.5204
.5203
.5202
.5201
.52
.52
.5199
.5198
.5197
.5196
.5195
.5194
.5193
.5192
.5191
.519
.5189
.5188
.5188
.5187
.5186
.5185
.5184
.5183
.5182
.5181
.518
.5179
.5178
.5177
.5176
.5175
.5174
.5173
.5172
.5171
.517
.5169
.5168
.5167
.5166
.5164
.5163
.5162
.5161
.516
.5159
.5158
.5157
.5156
.5155
.5154
.5153
.5151
.515
.5149
.5148
.5147
.5146
.5145
.5144
.5142
.5141
.514
.5139
.5138
.5137
.5135
.5134
.5133
.5132
.5131
.5129
.5128
.5127
.5126
.5124
.5123
.5122
.5121
.5119
.5118
.5117
.5116
.5114
.5113
.5112
.511
.5109
.5108
.5107
.5105
.5104
.5103
.5101
.51
.5099
.5097
.5096
.5094
.5093
.5092
.509
.5089
.5088
.5086
.5085
.5083
.5082
.508
.5079
.5078
.5076
.5075
.5073
.5072
.507
.5069
.5067
.5066
.5064
.5063
.5061
.506
.5058
.5057
.5055
.5054
.5052
.5051
.5049
.5047
.5046
.5044
.5043
.5041
.504
.5038
.5036
.5035
.5033
.5031
.503
.5028
.5027
.5025
.5023
.5022
.502
.5018
.5016
.5015
.5013
.5011
.501
.5008
.5006
.5004
.5003
.5001
.4999
.4997
.4996
.4994
.4992
.499
.4988
.4987
.4985
.4983
.4981
.4979
.4978
.4976
.4974
.4972
.497
.4968
.4966
.4964
.4963
.4961
.4959
.4957
.4955
.4953
.4951
.4949
.4947
.4945
.4943
.4941
.4939
.4937
.4935
.4933
.4931
.4929
.4927
.4925
.4923
.4921
.4919
.4917
.4915
.4913
.4911
.4909
.4906
.4904
.4902
.49
.4898
.4896
.4894
.4892
.4889
.4887
.4885
.4883
.4881
.4879
.4876
.4874
.4872
.487
.4868
.4865
.4863
.4861
.4859
.4856
.4854
.4852
.485
.4847
.4845
.4843
.484
.4838
.4836
.4833
.4831
.4829
.4826
.4824
.4822
.4819
.4817
.4814
.4812
.481
.4807
.4805
.4802
.48
.4798
.4795
.4793
.479
.4788
.4785
.4783
.478
.4778
.4775
.4773
.477
.4768
.4765
.4763
.476
.4758
.4755
.4753
.475
.4747
.4745
.4742
.474
.4737
.4734
.4732
.4729
.4727
.4724
.4721
.4719
.4716
.4713
.4711
.4708
.4705
.4703
.47
.4697
.4694
.4692
.4689
.4686
.4684
.4681
.4678
.4675
.4673
.467
.4667
.4664
.4661
.4659
.4656
.4653
.465
.4647
.4645
.4642
.4639
.4636
.4633
.463
.4627
.4624
.4622
.4619
.4616
.4613
.461
.4607
.4604
.4601
.4598
.4595
.4592
.4589
.4586
.4583
.458
.4577
.4574
.4571
.4568
.4565
.4562
.4559
.4556
.4553
.455
.4547
.4544
.4541
.4538
.4535
.4532
.4529
.4525
.4522
.4519
.4516
.4513
.451
.4507
.4503
.45
.4497
.4494
.4491
.4488
.4484
.4481
.4478
.4475
.4471
.4468
.4465
.4462
.4458
.4455
.4452
.4449
.4445
.4442
.4439
.4435
.4432
.4429
.4426
.4422
.4419
.4416
.4412
.4409
.4405
.4402
.4399
.4395
.4392
.4389
.4385
.4382
.4378
.4375
.4371
.4368
.4365
.4361
.4358
.4354
.4351
.4347
.4344
.434
.4337
.4333
.433
.4326
.4323
.4319
.4316
.4312
.4308
.4305
.4301
.4298
.4294
.4291
.4287
.4283
.428
.4276
.4273
.4269
.4265
.4262
.4258
.4254
.4251
.4247
.4243
.424
.4236
.4232
.4229
.4225
.4221
.4218
.4214
.421
.4206
.4203
.4199
.4195
.4191
.4188
.4184
.418
.4176
.4173
.4169
.4165
.4161
.4157
.4153
.415
.4146
.4142
.4138
.4134
.4131
.4127
.4123
.4119
.4115
.4111
.4107
.4103
.41
.4096
.4092
.4088
.4084
.408
.4076
.4072
.4068
.4064
.406
.4057
.4053
.4049
.4045
.4041
.4037
.4033
.4029
.4025
.4021
.4017
.4013
.4009
.4005
.4001
.3997
.3993
.3989
.3985
.3981
.3977
.3973
.3969
.3965
.3961
.3957
.3953
.3949
.3945
.3941
.3937
.3933
.3928
.3924
.392
.3916
.3912
.3908
.3904
.39
.3896
.3892
.3888
.3884
.388
.3876
.3871
.3867
.3863
.3859
.3855
.3851
.3847
.3843
.3839
.3835
.3831
.3826
.3822
.3818
.3814
.381
.3806
.3802
.3798
.3794
.3789
.3785
.3781
.3777
.3773
.3769
.3765
.3761
.3757
.3752
.3748
.3744
.374
.3736
.3732
.3728
.3724
.3719
.3715
.3711
.3707
.3703
.3699
.3695
.3691
.3687
.3682
.3678
.3674
.367
.3666
.3662
.3658
.3654
.365
.3646
.3641
.3637
.3633
.3629
.3625
.3621
.3617
.3613
.3609
.3605
.36
.3596
.3592
.3588
.3584
.358
.3576
.3572
.3568
.3564
.356
.3556
.3552
.3548
.3543
.3539
.3535
.3531
.3527
.3523
.3519
.3515
.3511
.3507
.3503
.3499
.3495
.3491
.3487
.3483
.3479
.3475
.3471
.3467
.3463
.3459
.3455
.3451
.3447
.3443
.3439
.3435
.3431
.3427
.3423
.3419
.3415
.3411
.3407
.3403
.3399
.3395
.3391
.3387
.3383
.3379
.3375
.3372
.3368
.3364
.336
.3356
.3352
.3348
.3344
.334
.3336
.3332
.3329
.3325
.3321
.3317
.3313
.3309
.3305
.3301
.3297
.3294
.329
.3286
.3282
.3278
.3274
.3271
.3267
.3263
.3259
.3255
.3251
.3248
.3244
.324
.3236
.3232
.3229
.3225
.3221
.3217
.3213
.321
.3206
.3202
.3198
.3195
.3191
.3187
.3183
.318
.3176
.3172
.3168
.3165
.3161
.3157
.3154
.315
.3146
.3142
.3139
.3135
.3131
.3128
.3124
.312
.3117
.3113
.3109
.3106
.3102
.3098
.3095
.3091
.3088
.3084
.308
.3077
.3073
.3069
.3066
.3062
.3059
.3055
.3051
.3048
.3044
.3041
.3037
.3034
.303
.3026
.3023
.3019
.3016
.3012
.3009
.3005
.3002
.2998
.2995
.2991
.2988
.2984
.2981
.2977
.2974
.297
.2967
.2963
.296
.2956
.2953
.2949
.2946
.2942
.2939
.2936
.2932
.2929
.2925
.2922
.2918
.2915
.2912
.2908
.2905
.2901
.2898
.2895
.2891
.2888
.2885
.2881
.2878
.2874
.2871
.2868
.2864
.2861
.2858
.2854
.2851
.2848
.2844
.2841
.2838
.2835
.2831
.2828
.2825
.2821
.2818
.2815
.2812
.2808
.2805
.2802
.2799
.2795
.2792
.2789
.2786
.2782
.2779
.2776
.2773
.2769
.2766
.2763
.276
.2757
.2753
.275
.2747
.2744
.2741
.2738
.2734
.2731
.2728
.2725
.2722
.2719
.2716
.2712
.2709
.2706
.2703
.27
.2697
.2694
.2691
.2688
.2685
.2681
.2678
.2675
.2672
.2669
.2666
.2663
.266
.2657
.2654
.2651
.2648
.2645
.2642
.2639
.2636
.2633
.263
.2627
.2624
.2621
.2618
.2615
.2612
.2609
.2606
.2603
.26
.2597
.2594
.2591
.2588
.2585
.2582
.2579
.2576
.2573
.257
.2568
.2565
.2562
.2559
.2556
.2553
.255
.2547
.2544
.2541
.2539
.2536
.2533
.253
.2527
.2524
.2521
.2519
.2516
.2513
.251
.2507
.2504
.2502
.2499
.2496
.2493
.249
.2488
.2485
.2482
.2479
.2476
.2474
.2471
.2468
.2465
.2463
.246
.2457
.2454
.2452
.2449
.2446
.2443
.2441
.2438
.2435
.2432
.243
.2427
.2424
.2422
.2419
.2416
.2413
.2411
.2408
.2405
.2403
.24
.2397
.2395
.2392
.2389
.2387
.2384
.2381
.2379
.2376
.2374
.2371
.2368
.2366
.2363
.236
.2358
.2355
.2353
.235
.2347
.2345
.2342
.234
.2337
.2335
.2332
.2329
.2327
.2324
.2322
.2319
.2317
.2314
.2312
.2309
.2306
.2304
.2301
.2299
.2296
.2294
.2291
.2289
.2286
.2284
.2281
.2279
.2276
.2274
.2271
.2269
.2266
.2264
.2261
.2259
.2257
.2254
.2252
.2249
.2247
.2244
.2242
.2239
.2237
.2234
.2232
.223
.2227
.2225
.2222
.222
.2218
.2215
.2213
.221
.2208
.2206
.2203
.2201
.2198
.2196
.2194
.2191
.2189
.2187
.2184
.2182
.218
.2177
.2175
.2173
.217
.2168
.2166
.2163
.2161
.2159
.2156
.2154
.2152
.2149
.2147
.2145
.2142
.214
.2138
.2135
.2133
.2131
.2129
.2126
.2124
.2122
.212
.2117
.2115
.2113
.2111
.2108
.2106
.2104
.2102
.2099
.2097
.2095
.2093
.209
.2088
.2086
.2084
.2082
.2079
.2077
.2075
.2073
.2071
.2068
.2066
.2064
.2062
.206
.2057
.2055
.2053
.2051
.2049
.2047
.2044
.2042
.204
.2038
.2036
.2034
.2032
.2029
.2027
.2025
.2023
.2021
.2019
.2017
.2014
.2012
.201
.2008
.2006
.2004
.2002
.2
.1998
.1996
.1993
.1991
.1989
.1987
.1985
.1983
.1981
.1979
.1977
.1975
.1973
.1971
.1969
.1967
.1965
.1963
.196
.1958
.1956
.1954
.1952
.195
.1948
.1946
.1944
.1942
.194
.1938
.1936
.1934
.1932
.193
.1928
.1926
.1924
.1922
.192
.1918
.1916
.1914
.1912
.191
.1908
.1906
.1904
.1903
.1901
.1899
.1897
.1895
.1893
.1891
.1889
.1887
.1885
.1883
.1881
.1879
.1877
.1875
.1873
.1872
.187
.1868
.1866
.1864
.1862
.186
.1858
.1856
.1854
.1853
.1851
.1849
.1847
.1845
.1843
.1841
.1839
.1837
.1836
.1834
.1832
.183
.1828
.1826
.1824
.1823
.1821
.1819
.1817
.1815
.1813
.1812
.181
.1808
.1806
.1804
.1802
.1801
.1799
.1797
.1795
.1793
.1792
.179
.1788
.1786
.1784
.1783
.1781
.1779
.1777
.1775
.1774
.1772
.177
.1768
.1767
.1765
.1763
.1761
.1759
.1758
.1756
.1754
.1752
.1751
.1749
.1747
.1745
.1744
.1742
.174
.1739
.1737
.1735
.1733
.1732
.173
.1728
.1726
.1725
.1723
.1721
.172
.1718
.1716
.1714
.1713
.1711
.1709
.1708
.1706
.1704
.1703
.1701
.1699
.1698
.1696
.1694
.1693
.1691
.1689
.1688
.1686
.1684
.1683
.1681
.1679
.1678
.1676
.1674
.1673
.1671
.1669
.1668
.1666
.1665
.1663
.1661
.166
.1658
.1656
.1655
.1653
.1652
.165
.1648
.1647
.1645
.1644
.1642
.164
.1639
.1637
.1636
.1634
.1632
.1631
.1629
.1628
.1626
.1624
.1623
.1621
.162
.1618
.1617
.1615
.1613
.1612
.161
.1609
.1607
.1606
.1604
.1603
.1601
.1599
.1598
.1596
.1595
.1593
.1592
.159
.1589
.1587
.1586
.1584
.1583
.1581
.158
.1578
.1577
.1575
.1574
.1572
.1571
.1569
.1568
.1566
.1565
.1563
.1562
.156
.1559
.1557
.1556
.1554
.1553
.1551
.155
.1548
.1547
.1545
.1544
.1542
.1541
.1539
.1538
.1536
.1535
.1534
.1532
.1531
.1529
.1528
.1526
.1525
.1523
.1522
.1521
.1519
.1518
.1516
.1515
.1513
.1512
.1511
.1509
.1508
.1506
.1505
.1503
.1502
.1501
.1499
.1498
.1496
.1495
.1494
.1492
.1491
.1489
.1488
.1487
.1485
.1484
.1482
.1481
.148
.1478
.1477
.1476
.1474
.1473
.1471
.147
.1469
.1467
.1466
.1465
.1463
.1462
.146
.1459
.1458
.1456
.1455
.1454
.1452
.1451
.145
.1448
.1447
.1446
.1444
.1443
.1442
.144
.1439
.1438
.1436
.1435
.1434
.1432
.1431
.143
.1428
.1427
.1426
.1425
.1423
.1422
.1421
.1419
.1418
.1417
.1415
.1414
.1413
.1412
.141
.1409
.1408
.1406
.1405
.1404
.1403
.1401
.14
.1399
.1397
.1396
.1395
.1394
.1392
.1391
.139
.1389
.1387
.1386
.1385
.1384
.1382
.1381
.138
.1379
.1377
.1376
.1375
.1374
.1372
.1371
.137
.1369
.1367
.1366
.1365
.1364
.1362
.1361
.136
.1359
.1358
.1356
.1355
.1354
.1353
.1352
.135
.1349
.1348
.1347
.1346
.1344
.1343
.1342
.1341
.134
.1338
.1337
.1336
.1335
.1334
.1332
.1331
.133
.1329
.1328
.1326
.1325
.1324
.1323
.1322
.1321
.1319
.1318
.1317
.1316
.1315
.1314
.1312
.1311
.131
.1309
.1308
.1307
.1306
.1304
.1303
.1302
.1301
.13
.1299
.1298
.1296
.1295
.1294
.1293
.1292
.1291
.129
.1289
.1287
.1286
.1285
.1284
.1283
.1282
.1281
.128
.1278
.1277
.1276
.1275
.1274
.1273
.1272
.1271
.127
.1269
.1267
.1266
.1265
.1264
.1263
.1262
.1261
.126
.1259
.1258
.1257
.1255
.1254
.1253
.1252
.1251
.125
.1249
.1248
.1247
.1246
.1245
.1244
.1243
.1242
.124
.1239
.1238
.1237
.1236
.1235
.1234
.1233
.1232
.1231
.123
.1229
.1228
.1227
.1226
.1225
.1224
.1223
.1222
.1221
.122
.1219
.1218
.1216
.1215
.1214
.1213
.1212
.1211
.121
.1209
.1208
.1207
.1206
.1205
.1204
.1203
.1202
.1201
.12
.1199
.1198
.1197
.1196
.1195
.1194
.1193
.1192
.1191
.119
.1189
.1188
.1187
.1186
.1185
.1184
.1183
.1182
.1181
.118
.1179
.1178
.1177
.1176
.1175
.1175
.1174
.1173
.1172
.1171
.117
.1169
.1168
.1167
.1166
.1165
.1164
.1163
.1162
.1161
.116
.1159
.1158
.1157
.1156
.1155
.1154
.1153
.1153
.1152
.1151
.115
.1149
.1148
.1147
.1146
.1145
.1144
.1143
.1142
.1141
.114
.1139
.1139
.1138
.1137
.1136
.1135
.1134
.1133
.1132
.1131
.113
.1129
.1128
.1128
.1127
.1126
.1125
.1124
.1123
.1122
.1121
.112
.1119
.1119
.1118
.1117
.1116
.1115
.1114
.1113
.1112
.1111
.111
.111
.1109
.1108
.1107
.1106
.1105
.1104
.1103
.1103
.1102
.1101
.11
.1099
.1098
.1097
.1096
.1096
.1095
.1094
.1093
.1092
.1091
.109
.109
.1089
.1088
.1087
.1086
.1085
.1084
.1084
.1083
.1082
.1081
.108
.1079
.1079
.1078
.1077
.1076
.1075
.1074
.1073
.1073
.1072
.1071
.107
.1069
.1068
.1068
.1067
.1066
.1065
.1064
.1064
.1063
.1062
.1061
.106
.1059
.1059
.1058
.1057
.1056
.1055
.1055
.1054
.1053
.1052
.1051
.105
.105
.1049
.1048
.1047
.1046
.1046
.1045
.1044
.1043
.1042
.1042
.1041
.104
.1039
.1039
.1038
.1037
.1036
.1035
.1035
.1034
.1033
.1032
.1031
.1031
.103
.1029
.1028
.1028
.1027
.1026
.1025
.1024
.1024
.1023
.1022
.1021
.1021
.102
.1019
.1018
.1018
.1017
.1016
.1015
.1015
.1014
.1013
.1012
.1011
.1011
.101
.1009
.1008
.1008
.1007
.1006
.1005
.1005
.1004
.1003
.1002
.1002
.1001
.1
.1
.0999
.0998
.0997
.0997
.0996
.0995
.0994
.0994
.0993
.0992
.0991
.0991
.099
.0989
.0989
.0988
.0987
.0986
.0986
.0985
.0984
.0983
.0983
.0982
.0981
.0981
.098
.0979
.0978
.0978
.0977
.0976
.0976
.0975
.0974
.0973
.0973
.0972
.0971
.0971
.097
.0969
.0969
.0968
.0967
.0966
.0966
.0965
.0964
.0964
.0963
.0962
.0962
.0961
.096
.096
.0959
.0958
.0957
.0957
.0956
.0955
.0955
.0954
.0953
.0953
.0952
.0951
.0951
.095
.0949
.0949
.0948
.0947
.0947
.0946
.0945
.0945
.0944
.0943
.0943
.0942
.0941
.0941
.094
.0939
.0939
.0938
.0937
.0937
.0936
.0935
.0935
.0934
.0933
.0933
.0932
.0931
.0931
.093
.0929
.0929
.0928
.0927
.0927
.0926
.0926
.0925
.0924
.0924
.0923
.0922
.0922
.0921
.092
.092
.0919
.0918
.0918
.0917
.0917
.0916
.0915
.0915
.0914
.0913
.0913
.0912
.0912
.0911
.091
.091
.0909
.0908
.0908
.0907
.0906
.0906
.0905
.0905
.0904
.0903
.0903
.0902
.0902
.0901
.09
.09
.0899
.0898
.0898
.0897
.0897
.0896
.0895
.0895
.0894
.0894
.0893
.0892
.0892
.0891
.0891
.089
.0889
.0889
.0888
.0888
.0887
.0886
.0886
.0885
.0885
.0884
.0883
.0883
.0882
.0882
.0881
.088
.088
.0879
.0879
.0878
.0877
.0877
.0876
.0876
.0875
.0875
.0874
.0873
.0873
.0872
.0872
.0871
.087
.087
.0869
.0869
.0868
.0868
.0867
.0866
.0866
.0865
.0865
.0864
.0864
.0863
.0862
.0862
.0861
.0861
.086
.086
.0859
.0858
.0858
.0857
.0857
.0856
.0856
.0855
.0855
.0854
.0853
.0853
.0852
.0852
.0851
.0851
.085
.0849
.0849
.0848
.0848
.0847
.0847
.0846
.0846
.0845
.0845
.0844
.0843
.0843
.0842
.0842
.0841
.0841
.084
.084
.0839
.0839
.0838
.0837
.0837
.0836
.0836
.0835
.0835
.0834
.0834
.0833
.0833
.0832
.0832
.0831
.083
.083
.0829
.0829
.0828
.0828
.0827
.0827
.0826
.0826
.0825
.0825
.0824
.0824
.0823
.0823
.0822
.0822
.0821
.082
.082
.0819
.0819
.0818
.0818
.0817
.0817
.0816
.0816
.0815
.0815
.0814
.0814
.0813
.0813
.0812
.0812
.0811
.0811
.081
.081
.0809
.0809
.0808
.0808
.0807
.0807
.0806
.0806
.0805
.0805
.0804
.0804
.0803
.0803
.0802
.0802
.0801
.0801
.08
.08
.0799
.0799
.0798
.0798
.0797
.0797
.0796
.0796
.0795
.0795
.0794
.0794
.0793
.0793
.0792
.0792
.0791
.0791
.079
.079
.0789
.0789
.0788
.0788
.0787
.0787
.0786
.0786
.0785
.0785
.0784
.0784
.0784
.0783
.0783
.0782
.0782
.0781
.0781
.078
.078
.0779
.0779
.0778
.0778
.0777
.0777
.0776
.0776
.0775
.0775
.0774
.0774
.0774
.0773
.0773
.0772
.0772
.0771
.0771
.077
.077
.0769
.0769
.0768
.0768
.0768
.0767
.0767
.0766
.0766
.0765
.0765
.0764
.0764
.0763
.0763
.0762
.0762
.0762
.0761
.0761
.076
.076
.0759
.0759
.0758
.0758
.0757
.0757
.0757
.0756
.0756
.0755
.0755
.0754
.0754
.0753
.0753
.0753
.0752
.0752
.0751
.0751
.075
.075
.0749
.0749
.0749
.0748
.0748
.0747
.0747
.0746
.0746
.0745
.0745
.0745
.0744
.0744
.0743
.0743
.0742
.0742
.0742
.0741
.0741
.074
.074
.0739
.0739
.0739
.0738
.0738
.0737
.0737
.0736
.0736
.0736
.0735
.0735
.0734
.0734
.0733
.0733
.0733
.0732
.0732
.0731
.0731
.073
.073
.073
.0729
.0729
.0728
.0728
.0727
.0727
.0727
.0726
.0726
.0725
.0725
.0725
.0724
.0724
.0723
.0723
.0722
.0722
.0722
.0721
.0721
.072
.072
.072
.0719
.0719
.0718
.0718
.0718
.0717
.0717
.0716
.0716
.0715
.0715
.0715
.0714
.0714
.0713
.0713
.0713
.0712
.0712
.0711
.0711
.0711
.071
.071
.0709
.0709
.0709
.0708
.0708
.0707
.0707
.0707
.0706
.0706
.0705
.0705
.0705
.0704
.0704
.0703
.0703
.0703
.0702
.0702
.0702
.0701
.0701
.07
.07
.07
.0699
.0699
.0698
.0698
.0698
.0697
.0697
.0696
.0696
.0696
.0695
.0695
.0695
.0694
.0694
.0693
.0693
.0693
.0692
.0692
.0691
.0691
.0691
.069
.069
.069
.0689
.0689
.0688
.0688
.0688
.0687
.0687
.0687
.0686
.0686
.0685
.0685
.0685
.0684
.0684
.0683
.0683
.0683
.0682
.0682
.0682
.0681
.0681
.0681
.068
.068
.0679
.0679
.0679
.0678
.0678
.0678
.0677
.0677
.0676
.0676
.0676
.0675
.0675
.0675
.0674
.0674
.0674
.0673
.0673
.0672
.0672
.0672
.0671
.0671
.0671
.067
.067
.067
.0669
.0669
.0668
.0668
.0668
.0667
.0667
.0667
.0666
.0666
.0666
.0665
.0665
.0665
.0664
.0664
.0663
.0663
.0663
.0662
.0662
.0662
.0661
.0661
.0661
.066
.066
.066
.0659
.0659
.0659
.0658
.0658
.0657
.0657
.0657
.0656
.0656
.0656
.0655
.0655
.0655
.0654
.0654
.0654
.0653
.0653
.0653
.0652
.0652
.0652
.0651
.0651
.0651
.065
.065
.065
.0649
.0649
.0649
.0648
.0648
.0647
.0647
.0647
.0646
.0646
.0646
.0645
.0645
.0645
.0644
.0644
.0644
.0643
.0643
.0643
.0642
.0642
.0642
.0641
.0641
.0641
.064
.064
.064
.0639
.0639
.0639
.0638
.0638
.0638
.0637
.0637
.0637
.0636
.0636
.0636
.0635
.0635
.0635
.0634
.0634
.0634
.0634
.0633
.0633
.0633
.0632
.0632
.0632
.0631
.0631
.0631
.063
.063
.063
.0629
.0629
.0629
.0628
.0628
.0628
.0627
.0627
.0627
.0626
.0626
.0626
.0625
.0625
.0625
.0624
.0624
.0624
.0624
.0623
.0623
.0623
.0622
.0622
.0622
.0621
.0621
.0621
.062
.062
.062
.0619
.0619
.0619
.0619
.0618
.0618
.0618
.0617
.0617
.0617
.0616
.0616
.0616
.0615
.0615
.0615
.0614
.0614
.0614
.0614
.0613
.0613
.0613
.0612
.0612
.0612
.0611
.0611
.0611
.061
.061
.061
.061
.0609
.0609
.0609
.0608
.0608
.0608
.0607
.0607
.0607
.0607
.0606
.0606
.0606
.0605
.0605
.0605
.0604
.0604
.0604
.0604
.0603
.0603
.0603
.0602
.0602
.0602
.0601
.0601
.0601
.0601
.06
.06
.06
.0599
.0599
.0599
.0598
.0598
.0598
.0598
.0597
.0597
.0597
.0596
.0596
.0596
.0596
.0595
.0595
.0595
.0594
.0594
.0594
.0594
.0593
.0593
.0593
.0592
.0592
.0592
.0592
.0591
.0591
.0591
.059
.059
.059
.0589
.0589
.0589
.0589
.0588
.0588
.0588
.0587
.0587
.0587
.0587
.0586
.0586
.0586
.0586
.0585
.0585
.0585
.0584
.0584
.0584
.0584
.0583
.0583
.0583
.0582
.0582
.0582
.0582
.0581
.0581
.0581
.058
.058
.058
.058
.0579
.0579
.0579
.0579
.0578
.0578
.0578
.0577
.0577
.0577
.0577
.0576
.0576
.0576
.0575
.0575
.0575
.0575
.0574
.0574
.0574
.0574
.0573
.0573
.0573
.0572
.0572
.0572
.0572
.0571
.0571
.0571
.0571
.057
.057
.057
.057
.0569
.0569
.0569
.0568
.0568
.0568
.0568
.0567
.0567
.0567
.0567
.0566
.0566
.0566
.0566
.0565
.0565
.0565
.0564
.0564
.0564
.0564
.0563
.0563
.0563
.0563
.0562
.0562
.0562
.0562
.0561
.0561
.0561
.0561
.056
.056
.056
.0559
.0559
.0559
.0559
.0558
.0558
.0558
.0558
.0557
.0557
.0557
.0557
.0556
.0556
.0556
.0556
.0555
.0555
.0555
.0555
.0554
.0554
.0554
.0554
.0553
.0553
.0553
.0553
.0552
.0552
.0552
.0551
.0551
.0551
.0551
.055
.055
.055
.055
.0549
.0549
.0549
.0549
.0548
.0548
.0548
.0548
.0547
.0547
.0547
.0547
.0546
.0546
.0546
.0546
.0545
.0545
.0545
.0545
.0544
.0544
.0544
.0544
.0543
.0543
.0543
.0543
.0543
.0542
.0542
.0542
.0542
.0541
.0541
.0541
.0541
.054
.054
.054
.054
.0539
.0539
.0539
.0539
.0538
.0538
.0538
.0538
.0537
.0537
.0537
.0537
.0536
.0536
.0536
.0536
.0535
.0535
.0535
.0535
.0534
.0534
.0534
.0534
.0534
.0533
.0533
.0533
.0533
.0532
.0532
.0532
.0532
.0531
.0531
.0531
.0531
.053
.053
.053
.053
.053
.0529
.0529
.0529
.0529
.0528
.0528
.0528
.0528
.0527
.0527
.0527
.0527
.0526
.0526
.0526
.0526
.0526
.0525
.0525
.0525
.0525
.0524
.0524
.0524
.0524
.0523
.0523
.0523
.0523
.0523
.0522
.0522
.0522
.0522
.0521
.0521
.0521
.0521
.052
.052
.052
.052
.052
.0519
.0519
.0519
.0519
.0518
.0518
.0518
.0518
.0518
.0517
.0517
.0517
.0517
.0516
.0516
.0516
.0516
.0515
.0515
.0515
.0515
.0515
.0514
.0514
.0514
.0514
.0513
.0513
.0513
.0513
.0513
.0512
.0512
.0512
.0512
.0511
.0511
.0511
.0511
.0511
.051
.051
.051
.051
.0509
.0509
.0509
.0509
.0509
.0508
.0508
.0508
.0508
.0508
.0507
.0507
.0507
.0507
.0506
.0506
.0506
.0506
.0506
.0505
.0505
.0505
.0505
.0504
.0504
.0504
.0504
.0504
.0503
.0503
.0503
.0503
.0503
.0502
.0502
.0502
.0502
.0501
.0501
.0501
.0501
.0501
.05
.05
.05
