.5644
.5626
.5609
.5593
.5577
.5561
.5546
.5531
.5516
.5502
.5489
.5475
.5463
.545
.5438
.5427
.5416
.5405
.5395
.5385
.5375
.5366
.5357
.5349
.5341
.5333
.5326
.5319
.5312
.5306
.53
.5294
.5289
.5283
.5278
.5274
.5269
.5265
.5261
.5257
.5253
.5249
.5246
.5243
.524
.5237
.5234
.5232
.5229
.5227
.5224
.5222
.522
.5218
.5216
.5214
.5212
.5211
.5209
.5208
.5206
.5205
.5203
.5202
.52
.5199
.5198
.5196
.5195
.5194
.5193
.5192
.5191
.519
.5188
.5187
.5186
.5185
.5184
.5183
.5182
.5181
.518
.5179
.5178
.5177
.5176
.5175
.5174
.5173
.5172
.5171
.517
.5169
.5168
.5167
.5166
.5165
.5164
.5163
.5162
.5162
.516
.5159
.5158
.5157
.5156
.5155
.5154
.5153
.5152
.5151
.515
.5149
.5148
.5147
.5146
.5145
.5144
.5143
.5142
.514
.5139
.5138
.5137
.5136
.5135
.5134
.5132
.5131
.513
.5129
.5128
.5127
.5125
.5124
.5123
.5122
.512
.5119
.5118
.5117
.5115
.5114
.5113
.5112
.511
.5109
.5108
.5106
.5105
.5104
.5102
.5101
.51
.5098
.5097
.5096
.5094
.5093
.5091
.509
.5088
.5087
.5086
.5084
.5083
.5081
.508
.5078
.5077
.5075
.5074
.5072
.5071
.5069
.5067
.5066
.5064
.5063
.5061
.5059
.5058
.5056
.5055
.5053
.5051
.505
.5048
.5046
.5045
.5043
.5041
.5039
.5038
.5036
.5034
.5032
.5031
.5029
.5027
.5025
.5024
.5022
.502
.5018
.5016
.5014
.5012
.5011
.5009
.5007
.5005
.5003
.5001
.4999
.4997
.4995
.4993
.4991
.4989
.4987
.4985
.4983
.4981
.4979
.4977
.4975
.4973
.4971
.4969
.4966
.4964
.4962
.496
.4958
.4956
.4953
.4951
.4949
.4947
.4945
.4942
.494
.4938
.4936
.4933
.4931
.4929
.4926
.4924
.4922
.4919
.4917
.4915
.4912
.491
.4907
.4905
.4903
.49
.4898
.4895
.4893
.489
.4888
.4885
.4883
.488
.4878
.4875
.4873
.487
.4867
.4865
.4862
.486
.4857
.4854
.4852
.4849
.4846
.4844
.4841
.4838
.4836
.4833
.483
.4827
.4825
.4822
.4819
.4816
.4814
.4811
.4808
.4805
.4802
.4799
.4797
.4794
.4791
.4788
.4785
.4782
.4779
.4776
.4773
.477
.4767
.4764
.4761
.4758
.4755
.4752
.4749
.4746
.4743
.474
.4737
.4734
.4731
.4728
.4725
.4722
.4719
.4715
.4712
.4709
.4706
.4703
.47
.4696
.4693
.469
.4687
.4683
.468
.4677
.4674
.467
.4667
.4664
.4661
.4657
.4654
.4651
.4647
.4644
.464
.4637
.4634
.463
.4627
.4624
.462
.4617
.4613
.461
.4606
.4603
.4599
.4596
.4592
.4589
.4585
.4582
.4578
.4575
.4571
.4568
.4564
.4561
.4557
.4553
.455
.4546
.4543
.4539
.4535
.4532
.4528
.4524
.4521
.4517
.4513
.451
.4506
.4502
.4499
.4495
.4491
.4487
.4484
.448
.4476
.4472
.4469
.4465
.4461
.4457
.4453
.445
.4446
.4442
.4438
.4434
.443
.4427
.4423
.4419
.4415
.4411
.4407
.4403
.4399
.4395
.4391
.4388
.4384
.438
.4376
.4372
.4368
.4364
.436
.4356
.4352
.4348
.4344
.434
.4336
.4332
.4328
.4323
.4319
.4315
.4311
.4307
.4303
.4299
.4295
.4291
.4287
.4283
.4278
.4274
.427
.4266
.4262
.4258
.4254
.4249
.4245
.4241
.4237
.4233
.4228
.4224
.422
.4216
.4212
.4207
.4203
.4199
.4195
.419
.4186
.4182
.4177
.4173
.4169
.4165
.416
.4156
.4152
.4147
.4143
.4139
.4134
.413
.4126
.4121
.4117
.4113
.4108
.4104
.41
.4095
.4091
.4086
.4082
.4078
.4073
.4069
.4064
.406
.4055
.4051
.4047
.4042
.4038
.4033
.4029
.4024
.402
.4015
.4011
.4007
.4002
.3998
.3993
.3989
.3984
.398
.3975
.3971
.3966
.3962
.3957
.3953
.3948
.3943
.3939
.3934
.393
.3925
.3921
.3916
.3912
.3907
.3903
.3898
.3894
.3889
.3884
.388
.3875
.3871
.3866
.3862
.3857
.3852
.3848
.3843
.3839
.3834
.3829
.3825
.382
.3816
.3811
.3806
.3802
.3797
.3793
.3788
.3783
.3779
.3774
.377
.3765
.376
.3756
.3751
.3747
.3742
.3737
.3733
.3728
.3724
.3719
.3714
.371
.3705
.37
.3696
.3691
.3687
.3682
.3677
.3673
.3668
.3663
.3659
.3654
.365
.3645
.364
.3636
.3631
.3627
.3622
.3617
.3613
.3608
.3603
.3599
.3594
.359
.3585
.358
.3576
.3571
.3567
.3562
.3557
.3553
.3548
.3544
.3539
.3534
.353
.3525
.3521
.3516
.3512
.3507
.3502
.3498
.3493
.3489
.3484
.348
.3475
.347
.3466
.3461
.3457
.3452
.3448
.3443
.3439
.3434
.3429
.3425
.342
.3416
.3411
.3407
.3402
.3398
.3393
.3389
.3384
.338
.3375
.3371
.3366
.3362
.3357
.3353
.3348
.3344
.3339
.3335
.333
.3326
.3322
.3317
.3313
.3308
.3304
.3299
.3295
.329
.3286
.3282
.3277
.3273
.3268
.3264
.3259
.3255
.3251
.3246
.3242
.3237
.3233
.3229
.3224
.322
.3216
.3211
.3207
.3203
.3198
.3194
.319
.3185
.3181
.3177
.3172
.3168
.3164
.3159
.3155
.3151
.3146
.3142
.3138
.3134
.3129
.3125
.3121
.3116
.3112
.3108
.3104
.3099
.3095
.3091
.3087
.3083
.3078
.3074
.307
.3066
.3062
.3057
.3053
.3049
.3045
.3041
.3036
.3032
.3028
.3024
.302
.3016
.3012
.3007
.3003
.2999
.2995
.2991
.2987
.2983
.2979
.2974
.297
.2966
.2962
.2958
.2954
.295
.2946
.2942
.2938
.2934
.293
.2926
.2922
.2918
.2914
.291
.2906
.2902
.2898
.2894
.289
.2886
.2882
.2878
.2874
.287
.2866
.2862
.2858
.2854
.285
.2846
.2842
.2838
.2835
.2831
.2827
.2823
.2819
.2815
.2811
.2807
.2804
.28
.2796
.2792
.2788
.2784
.278
.2777
.2773
.2769
.2765
.2761
.2758
.2754
.275
.2746
.2742
.2739
.2735
.2731
.2727
.2724
.272
.2716
.2712
.2709
.2705
.2701
.2698
.2694
.269
.2687
.2683
.2679
.2676
.2672
.2668
.2665
.2661
.2657
.2654
.265
.2646
.2643
.2639
.2635
.2632
.2628
.2625
.2621
.2618
.2614
.261
.2607
.2603
.26
.2596
.2593
.2589
.2586
.2582
.2579
.2575
.2571
.2568
.2564
.2561
.2558
.2554
.2551
.2547
.2544
.254
.2537
.2533
.253
.2526
.2523
.252
.2516
.2513
.2509
.2506
.2503
.2499
.2496
.2492
.2489
.2486
.2482
.2479
.2476
.2472
.2469
.2466
.2462
.2459
.2456
.2452
.2449
.2446
.2442
.2439
.2436
.2433
.2429
.2426
.2423
.242
.2416
.2413
.241
.2407
.2403
.24
.2397
.2394
.2391
.2387
.2384
.2381
.2378
.2375
.2371
.2368
.2365
.2362
.2359
.2356
.2353
.2349
.2346
.2343
.234
.2337
.2334
.2331
.2328
.2325
.2322
.2319
.2315
.2312
.2309
.2306
.2303
.23
.2297
.2294
.2291
.2288
.2285
.2282
.2279
.2276
.2273
.227
.2267
.2264
.2261
.2258
.2255
.2252
.2249
.2246
.2243
.2241
.2238
.2235
.2232
.2229
.2226
.2223
.222
.2217
.2214
.2212
.2209
.2206
.2203
.22
.2197
.2194
.2192
.2189
.2186
.2183
.218
.2177
.2175
.2172
.2169
.2166
.2163
.2161
.2158
.2155
.2152
.215
.2147
.2144
.2141
.2139
.2136
.2133
.213
.2128
.2125
.2122
.2119
.2117
.2114
.2111
.2109
.2106
.2103
.2101
.2098
.2095
.2093
.209
.2087
.2085
.2082
.2079
.2077
.2074
.2072
.2069
.2066
.2064
.2061
.2059
.2056
.2053
.2051
.2048
.2046
.2043
.2041
.2038
.2035
.2033
.203
.2028
.2025
.2023
.202
.2018
.2015
.2013
.201
.2008
.2005
.2003
.2
.1998
.1995
.1993
.199
.1988
.1985
.1983
.198
.1978
.1976
.1973
.1971
.1968
.1966
.1963
.1961
.1959
.1956
.1954
.1951
.1949
.1947
.1944
.1942
.1939
.1937
.1935
.1932
.193
.1928
.1925
.1923
.1921
.1918
.1916
.1914
.1911
.1909
.1907
.1904
.1902
.19
.1897
.1895
.1893
.1891
.1888
.1886
.1884
.1881
.1879
.1877
.1875
.1872
.187
.1868
.1866
.1863
.1861
.1859
.1857
.1854
.1852
.185
.1848
.1846
.1843
.1841
.1839
.1837
.1835
.1832
.183
.1828
.1826
.1824
.1822
.1819
.1817
.1815
.1813
.1811
.1809
.1807
.1804
.1802
.18
.1798
.1796
.1794
.1792
.179
.1788
.1785
.1783
.1781
.1779
.1777
.1775
.1773
.1771
.1769
.1767
.1765
.1763
.1761
.1759
.1757
.1754
.1752
.175
.1748
.1746
.1744
.1742
.174
.1738
.1736
.1734
.1732
.173
.1728
.1726
.1724
.1722
.172
.1718
.1716
.1714
.1712
.171
.1709
.1707
.1705
.1703
.1701
.1699
.1697
.1695
.1693
.1691
.1689
.1687
.1685
.1683
.1681
.168
.1678
.1676
.1674
.1672
.167
.1668
.1666
.1664
.1663
.1661
.1659
.1657
.1655
.1653
.1651
.1649
.1648
.1646
.1644
.1642
.164
.1638
.1637
.1635
.1633
.1631
.1629
.1627
.1626
.1624
.1622
.162
.1618
.1617
.1615
.1613
.1611
.1609
.1608
.1606
.1604
.1602
.1601
.1599
.1597
.1595
.1594
.1592
.159
.1588
.1587
.1585
.1583
.1581
.158
.1578
.1576
.1574
.1573
.1571
.1569
.1568
.1566
.1564
.1562
.1561
.1559
.1557
.1556
.1554
.1552
.1551
.1549
.1547
.1546
.1544
.1542
.1541
.1539
.1537
.1536
.1534
.1532
.1531
.1529
.1527
.1526
.1524
.1522
.1521
.1519
.1518
.1516
.1514
.1513
.1511
.1509
.1508
.1506
.1505
.1503
.1501
.15
.1498
.1497
.1495
.1493
.1492
.149
.1489
.1487
.1486
.1484
.1482
.1481
.1479
.1478
.1476
.1475
.1473
.1472
.147
.1468
.1467
.1465
.1464
.1462
.1461
.1459
.1458
.1456
.1455
.1453
.1452
.145
.1449
.1447
.1446
.1444
.1443
.1441
.144
.1438
.1437
.1435
.1434
.1432
.1431
.1429
.1428
.1426
.1425
.1423
.1422
.142
.1419
.1417
.1416
.1415
.1413
.1412
.141
.1409
.1407
.1406
.1404
.1403
.1402
.14
.1399
.1397
.1396
.1394
.1393
.1392
.139
.1389
.1387
.1386
.1385
.1383
.1382
.138
.1379
.1378
.1376
.1375
.1373
.1372
.1371
.1369
.1368
.1367
.1365
.1364
.1362
.1361
.136
.1358
.1357
.1356
.1354
.1353
.1352
.135
.1349
.1348
.1346
.1345
.1344
.1342
.1341
.134
.1338
.1337
.1336
.1334
.1333
.1332
.133
.1329
.1328
.1326
.1325
.1324
.1322
.1321
.132
.1319
.1317
.1316
.1315
.1313
.1312
.1311
.131
.1308
.1307
.1306
.1304
.1303
.1302
.1301
.1299
.1298
.1297
.1296
.1294
.1293
.1292
.1291
.1289
.1288
.1287
.1286
.1284
.1283
.1282
.1281
.1279
.1278
.1277
.1276
.1274
.1273
.1272
.1271
.127
.1268
.1267
.1266
.1265
.1264
.1262
.1261
.126
.1259
.1258
.1256
.1255
.1254
.1253
.1252
.125
.1249
.1248
.1247
.1246
.1244
.1243
.1242
.1241
.124
.1239
.1237
.1236
.1235
.1234
.1233
.1232
.123
.1229
.1228
.1227
.1226
.1225
.1224
.1222
.1221
.122
.1219
.1218
.1217
.1216
.1214
.1213
.1212
.1211
.121
.1209
.1208
.1207
.1205
.1204
.1203
.1202
.1201
.12
.1199
.1198
.1197
.1195
.1194
.1193
.1192
.1191
.119
.1189
.1188
.1187
.1186
.1185
.1183
.1182
.1181
.118
.1179
.1178
.1177
.1176
.1175
.1174
.1173
.1172
.1171
.117
.1168
.1167
.1166
.1165
.1164
.1163
.1162
.1161
.116
.1159
.1158
.1157
.1156
.1155
.1154
.1153
.1152
.1151
.115
.1149
.1148
.1147
.1145
.1144
.1143
.1142
.1141
.114
.1139
.1138
.1137
.1136
.1135
.1134
.1133
.1132
.1131
.113
.1129
.1128
.1127
.1126
.1125
.1124
.1123
.1122
.1121
.112
.1119
.1118
.1117
.1116
.1115
.1114
.1113
.1112
.1111
.1111
.111
.1109
.1108
.1107
.1106
.1105
.1104
.1103
.1102
.1101
.11
.1099
.1098
.1097
.1096
.1095
.1094
.1093
.1092
.1091
.109
.1089
.1088
.1088
.1087
.1086
.1085
.1084
.1083
.1082
.1081
.108
.1079
.1078
.1077
.1076
.1075
.1075
.1074
.1073
.1072
.1071
.107
.1069
.1068
.1067
.1066
.1065
.1064
.1064
.1063
.1062
.1061
.106
.1059
.1058
.1057
.1056
.1055
.1055
.1054
.1053
.1052
.1051
.105
.1049
.1048
.1047
.1047
.1046
.1045
.1044
.1043
.1042
.1041
.104
.104
.1039
.1038
.1037
.1036
.1035
.1034
.1034
.1033
.1032
.1031
.103
.1029
.1028
.1028
.1027
.1026
.1025
.1024
.1023
.1022
.1022
.1021
.102
.1019
.1018
.1017
.1017
.1016
.1015
.1014
.1013
.1012
.1012
.1011
.101
.1009
.1008
.1007
.1007
.1006
.1005
.1004
.1003
.1002
.1002
.1001
.1
.0999
.0998
.0998
.0997
.0996
.0995
.0994
.0993
.0993
.0992
.0991
.099
.0989
.0989
.0988
.0987
.0986
.0985
.0985
.0984
.0983
.0982
.0982
.0981
.098
.0979
.0978
.0978
.0977
.0976
.0975
.0974
.0974
.0973
.0972
.0971
.0971
.097
.0969
.0968
.0967
.0967
.0966
.0965
.0964
.0964
.0963
.0962
.0961
.0961
.096
.0959
.0958
.0958
.0957
.0956
.0955
.0955
.0954
.0953
.0952
.0952
.0951
.095
.0949
.0949
.0948
.0947
.0946
.0946
.0945
.0944
.0943
.0943
.0942
.0941
.094
.094
.0939
.0938
.0937
.0937
.0936
.0935
.0935
.0934
.0933
.0932
.0932
.0931
.093
.093
.0929
.0928
.0927
.0927
.0926
.0925
.0925
.0924
.0923
.0922
.0922
.0921
.092
.092
.0919
.0918
.0917
.0917
.0916
.0915
.0915
.0914
.0913
.0913
.0912
.0911
.091
.091
.0909
.0908
.0908
.0907
.0906
.0906
.0905
.0904
.0904
.0903
.0902
.0902
.0901
.09
.0899
.0899
.0898
.0897
.0897
.0896
.0895
.0895
.0894
.0893
.0893
.0892
.0891
.0891
.089
.0889
.0889
.0888
.0887
.0887
.0886
.0885
.0885
.0884
.0883
.0883
.0882
.0881
.0881
.088
.0879
.0879
.0878
.0878
.0877
.0876
.0876
.0875
.0874
.0874
.0873
.0872
.0872
.0871
.087
.087
.0869
.0868
.0868
.0867
.0867
.0866
.0865
.0865
.0864
.0863
.0863
.0862
.0861
.0861
.086
.086
.0859
.0858
.0858
.0857
.0856
.0856
.0855
.0855
.0854
.0853
.0853
.0852
.0851
.0851
.085
.085
.0849
.0848
.0848
.0847
.0847
.0846
.0845
.0845
.0844
.0844
.0843
.0842
.0842
.0841
.084
.084
.0839
.0839
.0838
.0837
.0837
.0836
.0836
.0835
.0834
.0834
.0833
.0833
.0832
.0832
.0831
.083
.083
.0829
.0829
.0828
.0827
.0827
.0826
.0826
.0825
.0824
.0824
.0823
.0823
.0822
.0822
.0821
.082
.082
.0819
.0819
.0818
.0817
.0817
.0816
.0816
.0815
.0815
.0814
.0813
.0813
.0812
.0812
.0811
.0811
.081
.081
.0809
.0808
.0808
.0807
.0807
.0806
.0806
.0805
.0804
.0804
.0803
.0803
.0802
.0802
.0801
.0801
.08
.0799
.0799
.0798
.0798
.0797
.0797
.0796
.0796
.0795
.0794
.0794
.0793
.0793
.0792
.0792
.0791
.0791
.079
.079
.0789
.0788
.0788
.0787
.0787
.0786
.0786
.0785
.0785
.0784
.0784
.0783
.0783
.0782
.0782
.0781
.078
.078
.0779
.0779
.0778
.0778
.0777
.0777
.0776
.0776
.0775
.0775
.0774
.0774
.0773
.0773
.0772
.0772
.0771
.077
.077
.0769
.0769
.0768
.0768
.0767
.0767
.0766
.0766
.0765
.0765
.0764
.0764
.0763
.0763
.0762
.0762
.0761
.0761
.076
.076
.0759
.0759
.0758
.0758
.0757
.0757
.0756
.0756
.0755
.0755
.0754
.0754
.0753
.0753
.0752
.0752
.0751
.0751
.075
.075
.0749
.0749
.0748
.0748
.0747
.0747
.0746
.0746
.0745
.0745
.0744
.0744
.0743
.0743
.0742
.0742
.0741
.0741
.074
.074
.0739
.0739
.0738
.0738
.0738
.0737
.0737
.0736
.0736
.0735
.0735
.0734
.0734
.0733
.0733
.0732
.0732
.0731
.0731
.073
.073
.0729
.0729
.0728
.0728
.0728
.0727
.0727
.0726
.0726
.0725
.0725
.0724
.0724
.0723
.0723
.0722
.0722
.0721
.0721
.0721
.072
.072
.0719
.0719
.0718
.0718
.0717
.0717
.0716
.0716
.0716
.0715
.0715
.0714
.0714
.0713
.0713
.0712
.0712
.0711
.0711
.0711
.071
.071
.0709
.0709
.0708
.0708
.0707
.0707
.0706
.0706
.0706
.0705
.0705
.0704
.0704
.0703
.0703
.0702
.0702
.0702
.0701
.0701
.07
.07
.0699
.0699
.0699
.0698
.0698
.0697
.0697
.0696
.0696
.0695
.0695
.0695
.0694
.0694
.0693
.0693
.0692
.0692
.0692
.0691
.0691
.069
.069
.0689
.0689
.0689
.0688
.0688
.0687
.0687
.0686
.0686
.0686
.0685
.0685
.0684
.0684
.0684
.0683
.0683
.0682
.0682
.0681
.0681
.0681
.068
.068
.0679
.0679
.0679
.0678
.0678
.0677
.0677
.0676
.0676
.0676
.0675
.0675
.0674
.0674
.0674
.0673
.0673
.0672
.0672
.0672
.0671
.0671
.067
.067
.067
.0669
.0669
.0668
.0668
.0667
.0667
.0667
.0666
.0666
.0665
.0665
.0665
.0664
.0664
.0663
.0663
.0663
.0662
.0662
.0661
.0661
.0661
.066
.066
.066
.0659
.0659
.0658
.0658
.0658
.0657
.0657
.0656
.0656
.0656
.0655
.0655
.0654
.0654
.0654
.0653
.0653
.0652
.0652
.0652
.0651
.0651
.0651
.065
.065
.0649
.0649
.0649
.0648
.0648
.0647
.0647
.0647
.0646
.0646
.0646
.0645
.0645
.0644
.0644
.0644
.0643
.0643
.0643
.0642
.0642
.0641
.0641
.0641
.064
.064
.064
.0639
.0639
.0638
.0638
.0638
.0637
.0637
.0637
.0636
.0636
.0635
.0635
.0635
.0634
.0634
.0634
.0633
.0633
.0633
.0632
.0632
.0631
.0631
.0631
.063
.063
.063
.0629
.0629
.0628
.0628
.0628
.0627
.0627
.0627
.0626
.0626
.0626
.0625
.0625
.0625
.0624
.0624
.0623
.0623
.0623
.0622
.0622
.0622
.0621
.0621
.0621
.062
.062
.062
.0619
.0619
.0618
.0618
.0618
.0617
.0617
.0617
.0616
.0616
.0616
.0615
.0615
.0615
.0614
.0614
.0614
.0613
.0613
.0613
.0612
.0612
.0612
.0611
.0611
.061
.061
.061
.0609
.0609
.0609
.0608
.0608
.0608
.0607
.0607
.0607
.0606
.0606
.0606
.0605
.0605
.0605
.0604
.0604
.0604
.0603
.0603
.0603
.0602
.0602
.0602
.0601
.0601
.0601
.06
.06
.06
.0599
.0599
.0599
.0598
.0598
.0598
.0597
.0597
.0597
.0596
.0596
.0596
.0595
.0595
.0595
.0594
.0594
.0594
.0593
.0593
.0593
.0592
.0592
.0592
.0591
.0591
.0591
.059
.059
.059
.0589
.0589
.0589
.0589
.0588
.0588
.0588
.0587
.0587
.0587
.0586
.0586
.0586
.0585
.0585
.0585
.0584
.0584
.0584
.0583
.0583
.0583
.0582
.0582
.0582
.0581
.0581
.0581
.0581
.058
.058
.058
.0579
.0579
.0579
.0578
.0578
.0578
.0577
.0577
.0577
.0576
.0576
.0576
.0576
.0575
.0575
.0575
.0574
.0574
.0574
.0573
.0573
.0573
.0572
.0572
.0572
.0572
.0571
.0571
.0571
.057
.057
.057
.0569
.0569
.0569
.0568
.0568
.0568
.0568
.0567
.0567
.0567
.0566
.0566
.0566
.0565
.0565
.0565
.0565
.0564
.0564
.0564
.0563
.0563
.0563
.0562
.0562
.0562
.0562
.0561
.0561
.0561
.056
.056
.056
.056
.0559
.0559
.0559
.0558
.0558
.0558
.0557
.0557
.0557
.0557
.0556
.0556
.0556
.0555
.0555
.0555
.0555
.0554
.0554
.0554
.0553
.0553
.0553
.0553
.0552
.0552
.0552
.0551
.0551
.0551
.0551
.055
.055
.055
.0549
.0549
.0549
.0549
.0548
.0548
.0548
.0547
.0547
.0547
.0547
.0546
.0546
.0546
.0545
.0545
.0545
.0545
.0544
.0544
.0544
.0543
.0543
.0543
.0543
.0542
.0542
.0542
.0542
.0541
.0541
.0541
.054
.054
.054
.054
.0539
.0539
.0539
.0538
.0538
.0538
.0538
.0537
.0537
.0537
.0537
.0536
.0536
.0536
.0535
.0535
.0535
.0535
.0534
.0534
.0534
.0534
.0533
.0533
.0533
.0532
.0532
.0532
.0532
.0531
.0531
.0531
.0531
.053
.053
.053
.053
.0529
.0529
.0529
.0528
.0528
.0528
.0528
.0527
.0527
.0527
.0527
.0526
.0526
.0526
.0526
.0525
.0525
.0525
.0524
.0524
.0524
.0524
.0523
.0523
.0523
.0523
.0522
.0522
.0522
.0522
.0521
.0521
.0521
.0521
.052
.052
.052
.052
.0519
.0519
.0519
.0519
.0518
.0518
.0518
.0517
.0517
.0517
.0517
.0516
.0516
.0516
.0516
.0515
.0515
.0515
.0515
.0514
.0514
.0514
.0514
.0513
.0513
.0513
.0513
.0512
.0512
.0512
.0512
.0511
.0511
.0511
.0511
.051
.051
.051
.051
.0509
.0509
.0509
.0509
.0508
.0508
.0508
.0508
.0507
.0507
.0507
.0507
.0506
.0506
.0506
.0506
.0505
.0505
.0505
.0505
.0504
.0504
.0504
.0504
.0503
.0503
.0503
.0503
.0503
.0502
.0502
.0502
.0502
.0501
.0501
.0501
.0501
.05
.05
.05
