.5703
.5687
.5672
.5656
.5641
.5626
.5612
.5598
.5584
.557
.5556
.5543
.5531
.5518
.5506
.5494
.5482
.5471
.546
.5449
.5439
.5429
.5419
.5409
.54
.5391
.5383
.5375
.5367
.5359
.5352
.5345
.5338
.5331
.5325
.5319
.5313
.5307
.5302
.5297
.5292
.5287
.5283
.5278
.5274
.527
.5267
.5263
.526
.5256
.5253
.525
.5247
.5245
.5242
.5239
.5237
.5235
.5233
.523
.5228
.5227
.5225
.5223
.5221
.522
.5218
.5216
.5215
.5213
.5212
.5211
.5209
.5208
.5207
.5206
.5205
.5203
.5202
.5201
.52
.5199
.5198
.5197
.5196
.5195
.5194
.5193
.5192
.5191
.519
.5189
.5188
.5188
.5187
.5186
.5185
.5184
.5183
.5182
.5181
.518
.518
.5179
.5178
.5177
.5176
.5175
.5174
.5173
.5172
.5172
.5171
.517
.5169
.5168
.5167
.5166
.5165
.5164
.5163
.5162
.5161
.516
.5159
.5159
.5158
.5157
.5156
.5155
.5154
.5153
.5152
.5151
.515
.5149
.5148
.5147
.5146
.5145
.5144
.5142
.5141
.514
.5139
.5138
.5137
.5136
.5135
.5134
.5133
.5132
.5131
.5129
.5128
.5127
.5126
.5125
.5124
.5123
.5121
.512
.5119
.5118
.5117
.5115
.5114
.5113
.5112
.511
.5109
.5108
.5107
.5105
.5104
.5103
.5102
.51
.5099
.5098
.5096
.5095
.5094
.5092
.5091
.509
.5088
.5087
.5085
.5084
.5083
.5081
.508
.5078
.5077
.5075
.5074
.5072
.5071
.507
.5068
.5067
.5065
.5063
.5062
.506
.5059
.5057
.5056
.5054
.5053
.5051
.5049
.5048
.5046
.5045
.5043
.5041
.504
.5038
.5036
.5035
.5033
.5031
.5029
.5028
.5026
.5024
.5022
.5021
.5019
.5017
.5015
.5013
.5012
.501
.5008
.5006
.5004
.5002
.5001
.4999
.4997
.4995
.4993
.4991
.4989
.4987
.4985
.4983
.4981
.4979
.4977
.4975
.4973
.4971
.4969
.4967
.4965
.4963
.4961
.4959
.4956
.4954
.4952
.495
.4948
.4946
.4943
.4941
.4939
.4937
.4935
.4932
.493
.4928
.4926
.4923
.4921
.4919
.4916
.4914
.4912
.4909
.4907
.4905
.4902
.49
.4897
.4895
.4892
.489
.4888
.4885
.4883
.488
.4878
.4875
.4872
.487
.4867
.4865
.4862
.486
.4857
.4854
.4852
.4849
.4847
.4844
.4841
.4838
.4836
.4833
.483
.4828
.4825
.4822
.4819
.4817
.4814
.4811
.4808
.4805
.4803
.48
.4797
.4794
.4791
.4788
.4785
.4782
.4779
.4776
.4774
.4771
.4768
.4765
.4762
.4759
.4756
.4753
.4749
.4746
.4743
.474
.4737
.4734
.4731
.4728
.4725
.4722
.4718
.4715
.4712
.4709
.4706
.4703
.4699
.4696
.4693
.469
.4686
.4683
.468
.4676
.4673
.467
.4666
.4663
.466
.4656
.4653
.465
.4646
.4643
.4639
.4636
.4633
.4629
.4626
.4622
.4619
.4615
.4612
.4608
.4605
.4601
.4598
.4594
.4591
.4587
.4583
.458
.4576
.4573
.4569
.4565
.4562
.4558
.4555
.4551
.4547
.4544
.454
.4536
.4532
.4529
.4525
.4521
.4517
.4514
.451
.4506
.4502
.4499
.4495
.4491
.4487
.4483
.448
.4476
.4472
.4468
.4464
.446
.4456
.4452
.4449
.4445
.4441
.4437
.4433
.4429
.4425
.4421
.4417
.4413
.4409
.4405
.4401
.4397
.4393
.4389
.4385
.4381
.4377
.4373
.4369
.4365
.4361
.4357
.4353
.4349
.4344
.434
.4336
.4332
.4328
.4324
.432
.4316
.4311
.4307
.4303
.4299
.4295
.4291
.4286
.4282
.4278
.4274
.427
.4265
.4261
.4257
.4253
.4248
.4244
.424
.4236
.4231
.4227
.4223
.4218
.4214
.421
.4206
.4201
.4197
.4193
.4188
.4184
.418
.4175
.4171
.4167
.4162
.4158
.4154
.4149
.4145
.414
.4136
.4132
.4127
.4123
.4118
.4114
.411
.4105
.4101
.4096
.4092
.4088
.4083
.4079
.4074
.407
.4065
.4061
.4056
.4052
.4047
.4043
.4039
.4034
.403
.4025
.4021
.4016
.4012
.4007
.4003
.3998
.3994
.3989
.3985
.398
.3976
.3971
.3967
.3962
.3958
.3953
.3949
.3944
.3939
.3935
.393
.3926
.3921
.3917
.3912
.3908
.3903
.3899
.3894
.3889
.3885
.388
.3876
.3871
.3867
.3862
.3858
.3853
.3848
.3844
.3839
.3835
.383
.3826
.3821
.3816
.3812
.3807
.3803
.3798
.3793
.3789
.3784
.378
.3775
.3771
.3766
.3761
.3757
.3752
.3748
.3743
.3738
.3734
.3729
.3725
.372
.3716
.3711
.3706
.3702
.3697
.3693
.3688
.3684
.3679
.3674
.367
.3665
.3661
.3656
.3651
.3647
.3642
.3638
.3633
.3629
.3624
.3619
.3615
.361
.3606
.3601
.3597
.3592
.3588
.3583
.3578
.3574
.3569
.3565
.356
.3556
.3551
.3547
.3542
.3538
.3533
.3528
.3524
.3519
.3515
.351
.3506
.3501
.3497
.3492
.3488
.3483
.3479
.3474
.347
.3465
.3461
.3456
.3452
.3447
.3443
.3438
.3434
.3429
.3425
.342
.3416
.3411
.3407
.3402
.3398
.3394
.3389
.3385
.338
.3376
.3371
.3367
.3362
.3358
.3354
.3349
.3345
.334
.3336
.3332
.3327
.3323
.3318
.3314
.331
.3305
.3301
.3296
.3292
.3288
.3283
.3279
.3275
.327
.3266
.3261
.3257
.3253
.3248
.3244
.324
.3235
.3231
.3227
.3222
.3218
.3214
.321
.3205
.3201
.3197
.3192
.3188
.3184
.318
.3175
.3171
.3167
.3163
.3158
.3154
.315
.3146
.3141
.3137
.3133
.3129
.3125
.312
.3116
.3112
.3108
.3104
.3099
.3095
.3091
.3087
.3083
.3078
.3074
.307
.3066
.3062
.3058
.3054
.305
.3045
.3041
.3037
.3033
.3029
.3025
.3021
.3017
.3013
.3009
.3004
.3
.2996
.2992
.2988
.2984
.298
.2976
.2972
.2968
.2964
.296
.2956
.2952
.2948
.2944
.294
.2936
.2932
.2928
.2924
.292
.2916
.2912
.2908
.2904
.29
.2896
.2893
.2889
.2885
.2881
.2877
.2873
.2869
.2865
.2861
.2857
.2854
.285
.2846
.2842
.2838
.2834
.283
.2827
.2823
.2819
.2815
.2811
.2807
.2804
.28
.2796
.2792
.2789
.2785
.2781
.2777
.2773
.277
.2766
.2762
.2758
.2755
.2751
.2747
.2744
.274
.2736
.2732
.2729
.2725
.2721
.2718
.2714
.271
.2707
.2703
.2699
.2696
.2692
.2688
.2685
.2681
.2678
.2674
.267
.2667
.2663
.266
.2656
.2652
.2649
.2645
.2642
.2638
.2635
.2631
.2628
.2624
.2621
.2617
.2614
.261
.2606
.2603
.2599
.2596
.2593
.2589
.2586
.2582
.2579
.2575
.2572
.2568
.2565
.2561
.2558
.2555
.2551
.2548
.2544
.2541
.2538
.2534
.2531
.2527
.2524
.2521
.2517
.2514
.2511
.2507
.2504
.2501
.2497
.2494
.2491
.2487
.2484
.2481
.2478
.2474
.2471
.2468
.2464
.2461
.2458
.2455
.2451
.2448
.2445
.2442
.2438
.2435
.2432
.2429
.2426
.2422
.2419
.2416
.2413
.241
.2407
.2403
.24
.2397
.2394
.2391
.2388
.2385
.2381
.2378
.2375
.2372
.2369
.2366
.2363
.236
.2357
.2354
.2351
.2347
.2344
.2341
.2338
.2335
.2332
.2329
.2326
.2323
.232
.2317
.2314
.2311
.2308
.2305
.2302
.2299
.2296
.2293
.229
.2287
.2284
.2282
.2279
.2276
.2273
.227
.2267
.2264
.2261
.2258
.2255
.2252
.2249
.2247
.2244
.2241
.2238
.2235
.2232
.2229
.2227
.2224
.2221
.2218
.2215
.2213
.221
.2207
.2204
.2201
.2199
.2196
.2193
.219
.2187
.2185
.2182
.2179
.2176
.2174
.2171
.2168
.2165
.2163
.216
.2157
.2155
.2152
.2149
.2147
.2144
.2141
.2138
.2136
.2133
.2131
.2128
.2125
.2123
.212
.2117
.2115
.2112
.2109
.2107
.2104
.2102
.2099
.2096
.2094
.2091
.2089
.2086
.2083
.2081
.2078
.2076
.2073
.2071
.2068
.2066
.2063
.2061
.2058
.2056
.2053
.2051
.2048
.2046
.2043
.2041
.2038
.2036
.2033
.2031
.2028
.2026
.2023
.2021
.2018
.2016
.2013
.2011
.2009
.2006
.2004
.2001
.1999
.1997
.1994
.1992
.1989
.1987
.1985
.1982
.198
.1977
.1975
.1973
.197
.1968
.1966
.1963
.1961
.1959
.1956
.1954
.1952
.1949
.1947
.1945
.1942
.194
.1938
.1936
.1933
.1931
.1929
.1926
.1924
.1922
.192
.1917
.1915
.1913
.1911
.1908
.1906
.1904
.1902
.19
.1897
.1895
.1893
.1891
.1889
.1886
.1884
.1882
.188
.1878
.1875
.1873
.1871
.1869
.1867
.1865
.1862
.186
.1858
.1856
.1854
.1852
.185
.1848
.1845
.1843
.1841
.1839
.1837
.1835
.1833
.1831
.1829
.1827
.1824
.1822
.182
.1818
.1816
.1814
.1812
.181
.1808
.1806
.1804
.1802
.18
.1798
.1796
.1794
.1792
.179
.1788
.1786
.1784
.1782
.178
.1778
.1776
.1774
.1772
.177
.1768
.1766
.1764
.1762
.176
.1758
.1756
.1754
.1752
.175
.1748
.1746
.1744
.1742
.1741
.1739
.1737
.1735
.1733
.1731
.1729
.1727
.1725
.1723
.1722
.172
.1718
.1716
.1714
.1712
.171
.1708
.1707
.1705
.1703
.1701
.1699
.1697
.1695
.1694
.1692
.169
.1688
.1686
.1685
.1683
.1681
.1679
.1677
.1675
.1674
.1672
.167
.1668
.1667
.1665
.1663
.1661
.1659
.1658
.1656
.1654
.1652
.1651
.1649
.1647
.1645
.1644
.1642
.164
.1638
.1637
.1635
.1633
.1631
.163
.1628
.1626
.1625
.1623
.1621
.1619
.1618
.1616
.1614
.1613
.1611
.1609
.1608
.1606
.1604
.1603
.1601
.1599
.1598
.1596
.1594
.1593
.1591
.1589
.1588
.1586
.1584
.1583
.1581
.158
.1578
.1576
.1575
.1573
.1571
.157
.1568
.1567
.1565
.1563
.1562
.156
.1559
.1557
.1555
.1554
.1552
.1551
.1549
.1548
.1546
.1544
.1543
.1541
.154
.1538
.1537
.1535
.1533
.1532
.153
.1529
.1527
.1526
.1524
.1523
.1521
.152
.1518
.1517
.1515
.1514
.1512
.1511
.1509
.1508
.1506
.1505
.1503
.1502
.15
.1499
.1497
.1496
.1494
.1493
.1491
.149
.1488
.1487
.1485
.1484
.1482
.1481
.1479
.1478
.1477
.1475
.1474
.1472
.1471
.1469
.1468
.1466
.1465
.1464
.1462
.1461
.1459
.1458
.1456
.1455
.1454
.1452
.1451
.1449
.1448
.1447
.1445
.1444
.1442
.1441
.144
.1438
.1437
.1435
.1434
.1433
.1431
.143
.1429
.1427
.1426
.1425
.1423
.1422
.142
.1419
.1418
.1416
.1415
.1414
.1412
.1411
.141
.1408
.1407
.1406
.1404
.1403
.1402
.14
.1399
.1398
.1396
.1395
.1394
.1392
.1391
.139
.1389
.1387
.1386
.1385
.1383
.1382
.1381
.1379
.1378
.1377
.1376
.1374
.1373
.1372
.1371
.1369
.1368
.1367
.1365
.1364
.1363
.1362
.136
.1359
.1358
.1357
.1355
.1354
.1353
.1352
.135
.1349
.1348
.1347
.1345
.1344
.1343
.1342
.1341
.1339
.1338
.1337
.1336
.1334
.1333
.1332
.1331
.133
.1328
.1327
.1326
.1325
.1324
.1322
.1321
.132
.1319
.1318
.1316
.1315
.1314
.1313
.1312
.131
.1309
.1308
.1307
.1306
.1305
.1303
.1302
.1301
.13
.1299
.1298
.1296
.1295
.1294
.1293
.1292
.1291
.129
.1288
.1287
.1286
.1285
.1284
.1283
.1282
.128
.1279
.1278
.1277
.1276
.1275
.1274
.1273
.1271
.127
.1269
.1268
.1267
.1266
.1265
.1264
.1263
.1262
.126
.1259
.1258
.1257
.1256
.1255
.1254
.1253
.1252
.1251
.1249
.1248
.1247
.1246
.1245
.1244
.1243
.1242
.1241
.124
.1239
.1238
.1237
.1236
.1234
.1233
.1232
.1231
.123
.1229
.1228
.1227
.1226
.1225
.1224
.1223
.1222
.1221
.122
.1219
.1218
.1217
.1216
.1215
.1214
.1213
.1212
.1211
.121
.1208
.1207
.1206
.1205
.1204
.1203
.1202
.1201
.12
.1199
.1198
.1197
.1196
.1195
.1194
.1193
.1192
.1191
.119
.1189
.1188
.1187
.1186
.1185
.1184
.1183
.1182
.1181
.1181
.118
.1179
.1178
.1177
.1176
.1175
.1174
.1173
.1172
.1171
.117
.1169
.1168
.1167
.1166
.1165
.1164
.1163
.1162
.1161
.116
.1159
.1158
.1157
.1156
.1156
.1155
.1154
.1153
.1152
.1151
.115
.1149
.1148
.1147
.1146
.1145
.1144
.1143
.1142
.1142
.1141
.114
.1139
.1138
.1137
.1136
.1135
.1134
.1133
.1132
.1131
.1131
.113
.1129
.1128
.1127
.1126
.1125
.1124
.1123
.1122
.1122
.1121
.112
.1119
.1118
.1117
.1116
.1115
.1114
.1114
.1113
.1112
.1111
.111
.1109
.1108
.1107
.1107
.1106
.1105
.1104
.1103
.1102
.1101
.11
.11
.1099
.1098
.1097
.1096
.1095
.1094
.1094
.1093
.1092
.1091
.109
.1089
.1089
.1088
.1087
.1086
.1085
.1084
.1083
.1083
.1082
.1081
.108
.1079
.1078
.1078
.1077
.1076
.1075
.1074
.1073
.1073
.1072
.1071
.107
.1069
.1069
.1068
.1067
.1066
.1065
.1064
.1064
.1063
.1062
.1061
.106
.106
.1059
.1058
.1057
.1056
.1056
.1055
.1054
.1053
.1052
.1052
.1051
.105
.1049
.1048
.1048
.1047
.1046
.1045
.1044
.1044
.1043
.1042
.1041
.1041
.104
.1039
.1038
.1037
.1037
.1036
.1035
.1034
.1034
.1033
.1032
.1031
.103
.103
.1029
.1028
.1027
.1027
.1026
.1025
.1024
.1024
.1023
.1022
.1021
.1021
.102
.1019
.1018
.1018
.1017
.1016
.1015
.1015
.1014
.1013
.1012
.1012
.1011
.101
.1009
.1009
.1008
.1007
.1006
.1006
.1005
.1004
.1003
.1003
.1002
.1001
.1001
.1
.0999
.0998
.0998
.0997
.0996
.0995
.0995
.0994
.0993
.0993
.0992
.0991
.099
.099
.0989
.0988
.0988
.0987
.0986
.0985
.0985
.0984
.0983
.0983
.0982
.0981
.0981
.098
.0979
.0978
.0978
.0977
.0976
.0976
.0975
.0974
.0974
.0973
.0972
.0971
.0971
.097
.0969
.0969
.0968
.0967
.0967
.0966
.0965
.0965
.0964
.0963
.0963
.0962
.0961
.0961
.096
.0959
.0959
.0958
.0957
.0957
.0956
.0955
.0955
.0954
.0953
.0953
.0952
.0951
.0951
.095
.0949
.0949
.0948
.0947
.0947
.0946
.0945
.0945
.0944
.0943
.0943
.0942
.0941
.0941
.094
.0939
.0939
.0938
.0937
.0937
.0936
.0935
.0935
.0934
.0934
.0933
.0932
.0932
.0931
.093
.093
.0929
.0928
.0928
.0927
.0927
.0926
.0925
.0925
.0924
.0923
.0923
.0922
.0921
.0921
.092
.092
.0919
.0918
.0918
.0917
.0916
.0916
.0915
.0915
.0914
.0913
.0913
.0912
.0912
.0911
.091
.091
.0909
.0908
.0908
.0907
.0907
.0906
.0905
.0905
.0904
.0904
.0903
.0902
.0902
.0901
.0901
.09
.0899
.0899
.0898
.0898
.0897
.0896
.0896
.0895
.0895
.0894
.0893
.0893
.0892
.0892
.0891
.089
.089
.0889
.0889
.0888
.0888
.0887
.0886
.0886
.0885
.0885
.0884
.0883
.0883
.0882
.0882
.0881
.0881
.088
.0879
.0879
.0878
.0878
.0877
.0877
.0876
.0875
.0875
.0874
.0874
.0873
.0873
.0872
.0871
.0871
.087
.087
.0869
.0869
.0868
.0867
.0867
.0866
.0866
.0865
.0865
.0864
.0864
.0863
.0862
.0862
.0861
.0861
.086
.086
.0859
.0859
.0858
.0857
.0857
.0856
.0856
.0855
.0855
.0854
.0854
.0853
.0853
.0852
.0851
.0851
.085
.085
.0849
.0849
.0848
.0848
.0847
.0847
.0846
.0845
.0845
.0844
.0844
.0843
.0843
.0842
.0842
.0841
.0841
.084
.084
.0839
.0839
.0838
.0838
.0837
.0836
.0836
.0835
.0835
.0834
.0834
.0833
.0833
.0832
.0832
.0831
.0831
.083
.083
.0829
.0829
.0828
.0828
.0827
.0827
.0826
.0826
.0825
.0825
.0824
.0823
.0823
.0822
.0822
.0821
.0821
.082
.082
.0819
.0819
.0818
.0818
.0817
.0817
.0816
.0816
.0815
.0815
.0814
.0814
.0813
.0813
.0812
.0812
.0811
.0811
.081
.081
.0809
.0809
.0808
.0808
.0807
.0807
.0806
.0806
.0805
.0805
.0804
.0804
.0804
.0803
.0803
.0802
.0802
.0801
.0801
.08
.08
.0799
.0799
.0798
.0798
.0797
.0797
.0796
.0796
.0795
.0795
.0794
.0794
.0793
.0793
.0792
.0792
.0791
.0791
.0791
.079
.079
.0789
.0789
.0788
.0788
.0787
.0787
.0786
.0786
.0785
.0785
.0784
.0784
.0783
.0783
.0783
.0782
.0782
.0781
.0781
.078
.078
.0779
.0779
.0778
.0778
.0777
.0777
.0777
.0776
.0776
.0775
.0775
.0774
.0774
.0773
.0773
.0772
.0772
.0771
.0771
.0771
.077
.077
.0769
.0769
.0768
.0768
.0767
.0767
.0767
.0766
.0766
.0765
.0765
.0764
.0764
.0763
.0763
.0763
.0762
.0762
.0761
.0761
.076
.076
.0759
.0759
.0759
.0758
.0758
.0757
.0757
.0756
.0756
.0755
.0755
.0755
.0754
.0754
.0753
.0753
.0752
.0752
.0752
.0751
.0751
.075
.075
.0749
.0749
.0749
.0748
.0748
.0747
.0747
.0746
.0746
.0746
.0745
.0745
.0744
.0744
.0743
.0743
.0743
.0742
.0742
.0741
.0741
.074
.074
.074
.0739
.0739
.0738
.0738
.0738
.0737
.0737
.0736
.0736
.0735
.0735
.0735
.0734
.0734
.0733
.0733
.0733
.0732
.0732
.0731
.0731
.073
.073
.073
.0729
.0729
.0728
.0728
.0728
.0727
.0727
.0726
.0726
.0726
.0725
.0725
.0724
.0724
.0724
.0723
.0723
.0722
.0722
.0722
.0721
.0721
.072
.072
.072
.0719
.0719
.0718
.0718
.0718
.0717
.0717
.0716
.0716
.0716
.0715
.0715
.0714
.0714
.0714
.0713
.0713
.0712
.0712
.0712
.0711
.0711
.071
.071
.071
.0709
.0709
.0709
.0708
.0708
.0707
.0707
.0707
.0706
.0706
.0705
.0705
.0705
.0704
.0704
.0704
.0703
.0703
.0702
.0702
.0702
.0701
.0701
.07
.07
.07
.0699
.0699
.0699
.0698
.0698
.0697
.0697
.0697
.0696
.0696
.0696
.0695
.0695
.0694
.0694
.0694
.0693
.0693
.0693
.0692
.0692
.0691
.0691
.0691
.069
.069
.069
.0689
.0689
.0689
.0688
.0688
.0687
.0687
.0687
.0686
.0686
.0686
.0685
.0685
.0684
.0684
.0684
.0683
.0683
.0683
.0682
.0682
.0682
.0681
.0681
.0681
.068
.068
.0679
.0679
.0679
.0678
.0678
.0678
.0677
.0677
.0677
.0676
.0676
.0675
.0675
.0675
.0674
.0674
.0674
.0673
.0673
.0673
.0672
.0672
.0672
.0671
.0671
.0671
.067
.067
.067
.0669
.0669
.0668
.0668
.0668
.0667
.0667
.0667
.0666
.0666
.0666
.0665
.0665
.0665
.0664
.0664
.0664
.0663
.0663
.0663
.0662
.0662
.0662
.0661
.0661
.0661
.066
.066
.066
.0659
.0659
.0658
.0658
.0658
.0657
.0657
.0657
.0656
.0656
.0656
.0655
.0655
.0655
.0654
.0654
.0654
.0653
.0653
.0653
.0652
.0652
.0652
.0651
.0651
.0651
.065
.065
.065
.0649
.0649
.0649
.0648
.0648
.0648
.0647
.0647
.0647
.0646
.0646
.0646
.0646
.0645
.0645
.0645
.0644
.0644
.0644
.0643
.0643
.0643
.0642
.0642
.0642
.0641
.0641
.0641
.064
.064
.064
.0639
.0639
.0639
.0638
.0638
.0638
.0637
.0637
.0637
.0636
.0636
.0636
.0636
.0635
.0635
.0635
.0634
.0634
.0634
.0633
.0633
.0633
.0632
.0632
.0632
.0631
.0631
.0631
.063
.063
.063
.063
.0629
.0629
.0629
.0628
.0628
.0628
.0627
.0627
.0627
.0626
.0626
.0626
.0626
.0625
.0625
.0625
.0624
.0624
.0624
.0623
.0623
.0623
.0622
.0622
.0622
.0622
.0621
.0621
.0621
.062
.062
.062
.0619
.0619
.0619
.0618
.0618
.0618
.0618
.0617
.0617
.0617
.0616
.0616
.0616
.0615
.0615
.0615
.0615
.0614
.0614
.0614
.0613
.0613
.0613
.0613
.0612
.0612
.0612
.0611
.0611
.0611
.061
.061
.061
.061
.0609
.0609
.0609
.0608
.0608
.0608
.0608
.0607
.0607
.0607
.0606
.0606
.0606
.0605
.0605
.0605
.0605
.0604
.0604
.0604
.0603
.0603
.0603
.0603
.0602
.0602
.0602
.0601
.0601
.0601
.0601
.06
.06
.06
.0599
.0599
.0599
.0599
.0598
.0598
.0598
.0597
.0597
.0597
.0597
.0596
.0596
.0596
.0595
.0595
.0595
.0595
.0594
.0594
.0594
.0593
.0593
.0593
.0593
.0592
.0592
.0592
.0592
.0591
.0591
.0591
.059
.059
.059
.059
.0589
.0589
.0589
.0588
.0588
.0588
.0588
.0587
.0587
.0587
.0587
.0586
.0586
.0586
.0585
.0585
.0585
.0585
.0584
.0584
.0584
.0584
.0583
.0583
.0583
.0582
.0582
.0582
.0582
.0581
.0581
.0581
.0581
.058
.058
.058
.058
.0579
.0579
.0579
.0578
.0578
.0578
.0578
.0577
.0577
.0577
.0577
.0576
.0576
.0576
.0576
.0575
.0575
.0575
.0574
.0574
.0574
.0574
.0573
.0573
.0573
.0573
.0572
.0572
.0572
.0572
.0571
.0571
.0571
.0571
.057
.057
.057
.057
.0569
.0569
.0569
.0568
.0568
.0568
.0568
.0567
.0567
.0567
.0567
.0566
.0566
.0566
.0566
.0565
.0565
.0565
.0565
.0564
.0564
.0564
.0564
.0563
.0563
.0563
.0563
.0562
.0562
.0562
.0562
.0561
.0561
.0561
.0561
.056
.056
.056
.056
.0559
.0559
.0559
.0559
.0558
.0558
.0558
.0558
.0557
.0557
.0557
.0557
.0556
.0556
.0556
.0556
.0555
.0555
.0555
.0555
.0554
.0554
.0554
.0554
.0553
.0553
.0553
.0553
.0552
.0552
.0552
.0552
.0551
.0551
.0551
.0551
.055
.055
.055
.055
.0549
.0549
.0549
.0549
.0548
.0548
.0548
.0548
.0548
.0547
.0547
.0547
.0547
.0546
.0546
.0546
.0546
.0545
.0545
.0545
.0545
.0544
.0544
.0544
.0544
.0543
.0543
.0543
.0543
.0543
.0542
.0542
.0542
.0542
.0541
.0541
.0541
.0541
.054
.054
.054
.054
.0539
.0539
.0539
.0539
.0539
.0538
.0538
.0538
.0538
.0537
.0537
.0537
.0537
.0536
.0536
.0536
.0536
.0535
.0535
.0535
.0535
.0535
.0534
.0534
.0534
.0534
.0533
.0533
.0533
.0533
.0533
.0532
.0532
.0532
.0532
.0531
.0531
.0531
.0531
.053
.053
.053
.053
.053
.0529
.0529
.0529
.0529
.0528
.0528
.0528
.0528
.0528
.0527
.0527
.0527
.0527
.0526
.0526
.0526
.0526
.0525
.0525
.0525
.0525
.0525
.0524
.0524
.0524
.0524
.0523
.0523
.0523
.0523
.0523
.0522
.0522
.0522
.0522
.0522
.0521
.0521
.0521
.0521
.052
.052
.052
.052
.052
.0519
.0519
.0519
.0519
.0518
.0518
.0518
.0518
.0518
.0517
.0517
.0517
.0517
.0516
.0516
.0516
.0516
.0516
.0515
.0515
.0515
.0515
.0515
.0514
.0514
.0514
.0514
.0513
.0513
.0513
.0513
.0513
.0512
.0512
.0512
.0512
.0512
.0511
.0511
.0511
.0511
.051
.051
.051
.051
.051
.0509
.0509
.0509
.0509
.0509
.0508
.0508
.0508
.0508
.0508
.0507
.0507
.0507
.0507
.0507
.0506
.0506
.0506
.0506
.0505
.0505
.0505
.0505
.0505
.0504
.0504
.0504
.0504
.0504
.0503
.0503
.0503
.0503
.0503
.0502
.0502
.0502
.0502
.0502
.0501
.0501
.0501
.0501
.0501
.05
.05
.05
