.5829
.5811
.5794
.5778
.5761
.5745
.5728
.5712
.5697
.5681
.5666
.5651
.5637
.5622
.5608
.5594
.5581
.5568
.5555
.5542
.553
.5518
.5507
.5495
.5484
.5474
.5463
.5453
.5444
.5434
.5425
.5416
.5408
.54
.5392
.5384
.5377
.537
.5363
.5356
.535
.5344
.5338
.5333
.5327
.5322
.5317
.5312
.5308
.5304
.5299
.5296
.5292
.5288
.5285
.5281
.5278
.5275
.5272
.5269
.5267
.5264
.5262
.5259
.5257
.5255
.5253
.5251
.5249
.5247
.5245
.5244
.5242
.524
.5239
.5237
.5236
.5235
.5233
.5232
.5231
.523
.5229
.5228
.5227
.5226
.5225
.5224
.5223
.5222
.5221
.522
.522
.5219
.5218
.5217
.5217
.5216
.5215
.5215
.5214
.5213
.5213
.5212
.5211
.5211
.521
.521
.5209
.5208
.5208
.5207
.5207
.5206
.5206
.5205
.5205
.5204
.5204
.5203
.5203
.5202
.5202
.5201
.5201
.52
.52
.52
.5199
.5199
.5198
.5198
.5197
.5197
.5196
.5196
.5195
.5195
.5195
.5194
.5194
.5193
.5193
.5192
.5192
.5192
.5191
.5191
.519
.519
.5189
.5189
.5189
.5188
.5188
.5187
.5187
.5186
.5186
.5186
.5185
.5185
.5184
.5184
.5183
.5183
.5183
.5182
.5182
.5181
.5181
.5181
.518
.518
.5179
.5179
.5178
.5178
.5178
.5177
.5177
.5176
.5176
.5176
.5175
.5175
.5174
.5174
.5173
.5173
.5173
.5172
.5172
.5171
.5171
.5171
.517
.517
.5169
.5169
.5168
.5168
.5168
.5167
.5167
.5166
.5166
.5166
.5165
.5165
.5164
.5164
.5164
.5163
.5163
.5162
.5162
.5161
.5161
.5161
.516
.516
.5159
.5159
.5159
.5158
.5158
.5157
.5157
.5157
.5156
.5156
.5155
.5155
.5155
.5154
.5154
.5153
.5153
.5152
.5152
.5152
.5151
.5151
.515
.515
.515
.5149
.5149
.5148
.5148
.5148
.5147
.5147
.5146
.5146
.5146
.5145
.5145
.5144
.5144
.5144
.5143
.5143
.5142
.5142
.5142
.5141
.5141
.5141
.514
.514
.5139
.5139
.5139
.5138
.5138
.5137
.5137
.5137
.5136
.5136
.5135
.5135
.5135
.5134
.5134
.5134
.5133
.5133
.5132
.5132
.5132
.5131
.5131
.513
.513
.513
.5129
.5129
.5129
.5128
.5128
.5127
.5127
.5127
.5126
.5126
.5126
.5125
.5125
.5124
.5124
.5124
.5123
.5123
.5123
.5122
.5122
.5121
.5121
.5121
.512
.512
.512
.5119
.5119
.5119
.5118
.5118
.5117
.5117
.5117
.5116
.5116
.5116
.5115
.5115
.5115
.5114
.5114
.5113
.5113
.5113
.5112
.5112
.5112
.5111
.5111
.5111
.511
.511
.511
.5109
.5109
.5108
.5108
.5108
.5107
.5107
.5107
.5106
.5106
.5106
.5105
.5105
.5105
.5104
.5104
.5104
.5103
.5103
.5103
.5102
.5102
.5101
.5101
.5101
.51
.51
.51
.5099
.5099
.5099
.5098
.5098
.5098
.5097
.5097
.5097
.5096
.5096
.5096
.5095
.5095
.5095
.5094
.5094
.5094
.5093
.5093
.5093
.5092
.5092
.5092
.5091
.5091
.5091
.509
.509
.509
.5089
.5089
.5089
.5088
.5088
.5088
.5087
.5087
.5087
.5086
.5086
.5086
.5085
.5085
.5085
.5084
.5084
.5084
.5083
.5083
.5083
.5082
.5082
.5082
.5081
.5081
.5081
.508
.508
.508
.5079
.5079
.5079
.5078
.5078
.5078
.5077
.5077
.5077
.5076
.5076
.5076
.5075
.5075
.5075
.5075
.5074
.5074
.5074
.5073
.5073
.5073
.5072
.5072
.5072
.5071
.5071
.5071
.507
.507
.507
.5069
.5069
.5069
.5068
.5068
.5068
.5067
.5067
.5067
.5066
.5066
.5066
.5065
.5065
.5065
.5064
.5064
.5064
.5063
.5063
.5063
.5062
.5062
.5062
.5061
.5061
.5061
.506
.506
.506
.5059
.5059
.5059
.5058
.5058
.5057
.5057
.5057
.5056
.5056
.5056
.5055
.5055
.5055
.5054
.5054
.5054
.5053
.5053
.5053
.5052
.5052
.5052
.5051
.5051
.5051
.505
.505
.5049
.5049
.5049
.5048
.5048
.5048
.5047
.5047
.5047
.5046
.5046
.5045
.5045
.5045
.5044
.5044
.5044
.5043
.5043
.5043
.5042
.5042
.5041
.5041
.5041
.504
.504
.5039
.5039
.5039
.5038
.5038
.5038
.5037
.5037
.5036
.5036
.5036
.5035
.5035
.5034
.5034
.5034
.5033
.5033
.5032
.5032
.5032
.5031
.5031
.503
.503
.5029
.5029
.5029
.5028
.5028
.5027
.5027
.5027
.5026
.5026
.5025
.5025
.5024
.5024
.5024
.5023
.5023
.5022
.5022
.5021
.5021
.502
.502
.5019
.5019
.5019
.5018
.5018
.5017
.5017
.5016
.5016
.5015
.5015
.5014
.5014
.5013
.5013
.5012
.5012
.5011
.5011
.501
.501
.5009
.5009
.5008
.5008
.5007
.5007
.5006
.5006
.5005
.5005
.5004
.5004
.5003
.5003
.5002
.5002
.5001
.5001
.5
.5
.4999
.4998
.4998
.4997
.4997
.4996
.4996
.4995
.4995
.4994
.4993
.4993
.4992
.4992
.4991
.499
.499
.4989
.4989
.4988
.4987
.4987
.4986
.4986
.4985
.4984
.4984
.4983
.4982
.4982
.4981
.4981
.498
.4979
.4979
.4978
.4977
.4977
.4976
.4975
.4975
.4974
.4973
.4973
.4972
.4971
.497
.497
.4969
.4968
.4968
.4967
.4966
.4965
.4965
.4964
.4963
.4962
.4962
.4961
.496
.4959
.4959
.4958
.4957
.4956
.4956
.4955
.4954
.4953
.4952
.4952
.4951
.495
.4949
.4948
.4947
.4947
.4946
.4945
.4944
.4943
.4942
.4941
.4941
.494
.4939
.4938
.4937
.4936
.4935
.4934
.4933
.4933
.4932
.4931
.493
.4929
.4928
.4927
.4926
.4925
.4924
.4923
.4922
.4921
.492
.4919
.4918
.4917
.4916
.4915
.4914
.4913
.4912
.4911
.491
.4909
.4908
.4907
.4905
.4904
.4903
.4902
.4901
.49
.4899
.4898
.4897
.4895
.4894
.4893
.4892
.4891
.489
.4888
.4887
.4886
.4885
.4884
.4882
.4881
.488
.4879
.4877
.4876
.4875
.4874
.4872
.4871
.487
.4868
.4867
.4866
.4864
.4863
.4862
.486
.4859
.4858
.4856
.4855
.4853
.4852
.4851
.4849
.4848
.4846
.4845
.4843
.4842
.484
.4839
.4837
.4836
.4834
.4833
.4831
.483
.4828
.4827
.4825
.4823
.4822
.482
.4819
.4817
.4815
.4814
.4812
.481
.4809
.4807
.4805
.4804
.4802
.48
.4799
.4797
.4795
.4793
.4791
.479
.4788
.4786
.4784
.4782
.4781
.4779
.4777
.4775
.4773
.4771
.4769
.4767
.4765
.4764
.4762
.476
.4758
.4756
.4754
.4752
.475
.4748
.4746
.4744
.4741
.4739
.4737
.4735
.4733
.4731
.4729
.4727
.4724
.4722
.472
.4718
.4716
.4713
.4711
.4709
.4707
.4704
.4702
.47
.4697
.4695
.4693
.469
.4688
.4686
.4683
.4681
.4678
.4676
.4674
.4671
.4669
.4666
.4664
.4661
.4659
.4656
.4653
.4651
.4648
.4646
.4643
.464
.4638
.4635
.4632
.463
.4627
.4624
.4622
.4619
.4616
.4613
.4611
.4608
.4605
.4602
.4599
.4596
.4594
.4591
.4588
.4585
.4582
.4579
.4576
.4573
.457
.4567
.4564
.4561
.4558
.4555
.4552
.4549
.4546
.4542
.4539
.4536
.4533
.453
.4526
.4523
.452
.4517
.4514
.451
.4507
.4504
.45
.4497
.4494
.449
.4487
.4483
.448
.4477
.4473
.447
.4466
.4463
.4459
.4456
.4452
.4448
.4445
.4441
.4438
.4434
.443
.4427
.4423
.4419
.4416
.4412
.4408
.4404
.4401
.4397
.4393
.4389
.4385
.4382
.4378
.4374
.437
.4366
.4362
.4358
.4354
.435
.4346
.4342
.4338
.4334
.433
.4326
.4322
.4318
.4314
.431
.4306
.4302
.4297
.4293
.4289
.4285
.4281
.4276
.4272
.4268
.4264
.4259
.4255
.4251
.4246
.4242
.4238
.4233
.4229
.4224
.422
.4216
.4211
.4207
.4202
.4198
.4193
.4189
.4184
.418
.4175
.4171
.4166
.4161
.4157
.4152
.4148
.4143
.4138
.4134
.4129
.4124
.412
.4115
.411
.4105
.4101
.4096
.4091
.4086
.4082
.4077
.4072
.4067
.4062
.4057
.4053
.4048
.4043
.4038
.4033
.4028
.4023
.4018
.4013
.4008
.4003
.3999
.3994
.3989
.3984
.3979
.3974
.3969
.3964
.3958
.3953
.3948
.3943
.3938
.3933
.3928
.3923
.3918
.3913
.3908
.3903
.3897
.3892
.3887
.3882
.3877
.3872
.3867
.3861
.3856
.3851
.3846
.3841
.3836
.383
.3825
.382
.3815
.381
.3804
.3799
.3794
.3789
.3783
.3778
.3773
.3768
.3762
.3757
.3752
.3747
.3741
.3736
.3731
.3726
.372
.3715
.371
.3704
.3699
.3694
.3689
.3683
.3678
.3673
.3668
.3662
.3657
.3652
.3646
.3641
.3636
.3631
.3625
.362
.3615
.3609
.3604
.3599
.3594
.3588
.3583
.3578
.3572
.3567
.3562
.3557
.3551
.3546
.3541
.3536
.353
.3525
.352
.3515
.3509
.3504
.3499
.3494
.3488
.3483
.3478
.3473
.3468
.3462
.3457
.3452
.3447
.3442
.3436
.3431
.3426
.3421
.3416
.3411
.3405
.34
.3395
.339
.3385
.338
.3375
.337
.3364
.3359
.3354
.3349
.3344
.3339
.3334
.3329
.3324
.3319
.3314
.3309
.3304
.3299
.3294
.3289
.3284
.3279
.3274
.3269
.3264
.3259
.3254
.3249
.3244
.3239
.3234
.3229
.3224
.3219
.3215
.321
.3205
.32
.3195
.319
.3185
.3181
.3176
.3171
.3166
.3161
.3157
.3152
.3147
.3142
.3138
.3133
.3128
.3124
.3119
.3114
.311
.3105
.31
.3096
.3091
.3086
.3082
.3077
.3072
.3068
.3063
.3059
.3054
.305
.3045
.3041
.3036
.3032
.3027
.3023
.3018
.3014
.3009
.3005
.3
.2996
.2992
.2987
.2983
.2978
.2974
.297
.2965
.2961
.2957
.2952
.2948
.2944
.2939
.2935
.2931
.2927
.2922
.2918
.2914
.291
.2906
.2901
.2897
.2893
.2889
.2885
.2881
.2877
.2872
.2868
.2864
.286
.2856
.2852
.2848
.2844
.284
.2836
.2832
.2828
.2824
.282
.2816
.2812
.2808
.2804
.28
.2796
.2793
.2789
.2785
.2781
.2777
.2773
.2769
.2766
.2762
.2758
.2754
.275
.2747
.2743
.2739
.2735
.2732
.2728
.2724
.2721
.2717
.2713
.271
.2706
.2702
.2699
.2695
.2691
.2688
.2684
.2681
.2677
.2674
.267
.2666
.2663
.2659
.2656
.2652
.2649
.2645
.2642
.2639
.2635
.2632
.2628
.2625
.2621
.2618
.2615
.2611
.2608
.2604
.2601
.2598
.2594
.2591
.2588
.2584
.2581
.2578
.2575
.2571
.2568
.2565
.2562
.2558
.2555
.2552
.2549
.2545
.2542
.2539
.2536
.2533
.253
.2526
.2523
.252
.2517
.2514
.2511
.2508
.2505
.2502
.2498
.2495
.2492
.2489
.2486
.2483
.248
.2477
.2474
.2471
.2468
.2465
.2462
.2459
.2456
.2453
.2451
.2448
.2445
.2442
.2439
.2436
.2433
.243
.2427
.2424
.2422
.2419
.2416
.2413
.241
.2407
.2405
.2402
.2399
.2396
.2393
.2391
.2388
.2385
.2382
.238
.2377
.2374
.2371
.2369
.2366
.2363
.236
.2358
.2355
.2352
.235
.2347
.2344
.2342
.2339
.2336
.2334
.2331
.2329
.2326
.2323
.2321
.2318
.2316
.2313
.231
.2308
.2305
.2303
.23
.2298
.2295
.2293
.229
.2288
.2285
.2282
.228
.2277
.2275
.2273
.227
.2268
.2265
.2263
.226
.2258
.2255
.2253
.225
.2248
.2246
.2243
.2241
.2238
.2236
.2233
.2231
.2229
.2226
.2224
.2222
.2219
.2217
.2215
.2212
.221
.2207
.2205
.2203
.22
.2198
.2196
.2194
.2191
.2189
.2187
.2184
.2182
.218
.2178
.2175
.2173
.2171
.2168
.2166
.2164
.2162
.2159
.2157
.2155
.2153
.2151
.2148
.2146
.2144
.2142
.2139
.2137
.2135
.2133
.2131
.2129
.2126
.2124
.2122
.212
.2118
.2116
.2113
.2111
.2109
.2107
.2105
.2103
.2101
.2098
.2096
.2094
.2092
.209
.2088
.2086
.2084
.2082
.208
.2077
.2075
.2073
.2071
.2069
.2067
.2065
.2063
.2061
.2059
.2057
.2055
.2053
.2051
.2049
.2047
.2045
.2043
.2041
.2038
.2036
.2034
.2032
.203
.2028
.2026
.2024
.2022
.202
.2018
.2016
.2014
.2013
.2011
.2009
.2007
.2005
.2003
.2001
.1999
.1997
.1995
.1993
.1991
.1989
.1987
.1985
.1983
.1981
.1979
.1977
.1975
.1974
.1972
.197
.1968
.1966
.1964
.1962
.196
.1958
.1956
.1954
.1953
.1951
.1949
.1947
.1945
.1943
.1941
.1939
.1937
.1936
.1934
.1932
.193
.1928
.1926
.1924
.1923
.1921
.1919
.1917
.1915
.1913
.1911
.191
.1908
.1906
.1904
.1902
.19
.1899
.1897
.1895
.1893
.1891
.1889
.1888
.1886
.1884
.1882
.188
.1879
.1877
.1875
.1873
.1871
.187
.1868
.1866
.1864
.1862
.1861
.1859
.1857
.1855
.1854
.1852
.185
.1848
.1846
.1845
.1843
.1841
.1839
.1838
.1836
.1834
.1832
.1831
.1829
.1827
.1825
.1824
.1822
.182
.1818
.1817
.1815
.1813
.1811
.181
.1808
.1806
.1804
.1803
.1801
.1799
.1797
.1796
.1794
.1792
.1791
.1789
.1787
.1785
.1784
.1782
.178
.1779
.1777
.1775
.1773
.1772
.177
.1768
.1767
.1765
.1763
.1762
.176
.1758
.1756
.1755
.1753
.1751
.175
.1748
.1746
.1745
.1743
.1741
.174
.1738
.1736
.1735
.1733
.1731
.173
.1728
.1726
.1725
.1723
.1721
.172
.1718
.1716
.1715
.1713
.1711
.171
.1708
.1706
.1705
.1703
.1701
.17
.1698
.1696
.1695
.1693
.1692
.169
.1688
.1687
.1685
.1683
.1682
.168
.1678
.1677
.1675
.1674
.1672
.167
.1669
.1667
.1665
.1664
.1662
.1661
.1659
.1657
.1656
.1654
.1652
.1651
.1649
.1648
.1646
.1644
.1643
.1641
.164
.1638
.1636
.1635
.1633
.1632
.163
.1628
.1627
.1625
.1624
.1622
.162
.1619
.1617
.1616
.1614
.1612
.1611
.1609
.1608
.1606
.1604
.1603
.1601
.16
.1598
.1597
.1595
.1593
.1592
.159
.1589
.1587
.1586
.1584
.1582
.1581
.1579
.1578
.1576
.1575
.1573
.1571
.157
.1568
.1567
.1565
.1564
.1562
.1561
.1559
.1557
.1556
.1554
.1553
.1551
.155
.1548
.1547
.1545
.1544
.1542
.154
.1539
.1537
.1536
.1534
.1533
.1531
.153
.1528
.1527
.1525
.1524
.1522
.152
.1519
.1517
.1516
.1514
.1513
.1511
.151
.1508
.1507
.1505
.1504
.1502
.1501
.1499
.1498
.1496
.1495
.1493
.1492
.149
.1489
.1487
.1486
.1484
.1483
.1481
.148
.1478
.1477
.1475
.1474
.1472
.1471
.1469
.1468
.1466
.1465
.1463
.1462
.146
.1459
.1457
.1456
.1454
.1453
.1451
.145
.1448
.1447
.1445
.1444
.1442
.1441
.1439
.1438
.1436
.1435
.1434
.1432
.1431
.1429
.1428
.1426
.1425
.1423
.1422
.142
.1419
.1417
.1416
.1415
.1413
.1412
.141
.1409
.1407
.1406
.1404
.1403
.1401
.14
.1399
.1397
.1396
.1394
.1393
.1391
.139
.1389
.1387
.1386
.1384
.1383
.1381
.138
.1379
.1377
.1376
.1374
.1373
.1371
.137
.1369
.1367
.1366
.1364
.1363
.1361
.136
.1359
.1357
.1356
.1354
.1353
.1352
.135
.1349
.1347
.1346
.1345
.1343
.1342
.134
.1339
.1338
.1336
.1335
.1333
.1332
.1331
.1329
.1328
.1327
.1325
.1324
.1322
.1321
.132
.1318
.1317
.1315
.1314
.1313
.1311
.131
.1309
.1307
.1306
.1305
.1303
.1302
.13
.1299
.1298
.1296
.1295
.1294
.1292
.1291
.129
.1288
.1287
.1286
.1284
.1283
.1281
.128
.1279
.1277
.1276
.1275
.1273
.1272
.1271
.1269
.1268
.1267
.1265
.1264
.1263
.1261
.126
.1259
.1257
.1256
.1255
.1254
.1252
.1251
.125
.1248
.1247
.1246
.1244
.1243
.1242
.124
.1239
.1238
.1236
.1235
.1234
.1233
.1231
.123
.1229
.1227
.1226
.1225
.1224
.1222
.1221
.122
.1218
.1217
.1216
.1215
.1213
.1212
.1211
.1209
.1208
.1207
.1206
.1204
.1203
.1202
.1201
.1199
.1198
.1197
.1195
.1194
.1193
.1192
.119
.1189
.1188
.1187
.1185
.1184
.1183
.1182
.118
.1179
.1178
.1177
.1176
.1174
.1173
.1172
.1171
.1169
.1168
.1167
.1166
.1164
.1163
.1162
.1161
.116
.1158
.1157
.1156
.1155
.1153
.1152
.1151
.115
.1149
.1147
.1146
.1145
.1144
.1143
.1141
.114
.1139
.1138
.1137
.1135
.1134
.1133
.1132
.1131
.1129
.1128
.1127
.1126
.1125
.1123
.1122
.1121
.112
.1119
.1118
.1116
.1115
.1114
.1113
.1112
.1111
.1109
.1108
.1107
.1106
.1105
.1104
.1102
.1101
.11
.1099
.1098
.1097
.1095
.1094
.1093
.1092
.1091
.109
.1089
.1087
.1086
.1085
.1084
.1083
.1082
.1081
.108
.1078
.1077
.1076
.1075
.1074
.1073
.1072
.1071
.1069
.1068
.1067
.1066
.1065
.1064
.1063
.1062
.1061
.1059
.1058
.1057
.1056
.1055
.1054
.1053
.1052
.1051
.105
.1048
.1047
.1046
.1045
.1044
.1043
.1042
.1041
.104
.1039
.1038
.1037
.1035
.1034
.1033
.1032
.1031
.103
.1029
.1028
.1027
.1026
.1025
.1024
.1023
.1022
.1021
.1019
.1018
.1017
.1016
.1015
.1014
.1013
.1012
.1011
.101
.1009
.1008
.1007
.1006
.1005
.1004
.1003
.1002
.1001
.1
.0999
.0998
.0997
.0996
.0995
.0993
.0992
.0991
.099
.0989
.0988
.0987
.0986
.0985
.0984
.0983
.0982
.0981
.098
.0979
.0978
.0977
.0976
.0975
.0974
.0973
.0972
.0971
.097
.0969
.0968
.0967
.0966
.0965
.0964
.0963
.0962
.0961
.096
.096
.0959
.0958
.0957
.0956
.0955
.0954
.0953
.0952
.0951
.095
.0949
.0948
.0947
.0946
.0945
.0944
.0943
.0942
.0941
.094
.0939
.0938
.0937
.0936
.0935
.0935
.0934
.0933
.0932
.0931
.093
.0929
.0928
.0927
.0926
.0925
.0924
.0923
.0922
.0921
.0921
.092
.0919
.0918
.0917
.0916
.0915
.0914
.0913
.0912
.0911
.091
.091
.0909
.0908
.0907
.0906
.0905
.0904
.0903
.0902
.0901
.09
.09
.0899
.0898
.0897
.0896
.0895
.0894
.0893
.0892
.0892
.0891
.089
.0889
.0888
.0887
.0886
.0885
.0885
.0884
.0883
.0882
.0881
.088
.0879
.0878
.0878
.0877
.0876
.0875
.0874
.0873
.0872
.0872
.0871
.087
.0869
.0868
.0867
.0866
.0866
.0865
.0864
.0863
.0862
.0861
.086
.086
.0859
.0858
.0857
.0856
.0855
.0855
.0854
.0853
.0852
.0851
.085
.085
.0849
.0848
.0847
.0846
.0845
.0845
.0844
.0843
.0842
.0841
.0841
.084
.0839
.0838
.0837
.0836
.0836
.0835
.0834
.0833
.0832
.0832
.0831
.083
.0829
.0828
.0828
.0827
.0826
.0825
.0824
.0824
.0823
.0822
.0821
.0821
.082
.0819
.0818
.0817
.0817
.0816
.0815
.0814
.0813
.0813
.0812
.0811
.081
.081
.0809
.0808
.0807
.0807
.0806
.0805
.0804
.0803
.0803
.0802
.0801
.08
.08
.0799
.0798
.0797
.0797
.0796
.0795
.0794
.0794
.0793
.0792
.0791
.0791
.079
.0789
.0788
.0788
.0787
.0786
.0785
.0785
.0784
.0783
.0783
.0782
.0781
.078
.078
.0779
.0778
.0777
.0777
.0776
.0775
.0774
.0774
.0773
.0772
.0772
.0771
.077
.0769
.0769
.0768
.0767
.0767
.0766
.0765
.0764
.0764
.0763
.0762
.0762
.0761
.076
.076
.0759
.0758
.0757
.0757
.0756
.0755
.0755
.0754
.0753
.0753
.0752
.0751
.075
.075
.0749
.0748
.0748
.0747
.0746
.0746
.0745
.0744
.0744
.0743
.0742
.0742
.0741
.074
.074
.0739
.0738
.0738
.0737
.0736
.0736
.0735
.0734
.0734
.0733
.0732
.0732
.0731
.073
.073
.0729
.0728
.0728
.0727
.0726
.0726
.0725
.0724
.0724
.0723
.0722
.0722
.0721
.072
.072
.0719
.0718
.0718
.0717
.0716
.0716
.0715
.0715
.0714
.0713
.0713
.0712
.0711
.0711
.071
.0709
.0709
.0708
.0708
.0707
.0706
.0706
.0705
.0704
.0704
.0703
.0703
.0702
.0701
.0701
.07
.0699
.0699
.0698
.0698
.0697
.0696
.0696
.0695
.0694
.0694
.0693
.0693
.0692
.0691
.0691
.069
.069
.0689
.0688
.0688
.0687
.0687
.0686
.0685
.0685
.0684
.0684
.0683
.0682
.0682
.0681
.0681
.068
.0679
.0679
.0678
.0678
.0677
.0676
.0676
.0675
.0675
.0674
.0674
.0673
.0672
.0672
.0671
.0671
.067
.0669
.0669
.0668
.0668
.0667
.0667
.0666
.0665
.0665
.0664
.0664
.0663
.0663
.0662
.0661
.0661
.066
.066
.0659
.0659
.0658
.0657
.0657
.0656
.0656
.0655
.0655
.0654
.0653
.0653
.0652
.0652
.0651
.0651
.065
.065
.0649
.0648
.0648
.0647
.0647
.0646
.0646
.0645
.0645
.0644
.0644
.0643
.0642
.0642
.0641
.0641
.064
.064
.0639
.0639
.0638
.0638
.0637
.0637
.0636
.0635
.0635
.0634
.0634
.0633
.0633
.0632
.0632
.0631
.0631
.063
.063
.0629
.0629
.0628
.0627
.0627
.0626
.0626
.0625
.0625
.0624
.0624
.0623
.0623
.0622
.0622
.0621
.0621
.062
.062
.0619
.0619
.0618
.0618
.0617
.0617
.0616
.0616
.0615
.0615
.0614
.0614
.0613
.0613
.0612
.0612
.0611
.0611
.061
.061
.0609
.0609
.0608
.0608
.0607
.0607
.0606
.0606
.0605
.0605
.0604
.0604
.0603
.0603
.0602
.0602
.0601
.0601
.06
.06
.0599
.0599
.0598
.0598
.0597
.0597
.0596
.0596
.0595
.0595
.0594
.0594
.0593
.0593
.0592
.0592
.0591
.0591
.059
.059
.0589
.0589
.0589
.0588
.0588
.0587
.0587
.0586
.0586
.0585
.0585
.0584
.0584
.0583
.0583
.0582
.0582
.0581
.0581
.0581
.058
.058
.0579
.0579
.0578
.0578
.0577
.0577
.0576
.0576
.0575
.0575
.0575
.0574
.0574
.0573
.0573
.0572
.0572
.0571
.0571
.057
.057
.057
.0569
.0569
.0568
.0568
.0567
.0567
.0566
.0566
.0565
.0565
.0565
.0564
.0564
.0563
.0563
.0562
.0562
.0561
.0561
.0561
.056
.056
.0559
.0559
.0558
.0558
.0558
.0557
.0557
.0556
.0556
.0555
.0555
.0554
.0554
.0554
.0553
.0553
.0552
.0552
.0551
.0551
.0551
.055
.055
.0549
.0549
.0548
.0548
.0548
.0547
.0547
.0546
.0546
.0545
.0545
.0545
.0544
.0544
.0543
.0543
.0543
.0542
.0542
.0541
.0541
.054
.054
.054
.0539
.0539
.0538
.0538
.0538
.0537
.0537
.0536
.0536
.0535
.0535
.0535
.0534
.0534
.0533
.0533
.0533
.0532
.0532
.0531
.0531
.0531
.053
.053
.0529
.0529
.0529
.0528
.0528
.0527
.0527
.0527
.0526
.0526
.0525
.0525
.0525
.0524
.0524
.0523
.0523
.0523
.0522
.0522
.0521
.0521
.0521
.052
.052
.0519
.0519
.0519
.0518
.0518
.0517
.0517
.0517
.0516
.0516
.0516
.0515
.0515
.0514
.0514
.0514
.0513
.0513
.0512
.0512
.0512
.0511
.0511
.0511
.051
.051
.0509
.0509
.0509
.0508
.0508
.0508
.0507
.0507
.0506
.0506
.0506
.0505
.0505
.0505
.0504
.0504
.0503
.0503
.0503
.0502
.0502
.0502
.0501
.0501
.05
.05
.05
