.6062
.6028
.5995
.5962
.5929
.5897
.5865
.5833
.5801
.577
.574
.571
.5681
.5652
.5625
.5597
.5571
.5545
.5521
.5497
.5474
.5451
.543
.541
.539
.5371
.5354
.5337
.5321
.5306
.5291
.5278
.5265
.5254
.5242
.5232
.5222
.5213
.5205
.5197
.519
.5183
.5177
.5171
.5165
.516
.5156
.5152
.5148
.5144
.5141
.5138
.5135
.5133
.513
.5128
.5126
.5124
.5123
.5121
.512
.5118
.5117
.5116
.5115
.5114
.5113
.5112
.5111
.5111
.511
.5109
.5109
.5108
.5108
.5107
.5107
.5106
.5106
.5105
.5105
.5105
.5104
.5104
.5103
.5103
.5103
.5102
.5102
.5102
.5101
.5101
.5101
.51
.51
.51
.5099
.5099
.5099
.5098
.5098
.5098
.5097
.5097
.5097
.5096
.5096
.5096
.5096
.5095
.5095
.5095
.5094
.5094
.5093
.5093
.5093
.5092
.5092
.5092
.5091
.5091
.5091
.509
.509
.509
.5089
.5089
.5089
.5088
.5088
.5087
.5087
.5087
.5086
.5086
.5085
.5085
.5085
.5084
.5084
.5083
.5083
.5083
.5082
.5082
.5081
.5081
.5081
.508
.508
.5079
.5079
.5079
.5078
.5078
.5077
.5077
.5076
.5076
.5075
.5075
.5075
.5074
.5074
.5073
.5073
.5072
.5072
.5071
.5071
.507
.507
.5069
.5069
.5068
.5068
.5067
.5067
.5067
.5066
.5066
.5065
.5064
.5064
.5063
.5063
.5062
.5062
.5061
.5061
.506
.506
.5059
.5059
.5058
.5058
.5057
.5057
.5056
.5055
.5055
.5054
.5054
.5053
.5053
.5052
.5051
.5051
.505
.505
.5049
.5049
.5048
.5047
.5047
.5046
.5045
.5045
.5044
.5044
.5043
.5042
.5042
.5041
.504
.504
.5039
.5039
.5038
.5037
.5037
.5036
.5035
.5035
.5034
.5033
.5032
.5032
.5031
.503
.503
.5029
.5028
.5028
.5027
.5026
.5025
.5025
.5024
.5023
.5022
.5022
.5021
.502
.5019
.5019
.5018
.5017
.5016
.5016
.5015
.5014
.5013
.5012
.5012
.5011
.501
.5009
.5008
.5008
.5007
.5006
.5005
.5004
.5003
.5002
.5002
.5001
.5
.4999
.4998
.4997
.4996
.4995
.4995
.4994
.4993
.4992
.4991
.499
.4989
.4988
.4987
.4986
.4985
.4984
.4983
.4982
.4981
.498
.4979
.4978
.4977
.4976
.4975
.4974
.4973
.4972
.4971
.497
.4969
.4968
.4967
.4966
.4965
.4964
.4963
.4962
.4961
.4959
.4958
.4957
.4956
.4955
.4954
.4953
.4952
.495
.4949
.4948
.4947
.4946
.4945
.4943
.4942
.4941
.494
.4938
.4937
.4936
.4935
.4934
.4932
.4931
.493
.4928
.4927
.4926
.4925
.4923
.4922
.4921
.4919
.4918
.4917
.4915
.4914
.4913
.4911
.491
.4908
.4907
.4906
.4904
.4903
.4901
.49
.4899
.4897
.4896
.4894
.4893
.4891
.489
.4888
.4887
.4885
.4884
.4882
.4881
.4879
.4878
.4876
.4874
.4873
.4871
.487
.4868
.4866
.4865
.4863
.4862
.486
.4858
.4857
.4855
.4853
.4851
.485
.4848
.4846
.4845
.4843
.4841
.4839
.4838
.4836
.4834
.4832
.4831
.4829
.4827
.4825
.4823
.4821
.482
.4818
.4816
.4814
.4812
.481
.4808
.4806
.4804
.4802
.48
.4799
.4797
.4795
.4793
.4791
.4789
.4787
.4785
.4783
.478
.4778
.4776
.4774
.4772
.477
.4768
.4766
.4764
.4762
.476
.4757
.4755
.4753
.4751
.4749
.4746
.4744
.4742
.474
.4738
.4735
.4733
.4731
.4728
.4726
.4724
.4722
.4719
.4717
.4715
.4712
.471
.4707
.4705
.4703
.47
.4698
.4695
.4693
.4691
.4688
.4686
.4683
.4681
.4678
.4676
.4673
.4671
.4668
.4665
.4663
.466
.4658
.4655
.4653
.465
.4647
.4645
.4642
.4639
.4637
.4634
.4631
.4629
.4626
.4623
.462
.4618
.4615
.4612
.4609
.4607
.4604
.4601
.4598
.4595
.4593
.459
.4587
.4584
.4581
.4578
.4575
.4572
.457
.4567
.4564
.4561
.4558
.4555
.4552
.4549
.4546
.4543
.454
.4537
.4534
.4531
.4528
.4525
.4522
.4518
.4515
.4512
.4509
.4506
.4503
.45
.4497
.4493
.449
.4487
.4484
.4481
.4477
.4474
.4471
.4468
.4464
.4461
.4458
.4455
.4451
.4448
.4445
.4441
.4438
.4435
.4431
.4428
.4425
.4421
.4418
.4415
.4411
.4408
.4404
.4401
.4397
.4394
.4391
.4387
.4384
.438
.4377
.4373
.437
.4366
.4363
.4359
.4356
.4352
.4349
.4345
.4341
.4338
.4334
.4331
.4327
.4323
.432
.4316
.4313
.4309
.4305
.4302
.4298
.4294
.4291
.4287
.4283
.4279
.4276
.4272
.4268
.4265
.4261
.4257
.4253
.425
.4246
.4242
.4238
.4234
.4231
.4227
.4223
.4219
.4215
.4212
.4208
.4204
.42
.4196
.4192
.4189
.4185
.4181
.4177
.4173
.4169
.4165
.4161
.4157
.4153
.415
.4146
.4142
.4138
.4134
.413
.4126
.4122
.4118
.4114
.411
.4106
.4102
.4098
.4094
.409
.4086
.4082
.4078
.4074
.407
.4066
.4062
.4058
.4054
.405
.4046
.4042
.4038
.4034
.403
.4025
.4021
.4017
.4013
.4009
.4005
.4001
.3997
.3993
.3989
.3985
.398
.3976
.3972
.3968
.3964
.396
.3956
.3952
.3947
.3943
.3939
.3935
.3931
.3927
.3923
.3918
.3914
.391
.3906
.3902
.3898
.3893
.3889
.3885
.3881
.3877
.3873
.3868
.3864
.386
.3856
.3852
.3847
.3843
.3839
.3835
.3831
.3826
.3822
.3818
.3814
.381
.3805
.3801
.3797
.3793
.3789
.3784
.378
.3776
.3772
.3768
.3763
.3759
.3755
.3751
.3747
.3742
.3738
.3734
.373
.3725
.3721
.3717
.3713
.3709
.3704
.37
.3696
.3692
.3688
.3683
.3679
.3675
.3671
.3666
.3662
.3658
.3654
.365
.3645
.3641
.3637
.3633
.3628
.3624
.362
.3616
.3612
.3607
.3603
.3599
.3595
.3591
.3586
.3582
.3578
.3574
.357
.3565
.3561
.3557
.3553
.3549
.3544
.354
.3536
.3532
.3528
.3524
.3519
.3515
.3511
.3507
.3503
.3498
.3494
.349
.3486
.3482
.3478
.3473
.3469
.3465
.3461
.3457
.3453
.3449
.3444
.344
.3436
.3432
.3428
.3424
.342
.3415
.3411
.3407
.3403
.3399
.3395
.3391
.3387
.3382
.3378
.3374
.337
.3366
.3362
.3358
.3354
.335
.3346
.3341
.3337
.3333
.3329
.3325
.3321
.3317
.3313
.3309
.3305
.3301
.3297
.3293
.3289
.3285
.328
.3276
.3272
.3268
.3264
.326
.3256
.3252
.3248
.3244
.324
.3236
.3232
.3228
.3224
.322
.3216
.3212
.3208
.3204
.32
.3196
.3192
.3188
.3184
.318
.3177
.3173
.3169
.3165
.3161
.3157
.3153
.3149
.3145
.3141
.3137
.3133
.3129
.3125
.3122
.3118
.3114
.311
.3106
.3102
.3098
.3094
.309
.3087
.3083
.3079
.3075
.3071
.3067
.3063
.306
.3056
.3052
.3048
.3044
.304
.3037
.3033
.3029
.3025
.3021
.3018
.3014
.301
.3006
.3002
.2999
.2995
.2991
.2987
.2984
.298
.2976
.2972
.2969
.2965
.2961
.2957
.2954
.295
.2946
.2942
.2939
.2935
.2931
.2928
.2924
.292
.2917
.2913
.2909
.2906
.2902
.2898
.2895
.2891
.2887
.2884
.288
.2876
.2873
.2869
.2865
.2862
.2858
.2855
.2851
.2847
.2844
.284
.2837
.2833
.2829
.2826
.2822
.2819
.2815
.2812
.2808
.2805
.2801
.2797
.2794
.279
.2787
.2783
.278
.2776
.2773
.2769
.2766
.2762
.2759
.2755
.2752
.2748
.2745
.2741
.2738
.2734
.2731
.2728
.2724
.2721
.2717
.2714
.271
.2707
.2703
.27
.2697
.2693
.269
.2686
.2683
.268
.2676
.2673
.267
.2666
.2663
.2659
.2656
.2653
.2649
.2646
.2643
.2639
.2636
.2633
.2629
.2626
.2623
.2619
.2616
.2613
.2609
.2606
.2603
.26
.2596
.2593
.259
.2587
.2583
.258
.2577
.2574
.257
.2567
.2564
.2561
.2557
.2554
.2551
.2548
.2545
.2541
.2538
.2535
.2532
.2529
.2525
.2522
.2519
.2516
.2513
.251
.2506
.2503
.25
.2497
.2494
.2491
.2488
.2484
.2481
.2478
.2475
.2472
.2469
.2466
.2463
.246
.2457
.2453
.245
.2447
.2444
.2441
.2438
.2435
.2432
.2429
.2426
.2423
.242
.2417
.2414
.2411
.2408
.2405
.2402
.2399
.2396
.2393
.239
.2387
.2384
.2381
.2378
.2375
.2372
.2369
.2366
.2363
.236
.2357
.2354
.2352
.2349
.2346
.2343
.234
.2337
.2334
.2331
.2328
.2325
.2322
.232
.2317
.2314
.2311
.2308
.2305
.2302
.23
.2297
.2294
.2291
.2288
.2285
.2283
.228
.2277
.2274
.2271
.2268
.2266
.2263
.226
.2257
.2255
.2252
.2249
.2246
.2243
.2241
.2238
.2235
.2232
.223
.2227
.2224
.2221
.2219
.2216
.2213
.2211
.2208
.2205
.2202
.22
.2197
.2194
.2192
.2189
.2186
.2184
.2181
.2178
.2176
.2173
.217
.2168
.2165
.2162
.216
.2157
.2155
.2152
.2149
.2147
.2144
.2141
.2139
.2136
.2134
.2131
.2128
.2126
.2123
.2121
.2118
.2116
.2113
.211
.2108
.2105
.2103
.21
.2098
.2095
.2093
.209
.2088
.2085
.2083
.208
.2077
.2075
.2072
.207
.2067
.2065
.2063
.206
.2058
.2055
.2053
.205
.2048
.2045
.2043
.204
.2038
.2035
.2033
.2031
.2028
.2026
.2023
.2021
.2018
.2016
.2014
.2011
.2009
.2006
.2004
.2002
.1999
.1997
.1994
.1992
.199
.1987
.1985
.1983
.198
.1978
.1976
.1973
.1971
.1968
.1966
.1964
.1961
.1959
.1957
.1955
.1952
.195
.1948
.1945
.1943
.1941
.1938
.1936
.1934
.1932
.1929
.1927
.1925
.1922
.192
.1918
.1916
.1913
.1911
.1909
.1907
.1904
.1902
.19
.1898
.1896
.1893
.1891
.1889
.1887
.1884
.1882
.188
.1878
.1876
.1873
.1871
.1869
.1867
.1865
.1863
.186
.1858
.1856
.1854
.1852
.185
.1847
.1845
.1843
.1841
.1839
.1837
.1835
.1833
.183
.1828
.1826
.1824
.1822
.182
.1818
.1816
.1814
.1811
.1809
.1807
.1805
.1803
.1801
.1799
.1797
.1795
.1793
.1791
.1789
.1787
.1785
.1782
.178
.1778
.1776
.1774
.1772
.177
.1768
.1766
.1764
.1762
.176
.1758
.1756
.1754
.1752
.175
.1748
.1746
.1744
.1742
.174
.1738
.1736
.1734
.1732
.173
.1728
.1726
.1724
.1723
.1721
.1719
.1717
.1715
.1713
.1711
.1709
.1707
.1705
.1703
.1701
.1699
.1697
.1696
.1694
.1692
.169
.1688
.1686
.1684
.1682
.168
.1678
.1677
.1675
.1673
.1671
.1669
.1667
.1665
.1664
.1662
.166
.1658
.1656
.1654
.1652
.1651
.1649
.1647
.1645
.1643
.1641
.164
.1638
.1636
.1634
.1632
.1631
.1629
.1627
.1625
.1623
.1622
.162
.1618
.1616
.1614
.1613
.1611
.1609
.1607
.1605
.1604
.1602
.16
.1598
.1597
.1595
.1593
.1591
.159
.1588
.1586
.1584
.1583
.1581
.1579
.1578
.1576
.1574
.1572
.1571
.1569
.1567
.1566
.1564
.1562
.156
.1559
.1557
.1555
.1554
.1552
.155
.1549
.1547
.1545
.1544
.1542
.154
.1539
.1537
.1535
.1534
.1532
.153
.1529
.1527
.1525
.1524
.1522
.152
.1519
.1517
.1515
.1514
.1512
.1511
.1509
.1507
.1506
.1504
.1503
.1501
.1499
.1498
.1496
.1494
.1493
.1491
.149
.1488
.1487
.1485
.1483
.1482
.148
.1479
.1477
.1475
.1474
.1472
.1471
.1469
.1468
.1466
.1465
.1463
.1461
.146
.1458
.1457
.1455
.1454
.1452
.1451
.1449
.1448
.1446
.1445
.1443
.1442
.144
.1438
.1437
.1435
.1434
.1432
.1431
.1429
.1428
.1426
.1425
.1423
.1422
.142
.1419
.1418
.1416
.1415
.1413
.1412
.141
.1409
.1407
.1406
.1404
.1403
.1401
.14
.1398
.1397
.1396
.1394
.1393
.1391
.139
.1388
.1387
.1385
.1384
.1383
.1381
.138
.1378
.1377
.1375
.1374
.1373
.1371
.137
.1368
.1367
.1366
.1364
.1363
.1361
.136
.1359
.1357
.1356
.1354
.1353
.1352
.135
.1349
.1347
.1346
.1345
.1343
.1342
.1341
.1339
.1338
.1337
.1335
.1334
.1332
.1331
.133
.1328
.1327
.1326
.1324
.1323
.1322
.132
.1319
.1318
.1316
.1315
.1314
.1312
.1311
.131
.1308
.1307
.1306
.1304
.1303
.1302
.13
.1299
.1298
.1297
.1295
.1294
.1293
.1291
.129
.1289
.1287
.1286
.1285
.1284
.1282
.1281
.128
.1278
.1277
.1276
.1275
.1273
.1272
.1271
.127
.1268
.1267
.1266
.1265
.1263
.1262
.1261
.1259
.1258
.1257
.1256
.1255
.1253
.1252
.1251
.125
.1248
.1247
.1246
.1245
.1243
.1242
.1241
.124
.1238
.1237
.1236
.1235
.1234
.1232
.1231
.123
.1229
.1228
.1226
.1225
.1224
.1223
.1222
.122
.1219
.1218
.1217
.1216
.1214
.1213
.1212
.1211
.121
.1208
.1207
.1206
.1205
.1204
.1203
.1201
.12
.1199
.1198
.1197
.1196
.1194
.1193
.1192
.1191
.119
.1189
.1188
.1186
.1185
.1184
.1183
.1182
.1181
.1179
.1178
.1177
.1176
.1175
.1174
.1173
.1172
.117
.1169
.1168
.1167
.1166
.1165
.1164
.1163
.1161
.116
.1159
.1158
.1157
.1156
.1155
.1154
.1153
.1151
.115
.1149
.1148
.1147
.1146
.1145
.1144
.1143
.1142
.1141
.1139
.1138
.1137
.1136
.1135
.1134
.1133
.1132
.1131
.113
.1129
.1128
.1127
.1126
.1124
.1123
.1122
.1121
.112
.1119
.1118
.1117
.1116
.1115
.1114
.1113
.1112
.1111
.111
.1109
.1108
.1107
.1106
.1104
.1103
.1102
.1101
.11
.1099
.1098
.1097
.1096
.1095
.1094
.1093
.1092
.1091
.109
.1089
.1088
.1087
.1086
.1085
.1084
.1083
.1082
.1081
.108
.1079
.1078
.1077
.1076
.1075
.1074
.1073
.1072
.1071
.107
.1069
.1068
.1067
.1066
.1065
.1064
.1063
.1062
.1061
.106
.1059
.1058
.1057
.1056
.1055
.1054
.1053
.1052
.1051
.105
.1049
.1048
.1047
.1047
.1046
.1045
.1044
.1043
.1042
.1041
.104
.1039
.1038
.1037
.1036
.1035
.1034
.1033
.1032
.1031
.103
.1029
.1028
.1027
.1027
.1026
.1025
.1024
.1023
.1022
.1021
.102
.1019
.1018
.1017
.1016
.1015
.1014
.1014
.1013
.1012
.1011
.101
.1009
.1008
.1007
.1006
.1005
.1004
.1004
.1003
.1002
.1001
.1
.0999
.0998
.0997
.0996
.0995
.0994
.0994
.0993
.0992
.0991
.099
.0989
.0988
.0987
.0986
.0986
.0985
.0984
.0983
.0982
.0981
.098
.0979
.0979
.0978
.0977
.0976
.0975
.0974
.0973
.0972
.0972
.0971
.097
.0969
.0968
.0967
.0966
.0965
.0965
.0964
.0963
.0962
.0961
.096
.0959
.0959
.0958
.0957
.0956
.0955
.0954
.0954
.0953
.0952
.0951
.095
.0949
.0948
.0948
.0947
.0946
.0945
.0944
.0943
.0943
.0942
.0941
.094
.0939
.0938
.0938
.0937
.0936
.0935
.0934
.0933
.0933
.0932
.0931
.093
.0929
.0929
.0928
.0927
.0926
.0925
.0924
.0924
.0923
.0922
.0921
.092
.092
.0919
.0918
.0917
.0916
.0916
.0915
.0914
.0913
.0912
.0912
.0911
.091
.0909
.0908
.0908
.0907
.0906
.0905
.0904
.0904
.0903
.0902
.0901
.0901
.09
.0899
.0898
.0897
.0897
.0896
.0895
.0894
.0894
.0893
.0892
.0891
.089
.089
.0889
.0888
.0887
.0887
.0886
.0885
.0884
.0884
.0883
.0882
.0881
.088
.088
.0879
.0878
.0877
.0877
.0876
.0875
.0874
.0874
.0873
.0872
.0871
.0871
.087
.0869
.0868
.0868
.0867
.0866
.0865
.0865
.0864
.0863
.0862
.0862
.0861
.086
.0859
.0859
.0858
.0857
.0857
.0856
.0855
.0854
.0854
.0853
.0852
.0851
.0851
.085
.0849
.0848
.0848
.0847
.0846
.0846
.0845
.0844
.0843
.0843
.0842
.0841
.0841
.084
.0839
.0838
.0838
.0837
.0836
.0836
.0835
.0834
.0833
.0833
.0832
.0831
.0831
.083
.0829
.0828
.0828
.0827
.0826
.0826
.0825
.0824
.0824
.0823
.0822
.0821
.0821
.082
.0819
.0819
.0818
.0817
.0817
.0816
.0815
.0815
.0814
.0813
.0813
.0812
.0811
.081
.081
.0809
.0808
.0808
.0807
.0806
.0806
.0805
.0804
.0804
.0803
.0802
.0802
.0801
.08
.08
.0799
.0798
.0798
.0797
.0796
.0796
.0795
.0794
.0794
.0793
.0792
.0792
.0791
.079
.079
.0789
.0788
.0788
.0787
.0786
.0786
.0785
.0784
.0784
.0783
.0782
.0782
.0781
.078
.078
.0779
.0778
.0778
.0777
.0776
.0776
.0775
.0775
.0774
.0773
.0773
.0772
.0771
.0771
.077
.0769
.0769
.0768
.0767
.0767
.0766
.0766
.0765
.0764
.0764
.0763
.0762
.0762
.0761
.076
.076
.0759
.0759
.0758
.0757
.0757
.0756
.0755
.0755
.0754
.0754
.0753
.0752
.0752
.0751
.075
.075
.0749
.0749
.0748
.0747
.0747
.0746
.0746
.0745
.0744
.0744
.0743
.0742
.0742
.0741
.0741
.074
.0739
.0739
.0738
.0738
.0737
.0736
.0736
.0735
.0735
.0734
.0733
.0733
.0732
.0731
.0731
.073
.073
.0729
.0728
.0728
.0727
.0727
.0726
.0725
.0725
.0724
.0724
.0723
.0723
.0722
.0721
.0721
.072
.072
.0719
.0718
.0718
.0717
.0717
.0716
.0715
.0715
.0714
.0714
.0713
.0713
.0712
.0711
.0711
.071
.071
.0709
.0708
.0708
.0707
.0707
.0706
.0706
.0705
.0704
.0704
.0703
.0703
.0702
.0702
.0701
.07
.07
.0699
.0699
.0698
.0698
.0697
.0696
.0696
.0695
.0695
.0694
.0694
.0693
.0692
.0692
.0691
.0691
.069
.069
.0689
.0688
.0688
.0687
.0687
.0686
.0686
.0685
.0685
.0684
.0683
.0683
.0682
.0682
.0681
.0681
.068
.068
.0679
.0678
.0678
.0677
.0677
.0676
.0676
.0675
.0675
.0674
.0674
.0673
.0672
.0672
.0671
.0671
.067
.067
.0669
.0669
.0668
.0668
.0667
.0667
.0666
.0665
.0665
.0664
.0664
.0663
.0663
.0662
.0662
.0661
.0661
.066
.066
.0659
.0658
.0658
.0657
.0657
.0656
.0656
.0655
.0655
.0654
.0654
.0653
.0653
.0652
.0652
.0651
.0651
.065
.065
.0649
.0648
.0648
.0647
.0647
.0646
.0646
.0645
.0645
.0644
.0644
.0643
.0643
.0642
.0642
.0641
.0641
.064
.064
.0639
.0639
.0638
.0638
.0637
.0637
.0636
.0636
.0635
.0635
.0634
.0634
.0633
.0633
.0632
.0632
.0631
.0631
.063
.063
.0629
.0628
.0628
.0627
.0627
.0626
.0626
.0625
.0625
.0624
.0624
.0623
.0623
.0622
.0622
.0621
.0621
.0621
.062
.062
.0619
.0619
.0618
.0618
.0617
.0617
.0616
.0616
.0615
.0615
.0614
.0614
.0613
.0613
.0612
.0612
.0611
.0611
.061
.061
.0609
.0609
.0608
.0608
.0607
.0607
.0606
.0606
.0605
.0605
.0604
.0604
.0603
.0603
.0602
.0602
.0602
.0601
.0601
.06
.06
.0599
.0599
.0598
.0598
.0597
.0597
.0596
.0596
.0595
.0595
.0594
.0594
.0593
.0593
.0593
.0592
.0592
.0591
.0591
.059
.059
.0589
.0589
.0588
.0588
.0587
.0587
.0586
.0586
.0586
.0585
.0585
.0584
.0584
.0583
.0583
.0582
.0582
.0581
.0581
.058
.058
.058
.0579
.0579
.0578
.0578
.0577
.0577
.0576
.0576
.0575
.0575
.0575
.0574
.0574
.0573
.0573
.0572
.0572
.0571
.0571
.057
.057
.057
.0569
.0569
.0568
.0568
.0567
.0567
.0566
.0566
.0566
.0565
.0565
.0564
.0564
.0563
.0563
.0562
.0562
.0562
.0561
.0561
.056
.056
.0559
.0559
.0558
.0558
.0558
.0557
.0557
.0556
.0556
.0555
.0555
.0555
.0554
.0554
.0553
.0553
.0552
.0552
.0552
.0551
.0551
.055
.055
.0549
.0549
.0549
.0548
.0548
.0547
.0547
.0546
.0546
.0546
.0545
.0545
.0544
.0544
.0543
.0543
.0543
.0542
.0542
.0541
.0541
.054
.054
.054
.0539
.0539
.0538
.0538
.0538
.0537
.0537
.0536
.0536
.0535
.0535
.0535
.0534
.0534
.0533
.0533
.0533
.0532
.0532
.0531
.0531
.053
.053
.053
.0529
.0529
.0528
.0528
.0528
.0527
.0527
.0526
.0526
.0526
.0525
.0525
.0524
.0524
.0523
.0523
.0523
.0522
.0522
.0521
.0521
.0521
.052
.052
.0519
.0519
.0519
.0518
.0518
.0517
.0517
.0517
.0516
.0516
.0515
.0515
.0515
.0514
.0514
.0513
.0513
.0513
.0512
.0512
.0511
.0511
.0511
.051
.051
.051
.0509
.0509
.0508
.0508
.0508
.0507
.0507
.0506
.0506
.0506
.0505
.0505
.0504
.0504
.0504
.0503
.0503
.0503
.0502
.0502
.0501
.0501
.0501
.05
.05
