.6084
.6057
.603
.6004
.5978
.5952
.5926
.5901
.5876
.5851
.5827
.5803
.5779
.5756
.5734
.5711
.569
.5668
.5648
.5627
.5607
.5588
.557
.5551
.5534
.5517
.55
.5484
.5469
.5454
.544
.5426
.5413
.5401
.5388
.5377
.5366
.5355
.5345
.5336
.5327
.5318
.531
.5302
.5295
.5288
.5281
.5275
.5269
.5263
.5258
.5253
.5248
.5244
.524
.5236
.5232
.5228
.5225
.5222
.5219
.5217
.5214
.5212
.5209
.5207
.5205
.5203
.5201
.52
.5198
.5197
.5195
.5194
.5193
.5192
.519
.5189
.5188
.5187
.5186
.5186
.5185
.5184
.5183
.5182
.5182
.5181
.518
.518
.5179
.5178
.5178
.5177
.5177
.5176
.5175
.5175
.5174
.5174
.5173
.5173
.5172
.5172
.5171
.5171
.517
.517
.5169
.5169
.5168
.5168
.5167
.5167
.5166
.5166
.5165
.5165
.5164
.5164
.5163
.5163
.5162
.5162
.5161
.5161
.516
.516
.5159
.5159
.5158
.5158
.5157
.5157
.5156
.5156
.5155
.5155
.5154
.5154
.5153
.5153
.5152
.5151
.5151
.515
.515
.5149
.5149
.5148
.5147
.5147
.5146
.5146
.5145
.5144
.5144
.5143
.5143
.5142
.5141
.5141
.514
.514
.5139
.5138
.5138
.5137
.5136
.5136
.5135
.5134
.5134
.5133
.5132
.5132
.5131
.513
.513
.5129
.5128
.5128
.5127
.5126
.5126
.5125
.5124
.5123
.5123
.5122
.5121
.512
.512
.5119
.5118
.5117
.5117
.5116
.5115
.5114
.5114
.5113
.5112
.5111
.511
.511
.5109
.5108
.5107
.5106
.5106
.5105
.5104
.5103
.5102
.5101
.51
.51
.5099
.5098
.5097
.5096
.5095
.5094
.5093
.5093
.5092
.5091
.509
.5089
.5088
.5087
.5086
.5085
.5084
.5083
.5082
.5081
.508
.5079
.5078
.5077
.5076
.5075
.5074
.5073
.5072
.5071
.507
.5069
.5068
.5067
.5066
.5065
.5064
.5063
.5062
.5061
.506
.5059
.5058
.5056
.5055
.5054
.5053
.5052
.5051
.505
.5049
.5047
.5046
.5045
.5044
.5043
.5042
.504
.5039
.5038
.5037
.5035
.5034
.5033
.5032
.5031
.5029
.5028
.5027
.5026
.5024
.5023
.5022
.502
.5019
.5018
.5016
.5015
.5014
.5012
.5011
.501
.5008
.5007
.5006
.5004
.5003
.5002
.5
.4999
.4997
.4996
.4994
.4993
.4992
.499
.4989
.4987
.4986
.4984
.4983
.4981
.498
.4978
.4977
.4975
.4974
.4972
.4971
.4969
.4968
.4966
.4964
.4963
.4961
.496
.4958
.4956
.4955
.4953
.4952
.495
.4948
.4947
.4945
.4943
.4942
.494
.4938
.4937
.4935
.4933
.4931
.493
.4928
.4926
.4924
.4923
.4921
.4919
.4917
.4916
.4914
.4912
.491
.4908
.4907
.4905
.4903
.4901
.4899
.4897
.4895
.4893
.4892
.489
.4888
.4886
.4884
.4882
.488
.4878
.4876
.4874
.4872
.487
.4868
.4866
.4864
.4862
.486
.4858
.4856
.4854
.4852
.485
.4848
.4846
.4844
.4842
.484
.4838
.4836
.4834
.4831
.4829
.4827
.4825
.4823
.4821
.4819
.4816
.4814
.4812
.481
.4808
.4805
.4803
.4801
.4799
.4797
.4794
.4792
.479
.4788
.4785
.4783
.4781
.4779
.4776
.4774
.4772
.4769
.4767
.4765
.4762
.476
.4758
.4755
.4753
.4751
.4748
.4746
.4743
.4741
.4739
.4736
.4734
.4731
.4729
.4727
.4724
.4722
.4719
.4717
.4714
.4712
.4709
.4707
.4704
.4702
.4699
.4697
.4694
.4692
.4689
.4687
.4684
.4682
.4679
.4677
.4674
.4671
.4669
.4666
.4664
.4661
.4659
.4656
.4653
.4651
.4648
.4645
.4643
.464
.4638
.4635
.4632
.463
.4627
.4624
.4622
.4619
.4616
.4614
.4611
.4608
.4605
.4603
.46
.4597
.4595
.4592
.4589
.4586
.4584
.4581
.4578
.4575
.4573
.457
.4567
.4564
.4562
.4559
.4556
.4553
.455
.4548
.4545
.4542
.4539
.4536
.4534
.4531
.4528
.4525
.4522
.4519
.4517
.4514
.4511
.4508
.4505
.4502
.45
.4497
.4494
.4491
.4488
.4485
.4482
.4479
.4476
.4474
.4471
.4468
.4465
.4462
.4459
.4456
.4453
.445
.4447
.4444
.4442
.4439
.4436
.4433
.443
.4427
.4424
.4421
.4418
.4415
.4412
.4409
.4406
.4403
.44
.4397
.4394
.4391
.4388
.4385
.4382
.4379
.4376
.4373
.437
.4367
.4364
.4361
.4358
.4355
.4352
.4349
.4346
.4343
.434
.4337
.4334
.4331
.4328
.4325
.4322
.4319
.4316
.4313
.431
.4307
.4304
.4301
.4298
.4295
.4292
.4289
.4286
.4282
.4279
.4276
.4273
.427
.4267
.4264
.4261
.4258
.4255
.4252
.4249
.4246
.4243
.424
.4236
.4233
.423
.4227
.4224
.4221
.4218
.4215
.4212
.4209
.4206
.4203
.4199
.4196
.4193
.419
.4187
.4184
.4181
.4178
.4175
.4172
.4169
.4165
.4162
.4159
.4156
.4153
.415
.4147
.4144
.4141
.4138
.4134
.4131
.4128
.4125
.4122
.4119
.4116
.4113
.411
.4106
.4103
.41
.4097
.4094
.4091
.4088
.4085
.4082
.4078
.4075
.4072
.4069
.4066
.4063
.406
.4057
.4053
.405
.4047
.4044
.4041
.4038
.4035
.4032
.4029
.4025
.4022
.4019
.4016
.4013
.401
.4007
.4004
.4001
.3997
.3994
.3991
.3988
.3985
.3982
.3979
.3976
.3972
.3969
.3966
.3963
.396
.3957
.3954
.3951
.3948
.3944
.3941
.3938
.3935
.3932
.3929
.3926
.3923
.392
.3916
.3913
.391
.3907
.3904
.3901
.3898
.3895
.3892
.3888
.3885
.3882
.3879
.3876
.3873
.387
.3867
.3864
.3861
.3857
.3854
.3851
.3848
.3845
.3842
.3839
.3836
.3833
.383
.3826
.3823
.382
.3817
.3814
.3811
.3808
.3805
.3802
.3799
.3796
.3792
.3789
.3786
.3783
.378
.3777
.3774
.3771
.3768
.3765
.3762
.3758
.3755
.3752
.3749
.3746
.3743
.374
.3737
.3734
.3731
.3728
.3725
.3722
.3718
.3715
.3712
.3709
.3706
.3703
.37
.3697
.3694
.3691
.3688
.3685
.3682
.3679
.3676
.3672
.3669
.3666
.3663
.366
.3657
.3654
.3651
.3648
.3645
.3642
.3639
.3636
.3633
.363
.3627
.3624
.3621
.3617
.3614
.3611
.3608
.3605
.3602
.3599
.3596
.3593
.359
.3587
.3584
.3581
.3578
.3575
.3572
.3569
.3566
.3563
.356
.3557
.3554
.3551
.3548
.3545
.3541
.3538
.3535
.3532
.3529
.3526
.3523
.352
.3517
.3514
.3511
.3508
.3505
.3502
.3499
.3496
.3493
.349
.3487
.3484
.3481
.3478
.3475
.3472
.3469
.3466
.3463
.346
.3457
.3454
.3451
.3448
.3445
.3442
.3439
.3436
.3433
.343
.3427
.3424
.3421
.3418
.3415
.3412
.3409
.3406
.3403
.34
.3397
.3394
.3391
.3388
.3385
.3382
.3379
.3376
.3373
.337
.3367
.3364
.3361
.3358
.3355
.3352
.3349
.3346
.3343
.334
.3337
.3334
.3331
.3328
.3325
.3322
.3319
.3316
.3313
.331
.3307
.3304
.3301
.3298
.3295
.3292
.3289
.3286
.3283
.3281
.3278
.3275
.3272
.3269
.3266
.3263
.326
.3257
.3254
.3251
.3248
.3245
.3242
.3239
.3236
.3233
.323
.3227
.3224
.3221
.3218
.3215
.3212
.3209
.3207
.3204
.3201
.3198
.3195
.3192
.3189
.3186
.3183
.318
.3177
.3174
.3171
.3168
.3165
.3162
.3159
.3156
.3154
.3151
.3148
.3145
.3142
.3139
.3136
.3133
.313
.3127
.3124
.3121
.3118
.3115
.3113
.311
.3107
.3104
.3101
.3098
.3095
.3092
.3089
.3086
.3083
.308
.3078
.3075
.3072
.3069
.3066
.3063
.306
.3057
.3054
.3051
.3049
.3046
.3043
.304
.3037
.3034
.3031
.3028
.3025
.3023
.302
.3017
.3014
.3011
.3008
.3005
.3002
.3
.2997
.2994
.2991
.2988
.2985
.2982
.2979
.2977
.2974
.2971
.2968
.2965
.2962
.2959
.2957
.2954
.2951
.2948
.2945
.2942
.294
.2937
.2934
.2931
.2928
.2925
.2922
.292
.2917
.2914
.2911
.2908
.2906
.2903
.29
.2897
.2894
.2891
.2889
.2886
.2883
.288
.2877
.2875
.2872
.2869
.2866
.2863
.2861
.2858
.2855
.2852
.2849
.2847
.2844
.2841
.2838
.2836
.2833
.283
.2827
.2824
.2822
.2819
.2816
.2813
.2811
.2808
.2805
.2802
.28
.2797
.2794
.2791
.2789
.2786
.2783
.278
.2778
.2775
.2772
.277
.2767
.2764
.2761
.2759
.2756
.2753
.2751
.2748
.2745
.2742
.274
.2737
.2734
.2732
.2729
.2726
.2724
.2721
.2718
.2715
.2713
.271
.2707
.2705
.2702
.2699
.2697
.2694
.2691
.2689
.2686
.2683
.2681
.2678
.2675
.2673
.267
.2668
.2665
.2662
.266
.2657
.2654
.2652
.2649
.2647
.2644
.2641
.2639
.2636
.2633
.2631
.2628
.2626
.2623
.262
.2618
.2615
.2613
.261
.2607
.2605
.2602
.26
.2597
.2595
.2592
.2589
.2587
.2584
.2582
.2579
.2577
.2574
.2572
.2569
.2566
.2564
.2561
.2559
.2556
.2554
.2551
.2549
.2546
.2544
.2541
.2539
.2536
.2534
.2531
.2529
.2526
.2524
.2521
.2519
.2516
.2514
.2511
.2509
.2506
.2504
.2501
.2499
.2496
.2494
.2491
.2489
.2486
.2484
.2481
.2479
.2477
.2474
.2472
.2469
.2467
.2464
.2462
.2459
.2457
.2455
.2452
.245
.2447
.2445
.2442
.244
.2438
.2435
.2433
.243
.2428
.2426
.2423
.2421
.2418
.2416
.2414
.2411
.2409
.2406
.2404
.2402
.2399
.2397
.2394
.2392
.239
.2387
.2385
.2383
.238
.2378
.2376
.2373
.2371
.2369
.2366
.2364
.2362
.2359
.2357
.2355
.2352
.235
.2348
.2345
.2343
.2341
.2338
.2336
.2334
.2331
.2329
.2327
.2324
.2322
.232
.2318
.2315
.2313
.2311
.2308
.2306
.2304
.2302
.2299
.2297
.2295
.2293
.229
.2288
.2286
.2283
.2281
.2279
.2277
.2274
.2272
.227
.2268
.2265
.2263
.2261
.2259
.2257
.2254
.2252
.225
.2248
.2245
.2243
.2241
.2239
.2237
.2234
.2232
.223
.2228
.2226
.2223
.2221
.2219
.2217
.2215
.2212
.221
.2208
.2206
.2204
.2201
.2199
.2197
.2195
.2193
.2191
.2188
.2186
.2184
.2182
.218
.2178
.2176
.2173
.2171
.2169
.2167
.2165
.2163
.2161
.2158
.2156
.2154
.2152
.215
.2148
.2146
.2144
.2141
.2139
.2137
.2135
.2133
.2131
.2129
.2127
.2125
.2122
.212
.2118
.2116
.2114
.2112
.211
.2108
.2106
.2104
.2102
.2099
.2097
.2095
.2093
.2091
.2089
.2087
.2085
.2083
.2081
.2079
.2077
.2075
.2073
.2071
.2069
.2067
.2065
.2062
.206
.2058
.2056
.2054
.2052
.205
.2048
.2046
.2044
.2042
.204
.2038
.2036
.2034
.2032
.203
.2028
.2026
.2024
.2022
.202
.2018
.2016
.2014
.2012
.201
.2008
.2006
.2004
.2002
.2
.1998
.1996
.1994
.1992
.199
.1988
.1986
.1984
.1982
.1981
.1979
.1977
.1975
.1973
.1971
.1969
.1967
.1965
.1963
.1961
.1959
.1957
.1955
.1953
.1951
.1949
.1947
.1946
.1944
.1942
.194
.1938
.1936
.1934
.1932
.193
.1928
.1926
.1924
.1923
.1921
.1919
.1917
.1915
.1913
.1911
.1909
.1907
.1905
.1904
.1902
.19
.1898
.1896
.1894
.1892
.189
.1889
.1887
.1885
.1883
.1881
.1879
.1877
.1876
.1874
.1872
.187
.1868
.1866
.1864
.1863
.1861
.1859
.1857
.1855
.1853
.1852
.185
.1848
.1846
.1844
.1842
.1841
.1839
.1837
.1835
.1833
.1831
.183
.1828
.1826
.1824
.1822
.1821
.1819
.1817
.1815
.1813
.1812
.181
.1808
.1806
.1804
.1803
.1801
.1799
.1797
.1796
.1794
.1792
.179
.1788
.1787
.1785
.1783
.1781
.178
.1778
.1776
.1774
.1773
.1771
.1769
.1767
.1766
.1764
.1762
.176
.1759
.1757
.1755
.1753
.1752
.175
.1748
.1747
.1745
.1743
.1741
.174
.1738
.1736
.1735
.1733
.1731
.1729
.1728
.1726
.1724
.1723
.1721
.1719
.1718
.1716
.1714
.1712
.1711
.1709
.1707
.1706
.1704
.1702
.1701
.1699
.1697
.1696
.1694
.1692
.1691
.1689
.1687
.1686
.1684
.1682
.1681
.1679
.1677
.1676
.1674
.1673
.1671
.1669
.1668
.1666
.1664
.1663
.1661
.1659
.1658
.1656
.1655
.1653
.1651
.165
.1648
.1646
.1645
.1643
.1642
.164
.1638
.1637
.1635
.1634
.1632
.163
.1629
.1627
.1626
.1624
.1623
.1621
.1619
.1618
.1616
.1615
.1613
.1611
.161
.1608
.1607
.1605
.1604
.1602
.1601
.1599
.1597
.1596
.1594
.1593
.1591
.159
.1588
.1587
.1585
.1584
.1582
.158
.1579
.1577
.1576
.1574
.1573
.1571
.157
.1568
.1567
.1565
.1564
.1562
.1561
.1559
.1558
.1556
.1555
.1553
.1552
.155
.1549
.1547
.1546
.1544
.1543
.1541
.154
.1538
.1537
.1535
.1534
.1532
.1531
.153
.1528
.1527
.1525
.1524
.1522
.1521
.1519
.1518
.1516
.1515
.1514
.1512
.1511
.1509
.1508
.1506
.1505
.1503
.1502
.1501
.1499
.1498
.1496
.1495
.1494
.1492
.1491
.1489
.1488
.1486
.1485
.1484
.1482
.1481
.1479
.1478
.1477
.1475
.1474
.1472
.1471
.147
.1468
.1467
.1466
.1464
.1463
.1461
.146
.1459
.1457
.1456
.1455
.1453
.1452
.1451
.1449
.1448
.1446
.1445
.1444
.1442
.1441
.144
.1438
.1437
.1436
.1434
.1433
.1432
.143
.1429
.1428
.1426
.1425
.1424
.1422
.1421
.142
.1418
.1417
.1416
.1415
.1413
.1412
.1411
.1409
.1408
.1407
.1405
.1404
.1403
.1402
.14
.1399
.1398
.1396
.1395
.1394
.1393
.1391
.139
.1389
.1387
.1386
.1385
.1384
.1382
.1381
.138
.1379
.1377
.1376
.1375
.1374
.1372
.1371
.137
.1369
.1367
.1366
.1365
.1364
.1362
.1361
.136
.1359
.1358
.1356
.1355
.1354
.1353
.1351
.135
.1349
.1348
.1347
.1345
.1344
.1343
.1342
.1341
.1339
.1338
.1337
.1336
.1335
.1333
.1332
.1331
.133
.1329
.1327
.1326
.1325
.1324
.1323
.1322
.132
.1319
.1318
.1317
.1316
.1315
.1313
.1312
.1311
.131
.1309
.1308
.1306
.1305
.1304
.1303
.1302
.1301
.13
.1298
.1297
.1296
.1295
.1294
.1293
.1292
.129
.1289
.1288
.1287
.1286
.1285
.1284
.1283
.1281
.128
.1279
.1278
.1277
.1276
.1275
.1274
.1273
.1271
.127
.1269
.1268
.1267
.1266
.1265
.1264
.1263
.1262
.1261
.1259
.1258
.1257
.1256
.1255
.1254
.1253
.1252
.1251
.125
.1249
.1248
.1247
.1245
.1244
.1243
.1242
.1241
.124
.1239
.1238
.1237
.1236
.1235
.1234
.1233
.1232
.1231
.123
.1229
.1228
.1227
.1225
.1224
.1223
.1222
.1221
.122
.1219
.1218
.1217
.1216
.1215
.1214
.1213
.1212
.1211
.121
.1209
.1208
.1207
.1206
.1205
.1204
.1203
.1202
.1201
.12
.1199
.1198
.1197
.1196
.1195
.1194
.1193
.1192
.1191
.119
.1189
.1188
.1187
.1186
.1185
.1184
.1183
.1182
.1181
.118
.1179
.1178
.1177
.1176
.1175
.1174
.1173
.1172
.1171
.1171
.117
.1169
.1168
.1167
.1166
.1165
.1164
.1163
.1162
.1161
.116
.1159
.1158
.1157
.1156
.1155
.1154
.1153
.1152
.1152
.1151
.115
.1149
.1148
.1147
.1146
.1145
.1144
.1143
.1142
.1141
.114
.1139
.1139
.1138
.1137
.1136
.1135
.1134
.1133
.1132
.1131
.113
.1129
.1129
.1128
.1127
.1126
.1125
.1124
.1123
.1122
.1121
.112
.112
.1119
.1118
.1117
.1116
.1115
.1114
.1113
.1112
.1112
.1111
.111
.1109
.1108
.1107
.1106
.1105
.1104
.1104
.1103
.1102
.1101
.11
.1099
.1098
.1098
.1097
.1096
.1095
.1094
.1093
.1092
.1091
.1091
.109
.1089
.1088
.1087
.1086
.1085
.1085
.1084
.1083
.1082
.1081
.108
.108
.1079
.1078
.1077
.1076
.1075
.1075
.1074
.1073
.1072
.1071
.107
.1069
.1069
.1068
.1067
.1066
.1065
.1065
.1064
.1063
.1062
.1061
.106
.106
.1059
.1058
.1057
.1056
.1056
.1055
.1054
.1053
.1052
.1051
.1051
.105
.1049
.1048
.1047
.1047
.1046
.1045
.1044
.1043
.1043
.1042
.1041
.104
.1039
.1039
.1038
.1037
.1036
.1035
.1035
.1034
.1033
.1032
.1032
.1031
.103
.1029
.1028
.1028
.1027
.1026
.1025
.1024
.1024
.1023
.1022
.1021
.1021
.102
.1019
.1018
.1018
.1017
.1016
.1015
.1014
.1014
.1013
.1012
.1011
.1011
.101
.1009
.1008
.1008
.1007
.1006
.1005
.1005
.1004
.1003
.1002
.1002
.1001
.1
.0999
.0999
.0998
.0997
.0996
.0996
.0995
.0994
.0993
.0993
.0992
.0991
.099
.099
.0989
.0988
.0987
.0987
.0986
.0985
.0984
.0984
.0983
.0982
.0982
.0981
.098
.0979
.0979
.0978
.0977
.0976
.0976
.0975
.0974
.0974
.0973
.0972
.0971
.0971
.097
.0969
.0969
.0968
.0967
.0966
.0966
.0965
.0964
.0964
.0963
.0962
.0961
.0961
.096
.0959
.0959
.0958
.0957
.0957
.0956
.0955
.0954
.0954
.0953
.0952
.0952
.0951
.095
.095
.0949
.0948
.0947
.0947
.0946
.0945
.0945
.0944
.0943
.0943
.0942
.0941
.0941
.094
.0939
.0939
.0938
.0937
.0937
.0936
.0935
.0934
.0934
.0933
.0932
.0932
.0931
.093
.093
.0929
.0928
.0928
.0927
.0926
.0926
.0925
.0924
.0924
.0923
.0922
.0922
.0921
.092
.092
.0919
.0918
.0918
.0917
.0916
.0916
.0915
.0914
.0914
.0913
.0913
.0912
.0911
.0911
.091
.0909
.0909
.0908
.0907
.0907
.0906
.0905
.0905
.0904
.0903
.0903
.0902
.0901
.0901
.09
.09
.0899
.0898
.0898
.0897
.0896
.0896
.0895
.0894
.0894
.0893
.0893
.0892
.0891
.0891
.089
.0889
.0889
.0888
.0887
.0887
.0886
.0886
.0885
.0884
.0884
.0883
.0882
.0882
.0881
.0881
.088
.0879
.0879
.0878
.0877
.0877
.0876
.0876
.0875
.0874
.0874
.0873
.0873
.0872
.0871
.0871
.087
.0869
.0869
.0868
.0868
.0867
.0866
.0866
.0865
.0865
.0864
.0863
.0863
.0862
.0862
.0861
.086
.086
.0859
.0859
.0858
.0857
.0857
.0856
.0856
.0855
.0854
.0854
.0853
.0853
.0852
.0851
.0851
.085
.085
.0849
.0848
.0848
.0847
.0847
.0846
.0845
.0845
.0844
.0844
.0843
.0843
.0842
.0841
.0841
.084
.084
.0839
.0838
.0838
.0837
.0837
.0836
.0836
.0835
.0834
.0834
.0833
.0833
.0832
.0831
.0831
.083
.083
.0829
.0829
.0828
.0827
.0827
.0826
.0826
.0825
.0825
.0824
.0823
.0823
.0822
.0822
.0821
.0821
.082
.0819
.0819
.0818
.0818
.0817
.0817
.0816
.0816
.0815
.0814
.0814
.0813
.0813
.0812
.0812
.0811
.081
.081
.0809
.0809
.0808
.0808
.0807
.0807
.0806
.0805
.0805
.0804
.0804
.0803
.0803
.0802
.0802
.0801
.0801
.08
.0799
.0799
.0798
.0798
.0797
.0797
.0796
.0796
.0795
.0795
.0794
.0793
.0793
.0792
.0792
.0791
.0791
.079
.079
.0789
.0789
.0788
.0787
.0787
.0786
.0786
.0785
.0785
.0784
.0784
.0783
.0783
.0782
.0782
.0781
.0781
.078
.0779
.0779
.0778
.0778
.0777
.0777
.0776
.0776
.0775
.0775
.0774
.0774
.0773
.0773
.0772
.0772
.0771
.0771
.077
.0769
.0769
.0768
.0768
.0767
.0767
.0766
.0766
.0765
.0765
.0764
.0764
.0763
.0763
.0762
.0762
.0761
.0761
.076
.076
.0759
.0759
.0758
.0758
.0757
.0757
.0756
.0756
.0755
.0755
.0754
.0753
.0753
.0752
.0752
.0751
.0751
.075
.075
.0749
.0749
.0748
.0748
.0747
.0747
.0746
.0746
.0745
.0745
.0744
.0744
.0743
.0743
.0742
.0742
.0741
.0741
.074
.074
.0739
.0739
.0738
.0738
.0737
.0737
.0736
.0736
.0735
.0735
.0734
.0734
.0733
.0733
.0732
.0732
.0731
.0731
.073
.073
.073
.0729
.0729
.0728
.0728
.0727
.0727
.0726
.0726
.0725
.0725
.0724
.0724
.0723
.0723
.0722
.0722
.0721
.0721
.072
.072
.0719
.0719
.0718
.0718
.0717
.0717
.0716
.0716
.0715
.0715
.0714
.0714
.0714
.0713
.0713
.0712
.0712
.0711
.0711
.071
.071
.0709
.0709
.0708
.0708
.0707
.0707
.0706
.0706
.0705
.0705
.0705
.0704
.0704
.0703
.0703
.0702
.0702
.0701
.0701
.07
.07
.0699
.0699
.0698
.0698
.0697
.0697
.0697
.0696
.0696
.0695
.0695
.0694
.0694
.0693
.0693
.0692
.0692
.0691
.0691
.0691
.069
.069
.0689
.0689
.0688
.0688
.0687
.0687
.0686
.0686
.0685
.0685
.0685
.0684
.0684
.0683
.0683
.0682
.0682
.0681
.0681
.068
.068
.068
.0679
.0679
.0678
.0678
.0677
.0677
.0676
.0676
.0675
.0675
.0675
.0674
.0674
.0673
.0673
.0672
.0672
.0671
.0671
.0671
.067
.067
.0669
.0669
.0668
.0668
.0667
.0667
.0667
.0666
.0666
.0665
.0665
.0664
.0664
.0663
.0663
.0663
.0662
.0662
.0661
.0661
.066
.066
.0659
.0659
.0659
.0658
.0658
.0657
.0657
.0656
.0656
.0656
.0655
.0655
.0654
.0654
.0653
.0653
.0653
.0652
.0652
.0651
.0651
.065
.065
.0649
.0649
.0649
.0648
.0648
.0647
.0647
.0646
.0646
.0646
.0645
.0645
.0644
.0644
.0643
.0643
.0643
.0642
.0642
.0641
.0641
.064
.064
.064
.0639
.0639
.0638
.0638
.0637
.0637
.0637
.0636
.0636
.0635
.0635
.0635
.0634
.0634
.0633
.0633
.0632
.0632
.0632
.0631
.0631
.063
.063
.0629
.0629
.0629
.0628
.0628
.0627
.0627
.0627
.0626
.0626
.0625
.0625
.0624
.0624
.0624
.0623
.0623
.0622
.0622
.0622
.0621
.0621
.062
.062
.0619
.0619
.0619
.0618
.0618
.0617
.0617
.0617
.0616
.0616
.0615
.0615
.0615
.0614
.0614
.0613
.0613
.0613
.0612
.0612
.0611
.0611
.061
.061
.061
.0609
.0609
.0608
.0608
.0608
.0607
.0607
.0606
.0606
.0606
.0605
.0605
.0604
.0604
.0604
.0603
.0603
.0602
.0602
.0602
.0601
.0601
.06
.06
.06
.0599
.0599
.0598
.0598
.0598
.0597
.0597
.0596
.0596
.0596
.0595
.0595
.0594
.0594
.0594
.0593
.0593
.0592
.0592
.0592
.0591
.0591
.059
.059
.059
.0589
.0589
.0588
.0588
.0588
.0587
.0587
.0587
.0586
.0586
.0585
.0585
.0585
.0584
.0584
.0583
.0583
.0583
.0582
.0582
.0581
.0581
.0581
.058
.058
.0579
.0579
.0579
.0578
.0578
.0578
.0577
.0577
.0576
.0576
.0576
.0575
.0575
.0574
.0574
.0574
.0573
.0573
.0573
.0572
.0572
.0571
.0571
.0571
.057
.057
.0569
.0569
.0569
.0568
.0568
.0568
.0567
.0567
.0566
.0566
.0566
.0565
.0565
.0565
.0564
.0564
.0563
.0563
.0563
.0562
.0562
.0562
.0561
.0561
.056
.056
.056
.0559
.0559
.0559
.0558
.0558
.0557
.0557
.0557
.0556
.0556
.0556
.0555
.0555
.0554
.0554
.0554
.0553
.0553
.0553
.0552
.0552
.0551
.0551
.0551
.055
.055
.055
.0549
.0549
.0548
.0548
.0548
.0547
.0547
.0547
.0546
.0546
.0546
.0545
.0545
.0544
.0544
.0544
.0543
.0543
.0543
.0542
.0542
.0542
.0541
.0541
.054
.054
.054
.0539
.0539
.0539
.0538
.0538
.0538
.0537
.0537
.0536
.0536
.0536
.0535
.0535
.0535
.0534
.0534
.0534
.0533
.0533
.0532
.0532
.0532
.0531
.0531
.0531
.053
.053
.053
.0529
.0529
.0529
.0528
.0528
.0527
.0527
.0527
.0526
.0526
.0526
.0525
.0525
.0525
.0524
.0524
.0524
.0523
.0523
.0523
.0522
.0522
.0521
.0521
.0521
.052
.052
.052
.0519
.0519
.0519
.0518
.0518
.0518
.0517
.0517
.0517
.0516
.0516
.0515
.0515
.0515
.0514
.0514
.0514
.0513
.0513
.0513
.0512
.0512
.0512
.0511
.0511
.0511
.051
.051
.051
.0509
.0509
.0509
.0508
.0508
.0508
.0507
.0507
.0506
.0506
.0506
.0505
.0505
.0505
.0504
.0504
.0504
.0503
.0503
.0503
.0502
.0502
.0502
.0501
.0501
.0501
.05
.05
