.6498
.6466
.6433
.64
.6367
.6334
.63
.6267
.6234
.62
.6167
.6134
.6101
.6068
.6036
.6003
.5971
.5939
.5908
.5877
.5846
.5816
.5787
.5758
.573
.5702
.5675
.5648
.5623
.5598
.5573
.555
.5527
.5505
.5484
.5464
.5444
.5426
.5408
.539
.5374
.5358
.5343
.5329
.5315
.5302
.529
.5278
.5267
.5257
.5247
.5237
.5228
.522
.5212
.5205
.5198
.5191
.5185
.5179
.5174
.5169
.5164
.5159
.5155
.5151
.5147
.5144
.5141
.5138
.5135
.5132
.513
.5127
.5125
.5123
.5121
.5119
.5118
.5116
.5115
.5113
.5112
.5111
.511
.5109
.5108
.5107
.5106
.5105
.5104
.5104
.5103
.5102
.5102
.5101
.5101
.51
.51
.51
.5099
.5099
.5098
.5098
.5098
.5098
.5097
.5097
.5097
.5097
.5096
.5096
.5096
.5096
.5096
.5095
.5095
.5095
.5095
.5095
.5095
.5095
.5095
.5094
.5094
.5094
.5094
.5094
.5094
.5094
.5094
.5094
.5094
.5094
.5093
.5093
.5093
.5093
.5093
.5093
.5093
.5093
.5093
.5093
.5093
.5093
.5093
.5093
.5092
.5092
.5092
.5092
.5092
.5092
.5092
.5092
.5092
.5092
.5092
.5092
.5092
.5092
.5092
.5092
.5092
.5092
.5091
.5091
.5091
.5091
.5091
.5091
.5091
.5091
.5091
.5091
.5091
.5091
.5091
.5091
.5091
.5091
.5091
.5091
.509
.509
.509
.509
.509
.509
.509
.509
.509
.509
.509
.509
.509
.509
.509
.509
.509
.509
.509
.5089
.5089
.5089
.5089
.5089
.5089
.5089
.5089
.5089
.5089
.5089
.5089
.5089
.5089
.5089
.5089
.5089
.5089
.5089
.5088
.5088
.5088
.5088
.5088
.5088
.5088
.5088
.5088
.5088
.5088
.5088
.5088
.5088
.5088
.5088
.5088
.5088
.5088
.5087
.5087
.5087
.5087
.5087
.5087
.5087
.5087
.5087
.5087
.5087
.5087
.5087
.5087
.5087
.5087
.5087
.5087
.5087
.5086
.5086
.5086
.5086
.5086
.5086
.5086
.5086
.5086
.5086
.5086
.5086
.5086
.5086
.5086
.5086
.5086
.5086
.5086
.5085
.5085
.5085
.5085
.5085
.5085
.5085
.5085
.5085
.5085
.5085
.5085
.5085
.5085
.5085
.5085
.5085
.5085
.5085
.5084
.5084
.5084
.5084
.5084
.5084
.5084
.5084
.5084
.5084
.5084
.5084
.5084
.5084
.5084
.5084
.5084
.5084
.5084
.5083
.5083
.5083
.5083
.5083
.5083
.5083
.5083
.5083
.5083
.5083
.5083
.5083
.5083
.5083
.5083
.5083
.5083
.5083
.5082
.5082
.5082
.5082
.5082
.5082
.5082
.5082
.5082
.5082
.5082
.5082
.5082
.5082
.5082
.5082
.5082
.5082
.5082
.5081
.5081
.5081
.5081
.5081
.5081
.5081
.5081
.5081
.5081
.5081
.5081
.5081
.5081
.5081
.5081
.5081
.5081
.508
.508
.508
.508
.508
.508
.508
.508
.508
.508
.508
.508
.508
.508
.508
.508
.508
.508
.508
.5079
.5079
.5079
.5079
.5079
.5079
.5079
.5079
.5079
.5079
.5079
.5079
.5079
.5079
.5079
.5079
.5079
.5079
.5079
.5078
.5078
.5078
.5078
.5078
.5078
.5078
.5078
.5078
.5078
.5078
.5078
.5078
.5078
.5078
.5078
.5078
.5078
.5077
.5077
.5077
.5077
.5077
.5077
.5077
.5077
.5077
.5077
.5077
.5077
.5077
.5077
.5077
.5077
.5077
.5077
.5076
.5076
.5076
.5076
.5076
.5076
.5076
.5076
.5076
.5076
.5076
.5076
.5076
.5076
.5076
.5076
.5076
.5076
.5075
.5075
.5075
.5075
.5075
.5075
.5075
.5075
.5075
.5075
.5075
.5075
.5075
.5075
.5075
.5075
.5075
.5075
.5074
.5074
.5074
.5074
.5074
.5074
.5074
.5074
.5074
.5074
.5074
.5074
.5074
.5074
.5074
.5074
.5074
.5074
.5073
.5073
.5073
.5073
.5073
.5073
.5073
.5073
.5073
.5073
.5073
.5073
.5073
.5073
.5073
.5073
.5073
.5073
.5072
.5072
.5072
.5072
.5072
.5072
.5072
.5072
.5072
.5072
.5072
.5072
.5072
.5072
.5072
.5072
.5072
.5071
.5071
.5071
.5071
.5071
.5071
.5071
.5071
.5071
.5071
.5071
.5071
.5071
.5071
.5071
.5071
.5071
.507
.507
.507
.507
.507
.507
.507
.507
.507
.507
.507
.507
.507
.507
.507
.507
.507
.5069
.5069
.5069
.5069
.5069
.5069
.5069
.5069
.5069
.5069
.5069
.5069
.5069
.5069
.5069
.5069
.5069
.5068
.5068
.5068
.5068
.5068
.5068
.5068
.5068
.5068
.5068
.5068
.5068
.5068
.5068
.5068
.5068
.5067
.5067
.5067
.5067
.5067
.5067
.5067
.5067
.5067
.5067
.5067
.5067
.5067
.5067
.5067
.5067
.5067
.5066
.5066
.5066
.5066
.5066
.5066
.5066
.5066
.5066
.5066
.5066
.5066
.5066
.5066
.5066
.5066
.5065
.5065
.5065
.5065
.5065
.5065
.5065
.5065
.5065
.5065
.5065
.5065
.5065
.5065
.5065
.5065
.5064
.5064
.5064
.5064
.5064
.5064
.5064
.5064
.5064
.5064
.5064
.5064
.5064
.5064
.5064
.5063
.5063
.5063
.5063
.5063
.5063
.5063
.5063
.5063
.5063
.5063
.5063
.5063
.5063
.5063
.5063
.5062
.5062
.5062
.5062
.5062
.5062
.5062
.5062
.5062
.5062
.5062
.5062
.5062
.5062
.5062
.5061
.5061
.5061
.5061
.5061
.5061
.5061
.5061
.5061
.5061
.5061
.5061
.5061
.5061
.5061
.506
.506
.506
.506
.506
.506
.506
.506
.506
.506
.506
.506
.506
.506
.506
.5059
.5059
.5059
.5059
.5059
.5059
.5059
.5059
.5059
.5059
.5059
.5059
.5059
.5059
.5058
.5058
.5058
.5058
.5058
.5058
.5058
.5058
.5058
.5058
.5058
.5058
.5058
.5058
.5057
.5057
.5057
.5057
.5057
.5057
.5057
.5057
.5057
.5057
.5057
.5057
.5057
.5057
.5056
.5056
.5056
.5056
.5056
.5056
.5056
.5056
.5056
.5056
.5056
.5056
.5056
.5056
.5055
.5055
.5055
.5055
.5055
.5055
.5055
.5055
.5055
.5055
.5055
.5055
.5055
.5054
.5054
.5054
.5054
.5054
.5054
.5054
.5054
.5054
.5054
.5054
.5054
.5054
.5053
.5053
.5053
.5053
.5053
.5053
.5053
.5053
.5053
.5053
.5053
.5053
.5053
.5052
.5052
.5052
.5052
.5052
.5052
.5052
.5052
.5052
.5052
.5052
.5052
.5052
.5051
.5051
.5051
.5051
.5051
.5051
.5051
.5051
.5051
.5051
.5051
.5051
.505
.505
.505
.505
.505
.505
.505
.505
.505
.505
.505
.505
.5049
.5049
.5049
.5049
.5049
.5049
.5049
.5049
.5049
.5049
.5049
.5048
.5048
.5048
.5048
.5048
.5048
.5048
.5048
.5048
.5048
.5048
.5048
.5047
.5047
.5047
.5047
.5047
.5047
.5047
.5047
.5047
.5047
.5047
.5046
.5046
.5046
.5046
.5046
.5046
.5046
.5046
.5046
.5046
.5045
.5045
.5045
.5045
.5045
.5045
.5045
.5045
.5045
.5045
.5045
.5044
.5044
.5044
.5044
.5044
.5044
.5044
.5044
.5044
.5044
.5043
.5043
.5043
.5043
.5043
.5043
.5043
.5043
.5043
.5043
.5042
.5042
.5042
.5042
.5042
.5042
.5042
.5042
.5042
.5041
.5041
.5041
.5041
.5041
.5041
.5041
.5041
.5041
.504
.504
.504
.504
.504
.504
.504
.504
.504
.5039
.5039
.5039
.5039
.5039
.5039
.5039
.5039
.5039
.5038
.5038
.5038
.5038
.5038
.5038
.5038
.5038
.5037
.5037
.5037
.5037
.5037
.5037
.5037
.5037
.5036
.5036
.5036
.5036
.5036
.5036
.5036
.5036
.5035
.5035
.5035
.5035
.5035
.5035
.5035
.5035
.5034
.5034
.5034
.5034
.5034
.5034
.5034
.5033
.5033
.5033
.5033
.5033
.5033
.5033
.5032
.5032
.5032
.5032
.5032
.5032
.5032
.5031
.5031
.5031
.5031
.5031
.5031
.5031
.503
.503
.503
.503
.503
.503
.5029
.5029
.5029
.5029
.5029
.5029
.5029
.5028
.5028
.5028
.5028
.5028
.5028
.5027
.5027
.5027
.5027
.5027
.5027
.5026
.5026
.5026
.5026
.5026
.5026
.5025
.5025
.5025
.5025
.5025
.5024
.5024
.5024
.5024
.5024
.5024
.5023
.5023
.5023
.5023
.5023
.5022
.5022
.5022
.5022
.5022
.5021
.5021
.5021
.5021
.5021
.502
.502
.502
.502
.502
.5019
.5019
.5019
.5019
.5018
.5018
.5018
.5018
.5018
.5017
.5017
.5017
.5017
.5017
.5016
.5016
.5016
.5016
.5015
.5015
.5015
.5015
.5014
.5014
.5014
.5014
.5013
.5013
.5013
.5013
.5012
.5012
.5012
.5012
.5011
.5011
.5011
.5011
.501
.501
.501
.501
.5009
.5009
.5009
.5008
.5008
.5008
.5008
.5007
.5007
.5007
.5006
.5006
.5006
.5006
.5005
.5005
.5005
.5004
.5004
.5004
.5003
.5003
.5003
.5003
.5002
.5002
.5002
.5001
.5001
.5001
.5
.5
.5
.4999
.4999
.4999
.4998
.4998
.4998
.4997
.4997
.4996
.4996
.4996
.4995
.4995
.4995
.4994
.4994
.4993
.4993
.4993
.4992
.4992
.4992
.4991
.4991
.499
.499
.499
.4989
.4989
.4988
.4988
.4987
.4987
.4987
.4986
.4986
.4985
.4985
.4984
.4984
.4983
.4983
.4983
.4982
.4982
.4981
.4981
.498
.498
.4979
.4979
.4978
.4978
.4977
.4977
.4976
.4976
.4975
.4975
.4974
.4974
.4973
.4973
.4972
.4971
.4971
.497
.497
.4969
.4969
.4968
.4968
.4967
.4966
.4966
.4965
.4965
.4964
.4963
.4963
.4962
.4962
.4961
.496
.496
.4959
.4958
.4958
.4957
.4956
.4956
.4955
.4954
.4954
.4953
.4952
.4952
.4951
.495
.4949
.4949
.4948
.4947
.4947
.4946
.4945
.4944
.4944
.4943
.4942
.4941
.494
.494
.4939
.4938
.4937
.4936
.4936
.4935
.4934
.4933
.4932
.4931
.493
.493
.4929
.4928
.4927
.4926
.4925
.4924
.4923
.4922
.4921
.492
.4919
.4919
.4918
.4917
.4916
.4915
.4914
.4913
.4912
.4911
.491
.4908
.4907
.4906
.4905
.4904
.4903
.4902
.4901
.49
.4899
.4898
.4897
.4895
.4894
.4893
.4892
.4891
.489
.4888
.4887
.4886
.4885
.4883
.4882
.4881
.488
.4878
.4877
.4876
.4875
.4873
.4872
.4871
.4869
.4868
.4867
.4865
.4864
.4862
.4861
.486
.4858
.4857
.4855
.4854
.4852
.4851
.485
.4848
.4847
.4845
.4844
.4842
.484
.4839
.4837
.4836
.4834
.4833
.4831
.4829
.4828
.4826
.4824
.4823
.4821
.4819
.4818
.4816
.4814
.4812
.4811
.4809
.4807
.4805
.4804
.4802
.48
.4798
.4796
.4794
.4793
.4791
.4789
.4787
.4785
.4783
.4781
.4779
.4777
.4775
.4773
.4771
.4769
.4767
.4765
.4763
.4761
.4759
.4757
.4755
.4753
.4751
.4748
.4746
.4744
.4742
.474
.4738
.4735
.4733
.4731
.4729
.4726
.4724
.4722
.472
.4717
.4715
.4713
.471
.4708
.4705
.4703
.4701
.4698
.4696
.4693
.4691
.4688
.4686
.4684
.4681
.4679
.4676
.4673
.4671
.4668
.4666
.4663
.4661
.4658
.4655
.4653
.465
.4647
.4645
.4642
.4639
.4637
.4634
.4631
.4628
.4626
.4623
.462
.4617
.4615
.4612
.4609
.4606
.4603
.46
.4597
.4595
.4592
.4589
.4586
.4583
.458
.4577
.4574
.4571
.4568
.4565
.4562
.4559
.4556
.4553
.455
.4547
.4544
.4541
.4538
.4535
.4531
.4528
.4525
.4522
.4519
.4516
.4512
.4509
.4506
.4503
.45
.4496
.4493
.449
.4487
.4483
.448
.4477
.4474
.447
.4467
.4464
.446
.4457
.4454
.445
.4447
.4443
.444
.4437
.4433
.443
.4426
.4423
.442
.4416
.4413
.4409
.4406
.4402
.4399
.4395
.4392
.4388
.4385
.4381
.4378
.4374
.4371
.4367
.4364
.436
.4356
.4353
.4349
.4346
.4342
.4338
.4335
.4331
.4328
.4324
.432
.4317
.4313
.4309
.4306
.4302
.4298
.4295
.4291
.4287
.4284
.428
.4276
.4272
.4269
.4265
.4261
.4258
.4254
.425
.4246
.4243
.4239
.4235
.4231
.4227
.4224
.422
.4216
.4212
.4209
.4205
.4201
.4197
.4193
.4189
.4186
.4182
.4178
.4174
.417
.4167
.4163
.4159
.4155
.4151
.4147
.4143
.414
.4136
.4132
.4128
.4124
.412
.4116
.4113
.4109
.4105
.4101
.4097
.4093
.4089
.4085
.4081
.4078
.4074
.407
.4066
.4062
.4058
.4054
.405
.4046
.4042
.4039
.4035
.4031
.4027
.4023
.4019
.4015
.4011
.4007
.4003
.3999
.3995
.3992
.3988
.3984
.398
.3976
.3972
.3968
.3964
.396
.3956
.3952
.3948
.3944
.3941
.3937
.3933
.3929
.3925
.3921
.3917
.3913
.3909
.3905
.3901
.3897
.3894
.389
.3886
.3882
.3878
.3874
.387
.3866
.3862
.3858
.3854
.3851
.3847
.3843
.3839
.3835
.3831
.3827
.3823
.3819
.3815
.3812
.3808
.3804
.38
.3796
.3792
.3788
.3784
.3781
.3777
.3773
.3769
.3765
.3761
.3757
.3753
.375
.3746
.3742
.3738
.3734
.373
.3727
.3723
.3719
.3715
.3711
.3707
.3704
.37
.3696
.3692
.3688
.3684
.3681
.3677
.3673
.3669
.3665
.3662
.3658
.3654
.365
.3647
.3643
.3639
.3635
.3631
.3628
.3624
.362
.3616
.3613
.3609
.3605
.3601
.3598
.3594
.359
.3586
.3583
.3579
.3575
.3572
.3568
.3564
.356
.3557
.3553
.3549
.3546
.3542
.3538
.3535
.3531
.3527
.3524
.352
.3516
.3513
.3509
.3505
.3502
.3498
.3495
.3491
.3487
.3484
.348
.3476
.3473
.3469
.3466
.3462
.3458
.3455
.3451
.3448
.3444
.3441
.3437
.3433
.343
.3426
.3423
.3419
.3416
.3412
.3409
.3405
.3402
.3398
.3395
.3391
.3388
.3384
.3381
.3377
.3374
.337
.3367
.3363
.336
.3356
.3353
.3349
.3346
.3342
.3339
.3336
.3332
.3329
.3325
.3322
.3318
.3315
.3312
.3308
.3305
.3301
.3298
.3295
.3291
.3288
.3285
.3281
.3278
.3275
.3271
.3268
.3264
.3261
.3258
.3254
.3251
.3248
.3245
.3241
.3238
.3235
.3231
.3228
.3225
.3222
.3218
.3215
.3212
.3208
.3205
.3202
.3199
.3195
.3192
.3189
.3186
.3183
.3179
.3176
.3173
.317
.3166
.3163
.316
.3157
.3154
.3151
.3147
.3144
.3141
.3138
.3135
.3132
.3128
.3125
.3122
.3119
.3116
.3113
.311
.3107
.3104
.31
.3097
.3094
.3091
.3088
.3085
.3082
.3079
.3076
.3073
.307
.3067
.3064
.3061
.3057
.3054
.3051
.3048
.3045
.3042
.3039
.3036
.3033
.303
.3027
.3024
.3021
.3018
.3015
.3012
.301
.3007
.3004
.3001
.2998
.2995
.2992
.2989
.2986
.2983
.298
.2977
.2974
.2971
.2969
.2966
.2963
.296
.2957
.2954
.2951
.2948
.2945
.2943
.294
.2937
.2934
.2931
.2928
.2926
.2923
.292
.2917
.2914
.2911
.2909
.2906
.2903
.29
.2897
.2895
.2892
.2889
.2886
.2884
.2881
.2878
.2875
.2872
.287
.2867
.2864
.2862
.2859
.2856
.2853
.2851
.2848
.2845
.2842
.284
.2837
.2834
.2832
.2829
.2826
.2824
.2821
.2818
.2816
.2813
.281
.2808
.2805
.2802
.28
.2797
.2794
.2792
.2789
.2787
.2784
.2781
.2779
.2776
.2774
.2771
.2768
.2766
.2763
.2761
.2758
.2755
.2753
.275
.2748
.2745
.2743
.274
.2737
.2735
.2732
.273
.2727
.2725
.2722
.272
.2717
.2715
.2712
.271
.2707
.2705
.2702
.27
.2697
.2695
.2692
.269
.2687
.2685
.2682
.268
.2677
.2675
.2673
.267
.2668
.2665
.2663
.266
.2658
.2656
.2653
.2651
.2648
.2646
.2643
.2641
.2639
.2636
.2634
.2631
.2629
.2627
.2624
.2622
.262
.2617
.2615
.2612
.261
.2608
.2605
.2603
.2601
.2598
.2596
.2594
.2591
.2589
.2587
.2584
.2582
.258
.2577
.2575
.2573
.2571
.2568
.2566
.2564
.2561
.2559
.2557
.2555
.2552
.255
.2548
.2545
.2543
.2541
.2539
.2536
.2534
.2532
.253
.2527
.2525
.2523
.2521
.2519
.2516
.2514
.2512
.251
.2507
.2505
.2503
.2501
.2499
.2496
.2494
.2492
.249
.2488
.2486
.2483
.2481
.2479
.2477
.2475
.2473
.247
.2468
.2466
.2464
.2462
.246
.2458
.2455
.2453
.2451
.2449
.2447
.2445
.2443
.2441
.2438
.2436
.2434
.2432
.243
.2428
.2426
.2424
.2422
.242
.2417
.2415
.2413
.2411
.2409
.2407
.2405
.2403
.2401
.2399
.2397
.2395
.2393
.2391
.2389
.2387
.2384
.2382
.238
.2378
.2376
.2374
.2372
.237
.2368
.2366
.2364
.2362
.236
.2358
.2356
.2354
.2352
.235
.2348
.2346
.2344
.2342
.234
.2338
.2336
.2334
.2332
.2331
.2329
.2327
.2325
.2323
.2321
.2319
.2317
.2315
.2313
.2311
.2309
.2307
.2305
.2303
.2301
.2299
.2298
.2296
.2294
.2292
.229
.2288
.2286
.2284
.2282
.228
.2278
.2277
.2275
.2273
.2271
.2269
.2267
.2265
.2263
.2261
.226
.2258
.2256
.2254
.2252
.225
.2248
.2247
.2245
.2243
.2241
.2239
.2237
.2236
.2234
.2232
.223
.2228
.2226
.2225
.2223
.2221
.2219
.2217
.2215
.2214
.2212
.221
.2208
.2206
.2205
.2203
.2201
.2199
.2197
.2196
.2194
.2192
.219
.2188
.2187
.2185
.2183
.2181
.218
.2178
.2176
.2174
.2173
.2171
.2169
.2167
.2166
.2164
.2162
.216
.2159
.2157
.2155
.2153
.2152
.215
.2148
.2146
.2145
.2143
.2141
.214
.2138
.2136
.2134
.2133
.2131
.2129
.2128
.2126
.2124
.2122
.2121
.2119
.2117
.2116
.2114
.2112
.2111
.2109
.2107
.2106
.2104
.2102
.2101
.2099
.2097
.2096
.2094
.2092
.2091
.2089
.2087
.2086
.2084
.2082
.2081
.2079
.2077
.2076
.2074
.2073
.2071
.2069
.2068
.2066
.2064
.2063
.2061
.206
.2058
.2056
.2055
.2053
.2051
.205
.2048
.2047
.2045
.2043
.2042
.204
.2039
.2037
.2035
.2034
.2032
.2031
.2029
.2028
.2026
.2024
.2023
.2021
.202
.2018
.2016
.2015
.2013
.2012
.201
.2009
.2007
.2006
.2004
.2002
.2001
.1999
.1998
.1996
.1995
.1993
.1992
.199
.1989
.1987
.1986
.1984
.1982
.1981
.1979
.1978
.1976
.1975
.1973
.1972
.197
.1969
.1967
.1966
.1964
.1963
.1961
.196
.1958
.1957
.1955
.1954
.1952
.1951
.1949
.1948
.1946
.1945
.1943
.1942
.194
.1939
.1937
.1936
.1934
.1933
.1932
.193
.1929
.1927
.1926
.1924
.1923
.1921
.192
.1918
.1917
.1915
.1914
.1913
.1911
.191
.1908
.1907
.1905
.1904
.1902
.1901
.19
.1898
.1897
.1895
.1894
.1892
.1891
.189
.1888
.1887
.1885
.1884
.1883
.1881
.188
.1878
.1877
.1875
.1874
.1873
.1871
.187
.1868
.1867
.1866
.1864
.1863
.1862
.186
.1859
.1857
.1856
.1855
.1853
.1852
.185
.1849
.1848
.1846
.1845
.1844
.1842
.1841
.1839
.1838
.1837
.1835
.1834
.1833
.1831
.183
.1829
.1827
.1826
.1825
.1823
.1822
.1821
.1819
.1818
.1816
.1815
.1814
.1812
.1811
.181
.1808
.1807
.1806
.1805
.1803
.1802
.1801
.1799
.1798
.1797
.1795
.1794
.1793
.1791
.179
.1789
.1787
.1786
.1785
.1783
.1782
.1781
.178
.1778
.1777
.1776
.1774
.1773
.1772
.1771
.1769
.1768
.1767
.1765
.1764
.1763
.1762
.176
.1759
.1758
.1756
.1755
.1754
.1753
.1751
.175
.1749
.1748
.1746
.1745
.1744
.1742
.1741
.174
.1739
.1737
.1736
.1735
.1734
.1732
.1731
.173
.1729
.1727
.1726
.1725
.1724
.1723
.1721
.172
.1719
.1718
.1716
.1715
.1714
.1713
.1711
.171
.1709
.1708
.1707
.1705
.1704
.1703
.1702
.17
.1699
.1698
.1697
.1696
.1694
.1693
.1692
.1691
.169
.1688
.1687
.1686
.1685
.1684
.1682
.1681
.168
.1679
.1678
.1676
.1675
.1674
.1673
.1672
.1671
.1669
.1668
.1667
.1666
.1665
.1663
.1662
.1661
.166
.1659
.1658
.1656
.1655
.1654
.1653
.1652
.1651
.1649
.1648
.1647
.1646
.1645
.1644
.1643
.1641
.164
.1639
.1638
.1637
.1636
.1635
.1633
.1632
.1631
.163
.1629
.1628
.1627
.1625
.1624
.1623
.1622
.1621
.162
.1619
.1617
.1616
.1615
.1614
.1613
.1612
.1611
.161
.1609
.1607
.1606
.1605
.1604
.1603
.1602
.1601
.16
.1599
.1597
.1596
.1595
.1594
.1593
.1592
.1591
.159
.1589
.1588
.1586
.1585
.1584
.1583
.1582
.1581
.158
.1579
.1578
.1577
.1576
.1574
.1573
.1572
.1571
.157
.1569
.1568
.1567
.1566
.1565
.1564
.1563
.1562
.1561
.1559
.1558
.1557
.1556
.1555
.1554
.1553
.1552
.1551
.155
.1549
.1548
.1547
.1546
.1545
.1544
.1543
.1541
.154
.1539
.1538
.1537
.1536
.1535
.1534
.1533
.1532
.1531
.153
.1529
.1528
.1527
.1526
.1525
.1524
.1523
.1522
.1521
.152
.1519
.1518
.1517
.1516
.1515
.1514
.1513
.1512
.1511
.151
.1509
.1508
.1506
.1505
.1504
.1503
.1502
.1501
.15
.1499
.1498
.1497
.1496
.1495
.1494
.1493
.1492
.1491
.149
.1489
.1488
.1487
.1486
.1485
.1484
.1483
.1483
.1482
.1481
.148
.1479
.1478
.1477
.1476
.1475
.1474
.1473
.1472
.1471
.147
.1469
.1468
.1467
.1466
.1465
.1464
.1463
.1462
.1461
.146
.1459
.1458
.1457
.1456
.1455
.1454
.1453
.1452
.1451
.145
.145
.1449
.1448
.1447
.1446
.1445
.1444
.1443
.1442
.1441
.144
.1439
.1438
.1437
.1436
.1435
.1434
.1433
.1432
.1432
.1431
.143
.1429
.1428
.1427
.1426
.1425
.1424
.1423
.1422
.1421
.142
.1419
.1419
.1418
.1417
.1416
.1415
.1414
.1413
.1412
.1411
.141
.1409
.1408
.1408
.1407
.1406
.1405
.1404
.1403
.1402
.1401
.14
.1399
.1398
.1398
.1397
.1396
.1395
.1394
.1393
.1392
.1391
.139
.1389
.1389
.1388
.1387
.1386
.1385
.1384
.1383
.1382
.1381
.1381
.138
.1379
.1378
.1377
.1376
.1375
.1374
.1373
.1373
.1372
.1371
.137
.1369
.1368
.1367
.1366
.1366
.1365
.1364
.1363
.1362
.1361
.136
.136
.1359
.1358
.1357
.1356
.1355
.1354
.1354
.1353
.1352
.1351
.135
.1349
.1348
.1348
.1347
.1346
.1345
.1344
.1343
.1342
.1342
.1341
.134
.1339
.1338
.1337
.1336
.1336
.1335
.1334
.1333
.1332
.1331
.1331
.133
.1329
.1328
.1327
.1326
.1326
.1325
.1324
.1323
.1322
.1321
.1321
.132
.1319
.1318
.1317
.1316
.1316
.1315
.1314
.1313
.1312
.1312
.1311
.131
.1309
.1308
.1307
.1307
.1306
.1305
.1304
.1303
.1303
.1302
.1301
.13
.1299
.1299
.1298
.1297
.1296
.1295
.1295
.1294
.1293
.1292
.1291
.1291
.129
.1289
.1288
.1287
.1287
.1286
.1285
.1284
.1283
.1283
.1282
.1281
.128
.1279
.1279
.1278
.1277
.1276
.1276
.1275
.1274
.1273
.1272
.1272
.1271
.127
.1269
.1268
.1268
.1267
.1266
.1265
.1265
.1264
.1263
.1262
.1262
.1261
.126
.1259
.1258
.1258
.1257
.1256
.1255
.1255
.1254
.1253
.1252
.1252
.1251
.125
.1249
.1249
.1248
.1247
.1246
.1246
.1245
.1244
.1243
.1242
.1242
.1241
.124
.1239
.1239
.1238
.1237
.1236
.1236
.1235
.1234
.1234
.1233
.1232
.1231
.1231
.123
.1229
.1228
.1228
.1227
.1226
.1225
.1225
.1224
.1223
.1222
.1222
.1221
.122
.1219
.1219
.1218
.1217
.1217
.1216
.1215
.1214
.1214
.1213
.1212
.1211
.1211
.121
.1209
.1209
.1208
.1207
.1206
.1206
.1205
.1204
.1204
.1203
.1202
.1201
.1201
.12
.1199
.1199
.1198
.1197
.1196
.1196
.1195
.1194
.1194
.1193
.1192
.1191
.1191
.119
.1189
.1189
.1188
.1187
.1187
.1186
.1185
.1184
.1184
.1183
.1182
.1182
.1181
.118
.118
.1179
.1178
.1178
.1177
.1176
.1175
.1175
.1174
.1173
.1173
.1172
.1171
.1171
.117
.1169
.1169
.1168
.1167
.1167
.1166
.1165
.1165
.1164
.1163
.1162
.1162
.1161
.116
.116
.1159
.1158
.1158
.1157
.1156
.1156
.1155
.1154
.1154
.1153
.1152
.1152
.1151
.115
.115
.1149
.1148
.1148
.1147
.1146
.1146
.1145
.1144
.1144
.1143
.1142
.1142
.1141
.114
.114
.1139
.1138
.1138
.1137
.1136
.1136
.1135
.1135
.1134
.1133
.1133
.1132
.1131
.1131
.113
.1129
.1129
.1128
.1127
.1127
.1126
.1125
.1125
.1124
.1124
.1123
.1122
.1122
.1121
.112
.112
.1119
.1118
.1118
.1117
.1117
.1116
.1115
.1115
.1114
.1113
.1113
.1112
.1111
.1111
.111
.111
.1109
.1108
.1108
.1107
.1106
.1106
.1105
.1105
.1104
.1103
.1103
.1102
.1101
.1101
.11
.11
.1099
.1098
.1098
.1097
.1096
.1096
.1095
.1095
.1094
.1093
.1093
.1092
.1092
.1091
.109
.109
.1089
.1088
.1088
.1087
.1087
.1086
.1085
.1085
.1084
.1084
.1083
.1082
.1082
.1081
.1081
.108
.1079
.1079
.1078
.1078
.1077
.1076
.1076
.1075
.1075
.1074
.1073
.1073
.1072
.1072
.1071
.107
.107
.1069
.1069
.1068
.1067
.1067
.1066
.1066
.1065
.1064
.1064
.1063
.1063
.1062
.1062
.1061
.106
.106
.1059
.1059
.1058
.1057
.1057
.1056
.1056
.1055
.1055
.1054
.1053
.1053
.1052
.1052
.1051
.105
.105
.1049
.1049
.1048
.1048
.1047
.1046
.1046
.1045
.1045
.1044
.1044
.1043
.1042
.1042
.1041
.1041
.104
.104
.1039
.1038
.1038
.1037
.1037
.1036
.1036
.1035
.1035
.1034
.1033
.1033
.1032
.1032
.1031
.1031
.103
.1029
.1029
.1028
.1028
.1027
.1027
.1026
.1026
.1025
.1024
.1024
.1023
.1023
.1022
.1022
.1021
.1021
.102
.102
.1019
.1018
.1018
.1017
.1017
.1016
.1016
.1015
.1015
.1014
.1013
.1013
.1012
.1012
.1011
.1011
.101
.101
.1009
.1009
.1008
.1008
.1007
.1006
.1006
.1005
.1005
.1004
.1004
.1003
.1003
.1002
.1002
.1001
.1001
.1
.0999
.0999
.0998
.0998
.0997
.0997
.0996
.0996
.0995
.0995
.0994
.0994
.0993
.0993
.0992
.0992
.0991
.0991
.099
.0989
.0989
.0988
.0988
.0987
.0987
.0986
.0986
.0985
.0985
.0984
.0984
.0983
.0983
.0982
.0982
.0981
.0981
.098
.098
.0979
.0979
.0978
.0978
.0977
.0977
.0976
.0975
.0975
.0974
.0974
.0973
.0973
.0972
.0972
.0971
.0971
.097
.097
.0969
.0969
.0968
.0968
.0967
.0967
.0966
.0966
.0965
.0965
.0964
.0964
.0963
.0963
.0962
.0962
.0961
.0961
.096
.096
.0959
.0959
.0958
.0958
.0957
.0957
.0956
.0956
.0955
.0955
.0954
.0954
.0953
.0953
.0952
.0952
.0951
.0951
.095
.095
.0949
.0949
.0948
.0948
.0948
.0947
.0947
.0946
.0946
.0945
.0945
.0944
.0944
.0943
.0943
.0942
.0942
.0941
.0941
.094
.094
.0939
.0939
.0938
.0938
.0937
.0937
.0936
.0936
.0935
.0935
.0934
.0934
.0934
.0933
.0933
.0932
.0932
.0931
.0931
.093
.093
.0929
.0929
.0928
.0928
.0927
.0927
.0926
.0926
.0925
.0925
.0925
.0924
.0924
.0923
.0923
.0922
.0922
.0921
.0921
.092
.092
.0919
.0919
.0918
.0918
.0918
.0917
.0917
.0916
.0916
.0915
.0915
.0914
.0914
.0913
.0913
.0912
.0912
.0912
.0911
.0911
.091
.091
.0909
.0909
.0908
.0908
.0907
.0907
.0907
.0906
.0906
.0905
.0905
.0904
.0904
.0903
.0903
.0902
.0902
.0902
.0901
.0901
.09
.09
.0899
.0899
.0898
.0898
.0898
.0897
.0897
.0896
.0896
.0895
.0895
.0894
.0894
.0894
.0893
.0893
.0892
.0892
.0891
.0891
.089
.089
.089
.0889
.0889
.0888
.0888
.0887
.0887
.0887
.0886
.0886
.0885
.0885
.0884
.0884
.0883
.0883
.0883
.0882
.0882
.0881
.0881
.088
.088
.088
.0879
.0879
.0878
.0878
.0877
.0877
.0877
.0876
.0876
.0875
.0875
.0874
.0874
.0874
.0873
.0873
.0872
.0872
.0871
.0871
.0871
.087
.087
.0869
.0869
.0868
.0868
.0868
.0867
.0867
.0866
.0866
.0866
.0865
.0865
.0864
.0864
.0863
.0863
.0863
.0862
.0862
.0861
.0861
.086
.086
.086
.0859
.0859
.0858
.0858
.0858
.0857
.0857
.0856
.0856
.0856
.0855
.0855
.0854
.0854
.0853
.0853
.0853
.0852
.0852
.0851
.0851
.0851
.085
.085
.0849
.0849
.0849
.0848
.0848
.0847
.0847
.0847
.0846
.0846
.0845
.0845
.0845
.0844
.0844
.0843
.0843
.0843
.0842
.0842
.0841
.0841
.084
.084
.084
.0839
.0839
.0839
.0838
.0838
.0837
.0837
.0837
.0836
.0836
.0835
.0835
.0835
.0834
.0834
.0833
.0833
.0833
.0832
.0832
.0831
.0831
.0831
.083
.083
.0829
.0829
.0829
.0828
.0828
.0827
.0827
.0827
.0826
.0826
.0826
.0825
.0825
.0824
.0824
.0824
.0823
.0823
.0822
.0822
.0822
.0821
.0821
.082
.082
.082
.0819
.0819
.0819
.0818
.0818
.0817
.0817
.0817
.0816
.0816
.0816
.0815
.0815
.0814
.0814
.0814
.0813
.0813
.0812
.0812
.0812
.0811
.0811
.0811
.081
.081
.0809
.0809
.0809
.0808
.0808
.0808
.0807
.0807
.0806
.0806
.0806
.0805
.0805
.0805
.0804
.0804
.0803
.0803
.0803
.0802
.0802
.0802
.0801
.0801
.0801
.08
.08
.0799
.0799
.0799
.0798
.0798
.0798
.0797
.0797
.0796
.0796
.0796
.0795
.0795
.0795
.0794
.0794
.0794
.0793
.0793
.0792
.0792
.0792
.0791
.0791
.0791
.079
.079
.079
.0789
.0789
.0789
.0788
.0788
.0787
.0787
.0787
.0786
.0786
.0786
.0785
.0785
.0785
.0784
.0784
.0784
.0783
.0783
.0782
.0782
.0782
.0781
.0781
.0781
.078
.078
.078
.0779
.0779
.0779
.0778
.0778
.0777
.0777
.0777
.0776
.0776
.0776
.0775
.0775
.0775
.0774
.0774
.0774
.0773
.0773
.0773
.0772
.0772
.0772
.0771
.0771
.0771
.077
.077
.0769
.0769
.0769
.0768
.0768
.0768
.0767
.0767
.0767
.0766
.0766
.0766
.0765
.0765
.0765
.0764
.0764
.0764
.0763
.0763
.0763
.0762
.0762
.0762
.0761
.0761
.0761
.076
.076
.076
.0759
.0759
.0759
.0758
.0758
.0758
.0757
.0757
.0757
.0756
.0756
.0756
.0755
.0755
.0755
.0754
.0754
.0754
.0753
.0753
.0753
.0752
.0752
.0752
.0751
.0751
.0751
.075
.075
.075
.0749
.0749
.0749
.0748
.0748
.0748
.0747
.0747
.0747
.0746
.0746
.0746
.0745
.0745
.0745
.0744
.0744
.0744
.0743
.0743
.0743
.0742
.0742
.0742
.0741
.0741
.0741
.074
.074
.074
.0739
.0739
.0739
.0738
.0738
.0738
.0738
.0737
.0737
.0737
.0736
.0736
.0736
.0735
.0735
.0735
.0734
.0734
.0734
.0733
.0733
.0733
.0732
.0732
.0732
.0731
.0731
.0731
.0731
.073
.073
.073
.0729
.0729
.0729
.0728
.0728
.0728
.0727
.0727
.0727
.0726
.0726
.0726
.0725
.0725
.0725
.0725
.0724
.0724
.0724
.0723
.0723
.0723
.0722
.0722
.0722
.0721
.0721
.0721
.0721
.072
.072
.072
.0719
.0719
.0719
.0718
.0718
.0718
.0717
.0717
.0717
.0717
.0716
.0716
.0716
.0715
.0715
.0715
.0714
.0714
.0714
.0713
.0713
.0713
.0713
.0712
.0712
.0712
.0711
.0711
.0711
.071
.071
.071
.071
.0709
.0709
.0709
.0708
.0708
.0708
.0707
.0707
.0707
.0707
.0706
.0706
.0706
.0705
.0705
.0705
.0704
.0704
.0704
.0704
.0703
.0703
.0703
.0702
.0702
.0702
.0702
.0701
.0701
.0701
.07
.07
.07
.0699
.0699
.0699
.0699
.0698
.0698
.0698
.0697
.0697
.0697
.0697
.0696
.0696
.0696
.0695
.0695
.0695
.0694
.0694
.0694
.0694
.0693
.0693
.0693
.0692
.0692
.0692
.0692
.0691
.0691
.0691
.069
.069
.069
.069
.0689
.0689
.0689
.0688
.0688
.0688
.0688
.0687
.0687
.0687
.0686
.0686
.0686
.0686
.0685
.0685
.0685
.0684
.0684
.0684
.0684
.0683
.0683
.0683
.0682
.0682
.0682
.0682
.0681
.0681
.0681
.0681
.068
.068
.068
.0679
.0679
.0679
.0679
.0678
.0678
.0678
.0677
.0677
.0677
.0677
.0676
.0676
.0676
.0676
.0675
.0675
.0675
.0674
.0674
.0674
.0674
.0673
.0673
.0673
.0672
.0672
.0672
.0672
.0671
.0671
.0671
.0671
.067
.067
.067
.0669
.0669
.0669
.0669
.0668
.0668
.0668
.0668
.0667
.0667
.0667
.0667
.0666
.0666
.0666
.0665
.0665
.0665
.0665
.0664
.0664
.0664
.0664
.0663
.0663
.0663
.0662
.0662
.0662
.0662
.0661
.0661
.0661
.0661
.066
.066
.066
.066
.0659
.0659
.0659
.0658
.0658
.0658
.0658
.0657
.0657
.0657
.0657
.0656
.0656
.0656
.0656
.0655
.0655
.0655
.0655
.0654
.0654
.0654
.0653
.0653
.0653
.0653
.0652
.0652
.0652
.0652
.0651
.0651
.0651
.0651
.065
.065
.065
.065
.0649
.0649
.0649
.0649
.0648
.0648
.0648
.0648
.0647
.0647
.0647
.0647
.0646
.0646
.0646
.0645
.0645
.0645
.0645
.0644
.0644
.0644
.0644
.0643
.0643
.0643
.0643
.0642
.0642
.0642
.0642
.0641
.0641
.0641
.0641
.064
.064
.064
.064
.0639
.0639
.0639
.0639
.0638
.0638
.0638
.0638
.0637
.0637
.0637
.0637
.0636
.0636
.0636
.0636
.0635
.0635
.0635
.0635
.0634
.0634
.0634
.0634
.0633
.0633
.0633
.0633
.0632
.0632
.0632
.0632
.0631
.0631
.0631
.0631
.063
.063
.063
.063
.0629
.0629
.0629
.0629
.0628
.0628
.0628
.0628
.0628
.0627
.0627
.0627
.0627
.0626
.0626
.0626
.0626
.0625
.0625
.0625
.0625
.0624
.0624
.0624
.0624
.0623
.0623
.0623
.0623
.0622
.0622
.0622
.0622
.0621
.0621
.0621
.0621
.0621
.062
.062
.062
.062
.0619
.0619
.0619
.0619
.0618
.0618
.0618
.0618
.0617
.0617
.0617
.0617
.0616
.0616
.0616
.0616
.0616
.0615
.0615
.0615
.0615
.0614
.0614
.0614
.0614
.0613
.0613
.0613
.0613
.0612
.0612
.0612
.0612
.0612
.0611
.0611
.0611
.0611
.061
.061
.061
.061
.0609
.0609
.0609
.0609
.0609
.0608
.0608
.0608
.0608
.0607
.0607
.0607
.0607
.0606
.0606
.0606
.0606
.0606
.0605
.0605
.0605
.0605
.0604
.0604
.0604
.0604
.0604
.0603
.0603
.0603
.0603
.0602
.0602
.0602
.0602
.0601
.0601
.0601
.0601
.0601
.06
.06
.06
.06
.0599
.0599
.0599
.0599
.0599
.0598
.0598
.0598
.0598
.0597
.0597
.0597
.0597
.0597
.0596
.0596
.0596
.0596
.0595
.0595
.0595
.0595
.0595
.0594
.0594
.0594
.0594
.0593
.0593
.0593
.0593
.0593
.0592
.0592
.0592
.0592
.0591
.0591
.0591
.0591
.0591
.059
.059
.059
.059
.0589
.0589
.0589
.0589
.0589
.0588
.0588
.0588
.0588
.0588
.0587
.0587
.0587
.0587
.0586
.0586
.0586
.0586
.0586
.0585
.0585
.0585
.0585
.0584
.0584
.0584
.0584
.0584
.0583
.0583
.0583
.0583
.0583
.0582
.0582
.0582
.0582
.0581
.0581
.0581
.0581
.0581
.058
.058
.058
.058
.058
.0579
.0579
.0579
.0579
.0579
.0578
.0578
.0578
.0578
.0577
.0577
.0577
.0577
.0577
.0576
.0576
.0576
.0576
.0576
.0575
.0575
.0575
.0575
.0575
.0574
.0574
.0574
.0574
.0573
.0573
.0573
.0573
.0573
.0572
.0572
.0572
.0572
.0572
.0571
.0571
.0571
.0571
.0571
.057
.057
.057
.057
.057
.0569
.0569
.0569
.0569
.0569
.0568
.0568
.0568
.0568
.0567
.0567
.0567
.0567
.0567
.0566
.0566
.0566
.0566
.0566
.0565
.0565
.0565
.0565
.0565
.0564
.0564
.0564
.0564
.0564
.0563
.0563
.0563
.0563
.0563
.0562
.0562
.0562
.0562
.0562
.0561
.0561
.0561
.0561
.0561
.056
.056
.056
.056
.056
.0559
.0559
.0559
.0559
.0559
.0558
.0558
.0558
.0558
.0558
.0557
.0557
.0557
.0557
.0557
.0556
.0556
.0556
.0556
.0556
.0555
.0555
.0555
.0555
.0555
.0554
.0554
.0554
.0554
.0554
.0553
.0553
.0553
.0553
.0553
.0553
.0552
.0552
.0552
.0552
.0552
.0551
.0551
.0551
.0551
.0551
.055
.055
.055
.055
.055
.0549
.0549
.0549
.0549
.0549
.0548
.0548
.0548
.0548
.0548
.0547
.0547
.0547
.0547
.0547
.0547
.0546
.0546
.0546
.0546
.0546
.0545
.0545
.0545
.0545
.0545
.0544
.0544
.0544
.0544
.0544
.0543
.0543
.0543
.0543
.0543
.0543
.0542
.0542
.0542
.0542
.0542
.0541
.0541
.0541
.0541
.0541
.054
.054
.054
.054
.054
.054
.0539
.0539
.0539
.0539
.0539
.0538
.0538
.0538
.0538
.0538
.0537
.0537
.0537
.0537
.0537
.0537
.0536
.0536
.0536
.0536
.0536
.0535
.0535
.0535
.0535
.0535
.0535
.0534
.0534
.0534
.0534
.0534
.0533
.0533
.0533
.0533
.0533
.0532
.0532
.0532
.0532
.0532
.0532
.0531
.0531
.0531
.0531
.0531
.053
.053
.053
.053
.053
.053
.0529
.0529
.0529
.0529
.0529
.0529
.0528
.0528
.0528
.0528
.0528
.0527
.0527
.0527
.0527
.0527
.0527
.0526
.0526
.0526
.0526
.0526
.0525
.0525
.0525
.0525
.0525
.0525
.0524
.0524
.0524
.0524
.0524
.0523
.0523
.0523
.0523
.0523
.0523
.0522
.0522
.0522
.0522
.0522
.0522
.0521
.0521
.0521
.0521
.0521
.052
.052
.052
.052
.052
.052
.0519
.0519
.0519
.0519
.0519
.0519
.0518
.0518
.0518
.0518
.0518
.0518
.0517
.0517
.0517
.0517
.0517
.0516
.0516
.0516
.0516
.0516
.0516
.0515
.0515
.0515
.0515
.0515
.0515
.0514
.0514
.0514
.0514
.0514
.0514
.0513
.0513
.0513
.0513
.0513
.0513
.0512
.0512
.0512
.0512
.0512
.0512
.0511
.0511
.0511
.0511
.0511
.051
.051
.051
.051
.051
.051
.0509
.0509
.0509
.0509
.0509
.0509
.0508
.0508
.0508
.0508
.0508
.0508
.0507
.0507
.0507
.0507
.0507
.0507
.0506
.0506
.0506
.0506
.0506
.0506
.0505
.0505
.0505
.0505
.0505
.0505
.0504
.0504
.0504
.0504
.0504
.0504
.0503
.0503
.0503
.0503
.0503
.0503
.0502
.0502
.0502
.0502
.0502
.0502
.0501
.0501
.0501
.0501
.0501
.0501
.05
.05
.05
.05
