.5553
.554
.5528
.5516
.5504
.5493
.5482
.5472
.5461
.5452
.5442
.5433
.5424
.5415
.5407
.5399
.5392
.5384
.5377
.537
.5364
.5358
.5352
.5346
.5341
.5336
.5331
.5326
.5322
.5317
.5313
.531
.5306
.5302
.5299
.5296
.5293
.529
.5287
.5285
.5282
.528
.5277
.5275
.5273
.5271
.527
.5268
.5266
.5264
.5263
.5261
.526
.5259
.5257
.5256
.5255
.5254
.5253
.5252
.5251
.5249
.5249
.5248
.5247
.5246
.5245
.5244
.5243
.5243
.5242
.5241
.524
.524
.5239
.5238
.5237
.5237
.5236
.5235
.5235
.5234
.5233
.5233
.5232
.5232
.5231
.523
.523
.5229
.5229
.5228
.5227
.5227
.5226
.5226
.5225
.5225
.5224
.5223
.5223
.5222
.5222
.5221
.5221
.522
.522
.5219
.5218
.5218
.5217
.5217
.5216
.5216
.5215
.5215
.5214
.5213
.5213
.5212
.5212
.5211
.5211
.521
.521
.5209
.5208
.5208
.5207
.5207
.5206
.5206
.5205
.5205
.5204
.5203
.5203
.5202
.5202
.5201
.5201
.52
.5199
.5199
.5198
.5198
.5197
.5197
.5196
.5195
.5195
.5194
.5194
.5193
.5193
.5192
.5191
.5191
.519
.519
.5189
.5188
.5188
.5187
.5187
.5186
.5186
.5185
.5184
.5184
.5183
.5183
.5182
.5181
.5181
.518
.518
.5179
.5178
.5178
.5177
.5177
.5176
.5175
.5175
.5174
.5173
.5173
.5172
.5172
.5171
.517
.517
.5169
.5169
.5168
.5167
.5167
.5166
.5165
.5165
.5164
.5163
.5163
.5162
.5162
.5161
.516
.516
.5159
.5158
.5158
.5157
.5156
.5156
.5155
.5154
.5154
.5153
.5152
.5152
.5151
.515
.5149
.5149
.5148
.5147
.5147
.5146
.5145
.5145
.5144
.5143
.5142
.5142
.5141
.514
.514
.5139
.5138
.5137
.5137
.5136
.5135
.5134
.5134
.5133
.5132
.5131
.5131
.513
.5129
.5128
.5128
.5127
.5126
.5125
.5124
.5124
.5123
.5122
.5121
.512
.512
.5119
.5118
.5117
.5116
.5115
.5115
.5114
.5113
.5112
.5111
.511
.511
.5109
.5108
.5107
.5106
.5105
.5104
.5103
.5102
.5102
.5101
.51
.5099
.5098
.5097
.5096
.5095
.5094
.5093
.5092
.5091
.509
.5089
.5088
.5087
.5087
.5086
.5085
.5084
.5083
.5082
.508
.5079
.5078
.5077
.5076
.5075
.5074
.5073
.5072
.5071
.507
.5069
.5068
.5067
.5066
.5065
.5063
.5062
.5061
.506
.5059
.5058
.5057
.5056
.5054
.5053
.5052
.5051
.505
.5048
.5047
.5046
.5045
.5044
.5042
.5041
.504
.5039
.5037
.5036
.5035
.5034
.5032
.5031
.503
.5028
.5027
.5026
.5024
.5023
.5022
.502
.5019
.5018
.5016
.5015
.5014
.5012
.5011
.5009
.5008
.5006
.5005
.5004
.5002
.5001
.4999
.4998
.4996
.4995
.4993
.4992
.499
.4989
.4987
.4986
.4984
.4982
.4981
.4979
.4978
.4976
.4974
.4973
.4971
.497
.4968
.4966
.4965
.4963
.4961
.496
.4958
.4956
.4954
.4953
.4951
.4949
.4948
.4946
.4944
.4942
.494
.4939
.4937
.4935
.4933
.4931
.493
.4928
.4926
.4924
.4922
.492
.4918
.4916
.4915
.4913
.4911
.4909
.4907
.4905
.4903
.4901
.4899
.4897
.4895
.4893
.4891
.4889
.4887
.4885
.4883
.4881
.4879
.4876
.4874
.4872
.487
.4868
.4866
.4864
.4862
.4859
.4857
.4855
.4853
.4851
.4848
.4846
.4844
.4842
.484
.4837
.4835
.4833
.483
.4828
.4826
.4824
.4821
.4819
.4817
.4814
.4812
.481
.4807
.4805
.4802
.48
.4798
.4795
.4793
.479
.4788
.4786
.4783
.4781
.4778
.4776
.4773
.4771
.4768
.4766
.4763
.4761
.4758
.4756
.4753
.475
.4748
.4745
.4743
.474
.4738
.4735
.4732
.473
.4727
.4724
.4722
.4719
.4716
.4714
.4711
.4708
.4706
.4703
.47
.4698
.4695
.4692
.4689
.4687
.4684
.4681
.4678
.4676
.4673
.467
.4667
.4665
.4662
.4659
.4656
.4653
.4651
.4648
.4645
.4642
.4639
.4636
.4633
.4631
.4628
.4625
.4622
.4619
.4616
.4613
.461
.4607
.4605
.4602
.4599
.4596
.4593
.459
.4587
.4584
.4581
.4578
.4575
.4572
.4569
.4566
.4563
.456
.4557
.4554
.4551
.4548
.4545
.4542
.4539
.4536
.4533
.453
.4527
.4524
.4521
.4518
.4515
.4512
.4509
.4505
.4502
.4499
.4496
.4493
.449
.4487
.4484
.4481
.4478
.4475
.4471
.4468
.4465
.4462
.4459
.4456
.4453
.445
.4446
.4443
.444
.4437
.4434
.4431
.4428
.4424
.4421
.4418
.4415
.4412
.4409
.4406
.4402
.4399
.4396
.4393
.439
.4386
.4383
.438
.4377
.4374
.4371
.4367
.4364
.4361
.4358
.4355
.4351
.4348
.4345
.4342
.4339
.4335
.4332
.4329
.4326
.4323
.4319
.4316
.4313
.431
.4306
.4303
.43
.4297
.4294
.429
.4287
.4284
.4281
.4277
.4274
.4271
.4268
.4264
.4261
.4258
.4255
.4252
.4248
.4245
.4242
.4239
.4235
.4232
.4229
.4226
.4222
.4219
.4216
.4213
.4209
.4206
.4203
.42
.4196
.4193
.419
.4187
.4184
.418
.4177
.4174
.4171
.4167
.4164
.4161
.4158
.4154
.4151
.4148
.4145
.4141
.4138
.4135
.4132
.4128
.4125
.4122
.4119
.4115
.4112
.4109
.4106
.4102
.4099
.4096
.4093
.4089
.4086
.4083
.408
.4076
.4073
.407
.4067
.4063
.406
.4057
.4054
.405
.4047
.4044
.4041
.4038
.4034
.4031
.4028
.4025
.4021
.4018
.4015
.4012
.4008
.4005
.4002
.3999
.3995
.3992
.3989
.3986
.3982
.3979
.3976
.3973
.397
.3966
.3963
.396
.3957
.3953
.395
.3947
.3944
.394
.3937
.3934
.3931
.3928
.3924
.3921
.3918
.3915
.3911
.3908
.3905
.3902
.3899
.3895
.3892
.3889
.3886
.3882
.3879
.3876
.3873
.3869
.3866
.3863
.386
.3857
.3853
.385
.3847
.3844
.384
.3837
.3834
.3831
.3828
.3824
.3821
.3818
.3815
.3812
.3808
.3805
.3802
.3799
.3795
.3792
.3789
.3786
.3783
.3779
.3776
.3773
.377
.3767
.3763
.376
.3757
.3754
.375
.3747
.3744
.3741
.3738
.3734
.3731
.3728
.3725
.3722
.3718
.3715
.3712
.3709
.3705
.3702
.3699
.3696
.3693
.3689
.3686
.3683
.368
.3677
.3673
.367
.3667
.3664
.366
.3657
.3654
.3651
.3648
.3644
.3641
.3638
.3635
.3632
.3628
.3625
.3622
.3619
.3615
.3612
.3609
.3606
.3603
.3599
.3596
.3593
.359
.3586
.3583
.358
.3577
.3574
.357
.3567
.3564
.3561
.3558
.3554
.3551
.3548
.3545
.3541
.3538
.3535
.3532
.3529
.3525
.3522
.3519
.3516
.3512
.3509
.3506
.3503
.35
.3496
.3493
.349
.3487
.3483
.348
.3477
.3474
.347
.3467
.3464
.3461
.3458
.3454
.3451
.3448
.3445
.3441
.3438
.3435
.3432
.3429
.3425
.3422
.3419
.3416
.3412
.3409
.3406
.3403
.3399
.3396
.3393
.339
.3387
.3383
.338
.3377
.3374
.337
.3367
.3364
.3361
.3357
.3354
.3351
.3348
.3344
.3341
.3338
.3335
.3332
.3328
.3325
.3322
.3319
.3315
.3312
.3309
.3306
.3302
.3299
.3296
.3293
.3289
.3286
.3283
.328
.3277
.3273
.327
.3267
.3264
.326
.3257
.3254
.3251
.3247
.3244
.3241
.3238
.3234
.3231
.3228
.3225
.3222
.3218
.3215
.3212
.3209
.3205
.3202
.3199
.3196
.3192
.3189
.3186
.3183
.318
.3176
.3173
.317
.3167
.3163
.316
.3157
.3154
.3151
.3147
.3144
.3141
.3138
.3134
.3131
.3128
.3125
.3122
.3118
.3115
.3112
.3109
.3106
.3102
.3099
.3096
.3093
.309
.3086
.3083
.308
.3077
.3074
.307
.3067
.3064
.3061
.3058
.3054
.3051
.3048
.3045
.3042
.3039
.3035
.3032
.3029
.3026
.3023
.3019
.3016
.3013
.301
.3007
.3004
.3001
.2997
.2994
.2991
.2988
.2985
.2982
.2978
.2975
.2972
.2969
.2966
.2963
.296
.2956
.2953
.295
.2947
.2944
.2941
.2938
.2935
.2932
.2928
.2925
.2922
.2919
.2916
.2913
.291
.2907
.2904
.29
.2897
.2894
.2891
.2888
.2885
.2882
.2879
.2876
.2873
.287
.2867
.2864
.2861
.2857
.2854
.2851
.2848
.2845
.2842
.2839
.2836
.2833
.283
.2827
.2824
.2821
.2818
.2815
.2812
.2809
.2806
.2803
.28
.2797
.2794
.2791
.2788
.2785
.2782
.2779
.2776
.2773
.277
.2767
.2764
.2761
.2758
.2755
.2752
.2749
.2746
.2743
.274
.2738
.2735
.2732
.2729
.2726
.2723
.272
.2717
.2714
.2711
.2708
.2705
.2703
.27
.2697
.2694
.2691
.2688
.2685
.2682
.2679
.2677
.2674
.2671
.2668
.2665
.2662
.2659
.2657
.2654
.2651
.2648
.2645
.2642
.2639
.2637
.2634
.2631
.2628
.2625
.2623
.262
.2617
.2614
.2611
.2609
.2606
.2603
.26
.2597
.2595
.2592
.2589
.2586
.2584
.2581
.2578
.2575
.2573
.257
.2567
.2564
.2562
.2559
.2556
.2553
.2551
.2548
.2545
.2542
.254
.2537
.2534
.2532
.2529
.2526
.2524
.2521
.2518
.2516
.2513
.251
.2507
.2505
.2502
.2499
.2497
.2494
.2492
.2489
.2486
.2484
.2481
.2478
.2476
.2473
.247
.2468
.2465
.2463
.246
.2457
.2455
.2452
.245
.2447
.2444
.2442
.2439
.2437
.2434
.2431
.2429
.2426
.2424
.2421
.2419
.2416
.2413
.2411
.2408
.2406
.2403
.2401
.2398
.2396
.2393
.2391
.2388
.2385
.2383
.238
.2378
.2375
.2373
.237
.2368
.2365
.2363
.236
.2358
.2355
.2353
.235
.2348
.2346
.2343
.2341
.2338
.2336
.2333
.2331
.2328
.2326
.2323
.2321
.2318
.2316
.2314
.2311
.2309
.2306
.2304
.2301
.2299
.2297
.2294
.2292
.2289
.2287
.2285
.2282
.228
.2277
.2275
.2273
.227
.2268
.2265
.2263
.2261
.2258
.2256
.2254
.2251
.2249
.2247
.2244
.2242
.2239
.2237
.2235
.2232
.223
.2228
.2225
.2223
.2221
.2218
.2216
.2214
.2211
.2209
.2207
.2205
.2202
.22
.2198
.2195
.2193
.2191
.2188
.2186
.2184
.2182
.2179
.2177
.2175
.2173
.217
.2168
.2166
.2163
.2161
.2159
.2157
.2154
.2152
.215
.2148
.2145
.2143
.2141
.2139
.2137
.2134
.2132
.213
.2128
.2125
.2123
.2121
.2119
.2117
.2114
.2112
.211
.2108
.2106
.2103
.2101
.2099
.2097
.2095
.2092
.209
.2088
.2086
.2084
.2082
.2079
.2077
.2075
.2073
.2071
.2069
.2066
.2064
.2062
.206
.2058
.2056
.2054
.2051
.2049
.2047
.2045
.2043
.2041
.2039
.2036
.2034
.2032
.203
.2028
.2026
.2024
.2022
.202
.2018
.2015
.2013
.2011
.2009
.2007
.2005
.2003
.2001
.1999
.1997
.1995
.1992
.199
.1988
.1986
.1984
.1982
.198
.1978
.1976
.1974
.1972
.197
.1968
.1966
.1964
.1962
.196
.1958
.1955
.1953
.1951
.1949
.1947
.1945
.1943
.1941
.1939
.1937
.1935
.1933
.1931
.1929
.1927
.1925
.1923
.1921
.1919
.1917
.1915
.1913
.1911
.1909
.1907
.1905
.1903
.1901
.1899
.1897
.1895
.1893
.1891
.1889
.1888
.1886
.1884
.1882
.188
.1878
.1876
.1874
.1872
.187
.1868
.1866
.1864
.1862
.186
.1858
.1856
.1854
.1852
.1851
.1849
.1847
.1845
.1843
.1841
.1839
.1837
.1835
.1833
.1831
.1829
.1828
.1826
.1824
.1822
.182
.1818
.1816
.1814
.1812
.1811
.1809
.1807
.1805
.1803
.1801
.1799
.1797
.1795
.1794
.1792
.179
.1788
.1786
.1784
.1782
.1781
.1779
.1777
.1775
.1773
.1771
.1769
.1768
.1766
.1764
.1762
.176
.1758
.1757
.1755
.1753
.1751
.1749
.1747
.1746
.1744
.1742
.174
.1738
.1736
.1735
.1733
.1731
.1729
.1727
.1726
.1724
.1722
.172
.1718
.1717
.1715
.1713
.1711
.1709
.1708
.1706
.1704
.1702
.1701
.1699
.1697
.1695
.1693
.1692
.169
.1688
.1686
.1685
.1683
.1681
.1679
.1678
.1676
.1674
.1672
.167
.1669
.1667
.1665
.1663
.1662
.166
.1658
.1657
.1655
.1653
.1651
.165
.1648
.1646
.1644
.1643
.1641
.1639
.1637
.1636
.1634
.1632
.1631
.1629
.1627
.1625
.1624
.1622
.162
.1619
.1617
.1615
.1614
.1612
.161
.1608
.1607
.1605
.1603
.1602
.16
.1598
.1597
.1595
.1593
.1592
.159
.1588
.1587
.1585
.1583
.1582
.158
.1578
.1577
.1575
.1573
.1572
.157
.1568
.1567
.1565
.1563
.1562
.156
.1558
.1557
.1555
.1553
.1552
.155
.1549
.1547
.1545
.1544
.1542
.154
.1539
.1537
.1536
.1534
.1532
.1531
.1529
.1527
.1526
.1524
.1523
.1521
.1519
.1518
.1516
.1515
.1513
.1511
.151
.1508
.1507
.1505
.1503
.1502
.15
.1499
.1497
.1495
.1494
.1492
.1491
.1489
.1488
.1486
.1484
.1483
.1481
.148
.1478
.1477
.1475
.1473
.1472
.147
.1469
.1467
.1466
.1464
.1463
.1461
.1459
.1458
.1456
.1455
.1453
.1452
.145
.1449
.1447
.1446
.1444
.1442
.1441
.1439
.1438
.1436
.1435
.1433
.1432
.143
.1429
.1427
.1426
.1424
.1423
.1421
.142
.1418
.1417
.1415
.1414
.1412
.1411
.1409
.1408
.1406
.1405
.1403
.1402
.14
.1399
.1397
.1396
.1394
.1393
.1391
.139
.1388
.1387
.1385
.1384
.1382
.1381
.1379
.1378
.1377
.1375
.1374
.1372
.1371
.1369
.1368
.1366
.1365
.1363
.1362
.136
.1359
.1358
.1356
.1355
.1353
.1352
.135
.1349
.1348
.1346
.1345
.1343
.1342
.134
.1339
.1337
.1336
.1335
.1333
.1332
.133
.1329
.1328
.1326
.1325
.1323
.1322
.132
.1319
.1318
.1316
.1315
.1313
.1312
.1311
.1309
.1308
.1306
.1305
.1304
.1302
.1301
.13
.1298
.1297
.1295
.1294
.1293
.1291
.129
.1289
.1287
.1286
.1284
.1283
.1282
.128
.1279
.1278
.1276
.1275
.1274
.1272
.1271
.1269
.1268
.1267
.1265
.1264
.1263
.1261
.126
.1259
.1257
.1256
.1255
.1253
.1252
.1251
.1249
.1248
.1247
.1245
.1244
.1243
.1241
.124
.1239
.1237
.1236
.1235
.1234
.1232
.1231
.123
.1228
.1227
.1226
.1224
.1223
.1222
.122
.1219
.1218
.1217
.1215
.1214
.1213
.1211
.121
.1209
.1208
.1206
.1205
.1204
.1202
.1201
.12
.1199
.1197
.1196
.1195
.1194
.1192
.1191
.119
.1189
.1187
.1186
.1185
.1184
.1182
.1181
.118
.1179
.1177
.1176
.1175
.1174
.1172
.1171
.117
.1169
.1167
.1166
.1165
.1164
.1162
.1161
.116
.1159
.1158
.1156
.1155
.1154
.1153
.1151
.115
.1149
.1148
.1147
.1145
.1144
.1143
.1142
.1141
.1139
.1138
.1137
.1136
.1135
.1133
.1132
.1131
.113
.1129
.1127
.1126
.1125
.1124
.1123
.1122
.112
.1119
.1118
.1117
.1116
.1115
.1113
.1112
.1111
.111
.1109
.1108
.1106
.1105
.1104
.1103
.1102
.1101
.1099
.1098
.1097
.1096
.1095
.1094
.1093
.1091
.109
.1089
.1088
.1087
.1086
.1085
.1084
.1082
.1081
.108
.1079
.1078
.1077
.1076
.1075
.1073
.1072
.1071
.107
.1069
.1068
.1067
.1066
.1065
.1063
.1062
.1061
.106
.1059
.1058
.1057
.1056
.1055
.1054
.1053
.1051
.105
.1049
.1048
.1047
.1046
.1045
.1044
.1043
.1042
.1041
.104
.1039
.1037
.1036
.1035
.1034
.1033
.1032
.1031
.103
.1029
.1028
.1027
.1026
.1025
.1024
.1023
.1022
.1021
.102
.1018
.1017
.1016
.1015
.1014
.1013
.1012
.1011
.101
.1009
.1008
.1007
.1006
.1005
.1004
.1003
.1002
.1001
.1
.0999
.0998
.0997
.0996
.0995
.0994
.0993
.0992
.0991
.099
.0989
.0988
.0987
.0986
.0985
.0984
.0983
.0982
.0981
.098
.0979
.0978
.0977
.0976
.0975
.0974
.0973
.0972
.0971
.097
.0969
.0968
.0967
.0966
.0965
.0964
.0963
.0962
.0961
.096
.0959
.0958
.0958
.0957
.0956
.0955
.0954
.0953
.0952
.0951
.095
.0949
.0948
.0947
.0946
.0945
.0944
.0943
.0942
.0941
.0941
.094
.0939
.0938
.0937
.0936
.0935
.0934
.0933
.0932
.0931
.093
.0929
.0929
.0928
.0927
.0926
.0925
.0924
.0923
.0922
.0921
.092
.0919
.0919
.0918
.0917
.0916
.0915
.0914
.0913
.0912
.0911
.091
.091
.0909
.0908
.0907
.0906
.0905
.0904
.0903
.0903
.0902
.0901
.09
.0899
.0898
.0897
.0896
.0896
.0895
.0894
.0893
.0892
.0891
.089
.0889
.0889
.0888
.0887
.0886
.0885
.0884
.0884
.0883
.0882
.0881
.088
.0879
.0878
.0878
.0877
.0876
.0875
.0874
.0873
.0873
.0872
.0871
.087
.0869
.0868
.0868
.0867
.0866
.0865
.0864
.0863
.0863
.0862
.0861
.086
.0859
.0859
.0858
.0857
.0856
.0855
.0855
.0854
.0853
.0852
.0851
.085
.085
.0849
.0848
.0847
.0846
.0846
.0845
.0844
.0843
.0843
.0842
.0841
.084
.0839
.0839
.0838
.0837
.0836
.0835
.0835
.0834
.0833
.0832
.0832
.0831
.083
.0829
.0829
.0828
.0827
.0826
.0825
.0825
.0824
.0823
.0822
.0822
.0821
.082
.0819
.0819
.0818
.0817
.0816
.0816
.0815
.0814
.0813
.0813
.0812
.0811
.081
.081
.0809
.0808
.0807
.0807
.0806
.0805
.0804
.0804
.0803
.0802
.0802
.0801
.08
.0799
.0799
.0798
.0797
.0796
.0796
.0795
.0794
.0794
.0793
.0792
.0791
.0791
.079
.0789
.0789
.0788
.0787
.0786
.0786
.0785
.0784
.0784
.0783
.0782
.0782
.0781
.078
.0779
.0779
.0778
.0777
.0777
.0776
.0775
.0775
.0774
.0773
.0773
.0772
.0771
.077
.077
.0769
.0768
.0768
.0767
.0766
.0766
.0765
.0764
.0764
.0763
.0762
.0762
.0761
.076
.076
.0759
.0758
.0758
.0757
.0756
.0756
.0755
.0754
.0754
.0753
.0752
.0752
.0751
.075
.075
.0749
.0749
.0748
.0747
.0747
.0746
.0745
.0745
.0744
.0743
.0743
.0742
.0741
.0741
.074
.0739
.0739
.0738
.0738
.0737
.0736
.0736
.0735
.0734
.0734
.0733
.0733
.0732
.0731
.0731
.073
.0729
.0729
.0728
.0728
.0727
.0726
.0726
.0725
.0724
.0724
.0723
.0723
.0722
.0721
.0721
.072
.072
.0719
.0718
.0718
.0717
.0717
.0716
.0715
.0715
.0714
.0714
.0713
.0712
.0712
.0711
.0711
.071
.0709
.0709
.0708
.0708
.0707
.0706
.0706
.0705
.0705
.0704
.0704
.0703
.0702
.0702
.0701
.0701
.07
.0699
.0699
.0698
.0698
.0697
.0697
.0696
.0695
.0695
.0694
.0694
.0693
.0693
.0692
.0691
.0691
.069
.069
.0689
.0689
.0688
.0687
.0687
.0686
.0686
.0685
.0685
.0684
.0684
.0683
.0682
.0682
.0681
.0681
.068
.068
.0679
.0679
.0678
.0678
.0677
.0676
.0676
.0675
.0675
.0674
.0674
.0673
.0673
.0672
.0672
.0671
.067
.067
.0669
.0669
.0668
.0668
.0667
.0667
.0666
.0666
.0665
.0665
.0664
.0664
.0663
.0663
.0662
.0661
.0661
.066
.066
.0659
.0659
.0658
.0658
.0657
.0657
.0656
.0656
.0655
.0655
.0654
.0654
.0653
.0653
.0652
.0652
.0651
.0651
.065
.065
.0649
.0649
.0648
.0648
.0647
.0647
.0646
.0646
.0645
.0645
.0644
.0644
.0643
.0643
.0642
.0642
.0641
.0641
.064
.064
.0639
.0639
.0638
.0638
.0637
.0637
.0636
.0636
.0635
.0635
.0634
.0634
.0633
.0633
.0632
.0632
.0631
.0631
.063
.063
.0629
.0629
.0629
.0628
.0628
.0627
.0627
.0626
.0626
.0625
.0625
.0624
.0624
.0623
.0623
.0622
.0622
.0621
.0621
.0621
.062
.062
.0619
.0619
.0618
.0618
.0617
.0617
.0616
.0616
.0615
.0615
.0615
.0614
.0614
.0613
.0613
.0612
.0612
.0611
.0611
.061
.061
.061
.0609
.0609
.0608
.0608
.0607
.0607
.0606
.0606
.0606
.0605
.0605
.0604
.0604
.0603
.0603
.0602
.0602
.0602
.0601
.0601
.06
.06
.0599
.0599
.0598
.0598
.0598
.0597
.0597
.0596
.0596
.0595
.0595
.0595
.0594
.0594
.0593
.0593
.0592
.0592
.0592
.0591
.0591
.059
.059
.0589
.0589
.0589
.0588
.0588
.0587
.0587
.0587
.0586
.0586
.0585
.0585
.0584
.0584
.0584
.0583
.0583
.0582
.0582
.0582
.0581
.0581
.058
.058
.0579
.0579
.0579
.0578
.0578
.0577
.0577
.0577
.0576
.0576
.0575
.0575
.0575
.0574
.0574
.0573
.0573
.0573
.0572
.0572
.0571
.0571
.0571
.057
.057
.0569
.0569
.0569
.0568
.0568
.0567
.0567
.0567
.0566
.0566
.0565
.0565
.0565
.0564
.0564
.0564
.0563
.0563
.0562
.0562
.0562
.0561
.0561
.056
.056
.056
.0559
.0559
.0559
.0558
.0558
.0557
.0557
.0557
.0556
.0556
.0555
.0555
.0555
.0554
.0554
.0554
.0553
.0553
.0552
.0552
.0552
.0551
.0551
.0551
.055
.055
.055
.0549
.0549
.0548
.0548
.0548
.0547
.0547
.0547
.0546
.0546
.0545
.0545
.0545
.0544
.0544
.0544
.0543
.0543
.0543
.0542
.0542
.0541
.0541
.0541
.054
.054
.054
.0539
.0539
.0539
.0538
.0538
.0538
.0537
.0537
.0536
.0536
.0536
.0535
.0535
.0535
.0534
.0534
.0534
.0533
.0533
.0533
.0532
.0532
.0532
.0531
.0531
.0531
.053
.053
.053
.0529
.0529
.0528
.0528
.0528
.0527
.0527
.0527
.0526
.0526
.0526
.0525
.0525
.0525
.0524
.0524
.0524
.0523
.0523
.0523
.0522
.0522
.0522
.0521
.0521
.0521
.052
.052
.052
.0519
.0519
.0519
.0518
.0518
.0518
.0517
.0517
.0517
.0516
.0516
.0516
.0515
.0515
.0515
.0514
.0514
.0514
.0513
.0513
.0513
.0512
.0512
.0512
.0511
.0511
.0511
.0511
.051
.051
.051
.0509
.0509
.0509
.0508
.0508
.0508
.0507
.0507
.0507
.0506
.0506
.0506
.0505
.0505
.0505
.0504
.0504
.0504
.0504
.0503
.0503
.0503
.0502
.0502
.0502
.0501
.0501
.0501
.05
.05
.05
