.6458
.642
.6381
.6343
.6304
.6265
.6226
.6186
.6147
.6108
.6069
.603
.5991
.5952
.5914
.5877
.5839
.5803
.5767
.5731
.5697
.5663
.563
.5598
.5567
.5537
.5508
.548
.5454
.5428
.5404
.5381
.5359
.5338
.5318
.53
.5282
.5266
.5251
.5236
.5223
.5211
.5199
.5188
.5178
.5169
.5161
.5153
.5146
.5139
.5133
.5128
.5122
.5118
.5113
.511
.5106
.5103
.51
.5097
.5094
.5092
.509
.5088
.5086
.5085
.5083
.5082
.5081
.508
.5078
.5078
.5077
.5076
.5075
.5074
.5074
.5073
.5072
.5072
.5071
.5071
.507
.507
.5069
.5069
.5068
.5068
.5068
.5067
.5067
.5067
.5066
.5066
.5065
.5065
.5065
.5064
.5064
.5064
.5063
.5063
.5063
.5062
.5062
.5062
.5061
.5061
.5061
.506
.506
.506
.5059
.5059
.5059
.5058
.5058
.5057
.5057
.5057
.5056
.5056
.5056
.5055
.5055
.5055
.5054
.5054
.5053
.5053
.5053
.5052
.5052
.5051
.5051
.5051
.505
.505
.5049
.5049
.5048
.5048
.5048
.5047
.5047
.5046
.5046
.5045
.5045
.5045
.5044
.5044
.5043
.5043
.5042
.5042
.5041
.5041
.504
.504
.5039
.5039
.5038
.5038
.5038
.5037
.5037
.5036
.5036
.5035
.5034
.5034
.5033
.5033
.5032
.5032
.5031
.5031
.503
.503
.5029
.5029
.5028
.5028
.5027
.5026
.5026
.5025
.5025
.5024
.5024
.5023
.5022
.5022
.5021
.5021
.502
.5019
.5019
.5018
.5018
.5017
.5016
.5016
.5015
.5014
.5014
.5013
.5012
.5012
.5011
.501
.501
.5009
.5008
.5008
.5007
.5006
.5006
.5005
.5004
.5004
.5003
.5002
.5001
.5001
.5
.4999
.4999
.4998
.4997
.4996
.4996
.4995
.4994
.4993
.4992
.4992
.4991
.499
.4989
.4988
.4988
.4987
.4986
.4985
.4984
.4984
.4983
.4982
.4981
.498
.4979
.4978
.4978
.4977
.4976
.4975
.4974
.4973
.4972
.4971
.497
.4969
.4969
.4968
.4967
.4966
.4965
.4964
.4963
.4962
.4961
.496
.4959
.4958
.4957
.4956
.4955
.4954
.4953
.4952
.4951
.495
.4949
.4948
.4946
.4945
.4944
.4943
.4942
.4941
.494
.4939
.4938
.4937
.4935
.4934
.4933
.4932
.4931
.493
.4928
.4927
.4926
.4925
.4924
.4922
.4921
.492
.4919
.4917
.4916
.4915
.4914
.4912
.4911
.491
.4908
.4907
.4906
.4904
.4903
.4902
.49
.4899
.4898
.4896
.4895
.4894
.4892
.4891
.4889
.4888
.4886
.4885
.4884
.4882
.4881
.4879
.4878
.4876
.4875
.4873
.4872
.487
.4868
.4867
.4865
.4864
.4862
.4861
.4859
.4857
.4856
.4854
.4853
.4851
.4849
.4848
.4846
.4844
.4843
.4841
.4839
.4837
.4836
.4834
.4832
.483
.4829
.4827
.4825
.4823
.4821
.482
.4818
.4816
.4814
.4812
.481
.4809
.4807
.4805
.4803
.4801
.4799
.4797
.4795
.4793
.4791
.4789
.4787
.4785
.4783
.4781
.4779
.4777
.4775
.4773
.4771
.4769
.4767
.4765
.4762
.476
.4758
.4756
.4754
.4752
.475
.4747
.4745
.4743
.4741
.4738
.4736
.4734
.4732
.4729
.4727
.4725
.4723
.472
.4718
.4716
.4713
.4711
.4708
.4706
.4704
.4701
.4699
.4696
.4694
.4691
.4689
.4687
.4684
.4682
.4679
.4677
.4674
.4671
.4669
.4666
.4664
.4661
.4659
.4656
.4653
.4651
.4648
.4645
.4643
.464
.4637
.4635
.4632
.4629
.4627
.4624
.4621
.4618
.4616
.4613
.461
.4607
.4604
.4601
.4599
.4596
.4593
.459
.4587
.4584
.4581
.4578
.4576
.4573
.457
.4567
.4564
.4561
.4558
.4555
.4552
.4549
.4546
.4543
.454
.4537
.4534
.453
.4527
.4524
.4521
.4518
.4515
.4512
.4509
.4505
.4502
.4499
.4496
.4493
.449
.4486
.4483
.448
.4477
.4473
.447
.4467
.4464
.446
.4457
.4454
.445
.4447
.4444
.444
.4437
.4434
.443
.4427
.4423
.442
.4417
.4413
.441
.4406
.4403
.4399
.4396
.4392
.4389
.4385
.4382
.4378
.4375
.4371
.4368
.4364
.4361
.4357
.4354
.435
.4346
.4343
.4339
.4336
.4332
.4328
.4325
.4321
.4318
.4314
.431
.4307
.4303
.4299
.4296
.4292
.4288
.4284
.4281
.4277
.4273
.427
.4266
.4262
.4258
.4255
.4251
.4247
.4243
.4239
.4236
.4232
.4228
.4224
.422
.4217
.4213
.4209
.4205
.4201
.4197
.4193
.419
.4186
.4182
.4178
.4174
.417
.4166
.4162
.4158
.4155
.4151
.4147
.4143
.4139
.4135
.4131
.4127
.4123
.4119
.4115
.4111
.4107
.4103
.4099
.4095
.4091
.4087
.4083
.4079
.4075
.4071
.4067
.4063
.4059
.4055
.4051
.4047
.4043
.4039
.4035
.4031
.4027
.4023
.4019
.4015
.4011
.4007
.4003
.3999
.3995
.3991
.3986
.3982
.3978
.3974
.397
.3966
.3962
.3958
.3954
.395
.3946
.3942
.3937
.3933
.3929
.3925
.3921
.3917
.3913
.3909
.3905
.39
.3896
.3892
.3888
.3884
.388
.3876
.3872
.3868
.3863
.3859
.3855
.3851
.3847
.3843
.3839
.3835
.383
.3826
.3822
.3818
.3814
.381
.3806
.3802
.3797
.3793
.3789
.3785
.3781
.3777
.3773
.3768
.3764
.376
.3756
.3752
.3748
.3744
.374
.3735
.3731
.3727
.3723
.3719
.3715
.3711
.3707
.3702
.3698
.3694
.369
.3686
.3682
.3678
.3674
.367
.3665
.3661
.3657
.3653
.3649
.3645
.3641
.3637
.3633
.3629
.3624
.362
.3616
.3612
.3608
.3604
.36
.3596
.3592
.3588
.3584
.3579
.3575
.3571
.3567
.3563
.3559
.3555
.3551
.3547
.3543
.3539
.3535
.3531
.3527
.3523
.3519
.3515
.3511
.3506
.3502
.3498
.3494
.349
.3486
.3482
.3478
.3474
.347
.3466
.3462
.3458
.3454
.345
.3446
.3442
.3438
.3434
.343
.3426
.3422
.3418
.3414
.3411
.3407
.3403
.3399
.3395
.3391
.3387
.3383
.3379
.3375
.3371
.3367
.3363
.3359
.3355
.3351
.3348
.3344
.334
.3336
.3332
.3328
.3324
.332
.3316
.3312
.3309
.3305
.3301
.3297
.3293
.3289
.3285
.3282
.3278
.3274
.327
.3266
.3262
.3259
.3255
.3251
.3247
.3243
.324
.3236
.3232
.3228
.3224
.3221
.3217
.3213
.3209
.3205
.3202
.3198
.3194
.319
.3187
.3183
.3179
.3175
.3172
.3168
.3164
.3161
.3157
.3153
.3149
.3146
.3142
.3138
.3135
.3131
.3127
.3124
.312
.3116
.3113
.3109
.3105
.3102
.3098
.3094
.3091
.3087
.3083
.308
.3076
.3073
.3069
.3065
.3062
.3058
.3055
.3051
.3047
.3044
.304
.3037
.3033
.303
.3026
.3022
.3019
.3015
.3012
.3008
.3005
.3001
.2998
.2994
.2991
.2987
.2984
.298
.2977
.2973
.297
.2966
.2963
.2959
.2956
.2952
.2949
.2945
.2942
.2938
.2935
.2932
.2928
.2925
.2921
.2918
.2914
.2911
.2908
.2904
.2901
.2897
.2894
.2891
.2887
.2884
.2881
.2877
.2874
.2871
.2867
.2864
.286
.2857
.2854
.285
.2847
.2844
.2841
.2837
.2834
.2831
.2827
.2824
.2821
.2817
.2814
.2811
.2808
.2804
.2801
.2798
.2795
.2791
.2788
.2785
.2782
.2778
.2775
.2772
.2769
.2766
.2762
.2759
.2756
.2753
.275
.2746
.2743
.274
.2737
.2734
.2731
.2727
.2724
.2721
.2718
.2715
.2712
.2709
.2705
.2702
.2699
.2696
.2693
.269
.2687
.2684
.2681
.2678
.2675
.2671
.2668
.2665
.2662
.2659
.2656
.2653
.265
.2647
.2644
.2641
.2638
.2635
.2632
.2629
.2626
.2623
.262
.2617
.2614
.2611
.2608
.2605
.2602
.2599
.2596
.2593
.259
.2587
.2584
.2581
.2578
.2575
.2573
.257
.2567
.2564
.2561
.2558
.2555
.2552
.2549
.2546
.2544
.2541
.2538
.2535
.2532
.2529
.2526
.2523
.2521
.2518
.2515
.2512
.2509
.2506
.2504
.2501
.2498
.2495
.2492
.249
.2487
.2484
.2481
.2478
.2476
.2473
.247
.2467
.2465
.2462
.2459
.2456
.2454
.2451
.2448
.2445
.2443
.244
.2437
.2434
.2432
.2429
.2426
.2424
.2421
.2418
.2416
.2413
.241
.2407
.2405
.2402
.2399
.2397
.2394
.2392
.2389
.2386
.2384
.2381
.2378
.2376
.2373
.237
.2368
.2365
.2363
.236
.2357
.2355
.2352
.235
.2347
.2344
.2342
.2339
.2337
.2334
.2332
.2329
.2327
.2324
.2321
.2319
.2316
.2314
.2311
.2309
.2306
.2304
.2301
.2299
.2296
.2294
.2291
.2289
.2286
.2284
.2281
.2279
.2276
.2274
.2271
.2269
.2266
.2264
.2262
.2259
.2257
.2254
.2252
.2249
.2247
.2244
.2242
.224
.2237
.2235
.2232
.223
.2228
.2225
.2223
.222
.2218
.2216
.2213
.2211
.2209
.2206
.2204
.2201
.2199
.2197
.2194
.2192
.219
.2187
.2185
.2183
.218
.2178
.2176
.2173
.2171
.2169
.2166
.2164
.2162
.216
.2157
.2155
.2153
.215
.2148
.2146
.2144
.2141
.2139
.2137
.2135
.2132
.213
.2128
.2126
.2123
.2121
.2119
.2117
.2114
.2112
.211
.2108
.2106
.2103
.2101
.2099
.2097
.2095
.2092
.209
.2088
.2086
.2084
.2081
.2079
.2077
.2075
.2073
.2071
.2068
.2066
.2064
.2062
.206
.2058
.2056
.2053
.2051
.2049
.2047
.2045
.2043
.2041
.2039
.2037
.2034
.2032
.203
.2028
.2026
.2024
.2022
.202
.2018
.2016
.2014
.2012
.2009
.2007
.2005
.2003
.2001
.1999
.1997
.1995
.1993
.1991
.1989
.1987
.1985
.1983
.1981
.1979
.1977
.1975
.1973
.1971
.1969
.1967
.1965
.1963
.1961
.1959
.1957
.1955
.1953
.1951
.1949
.1947
.1945
.1943
.1941
.1939
.1937
.1935
.1933
.1931
.1929
.1928
.1926
.1924
.1922
.192
.1918
.1916
.1914
.1912
.191
.1908
.1906
.1905
.1903
.1901
.1899
.1897
.1895
.1893
.1891
.1889
.1888
.1886
.1884
.1882
.188
.1878
.1876
.1874
.1873
.1871
.1869
.1867
.1865
.1863
.1862
.186
.1858
.1856
.1854
.1852
.1851
.1849
.1847
.1845
.1843
.1841
.184
.1838
.1836
.1834
.1832
.1831
.1829
.1827
.1825
.1824
.1822
.182
.1818
.1816
.1815
.1813
.1811
.1809
.1808
.1806
.1804
.1802
.1801
.1799
.1797
.1795
.1794
.1792
.179
.1788
.1787
.1785
.1783
.1782
.178
.1778
.1776
.1775
.1773
.1771
.177
.1768
.1766
.1765
.1763
.1761
.1759
.1758
.1756
.1754
.1753
.1751
.1749
.1748
.1746
.1744
.1743
.1741
.1739
.1738
.1736
.1734
.1733
.1731
.173
.1728
.1726
.1725
.1723
.1721
.172
.1718
.1716
.1715
.1713
.1712
.171
.1708
.1707
.1705
.1704
.1702
.17
.1699
.1697
.1696
.1694
.1692
.1691
.1689
.1688
.1686
.1685
.1683
.1681
.168
.1678
.1677
.1675
.1674
.1672
.167
.1669
.1667
.1666
.1664
.1663
.1661
.166
.1658
.1657
.1655
.1653
.1652
.165
.1649
.1647
.1646
.1644
.1643
.1641
.164
.1638
.1637
.1635
.1634
.1632
.1631
.1629
.1628
.1626
.1625
.1623
.1622
.162
.1619
.1617
.1616
.1614
.1613
.1612
.161
.1609
.1607
.1606
.1604
.1603
.1601
.16
.1598
.1597
.1595
.1594
.1593
.1591
.159
.1588
.1587
.1585
.1584
.1583
.1581
.158
.1578
.1577
.1575
.1574
.1573
.1571
.157
.1568
.1567
.1566
.1564
.1563
.1561
.156
.1559
.1557
.1556
.1554
.1553
.1552
.155
.1549
.1547
.1546
.1545
.1543
.1542
.1541
.1539
.1538
.1537
.1535
.1534
.1532
.1531
.153
.1528
.1527
.1526
.1524
.1523
.1522
.152
.1519
.1518
.1516
.1515
.1514
.1512
.1511
.151
.1508
.1507
.1506
.1504
.1503
.1502
.15
.1499
.1498
.1496
.1495
.1494
.1493
.1491
.149
.1489
.1487
.1486
.1485
.1484
.1482
.1481
.148
.1478
.1477
.1476
.1475
.1473
.1472
.1471
.1469
.1468
.1467
.1466
.1464
.1463
.1462
.1461
.1459
.1458
.1457
.1456
.1454
.1453
.1452
.1451
.1449
.1448
.1447
.1446
.1444
.1443
.1442
.1441
.1439
.1438
.1437
.1436
.1435
.1433
.1432
.1431
.143
.1428
.1427
.1426
.1425
.1424
.1422
.1421
.142
.1419
.1418
.1416
.1415
.1414
.1413
.1412
.141
.1409
.1408
.1407
.1406
.1405
.1403
.1402
.1401
.14
.1399
.1397
.1396
.1395
.1394
.1393
.1392
.139
.1389
.1388
.1387
.1386
.1385
.1384
.1382
.1381
.138
.1379
.1378
.1377
.1376
.1374
.1373
.1372
.1371
.137
.1369
.1368
.1366
.1365
.1364
.1363
.1362
.1361
.136
.1359
.1357
.1356
.1355
.1354
.1353
.1352
.1351
.135
.1349
.1347
.1346
.1345
.1344
.1343
.1342
.1341
.134
.1339
.1338
.1336
.1335
.1334
.1333
.1332
.1331
.133
.1329
.1328
.1327
.1326
.1325
.1323
.1322
.1321
.132
.1319
.1318
.1317
.1316
.1315
.1314
.1313
.1312
.1311
.131
.1309
.1307
.1306
.1305
.1304
.1303
.1302
.1301
.13
.1299
.1298
.1297
.1296
.1295
.1294
.1293
.1292
.1291
.129
.1289
.1288
.1287
.1286
.1285
.1284
.1283
.1282
.1281
.128
.1279
.1278
.1277
.1275
.1274
.1273
.1272
.1271
.127
.1269
.1268
.1267
.1266
.1265
.1264
.1263
.1262
.1261
.126
.1259
.1258
.1257
.1257
.1256
.1255
.1254
.1253
.1252
.1251
.125
.1249
.1248
.1247
.1246
.1245
.1244
.1243
.1242
.1241
.124
.1239
.1238
.1237
.1236
.1235
.1234
.1233
.1232
.1231
.123
.1229
.1228
.1227
.1226
.1226
.1225
.1224
.1223
.1222
.1221
.122
.1219
.1218
.1217
.1216
.1215
.1214
.1213
.1212
.1211
.121
.121
.1209
.1208
.1207
.1206
.1205
.1204
.1203
.1202
.1201
.12
.1199
.1199
.1198
.1197
.1196
.1195
.1194
.1193
.1192
.1191
.119
.1189
.1189
.1188
.1187
.1186
.1185
.1184
.1183
.1182
.1181
.118
.118
.1179
.1178
.1177
.1176
.1175
.1174
.1173
.1172
.1172
.1171
.117
.1169
.1168
.1167
.1166
.1165
.1165
.1164
.1163
.1162
.1161
.116
.1159
.1158
.1158
.1157
.1156
.1155
.1154
.1153
.1152
.1152
.1151
.115
.1149
.1148
.1147
.1146
.1146
.1145
.1144
.1143
.1142
.1141
.114
.114
.1139
.1138
.1137
.1136
.1135
.1135
.1134
.1133
.1132
.1131
.113
.113
.1129
.1128
.1127
.1126
.1125
.1125
.1124
.1123
.1122
.1121
.112
.112
.1119
.1118
.1117
.1116
.1116
.1115
.1114
.1113
.1112
.1111
.1111
.111
.1109
.1108
.1107
.1107
.1106
.1105
.1104
.1103
.1103
.1102
.1101
.11
.1099
.1099
.1098
.1097
.1096
.1095
.1095
.1094
.1093
.1092
.1092
.1091
.109
.1089
.1088
.1088
.1087
.1086
.1085
.1084
.1084
.1083
.1082
.1081
.1081
.108
.1079
.1078
.1078
.1077
.1076
.1075
.1074
.1074
.1073
.1072
.1071
.1071
.107
.1069
.1068
.1068
.1067
.1066
.1065
.1065
.1064
.1063
.1062
.1062
.1061
.106
.1059
.1059
.1058
.1057
.1056
.1056
.1055
.1054
.1053
.1053
.1052
.1051
.105
.105
.1049
.1048
.1047
.1047
.1046
.1045
.1044
.1044
.1043
.1042
.1041
.1041
.104
.1039
.1039
.1038
.1037
.1036
.1036
.1035
.1034
.1034
.1033
.1032
.1031
.1031
.103
.1029
.1028
.1028
.1027
.1026
.1026
.1025
.1024
.1023
.1023
.1022
.1021
.1021
.102
.1019
.1019
.1018
.1017
.1016
.1016
.1015
.1014
.1014
.1013
.1012
.1012
.1011
.101
.1009
.1009
.1008
.1007
.1007
.1006
.1005
.1005
.1004
.1003
.1003
.1002
.1001
.1
.1
.0999
.0998
.0998
.0997
.0996
.0996
.0995
.0994
.0994
.0993
.0992
.0992
.0991
.099
.099
.0989
.0988
.0988
.0987
.0986
.0986
.0985
.0984
.0984
.0983
.0982
.0982
.0981
.098
.098
.0979
.0978
.0978
.0977
.0976
.0976
.0975
.0974
.0974
.0973
.0972
.0972
.0971
.097
.097
.0969
.0968
.0968
.0967
.0967
.0966
.0965
.0965
.0964
.0963
.0963
.0962
.0961
.0961
.096
.0959
.0959
.0958
.0958
.0957
.0956
.0956
.0955
.0954
.0954
.0953
.0952
.0952
.0951
.0951
.095
.0949
.0949
.0948
.0947
.0947
.0946
.0946
.0945
.0944
.0944
.0943
.0942
.0942
.0941
.0941
.094
.0939
.0939
.0938
.0937
.0937
.0936
.0936
.0935
.0934
.0934
.0933
.0933
.0932
.0931
.0931
.093
.0929
.0929
.0928
.0928
.0927
.0926
.0926
.0925
.0925
.0924
.0923
.0923
.0922
.0922
.0921
.092
.092
.0919
.0919
.0918
.0917
.0917
.0916
.0916
.0915
.0914
.0914
.0913
.0913
.0912
.0911
.0911
.091
.091
.0909
.0909
.0908
.0907
.0907
.0906
.0906
.0905
.0904
.0904
.0903
.0903
.0902
.0902
.0901
.09
.09
.0899
.0899
.0898
.0898
.0897
.0896
.0896
.0895
.0895
.0894
.0893
.0893
.0892
.0892
.0891
.0891
.089
.0889
.0889
.0888
.0888
.0887
.0887
.0886
.0886
.0885
.0884
.0884
.0883
.0883
.0882
.0882
.0881
.088
.088
.0879
.0879
.0878
.0878
.0877
.0877
.0876
.0875
.0875
.0874
.0874
.0873
.0873
.0872
.0872
.0871
.0871
.087
.0869
.0869
.0868
.0868
.0867
.0867
.0866
.0866
.0865
.0865
.0864
.0863
.0863
.0862
.0862
.0861
.0861
.086
.086
.0859
.0859
.0858
.0858
.0857
.0856
.0856
.0855
.0855
.0854
.0854
.0853
.0853
.0852
.0852
.0851
.0851
.085
.085
.0849
.0848
.0848
.0847
.0847
.0846
.0846
.0845
.0845
.0844
.0844
.0843
.0843
.0842
.0842
.0841
.0841
.084
.084
.0839
.0839
.0838
.0838
.0837
.0836
.0836
.0835
.0835
.0834
.0834
.0833
.0833
.0832
.0832
.0831
.0831
.083
.083
.0829
.0829
.0828
.0828
.0827
.0827
.0826
.0826
.0825
.0825
.0824
.0824
.0823
.0823
.0822
.0822
.0821
.0821
.082
.082
.0819
.0819
.0818
.0818
.0817
.0817
.0816
.0816
.0815
.0815
.0814
.0814
.0813
.0813
.0812
.0812
.0811
.0811
.081
.081
.0809
.0809
.0808
.0808
.0807
.0807
.0806
.0806
.0805
.0805
.0804
.0804
.0803
.0803
.0803
.0802
.0802
.0801
.0801
.08
.08
.0799
.0799
.0798
.0798
.0797
.0797
.0796
.0796
.0795
.0795
.0794
.0794
.0793
.0793
.0792
.0792
.0792
.0791
.0791
.079
.079
.0789
.0789
.0788
.0788
.0787
.0787
.0786
.0786
.0785
.0785
.0784
.0784
.0784
.0783
.0783
.0782
.0782
.0781
.0781
.078
.078
.0779
.0779
.0778
.0778
.0778
.0777
.0777
.0776
.0776
.0775
.0775
.0774
.0774
.0773
.0773
.0772
.0772
.0772
.0771
.0771
.077
.077
.0769
.0769
.0768
.0768
.0767
.0767
.0767
.0766
.0766
.0765
.0765
.0764
.0764
.0763
.0763
.0763
.0762
.0762
.0761
.0761
.076
.076
.0759
.0759
.0759
.0758
.0758
.0757
.0757
.0756
.0756
.0755
.0755
.0755
.0754
.0754
.0753
.0753
.0752
.0752
.0752
.0751
.0751
.075
.075
.0749
.0749
.0748
.0748
.0748
.0747
.0747
.0746
.0746
.0745
.0745
.0745
.0744
.0744
.0743
.0743
.0742
.0742
.0742
.0741
.0741
.074
.074
.0739
.0739
.0739
.0738
.0738
.0737
.0737
.0736
.0736
.0736
.0735
.0735
.0734
.0734
.0734
.0733
.0733
.0732
.0732
.0731
.0731
.0731
.073
.073
.0729
.0729
.0728
.0728
.0728
.0727
.0727
.0726
.0726
.0726
.0725
.0725
.0724
.0724
.0724
.0723
.0723
.0722
.0722
.0721
.0721
.0721
.072
.072
.0719
.0719
.0719
.0718
.0718
.0717
.0717
.0717
.0716
.0716
.0715
.0715
.0715
.0714
.0714
.0713
.0713
.0713
.0712
.0712
.0711
.0711
.071
.071
.071
.0709
.0709
.0708
.0708
.0708
.0707
.0707
.0706
.0706
.0706
.0705
.0705
.0705
.0704
.0704
.0703
.0703
.0703
.0702
.0702
.0701
.0701
.0701
.07
.07
.0699
.0699
.0699
.0698
.0698
.0697
.0697
.0697
.0696
.0696
.0695
.0695
.0695
.0694
.0694
.0694
.0693
.0693
.0692
.0692
.0692
.0691
.0691
.069
.069
.069
.0689
.0689
.0689
.0688
.0688
.0687
.0687
.0687
.0686
.0686
.0686
.0685
.0685
.0684
.0684
.0684
.0683
.0683
.0682
.0682
.0682
.0681
.0681
.0681
.068
.068
.0679
.0679
.0679
.0678
.0678
.0678
.0677
.0677
.0676
.0676
.0676
.0675
.0675
.0675
.0674
.0674
.0674
.0673
.0673
.0672
.0672
.0672
.0671
.0671
.0671
.067
.067
.0669
.0669
.0669
.0668
.0668
.0668
.0667
.0667
.0667
.0666
.0666
.0665
.0665
.0665
.0664
.0664
.0664
.0663
.0663
.0663
.0662
.0662
.0661
.0661
.0661
.066
.066
.066
.0659
.0659
.0659
.0658
.0658
.0658
.0657
.0657
.0656
.0656
.0656
.0655
.0655
.0655
.0654
.0654
.0654
.0653
.0653
.0653
.0652
.0652
.0651
.0651
.0651
.065
.065
.065
.0649
.0649
.0649
.0648
.0648
.0648
.0647
.0647
.0647
.0646
.0646
.0646
.0645
.0645
.0645
.0644
.0644
.0643
.0643
.0643
.0642
.0642
.0642
.0641
.0641
.0641
.064
.064
.064
.0639
.0639
.0639
.0638
.0638
.0638
.0637
.0637
.0637
.0636
.0636
.0636
.0635
.0635
.0635
.0634
.0634
.0634
.0633
.0633
.0633
.0632
.0632
.0632
.0631
.0631
.0631
.063
.063
.063
.0629
.0629
.0629
.0628
.0628
.0628
.0627
.0627
.0627
.0626
.0626
.0626
.0625
.0625
.0625
.0624
.0624
.0624
.0623
.0623
.0623
.0622
.0622
.0622
.0621
.0621
.0621
.062
.062
.062
.0619
.0619
.0619
.0618
.0618
.0618
.0617
.0617
.0617
.0616
.0616
.0616
.0615
.0615
.0615
.0614
.0614
.0614
.0613
.0613
.0613
.0613
.0612
.0612
.0612
.0611
.0611
.0611
.061
.061
.061
.0609
.0609
.0609
.0608
.0608
.0608
.0607
.0607
.0607
.0606
.0606
.0606
.0606
.0605
.0605
.0605
.0604
.0604
.0604
.0603
.0603
.0603
.0602
.0602
.0602
.0601
.0601
.0601
.06
.06
.06
.06
.0599
.0599
.0599
.0598
.0598
.0598
.0597
.0597
.0597
.0596
.0596
.0596
.0596
.0595
.0595
.0595
.0594
.0594
.0594
.0593
.0593
.0593
.0592
.0592
.0592
.0592
.0591
.0591
.0591
.059
.059
.059
.0589
.0589
.0589
.0589
.0588
.0588
.0588
.0587
.0587
.0587
.0586
.0586
.0586
.0586
.0585
.0585
.0585
.0584
.0584
.0584
.0583
.0583
.0583
.0583
.0582
.0582
.0582
.0581
.0581
.0581
.058
.058
.058
.058
.0579
.0579
.0579
.0578
.0578
.0578
.0577
.0577
.0577
.0577
.0576
.0576
.0576
.0575
.0575
.0575
.0575
.0574
.0574
.0574
.0573
.0573
.0573
.0573
.0572
.0572
.0572
.0571
.0571
.0571
.0571
.057
.057
.057
.0569
.0569
.0569
.0568
.0568
.0568
.0568
.0567
.0567
.0567
.0566
.0566
.0566
.0566
.0565
.0565
.0565
.0564
.0564
.0564
.0564
.0563
.0563
.0563
.0563
.0562
.0562
.0562
.0561
.0561
.0561
.0561
.056
.056
.056
.0559
.0559
.0559
.0559
.0558
.0558
.0558
.0557
.0557
.0557
.0557
.0556
.0556
.0556
.0556
.0555
.0555
.0555
.0554
.0554
.0554
.0554
.0553
.0553
.0553
.0552
.0552
.0552
.0552
.0551
.0551
.0551
.0551
.055
.055
.055
.0549
.0549
.0549
.0549
.0548
.0548
.0548
.0548
.0547
.0547
.0547
.0546
.0546
.0546
.0546
.0545
.0545
.0545
.0545
.0544
.0544
.0544
.0544
.0543
.0543
.0543
.0542
.0542
.0542
.0542
.0541
.0541
.0541
.0541
.054
.054
.054
.054
.0539
.0539
.0539
.0538
.0538
.0538
.0538
.0537
.0537
.0537
.0537
.0536
.0536
.0536
.0536
.0535
.0535
.0535
.0535
.0534
.0534
.0534
.0533
.0533
.0533
.0533
.0532
.0532
.0532
.0532
.0531
.0531
.0531
.0531
.053
.053
.053
.053
.0529
.0529
.0529
.0529
.0528
.0528
.0528
.0528
.0527
.0527
.0527
.0526
.0526
.0526
.0526
.0525
.0525
.0525
.0525
.0524
.0524
.0524
.0524
.0523
.0523
.0523
.0523
.0522
.0522
.0522
.0522
.0521
.0521
.0521
.0521
.052
.052
.052
.052
.0519
.0519
.0519
.0519
.0518
.0518
.0518
.0518
.0517
.0517
.0517
.0517
.0516
.0516
.0516
.0516
.0515
.0515
.0515
.0515
.0514
.0514
.0514
.0514
.0513
.0513
.0513
.0513
.0512
.0512
.0512
.0512
.0511
.0511
.0511
.0511
.0511
.051
.051
.051
.051
.0509
.0509
.0509
.0509
.0508
.0508
.0508
.0508
.0507
.0507
.0507
.0507
.0506
.0506
.0506
.0506
.0505
.0505
.0505
.0505
.0504
.0504
.0504
.0504
.0504
.0503
.0503
.0503
.0503
.0502
.0502
.0502
.0502
.0501
.0501
.0501
.0501
.05
.05
.05
