.5617
.5612
.5606
.5601
.5596
.5591
.5585
.558
.5575
.557
.5566
.5561
.5556
.5552
.5547
.5543
.5538
.5534
.553
.5526
.5522
.5518
.5514
.551
.5506
.5503
.5499
.5496
.5492
.5489
.5486
.5483
.5479
.5476
.5474
.5471
.5468
.5465
.5462
.546
.5457
.5455
.5452
.545
.5448
.5446
.5443
.5441
.5439
.5437
.5435
.5433
.5431
.543
.5428
.5426
.5424
.5423
.5421
.542
.5418
.5417
.5415
.5414
.5412
.5411
.541
.5408
.5407
.5406
.5405
.5404
.5402
.5401
.54
.5399
.5398
.5397
.5396
.5395
.5394
.5393
.5392
.5391
.539
.5389
.5388
.5387
.5386
.5385
.5385
.5384
.5383
.5382
.5381
.538
.538
.5379
.5378
.5377
.5376
.5375
.5375
.5374
.5373
.5372
.5372
.5371
.537
.5369
.5368
.5368
.5367
.5366
.5365
.5365
.5364
.5363
.5362
.5361
.5361
.536
.5359
.5358
.5358
.5357
.5356
.5355
.5355
.5354
.5353
.5352
.5351
.5351
.535
.5349
.5348
.5347
.5347
.5346
.5345
.5344
.5343
.5343
.5342
.5341
.534
.5339
.5339
.5338
.5337
.5336
.5335
.5334
.5334
.5333
.5332
.5331
.533
.5329
.5328
.5328
.5327
.5326
.5325
.5324
.5323
.5322
.5321
.5321
.532
.5319
.5318
.5317
.5316
.5315
.5314
.5313
.5312
.5311
.531
.531
.5309
.5308
.5307
.5306
.5305
.5304
.5303
.5302
.5301
.53
.5299
.5298
.5297
.5296
.5295
.5294
.5293
.5292
.5291
.529
.5289
.5288
.5287
.5286
.5285
.5283
.5282
.5281
.528
.5279
.5278
.5277
.5276
.5275
.5274
.5273
.5271
.527
.5269
.5268
.5267
.5266
.5265
.5263
.5262
.5261
.526
.5259
.5258
.5256
.5255
.5254
.5253
.5252
.525
.5249
.5248
.5247
.5245
.5244
.5243
.5242
.524
.5239
.5238
.5237
.5235
.5234
.5233
.5231
.523
.5229
.5228
.5226
.5225
.5224
.5222
.5221
.5219
.5218
.5217
.5215
.5214
.5213
.5211
.521
.5208
.5207
.5205
.5204
.5203
.5201
.52
.5198
.5197
.5195
.5194
.5192
.5191
.5189
.5188
.5186
.5185
.5183
.5182
.518
.5179
.5177
.5175
.5174
.5172
.5171
.5169
.5168
.5166
.5164
.5163
.5161
.5159
.5158
.5156
.5154
.5153
.5151
.5149
.5148
.5146
.5144
.5143
.5141
.5139
.5137
.5136
.5134
.5132
.513
.5129
.5127
.5125
.5123
.5121
.512
.5118
.5116
.5114
.5112
.511
.5109
.5107
.5105
.5103
.5101
.5099
.5097
.5095
.5093
.5091
.5089
.5087
.5086
.5084
.5082
.508
.5078
.5076
.5074
.5072
.507
.5068
.5065
.5063
.5061
.5059
.5057
.5055
.5053
.5051
.5049
.5047
.5045
.5043
.504
.5038
.5036
.5034
.5032
.503
.5027
.5025
.5023
.5021
.5019
.5016
.5014
.5012
.501
.5007
.5005
.5003
.5001
.4998
.4996
.4994
.4992
.4989
.4987
.4985
.4982
.498
.4978
.4975
.4973
.4971
.4968
.4966
.4963
.4961
.4959
.4956
.4954
.4951
.4949
.4947
.4944
.4942
.4939
.4937
.4934
.4932
.4929
.4927
.4925
.4922
.492
.4917
.4915
.4912
.491
.4907
.4905
.4902
.4899
.4897
.4894
.4892
.4889
.4887
.4884
.4882
.4879
.4876
.4874
.4871
.4869
.4866
.4864
.4861
.4858
.4856
.4853
.485
.4848
.4845
.4843
.484
.4837
.4835
.4832
.4829
.4827
.4824
.4822
.4819
.4816
.4814
.4811
.4808
.4806
.4803
.48
.4798
.4795
.4792
.4789
.4787
.4784
.4781
.4779
.4776
.4773
.4771
.4768
.4765
.4763
.476
.4757
.4754
.4752
.4749
.4746
.4744
.4741
.4738
.4735
.4733
.473
.4727
.4725
.4722
.4719
.4716
.4714
.4711
.4708
.4705
.4703
.47
.4697
.4695
.4692
.4689
.4686
.4684
.4681
.4678
.4676
.4673
.467
.4667
.4665
.4662
.4659
.4656
.4654
.4651
.4648
.4646
.4643
.464
.4637
.4635
.4632
.4629
.4627
.4624
.4621
.4618
.4616
.4613
.461
.4608
.4605
.4602
.46
.4597
.4594
.4591
.4589
.4586
.4583
.4581
.4578
.4575
.4573
.457
.4567
.4565
.4562
.4559
.4556
.4554
.4551
.4548
.4546
.4543
.454
.4538
.4535
.4532
.453
.4527
.4524
.4522
.4519
.4516
.4514
.4511
.4509
.4506
.4503
.4501
.4498
.4495
.4493
.449
.4487
.4485
.4482
.4479
.4477
.4474
.4472
.4469
.4466
.4464
.4461
.4458
.4456
.4453
.4451
.4448
.4445
.4443
.444
.4437
.4435
.4432
.443
.4427
.4424
.4422
.4419
.4417
.4414
.4411
.4409
.4406
.4404
.4401
.4398
.4396
.4393
.4391
.4388
.4385
.4383
.438
.4378
.4375
.4373
.437
.4367
.4365
.4362
.436
.4357
.4354
.4352
.4349
.4347
.4344
.4342
.4339
.4336
.4334
.4331
.4329
.4326
.4323
.4321
.4318
.4316
.4313
.4311
.4308
.4305
.4303
.43
.4298
.4295
.4292
.429
.4287
.4285
.4282
.428
.4277
.4274
.4272
.4269
.4267
.4264
.4261
.4259
.4256
.4254
.4251
.4249
.4246
.4243
.4241
.4238
.4236
.4233
.423
.4228
.4225
.4223
.422
.4217
.4215
.4212
.421
.4207
.4204
.4202
.4199
.4196
.4194
.4191
.4189
.4186
.4183
.4181
.4178
.4175
.4173
.417
.4168
.4165
.4162
.416
.4157
.4154
.4152
.4149
.4146
.4144
.4141
.4138
.4136
.4133
.4131
.4128
.4125
.4123
.412
.4117
.4115
.4112
.4109
.4106
.4104
.4101
.4098
.4096
.4093
.409
.4088
.4085
.4082
.408
.4077
.4074
.4071
.4069
.4066
.4063
.4061
.4058
.4055
.4052
.405
.4047
.4044
.4042
.4039
.4036
.4033
.4031
.4028
.4025
.4022
.402
.4017
.4014
.4011
.4009
.4006
.4003
.4
.3998
.3995
.3992
.3989
.3987
.3984
.3981
.3978
.3975
.3973
.397
.3967
.3964
.3962
.3959
.3956
.3953
.395
.3948
.3945
.3942
.3939
.3936
.3934
.3931
.3928
.3925
.3922
.392
.3917
.3914
.3911
.3908
.3906
.3903
.39
.3897
.3894
.3891
.3889
.3886
.3883
.388
.3877
.3875
.3872
.3869
.3866
.3863
.386
.3858
.3855
.3852
.3849
.3846
.3843
.3841
.3838
.3835
.3832
.3829
.3826
.3824
.3821
.3818
.3815
.3812
.3809
.3807
.3804
.3801
.3798
.3795
.3792
.379
.3787
.3784
.3781
.3778
.3776
.3773
.377
.3767
.3764
.3761
.3759
.3756
.3753
.375
.3747
.3744
.3742
.3739
.3736
.3733
.373
.3727
.3725
.3722
.3719
.3716
.3713
.3711
.3708
.3705
.3702
.3699
.3696
.3694
.3691
.3688
.3685
.3682
.368
.3677
.3674
.3671
.3668
.3666
.3663
.366
.3657
.3654
.3652
.3649
.3646
.3643
.364
.3638
.3635
.3632
.3629
.3626
.3624
.3621
.3618
.3615
.3613
.361
.3607
.3604
.3601
.3599
.3596
.3593
.359
.3588
.3585
.3582
.3579
.3577
.3574
.3571
.3568
.3566
.3563
.356
.3557
.3555
.3552
.3549
.3546
.3544
.3541
.3538
.3535
.3533
.353
.3527
.3524
.3522
.3519
.3516
.3514
.3511
.3508
.3505
.3503
.35
.3497
.3495
.3492
.3489
.3486
.3484
.3481
.3478
.3476
.3473
.347
.3467
.3465
.3462
.3459
.3457
.3454
.3451
.3449
.3446
.3443
.3441
.3438
.3435
.3433
.343
.3427
.3425
.3422
.3419
.3417
.3414
.3411
.3409
.3406
.3403
.3401
.3398
.3395
.3393
.339
.3387
.3385
.3382
.3379
.3377
.3374
.3371
.3369
.3366
.3364
.3361
.3358
.3356
.3353
.335
.3348
.3345
.3342
.334
.3337
.3335
.3332
.3329
.3327
.3324
.3322
.3319
.3316
.3314
.3311
.3309
.3306
.3303
.3301
.3298
.3296
.3293
.329
.3288
.3285
.3283
.328
.3277
.3275
.3272
.327
.3267
.3265
.3262
.3259
.3257
.3254
.3252
.3249
.3247
.3244
.3241
.3239
.3236
.3234
.3231
.3229
.3226
.3224
.3221
.3219
.3216
.3213
.3211
.3208
.3206
.3203
.3201
.3198
.3196
.3193
.3191
.3188
.3186
.3183
.3181
.3178
.3176
.3173
.3171
.3168
.3166
.3163
.3161
.3158
.3156
.3153
.3151
.3148
.3146
.3143
.3141
.3138
.3136
.3133
.3131
.3128
.3126
.3123
.3121
.3118
.3116
.3113
.3111
.3108
.3106
.3103
.3101
.3099
.3096
.3094
.3091
.3089
.3086
.3084
.3081
.3079
.3076
.3074
.3072
.3069
.3067
.3064
.3062
.3059
.3057
.3055
.3052
.305
.3047
.3045
.3043
.304
.3038
.3035
.3033
.3031
.3028
.3026
.3023
.3021
.3019
.3016
.3014
.3011
.3009
.3007
.3004
.3002
.2999
.2997
.2995
.2992
.299
.2988
.2985
.2983
.2981
.2978
.2976
.2973
.2971
.2969
.2966
.2964
.2962
.2959
.2957
.2955
.2952
.295
.2948
.2945
.2943
.2941
.2938
.2936
.2934
.2931
.2929
.2927
.2925
.2922
.292
.2918
.2915
.2913
.2911
.2908
.2906
.2904
.2902
.2899
.2897
.2895
.2893
.289
.2888
.2886
.2883
.2881
.2879
.2877
.2874
.2872
.287
.2868
.2865
.2863
.2861
.2859
.2856
.2854
.2852
.285
.2847
.2845
.2843
.2841
.2839
.2836
.2834
.2832
.283
.2827
.2825
.2823
.2821
.2819
.2816
.2814
.2812
.281
.2808
.2806
.2803
.2801
.2799
.2797
.2795
.2792
.279
.2788
.2786
.2784
.2782
.2779
.2777
.2775
.2773
.2771
.2769
.2767
.2764
.2762
.276
.2758
.2756
.2754
.2752
.2749
.2747
.2745
.2743
.2741
.2739
.2737
.2735
.2732
.273
.2728
.2726
.2724
.2722
.272
.2718
.2716
.2714
.2712
.2709
.2707
.2705
.2703
.2701
.2699
.2697
.2695
.2693
.2691
.2689
.2687
.2685
.2682
.268
.2678
.2676
.2674
.2672
.267
.2668
.2666
.2664
.2662
.266
.2658
.2656
.2654
.2652
.265
.2648
.2646
.2644
.2642
.264
.2638
.2636
.2634
.2632
.263
.2628
.2626
.2624
.2622
.262
.2618
.2616
.2614
.2612
.261
.2608
.2606
.2604
.2602
.26
.2598
.2596
.2594
.2592
.259
.2588
.2586
.2584
.2582
.258
.2578
.2576
.2574
.2573
.2571
.2569
.2567
.2565
.2563
.2561
.2559
.2557
.2555
.2553
.2551
.2549
.2547
.2546
.2544
.2542
.254
.2538
.2536
.2534
.2532
.253
.2528
.2526
.2525
.2523
.2521
.2519
.2517
.2515
.2513
.2511
.251
.2508
.2506
.2504
.2502
.25
.2498
.2496
.2495
.2493
.2491
.2489
.2487
.2485
.2483
.2482
.248
.2478
.2476
.2474
.2472
.2471
.2469
.2467
.2465
.2463
.2461
.246
.2458
.2456
.2454
.2452
.245
.2449
.2447
.2445
.2443
.2441
.244
.2438
.2436
.2434
.2432
.2431
.2429
.2427
.2425
.2423
.2422
.242
.2418
.2416
.2414
.2413
.2411
.2409
.2407
.2406
.2404
.2402
.24
.2398
.2397
.2395
.2393
.2391
.239
.2388
.2386
.2384
.2383
.2381
.2379
.2377
.2376
.2374
.2372
.237
.2369
.2367
.2365
.2364
.2362
.236
.2358
.2357
.2355
.2353
.2351
.235
.2348
.2346
.2345
.2343
.2341
.2339
.2338
.2336
.2334
.2333
.2331
.2329
.2328
.2326
.2324
.2323
.2321
.2319
.2317
.2316
.2314
.2312
.2311
.2309
.2307
.2306
.2304
.2302
.2301
.2299
.2297
.2296
.2294
.2292
.2291
.2289
.2287
.2286
.2284
.2282
.2281
.2279
.2278
.2276
.2274
.2273
.2271
.2269
.2268
.2266
.2264
.2263
.2261
.226
.2258
.2256
.2255
.2253
.2251
.225
.2248
.2247
.2245
.2243
.2242
.224
.2239
.2237
.2235
.2234
.2232
.2231
.2229
.2227
.2226
.2224
.2223
.2221
.2219
.2218
.2216
.2215
.2213
.2212
.221
.2208
.2207
.2205
.2204
.2202
.2201
.2199
.2197
.2196
.2194
.2193
.2191
.219
.2188
.2187
.2185
.2183
.2182
.218
.2179
.2177
.2176
.2174
.2173
.2171
.217
.2168
.2167
.2165
.2163
.2162
.216
.2159
.2157
.2156
.2154
.2153
.2151
.215
.2148
.2147
.2145
.2144
.2142
.2141
.2139
.2138
.2136
.2135
.2133
.2132
.213
.2129
.2127
.2126
.2124
.2123
.2121
.212
.2118
.2117
.2115
.2114
.2112
.2111
.2109
.2108
.2107
.2105
.2104
.2102
.2101
.2099
.2098
.2096
.2095
.2093
.2092
.209
.2089
.2088
.2086
.2085
.2083
.2082
.208
.2079
.2077
.2076
.2075
.2073
.2072
.207
.2069
.2067
.2066
.2065
.2063
.2062
.206
.2059
.2057
.2056
.2055
.2053
.2052
.205
.2049
.2047
.2046
.2045
.2043
.2042
.204
.2039
.2038
.2036
.2035
.2033
.2032
.2031
.2029
.2028
.2026
.2025
.2024
.2022
.2021
.202
.2018
.2017
.2015
.2014
.2013
.2011
.201
.2009
.2007
.2006
.2004
.2003
.2002
.2
.1999
.1998
.1996
.1995
.1994
.1992
.1991
.1989
.1988
.1987
.1985
.1984
.1983
.1981
.198
.1979
.1977
.1976
.1975
.1973
.1972
.1971
.1969
.1968
.1967
.1965
.1964
.1963
.1961
.196
.1959
.1957
.1956
.1955
.1953
.1952
.1951
.195
.1948
.1947
.1946
.1944
.1943
.1942
.194
.1939
.1938
.1936
.1935
.1934
.1933
.1931
.193
.1929
.1927
.1926
.1925
.1924
.1922
.1921
.192
.1918
.1917
.1916
.1915
.1913
.1912
.1911
.1909
.1908
.1907
.1906
.1904
.1903
.1902
.1901
.1899
.1898
.1897
.1896
.1894
.1893
.1892
.1891
.1889
.1888
.1887
.1886
.1884
.1883
.1882
.1881
.1879
.1878
.1877
.1876
.1874
.1873
.1872
.1871
.1869
.1868
.1867
.1866
.1864
.1863
.1862
.1861
.186
.1858
.1857
.1856
.1855
.1853
.1852
.1851
.185
.1849
.1847
.1846
.1845
.1844
.1843
.1841
.184
.1839
.1838
.1837
.1835
.1834
.1833
.1832
.1831
.1829
.1828
.1827
.1826
.1825
.1823
.1822
.1821
.182
.1819
.1817
.1816
.1815
.1814
.1813
.1812
.181
.1809
.1808
.1807
.1806
.1805
.1803
.1802
.1801
.18
.1799
.1798
.1796
.1795
.1794
.1793
.1792
.1791
.1789
.1788
.1787
.1786
.1785
.1784
.1783
.1781
.178
.1779
.1778
.1777
.1776
.1775
.1773
.1772
.1771
.177
.1769
.1768
.1767
.1765
.1764
.1763
.1762
.1761
.176
.1759
.1758
.1756
.1755
.1754
.1753
.1752
.1751
.175
.1749
.1748
.1746
.1745
.1744
.1743
.1742
.1741
.174
.1739
.1738
.1736
.1735
.1734
.1733
.1732
.1731
.173
.1729
.1728
.1727
.1725
.1724
.1723
.1722
.1721
.172
.1719
.1718
.1717
.1716
.1715
.1714
.1712
.1711
.171
.1709
.1708
.1707
.1706
.1705
.1704
.1703
.1702
.1701
.17
.1698
.1697
.1696
.1695
.1694
.1693
.1692
.1691
.169
.1689
.1688
.1687
.1686
.1685
.1684
.1683
.1682
.1681
.1679
.1678
.1677
.1676
.1675
.1674
.1673
.1672
.1671
.167
.1669
.1668
.1667
.1666
.1665
.1664
.1663
.1662
.1661
.166
.1659
.1658
.1657
.1656
.1655
.1654
.1653
.1652
.1651
.165
.1648
.1647
.1646
.1645
.1644
.1643
.1642
.1641
.164
.1639
.1638
.1637
.1636
.1635
.1634
.1633
.1632
.1631
.163
.1629
.1628
.1627
.1626
.1625
.1624
.1623
.1622
.1621
.162
.1619
.1618
.1617
.1616
.1615
.1614
.1613
.1612
.1611
.1611
.161
.1609
.1608
.1607
.1606
.1605
.1604
.1603
.1602
.1601
.16
.1599
.1598
.1597
.1596
.1595
.1594
.1593
.1592
.1591
.159
.1589
.1588
.1587
.1586
.1585
.1584
.1583
.1582
.1581
.1581
.158
.1579
.1578
.1577
.1576
.1575
.1574
.1573
.1572
.1571
.157
.1569
.1568
.1567
.1566
.1565
.1564
.1563
.1563
.1562
.1561
.156
.1559
.1558
.1557
.1556
.1555
.1554
.1553
.1552
.1551
.155
.155
.1549
.1548
.1547
.1546
.1545
.1544
.1543
.1542
.1541
.154
.1539
.1539
.1538
.1537
.1536
.1535
.1534
.1533
.1532
.1531
.153
.1529
.1528
.1528
.1527
.1526
.1525
.1524
.1523
.1522
.1521
.152
.1519
.1519
.1518
.1517
.1516
.1515
.1514
.1513
.1512
.1511
.1511
.151
.1509
.1508
.1507
.1506
.1505
.1504
.1503
.1503
.1502
.1501
.15
.1499
.1498
.1497
.1496
.1496
.1495
.1494
.1493
.1492
.1491
.149
.1489
.1489
.1488
.1487
.1486
.1485
.1484
.1483
.1483
.1482
.1481
.148
.1479
.1478
.1477
.1477
.1476
.1475
.1474
.1473
.1472
.1471
.1471
.147
.1469
.1468
.1467
.1466
.1465
.1465
.1464
.1463
.1462
.1461
.146
.146
.1459
.1458
.1457
.1456
.1455
.1455
.1454
.1453
.1452
.1451
.145
.145
.1449
.1448
.1447
.1446
.1445
.1445
.1444
.1443
.1442
.1441
.144
.144
.1439
.1438
.1437
.1436
.1435
.1435
.1434
.1433
.1432
.1431
.1431
.143
.1429
.1428
.1427
.1427
.1426
.1425
.1424
.1423
.1422
.1422
.1421
.142
.1419
.1418
.1418
.1417
.1416
.1415
.1414
.1414
.1413
.1412
.1411
.141
.141
.1409
.1408
.1407
.1406
.1406
.1405
.1404
.1403
.1403
.1402
.1401
.14
.1399
.1399
.1398
.1397
.1396
.1395
.1395
.1394
.1393
.1392
.1392
.1391
.139
.1389
.1388
.1388
.1387
.1386
.1385
.1385
.1384
.1383
.1382
.1381
.1381
.138
.1379
.1378
.1378
.1377
.1376
.1375
.1375
.1374
.1373
.1372
.1372
.1371
.137
.1369
.1368
.1368
.1367
.1366
.1365
.1365
.1364
.1363
.1362
.1362
.1361
.136
.1359
.1359
.1358
.1357
.1356
.1356
.1355
.1354
.1353
.1353
.1352
.1351
.135
.135
.1349
.1348
.1347
.1347
.1346
.1345
.1345
.1344
.1343
.1342
.1342
.1341
.134
.1339
.1339
.1338
.1337
.1336
.1336
.1335
.1334
.1334
.1333
.1332
.1331
.1331
.133
.1329
.1328
.1328
.1327
.1326
.1326
.1325
.1324
.1323
.1323
.1322
.1321
.1321
.132
.1319
.1318
.1318
.1317
.1316
.1316
.1315
.1314
.1313
.1313
.1312
.1311
.1311
.131
.1309
.1308
.1308
.1307
.1306
.1306
.1305
.1304
.1303
.1303
.1302
.1301
.1301
.13
.1299
.1299
.1298
.1297
.1297
.1296
.1295
.1294
.1294
.1293
.1292
.1292
.1291
.129
.129
.1289
.1288
.1288
.1287
.1286
.1285
.1285
.1284
.1283
.1283
.1282
.1281
.1281
.128
.1279
.1279
.1278
.1277
.1277
.1276
.1275
.1275
.1274
.1273
.1273
.1272
.1271
.127
.127
.1269
.1268
.1268
.1267
.1266
.1266
.1265
.1264
.1264
.1263
.1262
.1262
.1261
.126
.126
.1259
.1258
.1258
.1257
.1256
.1256
.1255
.1255
.1254
.1253
.1253
.1252
.1251
.1251
.125
.1249
.1249
.1248
.1247
.1247
.1246
.1245
.1245
.1244
.1243
.1243
.1242
.1241
.1241
.124
.1239
.1239
.1238
.1238
.1237
.1236
.1236
.1235
.1234
.1234
.1233
.1232
.1232
.1231
.123
.123
.1229
.1229
.1228
.1227
.1227
.1226
.1225
.1225
.1224
.1223
.1223
.1222
.1222
.1221
.122
.122
.1219
.1218
.1218
.1217
.1217
.1216
.1215
.1215
.1214
.1213
.1213
.1212
.1212
.1211
.121
.121
.1209
.1208
.1208
.1207
.1207
.1206
.1205
.1205
.1204
.1203
.1203
.1202
.1202
.1201
.12
.12
.1199
.1199
.1198
.1197
.1197
.1196
.1196
.1195
.1194
.1194
.1193
.1192
.1192
.1191
.1191
.119
.1189
.1189
.1188
.1188
.1187
.1186
.1186
.1185
.1185
.1184
.1183
.1183
.1182
.1182
.1181
.118
.118
.1179
.1179
.1178
.1177
.1177
.1176
.1176
.1175
.1174
.1174
.1173
.1173
.1172
.1172
.1171
.117
.117
.1169
.1169
.1168
.1167
.1167
.1166
.1166
.1165
.1164
.1164
.1163
.1163
.1162
.1162
.1161
.116
.116
.1159
.1159
.1158
.1158
.1157
.1156
.1156
.1155
.1155
.1154
.1153
.1153
.1152
.1152
.1151
.1151
.115
.1149
.1149
.1148
.1148
.1147
.1147
.1146
.1145
.1145
.1144
.1144
.1143
.1143
.1142
.1142
.1141
.114
.114
.1139
.1139
.1138
.1138
.1137
.1136
.1136
.1135
.1135
.1134
.1134
.1133
.1133
.1132
.1131
.1131
.113
.113
.1129
.1129
.1128
.1128
.1127
.1126
.1126
.1125
.1125
.1124
.1124
.1123
.1123
.1122
.1121
.1121
.112
.112
.1119
.1119
.1118
.1118
.1117
.1117
.1116
.1115
.1115
.1114
.1114
.1113
.1113
.1112
.1112
.1111
.1111
.111
.1109
.1109
.1108
.1108
.1107
.1107
.1106
.1106
.1105
.1105
.1104
.1104
.1103
.1103
.1102
.1101
.1101
.11
.11
.1099
.1099
.1098
.1098
.1097
.1097
.1096
.1096
.1095
.1095
.1094
.1094
.1093
.1092
.1092
.1091
.1091
.109
.109
.1089
.1089
.1088
.1088
.1087
.1087
.1086
.1086
.1085
.1085
.1084
.1084
.1083
.1083
.1082
.1082
.1081
.108
.108
.1079
.1079
.1078
.1078
.1077
.1077
.1076
.1076
.1075
.1075
.1074
.1074
.1073
.1073
.1072
.1072
.1071
.1071
.107
.107
.1069
.1069
.1068
.1068
.1067
.1067
.1066
.1066
.1065
.1065
.1064
.1064
.1063
.1063
.1062
.1062
.1061
.1061
.106
.106
.1059
.1059
.1058
.1058
.1057
.1057
.1056
.1056
.1055
.1055
.1054
.1054
.1053
.1053
.1052
.1052
.1051
.1051
.105
.105
.1049
.1049
.1048
.1048
.1047
.1047
.1046
.1046
.1045
.1045
.1044
.1044
.1043
.1043
.1042
.1042
.1041
.1041
.104
.104
.104
.1039
.1039
.1038
.1038
.1037
.1037
.1036
.1036
.1035
.1035
.1034
.1034
.1033
.1033
.1032
.1032
.1031
.1031
.103
.103
.1029
.1029
.1028
.1028
.1028
.1027
.1027
.1026
.1026
.1025
.1025
.1024
.1024
.1023
.1023
.1022
.1022
.1021
.1021
.102
.102
.102
.1019
.1019
.1018
.1018
.1017
.1017
.1016
.1016
.1015
.1015
.1014
.1014
.1013
.1013
.1013
.1012
.1012
.1011
.1011
.101
.101
.1009
.1009
.1008
.1008
.1007
.1007
.1007
.1006
.1006
.1005
.1005
.1004
.1004
.1003
.1003
.1002
.1002
.1002
.1001
.1001
.1
.1
.0999
.0999
.0998
.0998
.0997
.0997
.0997
.0996
.0996
.0995
.0995
.0994
.0994
.0993
.0993
.0992
.0992
.0992
.0991
.0991
.099
.099
.0989
.0989
.0988
.0988
.0988
.0987
.0987
.0986
.0986
.0985
.0985
.0984
.0984
.0984
.0983
.0983
.0982
.0982
.0981
.0981
.0981
.098
.098
.0979
.0979
.0978
.0978
.0977
.0977
.0977
.0976
.0976
.0975
.0975
.0974
.0974
.0974
.0973
.0973
.0972
.0972
.0971
.0971
.0971
.097
.097
.0969
.0969
.0968
.0968
.0967
.0967
.0967
.0966
.0966
.0965
.0965
.0964
.0964
.0964
.0963
.0963
.0962
.0962
.0962
.0961
.0961
.096
.096
.0959
.0959
.0959
.0958
.0958
.0957
.0957
.0956
.0956
.0956
.0955
.0955
.0954
.0954
.0954
.0953
.0953
.0952
.0952
.0951
.0951
.0951
.095
.095
.0949
.0949
.0949
.0948
.0948
.0947
.0947
.0946
.0946
.0946
.0945
.0945
.0944
.0944
.0944
.0943
.0943
.0942
.0942
.0941
.0941
.0941
.094
.094
.0939
.0939
.0939
.0938
.0938
.0937
.0937
.0937
.0936
.0936
.0935
.0935
.0935
.0934
.0934
.0933
.0933
.0933
.0932
.0932
.0931
.0931
.0931
.093
.093
.0929
.0929
.0929
.0928
.0928
.0927
.0927
.0927
.0926
.0926
.0925
.0925
.0925
.0924
.0924
.0923
.0923
.0923
.0922
.0922
.0921
.0921
.0921
.092
.092
.0919
.0919
.0919
.0918
.0918
.0917
.0917
.0917
.0916
.0916
.0915
.0915
.0915
.0914
.0914
.0914
.0913
.0913
.0912
.0912
.0912
.0911
.0911
.091
.091
.091
.0909
.0909
.0908
.0908
.0908
.0907
.0907
.0907
.0906
.0906
.0905
.0905
.0905
.0904
.0904
.0903
.0903
.0903
.0902
.0902
.0902
.0901
.0901
.09
.09
.09
.0899
.0899
.0899
.0898
.0898
.0897
.0897
.0897
.0896
.0896
.0896
.0895
.0895
.0894
.0894
.0894
.0893
.0893
.0893
.0892
.0892
.0891
.0891
.0891
.089
.089
.089
.0889
.0889
.0888
.0888
.0888
.0887
.0887
.0887
.0886
.0886
.0885
.0885
.0885
.0884
.0884
.0884
.0883
.0883
.0883
.0882
.0882
.0881
.0881
.0881
.088
.088
.088
.0879
.0879
.0878
.0878
.0878
.0877
.0877
.0877
.0876
.0876
.0876
.0875
.0875
.0874
.0874
.0874
.0873
.0873
.0873
.0872
.0872
.0872
.0871
.0871
.0871
.087
.087
.0869
.0869
.0869
.0868
.0868
.0868
.0867
.0867
.0867
.0866
.0866
.0866
.0865
.0865
.0864
.0864
.0864
.0863
.0863
.0863
.0862
.0862
.0862
.0861
.0861
.0861
.086
.086
.086
.0859
.0859
.0858
.0858
.0858
.0857
.0857
.0857
.0856
.0856
.0856
.0855
.0855
.0855
.0854
.0854
.0854
.0853
.0853
.0853
.0852
.0852
.0852
.0851
.0851
.085
.085
.085
.0849
.0849
.0849
.0848
.0848
.0848
.0847
.0847
.0847
.0846
.0846
.0846
.0845
.0845
.0845
.0844
.0844
.0844
.0843
.0843
.0843
.0842
.0842
.0842
.0841
.0841
.0841
.084
.084
.084
.0839
.0839
.0839
.0838
.0838
.0838
.0837
.0837
.0837
.0836
.0836
.0836
.0835
.0835
.0835
.0834
.0834
.0834
.0833
.0833
.0833
.0832
.0832
.0832
.0831
.0831
.0831
.083
.083
.083
.0829
.0829
.0829
.0828
.0828
.0828
.0827
.0827
.0827
.0826
.0826
.0826
.0825
.0825
.0825
.0824
.0824
.0824
.0823
.0823
.0823
.0822
.0822
.0822
.0821
.0821
.0821
.082
.082
.082
.0819
.0819
.0819
.0818
.0818
.0818
.0817
.0817
.0817
.0816
.0816
.0816
.0816
.0815
.0815
.0815
.0814
.0814
.0814
.0813
.0813
.0813
.0812
.0812
.0812
.0811
.0811
.0811
.081
.081
.081
.0809
.0809
.0809
.0809
.0808
.0808
.0808
.0807
.0807
.0807
.0806
.0806
.0806
.0805
.0805
.0805
.0804
.0804
.0804
.0803
.0803
.0803
.0803
.0802
.0802
.0802
.0801
.0801
.0801
.08
.08
.08
.0799
.0799
.0799
.0799
.0798
.0798
.0798
.0797
.0797
.0797
.0796
.0796
.0796
.0795
.0795
.0795
.0794
.0794
.0794
.0794
.0793
.0793
.0793
.0792
.0792
.0792
.0791
.0791
.0791
.0791
.079
.079
.079
.0789
.0789
.0789
.0788
.0788
.0788
.0787
.0787
.0787
.0787
.0786
.0786
.0786
.0785
.0785
.0785
.0784
.0784
.0784
.0784
.0783
.0783
.0783
.0782
.0782
.0782
.0781
.0781
.0781
.0781
.078
.078
.078
.0779
.0779
.0779
.0779
.0778
.0778
.0778
.0777
.0777
.0777
.0776
.0776
.0776
.0776
.0775
.0775
.0775
.0774
.0774
.0774
.0773
.0773
.0773
.0773
.0772
.0772
.0772
.0771
.0771
.0771
.0771
.077
.077
.077
.0769
.0769
.0769
.0769
.0768
.0768
.0768
.0767
.0767
.0767
.0767
.0766
.0766
.0766
.0765
.0765
.0765
.0764
.0764
.0764
.0764
.0763
.0763
.0763
.0762
.0762
.0762
.0762
.0761
.0761
.0761
.076
.076
.076
.076
.0759
.0759
.0759
.0759
.0758
.0758
.0758
.0757
.0757
.0757
.0757
.0756
.0756
.0756
.0755
.0755
.0755
.0755
.0754
.0754
.0754
.0753
.0753
.0753
.0753
.0752
.0752
.0752
.0751
.0751
.0751
.0751
.075
.075
.075
.075
.0749
.0749
.0749
.0748
.0748
.0748
.0748
.0747
.0747
.0747
.0746
.0746
.0746
.0746
.0745
.0745
.0745
.0745
.0744
.0744
.0744
.0743
.0743
.0743
.0743
.0742
.0742
.0742
.0742
.0741
.0741
.0741
.074
.074
.074
.074
.0739
.0739
.0739
.0739
.0738
.0738
.0738
.0737
.0737
.0737
.0737
.0736
.0736
.0736
.0736
.0735
.0735
.0735
.0735
.0734
.0734
.0734
.0733
.0733
.0733
.0733
.0732
.0732
.0732
.0732
.0731
.0731
.0731
.0731
.073
.073
.073
.0729
.0729
.0729
.0729
.0728
.0728
.0728
.0728
.0727
.0727
.0727
.0727
.0726
.0726
.0726
.0725
.0725
.0725
.0725
.0724
.0724
.0724
.0724
.0723
.0723
.0723
.0723
.0722
.0722
.0722
.0722
.0721
.0721
.0721
.0721
.072
.072
.072
.0719
.0719
.0719
.0719
.0718
.0718
.0718
.0718
.0717
.0717
.0717
.0717
.0716
.0716
.0716
.0716
.0715
.0715
.0715
.0715
.0714
.0714
.0714
.0714
.0713
.0713
.0713
.0713
.0712
.0712
.0712
.0712
.0711
.0711
.0711
.0711
.071
.071
.071
.071
.0709
.0709
.0709
.0709
.0708
.0708
.0708
.0707
.0707
.0707
.0707
.0706
.0706
.0706
.0706
.0705
.0705
.0705
.0705
.0704
.0704
.0704
.0704
.0703
.0703
.0703
.0703
.0702
.0702
.0702
.0702
.0702
.0701
.0701
.0701
.0701
.07
.07
.07
.07
.0699
.0699
.0699
.0699
.0698
.0698
.0698
.0698
.0697
.0697
.0697
.0697
.0696
.0696
.0696
.0696
.0695
.0695
.0695
.0695
.0694
.0694
.0694
.0694
.0693
.0693
.0693
.0693
.0692
.0692
.0692
.0692
.0691
.0691
.0691
.0691
.0691
.069
.069
.069
.069
.0689
.0689
.0689
.0689
.0688
.0688
.0688
.0688
.0687
.0687
.0687
.0687
.0686
.0686
.0686
.0686
.0685
.0685
.0685
.0685
.0685
.0684
.0684
.0684
.0684
.0683
.0683
.0683
.0683
.0682
.0682
.0682
.0682
.0681
.0681
.0681
.0681
.0681
.068
.068
.068
.068
.0679
.0679
.0679
.0679
.0678
.0678
.0678
.0678
.0677
.0677
.0677
.0677
.0677
.0676
.0676
.0676
.0676
.0675
.0675
.0675
.0675
.0674
.0674
.0674
.0674
.0674
.0673
.0673
.0673
.0673
.0672
.0672
.0672
.0672
.0671
.0671
.0671
.0671
.0671
.067
.067
.067
.067
.0669
.0669
.0669
.0669
.0668
.0668
.0668
.0668
.0668
.0667
.0667
.0667
.0667
.0666
.0666
.0666
.0666
.0666
.0665
.0665
.0665
.0665
.0664
.0664
.0664
.0664
.0663
.0663
.0663
.0663
.0663
.0662
.0662
.0662
.0662
.0661
.0661
.0661
.0661
.0661
.066
.066
.066
.066
.0659
.0659
.0659
.0659
.0659
.0658
.0658
.0658
.0658
.0657
.0657
.0657
.0657
.0657
.0656
.0656
.0656
.0656
.0655
.0655
.0655
.0655
.0655
.0654
.0654
.0654
.0654
.0653
.0653
.0653
.0653
.0653
.0652
.0652
.0652
.0652
.0652
.0651
.0651
.0651
.0651
.065
.065
.065
.065
.065
.0649
.0649
.0649
.0649
.0648
.0648
.0648
.0648
.0648
.0647
.0647
.0647
.0647
.0647
.0646
.0646
.0646
.0646
.0645
.0645
.0645
.0645
.0645
.0644
.0644
.0644
.0644
.0644
.0643
.0643
.0643
.0643
.0642
.0642
.0642
.0642
.0642
.0641
.0641
.0641
.0641
.0641
.064
.064
.064
.064
.064
.0639
.0639
.0639
.0639
.0638
.0638
.0638
.0638
.0638
.0637
.0637
.0637
.0637
.0637
.0636
.0636
.0636
.0636
.0636
.0635
.0635
.0635
.0635
.0634
.0634
.0634
.0634
.0634
.0633
.0633
.0633
.0633
.0633
.0632
.0632
.0632
.0632
.0632
.0631
.0631
.0631
.0631
.0631
.063
.063
.063
.063
.063
.0629
.0629
.0629
.0629
.0628
.0628
.0628
.0628
.0628
.0627
.0627
.0627
.0627
.0627
.0626
.0626
.0626
.0626
.0626
.0625
.0625
.0625
.0625
.0625
.0624
.0624
.0624
.0624
.0624
.0623
.0623
.0623
.0623
.0623
.0622
.0622
.0622
.0622
.0622
.0621
.0621
.0621
.0621
.0621
.062
.062
.062
.062
.062
.0619
.0619
.0619
.0619
.0619
.0618
.0618
.0618
.0618
.0618
.0617
.0617
.0617
.0617
.0617
.0616
.0616
.0616
.0616
.0616
.0615
.0615
.0615
.0615
.0615
.0614
.0614
.0614
.0614
.0614
.0613
.0613
.0613
.0613
.0613
.0612
.0612
.0612
.0612
.0612
.0611
.0611
.0611
.0611
.0611
.0611
.061
.061
.061
.061
.061
.0609
.0609
.0609
.0609
.0609
.0608
.0608
.0608
.0608
.0608
.0607
.0607
.0607
.0607
.0607
.0606
.0606
.0606
.0606
.0606
.0605
.0605
.0605
.0605
.0605
.0605
.0604
.0604
.0604
.0604
.0604
.0603
.0603
.0603
.0603
.0603
.0602
.0602
.0602
.0602
.0602
.0601
.0601
.0601
.0601
.0601
.0601
.06
.06
.06
.06
.06
.0599
.0599
.0599
.0599
.0599
.0598
.0598
.0598
.0598
.0598
.0598
.0597
.0597
.0597
.0597
.0597
.0596
.0596
.0596
.0596
.0596
.0595
.0595
.0595
.0595
.0595
.0595
.0594
.0594
.0594
.0594
.0594
.0593
.0593
.0593
.0593
.0593
.0592
.0592
.0592
.0592
.0592
.0592
.0591
.0591
.0591
.0591
.0591
.059
.059
.059
.059
.059
.059
.0589
.0589
.0589
.0589
.0589
.0588
.0588
.0588
.0588
.0588
.0588
.0587
.0587
.0587
.0587
.0587
.0586
.0586
.0586
.0586
.0586
.0586
.0585
.0585
.0585
.0585
.0585
.0584
.0584
.0584
.0584
.0584
.0584
.0583
.0583
.0583
.0583
.0583
.0582
.0582
.0582
.0582
.0582
.0582
.0581
.0581
.0581
.0581
.0581
.0581
.058
.058
.058
.058
.058
.0579
.0579
.0579
.0579
.0579
.0579
.0578
.0578
.0578
.0578
.0578
.0577
.0577
.0577
.0577
.0577
.0577
.0576
.0576
.0576
.0576
.0576
.0576
.0575
.0575
.0575
.0575
.0575
.0574
.0574
.0574
.0574
.0574
.0574
.0573
.0573
.0573
.0573
.0573
.0573
.0572
.0572
.0572
.0572
.0572
.0572
.0571
.0571
.0571
.0571
.0571
.057
.057
.057
.057
.057
.057
.0569
.0569
.0569
.0569
.0569
.0569
.0568
.0568
.0568
.0568
.0568
.0568
.0567
.0567
.0567
.0567
.0567
.0567
.0566
.0566
.0566
.0566
.0566
.0566
.0565
.0565
.0565
.0565
.0565
.0564
.0564
.0564
.0564
.0564
.0564
.0563
.0563
.0563
.0563
.0563
.0563
.0562
.0562
.0562
.0562
.0562
.0562
.0561
.0561
.0561
.0561
.0561
.0561
.056
.056
.056
.056
.056
.056
.0559
.0559
.0559
.0559
.0559
.0559
.0558
.0558
.0558
.0558
.0558
.0558
.0557
.0557
.0557
.0557
.0557
.0557
.0556
.0556
.0556
.0556
.0556
.0556
.0555
.0555
.0555
.0555
.0555
.0555
.0554
.0554
.0554
.0554
.0554
.0554
.0553
.0553
.0553
.0553
.0553
.0553
.0552
.0552
.0552
.0552
.0552
.0552
.0551
.0551
.0551
.0551
.0551
.0551
.0551
.055
.055
.055
.055
.055
.055
.0549
.0549
.0549
.0549
.0549
.0549
.0548
.0548
.0548
.0548
.0548
.0548
.0547
.0547
.0547
.0547
.0547
.0547
.0546
.0546
.0546
.0546
.0546
.0546
.0546
.0545
.0545
.0545
.0545
.0545
.0545
.0544
.0544
.0544
.0544
.0544
.0544
.0543
.0543
.0543
.0543
.0543
.0543
.0542
.0542
.0542
.0542
.0542
.0542
.0542
.0541
.0541
.0541
.0541
.0541
.0541
.054
.054
.054
.054
.054
.054
.0539
.0539
.0539
.0539
.0539
.0539
.0539
.0538
.0538
.0538
.0538
.0538
.0538
.0537
.0537
.0537
.0537
.0537
.0537
.0537
.0536
.0536
.0536
.0536
.0536
.0536
.0535
.0535
.0535
.0535
.0535
.0535
.0534
.0534
.0534
.0534
.0534
.0534
.0534
.0533
.0533
.0533
.0533
.0533
.0533
.0532
.0532
.0532
.0532
.0532
.0532
.0532
.0531
.0531
.0531
.0531
.0531
.0531
.0531
.053
.053
.053
.053
.053
.053
.0529
.0529
.0529
.0529
.0529
.0529
.0529
.0528
.0528
.0528
.0528
.0528
.0528
.0527
.0527
.0527
.0527
.0527
.0527
.0527
.0526
.0526
.0526
.0526
.0526
.0526
.0526
.0525
.0525
.0525
.0525
.0525
.0525
.0524
.0524
.0524
.0524
.0524
.0524
.0524
.0523
.0523
.0523
.0523
.0523
.0523
.0523
.0522
.0522
.0522
.0522
.0522
.0522
.0521
.0521
.0521
.0521
.0521
.0521
.0521
.052
.052
.052
.052
.052
.052
.052
.0519
.0519
.0519
.0519
.0519
.0519
.0519
.0518
.0518
.0518
.0518
.0518
.0518
.0518
.0517
.0517
.0517
.0517
.0517
.0517
.0516
.0516
.0516
.0516
.0516
.0516
.0516
.0515
.0515
.0515
.0515
.0515
.0515
.0515
.0514
.0514
.0514
.0514
.0514
.0514
.0514
.0513
.0513
.0513
.0513
.0513
.0513
.0513
.0512
.0512
.0512
.0512
.0512
.0512
.0512
.0511
.0511
.0511
.0511
.0511
.0511
.0511
.051
.051
.051
.051
.051
.051
.051
.0509
.0509
.0509
.0509
.0509
.0509
.0509
.0508
.0508
.0508
.0508
.0508
.0508
.0508
.0507
.0507
.0507
.0507
.0507
.0507
.0507
.0506
.0506
.0506
.0506
.0506
.0506
.0506
.0505
.0505
.0505
.0505
.0505
.0505
.0505
.0504
.0504
.0504
.0504
.0504
.0504
.0504
.0504
.0503
.0503
.0503
.0503
.0503
.0503
.0503
.0502
.0502
.0502
.0502
.0502
.0502
.0502
.0501
.0501
.0501
.0501
.0501
.0501
.0501
.05
.05
.05
.05
.05
