.5419
.5413
.5408
.5402
.5397
.5393
.5388
.5384
.5379
.5375
.5371
.5368
.5364
.5361
.5358
.5355
.5352
.5349
.5346
.5344
.5341
.5339
.5337
.5335
.5333
.5331
.5329
.5328
.5326
.5325
.5323
.5322
.5321
.532
.5318
.5317
.5316
.5315
.5314
.5314
.5313
.5312
.5311
.5311
.531
.5309
.5309
.5308
.5308
.5307
.5307
.5306
.5306
.5305
.5305
.5305
.5304
.5304
.5304
.5303
.5303
.5303
.5303
.5302
.5302
.5302
.5302
.5302
.5301
.5301
.5301
.5301
.5301
.5301
.53
.53
.53
.53
.53
.53
.53
.53
.5299
.5299
.5299
.5299
.5299
.5299
.5299
.5299
.5299
.5298
.5298
.5298
.5298
.5298
.5298
.5298
.5298
.5298
.5298
.5298
.5297
.5297
.5297
.5297
.5297
.5297
.5297
.5297
.5297
.5297
.5297
.5297
.5296
.5296
.5296
.5296
.5296
.5296
.5296
.5296
.5296
.5296
.5295
.5295
.5295
.5295
.5295
.5295
.5295
.5295
.5295
.5295
.5295
.5294
.5294
.5294
.5294
.5294
.5294
.5294
.5294
.5294
.5293
.5293
.5293
.5293
.5293
.5293
.5293
.5293
.5293
.5292
.5292
.5292
.5292
.5292
.5292
.5292
.5292
.5291
.5291
.5291
.5291
.5291
.5291
.5291
.5291
.529
.529
.529
.529
.529
.529
.529
.5289
.5289
.5289
.5289
.5289
.5289
.5289
.5288
.5288
.5288
.5288
.5288
.5288
.5287
.5287
.5287
.5287
.5287
.5287
.5286
.5286
.5286
.5286
.5286
.5286
.5285
.5285
.5285
.5285
.5285
.5285
.5284
.5284
.5284
.5284
.5284
.5283
.5283
.5283
.5283
.5283
.5282
.5282
.5282
.5282
.5282
.5281
.5281
.5281
.5281
.5281
.528
.528
.528
.528
.5279
.5279
.5279
.5279
.5278
.5278
.5278
.5278
.5278
.5277
.5277
.5277
.5277
.5276
.5276
.5276
.5276
.5275
.5275
.5275
.5274
.5274
.5274
.5274
.5273
.5273
.5273
.5272
.5272
.5272
.5272
.5271
.5271
.5271
.527
.527
.527
.5269
.5269
.5269
.5269
.5268
.5268
.5268
.5267
.5267
.5267
.5266
.5266
.5266
.5265
.5265
.5264
.5264
.5264
.5263
.5263
.5263
.5262
.5262
.5262
.5261
.5261
.526
.526
.526
.5259
.5259
.5258
.5258
.5258
.5257
.5257
.5256
.5256
.5255
.5255
.5254
.5254
.5254
.5253
.5253
.5252
.5252
.5251
.5251
.525
.525
.5249
.5249
.5248
.5248
.5247
.5247
.5246
.5246
.5245
.5245
.5244
.5244
.5243
.5243
.5242
.5242
.5241
.524
.524
.5239
.5239
.5238
.5238
.5237
.5236
.5236
.5235
.5235
.5234
.5233
.5233
.5232
.5231
.5231
.523
.523
.5229
.5228
.5228
.5227
.5226
.5225
.5225
.5224
.5223
.5223
.5222
.5221
.5221
.522
.5219
.5218
.5218
.5217
.5216
.5215
.5214
.5214
.5213
.5212
.5211
.521
.521
.5209
.5208
.5207
.5206
.5205
.5205
.5204
.5203
.5202
.5201
.52
.5199
.5198
.5197
.5197
.5196
.5195
.5194
.5193
.5192
.5191
.519
.5189
.5188
.5187
.5186
.5185
.5184
.5183
.5182
.5181
.518
.5179
.5178
.5176
.5175
.5174
.5173
.5172
.5171
.517
.5169
.5167
.5166
.5165
.5164
.5163
.5162
.516
.5159
.5158
.5157
.5155
.5154
.5153
.5152
.515
.5149
.5148
.5147
.5145
.5144
.5143
.5141
.514
.5138
.5137
.5136
.5134
.5133
.5131
.513
.5129
.5127
.5126
.5124
.5123
.5121
.512
.5118
.5117
.5115
.5114
.5112
.511
.5109
.5107
.5106
.5104
.5102
.5101
.5099
.5098
.5096
.5094
.5093
.5091
.5089
.5087
.5086
.5084
.5082
.508
.5079
.5077
.5075
.5073
.5071
.507
.5068
.5066
.5064
.5062
.506
.5058
.5056
.5054
.5052
.5051
.5049
.5047
.5045
.5043
.5041
.5039
.5037
.5034
.5032
.503
.5028
.5026
.5024
.5022
.502
.5018
.5016
.5013
.5011
.5009
.5007
.5005
.5002
.5
.4998
.4996
.4993
.4991
.4989
.4986
.4984
.4982
.4979
.4977
.4975
.4972
.497
.4968
.4965
.4963
.496
.4958
.4955
.4953
.495
.4948
.4945
.4943
.494
.4938
.4935
.4933
.493
.4927
.4925
.4922
.492
.4917
.4914
.4912
.4909
.4906
.4904
.4901
.4898
.4896
.4893
.489
.4887
.4885
.4882
.4879
.4876
.4873
.4871
.4868
.4865
.4862
.4859
.4856
.4853
.4851
.4848
.4845
.4842
.4839
.4836
.4833
.483
.4827
.4824
.4821
.4818
.4815
.4812
.4809
.4806
.4803
.48
.4797
.4794
.4791
.4788
.4785
.4782
.4778
.4775
.4772
.4769
.4766
.4763
.476
.4756
.4753
.475
.4747
.4744
.4741
.4737
.4734
.4731
.4728
.4724
.4721
.4718
.4715
.4711
.4708
.4705
.4702
.4698
.4695
.4692
.4688
.4685
.4682
.4678
.4675
.4672
.4668
.4665
.4662
.4658
.4655
.4652
.4648
.4645
.4641
.4638
.4635
.4631
.4628
.4624
.4621
.4618
.4614
.4611
.4607
.4604
.46
.4597
.4593
.459
.4587
.4583
.458
.4576
.4573
.4569
.4566
.4562
.4559
.4555
.4552
.4548
.4545
.4541
.4538
.4534
.4531
.4527
.4524
.452
.4517
.4513
.4509
.4506
.4502
.4499
.4495
.4492
.4488
.4485
.4481
.4478
.4474
.447
.4467
.4463
.446
.4456
.4453
.4449
.4445
.4442
.4438
.4435
.4431
.4428
.4424
.442
.4417
.4413
.441
.4406
.4402
.4399
.4395
.4392
.4388
.4385
.4381
.4377
.4374
.437
.4367
.4363
.4359
.4356
.4352
.4349
.4345
.4341
.4338
.4334
.433
.4327
.4323
.432
.4316
.4312
.4309
.4305
.4302
.4298
.4294
.4291
.4287
.4284
.428
.4276
.4273
.4269
.4265
.4262
.4258
.4255
.4251
.4247
.4244
.424
.4237
.4233
.4229
.4226
.4222
.4218
.4215
.4211
.4208
.4204
.42
.4197
.4193
.419
.4186
.4182
.4179
.4175
.4171
.4168
.4164
.4161
.4157
.4153
.415
.4146
.4143
.4139
.4135
.4132
.4128
.4124
.4121
.4117
.4114
.411
.4106
.4103
.4099
.4095
.4092
.4088
.4085
.4081
.4077
.4074
.407
.4067
.4063
.4059
.4056
.4052
.4048
.4045
.4041
.4038
.4034
.403
.4027
.4023
.402
.4016
.4012
.4009
.4005
.4001
.3998
.3994
.3991
.3987
.3983
.398
.3976
.3973
.3969
.3965
.3962
.3958
.3955
.3951
.3947
.3944
.394
.3936
.3933
.3929
.3926
.3922
.3918
.3915
.3911
.3908
.3904
.39
.3897
.3893
.389
.3886
.3882
.3879
.3875
.3871
.3868
.3864
.3861
.3857
.3853
.385
.3846
.3843
.3839
.3835
.3832
.3828
.3825
.3821
.3817
.3814
.381
.3806
.3803
.3799
.3796
.3792
.3788
.3785
.3781
.3778
.3774
.377
.3767
.3763
.376
.3756
.3752
.3749
.3745
.3742
.3738
.3734
.3731
.3727
.3724
.372
.3716
.3713
.3709
.3705
.3702
.3698
.3695
.3691
.3687
.3684
.368
.3677
.3673
.3669
.3666
.3662
.3659
.3655
.3651
.3648
.3644
.3641
.3637
.3633
.363
.3626
.3623
.3619
.3615
.3612
.3608
.3605
.3601
.3597
.3594
.359
.3587
.3583
.358
.3576
.3572
.3569
.3565
.3562
.3558
.3554
.3551
.3547
.3544
.354
.3536
.3533
.3529
.3526
.3522
.3518
.3515
.3511
.3508
.3504
.3501
.3497
.3493
.349
.3486
.3483
.3479
.3475
.3472
.3468
.3465
.3461
.3458
.3454
.345
.3447
.3443
.344
.3436
.3433
.3429
.3425
.3422
.3418
.3415
.3411
.3408
.3404
.34
.3397
.3393
.339
.3386
.3383
.3379
.3375
.3372
.3368
.3365
.3361
.3358
.3354
.3351
.3347
.3343
.334
.3336
.3333
.3329
.3326
.3322
.3319
.3315
.3312
.3308
.3304
.3301
.3297
.3294
.329
.3287
.3283
.328
.3276
.3273
.3269
.3266
.3262
.3259
.3255
.3252
.3248
.3244
.3241
.3237
.3234
.323
.3227
.3223
.322
.3216
.3213
.3209
.3206
.3202
.3199
.3195
.3192
.3188
.3185
.3181
.3178
.3174
.3171
.3167
.3164
.316
.3157
.3153
.315
.3147
.3143
.314
.3136
.3133
.3129
.3126
.3122
.3119
.3115
.3112
.3108
.3105
.3102
.3098
.3095
.3091
.3088
.3084
.3081
.3077
.3074
.3071
.3067
.3064
.306
.3057
.3053
.305
.3047
.3043
.304
.3036
.3033
.303
.3026
.3023
.3019
.3016
.3013
.3009
.3006
.3002
.2999
.2996
.2992
.2989
.2986
.2982
.2979
.2976
.2972
.2969
.2965
.2962
.2959
.2955
.2952
.2949
.2945
.2942
.2939
.2935
.2932
.2929
.2925
.2922
.2919
.2916
.2912
.2909
.2906
.2902
.2899
.2896
.2892
.2889
.2886
.2883
.2879
.2876
.2873
.287
.2866
.2863
.286
.2857
.2853
.285
.2847
.2844
.284
.2837
.2834
.2831
.2827
.2824
.2821
.2818
.2815
.2811
.2808
.2805
.2802
.2799
.2795
.2792
.2789
.2786
.2783
.278
.2776
.2773
.277
.2767
.2764
.2761
.2758
.2754
.2751
.2748
.2745
.2742
.2739
.2736
.2733
.2729
.2726
.2723
.272
.2717
.2714
.2711
.2708
.2705
.2702
.2699
.2696
.2692
.2689
.2686
.2683
.268
.2677
.2674
.2671
.2668
.2665
.2662
.2659
.2656
.2653
.265
.2647
.2644
.2641
.2638
.2635
.2632
.2629
.2626
.2623
.262
.2617
.2614
.2611
.2608
.2605
.2602
.2599
.2596
.2594
.2591
.2588
.2585
.2582
.2579
.2576
.2573
.257
.2567
.2564
.2562
.2559
.2556
.2553
.255
.2547
.2544
.2541
.2539
.2536
.2533
.253
.2527
.2524
.2521
.2519
.2516
.2513
.251
.2507
.2505
.2502
.2499
.2496
.2493
.2491
.2488
.2485
.2482
.2479
.2477
.2474
.2471
.2468
.2466
.2463
.246
.2457
.2455
.2452
.2449
.2446
.2444
.2441
.2438
.2435
.2433
.243
.2427
.2425
.2422
.2419
.2417
.2414
.2411
.2408
.2406
.2403
.24
.2398
.2395
.2392
.239
.2387
.2385
.2382
.2379
.2377
.2374
.2371
.2369
.2366
.2364
.2361
.2358
.2356
.2353
.2351
.2348
.2345
.2343
.234
.2338
.2335
.2332
.233
.2327
.2325
.2322
.232
.2317
.2315
.2312
.2309
.2307
.2304
.2302
.2299
.2297
.2294
.2292
.2289
.2287
.2284
.2282
.2279
.2277
.2274
.2272
.2269
.2267
.2264
.2262
.2259
.2257
.2255
.2252
.225
.2247
.2245
.2242
.224
.2237
.2235
.2233
.223
.2228
.2225
.2223
.2221
.2218
.2216
.2213
.2211
.2209
.2206
.2204
.2201
.2199
.2197
.2194
.2192
.219
.2187
.2185
.2182
.218
.2178
.2175
.2173
.2171
.2168
.2166
.2164
.2161
.2159
.2157
.2154
.2152
.215
.2148
.2145
.2143
.2141
.2138
.2136
.2134
.2132
.2129
.2127
.2125
.2122
.212
.2118
.2116
.2113
.2111
.2109
.2107
.2104
.2102
.21
.2098
.2096
.2093
.2091
.2089
.2087
.2084
.2082
.208
.2078
.2076
.2073
.2071
.2069
.2067
.2065
.2062
.206
.2058
.2056
.2054
.2052
.2049
.2047
.2045
.2043
.2041
.2039
.2037
.2034
.2032
.203
.2028
.2026
.2024
.2022
.202
.2017
.2015
.2013
.2011
.2009
.2007
.2005
.2003
.2001
.1998
.1996
.1994
.1992
.199
.1988
.1986
.1984
.1982
.198
.1978
.1976
.1974
.1972
.197
.1968
.1965
.1963
.1961
.1959
.1957
.1955
.1953
.1951
.1949
.1947
.1945
.1943
.1941
.1939
.1937
.1935
.1933
.1931
.1929
.1927
.1925
.1923
.1921
.1919
.1917
.1915
.1913
.1911
.1909
.1908
.1906
.1904
.1902
.19
.1898
.1896
.1894
.1892
.189
.1888
.1886
.1884
.1882
.188
.1878
.1877
.1875
.1873
.1871
.1869
.1867
.1865
.1863
.1861
.1859
.1858
.1856
.1854
.1852
.185
.1848
.1846
.1844
.1843
.1841
.1839
.1837
.1835
.1833
.1831
.183
.1828
.1826
.1824
.1822
.182
.1818
.1817
.1815
.1813
.1811
.1809
.1808
.1806
.1804
.1802
.18
.1798
.1797
.1795
.1793
.1791
.179
.1788
.1786
.1784
.1782
.1781
.1779
.1777
.1775
.1773
.1772
.177
.1768
.1766
.1765
.1763
.1761
.1759
.1758
.1756
.1754
.1752
.1751
.1749
.1747
.1745
.1744
.1742
.174
.1739
.1737
.1735
.1733
.1732
.173
.1728
.1727
.1725
.1723
.1722
.172
.1718
.1716
.1715
.1713
.1711
.171
.1708
.1706
.1705
.1703
.1701
.17
.1698
.1696
.1695
.1693
.1691
.169
.1688
.1686
.1685
.1683
.1681
.168
.1678
.1677
.1675
.1673
.1672
.167
.1668
.1667
.1665
.1664
.1662
.166
.1659
.1657
.1655
.1654
.1652
.1651
.1649
.1647
.1646
.1644
.1643
.1641
.164
.1638
.1636
.1635
.1633
.1632
.163
.1629
.1627
.1625
.1624
.1622
.1621
.1619
.1618
.1616
.1614
.1613
.1611
.161
.1608
.1607
.1605
.1604
.1602
.1601
.1599
.1598
.1596
.1595
.1593
.1591
.159
.1588
.1587
.1585
.1584
.1582
.1581
.1579
.1578
.1576
.1575
.1573
.1572
.157
.1569
.1567
.1566
.1564
.1563
.1562
.156
.1559
.1557
.1556
.1554
.1553
.1551
.155
.1548
.1547
.1545
.1544
.1542
.1541
.154
.1538
.1537
.1535
.1534
.1532
.1531
.1529
.1528
.1527
.1525
.1524
.1522
.1521
.1519
.1518
.1517
.1515
.1514
.1512
.1511
.151
.1508
.1507
.1505
.1504
.1503
.1501
.15
.1498
.1497
.1496
.1494
.1493
.1491
.149
.1489
.1487
.1486
.1485
.1483
.1482
.148
.1479
.1478
.1476
.1475
.1474
.1472
.1471
.1469
.1468
.1467
.1465
.1464
.1463
.1461
.146
.1459
.1457
.1456
.1455
.1453
.1452
.1451
.1449
.1448
.1447
.1445
.1444
.1443
.1441
.144
.1439
.1437
.1436
.1435
.1434
.1432
.1431
.143
.1428
.1427
.1426
.1424
.1423
.1422
.1421
.1419
.1418
.1417
.1415
.1414
.1413
.1412
.141
.1409
.1408
.1406
.1405
.1404
.1403
.1401
.14
.1399
.1398
.1396
.1395
.1394
.1393
.1391
.139
.1389
.1388
.1386
.1385
.1384
.1383
.1381
.138
.1379
.1378
.1376
.1375
.1374
.1373
.1371
.137
.1369
.1368
.1367
.1365
.1364
.1363
.1362
.136
.1359
.1358
.1357
.1356
.1354
.1353
.1352
.1351
.135
.1348
.1347
.1346
.1345
.1344
.1342
.1341
.134
.1339
.1338
.1336
.1335
.1334
.1333
.1332
.1331
.1329
.1328
.1327
.1326
.1325
.1323
.1322
.1321
.132
.1319
.1318
.1316
.1315
.1314
.1313
.1312
.1311
.131
.1308
.1307
.1306
.1305
.1304
.1303
.1302
.13
.1299
.1298
.1297
.1296
.1295
.1294
.1292
.1291
.129
.1289
.1288
.1287
.1286
.1285
.1283
.1282
.1281
.128
.1279
.1278
.1277
.1276
.1275
.1273
.1272
.1271
.127
.1269
.1268
.1267
.1266
.1265
.1264
.1262
.1261
.126
.1259
.1258
.1257
.1256
.1255
.1254
.1253
.1252
.1251
.1249
.1248
.1247
.1246
.1245
.1244
.1243
.1242
.1241
.124
.1239
.1238
.1237
.1236
.1234
.1233
.1232
.1231
.123
.1229
.1228
.1227
.1226
.1225
.1224
.1223
.1222
.1221
.122
.1219
.1218
.1217
.1216
.1215
.1214
.1212
.1211
.121
.1209
.1208
.1207
.1206
.1205
.1204
.1203
.1202
.1201
.12
.1199
.1198
.1197
.1196
.1195
.1194
.1193
.1192
.1191
.119
.1189
.1188
.1187
.1186
.1185
.1184
.1183
.1182
.1181
.118
.1179
.1178
.1177
.1176
.1175
.1174
.1173
.1172
.1171
.117
.1169
.1168
.1167
.1166
.1165
.1164
.1163
.1162
.1161
.116
.1159
.1158
.1157
.1156
.1156
.1155
.1154
.1153
.1152
.1151
.115
.1149
.1148
.1147
.1146
.1145
.1144
.1143
.1142
.1141
.114
.1139
.1138
.1137
.1136
.1135
.1134
.1134
.1133
.1132
.1131
.113
.1129
.1128
.1127
.1126
.1125
.1124
.1123
.1122
.1121
.112
.112
.1119
.1118
.1117
.1116
.1115
.1114
.1113
.1112
.1111
.111
.1109
.1108
.1108
.1107
.1106
.1105
.1104
.1103
.1102
.1101
.11
.1099
.1098
.1098
.1097
.1096
.1095
.1094
.1093
.1092
.1091
.109
.109
.1089
.1088
.1087
.1086
.1085
.1084
.1083
.1082
.1082
.1081
.108
.1079
.1078
.1077
.1076
.1075
.1074
.1074
.1073
.1072
.1071
.107
.1069
.1068
.1067
.1067
.1066
.1065
.1064
.1063
.1062
.1061
.1061
.106
.1059
.1058
.1057
.1056
.1055
.1055
.1054
.1053
.1052
.1051
.105
.1049
.1049
.1048
.1047
.1046
.1045
.1044
.1043
.1043
.1042
.1041
.104
.1039
.1038
.1038
.1037
.1036
.1035
.1034
.1033
.1033
.1032
.1031
.103
.1029
.1028
.1028
.1027
.1026
.1025
.1024
.1023
.1023
.1022
.1021
.102
.1019
.1019
.1018
.1017
.1016
.1015
.1014
.1014
.1013
.1012
.1011
.101
.101
.1009
.1008
.1007
.1006
.1006
.1005
.1004
.1003
.1002
.1002
.1001
.1
.0999
.0998
.0998
.0997
.0996
.0995
.0994
.0994
.0993
.0992
.0991
.099
.099
.0989
.0988
.0987
.0986
.0986
.0985
.0984
.0983
.0983
.0982
.0981
.098
.0979
.0979
.0978
.0977
.0976
.0976
.0975
.0974
.0973
.0972
.0972
.0971
.097
.0969
.0969
.0968
.0967
.0966
.0966
.0965
.0964
.0963
.0962
.0962
.0961
.096
.0959
.0959
.0958
.0957
.0956
.0956
.0955
.0954
.0953
.0953
.0952
.0951
.095
.095
.0949
.0948
.0947
.0947
.0946
.0945
.0944
.0944
.0943
.0942
.0941
.0941
.094
.0939
.0938
.0938
.0937
.0936
.0936
.0935
.0934
.0933
.0933
.0932
.0931
.093
.093
.0929
.0928
.0927
.0927
.0926
.0925
.0925
.0924
.0923
.0922
.0922
.0921
.092
.092
.0919
.0918
.0917
.0917
.0916
.0915
.0914
.0914
.0913
.0912
.0912
.0911
.091
.091
.0909
.0908
.0907
.0907
.0906
.0905
.0905
.0904
.0903
.0902
.0902
.0901
.09
.09
.0899
.0898
.0898
.0897
.0896
.0895
.0895
.0894
.0893
.0893
.0892
.0891
.0891
.089
.0889
.0888
.0888
.0887
.0886
.0886
.0885
.0884
.0884
.0883
.0882
.0882
.0881
.088
.088
.0879
.0878
.0877
.0877
.0876
.0875
.0875
.0874
.0873
.0873
.0872
.0871
.0871
.087
.0869
.0869
.0868
.0867
.0867
.0866
.0865
.0865
.0864
.0863
.0863
.0862
.0861
.0861
.086
.0859
.0859
.0858
.0857
.0857
.0856
.0855
.0855
.0854
.0853
.0853
.0852
.0851
.0851
.085
.0849
.0849
.0848
.0847
.0847
.0846
.0845
.0845
.0844
.0843
.0843
.0842
.0841
.0841
.084
.084
.0839
.0838
.0838
.0837
.0836
.0836
.0835
.0834
.0834
.0833
.0832
.0832
.0831
.0831
.083
.0829
.0829
.0828
.0827
.0827
.0826
.0825
.0825
.0824
.0823
.0823
.0822
.0822
.0821
.082
.082
.0819
.0818
.0818
.0817
.0817
.0816
.0815
.0815
.0814
.0813
.0813
.0812
.0812
.0811
.081
.081
.0809
.0808
.0808
.0807
.0807
.0806
.0805
.0805
.0804
.0803
.0803
.0802
.0802
.0801
.08
.08
.0799
.0799
.0798
.0797
.0797
.0796
.0795
.0795
.0794
.0794
.0793
.0792
.0792
.0791
.0791
.079
.0789
.0789
.0788
.0788
.0787
.0786
.0786
.0785
.0785
.0784
.0783
.0783
.0782
.0781
.0781
.078
.078
.0779
.0778
.0778
.0777
.0777
.0776
.0776
.0775
.0774
.0774
.0773
.0773
.0772
.0771
.0771
.077
.077
.0769
.0768
.0768
.0767
.0767
.0766
.0765
.0765
.0764
.0764
.0763
.0763
.0762
.0761
.0761
.076
.076
.0759
.0758
.0758
.0757
.0757
.0756
.0756
.0755
.0754
.0754
.0753
.0753
.0752
.0751
.0751
.075
.075
.0749
.0749
.0748
.0747
.0747
.0746
.0746
.0745
.0745
.0744
.0743
.0743
.0742
.0742
.0741
.0741
.074
.0739
.0739
.0738
.0738
.0737
.0737
.0736
.0736
.0735
.0734
.0734
.0733
.0733
.0732
.0732
.0731
.073
.073
.0729
.0729
.0728
.0728
.0727
.0727
.0726
.0725
.0725
.0724
.0724
.0723
.0723
.0722
.0722
.0721
.072
.072
.0719
.0719
.0718
.0718
.0717
.0717
.0716
.0715
.0715
.0714
.0714
.0713
.0713
.0712
.0712
.0711
.0711
.071
.0709
.0709
.0708
.0708
.0707
.0707
.0706
.0706
.0705
.0705
.0704
.0704
.0703
.0702
.0702
.0701
.0701
.07
.07
.0699
.0699
.0698
.0698
.0697
.0697
.0696
.0695
.0695
.0694
.0694
.0693
.0693
.0692
.0692
.0691
.0691
.069
.069
.0689
.0689
.0688
.0688
.0687
.0686
.0686
.0685
.0685
.0684
.0684
.0683
.0683
.0682
.0682
.0681
.0681
.068
.068
.0679
.0679
.0678
.0678
.0677
.0677
.0676
.0675
.0675
.0674
.0674
.0673
.0673
.0672
.0672
.0671
.0671
.067
.067
.0669
.0669
.0668
.0668
.0667
.0667
.0666
.0666
.0665
.0665
.0664
.0664
.0663
.0663
.0662
.0662
.0661
.0661
.066
.066
.0659
.0659
.0658
.0658
.0657
.0657
.0656
.0656
.0655
.0655
.0654
.0654
.0653
.0653
.0652
.0652
.0651
.0651
.065
.065
.0649
.0649
.0648
.0648
.0647
.0647
.0646
.0646
.0645
.0645
.0644
.0644
.0643
.0643
.0642
.0642
.0641
.0641
.064
.064
.0639
.0639
.0638
.0638
.0637
.0637
.0636
.0636
.0635
.0635
.0634
.0634
.0633
.0633
.0632
.0632
.0631
.0631
.063
.063
.0629
.0629
.0628
.0628
.0627
.0627
.0626
.0626
.0625
.0625
.0625
.0624
.0624
.0623
.0623
.0622
.0622
.0621
.0621
.062
.062
.0619
.0619
.0618
.0618
.0617
.0617
.0616
.0616
.0615
.0615
.0615
.0614
.0614
.0613
.0613
.0612
.0612
.0611
.0611
.061
.061
.0609
.0609
.0608
.0608
.0607
.0607
.0607
.0606
.0606
.0605
.0605
.0604
.0604
.0603
.0603
.0602
.0602
.0601
.0601
.06
.06
.06
.0599
.0599
.0598
.0598
.0597
.0597
.0596
.0596
.0595
.0595
.0594
.0594
.0594
.0593
.0593
.0592
.0592
.0591
.0591
.059
.059
.0589
.0589
.0589
.0588
.0588
.0587
.0587
.0586
.0586
.0585
.0585
.0585
.0584
.0584
.0583
.0583
.0582
.0582
.0581
.0581
.058
.058
.058
.0579
.0579
.0578
.0578
.0577
.0577
.0576
.0576
.0576
.0575
.0575
.0574
.0574
.0573
.0573
.0572
.0572
.0572
.0571
.0571
.057
.057
.0569
.0569
.0569
.0568
.0568
.0567
.0567
.0566
.0566
.0565
.0565
.0565
.0564
.0564
.0563
.0563
.0562
.0562
.0562
.0561
.0561
.056
.056
.0559
.0559
.0559
.0558
.0558
.0557
.0557
.0556
.0556
.0556
.0555
.0555
.0554
.0554
.0553
.0553
.0553
.0552
.0552
.0551
.0551
.055
.055
.055
.0549
.0549
.0548
.0548
.0547
.0547
.0547
.0546
.0546
.0545
.0545
.0544
.0544
.0544
.0543
.0543
.0542
.0542
.0542
.0541
.0541
.054
.054
.0539
.0539
.0539
.0538
.0538
.0537
.0537
.0537
.0536
.0536
.0535
.0535
.0535
.0534
.0534
.0533
.0533
.0532
.0532
.0532
.0531
.0531
.053
.053
.053
.0529
.0529
.0528
.0528
.0528
.0527
.0527
.0526
.0526
.0526
.0525
.0525
.0524
.0524
.0524
.0523
.0523
.0522
.0522
.0521
.0521
.0521
.052
.052
.0519
.0519
.0519
.0518
.0518
.0517
.0517
.0517
.0516
.0516
.0516
.0515
.0515
.0514
.0514
.0514
.0513
.0513
.0512
.0512
.0512
.0511
.0511
.051
.051
.051
.0509
.0509
.0508
.0508
.0508
.0507
.0507
.0506
.0506
.0506
.0505
.0505
.0505
.0504
.0504
.0503
.0503
.0503
.0502
.0502
.0501
.0501
.0501
.05
.05
