.5888
.5866
.5844
.5823
.5802
.5781
.576
.574
.5719
.5699
.568
.566
.5641
.5622
.5604
.5586
.5568
.5551
.5534
.5518
.5502
.5487
.5472
.5457
.5443
.5429
.5416
.5403
.5391
.5379
.5368
.5357
.5346
.5336
.5326
.5317
.5308
.53
.5292
.5284
.5276
.5269
.5263
.5256
.525
.5244
.5239
.5234
.5229
.5224
.522
.5216
.5212
.5208
.5204
.5201
.5198
.5195
.5192
.5189
.5187
.5184
.5182
.518
.5178
.5176
.5174
.5173
.5171
.517
.5168
.5167
.5166
.5164
.5163
.5162
.5161
.516
.516
.5159
.5158
.5157
.5157
.5156
.5155
.5155
.5154
.5154
.5153
.5153
.5152
.5152
.5151
.5151
.5151
.515
.515
.515
.5149
.5149
.5149
.5149
.5148
.5148
.5148
.5148
.5147
.5147
.5147
.5147
.5147
.5146
.5146
.5146
.5146
.5146
.5146
.5146
.5145
.5145
.5145
.5145
.5145
.5145
.5145
.5144
.5144
.5144
.5144
.5144
.5144
.5144
.5144
.5144
.5143
.5143
.5143
.5143
.5143
.5143
.5143
.5143
.5143
.5143
.5142
.5142
.5142
.5142
.5142
.5142
.5142
.5142
.5142
.5142
.5141
.5141
.5141
.5141
.5141
.5141
.5141
.5141
.5141
.5141
.514
.514
.514
.514
.514
.514
.514
.514
.514
.514
.514
.5139
.5139
.5139
.5139
.5139
.5139
.5139
.5139
.5139
.5139
.5138
.5138
.5138
.5138
.5138
.5138
.5138
.5138
.5138
.5138
.5138
.5137
.5137
.5137
.5137
.5137
.5137
.5137
.5137
.5137
.5137
.5136
.5136
.5136
.5136
.5136
.5136
.5136
.5136
.5136
.5136
.5136
.5135
.5135
.5135
.5135
.5135
.5135
.5135
.5135
.5135
.5135
.5134
.5134
.5134
.5134
.5134
.5134
.5134
.5134
.5134
.5134
.5133
.5133
.5133
.5133
.5133
.5133
.5133
.5133
.5133
.5133
.5133
.5132
.5132
.5132
.5132
.5132
.5132
.5132
.5132
.5132
.5132
.5131
.5131
.5131
.5131
.5131
.5131
.5131
.5131
.5131
.5131
.513
.513
.513
.513
.513
.513
.513
.513
.513
.513
.5129
.5129
.5129
.5129
.5129
.5129
.5129
.5129
.5129
.5129
.5129
.5128
.5128
.5128
.5128
.5128
.5128
.5128
.5128
.5128
.5128
.5127
.5127
.5127
.5127
.5127
.5127
.5127
.5127
.5127
.5127
.5126
.5126
.5126
.5126
.5126
.5126
.5126
.5126
.5126
.5126
.5125
.5125
.5125
.5125
.5125
.5125
.5125
.5125
.5125
.5125
.5124
.5124
.5124
.5124
.5124
.5124
.5124
.5124
.5124
.5124
.5124
.5123
.5123
.5123
.5123
.5123
.5123
.5123
.5123
.5123
.5123
.5122
.5122
.5122
.5122
.5122
.5122
.5122
.5122
.5122
.5122
.5121
.5121
.5121
.5121
.5121
.5121
.5121
.5121
.5121
.5121
.512
.512
.512
.512
.512
.512
.512
.512
.512
.512
.5119
.5119
.5119
.5119
.5119
.5119
.5119
.5119
.5119
.5119
.5119
.5118
.5118
.5118
.5118
.5118
.5118
.5118
.5118
.5118
.5118
.5117
.5117
.5117
.5117
.5117
.5117
.5117
.5117
.5117
.5117
.5116
.5116
.5116
.5116
.5116
.5116
.5116
.5116
.5116
.5116
.5115
.5115
.5115
.5115
.5115
.5115
.5115
.5115
.5115
.5115
.5115
.5114
.5114
.5114
.5114
.5114
.5114
.5114
.5114
.5114
.5114
.5113
.5113
.5113
.5113
.5113
.5113
.5113
.5113
.5113
.5113
.5112
.5112
.5112
.5112
.5112
.5112
.5112
.5112
.5112
.5112
.5112
.5111
.5111
.5111
.5111
.5111
.5111
.5111
.5111
.5111
.5111
.511
.511
.511
.511
.511
.511
.511
.511
.511
.511
.5109
.5109
.5109
.5109
.5109
.5109
.5109
.5109
.5109
.5109
.5109
.5108
.5108
.5108
.5108
.5108
.5108
.5108
.5108
.5108
.5108
.5107
.5107
.5107
.5107
.5107
.5107
.5107
.5107
.5107
.5107
.5106
.5106
.5106
.5106
.5106
.5106
.5106
.5106
.5106
.5106
.5106
.5105
.5105
.5105
.5105
.5105
.5105
.5105
.5105
.5105
.5105
.5104
.5104
.5104
.5104
.5104
.5104
.5104
.5104
.5104
.5104
.5104
.5103
.5103
.5103
.5103
.5103
.5103
.5103
.5103
.5103
.5103
.5103
.5102
.5102
.5102
.5102
.5102
.5102
.5102
.5102
.5102
.5102
.5101
.5101
.5101
.5101
.5101
.5101
.5101
.5101
.5101
.5101
.5101
.51
.51
.51
.51
.51
.51
.51
.51
.51
.51
.5099
.5099
.5099
.5099
.5099
.5099
.5099
.5099
.5099
.5099
.5099
.5098
.5098
.5098
.5098
.5098
.5098
.5098
.5098
.5098
.5098
.5098
.5097
.5097
.5097
.5097
.5097
.5097
.5097
.5097
.5097
.5097
.5097
.5096
.5096
.5096
.5096
.5096
.5096
.5096
.5096
.5096
.5096
.5095
.5095
.5095
.5095
.5095
.5095
.5095
.5095
.5095
.5095
.5095
.5094
.5094
.5094
.5094
.5094
.5094
.5094
.5094
.5094
.5094
.5094
.5093
.5093
.5093
.5093
.5093
.5093
.5093
.5093
.5093
.5093
.5093
.5092
.5092
.5092
.5092
.5092
.5092
.5092
.5092
.5092
.5092
.5091
.5091
.5091
.5091
.5091
.5091
.5091
.5091
.5091
.5091
.5091
.509
.509
.509
.509
.509
.509
.509
.509
.509
.509
.509
.5089
.5089
.5089
.5089
.5089
.5089
.5089
.5089
.5089
.5089
.5089
.5088
.5088
.5088
.5088
.5088
.5088
.5088
.5088
.5088
.5088
.5088
.5087
.5087
.5087
.5087
.5087
.5087
.5087
.5087
.5087
.5087
.5086
.5086
.5086
.5086
.5086
.5086
.5086
.5086
.5086
.5086
.5086
.5085
.5085
.5085
.5085
.5085
.5085
.5085
.5085
.5085
.5085
.5085
.5084
.5084
.5084
.5084
.5084
.5084
.5084
.5084
.5084
.5084
.5083
.5083
.5083
.5083
.5083
.5083
.5083
.5083
.5083
.5083
.5083
.5082
.5082
.5082
.5082
.5082
.5082
.5082
.5082
.5082
.5082
.5081
.5081
.5081
.5081
.5081
.5081
.5081
.5081
.5081
.5081
.508
.508
.508
.508
.508
.508
.508
.508
.508
.508
.5079
.5079
.5079
.5079
.5079
.5079
.5079
.5079
.5079
.5079
.5079
.5078
.5078
.5078
.5078
.5078
.5078
.5078
.5078
.5078
.5078
.5077
.5077
.5077
.5077
.5077
.5077
.5077
.5077
.5077
.5076
.5076
.5076
.5076
.5076
.5076
.5076
.5076
.5076
.5076
.5075
.5075
.5075
.5075
.5075
.5075
.5075
.5075
.5075
.5075
.5074
.5074
.5074
.5074
.5074
.5074
.5074
.5074
.5074
.5073
.5073
.5073
.5073
.5073
.5073
.5073
.5073
.5073
.5072
.5072
.5072
.5072
.5072
.5072
.5072
.5072
.5072
.5071
.5071
.5071
.5071
.5071
.5071
.5071
.5071
.5071
.507
.507
.507
.507
.507
.507
.507
.507
.507
.5069
.5069
.5069
.5069
.5069
.5069
.5069
.5069
.5068
.5068
.5068
.5068
.5068
.5068
.5068
.5068
.5068
.5067
.5067
.5067
.5067
.5067
.5067
.5067
.5067
.5066
.5066
.5066
.5066
.5066
.5066
.5066
.5066
.5065
.5065
.5065
.5065
.5065
.5065
.5065
.5065
.5064
.5064
.5064
.5064
.5064
.5064
.5064
.5063
.5063
.5063
.5063
.5063
.5063
.5063
.5063
.5062
.5062
.5062
.5062
.5062
.5062
.5062
.5061
.5061
.5061
.5061
.5061
.5061
.5061
.506
.506
.506
.506
.506
.506
.506
.5059
.5059
.5059
.5059
.5059
.5059
.5059
.5058
.5058
.5058
.5058
.5058
.5058
.5057
.5057
.5057
.5057
.5057
.5057
.5057
.5056
.5056
.5056
.5056
.5056
.5056
.5055
.5055
.5055
.5055
.5055
.5055
.5054
.5054
.5054
.5054
.5054
.5054
.5053
.5053
.5053
.5053
.5053
.5053
.5052
.5052
.5052
.5052
.5052
.5051
.5051
.5051
.5051
.5051
.5051
.505
.505
.505
.505
.505
.5049
.5049
.5049
.5049
.5049
.5048
.5048
.5048
.5048
.5048
.5048
.5047
.5047
.5047
.5047
.5047
.5046
.5046
.5046
.5046
.5045
.5045
.5045
.5045
.5045
.5044
.5044
.5044
.5044
.5044
.5043
.5043
.5043
.5043
.5042
.5042
.5042
.5042
.5042
.5041
.5041
.5041
.5041
.504
.504
.504
.504
.5039
.5039
.5039
.5039
.5038
.5038
.5038
.5038
.5037
.5037
.5037
.5037
.5036
.5036
.5036
.5036
.5035
.5035
.5035
.5035
.5034
.5034
.5034
.5034
.5033
.5033
.5033
.5032
.5032
.5032
.5032
.5031
.5031
.5031
.503
.503
.503
.503
.5029
.5029
.5029
.5028
.5028
.5028
.5027
.5027
.5027
.5027
.5026
.5026
.5026
.5025
.5025
.5025
.5024
.5024
.5024
.5023
.5023
.5023
.5022
.5022
.5022
.5021
.5021
.5021
.502
.502
.5019
.5019
.5019
.5018
.5018
.5018
.5017
.5017
.5017
.5016
.5016
.5015
.5015
.5015
.5014
.5014
.5013
.5013
.5013
.5012
.5012
.5011
.5011
.5011
.501
.501
.5009
.5009
.5008
.5008
.5008
.5007
.5007
.5006
.5006
.5005
.5005
.5004
.5004
.5004
.5003
.5003
.5002
.5002
.5001
.5001
.5
.5
.4999
.4999
.4998
.4998
.4997
.4997
.4996
.4996
.4995
.4995
.4994
.4994
.4993
.4993
.4992
.4992
.4991
.4991
.499
.4989
.4989
.4988
.4988
.4987
.4987
.4986
.4985
.4985
.4984
.4984
.4983
.4982
.4982
.4981
.4981
.498
.4979
.4979
.4978
.4978
.4977
.4976
.4976
.4975
.4974
.4974
.4973
.4972
.4972
.4971
.497
.497
.4969
.4968
.4968
.4967
.4966
.4965
.4965
.4964
.4963
.4962
.4962
.4961
.496
.4959
.4959
.4958
.4957
.4956
.4956
.4955
.4954
.4953
.4952
.4952
.4951
.495
.4949
.4948
.4948
.4947
.4946
.4945
.4944
.4943
.4942
.4942
.4941
.494
.4939
.4938
.4937
.4936
.4935
.4934
.4933
.4932
.4931
.4931
.493
.4929
.4928
.4927
.4926
.4925
.4924
.4923
.4922
.4921
.492
.4919
.4918
.4917
.4916
.4914
.4913
.4912
.4911
.491
.4909
.4908
.4907
.4906
.4905
.4904
.4902
.4901
.49
.4899
.4898
.4897
.4895
.4894
.4893
.4892
.4891
.489
.4888
.4887
.4886
.4885
.4883
.4882
.4881
.488
.4878
.4877
.4876
.4874
.4873
.4872
.487
.4869
.4868
.4866
.4865
.4864
.4862
.4861
.4859
.4858
.4857
.4855
.4854
.4852
.4851
.4849
.4848
.4847
.4845
.4844
.4842
.4841
.4839
.4838
.4836
.4834
.4833
.4831
.483
.4828
.4827
.4825
.4823
.4822
.482
.4819
.4817
.4815
.4814
.4812
.481
.4809
.4807
.4805
.4804
.4802
.48
.4798
.4797
.4795
.4793
.4791
.479
.4788
.4786
.4784
.4782
.4781
.4779
.4777
.4775
.4773
.4771
.4769
.4767
.4766
.4764
.4762
.476
.4758
.4756
.4754
.4752
.475
.4748
.4746
.4744
.4742
.474
.4738
.4736
.4734
.4732
.473
.4728
.4726
.4723
.4721
.4719
.4717
.4715
.4713
.4711
.4709
.4706
.4704
.4702
.47
.4698
.4695
.4693
.4691
.4689
.4686
.4684
.4682
.468
.4677
.4675
.4673
.467
.4668
.4666
.4663
.4661
.4659
.4656
.4654
.4652
.4649
.4647
.4644
.4642
.4639
.4637
.4635
.4632
.463
.4627
.4625
.4622
.462
.4617
.4615
.4612
.461
.4607
.4604
.4602
.4599
.4597
.4594
.4592
.4589
.4586
.4584
.4581
.4578
.4576
.4573
.457
.4568
.4565
.4562
.456
.4557
.4554
.4552
.4549
.4546
.4543
.4541
.4538
.4535
.4532
.453
.4527
.4524
.4521
.4518
.4515
.4513
.451
.4507
.4504
.4501
.4498
.4496
.4493
.449
.4487
.4484
.4481
.4478
.4475
.4472
.4469
.4466
.4463
.4461
.4458
.4455
.4452
.4449
.4446
.4443
.444
.4437
.4434
.4431
.4428
.4425
.4421
.4418
.4415
.4412
.4409
.4406
.4403
.44
.4397
.4394
.4391
.4388
.4384
.4381
.4378
.4375
.4372
.4369
.4366
.4363
.4359
.4356
.4353
.435
.4347
.4343
.434
.4337
.4334
.4331
.4327
.4324
.4321
.4318
.4315
.4311
.4308
.4305
.4302
.4298
.4295
.4292
.4289
.4285
.4282
.4279
.4275
.4272
.4269
.4265
.4262
.4259
.4256
.4252
.4249
.4246
.4242
.4239
.4236
.4232
.4229
.4225
.4222
.4219
.4215
.4212
.4209
.4205
.4202
.4198
.4195
.4192
.4188
.4185
.4181
.4178
.4175
.4171
.4168
.4164
.4161
.4157
.4154
.4151
.4147
.4144
.414
.4137
.4133
.413
.4126
.4123
.4119
.4116
.4113
.4109
.4106
.4102
.4099
.4095
.4092
.4088
.4085
.4081
.4078
.4074
.4071
.4067
.4064
.406
.4056
.4053
.4049
.4046
.4042
.4039
.4035
.4032
.4028
.4025
.4021
.4018
.4014
.401
.4007
.4003
.4
.3996
.3993
.3989
.3985
.3982
.3978
.3975
.3971
.3968
.3964
.396
.3957
.3953
.395
.3946
.3942
.3939
.3935
.3932
.3928
.3924
.3921
.3917
.3913
.391
.3906
.3903
.3899
.3895
.3892
.3888
.3884
.3881
.3877
.3874
.387
.3866
.3863
.3859
.3855
.3852
.3848
.3844
.3841
.3837
.3833
.383
.3826
.3822
.3819
.3815
.3811
.3808
.3804
.38
.3797
.3793
.3789
.3786
.3782
.3778
.3775
.3771
.3767
.3763
.376
.3756
.3752
.3749
.3745
.3741
.3737
.3734
.373
.3726
.3723
.3719
.3715
.3711
.3708
.3704
.37
.3697
.3693
.3689
.3685
.3682
.3678
.3674
.367
.3667
.3663
.3659
.3655
.3652
.3648
.3644
.364
.3637
.3633
.3629
.3625
.3622
.3618
.3614
.361
.3607
.3603
.3599
.3595
.3591
.3588
.3584
.358
.3576
.3572
.3569
.3565
.3561
.3557
.3553
.355
.3546
.3542
.3538
.3534
.3531
.3527
.3523
.3519
.3515
.3512
.3508
.3504
.35
.3496
.3492
.3489
.3485
.3481
.3477
.3473
.3469
.3465
.3462
.3458
.3454
.345
.3446
.3442
.3438
.3435
.3431
.3427
.3423
.3419
.3415
.3411
.3407
.3404
.34
.3396
.3392
.3388
.3384
.338
.3376
.3372
.3369
.3365
.3361
.3357
.3353
.3349
.3345
.3341
.3337
.3333
.3329
.3325
.3321
.3318
.3314
.331
.3306
.3302
.3298
.3294
.329
.3286
.3282
.3278
.3274
.327
.3266
.3262
.3258
.3254
.325
.3246
.3242
.3238
.3234
.323
.3226
.3222
.3218
.3214
.321
.3206
.3202
.3198
.3194
.319
.3186
.3182
.3178
.3174
.317
.3166
.3162
.3158
.3154
.315
.3146
.3142
.3138
.3134
.313
.3126
.3122
.3118
.3114
.311
.3106
.3102
.3098
.3094
.309
.3086
.3082
.3078
.3074
.307
.3066
.3062
.3058
.3053
.3049
.3045
.3041
.3037
.3033
.3029
.3025
.3021
.3017
.3013
.3009
.3005
.3001
.2997
.2993
.2989
.2985
.2981
.2976
.2972
.2968
.2964
.296
.2956
.2952
.2948
.2944
.294
.2936
.2932
.2928
.2924
.292
.2916
.2912
.2908
.2904
.2899
.2895
.2891
.2887
.2883
.2879
.2875
.2871
.2867
.2863
.2859
.2855
.2851
.2847
.2843
.2839
.2835
.2831
.2827
.2823
.2819
.2815
.2811
.2807
.2803
.2799
.2795
.2791
.2787
.2783
.2779
.2775
.2771
.2767
.2763
.2759
.2755
.2751
.2747
.2743
.2739
.2735
.2731
.2728
.2724
.272
.2716
.2712
.2708
.2704
.27
.2696
.2692
.2688
.2684
.2681
.2677
.2673
.2669
.2665
.2661
.2657
.2653
.265
.2646
.2642
.2638
.2634
.263
.2627
.2623
.2619
.2615
.2611
.2608
.2604
.26
.2596
.2592
.2589
.2585
.2581
.2577
.2574
.257
.2566
.2562
.2559
.2555
.2551
.2547
.2544
.254
.2536
.2533
.2529
.2525
.2522
.2518
.2514
.2511
.2507
.2503
.25
.2496
.2492
.2489
.2485
.2481
.2478
.2474
.2471
.2467
.2463
.246
.2456
.2453
.2449
.2446
.2442
.2439
.2435
.2431
.2428
.2424
.2421
.2417
.2414
.241
.2407
.2403
.24
.2396
.2393
.239
.2386
.2383
.2379
.2376
.2372
.2369
.2366
.2362
.2359
.2355
.2352
.2349
.2345
.2342
.2338
.2335
.2332
.2328
.2325
.2322
.2318
.2315
.2312
.2308
.2305
.2302
.2299
.2295
.2292
.2289
.2285
.2282
.2279
.2276
.2272
.2269
.2266
.2263
.226
.2256
.2253
.225
.2247
.2244
.224
.2237
.2234
.2231
.2228
.2225
.2221
.2218
.2215
.2212
.2209
.2206
.2203
.22
.2196
.2193
.219
.2187
.2184
.2181
.2178
.2175
.2172
.2169
.2166
.2163
.216
.2157
.2154
.2151
.2148
.2145
.2142
.2139
.2136
.2133
.213
.2127
.2124
.2121
.2118
.2115
.2112
.2109
.2106
.2103
.21
.2097
.2095
.2092
.2089
.2086
.2083
.208
.2077
.2074
.2072
.2069
.2066
.2063
.206
.2057
.2054
.2052
.2049
.2046
.2043
.204
.2038
.2035
.2032
.2029
.2026
.2024
.2021
.2018
.2015
.2013
.201
.2007
.2004
.2002
.1999
.1996
.1994
.1991
.1988
.1985
.1983
.198
.1977
.1975
.1972
.1969
.1967
.1964
.1961
.1959
.1956
.1954
.1951
.1948
.1946
.1943
.194
.1938
.1935
.1933
.193
.1927
.1925
.1922
.192
.1917
.1915
.1912
.1909
.1907
.1904
.1902
.1899
.1897
.1894
.1892
.1889
.1887
.1884
.1882
.1879
.1877
.1874
.1872
.1869
.1867
.1864
.1862
.1859
.1857
.1854
.1852
.1849
.1847
.1845
.1842
.184
.1837
.1835
.1832
.183
.1828
.1825
.1823
.182
.1818
.1816
.1813
.1811
.1809
.1806
.1804
.1801
.1799
.1797
.1794
.1792
.179
.1787
.1785
.1783
.178
.1778
.1776
.1773
.1771
.1769
.1767
.1764
.1762
.176
.1757
.1755
.1753
.1751
.1748
.1746
.1744
.1742
.1739
.1737
.1735
.1733
.173
.1728
.1726
.1724
.1722
.1719
.1717
.1715
.1713
.1711
.1708
.1706
.1704
.1702
.17
.1697
.1695
.1693
.1691
.1689
.1687
.1685
.1682
.168
.1678
.1676
.1674
.1672
.167
.1667
.1665
.1663
.1661
.1659
.1657
.1655
.1653
.1651
.1649
.1647
.1644
.1642
.164
.1638
.1636
.1634
.1632
.163
.1628
.1626
.1624
.1622
.162
.1618
.1616
.1614
.1612
.161
.1608
.1606
.1604
.1602
.16
.1598
.1596
.1594
.1592
.159
.1588
.1586
.1584
.1582
.158
.1578
.1576
.1574
.1572
.157
.1568
.1566
.1564
.1562
.156
.1559
.1557
.1555
.1553
.1551
.1549
.1547
.1545
.1543
.1541
.1539
.1538
.1536
.1534
.1532
.153
.1528
.1526
.1524
.1523
.1521
.1519
.1517
.1515
.1513
.1512
.151
.1508
.1506
.1504
.1502
.1501
.1499
.1497
.1495
.1493
.1491
.149
.1488
.1486
.1484
.1483
.1481
.1479
.1477
.1475
.1474
.1472
.147
.1468
.1467
.1465
.1463
.1461
.146
.1458
.1456
.1454
.1453
.1451
.1449
.1447
.1446
.1444
.1442
.144
.1439
.1437
.1435
.1434
.1432
.143
.1429
.1427
.1425
.1423
.1422
.142
.1418
.1417
.1415
.1413
.1412
.141
.1408
.1407
.1405
.1403
.1402
.14
.1399
.1397
.1395
.1394
.1392
.139
.1389
.1387
.1386
.1384
.1382
.1381
.1379
.1377
.1376
.1374
.1373
.1371
.1369
.1368
.1366
.1365
.1363
.1362
.136
.1358
.1357
.1355
.1354
.1352
.1351
.1349
.1347
.1346
.1344
.1343
.1341
.134
.1338
.1337
.1335
.1334
.1332
.1331
.1329
.1328
.1326
.1324
.1323
.1321
.132
.1318
.1317
.1315
.1314
.1312
.1311
.1309
.1308
.1307
.1305
.1304
.1302
.1301
.1299
.1298
.1296
.1295
.1293
.1292
.129
.1289
.1287
.1286
.1285
.1283
.1282
.128
.1279
.1277
.1276
.1275
.1273
.1272
.127
.1269
.1267
.1266
.1265
.1263
.1262
.126
.1259
.1258
.1256
.1255
.1253
.1252
.1251
.1249
.1248
.1247
.1245
.1244
.1242
.1241
.124
.1238
.1237
.1236
.1234
.1233
.1232
.123
.1229
.1227
.1226
.1225
.1223
.1222
.1221
.1219
.1218
.1217
.1215
.1214
.1213
.1212
.121
.1209
.1208
.1206
.1205
.1204
.1202
.1201
.12
.1198
.1197
.1196
.1195
.1193
.1192
.1191
.1189
.1188
.1187
.1186
.1184
.1183
.1182
.1181
.1179
.1178
.1177
.1176
.1174
.1173
.1172
.1171
.1169
.1168
.1167
.1166
.1164
.1163
.1162
.1161
.1159
.1158
.1157
.1156
.1154
.1153
.1152
.1151
.115
.1148
.1147
.1146
.1145
.1144
.1142
.1141
.114
.1139
.1138
.1136
.1135
.1134
.1133
.1132
.1131
.1129
.1128
.1127
.1126
.1125
.1123
.1122
.1121
.112
.1119
.1118
.1117
.1115
.1114
.1113
.1112
.1111
.111
.1108
.1107
.1106
.1105
.1104
.1103
.1102
.1101
.1099
.1098
.1097
.1096
.1095
.1094
.1093
.1092
.109
.1089
.1088
.1087
.1086
.1085
.1084
.1083
.1082
.1081
.1079
.1078
.1077
.1076
.1075
.1074
.1073
.1072
.1071
.107
.1069
.1068
.1066
.1065
.1064
.1063
.1062
.1061
.106
.1059
.1058
.1057
.1056
.1055
.1054
.1053
.1052
.1051
.105
.1049
.1047
.1046
.1045
.1044
.1043
.1042
.1041
.104
.1039
.1038
.1037
.1036
.1035
.1034
.1033
.1032
.1031
.103
.1029
.1028
.1027
.1026
.1025
.1024
.1023
.1022
.1021
.102
.1019
.1018
.1017
.1016
.1015
.1014
.1013
.1012
.1011
.101
.1009
.1008
.1007
.1006
.1005
.1004
.1003
.1002
.1001
.1
.1
.0999
.0998
.0997
.0996
.0995
.0994
.0993
.0992
.0991
.099
.0989
.0988
.0987
.0986
.0985
.0984
.0983
.0982
.0982
.0981
.098
.0979
.0978
.0977
.0976
.0975
.0974
.0973
.0972
.0971
.097
.097
.0969
.0968
.0967
.0966
.0965
.0964
.0963
.0962
.0961
.0961
.096
.0959
.0958
.0957
.0956
.0955
.0954
.0953
.0952
.0952
.0951
.095
.0949
.0948
.0947
.0946
.0945
.0945
.0944
.0943
.0942
.0941
.094
.0939
.0939
.0938
.0937
.0936
.0935
.0934
.0933
.0933
.0932
.0931
.093
.0929
.0928
.0927
.0927
.0926
.0925
.0924
.0923
.0922
.0922
.0921
.092
.0919
.0918
.0917
.0917
.0916
.0915
.0914
.0913
.0912
.0912
.0911
.091
.0909
.0908
.0908
.0907
.0906
.0905
.0904
.0903
.0903
.0902
.0901
.09
.0899
.0899
.0898
.0897
.0896
.0895
.0895
.0894
.0893
.0892
.0892
.0891
.089
.0889
.0888
.0888
.0887
.0886
.0885
.0884
.0884
.0883
.0882
.0881
.0881
.088
.0879
.0878
.0878
.0877
.0876
.0875
.0874
.0874
.0873
.0872
.0871
.0871
.087
.0869
.0868
.0868
.0867
.0866
.0865
.0865
.0864
.0863
.0862
.0862
.0861
.086
.0859
.0859
.0858
.0857
.0857
.0856
.0855
.0854
.0854
.0853
.0852
.0851
.0851
.085
.0849
.0849
.0848
.0847
.0846
.0846
.0845
.0844
.0843
.0843
.0842
.0841
.0841
.084
.0839
.0839
.0838
.0837
.0836
.0836
.0835
.0834
.0834
.0833
.0832
.0832
.0831
.083
.0829
.0829
.0828
.0827
.0827
.0826
.0825
.0825
.0824
.0823
.0823
.0822
.0821
.082
.082
.0819
.0818
.0818
.0817
.0816
.0816
.0815
.0814
.0814
.0813
.0812
.0812
.0811
.081
.081
.0809
.0808
.0808
.0807
.0806
.0806
.0805
.0804
.0804
.0803
.0802
.0802
.0801
.0801
.08
.0799
.0799
.0798
.0797
.0797
.0796
.0795
.0795
.0794
.0793
.0793
.0792
.0792
.0791
.079
.079
.0789
.0788
.0788
.0787
.0786
.0786
.0785
.0785
.0784
.0783
.0783
.0782
.0781
.0781
.078
.078
.0779
.0778
.0778
.0777
.0776
.0776
.0775
.0775
.0774
.0773
.0773
.0772
.0772
.0771
.077
.077
.0769
.0769
.0768
.0767
.0767
.0766
.0766
.0765
.0764
.0764
.0763
.0763
.0762
.0761
.0761
.076
.076
.0759
.0758
.0758
.0757
.0757
.0756
.0755
.0755
.0754
.0754
.0753
.0753
.0752
.0751
.0751
.075
.075
.0749
.0748
.0748
.0747
.0747
.0746
.0746
.0745
.0744
.0744
.0743
.0743
.0742
.0742
.0741
.0741
.074
.0739
.0739
.0738
.0738
.0737
.0737
.0736
.0735
.0735
.0734
.0734
.0733
.0733
.0732
.0732
.0731
.073
.073
.0729
.0729
.0728
.0728
.0727
.0727
.0726
.0726
.0725
.0724
.0724
.0723
.0723
.0722
.0722
.0721
.0721
.072
.072
.0719
.0719
.0718
.0717
.0717
.0716
.0716
.0715
.0715
.0714
.0714
.0713
.0713
.0712
.0712
.0711
.0711
.071
.071
.0709
.0709
.0708
.0707
.0707
.0706
.0706
.0705
.0705
.0704
.0704
.0703
.0703
.0702
.0702
.0701
.0701
.07
.07
.0699
.0699
.0698
.0698
.0697
.0697
.0696
.0696
.0695
.0695
.0694
.0694
.0693
.0693
.0692
.0692
.0691
.0691
.069
.069
.0689
.0689
.0688
.0688
.0687
.0687
.0686
.0686
.0685
.0685
.0684
.0684
.0683
.0683
.0682
.0682
.0681
.0681
.068
.068
.0679
.0679
.0678
.0678
.0678
.0677
.0677
.0676
.0676
.0675
.0675
.0674
.0674
.0673
.0673
.0672
.0672
.0671
.0671
.067
.067
.0669
.0669
.0669
.0668
.0668
.0667
.0667
.0666
.0666
.0665
.0665
.0664
.0664
.0663
.0663
.0662
.0662
.0662
.0661
.0661
.066
.066
.0659
.0659
.0658
.0658
.0657
.0657
.0657
.0656
.0656
.0655
.0655
.0654
.0654
.0653
.0653
.0653
.0652
.0652
.0651
.0651
.065
.065
.0649
.0649
.0648
.0648
.0648
.0647
.0647
.0646
.0646
.0645
.0645
.0645
.0644
.0644
.0643
.0643
.0642
.0642
.0641
.0641
.0641
.064
.064
.0639
.0639
.0638
.0638
.0638
.0637
.0637
.0636
.0636
.0635
.0635
.0635
.0634
.0634
.0633
.0633
.0633
.0632
.0632
.0631
.0631
.063
.063
.063
.0629
.0629
.0628
.0628
.0627
.0627
.0627
.0626
.0626
.0625
.0625
.0625
.0624
.0624
.0623
.0623
.0623
.0622
.0622
.0621
.0621
.062
.062
.062
.0619
.0619
.0618
.0618
.0618
.0617
.0617
.0616
.0616
.0616
.0615
.0615
.0614
.0614
.0614
.0613
.0613
.0612
.0612
.0612
.0611
.0611
.061
.061
.061
.0609
.0609
.0608
.0608
.0608
.0607
.0607
.0607
.0606
.0606
.0605
.0605
.0605
.0604
.0604
.0603
.0603
.0603
.0602
.0602
.0601
.0601
.0601
.06
.06
.06
.0599
.0599
.0598
.0598
.0598
.0597
.0597
.0597
.0596
.0596
.0595
.0595
.0595
.0594
.0594
.0594
.0593
.0593
.0592
.0592
.0592
.0591
.0591
.0591
.059
.059
.0589
.0589
.0589
.0588
.0588
.0588
.0587
.0587
.0586
.0586
.0586
.0585
.0585
.0585
.0584
.0584
.0584
.0583
.0583
.0582
.0582
.0582
.0581
.0581
.0581
.058
.058
.058
.0579
.0579
.0579
.0578
.0578
.0577
.0577
.0577
.0576
.0576
.0576
.0575
.0575
.0575
.0574
.0574
.0574
.0573
.0573
.0572
.0572
.0572
.0571
.0571
.0571
.057
.057
.057
.0569
.0569
.0569
.0568
.0568
.0568
.0567
.0567
.0567
.0566
.0566
.0566
.0565
.0565
.0565
.0564
.0564
.0564
.0563
.0563
.0563
.0562
.0562
.0561
.0561
.0561
.056
.056
.056
.0559
.0559
.0559
.0558
.0558
.0558
.0557
.0557
.0557
.0556
.0556
.0556
.0555
.0555
.0555
.0554
.0554
.0554
.0553
.0553
.0553
.0553
.0552
.0552
.0552
.0551
.0551
.0551
.055
.055
.055
.0549
.0549
.0549
.0548
.0548
.0548
.0547
.0547
.0547
.0546
.0546
.0546
.0545
.0545
.0545
.0544
.0544
.0544
.0543
.0543
.0543
.0543
.0542
.0542
.0542
.0541
.0541
.0541
.054
.054
.054
.0539
.0539
.0539
.0538
.0538
.0538
.0537
.0537
.0537
.0537
.0536
.0536
.0536
.0535
.0535
.0535
.0534
.0534
.0534
.0533
.0533
.0533
.0533
.0532
.0532
.0532
.0531
.0531
.0531
.053
.053
.053
.053
.0529
.0529
.0529
.0528
.0528
.0528
.0527
.0527
.0527
.0527
.0526
.0526
.0526
.0525
.0525
.0525
.0524
.0524
.0524
.0524
.0523
.0523
.0523
.0522
.0522
.0522
.0521
.0521
.0521
.0521
.052
.052
.052
.0519
.0519
.0519
.0519
.0518
.0518
.0518
.0517
.0517
.0517
.0517
.0516
.0516
.0516
.0515
.0515
.0515
.0514
.0514
.0514
.0514
.0513
.0513
.0513
.0512
.0512
.0512
.0512
.0511
.0511
.0511
.0511
.051
.051
.051
.0509
.0509
.0509
.0509
.0508
.0508
.0508
.0507
.0507
.0507
.0507
.0506
.0506
.0506
.0505
.0505
.0505
.0505
.0504
.0504
.0504
.0504
.0503
.0503
.0503
.0502
.0502
.0502
.0502
.0501
.0501
.0501
.0501
.05
.05
