.7201
.7165
.7129
.7092
.7054
.7016
.6977
.6937
.6897
.6856
.6815
.6773
.673
.6687
.6643
.6598
.6554
.6508
.6463
.6417
.6371
.6325
.6278
.6232
.6185
.6139
.6093
.6047
.6001
.5957
.5912
.5869
.5826
.5784
.5744
.5704
.5666
.5629
.5593
.5559
.5526
.5495
.5465
.5437
.541
.5385
.5361
.5339
.5318
.5299
.5281
.5265
.5249
.5235
.5222
.521
.52
.519
.518
.5172
.5165
.5158
.5152
.5146
.5141
.5136
.5132
.5128
.5125
.5122
.5119
.5117
.5115
.5113
.5111
.5109
.5108
.5107
.5105
.5104
.5103
.5103
.5102
.5101
.5101
.51
.51
.5099
.5099
.5098
.5098
.5098
.5098
.5097
.5097
.5097
.5097
.5096
.5096
.5096
.5096
.5096
.5096
.5096
.5095
.5095
.5095
.5095
.5095
.5095
.5095
.5095
.5094
.5094
.5094
.5094
.5094
.5094
.5094
.5094
.5094
.5093
.5093
.5093
.5093
.5093
.5093
.5093
.5093
.5093
.5092
.5092
.5092
.5092
.5092
.5092
.5092
.5092
.5092
.5091
.5091
.5091
.5091
.5091
.5091
.5091
.5091
.509
.509
.509
.509
.509
.509
.509
.509
.5089
.5089
.5089
.5089
.5089
.5089
.5089
.5089
.5088
.5088
.5088
.5088
.5088
.5088
.5088
.5087
.5087
.5087
.5087
.5087
.5087
.5087
.5087
.5086
.5086
.5086
.5086
.5086
.5086
.5085
.5085
.5085
.5085
.5085
.5085
.5085
.5084
.5084
.5084
.5084
.5084
.5084
.5084
.5083
.5083
.5083
.5083
.5083
.5083
.5082
.5082
.5082
.5082
.5082
.5082
.5081
.5081
.5081
.5081
.5081
.5081
.508
.508
.508
.508
.508
.508
.5079
.5079
.5079
.5079
.5079
.5079
.5078
.5078
.5078
.5078
.5078
.5078
.5077
.5077
.5077
.5077
.5077
.5076
.5076
.5076
.5076
.5076
.5075
.5075
.5075
.5075
.5075
.5074
.5074
.5074
.5074
.5074
.5073
.5073
.5073
.5073
.5073
.5072
.5072
.5072
.5072
.5072
.5071
.5071
.5071
.5071
.5071
.507
.507
.507
.507
.5069
.5069
.5069
.5069
.5068
.5068
.5068
.5068
.5068
.5067
.5067
.5067
.5067
.5066
.5066
.5066
.5066
.5065
.5065
.5065
.5065
.5064
.5064
.5064
.5064
.5063
.5063
.5063
.5063
.5062
.5062
.5062
.5061
.5061
.5061
.5061
.506
.506
.506
.506
.5059
.5059
.5059
.5058
.5058
.5058
.5058
.5057
.5057
.5057
.5056
.5056
.5056
.5055
.5055
.5055
.5054
.5054
.5054
.5054
.5053
.5053
.5053
.5052
.5052
.5052
.5051
.5051
.5051
.505
.505
.505
.5049
.5049
.5049
.5048
.5048
.5047
.5047
.5047
.5046
.5046
.5046
.5045
.5045
.5045
.5044
.5044
.5043
.5043
.5043
.5042
.5042
.5041
.5041
.5041
.504
.504
.5039
.5039
.5039
.5038
.5038
.5037
.5037
.5036
.5036
.5036
.5035
.5035
.5034
.5034
.5033
.5033
.5032
.5032
.5032
.5031
.5031
.503
.503
.5029
.5029
.5028
.5028
.5027
.5027
.5026
.5026
.5025
.5025
.5024
.5024
.5023
.5023
.5022
.5022
.5021
.5021
.502
.502
.5019
.5018
.5018
.5017
.5017
.5016
.5016
.5015
.5015
.5014
.5013
.5013
.5012
.5012
.5011
.501
.501
.5009
.5009
.5008
.5007
.5007
.5006
.5005
.5005
.5004
.5004
.5003
.5002
.5002
.5001
.5
.5
.4999
.4998
.4997
.4997
.4996
.4995
.4995
.4994
.4993
.4993
.4992
.4991
.499
.499
.4989
.4988
.4987
.4987
.4986
.4985
.4984
.4983
.4983
.4982
.4981
.498
.4979
.4979
.4978
.4977
.4976
.4975
.4975
.4974
.4973
.4972
.4971
.497
.4969
.4968
.4968
.4967
.4966
.4965
.4964
.4963
.4962
.4961
.496
.4959
.4958
.4957
.4956
.4955
.4955
.4954
.4953
.4952
.4951
.495
.4949
.4948
.4946
.4945
.4944
.4943
.4942
.4941
.494
.4939
.4938
.4937
.4936
.4935
.4934
.4933
.4931
.493
.4929
.4928
.4927
.4926
.4925
.4923
.4922
.4921
.492
.4919
.4917
.4916
.4915
.4914
.4912
.4911
.491
.4909
.4907
.4906
.4905
.4904
.4902
.4901
.49
.4898
.4897
.4896
.4894
.4893
.4892
.489
.4889
.4887
.4886
.4885
.4883
.4882
.488
.4879
.4877
.4876
.4874
.4873
.4871
.487
.4868
.4867
.4865
.4864
.4862
.4861
.4859
.4858
.4856
.4854
.4853
.4851
.485
.4848
.4846
.4845
.4843
.4841
.484
.4838
.4836
.4835
.4833
.4831
.483
.4828
.4826
.4824
.4823
.4821
.4819
.4817
.4815
.4814
.4812
.481
.4808
.4806
.4804
.4803
.4801
.4799
.4797
.4795
.4793
.4791
.4789
.4787
.4785
.4783
.4781
.4779
.4777
.4775
.4773
.4771
.4769
.4767
.4765
.4763
.4761
.4759
.4757
.4755
.4753
.4751
.4748
.4746
.4744
.4742
.474
.4738
.4735
.4733
.4731
.4729
.4727
.4724
.4722
.472
.4717
.4715
.4713
.4711
.4708
.4706
.4704
.4701
.4699
.4697
.4694
.4692
.4689
.4687
.4685
.4682
.468
.4677
.4675
.4672
.467
.4667
.4665
.4662
.466
.4657
.4655
.4652
.465
.4647
.4645
.4642
.4639
.4637
.4634
.4632
.4629
.4626
.4624
.4621
.4618
.4616
.4613
.461
.4608
.4605
.4602
.4599
.4597
.4594
.4591
.4588
.4586
.4583
.458
.4577
.4574
.4571
.4569
.4566
.4563
.456
.4557
.4554
.4551
.4548
.4546
.4543
.454
.4537
.4534
.4531
.4528
.4525
.4522
.4519
.4516
.4513
.451
.4507
.4504
.4501
.4498
.4495
.4492
.4489
.4485
.4482
.4479
.4476
.4473
.447
.4467
.4464
.446
.4457
.4454
.4451
.4448
.4445
.4441
.4438
.4435
.4432
.4428
.4425
.4422
.4419
.4415
.4412
.4409
.4406
.4402
.4399
.4396
.4392
.4389
.4386
.4382
.4379
.4376
.4372
.4369
.4366
.4362
.4359
.4355
.4352
.4349
.4345
.4342
.4338
.4335
.4332
.4328
.4325
.4321
.4318
.4314
.4311
.4307
.4304
.43
.4297
.4293
.429
.4286
.4283
.4279
.4276
.4272
.4269
.4265
.4262
.4258
.4254
.4251
.4247
.4244
.424
.4237
.4233
.4229
.4226
.4222
.4218
.4215
.4211
.4208
.4204
.42
.4197
.4193
.4189
.4186
.4182
.4178
.4175
.4171
.4167
.4164
.416
.4156
.4153
.4149
.4145
.4141
.4138
.4134
.413
.4127
.4123
.4119
.4115
.4112
.4108
.4104
.41
.4097
.4093
.4089
.4085
.4082
.4078
.4074
.407
.4066
.4063
.4059
.4055
.4051
.4048
.4044
.404
.4036
.4032
.4028
.4025
.4021
.4017
.4013
.4009
.4006
.4002
.3998
.3994
.399
.3986
.3983
.3979
.3975
.3971
.3967
.3963
.3959
.3956
.3952
.3948
.3944
.394
.3936
.3932
.3929
.3925
.3921
.3917
.3913
.3909
.3905
.3902
.3898
.3894
.389
.3886
.3882
.3878
.3874
.387
.3867
.3863
.3859
.3855
.3851
.3847
.3843
.3839
.3836
.3832
.3828
.3824
.382
.3816
.3812
.3808
.3804
.38
.3797
.3793
.3789
.3785
.3781
.3777
.3773
.3769
.3765
.3762
.3758
.3754
.375
.3746
.3742
.3738
.3734
.373
.3727
.3723
.3719
.3715
.3711
.3707
.3703
.3699
.3695
.3692
.3688
.3684
.368
.3676
.3672
.3668
.3664
.366
.3657
.3653
.3649
.3645
.3641
.3637
.3633
.3629
.3626
.3622
.3618
.3614
.361
.3606
.3602
.3599
.3595
.3591
.3587
.3583
.3579
.3575
.3572
.3568
.3564
.356
.3556
.3552
.3548
.3545
.3541
.3537
.3533
.3529
.3525
.3522
.3518
.3514
.351
.3506
.3503
.3499
.3495
.3491
.3487
.3484
.348
.3476
.3472
.3468
.3465
.3461
.3457
.3453
.3449
.3446
.3442
.3438
.3434
.3431
.3427
.3423
.3419
.3415
.3412
.3408
.3404
.34
.3397
.3393
.3389
.3386
.3382
.3378
.3374
.3371
.3367
.3363
.3359
.3356
.3352
.3348
.3345
.3341
.3337
.3333
.333
.3326
.3322
.3319
.3315
.3311
.3308
.3304
.33
.3297
.3293
.3289
.3286
.3282
.3278
.3275
.3271
.3268
.3264
.326
.3257
.3253
.3249
.3246
.3242
.3239
.3235
.3231
.3228
.3224
.3221
.3217
.3213
.321
.3206
.3203
.3199
.3196
.3192
.3188
.3185
.3181
.3178
.3174
.3171
.3167
.3164
.316
.3157
.3153
.315
.3146
.3143
.3139
.3136
.3132
.3129
.3125
.3122
.3118
.3115
.3111
.3108
.3104
.3101
.3097
.3094
.309
.3087
.3083
.308
.3077
.3073
.307
.3066
.3063
.3059
.3056
.3053
.3049
.3046
.3042
.3039
.3036
.3032
.3029
.3026
.3022
.3019
.3015
.3012
.3009
.3005
.3002
.2999
.2995
.2992
.2989
.2985
.2982
.2979
.2976
.2972
.2969
.2966
.2962
.2959
.2956
.2952
.2949
.2946
.2943
.2939
.2936
.2933
.293
.2926
.2923
.292
.2917
.2913
.291
.2907
.2904
.2901
.2897
.2894
.2891
.2888
.2885
.2881
.2878
.2875
.2872
.2869
.2866
.2862
.2859
.2856
.2853
.285
.2847
.2843
.284
.2837
.2834
.2831
.2828
.2825
.2822
.2819
.2815
.2812
.2809
.2806
.2803
.28
.2797
.2794
.2791
.2788
.2785
.2782
.2779
.2776
.2773
.277
.2767
.2763
.276
.2757
.2754
.2751
.2748
.2745
.2742
.2739
.2736
.2733
.2731
.2728
.2725
.2722
.2719
.2716
.2713
.271
.2707
.2704
.2701
.2698
.2695
.2692
.2689
.2686
.2683
.2681
.2678
.2675
.2672
.2669
.2666
.2663
.266
.2657
.2655
.2652
.2649
.2646
.2643
.264
.2637
.2635
.2632
.2629
.2626
.2623
.262
.2618
.2615
.2612
.2609
.2606
.2604
.2601
.2598
.2595
.2593
.259
.2587
.2584
.2581
.2579
.2576
.2573
.257
.2568
.2565
.2562
.256
.2557
.2554
.2551
.2549
.2546
.2543
.2541
.2538
.2535
.2532
.253
.2527
.2524
.2522
.2519
.2516
.2514
.2511
.2508
.2506
.2503
.25
.2498
.2495
.2493
.249
.2487
.2485
.2482
.2479
.2477
.2474
.2472
.2469
.2466
.2464
.2461
.2459
.2456
.2454
.2451
.2448
.2446
.2443
.2441
.2438
.2436
.2433
.2431
.2428
.2425
.2423
.242
.2418
.2415
.2413
.241
.2408
.2405
.2403
.24
.2398
.2395
.2393
.239
.2388
.2385
.2383
.2381
.2378
.2376
.2373
.2371
.2368
.2366
.2363
.2361
.2359
.2356
.2354
.2351
.2349
.2346
.2344
.2342
.2339
.2337
.2334
.2332
.233
.2327
.2325
.2322
.232
.2318
.2315
.2313
.2311
.2308
.2306
.2304
.2301
.2299
.2297
.2294
.2292
.229
.2287
.2285
.2283
.228
.2278
.2276
.2273
.2271
.2269
.2266
.2264
.2262
.226
.2257
.2255
.2253
.225
.2248
.2246
.2244
.2241
.2239
.2237
.2235
.2232
.223
.2228
.2226
.2223
.2221
.2219
.2217
.2214
.2212
.221
.2208
.2206
.2203
.2201
.2199
.2197
.2195
.2192
.219
.2188
.2186
.2184
.2182
.2179
.2177
.2175
.2173
.2171
.2169
.2166
.2164
.2162
.216
.2158
.2156
.2154
.2151
.2149
.2147
.2145
.2143
.2141
.2139
.2137
.2135
.2132
.213
.2128
.2126
.2124
.2122
.212
.2118
.2116
.2114
.2112
.211
.2107
.2105
.2103
.2101
.2099
.2097
.2095
.2093
.2091
.2089
.2087
.2085
.2083
.2081
.2079
.2077
.2075
.2073
.2071
.2069
.2067
.2065
.2063
.2061
.2059
.2057
.2055
.2053
.2051
.2049
.2047
.2045
.2043
.2041
.2039
.2037
.2035
.2033
.2031
.2029
.2027
.2025
.2023
.2021
.202
.2018
.2016
.2014
.2012
.201
.2008
.2006
.2004
.2002
.2
.1998
.1997
.1995
.1993
.1991
.1989
.1987
.1985
.1983
.1981
.198
.1978
.1976
.1974
.1972
.197
.1968
.1966
.1965
.1963
.1961
.1959
.1957
.1955
.1953
.1952
.195
.1948
.1946
.1944
.1942
.1941
.1939
.1937
.1935
.1933
.1932
.193
.1928
.1926
.1924
.1923
.1921
.1919
.1917
.1915
.1914
.1912
.191
.1908
.1907
.1905
.1903
.1901
.1899
.1898
.1896
.1894
.1892
.1891
.1889
.1887
.1885
.1884
.1882
.188
.1878
.1877
.1875
.1873
.1872
.187
.1868
.1866
.1865
.1863
.1861
.186
.1858
.1856
.1854
.1853
.1851
.1849
.1848
.1846
.1844
.1843
.1841
.1839
.1838
.1836
.1834
.1832
.1831
.1829
.1828
.1826
.1824
.1823
.1821
.1819
.1818
.1816
.1814
.1813
.1811
.1809
.1808
.1806
.1804
.1803
.1801
.18
.1798
.1796
.1795
.1793
.1791
.179
.1788
.1787
.1785
.1783
.1782
.178
.1779
.1777
.1775
.1774
.1772
.1771
.1769
.1768
.1766
.1764
.1763
.1761
.176
.1758
.1757
.1755
.1753
.1752
.175
.1749
.1747
.1746
.1744
.1743
.1741
.1739
.1738
.1736
.1735
.1733
.1732
.173
.1729
.1727
.1726
.1724
.1723
.1721
.172
.1718
.1717
.1715
.1714
.1712
.1711
.1709
.1708
.1706
.1705
.1703
.1702
.17
.1699
.1697
.1696
.1694
.1693
.1691
.169
.1688
.1687
.1685
.1684
.1682
.1681
.168
.1678
.1677
.1675
.1674
.1672
.1671
.1669
.1668
.1666
.1665
.1664
.1662
.1661
.1659
.1658
.1656
.1655
.1654
.1652
.1651
.1649
.1648
.1647
.1645
.1644
.1642
.1641
.1639
.1638
.1637
.1635
.1634
.1632
.1631
.163
.1628
.1627
.1626
.1624
.1623
.1621
.162
.1619
.1617
.1616
.1614
.1613
.1612
.161
.1609
.1608
.1606
.1605
.1604
.1602
.1601
.16
.1598
.1597
.1595
.1594
.1593
.1591
.159
.1589
.1587
.1586
.1585
.1583
.1582
.1581
.1579
.1578
.1577
.1576
.1574
.1573
.1572
.157
.1569
.1568
.1566
.1565
.1564
.1562
.1561
.156
.1559
.1557
.1556
.1555
.1553
.1552
.1551
.1549
.1548
.1547
.1546
.1544
.1543
.1542
.1541
.1539
.1538
.1537
.1535
.1534
.1533
.1532
.153
.1529
.1528
.1527
.1525
.1524
.1523
.1522
.152
.1519
.1518
.1517
.1515
.1514
.1513
.1512
.151
.1509
.1508
.1507
.1506
.1504
.1503
.1502
.1501
.1499
.1498
.1497
.1496
.1495
.1493
.1492
.1491
.149
.1489
.1487
.1486
.1485
.1484
.1483
.1481
.148
.1479
.1478
.1477
.1475
.1474
.1473
.1472
.1471
.1469
.1468
.1467
.1466
.1465
.1464
.1462
.1461
.146
.1459
.1458
.1457
.1455
.1454
.1453
.1452
.1451
.145
.1448
.1447
.1446
.1445
.1444
.1443
.1442
.144
.1439
.1438
.1437
.1436
.1435
.1434
.1432
.1431
.143
.1429
.1428
.1427
.1426
.1425
.1423
.1422
.1421
.142
.1419
.1418
.1417
.1416
.1415
.1413
.1412
.1411
.141
.1409
.1408
.1407
.1406
.1405
.1403
.1402
.1401
.14
.1399
.1398
.1397
.1396
.1395
.1394
.1393
.1391
.139
.1389
.1388
.1387
.1386
.1385
.1384
.1383
.1382
.1381
.138
.1379
.1378
.1376
.1375
.1374
.1373
.1372
.1371
.137
.1369
.1368
.1367
.1366
.1365
.1364
.1363
.1362
.1361
.136
.1359
.1358
.1357
.1356
.1354
.1353
.1352
.1351
.135
.1349
.1348
.1347
.1346
.1345
.1344
.1343
.1342
.1341
.134
.1339
.1338
.1337
.1336
.1335
.1334
.1333
.1332
.1331
.133
.1329
.1328
.1327
.1326
.1325
.1324
.1323
.1322
.1321
.132
.1319
.1318
.1317
.1316
.1315
.1314
.1313
.1312
.1311
.131
.1309
.1308
.1307
.1306
.1305
.1304
.1303
.1302
.1301
.13
.1299
.1298
.1297
.1297
.1296
.1295
.1294
.1293
.1292
.1291
.129
.1289
.1288
.1287
.1286
.1285
.1284
.1283
.1282
.1281
.128
.1279
.1278
.1277
.1277
.1276
.1275
.1274
.1273
.1272
.1271
.127
.1269
.1268
.1267
.1266
.1265
.1264
.1263
.1263
.1262
.1261
.126
.1259
.1258
.1257
.1256
.1255
.1254
.1253
.1252
.1252
.1251
.125
.1249
.1248
.1247
.1246
.1245
.1244
.1243
.1242
.1242
.1241
.124
.1239
.1238
.1237
.1236
.1235
.1234
.1234
.1233
.1232
.1231
.123
.1229
.1228
.1227
.1226
.1226
.1225
.1224
.1223
.1222
.1221
.122
.1219
.1219
.1218
.1217
.1216
.1215
.1214
.1213
.1212
.1212
.1211
.121
.1209
.1208
.1207
.1206
.1206
.1205
.1204
.1203
.1202
.1201
.12
.12
.1199
.1198
.1197
.1196
.1195
.1195
.1194
.1193
.1192
.1191
.119
.119
.1189
.1188
.1187
.1186
.1185
.1184
.1184
.1183
.1182
.1181
.118
.118
.1179
.1178
.1177
.1176
.1175
.1175
.1174
.1173
.1172
.1171
.117
.117
.1169
.1168
.1167
.1166
.1166
.1165
.1164
.1163
.1162
.1162
.1161
.116
.1159
.1158
.1158
.1157
.1156
.1155
.1154
.1154
.1153
.1152
.1151
.115
.115
.1149
.1148
.1147
.1146
.1146
.1145
.1144
.1143
.1142
.1142
.1141
.114
.1139
.1139
.1138
.1137
.1136
.1135
.1135
.1134
.1133
.1132
.1132
.1131
.113
.1129
.1129
.1128
.1127
.1126
.1125
.1125
.1124
.1123
.1122
.1122
.1121
.112
.1119
.1119
.1118
.1117
.1116
.1116
.1115
.1114
.1113
.1113
.1112
.1111
.111
.111
.1109
.1108
.1107
.1107
.1106
.1105
.1104
.1104
.1103
.1102
.1101
.1101
.11
.1099
.1098
.1098
.1097
.1096
.1096
.1095
.1094
.1093
.1093
.1092
.1091
.109
.109
.1089
.1088
.1088
.1087
.1086
.1085
.1085
.1084
.1083
.1082
.1082
.1081
.108
.108
.1079
.1078
.1077
.1077
.1076
.1075
.1075
.1074
.1073
.1072
.1072
.1071
.107
.107
.1069
.1068
.1068
.1067
.1066
.1065
.1065
.1064
.1063
.1063
.1062
.1061
.1061
.106
.1059
.1059
.1058
.1057
.1056
.1056
.1055
.1054
.1054
.1053
.1052
.1052
.1051
.105
.105
.1049
.1048
.1048
.1047
.1046
.1045
.1045
.1044
.1043
.1043
.1042
.1041
.1041
.104
.1039
.1039
.1038
.1037
.1037
.1036
.1035
.1035
.1034
.1033
.1033
.1032
.1031
.1031
.103
.1029
.1029
.1028
.1027
.1027
.1026
.1025
.1025
.1024
.1024
.1023
.1022
.1022
.1021
.102
.102
.1019
.1018
.1018
.1017
.1016
.1016
.1015
.1014
.1014
.1013
.1012
.1012
.1011
.1011
.101
.1009
.1009
.1008
.1007
.1007
.1006
.1005
.1005
.1004
.1004
.1003
.1002
.1002
.1001
.1
.1
.0999
.0999
.0998
.0997
.0997
.0996
.0995
.0995
.0994
.0994
.0993
.0992
.0992
.0991
.099
.099
.0989
.0989
.0988
.0987
.0987
.0986
.0985
.0985
.0984
.0984
.0983
.0982
.0982
.0981
.0981
.098
.0979
.0979
.0978
.0978
.0977
.0976
.0976
.0975
.0975
.0974
.0973
.0973
.0972
.0971
.0971
.097
.097
.0969
.0969
.0968
.0967
.0967
.0966
.0966
.0965
.0964
.0964
.0963
.0963
.0962
.0961
.0961
.096
.096
.0959
.0958
.0958
.0957
.0957
.0956
.0956
.0955
.0954
.0954
.0953
.0953
.0952
.0951
.0951
.095
.095
.0949
.0949
.0948
.0947
.0947
.0946
.0946
.0945
.0945
.0944
.0943
.0943
.0942
.0942
.0941
.0941
.094
.0939
.0939
.0938
.0938
.0937
.0937
.0936
.0935
.0935
.0934
.0934
.0933
.0933
.0932
.0931
.0931
.093
.093
.0929
.0929
.0928
.0928
.0927
.0926
.0926
.0925
.0925
.0924
.0924
.0923
.0923
.0922
.0921
.0921
.092
.092
.0919
.0919
.0918
.0918
.0917
.0917
.0916
.0915
.0915
.0914
.0914
.0913
.0913
.0912
.0912
.0911
.0911
.091
.091
.0909
.0908
.0908
.0907
.0907
.0906
.0906
.0905
.0905
.0904
.0904
.0903
.0903
.0902
.0902
.0901
.09
.09
.0899
.0899
.0898
.0898
.0897
.0897
.0896
.0896
.0895
.0895
.0894
.0894
.0893
.0893
.0892
.0892
.0891
.089
.089
.0889
.0889
.0888
.0888
.0887
.0887
.0886
.0886
.0885
.0885
.0884
.0884
.0883
.0883
.0882
.0882
.0881
.0881
.088
.088
.0879
.0879
.0878
.0878
.0877
.0877
.0876
.0876
.0875
.0875
.0874
.0874
.0873
.0873
.0872
.0872
.0871
.0871
.087
.087
.0869
.0869
.0868
.0868
.0867
.0867
.0866
.0866
.0865
.0865
.0864
.0864
.0863
.0863
.0862
.0862
.0861
.0861
.086
.086
.0859
.0859
.0858
.0858
.0857
.0857
.0856
.0856
.0855
.0855
.0854
.0854
.0853
.0853
.0852
.0852
.0851
.0851
.085
.085
.0849
.0849
.0849
.0848
.0848
.0847
.0847
.0846
.0846
.0845
.0845
.0844
.0844
.0843
.0843
.0842
.0842
.0841
.0841
.084
.084
.0839
.0839
.0839
.0838
.0838
.0837
.0837
.0836
.0836
.0835
.0835
.0834
.0834
.0833
.0833
.0832
.0832
.0832
.0831
.0831
.083
.083
.0829
.0829
.0828
.0828
.0827
.0827
.0826
.0826
.0826
.0825
.0825
.0824
.0824
.0823
.0823
.0822
.0822
.0821
.0821
.0821
.082
.082
.0819
.0819
.0818
.0818
.0817
.0817
.0816
.0816
.0816
.0815
.0815
.0814
.0814
.0813
.0813
.0812
.0812
.0812
.0811
.0811
.081
.081
.0809
.0809
.0808
.0808
.0808
.0807
.0807
.0806
.0806
.0805
.0805
.0804
.0804
.0804
.0803
.0803
.0802
.0802
.0801
.0801
.08
.08
.08
.0799
.0799
.0798
.0798
.0797
.0797
.0797
.0796
.0796
.0795
.0795
.0794
.0794
.0794
.0793
.0793
.0792
.0792
.0791
.0791
.0791
.079
.079
.0789
.0789
.0788
.0788
.0788
.0787
.0787
.0786
.0786
.0785
.0785
.0785
.0784
.0784
.0783
.0783
.0783
.0782
.0782
.0781
.0781
.078
.078
.078
.0779
.0779
.0778
.0778
.0777
.0777
.0777
.0776
.0776
.0775
.0775
.0775
.0774
.0774
.0773
.0773
.0773
.0772
.0772
.0771
.0771
.077
.077
.077
.0769
.0769
.0768
.0768
.0768
.0767
.0767
.0766
.0766
.0766
.0765
.0765
.0764
.0764
.0764
.0763
.0763
.0762
.0762
.0762
.0761
.0761
.076
.076
.076
.0759
.0759
.0758
.0758
.0758
.0757
.0757
.0756
.0756
.0756
.0755
.0755
.0754
.0754
.0754
.0753
.0753
.0752
.0752
.0752
.0751
.0751
.075
.075
.075
.0749
.0749
.0748
.0748
.0748
.0747
.0747
.0747
.0746
.0746
.0745
.0745
.0745
.0744
.0744
.0743
.0743
.0743
.0742
.0742
.0741
.0741
.0741
.074
.074
.074
.0739
.0739
.0738
.0738
.0738
.0737
.0737
.0737
.0736
.0736
.0735
.0735
.0735
.0734
.0734
.0733
.0733
.0733
.0732
.0732
.0732
.0731
.0731
.073
.073
.073
.0729
.0729
.0729
.0728
.0728
.0727
.0727
.0727
.0726
.0726
.0726
.0725
.0725
.0725
.0724
.0724
.0723
.0723
.0723
.0722
.0722
.0722
.0721
.0721
.072
.072
.072
.0719
.0719
.0719
.0718
.0718
.0718
.0717
.0717
.0716
.0716
.0716
.0715
.0715
.0715
.0714
.0714
.0714
.0713
.0713
.0712
.0712
.0712
.0711
.0711
.0711
.071
.071
.071
.0709
.0709
.0708
.0708
.0708
.0707
.0707
.0707
.0706
.0706
.0706
.0705
.0705
.0705
.0704
.0704
.0704
.0703
.0703
.0702
.0702
.0702
.0701
.0701
.0701
.07
.07
.07
.0699
.0699
.0699
.0698
.0698
.0698
.0697
.0697
.0697
.0696
.0696
.0695
.0695
.0695
.0694
.0694
.0694
.0693
.0693
.0693
.0692
.0692
.0692
.0691
.0691
.0691
.069
.069
.069
.0689
.0689
.0689
.0688
.0688
.0688
.0687
.0687
.0687
.0686
.0686
.0686
.0685
.0685
.0685
.0684
.0684
.0684
.0683
.0683
.0682
.0682
.0682
.0681
.0681
.0681
.068
.068
.068
.0679
.0679
.0679
.0678
.0678
.0678
.0677
.0677
.0677
.0676
.0676
.0676
.0675
.0675
.0675
.0674
.0674
.0674
.0674
.0673
.0673
.0673
.0672
.0672
.0672
.0671
.0671
.0671
.067
.067
.067
.0669
.0669
.0669
.0668
.0668
.0668
.0667
.0667
.0667
.0666
.0666
.0666
.0665
.0665
.0665
.0664
.0664
.0664
.0663
.0663
.0663
.0662
.0662
.0662
.0662
.0661
.0661
.0661
.066
.066
.066
.0659
.0659
.0659
.0658
.0658
.0658
.0657
.0657
.0657
.0656
.0656
.0656
.0655
.0655
.0655
.0655
.0654
.0654
.0654
.0653
.0653
.0653
.0652
.0652
.0652
.0651
.0651
.0651
.065
.065
.065
.065
.0649
.0649
.0649
.0648
.0648
.0648
.0647
.0647
.0647
.0646
.0646
.0646
.0646
.0645
.0645
.0645
.0644
.0644
.0644
.0643
.0643
.0643
.0642
.0642
.0642
.0642
.0641
.0641
.0641
.064
.064
.064
.0639
.0639
.0639
.0638
.0638
.0638
.0638
.0637
.0637
.0637
.0636
.0636
.0636
.0635
.0635
.0635
.0635
.0634
.0634
.0634
.0633
.0633
.0633
.0632
.0632
.0632
.0632
.0631
.0631
.0631
.063
.063
.063
.063
.0629
.0629
.0629
.0628
.0628
.0628
.0627
.0627
.0627
.0627
.0626
.0626
.0626
.0625
.0625
.0625
.0625
.0624
.0624
.0624
.0623
.0623
.0623
.0622
.0622
.0622
.0622
.0621
.0621
.0621
.062
.062
.062
.062
.0619
.0619
.0619
.0618
.0618
.0618
.0618
.0617
.0617
.0617
.0616
.0616
.0616
.0616
.0615
.0615
.0615
.0614
.0614
.0614
.0614
.0613
.0613
.0613
.0612
.0612
.0612
.0612
.0611
.0611
.0611
.061
.061
.061
.061
.0609
.0609
.0609
.0609
.0608
.0608
.0608
.0607
.0607
.0607
.0607
.0606
.0606
.0606
.0605
.0605
.0605
.0605
.0604
.0604
.0604
.0603
.0603
.0603
.0603
.0602
.0602
.0602
.0602
.0601
.0601
.0601
.06
.06
.06
.06
.0599
.0599
.0599
.0599
.0598
.0598
.0598
.0597
.0597
.0597
.0597
.0596
.0596
.0596
.0596
.0595
.0595
.0595
.0594
.0594
.0594
.0594
.0593
.0593
.0593
.0593
.0592
.0592
.0592
.0592
.0591
.0591
.0591
.059
.059
.059
.059
.0589
.0589
.0589
.0589
.0588
.0588
.0588
.0588
.0587
.0587
.0587
.0586
.0586
.0586
.0586
.0585
.0585
.0585
.0585
.0584
.0584
.0584
.0584
.0583
.0583
.0583
.0582
.0582
.0582
.0582
.0581
.0581
.0581
.0581
.058
.058
.058
.058
.0579
.0579
.0579
.0579
.0578
.0578
.0578
.0578
.0577
.0577
.0577
.0577
.0576
.0576
.0576
.0575
.0575
.0575
.0575
.0574
.0574
.0574
.0574
.0573
.0573
.0573
.0573
.0572
.0572
.0572
.0572
.0571
.0571
.0571
.0571
.057
.057
.057
.057
.0569
.0569
.0569
.0569
.0568
.0568
.0568
.0568
.0567
.0567
.0567
.0567
.0566
.0566
.0566
.0566
.0565
.0565
.0565
.0565
.0564
.0564
.0564
.0564
.0563
.0563
.0563
.0563
.0562
.0562
.0562
.0562
.0561
.0561
.0561
.0561
.056
.056
.056
.056
.0559
.0559
.0559
.0559
.0558
.0558
.0558
.0558
.0557
.0557
.0557
.0557
.0556
.0556
.0556
.0556
.0555
.0555
.0555
.0555
.0555
.0554
.0554
.0554
.0554
.0553
.0553
.0553
.0553
.0552
.0552
.0552
.0552
.0551
.0551
.0551
.0551
.055
.055
.055
.055
.0549
.0549
.0549
.0549
.0548
.0548
.0548
.0548
.0548
.0547
.0547
.0547
.0547
.0546
.0546
.0546
.0546
.0545
.0545
.0545
.0545
.0544
.0544
.0544
.0544
.0544
.0543
.0543
.0543
.0543
.0542
.0542
.0542
.0542
.0541
.0541
.0541
.0541
.054
.054
.054
.054
.054
.0539
.0539
.0539
.0539
.0538
.0538
.0538
.0538
.0537
.0537
.0537
.0537
.0537
.0536
.0536
.0536
.0536
.0535
.0535
.0535
.0535
.0534
.0534
.0534
.0534
.0534
.0533
.0533
.0533
.0533
.0532
.0532
.0532
.0532
.0531
.0531
.0531
.0531
.0531
.053
.053
.053
.053
.0529
.0529
.0529
.0529
.0529
.0528
.0528
.0528
.0528
.0527
.0527
.0527
.0527
.0526
.0526
.0526
.0526
.0526
.0525
.0525
.0525
.0525
.0524
.0524
.0524
.0524
.0524
.0523
.0523
.0523
.0523
.0522
.0522
.0522
.0522
.0522
.0521
.0521
.0521
.0521
.052
.052
.052
.052
.052
.0519
.0519
.0519
.0519
.0518
.0518
.0518
.0518
.0518
.0517
.0517
.0517
.0517
.0517
.0516
.0516
.0516
.0516
.0515
.0515
.0515
.0515
.0515
.0514
.0514
.0514
.0514
.0513
.0513
.0513
.0513
.0513
.0512
.0512
.0512
.0512
.0512
.0511
.0511
.0511
.0511
.051
.051
.051
.051
.051
.0509
.0509
.0509
.0509
.0509
.0508
.0508
.0508
.0508
.0507
.0507
.0507
.0507
.0507
.0506
.0506
.0506
.0506
.0506
.0505
.0505
.0505
.0505
.0505
.0504
.0504
.0504
.0504
.0503
.0503
.0503
.0503
.0503
.0502
.0502
.0502
.0502
.0502
.0501
.0501
.0501
.0501
.0501
.05
.05
.05
