.6147
.612
.6092
.6065
.6038
.6011
.5984
.5957
.593
.5903
.5877
.5851
.5825
.5799
.5774
.5749
.5725
.57
.5677
.5653
.5631
.5608
.5587
.5565
.5545
.5525
.5505
.5486
.5468
.5451
.5434
.5418
.5402
.5387
.5373
.5359
.5346
.5334
.5322
.5311
.5301
.5291
.5281
.5272
.5264
.5256
.5249
.5242
.5235
.5229
.5223
.5218
.5213
.5208
.5204
.52
.5196
.5193
.519
.5186
.5184
.5181
.5179
.5176
.5174
.5172
.517
.5169
.5167
.5166
.5164
.5163
.5162
.5161
.516
.5159
.5158
.5157
.5156
.5155
.5155
.5154
.5153
.5153
.5152
.5152
.5151
.5151
.515
.515
.5149
.5149
.5148
.5148
.5147
.5147
.5147
.5146
.5146
.5146
.5145
.5145
.5145
.5144
.5144
.5144
.5143
.5143
.5143
.5142
.5142
.5142
.5141
.5141
.5141
.5141
.514
.514
.514
.5139
.5139
.5139
.5138
.5138
.5138
.5138
.5137
.5137
.5137
.5136
.5136
.5136
.5135
.5135
.5135
.5135
.5134
.5134
.5134
.5133
.5133
.5133
.5132
.5132
.5132
.5131
.5131
.5131
.513
.513
.513
.513
.5129
.5129
.5129
.5128
.5128
.5128
.5127
.5127
.5127
.5126
.5126
.5126
.5125
.5125
.5125
.5124
.5124
.5124
.5123
.5123
.5123
.5122
.5122
.5122
.5121
.5121
.5121
.512
.512
.512
.5119
.5119
.5119
.5118
.5118
.5117
.5117
.5117
.5116
.5116
.5116
.5115
.5115
.5115
.5114
.5114
.5114
.5113
.5113
.5112
.5112
.5112
.5111
.5111
.5111
.511
.511
.5109
.5109
.5109
.5108
.5108
.5107
.5107
.5107
.5106
.5106
.5105
.5105
.5105
.5104
.5104
.5103
.5103
.5103
.5102
.5102
.5101
.5101
.51
.51
.51
.5099
.5099
.5098
.5098
.5097
.5097
.5097
.5096
.5096
.5095
.5095
.5094
.5094
.5093
.5093
.5092
.5092
.5091
.5091
.5091
.509
.509
.5089
.5089
.5088
.5088
.5087
.5087
.5086
.5086
.5085
.5085
.5084
.5084
.5083
.5082
.5082
.5081
.5081
.508
.508
.5079
.5079
.5078
.5078
.5077
.5076
.5076
.5075
.5075
.5074
.5074
.5073
.5072
.5072
.5071
.5071
.507
.5069
.5069
.5068
.5067
.5067
.5066
.5066
.5065
.5064
.5064
.5063
.5062
.5062
.5061
.506
.506
.5059
.5058
.5057
.5057
.5056
.5055
.5055
.5054
.5053
.5052
.5052
.5051
.505
.5049
.5049
.5048
.5047
.5046
.5045
.5045
.5044
.5043
.5042
.5041
.5041
.504
.5039
.5038
.5037
.5036
.5035
.5035
.5034
.5033
.5032
.5031
.503
.5029
.5028
.5027
.5026
.5025
.5024
.5023
.5022
.5021
.502
.5019
.5018
.5017
.5016
.5015
.5014
.5013
.5012
.5011
.501
.5009
.5008
.5007
.5006
.5005
.5003
.5002
.5001
.5
.4999
.4998
.4996
.4995
.4994
.4993
.4992
.499
.4989
.4988
.4986
.4985
.4984
.4983
.4981
.498
.4979
.4977
.4976
.4975
.4973
.4972
.497
.4969
.4967
.4966
.4965
.4963
.4962
.496
.4959
.4957
.4956
.4954
.4952
.4951
.4949
.4948
.4946
.4944
.4943
.4941
.494
.4938
.4936
.4934
.4933
.4931
.4929
.4928
.4926
.4924
.4922
.492
.4919
.4917
.4915
.4913
.4911
.4909
.4907
.4905
.4903
.4901
.4899
.4897
.4895
.4893
.4891
.4889
.4887
.4885
.4883
.4881
.4879
.4877
.4874
.4872
.487
.4868
.4865
.4863
.4861
.4859
.4856
.4854
.4852
.4849
.4847
.4845
.4842
.484
.4837
.4835
.4832
.483
.4827
.4825
.4822
.482
.4817
.4814
.4812
.4809
.4807
.4804
.4801
.4798
.4796
.4793
.479
.4787
.4785
.4782
.4779
.4776
.4773
.477
.4767
.4764
.4761
.4758
.4755
.4752
.4749
.4746
.4743
.474
.4737
.4734
.4731
.4728
.4724
.4721
.4718
.4715
.4711
.4708
.4705
.4701
.4698
.4695
.4691
.4688
.4685
.4681
.4678
.4674
.4671
.4667
.4664
.466
.4656
.4653
.4649
.4646
.4642
.4638
.4635
.4631
.4627
.4623
.462
.4616
.4612
.4608
.4604
.4601
.4597
.4593
.4589
.4585
.4581
.4577
.4573
.4569
.4565
.4561
.4557
.4553
.4549
.4545
.4541
.4536
.4532
.4528
.4524
.452
.4515
.4511
.4507
.4503
.4498
.4494
.449
.4485
.4481
.4477
.4472
.4468
.4463
.4459
.4454
.445
.4445
.4441
.4436
.4432
.4427
.4423
.4418
.4413
.4409
.4404
.44
.4395
.439
.4386
.4381
.4376
.4371
.4367
.4362
.4357
.4352
.4348
.4343
.4338
.4333
.4328
.4323
.4318
.4314
.4309
.4304
.4299
.4294
.4289
.4284
.4279
.4274
.4269
.4264
.4259
.4254
.4249
.4244
.4239
.4234
.4229
.4224
.4218
.4213
.4208
.4203
.4198
.4193
.4188
.4182
.4177
.4172
.4167
.4162
.4156
.4151
.4146
.4141
.4136
.413
.4125
.412
.4115
.4109
.4104
.4099
.4093
.4088
.4083
.4077
.4072
.4067
.4061
.4056
.4051
.4045
.404
.4035
.4029
.4024
.4018
.4013
.4008
.4002
.3997
.3991
.3986
.3981
.3975
.397
.3964
.3959
.3953
.3948
.3943
.3937
.3932
.3926
.3921
.3915
.391
.3904
.3899
.3894
.3888
.3883
.3877
.3872
.3866
.3861
.3855
.385
.3844
.3839
.3833
.3828
.3822
.3817
.3811
.3806
.38
.3795
.3789
.3784
.3778
.3773
.3767
.3762
.3757
.3751
.3746
.374
.3735
.3729
.3724
.3718
.3713
.3707
.3702
.3696
.3691
.3685
.368
.3674
.3669
.3663
.3658
.3653
.3647
.3642
.3636
.3631
.3625
.362
.3614
.3609
.3604
.3598
.3593
.3587
.3582
.3576
.3571
.3566
.356
.3555
.3549
.3544
.3539
.3533
.3528
.3522
.3517
.3512
.3506
.3501
.3496
.349
.3485
.348
.3474
.3469
.3464
.3458
.3453
.3448
.3442
.3437
.3432
.3426
.3421
.3416
.341
.3405
.34
.3395
.3389
.3384
.3379
.3374
.3368
.3363
.3358
.3353
.3347
.3342
.3337
.3332
.3327
.3321
.3316
.3311
.3306
.3301
.3296
.329
.3285
.328
.3275
.327
.3265
.326
.3255
.3249
.3244
.3239
.3234
.3229
.3224
.3219
.3214
.3209
.3204
.3199
.3194
.3189
.3184
.3179
.3174
.3169
.3164
.3159
.3154
.3149
.3144
.3139
.3134
.3129
.3124
.3119
.3114
.3109
.3105
.31
.3095
.309
.3085
.308
.3075
.307
.3066
.3061
.3056
.3051
.3046
.3042
.3037
.3032
.3027
.3022
.3018
.3013
.3008
.3003
.2999
.2994
.2989
.2984
.298
.2975
.297
.2966
.2961
.2956
.2952
.2947
.2942
.2938
.2933
.2928
.2924
.2919
.2915
.291
.2905
.2901
.2896
.2892
.2887
.2883
.2878
.2874
.2869
.2865
.286
.2856
.2851
.2847
.2842
.2838
.2833
.2829
.2824
.282
.2815
.2811
.2807
.2802
.2798
.2793
.2789
.2785
.278
.2776
.2772
.2767
.2763
.2759
.2754
.275
.2746
.2741
.2737
.2733
.2728
.2724
.272
.2716
.2711
.2707
.2703
.2699
.2695
.269
.2686
.2682
.2678
.2674
.2669
.2665
.2661
.2657
.2653
.2649
.2645
.264
.2636
.2632
.2628
.2624
.262
.2616
.2612
.2608
.2604
.26
.2596
.2592
.2588
.2584
.258
.2576
.2572
.2568
.2564
.256
.2556
.2552
.2548
.2544
.254
.2536
.2532
.2528
.2525
.2521
.2517
.2513
.2509
.2505
.2501
.2498
.2494
.249
.2486
.2482
.2478
.2475
.2471
.2467
.2463
.246
.2456
.2452
.2448
.2445
.2441
.2437
.2433
.243
.2426
.2422
.2419
.2415
.2411
.2408
.2404
.24
.2397
.2393
.2389
.2386
.2382
.2378
.2375
.2371
.2368
.2364
.2361
.2357
.2353
.235
.2346
.2343
.2339
.2336
.2332
.2329
.2325
.2322
.2318
.2315
.2311
.2308
.2304
.2301
.2297
.2294
.2291
.2287
.2284
.228
.2277
.2274
.227
.2267
.2263
.226
.2257
.2253
.225
.2247
.2243
.224
.2237
.2233
.223
.2227
.2223
.222
.2217
.2214
.221
.2207
.2204
.22
.2197
.2194
.2191
.2188
.2184
.2181
.2178
.2175
.2172
.2168
.2165
.2162
.2159
.2156
.2152
.2149
.2146
.2143
.214
.2137
.2134
.2131
.2127
.2124
.2121
.2118
.2115
.2112
.2109
.2106
.2103
.21
.2097
.2094
.2091
.2088
.2085
.2082
.2079
.2076
.2073
.207
.2067
.2064
.2061
.2058
.2055
.2052
.2049
.2046
.2043
.204
.2037
.2034
.2031
.2029
.2026
.2023
.202
.2017
.2014
.2011
.2008
.2006
.2003
.2
.1997
.1994
.1991
.1989
.1986
.1983
.198
.1977
.1975
.1972
.1969
.1966
.1963
.1961
.1958
.1955
.1952
.195
.1947
.1944
.1941
.1939
.1936
.1933
.1931
.1928
.1925
.1923
.192
.1917
.1915
.1912
.1909
.1907
.1904
.1901
.1899
.1896
.1893
.1891
.1888
.1885
.1883
.188
.1878
.1875
.1873
.187
.1867
.1865
.1862
.186
.1857
.1855
.1852
.1849
.1847
.1844
.1842
.1839
.1837
.1834
.1832
.1829
.1827
.1824
.1822
.1819
.1817
.1815
.1812
.181
.1807
.1805
.1802
.18
.1797
.1795
.1793
.179
.1788
.1785
.1783
.178
.1778
.1776
.1773
.1771
.1769
.1766
.1764
.1761
.1759
.1757
.1754
.1752
.175
.1747
.1745
.1743
.174
.1738
.1736
.1734
.1731
.1729
.1727
.1724
.1722
.172
.1718
.1715
.1713
.1711
.1708
.1706
.1704
.1702
.17
.1697
.1695
.1693
.1691
.1688
.1686
.1684
.1682
.168
.1677
.1675
.1673
.1671
.1669
.1667
.1664
.1662
.166
.1658
.1656
.1654
.1651
.1649
.1647
.1645
.1643
.1641
.1639
.1637
.1634
.1632
.163
.1628
.1626
.1624
.1622
.162
.1618
.1616
.1614
.1612
.161
.1607
.1605
.1603
.1601
.1599
.1597
.1595
.1593
.1591
.1589
.1587
.1585
.1583
.1581
.1579
.1577
.1575
.1573
.1571
.1569
.1567
.1565
.1563
.1561
.1559
.1557
.1555
.1554
.1552
.155
.1548
.1546
.1544
.1542
.154
.1538
.1536
.1534
.1532
.153
.1529
.1527
.1525
.1523
.1521
.1519
.1517
.1515
.1514
.1512
.151
.1508
.1506
.1504
.1502
.1501
.1499
.1497
.1495
.1493
.1491
.149
.1488
.1486
.1484
.1482
.148
.1479
.1477
.1475
.1473
.1471
.147
.1468
.1466
.1464
.1463
.1461
.1459
.1457
.1456
.1454
.1452
.145
.1449
.1447
.1445
.1443
.1442
.144
.1438
.1436
.1435
.1433
.1431
.143
.1428
.1426
.1424
.1423
.1421
.1419
.1418
.1416
.1414
.1413
.1411
.1409
.1408
.1406
.1404
.1403
.1401
.1399
.1398
.1396
.1394
.1393
.1391
.1389
.1388
.1386
.1385
.1383
.1381
.138
.1378
.1377
.1375
.1373
.1372
.137
.1369
.1367
.1365
.1364
.1362
.1361
.1359
.1357
.1356
.1354
.1353
.1351
.135
.1348
.1346
.1345
.1343
.1342
.134
.1339
.1337
.1336
.1334
.1333
.1331
.133
.1328
.1327
.1325
.1324
.1322
.132
.1319
.1317
.1316
.1314
.1313
.1312
.131
.1309
.1307
.1306
.1304
.1303
.1301
.13
.1298
.1297
.1295
.1294
.1292
.1291
.1289
.1288
.1287
.1285
.1284
.1282
.1281
.1279
.1278
.1277
.1275
.1274
.1272
.1271
.1269
.1268
.1267
.1265
.1264
.1262
.1261
.126
.1258
.1257
.1255
.1254
.1253
.1251
.125
.1249
.1247
.1246
.1244
.1243
.1242
.124
.1239
.1238
.1236
.1235
.1234
.1232
.1231
.123
.1228
.1227
.1225
.1224
.1223
.1221
.122
.1219
.1218
.1216
.1215
.1214
.1212
.1211
.121
.1208
.1207
.1206
.1204
.1203
.1202
.1201
.1199
.1198
.1197
.1195
.1194
.1193
.1192
.119
.1189
.1188
.1186
.1185
.1184
.1183
.1181
.118
.1179
.1178
.1176
.1175
.1174
.1173
.1171
.117
.1169
.1168
.1166
.1165
.1164
.1163
.1162
.116
.1159
.1158
.1157
.1155
.1154
.1153
.1152
.1151
.1149
.1148
.1147
.1146
.1145
.1143
.1142
.1141
.114
.1139
.1138
.1136
.1135
.1134
.1133
.1132
.113
.1129
.1128
.1127
.1126
.1125
.1123
.1122
.1121
.112
.1119
.1118
.1117
.1115
.1114
.1113
.1112
.1111
.111
.1109
.1107
.1106
.1105
.1104
.1103
.1102
.1101
.11
.1098
.1097
.1096
.1095
.1094
.1093
.1092
.1091
.109
.1088
.1087
.1086
.1085
.1084
.1083
.1082
.1081
.108
.1079
.1078
.1076
.1075
.1074
.1073
.1072
.1071
.107
.1069
.1068
.1067
.1066
.1065
.1064
.1063
.1061
.106
.1059
.1058
.1057
.1056
.1055
.1054
.1053
.1052
.1051
.105
.1049
.1048
.1047
.1046
.1045
.1044
.1043
.1042
.1041
.104
.1039
.1038
.1037
.1036
.1035
.1034
.1033
.1032
.1031
.103
.1029
.1028
.1027
.1026
.1025
.1024
.1023
.1022
.1021
.102
.1019
.1018
.1017
.1016
.1015
.1014
.1013
.1012
.1011
.101
.1009
.1008
.1007
.1006
.1005
.1004
.1003
.1002
.1001
.1
.0999
.0998
.0997
.0996
.0995
.0994
.0993
.0993
.0992
.0991
.099
.0989
.0988
.0987
.0986
.0985
.0984
.0983
.0982
.0981
.098
.0979
.0978
.0978
.0977
.0976
.0975
.0974
.0973
.0972
.0971
.097
.0969
.0968
.0968
.0967
.0966
.0965
.0964
.0963
.0962
.0961
.096
.0959
.0959
.0958
.0957
.0956
.0955
.0954
.0953
.0952
.0951
.0951
.095
.0949
.0948
.0947
.0946
.0945
.0944
.0944
.0943
.0942
.0941
.094
.0939
.0938
.0937
.0937
.0936
.0935
.0934
.0933
.0932
.0931
.0931
.093
.0929
.0928
.0927
.0926
.0926
.0925
.0924
.0923
.0922
.0921
.0921
.092
.0919
.0918
.0917
.0916
.0916
.0915
.0914
.0913
.0912
.0911
.0911
.091
.0909
.0908
.0907
.0907
.0906
.0905
.0904
.0903
.0902
.0902
.0901
.09
.0899
.0898
.0898
.0897
.0896
.0895
.0894
.0894
.0893
.0892
.0891
.089
.089
.0889
.0888
.0887
.0887
.0886
.0885
.0884
.0883
.0883
.0882
.0881
.088
.088
.0879
.0878
.0877
.0876
.0876
.0875
.0874
.0873
.0873
.0872
.0871
.087
.087
.0869
.0868
.0867
.0867
.0866
.0865
.0864
.0864
.0863
.0862
.0861
.0861
.086
.0859
.0858
.0858
.0857
.0856
.0855
.0855
.0854
.0853
.0852
.0852
.0851
.085
.0849
.0849
.0848
.0847
.0847
.0846
.0845
.0844
.0844
.0843
.0842
.0841
.0841
.084
.0839
.0839
.0838
.0837
.0836
.0836
.0835
.0834
.0834
.0833
.0832
.0831
.0831
.083
.0829
.0829
.0828
.0827
.0827
.0826
.0825
.0824
.0824
.0823
.0822
.0822
.0821
.082
.082
.0819
.0818
.0818
.0817
.0816
.0816
.0815
.0814
.0813
.0813
.0812
.0811
.0811
.081
.0809
.0809
.0808
.0807
.0807
.0806
.0805
.0805
.0804
.0803
.0803
.0802
.0801
.0801
.08
.0799
.0799
.0798
.0797
.0797
.0796
.0795
.0795
.0794
.0793
.0793
.0792
.0792
.0791
.079
.079
.0789
.0788
.0788
.0787
.0786
.0786
.0785
.0784
.0784
.0783
.0783
.0782
.0781
.0781
.078
.0779
.0779
.0778
.0777
.0777
.0776
.0776
.0775
.0774
.0774
.0773
.0772
.0772
.0771
.0771
.077
.0769
.0769
.0768
.0767
.0767
.0766
.0766
.0765
.0764
.0764
.0763
.0763
.0762
.0761
.0761
.076
.076
.0759
.0758
.0758
.0757
.0756
.0756
.0755
.0755
.0754
.0753
.0753
.0752
.0752
.0751
.0751
.075
.0749
.0749
.0748
.0748
.0747
.0746
.0746
.0745
.0745
.0744
.0743
.0743
.0742
.0742
.0741
.0741
.074
.0739
.0739
.0738
.0738
.0737
.0736
.0736
.0735
.0735
.0734
.0734
.0733
.0732
.0732
.0731
.0731
.073
.073
.0729
.0728
.0728
.0727
.0727
.0726
.0726
.0725
.0725
.0724
.0723
.0723
.0722
.0722
.0721
.0721
.072
.072
.0719
.0718
.0718
.0717
.0717
.0716
.0716
.0715
.0715
.0714
.0713
.0713
.0712
.0712
.0711
.0711
.071
.071
.0709
.0709
.0708
.0707
.0707
.0706
.0706
.0705
.0705
.0704
.0704
.0703
.0703
.0702
.0702
.0701
.0701
.07
.0699
.0699
.0698
.0698
.0697
.0697
.0696
.0696
.0695
.0695
.0694
.0694
.0693
.0693
.0692
.0692
.0691
.0691
.069
.069
.0689
.0688
.0688
.0687
.0687
.0686
.0686
.0685
.0685
.0684
.0684
.0683
.0683
.0682
.0682
.0681
.0681
.068
.068
.0679
.0679
.0678
.0678
.0677
.0677
.0676
.0676
.0675
.0675
.0674
.0674
.0673
.0673
.0672
.0672
.0671
.0671
.067
.067
.0669
.0669
.0668
.0668
.0667
.0667
.0666
.0666
.0665
.0665
.0664
.0664
.0664
.0663
.0663
.0662
.0662
.0661
.0661
.066
.066
.0659
.0659
.0658
.0658
.0657
.0657
.0656
.0656
.0655
.0655
.0654
.0654
.0653
.0653
.0653
.0652
.0652
.0651
.0651
.065
.065
.0649
.0649
.0648
.0648
.0647
.0647
.0646
.0646
.0645
.0645
.0645
.0644
.0644
.0643
.0643
.0642
.0642
.0641
.0641
.064
.064
.064
.0639
.0639
.0638
.0638
.0637
.0637
.0636
.0636
.0635
.0635
.0635
.0634
.0634
.0633
.0633
.0632
.0632
.0631
.0631
.063
.063
.063
.0629
.0629
.0628
.0628
.0627
.0627
.0627
.0626
.0626
.0625
.0625
.0624
.0624
.0623
.0623
.0623
.0622
.0622
.0621
.0621
.062
.062
.062
.0619
.0619
.0618
.0618
.0617
.0617
.0617
.0616
.0616
.0615
.0615
.0614
.0614
.0614
.0613
.0613
.0612
.0612
.0611
.0611
.0611
.061
.061
.0609
.0609
.0608
.0608
.0608
.0607
.0607
.0606
.0606
.0605
.0605
.0605
.0604
.0604
.0603
.0603
.0603
.0602
.0602
.0601
.0601
.0601
.06
.06
.0599
.0599
.0598
.0598
.0598
.0597
.0597
.0596
.0596
.0596
.0595
.0595
.0594
.0594
.0594
.0593
.0593
.0592
.0592
.0592
.0591
.0591
.059
.059
.059
.0589
.0589
.0588
.0588
.0588
.0587
.0587
.0586
.0586
.0586
.0585
.0585
.0584
.0584
.0584
.0583
.0583
.0582
.0582
.0582
.0581
.0581
.0581
.058
.058
.0579
.0579
.0579
.0578
.0578
.0577
.0577
.0577
.0576
.0576
.0576
.0575
.0575
.0574
.0574
.0574
.0573
.0573
.0572
.0572
.0572
.0571
.0571
.0571
.057
.057
.0569
.0569
.0569
.0568
.0568
.0568
.0567
.0567
.0566
.0566
.0566
.0565
.0565
.0565
.0564
.0564
.0563
.0563
.0563
.0562
.0562
.0562
.0561
.0561
.056
.056
.056
.0559
.0559
.0559
.0558
.0558
.0558
.0557
.0557
.0556
.0556
.0556
.0555
.0555
.0555
.0554
.0554
.0554
.0553
.0553
.0552
.0552
.0552
.0551
.0551
.0551
.055
.055
.055
.0549
.0549
.0549
.0548
.0548
.0547
.0547
.0547
.0546
.0546
.0546
.0545
.0545
.0545
.0544
.0544
.0544
.0543
.0543
.0543
.0542
.0542
.0542
.0541
.0541
.054
.054
.054
.0539
.0539
.0539
.0538
.0538
.0538
.0537
.0537
.0537
.0536
.0536
.0536
.0535
.0535
.0535
.0534
.0534
.0534
.0533
.0533
.0533
.0532
.0532
.0532
.0531
.0531
.0531
.053
.053
.053
.0529
.0529
.0529
.0528
.0528
.0528
.0527
.0527
.0527
.0526
.0526
.0526
.0525
.0525
.0525
.0524
.0524
.0524
.0523
.0523
.0523
.0522
.0522
.0522
.0521
.0521
.0521
.052
.052
.052
.0519
.0519
.0519
.0518
.0518
.0518
.0517
.0517
.0517
.0516
.0516
.0516
.0515
.0515
.0515
.0515
.0514
.0514
.0514
.0513
.0513
.0513
.0512
.0512
.0512
.0511
.0511
.0511
.051
.051
.051
.0509
.0509
.0509
.0508
.0508
.0508
.0508
.0507
.0507
.0507
.0506
.0506
.0506
.0505
.0505
.0505
.0504
.0504
.0504
.0504
.0503
.0503
.0503
.0502
.0502
.0502
.0501
.0501
.0501
.05
.05
.05
