.5593
.5581
.5569
.5558
.5546
.5536
.5525
.5514
.5504
.5494
.5485
.5475
.5466
.5457
.5449
.544
.5432
.5425
.5417
.541
.5403
.5396
.5389
.5383
.5377
.5371
.5366
.536
.5355
.535
.5346
.5341
.5337
.5333
.5329
.5325
.5322
.5318
.5315
.5312
.5309
.5306
.5303
.5301
.5299
.5296
.5294
.5292
.529
.5288
.5287
.5285
.5283
.5282
.5281
.5279
.5278
.5277
.5276
.5275
.5274
.5273
.5272
.5271
.527
.5269
.5268
.5268
.5267
.5266
.5266
.5265
.5265
.5264
.5264
.5263
.5263
.5262
.5262
.5261
.5261
.526
.526
.526
.5259
.5259
.5258
.5258
.5258
.5257
.5257
.5257
.5256
.5256
.5256
.5255
.5255
.5255
.5255
.5254
.5254
.5254
.5253
.5253
.5253
.5252
.5252
.5252
.5251
.5251
.5251
.5251
.525
.525
.525
.5249
.5249
.5249
.5248
.5248
.5248
.5247
.5247
.5247
.5247
.5246
.5246
.5246
.5245
.5245
.5245
.5244
.5244
.5244
.5243
.5243
.5242
.5242
.5242
.5241
.5241
.5241
.524
.524
.524
.5239
.5239
.5238
.5238
.5238
.5237
.5237
.5236
.5236
.5236
.5235
.5235
.5234
.5234
.5234
.5233
.5233
.5232
.5232
.5232
.5231
.5231
.523
.523
.5229
.5229
.5228
.5228
.5227
.5227
.5227
.5226
.5226
.5225
.5225
.5224
.5224
.5223
.5223
.5222
.5222
.5221
.5221
.522
.522
.5219
.5218
.5218
.5217
.5217
.5216
.5216
.5215
.5215
.5214
.5214
.5213
.5212
.5212
.5211
.5211
.521
.5209
.5209
.5208
.5208
.5207
.5206
.5206
.5205
.5204
.5204
.5203
.5202
.5202
.5201
.52
.52
.5199
.5198
.5198
.5197
.5196
.5195
.5195
.5194
.5193
.5192
.5192
.5191
.519
.5189
.5189
.5188
.5187
.5186
.5186
.5185
.5184
.5183
.5182
.5181
.5181
.518
.5179
.5178
.5177
.5176
.5175
.5174
.5174
.5173
.5172
.5171
.517
.5169
.5168
.5167
.5166
.5165
.5164
.5163
.5162
.5161
.516
.5159
.5158
.5157
.5156
.5155
.5154
.5153
.5152
.5151
.515
.5149
.5147
.5146
.5145
.5144
.5143
.5142
.5141
.5139
.5138
.5137
.5136
.5135
.5133
.5132
.5131
.513
.5128
.5127
.5126
.5125
.5123
.5122
.5121
.5119
.5118
.5117
.5115
.5114
.5112
.5111
.511
.5108
.5107
.5105
.5104
.5102
.5101
.5099
.5098
.5096
.5095
.5093
.5092
.509
.5089
.5087
.5085
.5084
.5082
.5081
.5079
.5077
.5076
.5074
.5072
.5071
.5069
.5067
.5065
.5064
.5062
.506
.5058
.5057
.5055
.5053
.5051
.5049
.5047
.5045
.5044
.5042
.504
.5038
.5036
.5034
.5032
.503
.5028
.5026
.5024
.5022
.502
.5018
.5016
.5014
.5011
.5009
.5007
.5005
.5003
.5001
.4998
.4996
.4994
.4992
.499
.4987
.4985
.4983
.498
.4978
.4976
.4973
.4971
.4969
.4966
.4964
.4962
.4959
.4957
.4954
.4952
.4949
.4947
.4944
.4942
.4939
.4937
.4934
.4931
.4929
.4926
.4924
.4921
.4918
.4916
.4913
.491
.4908
.4905
.4902
.4899
.4897
.4894
.4891
.4888
.4885
.4882
.488
.4877
.4874
.4871
.4868
.4865
.4862
.4859
.4856
.4853
.485
.4847
.4844
.4841
.4838
.4835
.4832
.4829
.4826
.4823
.482
.4816
.4813
.481
.4807
.4804
.4801
.4797
.4794
.4791
.4788
.4784
.4781
.4778
.4774
.4771
.4768
.4764
.4761
.4758
.4754
.4751
.4747
.4744
.474
.4737
.4734
.473
.4727
.4723
.472
.4716
.4712
.4709
.4705
.4702
.4698
.4695
.4691
.4687
.4684
.468
.4676
.4673
.4669
.4665
.4662
.4658
.4654
.465
.4647
.4643
.4639
.4635
.4631
.4628
.4624
.462
.4616
.4612
.4608
.4605
.4601
.4597
.4593
.4589
.4585
.4581
.4577
.4573
.4569
.4565
.4561
.4557
.4553
.4549
.4545
.4541
.4537
.4533
.4529
.4525
.4521
.4517
.4513
.4509
.4504
.45
.4496
.4492
.4488
.4484
.448
.4475
.4471
.4467
.4463
.4459
.4454
.445
.4446
.4442
.4437
.4433
.4429
.4425
.442
.4416
.4412
.4407
.4403
.4399
.4394
.439
.4386
.4381
.4377
.4373
.4368
.4364
.4359
.4355
.4351
.4346
.4342
.4337
.4333
.4329
.4324
.432
.4315
.4311
.4306
.4302
.4297
.4293
.4288
.4284
.4279
.4275
.427
.4266
.4261
.4257
.4252
.4248
.4243
.4239
.4234
.423
.4225
.4221
.4216
.4211
.4207
.4202
.4198
.4193
.4189
.4184
.4179
.4175
.417
.4166
.4161
.4156
.4152
.4147
.4142
.4138
.4133
.4128
.4124
.4119
.4115
.411
.4105
.4101
.4096
.4091
.4087
.4082
.4077
.4073
.4068
.4063
.4059
.4054
.4049
.4044
.404
.4035
.403
.4026
.4021
.4016
.4012
.4007
.4002
.3997
.3993
.3988
.3983
.3979
.3974
.3969
.3964
.396
.3955
.395
.3945
.3941
.3936
.3931
.3927
.3922
.3917
.3912
.3908
.3903
.3898
.3893
.3889
.3884
.3879
.3874
.387
.3865
.386
.3856
.3851
.3846
.3841
.3837
.3832
.3827
.3822
.3818
.3813
.3808
.3803
.3799
.3794
.3789
.3784
.378
.3775
.377
.3765
.3761
.3756
.3751
.3747
.3742
.3737
.3732
.3728
.3723
.3718
.3713
.3709
.3704
.3699
.3695
.369
.3685
.368
.3676
.3671
.3666
.3662
.3657
.3652
.3647
.3643
.3638
.3633
.3629
.3624
.3619
.3615
.361
.3605
.36
.3596
.3591
.3586
.3582
.3577
.3572
.3568
.3563
.3558
.3554
.3549
.3544
.354
.3535
.353
.3526
.3521
.3517
.3512
.3507
.3503
.3498
.3493
.3489
.3484
.3479
.3475
.347
.3466
.3461
.3456
.3452
.3447
.3443
.3438
.3433
.3429
.3424
.342
.3415
.3411
.3406
.3401
.3397
.3392
.3388
.3383
.3379
.3374
.337
.3365
.336
.3356
.3351
.3347
.3342
.3338
.3333
.3329
.3324
.332
.3315
.3311
.3306
.3302
.3297
.3293
.3288
.3284
.3279
.3275
.327
.3266
.3262
.3257
.3253
.3248
.3244
.3239
.3235
.3231
.3226
.3222
.3217
.3213
.3209
.3204
.32
.3195
.3191
.3187
.3182
.3178
.3173
.3169
.3165
.316
.3156
.3152
.3147
.3143
.3139
.3134
.313
.3126
.3121
.3117
.3113
.3109
.3104
.31
.3096
.3091
.3087
.3083
.3079
.3074
.307
.3066
.3062
.3057
.3053
.3049
.3045
.304
.3036
.3032
.3028
.3024
.3019
.3015
.3011
.3007
.3003
.2999
.2994
.299
.2986
.2982
.2978
.2974
.297
.2965
.2961
.2957
.2953
.2949
.2945
.2941
.2937
.2933
.2928
.2924
.292
.2916
.2912
.2908
.2904
.29
.2896
.2892
.2888
.2884
.288
.2876
.2872
.2868
.2864
.286
.2856
.2852
.2848
.2844
.284
.2836
.2832
.2828
.2824
.282
.2816
.2813
.2809
.2805
.2801
.2797
.2793
.2789
.2785
.2781
.2777
.2774
.277
.2766
.2762
.2758
.2754
.275
.2747
.2743
.2739
.2735
.2731
.2728
.2724
.272
.2716
.2712
.2709
.2705
.2701
.2697
.2694
.269
.2686
.2682
.2679
.2675
.2671
.2668
.2664
.266
.2656
.2653
.2649
.2645
.2642
.2638
.2634
.2631
.2627
.2623
.262
.2616
.2613
.2609
.2605
.2602
.2598
.2594
.2591
.2587
.2584
.258
.2577
.2573
.2569
.2566
.2562
.2559
.2555
.2552
.2548
.2545
.2541
.2538
.2534
.2531
.2527
.2524
.252
.2517
.2513
.251
.2506
.2503
.2499
.2496
.2493
.2489
.2486
.2482
.2479
.2475
.2472
.2469
.2465
.2462
.2458
.2455
.2452
.2448
.2445
.2442
.2438
.2435
.2432
.2428
.2425
.2422
.2418
.2415
.2412
.2408
.2405
.2402
.2399
.2395
.2392
.2389
.2385
.2382
.2379
.2376
.2372
.2369
.2366
.2363
.236
.2356
.2353
.235
.2347
.2344
.234
.2337
.2334
.2331
.2328
.2325
.2321
.2318
.2315
.2312
.2309
.2306
.2303
.23
.2296
.2293
.229
.2287
.2284
.2281
.2278
.2275
.2272
.2269
.2266
.2263
.226
.2257
.2253
.225
.2247
.2244
.2241
.2238
.2235
.2232
.2229
.2226
.2223
.222
.2217
.2215
.2212
.2209
.2206
.2203
.22
.2197
.2194
.2191
.2188
.2185
.2182
.2179
.2176
.2174
.2171
.2168
.2165
.2162
.2159
.2156
.2153
.2151
.2148
.2145
.2142
.2139
.2136
.2134
.2131
.2128
.2125
.2122
.212
.2117
.2114
.2111
.2108
.2106
.2103
.21
.2097
.2095
.2092
.2089
.2086
.2084
.2081
.2078
.2076
.2073
.207
.2067
.2065
.2062
.2059
.2057
.2054
.2051
.2049
.2046
.2043
.2041
.2038
.2035
.2033
.203
.2027
.2025
.2022
.202
.2017
.2014
.2012
.2009
.2007
.2004
.2001
.1999
.1996
.1994
.1991
.1989
.1986
.1984
.1981
.1978
.1976
.1973
.1971
.1968
.1966
.1963
.1961
.1958
.1956
.1953
.1951
.1948
.1946
.1943
.1941
.1938
.1936
.1934
.1931
.1929
.1926
.1924
.1921
.1919
.1916
.1914
.1912
.1909
.1907
.1904
.1902
.19
.1897
.1895
.1892
.189
.1888
.1885
.1883
.1881
.1878
.1876
.1874
.1871
.1869
.1867
.1864
.1862
.186
.1857
.1855
.1853
.185
.1848
.1846
.1843
.1841
.1839
.1837
.1834
.1832
.183
.1828
.1825
.1823
.1821
.1819
.1816
.1814
.1812
.181
.1807
.1805
.1803
.1801
.1798
.1796
.1794
.1792
.179
.1788
.1785
.1783
.1781
.1779
.1777
.1774
.1772
.177
.1768
.1766
.1764
.1762
.1759
.1757
.1755
.1753
.1751
.1749
.1747
.1745
.1743
.174
.1738
.1736
.1734
.1732
.173
.1728
.1726
.1724
.1722
.172
.1718
.1716
.1713
.1711
.1709
.1707
.1705
.1703
.1701
.1699
.1697
.1695
.1693
.1691
.1689
.1687
.1685
.1683
.1681
.1679
.1677
.1675
.1673
.1671
.1669
.1667
.1665
.1663
.1661
.166
.1658
.1656
.1654
.1652
.165
.1648
.1646
.1644
.1642
.164
.1638
.1636
.1635
.1633
.1631
.1629
.1627
.1625
.1623
.1621
.1619
.1618
.1616
.1614
.1612
.161
.1608
.1606
.1605
.1603
.1601
.1599
.1597
.1595
.1594
.1592
.159
.1588
.1586
.1584
.1583
.1581
.1579
.1577
.1575
.1574
.1572
.157
.1568
.1566
.1565
.1563
.1561
.1559
.1558
.1556
.1554
.1552
.1551
.1549
.1547
.1545
.1544
.1542
.154
.1538
.1537
.1535
.1533
.1532
.153
.1528
.1526
.1525
.1523
.1521
.152
.1518
.1516
.1515
.1513
.1511
.151
.1508
.1506
.1505
.1503
.1501
.15
.1498
.1496
.1495
.1493
.1491
.149
.1488
.1486
.1485
.1483
.1482
.148
.1478
.1477
.1475
.1473
.1472
.147
.1469
.1467
.1465
.1464
.1462
.1461
.1459
.1458
.1456
.1454
.1453
.1451
.145
.1448
.1447
.1445
.1443
.1442
.144
.1439
.1437
.1436
.1434
.1433
.1431
.143
.1428
.1427
.1425
.1423
.1422
.142
.1419
.1417
.1416
.1414
.1413
.1411
.141
.1408
.1407
.1405
.1404
.1402
.1401
.14
.1398
.1397
.1395
.1394
.1392
.1391
.1389
.1388
.1386
.1385
.1383
.1382
.1381
.1379
.1378
.1376
.1375
.1373
.1372
.1371
.1369
.1368
.1366
.1365
.1363
.1362
.1361
.1359
.1358
.1356
.1355
.1354
.1352
.1351
.1349
.1348
.1347
.1345
.1344
.1343
.1341
.134
.1338
.1337
.1336
.1334
.1333
.1332
.133
.1329
.1328
.1326
.1325
.1324
.1322
.1321
.1319
.1318
.1317
.1315
.1314
.1313
.1312
.131
.1309
.1308
.1306
.1305
.1304
.1302
.1301
.13
.1298
.1297
.1296
.1295
.1293
.1292
.1291
.1289
.1288
.1287
.1286
.1284
.1283
.1282
.128
.1279
.1278
.1277
.1275
.1274
.1273
.1272
.127
.1269
.1268
.1267
.1265
.1264
.1263
.1262
.126
.1259
.1258
.1257
.1256
.1254
.1253
.1252
.1251
.1249
.1248
.1247
.1246
.1245
.1243
.1242
.1241
.124
.1239
.1237
.1236
.1235
.1234
.1233
.1231
.123
.1229
.1228
.1227
.1225
.1224
.1223
.1222
.1221
.122
.1218
.1217
.1216
.1215
.1214
.1213
.1212
.121
.1209
.1208
.1207
.1206
.1205
.1204
.1202
.1201
.12
.1199
.1198
.1197
.1196
.1194
.1193
.1192
.1191
.119
.1189
.1188
.1187
.1186
.1184
.1183
.1182
.1181
.118
.1179
.1178
.1177
.1176
.1175
.1173
.1172
.1171
.117
.1169
.1168
.1167
.1166
.1165
.1164
.1163
.1162
.1161
.1159
.1158
.1157
.1156
.1155
.1154
.1153
.1152
.1151
.115
.1149
.1148
.1147
.1146
.1145
.1144
.1143
.1142
.1141
.1139
.1138
.1137
.1136
.1135
.1134
.1133
.1132
.1131
.113
.1129
.1128
.1127
.1126
.1125
.1124
.1123
.1122
.1121
.112
.1119
.1118
.1117
.1116
.1115
.1114
.1113
.1112
.1111
.111
.1109
.1108
.1107
.1106
.1105
.1104
.1103
.1102
.1101
.11
.1099
.1098
.1097
.1097
.1096
.1095
.1094
.1093
.1092
.1091
.109
.1089
.1088
.1087
.1086
.1085
.1084
.1083
.1082
.1081
.108
.1079
.1078
.1078
.1077
.1076
.1075
.1074
.1073
.1072
.1071
.107
.1069
.1068
.1067
.1066
.1065
.1065
.1064
.1063
.1062
.1061
.106
.1059
.1058
.1057
.1056
.1055
.1055
.1054
.1053
.1052
.1051
.105
.1049
.1048
.1047
.1047
.1046
.1045
.1044
.1043
.1042
.1041
.104
.1039
.1039
.1038
.1037
.1036
.1035
.1034
.1033
.1032
.1032
.1031
.103
.1029
.1028
.1027
.1026
.1026
.1025
.1024
.1023
.1022
.1021
.102
.102
.1019
.1018
.1017
.1016
.1015
.1015
.1014
.1013
.1012
.1011
.101
.101
.1009
.1008
.1007
.1006
.1005
.1005
.1004
.1003
.1002
.1001
.1
.1
.0999
.0998
.0997
.0996
.0996
.0995
.0994
.0993
.0992
.0992
.0991
.099
.0989
.0988
.0988
.0987
.0986
.0985
.0984
.0984
.0983
.0982
.0981
.098
.098
.0979
.0978
.0977
.0976
.0976
.0975
.0974
.0973
.0973
.0972
.0971
.097
.0969
.0969
.0968
.0967
.0966
.0966
.0965
.0964
.0963
.0963
.0962
.0961
.096
.096
.0959
.0958
.0957
.0957
.0956
.0955
.0954
.0954
.0953
.0952
.0951
.0951
.095
.0949
.0948
.0948
.0947
.0946
.0945
.0945
.0944
.0943
.0942
.0942
.0941
.094
.0939
.0939
.0938
.0937
.0937
.0936
.0935
.0934
.0934
.0933
.0932
.0932
.0931
.093
.0929
.0929
.0928
.0927
.0927
.0926
.0925
.0924
.0924
.0923
.0922
.0922
.0921
.092
.0919
.0919
.0918
.0917
.0917
.0916
.0915
.0915
.0914
.0913
.0912
.0912
.0911
.091
.091
.0909
.0908
.0908
.0907
.0906
.0906
.0905
.0904
.0904
.0903
.0902
.0902
.0901
.09
.09
.0899
.0898
.0898
.0897
.0896
.0896
.0895
.0894
.0894
.0893
.0892
.0892
.0891
.089
.089
.0889
.0888
.0888
.0887
.0886
.0886
.0885
.0884
.0884
.0883
.0882
.0882
.0881
.088
.088
.0879
.0878
.0878
.0877
.0877
.0876
.0875
.0875
.0874
.0873
.0873
.0872
.0871
.0871
.087
.087
.0869
.0868
.0868
.0867
.0866
.0866
.0865
.0864
.0864
.0863
.0863
.0862
.0861
.0861
.086
.086
.0859
.0858
.0858
.0857
.0856
.0856
.0855
.0855
.0854
.0853
.0853
.0852
.0852
.0851
.085
.085
.0849
.0849
.0848
.0847
.0847
.0846
.0846
.0845
.0844
.0844
.0843
.0843
.0842
.0841
.0841
.084
.084
.0839
.0838
.0838
.0837
.0837
.0836
.0835
.0835
.0834
.0834
.0833
.0832
.0832
.0831
.0831
.083
.083
.0829
.0828
.0828
.0827
.0827
.0826
.0826
.0825
.0824
.0824
.0823
.0823
.0822
.0822
.0821
.082
.082
.0819
.0819
.0818
.0818
.0817
.0816
.0816
.0815
.0815
.0814
.0814
.0813
.0813
.0812
.0811
.0811
.081
.081
.0809
.0809
.0808
.0808
.0807
.0806
.0806
.0805
.0805
.0804
.0804
.0803
.0803
.0802
.0802
.0801
.08
.08
.0799
.0799
.0798
.0798
.0797
.0797
.0796
.0796
.0795
.0795
.0794
.0793
.0793
.0792
.0792
.0791
.0791
.079
.079
.0789
.0789
.0788
.0788
.0787
.0787
.0786
.0786
.0785
.0785
.0784
.0783
.0783
.0782
.0782
.0781
.0781
.078
.078
.0779
.0779
.0778
.0778
.0777
.0777
.0776
.0776
.0775
.0775
.0774
.0774
.0773
.0773
.0772
.0772
.0771
.0771
.077
.077
.0769
.0769
.0768
.0768
.0767
.0767
.0766
.0766
.0765
.0765
.0764
.0764
.0763
.0763
.0762
.0762
.0761
.0761
.076
.076
.0759
.0759
.0758
.0758
.0757
.0757
.0756
.0756
.0755
.0755
.0754
.0754
.0753
.0753
.0752
.0752
.0751
.0751
.075
.075
.075
.0749
.0749
.0748
.0748
.0747
.0747
.0746
.0746
.0745
.0745
.0744
.0744
.0743
.0743
.0742
.0742
.0741
.0741
.0741
.074
.074
.0739
.0739
.0738
.0738
.0737
.0737
.0736
.0736
.0735
.0735
.0734
.0734
.0734
.0733
.0733
.0732
.0732
.0731
.0731
.073
.073
.0729
.0729
.0729
.0728
.0728
.0727
.0727
.0726
.0726
.0725
.0725
.0724
.0724
.0724
.0723
.0723
.0722
.0722
.0721
.0721
.072
.072
.072
.0719
.0719
.0718
.0718
.0717
.0717
.0716
.0716
.0716
.0715
.0715
.0714
.0714
.0713
.0713
.0713
.0712
.0712
.0711
.0711
.071
.071
.071
.0709
.0709
.0708
.0708
.0707
.0707
.0706
.0706
.0706
.0705
.0705
.0704
.0704
.0704
.0703
.0703
.0702
.0702
.0701
.0701
.0701
.07
.07
.0699
.0699
.0698
.0698
.0698
.0697
.0697
.0696
.0696
.0696
.0695
.0695
.0694
.0694
.0693
.0693
.0693
.0692
.0692
.0691
.0691
.0691
.069
.069
.0689
.0689
.0689
.0688
.0688
.0687
.0687
.0686
.0686
.0686
.0685
.0685
.0684
.0684
.0684
.0683
.0683
.0682
.0682
.0682
.0681
.0681
.068
.068
.068
.0679
.0679
.0678
.0678
.0678
.0677
.0677
.0676
.0676
.0676
.0675
.0675
.0675
.0674
.0674
.0673
.0673
.0673
.0672
.0672
.0671
.0671
.0671
.067
.067
.0669
.0669
.0669
.0668
.0668
.0668
.0667
.0667
.0666
.0666
.0666
.0665
.0665
.0664
.0664
.0664
.0663
.0663
.0663
.0662
.0662
.0661
.0661
.0661
.066
.066
.066
.0659
.0659
.0658
.0658
.0658
.0657
.0657
.0657
.0656
.0656
.0655
.0655
.0655
.0654
.0654
.0654
.0653
.0653
.0652
.0652
.0652
.0651
.0651
.0651
.065
.065
.065
.0649
.0649
.0648
.0648
.0648
.0647
.0647
.0647
.0646
.0646
.0646
.0645
.0645
.0644
.0644
.0644
.0643
.0643
.0643
.0642
.0642
.0642
.0641
.0641
.0641
.064
.064
.0639
.0639
.0639
.0638
.0638
.0638
.0637
.0637
.0637
.0636
.0636
.0636
.0635
.0635
.0635
.0634
.0634
.0633
.0633
.0633
.0632
.0632
.0632
.0631
.0631
.0631
.063
.063
.063
.0629
.0629
.0629
.0628
.0628
.0628
.0627
.0627
.0627
.0626
.0626
.0626
.0625
.0625
.0625
.0624
.0624
.0624
.0623
.0623
.0623
.0622
.0622
.0622
.0621
.0621
.0621
.062
.062
.062
.0619
.0619
.0619
.0618
.0618
.0618
.0617
.0617
.0617
.0616
.0616
.0616
.0615
.0615
.0615
.0614
.0614
.0614
.0613
.0613
.0613
.0612
.0612
.0612
.0611
.0611
.0611
.061
.061
.061
.0609
.0609
.0609
.0608
.0608
.0608
.0607
.0607
.0607
.0606
.0606
.0606
.0605
.0605
.0605
.0605
.0604
.0604
.0604
.0603
.0603
.0603
.0602
.0602
.0602
.0601
.0601
.0601
.06
.06
.06
.0599
.0599
.0599
.0599
.0598
.0598
.0598
.0597
.0597
.0597
.0596
.0596
.0596
.0595
.0595
.0595
.0594
.0594
.0594
.0594
.0593
.0593
.0593
.0592
.0592
.0592
.0591
.0591
.0591
.059
.059
.059
.059
.0589
.0589
.0589
.0588
.0588
.0588
.0587
.0587
.0587
.0587
.0586
.0586
.0586
.0585
.0585
.0585
.0584
.0584
.0584
.0584
.0583
.0583
.0583
.0582
.0582
.0582
.0581
.0581
.0581
.0581
.058
.058
.058
.0579
.0579
.0579
.0579
.0578
.0578
.0578
.0577
.0577
.0577
.0576
.0576
.0576
.0576
.0575
.0575
.0575
.0574
.0574
.0574
.0574
.0573
.0573
.0573
.0572
.0572
.0572
.0572
.0571
.0571
.0571
.057
.057
.057
.057
.0569
.0569
.0569
.0568
.0568
.0568
.0568
.0567
.0567
.0567
.0566
.0566
.0566
.0566
.0565
.0565
.0565
.0565
.0564
.0564
.0564
.0563
.0563
.0563
.0563
.0562
.0562
.0562
.0561
.0561
.0561
.0561
.056
.056
.056
.056
.0559
.0559
.0559
.0558
.0558
.0558
.0558
.0557
.0557
.0557
.0557
.0556
.0556
.0556
.0555
.0555
.0555
.0555
.0554
.0554
.0554
.0554
.0553
.0553
.0553
.0552
.0552
.0552
.0552
.0551
.0551
.0551
.0551
.055
.055
.055
.055
.0549
.0549
.0549
.0548
.0548
.0548
.0548
.0547
.0547
.0547
.0547
.0546
.0546
.0546
.0546
.0545
.0545
.0545
.0545
.0544
.0544
.0544
.0543
.0543
.0543
.0543
.0542
.0542
.0542
.0542
.0541
.0541
.0541
.0541
.054
.054
.054
.054
.0539
.0539
.0539
.0539
.0538
.0538
.0538
.0538
.0537
.0537
.0537
.0537
.0536
.0536
.0536
.0536
.0535
.0535
.0535
.0535
.0534
.0534
.0534
.0534
.0533
.0533
.0533
.0533
.0532
.0532
.0532
.0532
.0531
.0531
.0531
.0531
.053
.053
.053
.053
.0529
.0529
.0529
.0529
.0528
.0528
.0528
.0528
.0527
.0527
.0527
.0527
.0526
.0526
.0526
.0526
.0525
.0525
.0525
.0525
.0524
.0524
.0524
.0524
.0523
.0523
.0523
.0523
.0522
.0522
.0522
.0522
.0521
.0521
.0521
.0521
.0521
.052
.052
.052
.052
.0519
.0519
.0519
.0519
.0518
.0518
.0518
.0518
.0517
.0517
.0517
.0517
.0516
.0516
.0516
.0516
.0516
.0515
.0515
.0515
.0515
.0514
.0514
.0514
.0514
.0513
.0513
.0513
.0513
.0513
.0512
.0512
.0512
.0512
.0511
.0511
.0511
.0511
.051
.051
.051
.051
.051
.0509
.0509
.0509
.0509
.0508
.0508
.0508
.0508
.0507
.0507
.0507
.0507
.0507
.0506
.0506
.0506
.0506
.0505
.0505
.0505
.0505
.0504
.0504
.0504
.0504
.0504
.0503
.0503
.0503
.0503
.0502
.0502
.0502
.0502
.0502
.0501
.0501
.0501
.0501
.05
.05
.05
.05
