.5984
.5971
.5959
.5946
.5934
.5922
.591
.5898
.5886
.5874
.5862
.585
.5838
.5827
.5815
.5804
.5792
.5781
.577
.5759
.5748
.5737
.5726
.5715
.5705
.5694
.5684
.5674
.5663
.5653
.5644
.5634
.5624
.5615
.5606
.5596
.5587
.5579
.557
.5561
.5553
.5545
.5537
.5529
.5521
.5513
.5506
.5499
.5492
.5485
.5478
.5471
.5465
.5458
.5452
.5446
.544
.5435
.5429
.5424
.5419
.5414
.5409
.5404
.5399
.5395
.539
.5386
.5382
.5378
.5374
.5371
.5367
.5364
.536
.5357
.5354
.5351
.5348
.5345
.5342
.534
.5337
.5335
.5332
.533
.5328
.5326
.5323
.5321
.5319
.5318
.5316
.5314
.5312
.5311
.5309
.5307
.5306
.5305
.5303
.5302
.53
.5299
.5298
.5297
.5295
.5294
.5293
.5292
.5291
.529
.5289
.5288
.5287
.5286
.5285
.5284
.5283
.5282
.5281
.528
.5279
.5278
.5278
.5277
.5276
.5275
.5274
.5274
.5273
.5272
.5271
.527
.527
.5269
.5268
.5267
.5267
.5266
.5265
.5264
.5263
.5263
.5262
.5261
.526
.526
.5259
.5258
.5257
.5257
.5256
.5255
.5254
.5254
.5253
.5252
.5251
.5251
.525
.5249
.5248
.5248
.5247
.5246
.5245
.5244
.5244
.5243
.5242
.5241
.524
.524
.5239
.5238
.5237
.5236
.5235
.5235
.5234
.5233
.5232
.5231
.523
.5229
.5229
.5228
.5227
.5226
.5225
.5224
.5223
.5222
.5221
.522
.5219
.5219
.5218
.5217
.5216
.5215
.5214
.5213
.5212
.5211
.521
.5209
.5208
.5207
.5206
.5205
.5204
.5203
.5202
.5201
.52
.5199
.5198
.5196
.5195
.5194
.5193
.5192
.5191
.519
.5189
.5188
.5187
.5185
.5184
.5183
.5182
.5181
.518
.5178
.5177
.5176
.5175
.5174
.5172
.5171
.517
.5169
.5167
.5166
.5165
.5164
.5162
.5161
.516
.5158
.5157
.5156
.5154
.5153
.5152
.515
.5149
.5148
.5146
.5145
.5144
.5142
.5141
.5139
.5138
.5136
.5135
.5134
.5132
.5131
.5129
.5128
.5126
.5125
.5123
.5122
.512
.5119
.5117
.5115
.5114
.5112
.5111
.5109
.5108
.5106
.5104
.5103
.5101
.5099
.5098
.5096
.5094
.5093
.5091
.5089
.5088
.5086
.5084
.5082
.5081
.5079
.5077
.5075
.5074
.5072
.507
.5068
.5066
.5065
.5063
.5061
.5059
.5057
.5055
.5054
.5052
.505
.5048
.5046
.5044
.5042
.504
.5038
.5036
.5034
.5032
.503
.5028
.5026
.5024
.5022
.502
.5018
.5016
.5014
.5012
.501
.5008
.5006
.5004
.5002
.4999
.4997
.4995
.4993
.4991
.4989
.4986
.4984
.4982
.498
.4978
.4976
.4973
.4971
.4969
.4967
.4964
.4962
.496
.4958
.4955
.4953
.4951
.4948
.4946
.4944
.4941
.4939
.4937
.4934
.4932
.493
.4927
.4925
.4922
.492
.4918
.4915
.4913
.491
.4908
.4906
.4903
.4901
.4898
.4896
.4893
.4891
.4888
.4886
.4883
.4881
.4878
.4876
.4873
.4871
.4868
.4866
.4863
.4861
.4858
.4855
.4853
.485
.4848
.4845
.4843
.484
.4837
.4835
.4832
.483
.4827
.4824
.4822
.4819
.4817
.4814
.4811
.4809
.4806
.4803
.4801
.4798
.4795
.4793
.479
.4787
.4785
.4782
.4779
.4777
.4774
.4771
.4768
.4766
.4763
.476
.4758
.4755
.4752
.475
.4747
.4744
.4741
.4739
.4736
.4733
.473
.4728
.4725
.4722
.472
.4717
.4714
.4711
.4709
.4706
.4703
.47
.4698
.4695
.4692
.4689
.4687
.4684
.4681
.4678
.4676
.4673
.467
.4667
.4664
.4662
.4659
.4656
.4653
.4651
.4648
.4645
.4642
.464
.4637
.4634
.4631
.4629
.4626
.4623
.462
.4617
.4615
.4612
.4609
.4606
.4604
.4601
.4598
.4595
.4593
.459
.4587
.4584
.4582
.4579
.4576
.4573
.4571
.4568
.4565
.4562
.456
.4557
.4554
.4551
.4548
.4546
.4543
.454
.4537
.4535
.4532
.4529
.4527
.4524
.4521
.4518
.4516
.4513
.451
.4507
.4505
.4502
.4499
.4496
.4494
.4491
.4488
.4485
.4483
.448
.4477
.4475
.4472
.4469
.4466
.4464
.4461
.4458
.4455
.4453
.445
.4447
.4445
.4442
.4439
.4436
.4434
.4431
.4428
.4426
.4423
.442
.4418
.4415
.4412
.4409
.4407
.4404
.4401
.4399
.4396
.4393
.439
.4388
.4385
.4382
.438
.4377
.4374
.4372
.4369
.4366
.4363
.4361
.4358
.4355
.4353
.435
.4347
.4345
.4342
.4339
.4337
.4334
.4331
.4328
.4326
.4323
.432
.4318
.4315
.4312
.431
.4307
.4304
.4301
.4299
.4296
.4293
.4291
.4288
.4285
.4282
.428
.4277
.4274
.4272
.4269
.4266
.4264
.4261
.4258
.4255
.4253
.425
.4247
.4244
.4242
.4239
.4236
.4234
.4231
.4228
.4225
.4223
.422
.4217
.4214
.4212
.4209
.4206
.4203
.4201
.4198
.4195
.4192
.419
.4187
.4184
.4181
.4179
.4176
.4173
.417
.4167
.4165
.4162
.4159
.4156
.4153
.4151
.4148
.4145
.4142
.4139
.4137
.4134
.4131
.4128
.4125
.4122
.412
.4117
.4114
.4111
.4108
.4105
.4102
.41
.4097
.4094
.4091
.4088
.4085
.4082
.4079
.4076
.4074
.4071
.4068
.4065
.4062
.4059
.4056
.4053
.405
.4047
.4044
.4041
.4038
.4035
.4032
.4029
.4027
.4024
.4021
.4018
.4015
.4012
.4009
.4006
.4003
.4
.3996
.3993
.399
.3987
.3984
.3981
.3978
.3975
.3972
.3969
.3966
.3963
.396
.3957
.3954
.3951
.3947
.3944
.3941
.3938
.3935
.3932
.3929
.3926
.3922
.3919
.3916
.3913
.391
.3907
.3904
.39
.3897
.3894
.3891
.3888
.3884
.3881
.3878
.3875
.3871
.3868
.3865
.3862
.3859
.3855
.3852
.3849
.3846
.3842
.3839
.3836
.3832
.3829
.3826
.3822
.3819
.3816
.3813
.3809
.3806
.3803
.3799
.3796
.3793
.3789
.3786
.3782
.3779
.3776
.3772
.3769
.3766
.3762
.3759
.3755
.3752
.3749
.3745
.3742
.3738
.3735
.3732
.3728
.3725
.3721
.3718
.3714
.3711
.3707
.3704
.37
.3697
.3693
.369
.3686
.3683
.3679
.3676
.3672
.3669
.3665
.3662
.3658
.3655
.3651
.3648
.3644
.3641
.3637
.3634
.363
.3626
.3623
.3619
.3616
.3612
.3609
.3605
.3601
.3598
.3594
.3591
.3587
.3583
.358
.3576
.3573
.3569
.3565
.3562
.3558
.3554
.3551
.3547
.3543
.354
.3536
.3532
.3529
.3525
.3521
.3518
.3514
.351
.3507
.3503
.3499
.3496
.3492
.3488
.3484
.3481
.3477
.3473
.347
.3466
.3462
.3458
.3455
.3451
.3447
.3443
.344
.3436
.3432
.3428
.3425
.3421
.3417
.3413
.341
.3406
.3402
.3398
.3394
.3391
.3387
.3383
.3379
.3376
.3372
.3368
.3364
.336
.3357
.3353
.3349
.3345
.3341
.3337
.3334
.333
.3326
.3322
.3318
.3315
.3311
.3307
.3303
.3299
.3295
.3292
.3288
.3284
.328
.3276
.3272
.3268
.3265
.3261
.3257
.3253
.3249
.3245
.3241
.3238
.3234
.323
.3226
.3222
.3218
.3214
.3211
.3207
.3203
.3199
.3195
.3191
.3187
.3184
.318
.3176
.3172
.3168
.3164
.316
.3157
.3153
.3149
.3145
.3141
.3137
.3133
.3129
.3126
.3122
.3118
.3114
.311
.3106
.3102
.3099
.3095
.3091
.3087
.3083
.3079
.3076
.3072
.3068
.3064
.306
.3056
.3053
.3049
.3045
.3041
.3037
.3033
.303
.3026
.3022
.3018
.3014
.301
.3007
.3003
.2999
.2995
.2991
.2988
.2984
.298
.2976
.2973
.2969
.2965
.2961
.2957
.2954
.295
.2946
.2942
.2939
.2935
.2931
.2927
.2924
.292
.2916
.2912
.2909
.2905
.2901
.2898
.2894
.289
.2886
.2883
.2879
.2875
.2872
.2868
.2864
.2861
.2857
.2853
.285
.2846
.2842
.2839
.2835
.2831
.2828
.2824
.2821
.2817
.2813
.281
.2806
.2803
.2799
.2795
.2792
.2788
.2785
.2781
.2778
.2774
.277
.2767
.2763
.276
.2756
.2753
.2749
.2746
.2742
.2739
.2735
.2732
.2728
.2725
.2721
.2718
.2714
.2711
.2708
.2704
.2701
.2697
.2694
.269
.2687
.2684
.268
.2677
.2673
.267
.2667
.2663
.266
.2656
.2653
.265
.2646
.2643
.264
.2636
.2633
.263
.2626
.2623
.262
.2617
.2613
.261
.2607
.2603
.26
.2597
.2594
.259
.2587
.2584
.2581
.2577
.2574
.2571
.2568
.2565
.2561
.2558
.2555
.2552
.2549
.2546
.2542
.2539
.2536
.2533
.253
.2527
.2523
.252
.2517
.2514
.2511
.2508
.2505
.2502
.2499
.2496
.2493
.2489
.2486
.2483
.248
.2477
.2474
.2471
.2468
.2465
.2462
.2459
.2456
.2453
.245
.2447
.2444
.2441
.2438
.2435
.2432
.2429
.2426
.2423
.2421
.2418
.2415
.2412
.2409
.2406
.2403
.24
.2397
.2394
.2391
.2389
.2386
.2383
.238
.2377
.2374
.2371
.2369
.2366
.2363
.236
.2357
.2354
.2352
.2349
.2346
.2343
.234
.2338
.2335
.2332
.2329
.2327
.2324
.2321
.2318
.2316
.2313
.231
.2307
.2305
.2302
.2299
.2297
.2294
.2291
.2288
.2286
.2283
.228
.2278
.2275
.2272
.227
.2267
.2264
.2262
.2259
.2257
.2254
.2251
.2249
.2246
.2243
.2241
.2238
.2236
.2233
.223
.2228
.2225
.2223
.222
.2218
.2215
.2213
.221
.2207
.2205
.2202
.22
.2197
.2195
.2192
.219
.2187
.2185
.2182
.218
.2177
.2175
.2172
.217
.2167
.2165
.2162
.216
.2157
.2155
.2153
.215
.2148
.2145
.2143
.214
.2138
.2136
.2133
.2131
.2128
.2126
.2123
.2121
.2119
.2116
.2114
.2112
.2109
.2107
.2104
.2102
.21
.2097
.2095
.2093
.209
.2088
.2086
.2083
.2081
.2079
.2076
.2074
.2072
.2069
.2067
.2065
.2063
.206
.2058
.2056
.2053
.2051
.2049
.2047
.2044
.2042
.204
.2038
.2035
.2033
.2031
.2029
.2026
.2024
.2022
.202
.2018
.2015
.2013
.2011
.2009
.2007
.2004
.2002
.2
.1998
.1996
.1993
.1991
.1989
.1987
.1985
.1983
.198
.1978
.1976
.1974
.1972
.197
.1968
.1965
.1963
.1961
.1959
.1957
.1955
.1953
.1951
.1949
.1946
.1944
.1942
.194
.1938
.1936
.1934
.1932
.193
.1928
.1926
.1924
.1922
.192
.1917
.1915
.1913
.1911
.1909
.1907
.1905
.1903
.1901
.1899
.1897
.1895
.1893
.1891
.1889
.1887
.1885
.1883
.1881
.1879
.1877
.1875
.1873
.1871
.1869
.1867
.1865
.1863
.1861
.186
.1858
.1856
.1854
.1852
.185
.1848
.1846
.1844
.1842
.184
.1838
.1836
.1834
.1832
.1831
.1829
.1827
.1825
.1823
.1821
.1819
.1817
.1815
.1814
.1812
.181
.1808
.1806
.1804
.1802
.1801
.1799
.1797
.1795
.1793
.1791
.1789
.1788
.1786
.1784
.1782
.178
.1778
.1777
.1775
.1773
.1771
.1769
.1768
.1766
.1764
.1762
.176
.1759
.1757
.1755
.1753
.1751
.175
.1748
.1746
.1744
.1743
.1741
.1739
.1737
.1736
.1734
.1732
.173
.1729
.1727
.1725
.1723
.1722
.172
.1718
.1716
.1715
.1713
.1711
.171
.1708
.1706
.1705
.1703
.1701
.1699
.1698
.1696
.1694
.1693
.1691
.1689
.1688
.1686
.1684
.1683
.1681
.1679
.1678
.1676
.1674
.1673
.1671
.1669
.1668
.1666
.1664
.1663
.1661
.166
.1658
.1656
.1655
.1653
.1651
.165
.1648
.1647
.1645
.1643
.1642
.164
.1639
.1637
.1635
.1634
.1632
.1631
.1629
.1627
.1626
.1624
.1623
.1621
.1619
.1618
.1616
.1615
.1613
.1612
.161
.1609
.1607
.1605
.1604
.1602
.1601
.1599
.1598
.1596
.1595
.1593
.1592
.159
.1589
.1587
.1586
.1584
.1583
.1581
.158
.1578
.1576
.1575
.1573
.1572
.1571
.1569
.1568
.1566
.1565
.1563
.1562
.156
.1559
.1557
.1556
.1554
.1553
.1551
.155
.1548
.1547
.1545
.1544
.1543
.1541
.154
.1538
.1537
.1535
.1534
.1532
.1531
.153
.1528
.1527
.1525
.1524
.1522
.1521
.152
.1518
.1517
.1515
.1514
.1513
.1511
.151
.1508
.1507
.1506
.1504
.1503
.1501
.15
.1499
.1497
.1496
.1494
.1493
.1492
.149
.1489
.1488
.1486
.1485
.1483
.1482
.1481
.1479
.1478
.1477
.1475
.1474
.1473
.1471
.147
.1469
.1467
.1466
.1465
.1463
.1462
.1461
.1459
.1458
.1457
.1455
.1454
.1453
.1451
.145
.1449
.1447
.1446
.1445
.1444
.1442
.1441
.144
.1438
.1437
.1436
.1434
.1433
.1432
.1431
.1429
.1428
.1427
.1425
.1424
.1423
.1422
.142
.1419
.1418
.1417
.1415
.1414
.1413
.1412
.141
.1409
.1408
.1407
.1405
.1404
.1403
.1402
.14
.1399
.1398
.1397
.1395
.1394
.1393
.1392
.139
.1389
.1388
.1387
.1386
.1384
.1383
.1382
.1381
.1379
.1378
.1377
.1376
.1375
.1373
.1372
.1371
.137
.1369
.1367
.1366
.1365
.1364
.1363
.1362
.136
.1359
.1358
.1357
.1356
.1354
.1353
.1352
.1351
.135
.1349
.1347
.1346
.1345
.1344
.1343
.1342
.1341
.1339
.1338
.1337
.1336
.1335
.1334
.1332
.1331
.133
.1329
.1328
.1327
.1326
.1325
.1323
.1322
.1321
.132
.1319
.1318
.1317
.1316
.1314
.1313
.1312
.1311
.131
.1309
.1308
.1307
.1306
.1304
.1303
.1302
.1301
.13
.1299
.1298
.1297
.1296
.1295
.1293
.1292
.1291
.129
.1289
.1288
.1287
.1286
.1285
.1284
.1283
.1282
.1281
.1279
.1278
.1277
.1276
.1275
.1274
.1273
.1272
.1271
.127
.1269
.1268
.1267
.1266
.1265
.1264
.1263
.1262
.126
.1259
.1258
.1257
.1256
.1255
.1254
.1253
.1252
.1251
.125
.1249
.1248
.1247
.1246
.1245
.1244
.1243
.1242
.1241
.124
.1239
.1238
.1237
.1236
.1235
.1234
.1233
.1232
.1231
.123
.1229
.1228
.1227
.1226
.1225
.1224
.1223
.1222
.1221
.122
.1219
.1218
.1217
.1216
.1215
.1214
.1213
.1212
.1211
.121
.1209
.1208
.1207
.1206
.1205
.1204
.1203
.1202
.1201
.12
.1199
.1199
.1198
.1197
.1196
.1195
.1194
.1193
.1192
.1191
.119
.1189
.1188
.1187
.1186
.1185
.1184
.1183
.1182
.1181
.1181
.118
.1179
.1178
.1177
.1176
.1175
.1174
.1173
.1172
.1171
.117
.1169
.1169
.1168
.1167
.1166
.1165
.1164
.1163
.1162
.1161
.116
.1159
.1158
.1158
.1157
.1156
.1155
.1154
.1153
.1152
.1151
.115
.1149
.1149
.1148
.1147
.1146
.1145
.1144
.1143
.1142
.1141
.1141
.114
.1139
.1138
.1137
.1136
.1135
.1134
.1134
.1133
.1132
.1131
.113
.1129
.1128
.1128
.1127
.1126
.1125
.1124
.1123
.1122
.1121
.1121
.112
.1119
.1118
.1117
.1116
.1116
.1115
.1114
.1113
.1112
.1111
.111
.111
.1109
.1108
.1107
.1106
.1105
.1105
.1104
.1103
.1102
.1101
.11
.11
.1099
.1098
.1097
.1096
.1095
.1095
.1094
.1093
.1092
.1091
.109
.109
.1089
.1088
.1087
.1086
.1086
.1085
.1084
.1083
.1082
.1082
.1081
.108
.1079
.1078
.1078
.1077
.1076
.1075
.1074
.1074
.1073
.1072
.1071
.107
.107
.1069
.1068
.1067
.1066
.1066
.1065
.1064
.1063
.1062
.1062
.1061
.106
.1059
.1059
.1058
.1057
.1056
.1055
.1055
.1054
.1053
.1052
.1052
.1051
.105
.1049
.1049
.1048
.1047
.1046
.1045
.1045
.1044
.1043
.1042
.1042
.1041
.104
.1039
.1039
.1038
.1037
.1036
.1036
.1035
.1034
.1033
.1033
.1032
.1031
.103
.103
.1029
.1028
.1027
.1027
.1026
.1025
.1025
.1024
.1023
.1022
.1022
.1021
.102
.1019
.1019
.1018
.1017
.1016
.1016
.1015
.1014
.1014
.1013
.1012
.1011
.1011
.101
.1009
.1009
.1008
.1007
.1006
.1006
.1005
.1004
.1004
.1003
.1002
.1001
.1001
.1
.0999
.0999
.0998
.0997
.0996
.0996
.0995
.0994
.0994
.0993
.0992
.0992
.0991
.099
.0989
.0989
.0988
.0987
.0987
.0986
.0985
.0985
.0984
.0983
.0983
.0982
.0981
.098
.098
.0979
.0978
.0978
.0977
.0976
.0976
.0975
.0974
.0974
.0973
.0972
.0972
.0971
.097
.097
.0969
.0968
.0968
.0967
.0966
.0966
.0965
.0964
.0964
.0963
.0962
.0962
.0961
.096
.096
.0959
.0958
.0958
.0957
.0956
.0956
.0955
.0954
.0954
.0953
.0952
.0952
.0951
.0951
.095
.0949
.0949
.0948
.0947
.0947
.0946
.0945
.0945
.0944
.0943
.0943
.0942
.0941
.0941
.094
.094
.0939
.0938
.0938
.0937
.0936
.0936
.0935
.0935
.0934
.0933
.0933
.0932
.0931
.0931
.093
.0929
.0929
.0928
.0928
.0927
.0926
.0926
.0925
.0925
.0924
.0923
.0923
.0922
.0921
.0921
.092
.092
.0919
.0918
.0918
.0917
.0917
.0916
.0915
.0915
.0914
.0913
.0913
.0912
.0912
.0911
.091
.091
.0909
.0909
.0908
.0907
.0907
.0906
.0906
.0905
.0904
.0904
.0903
.0903
.0902
.0901
.0901
.09
.09
.0899
.0899
.0898
.0897
.0897
.0896
.0896
.0895
.0894
.0894
.0893
.0893
.0892
.0891
.0891
.089
.089
.0889
.0889
.0888
.0887
.0887
.0886
.0886
.0885
.0885
.0884
.0883
.0883
.0882
.0882
.0881
.0881
.088
.0879
.0879
.0878
.0878
.0877
.0877
.0876
.0875
.0875
.0874
.0874
.0873
.0873
.0872
.0871
.0871
.087
.087
.0869
.0869
.0868
.0868
.0867
.0866
.0866
.0865
.0865
.0864
.0864
.0863
.0863
.0862
.0861
.0861
.086
.086
.0859
.0859
.0858
.0858
.0857
.0857
.0856
.0855
.0855
.0854
.0854
.0853
.0853
.0852
.0852
.0851
.0851
.085
.085
.0849
.0848
.0848
.0847
.0847
.0846
.0846
.0845
.0845
.0844
.0844
.0843
.0843
.0842
.0842
.0841
.084
.084
.0839
.0839
.0838
.0838
.0837
.0837
.0836
.0836
.0835
.0835
.0834
.0834
.0833
.0833
.0832
.0832
.0831
.0831
.083
.083
.0829
.0828
.0828
.0827
.0827
.0826
.0826
.0825
.0825
.0824
.0824
.0823
.0823
.0822
.0822
.0821
.0821
.082
.082
.0819
.0819
.0818
.0818
.0817
.0817
.0816
.0816
.0815
.0815
.0814
.0814
.0813
.0813
.0812
.0812
.0811
.0811
.081
.081
.0809
.0809
.0808
.0808
.0807
.0807
.0806
.0806
.0805
.0805
.0804
.0804
.0803
.0803
.0802
.0802
.0801
.0801
.0801
.08
.08
.0799
.0799
.0798
.0798
.0797
.0797
.0796
.0796
.0795
.0795
.0794
.0794
.0793
.0793
.0792
.0792
.0791
.0791
.079
.079
.0789
.0789
.0789
.0788
.0788
.0787
.0787
.0786
.0786
.0785
.0785
.0784
.0784
.0783
.0783
.0782
.0782
.0781
.0781
.0781
.078
.078
.0779
.0779
.0778
.0778
.0777
.0777
.0776
.0776
.0775
.0775
.0775
.0774
.0774
.0773
.0773
.0772
.0772
.0771
.0771
.077
.077
.077
.0769
.0769
.0768
.0768
.0767
.0767
.0766
.0766
.0765
.0765
.0765
.0764
.0764
.0763
.0763
.0762
.0762
.0761
.0761
.0761
.076
.076
.0759
.0759
.0758
.0758
.0757
.0757
.0757
.0756
.0756
.0755
.0755
.0754
.0754
.0753
.0753
.0753
.0752
.0752
.0751
.0751
.075
.075
.075
.0749
.0749
.0748
.0748
.0747
.0747
.0747
.0746
.0746
.0745
.0745
.0744
.0744
.0744
.0743
.0743
.0742
.0742
.0741
.0741
.0741
.074
.074
.0739
.0739
.0738
.0738
.0738
.0737
.0737
.0736
.0736
.0735
.0735
.0735
.0734
.0734
.0733
.0733
.0733
.0732
.0732
.0731
.0731
.073
.073
.073
.0729
.0729
.0728
.0728
.0728
.0727
.0727
.0726
.0726
.0725
.0725
.0725
.0724
.0724
.0723
.0723
.0723
.0722
.0722
.0721
.0721
.0721
.072
.072
.0719
.0719
.0719
.0718
.0718
.0717
.0717
.0717
.0716
.0716
.0715
.0715
.0715
.0714
.0714
.0713
.0713
.0713
.0712
.0712
.0711
.0711
.0711
.071
.071
.0709
.0709
.0709
.0708
.0708
.0707
.0707
.0707
.0706
.0706
.0705
.0705
.0705
.0704
.0704
.0703
.0703
.0703
.0702
.0702
.0702
.0701
.0701
.07
.07
.07
.0699
.0699
.0698
.0698
.0698
.0697
.0697
.0697
.0696
.0696
.0695
.0695
.0695
.0694
.0694
.0693
.0693
.0693
.0692
.0692
.0692
.0691
.0691
.069
.069
.069
.0689
.0689
.0689
.0688
.0688
.0687
.0687
.0687
.0686
.0686
.0686
.0685
.0685
.0684
.0684
.0684
.0683
.0683
.0683
.0682
.0682
.0682
.0681
.0681
.068
.068
.068
.0679
.0679
.0679
.0678
.0678
.0677
.0677
.0677
.0676
.0676
.0676
.0675
.0675
.0675
.0674
.0674
.0673
.0673
.0673
.0672
.0672
.0672
.0671
.0671
.0671
.067
.067
.067
.0669
.0669
.0668
.0668
.0668
.0667
.0667
.0667
.0666
.0666
.0666
.0665
.0665
.0665
.0664
.0664
.0663
.0663
.0663
.0662
.0662
.0662
.0661
.0661
.0661
.066
.066
.066
.0659
.0659
.0659
.0658
.0658
.0658
.0657
.0657
.0656
.0656
.0656
.0655
.0655
.0655
.0654
.0654
.0654
.0653
.0653
.0653
.0652
.0652
.0652
.0651
.0651
.0651
.065
.065
.065
.0649
.0649
.0649
.0648
.0648
.0648
.0647
.0647
.0647
.0646
.0646
.0646
.0645
.0645
.0645
.0644
.0644
.0644
.0643
.0643
.0643
.0642
.0642
.0642
.0641
.0641
.0641
.064
.064
.064
.0639
.0639
.0639
.0638
.0638
.0638
.0637
.0637
.0637
.0636
.0636
.0636
.0635
.0635
.0635
.0634
.0634
.0634
.0633
.0633
.0633
.0632
.0632
.0632
.0631
.0631
.0631
.063
.063
.063
.0629
.0629
.0629
.0629
.0628
.0628
.0628
.0627
.0627
.0627
.0626
.0626
.0626
.0625
.0625
.0625
.0624
.0624
.0624
.0623
.0623
.0623
.0622
.0622
.0622
.0622
.0621
.0621
.0621
.062
.062
.062
.0619
.0619
.0619
.0618
.0618
.0618
.0617
.0617
.0617
.0617
.0616
.0616
.0616
.0615
.0615
.0615
.0614
.0614
.0614
.0613
.0613
.0613
.0613
.0612
.0612
.0612
.0611
.0611
.0611
.061
.061
.061
.0609
.0609
.0609
.0609
.0608
.0608
.0608
.0607
.0607
.0607
.0606
.0606
.0606
.0606
.0605
.0605
.0605
.0604
.0604
.0604
.0603
.0603
.0603
.0603
.0602
.0602
.0602
.0601
.0601
.0601
.06
.06
.06
.06
.0599
.0599
.0599
.0598
.0598
.0598
.0598
.0597
.0597
.0597
.0596
.0596
.0596
.0595
.0595
.0595
.0595
.0594
.0594
.0594
.0593
.0593
.0593
.0593
.0592
.0592
.0592
.0591
.0591
.0591
.0591
.059
.059
.059
.0589
.0589
.0589
.0589
.0588
.0588
.0588
.0587
.0587
.0587
.0587
.0586
.0586
.0586
.0585
.0585
.0585
.0585
.0584
.0584
.0584
.0583
.0583
.0583
.0583
.0582
.0582
.0582
.0581
.0581
.0581
.0581
.058
.058
.058
.0579
.0579
.0579
.0579
.0578
.0578
.0578
.0578
.0577
.0577
.0577
.0576
.0576
.0576
.0576
.0575
.0575
.0575
.0574
.0574
.0574
.0574
.0573
.0573
.0573
.0573
.0572
.0572
.0572
.0571
.0571
.0571
.0571
.057
.057
.057
.057
.0569
.0569
.0569
.0569
.0568
.0568
.0568
.0567
.0567
.0567
.0567
.0566
.0566
.0566
.0566
.0565
.0565
.0565
.0565
.0564
.0564
.0564
.0563
.0563
.0563
.0563
.0562
.0562
.0562
.0562
.0561
.0561
.0561
.0561
.056
.056
.056
.0559
.0559
.0559
.0559
.0558
.0558
.0558
.0558
.0557
.0557
.0557
.0557
.0556
.0556
.0556
.0556
.0555
.0555
.0555
.0555
.0554
.0554
.0554
.0554
.0553
.0553
.0553
.0552
.0552
.0552
.0552
.0551
.0551
.0551
.0551
.055
.055
.055
.055
.0549
.0549
.0549
.0549
.0548
.0548
.0548
.0548
.0547
.0547
.0547
.0547
.0546
.0546
.0546
.0546
.0545
.0545
.0545
.0545
.0544
.0544
.0544
.0544
.0543
.0543
.0543
.0543
.0542
.0542
.0542
.0542
.0541
.0541
.0541
.0541
.054
.054
.054
.054
.0539
.0539
.0539
.0539
.0538
.0538
.0538
.0538
.0537
.0537
.0537
.0537
.0537
.0536
.0536
.0536
.0536
.0535
.0535
.0535
.0535
.0534
.0534
.0534
.0534
.0533
.0533
.0533
.0533
.0532
.0532
.0532
.0532
.0531
.0531
.0531
.0531
.053
.053
.053
.053
.053
.0529
.0529
.0529
.0529
.0528
.0528
.0528
.0528
.0527
.0527
.0527
.0527
.0526
.0526
.0526
.0526
.0526
.0525
.0525
.0525
.0525
.0524
.0524
.0524
.0524
.0523
.0523
.0523
.0523
.0522
.0522
.0522
.0522
.0522
.0521
.0521
.0521
.0521
.052
.052
.052
.052
.0519
.0519
.0519
.0519
.0519
.0518
.0518
.0518
.0518
.0517
.0517
.0517
.0517
.0517
.0516
.0516
.0516
.0516
.0515
.0515
.0515
.0515
.0514
.0514
.0514
.0514
.0514
.0513
.0513
.0513
.0513
.0512
.0512
.0512
.0512
.0512
.0511
.0511
.0511
.0511
.051
.051
.051
.051
.051
.0509
.0509
.0509
.0509
.0508
.0508
.0508
.0508
.0508
.0507
.0507
.0507
.0507
.0506
.0506
.0506
.0506
.0506
.0505
.0505
.0505
.0505
.0504
.0504
.0504
.0504
.0504
.0503
.0503
.0503
.0503
.0503
.0502
.0502
.0502
.0502
.0501
.0501
.0501
.0501
.0501
.05
.05
.05
