.636
.6329
.6298
.6266
.6235
.6204
.6172
.614
.6109
.6077
.6045
.6013
.5982
.595
.5919
.5888
.5857
.5826
.5796
.5766
.5737
.5708
.5679
.5651
.5624
.5597
.5571
.5545
.5521
.5497
.5473
.5451
.5429
.5408
.5388
.5369
.535
.5333
.5316
.53
.5285
.527
.5257
.5244
.5231
.522
.5209
.5199
.5189
.518
.5171
.5163
.5156
.5149
.5143
.5136
.5131
.5126
.5121
.5116
.5112
.5108
.5104
.5101
.5098
.5095
.5092
.5089
.5087
.5085
.5082
.5081
.5079
.5077
.5075
.5074
.5073
.5071
.507
.5069
.5068
.5067
.5066
.5065
.5064
.5063
.5062
.5062
.5061
.506
.5059
.5059
.5058
.5057
.5057
.5056
.5056
.5055
.5055
.5054
.5053
.5053
.5052
.5052
.5051
.5051
.505
.505
.5049
.5049
.5048
.5048
.5047
.5047
.5046
.5045
.5045
.5044
.5044
.5043
.5043
.5042
.5042
.5041
.5041
.504
.5039
.5039
.5038
.5038
.5037
.5037
.5036
.5035
.5035
.5034
.5034
.5033
.5032
.5032
.5031
.503
.503
.5029
.5028
.5028
.5027
.5026
.5026
.5025
.5024
.5024
.5023
.5022
.5022
.5021
.502
.5019
.5019
.5018
.5017
.5016
.5016
.5015
.5014
.5013
.5013
.5012
.5011
.501
.5009
.5009
.5008
.5007
.5006
.5005
.5004
.5003
.5003
.5002
.5001
.5
.4999
.4998
.4997
.4996
.4995
.4994
.4993
.4993
.4992
.4991
.499
.4989
.4988
.4987
.4986
.4985
.4984
.4983
.4981
.498
.4979
.4978
.4977
.4976
.4975
.4974
.4973
.4972
.4971
.4969
.4968
.4967
.4966
.4965
.4964
.4962
.4961
.496
.4959
.4957
.4956
.4955
.4954
.4952
.4951
.495
.4948
.4947
.4946
.4944
.4943
.4942
.494
.4939
.4938
.4936
.4935
.4933
.4932
.493
.4929
.4927
.4926
.4924
.4923
.4921
.492
.4918
.4917
.4915
.4914
.4912
.491
.4909
.4907
.4905
.4904
.4902
.49
.4899
.4897
.4895
.4894
.4892
.489
.4888
.4887
.4885
.4883
.4881
.4879
.4877
.4876
.4874
.4872
.487
.4868
.4866
.4864
.4862
.486
.4858
.4856
.4854
.4852
.485
.4848
.4846
.4844
.4842
.484
.4837
.4835
.4833
.4831
.4829
.4827
.4824
.4822
.482
.4818
.4815
.4813
.4811
.4808
.4806
.4804
.4801
.4799
.4796
.4794
.4792
.4789
.4787
.4784
.4782
.4779
.4777
.4774
.4772
.4769
.4766
.4764
.4761
.4758
.4756
.4753
.475
.4748
.4745
.4742
.474
.4737
.4734
.4731
.4728
.4726
.4723
.472
.4717
.4714
.4711
.4708
.4705
.4702
.4699
.4696
.4693
.469
.4687
.4684
.4681
.4678
.4675
.4672
.4669
.4665
.4662
.4659
.4656
.4653
.4649
.4646
.4643
.464
.4636
.4633
.463
.4626
.4623
.462
.4616
.4613
.4609
.4606
.4602
.4599
.4596
.4592
.4588
.4585
.4581
.4578
.4574
.4571
.4567
.4563
.456
.4556
.4552
.4549
.4545
.4541
.4538
.4534
.453
.4526
.4523
.4519
.4515
.4511
.4507
.4503
.45
.4496
.4492
.4488
.4484
.448
.4476
.4472
.4468
.4464
.446
.4456
.4452
.4448
.4444
.444
.4436
.4432
.4427
.4423
.4419
.4415
.4411
.4407
.4402
.4398
.4394
.439
.4386
.4381
.4377
.4373
.4368
.4364
.436
.4355
.4351
.4347
.4342
.4338
.4334
.4329
.4325
.432
.4316
.4312
.4307
.4303
.4298
.4294
.4289
.4285
.428
.4276
.4271
.4267
.4262
.4258
.4253
.4248
.4244
.4239
.4235
.423
.4225
.4221
.4216
.4212
.4207
.4202
.4198
.4193
.4188
.4184
.4179
.4174
.4169
.4165
.416
.4155
.415
.4146
.4141
.4136
.4131
.4127
.4122
.4117
.4112
.4107
.4103
.4098
.4093
.4088
.4083
.4079
.4074
.4069
.4064
.4059
.4054
.4049
.4044
.404
.4035
.403
.4025
.402
.4015
.401
.4005
.4
.3995
.3991
.3986
.3981
.3976
.3971
.3966
.3961
.3956
.3951
.3946
.3941
.3936
.3931
.3926
.3921
.3916
.3911
.3906
.3901
.3896
.3891
.3886
.3881
.3876
.3871
.3866
.3861
.3856
.3851
.3846
.3841
.3836
.3831
.3826
.3821
.3816
.3811
.3806
.3801
.3796
.3791
.3786
.3781
.3776
.3771
.3766
.3761
.3756
.3751
.3746
.3741
.3736
.3731
.3726
.3721
.3716
.3711
.3706
.3701
.3696
.3691
.3686
.3681
.3676
.3671
.3666
.3661
.3656
.3651
.3646
.3641
.3636
.3631
.3626
.3621
.3616
.3611
.3606
.3601
.3596
.3591
.3586
.3581
.3576
.3571
.3566
.3561
.3556
.3551
.3546
.3541
.3537
.3532
.3527
.3522
.3517
.3512
.3507
.3502
.3497
.3492
.3487
.3482
.3477
.3472
.3467
.3463
.3458
.3453
.3448
.3443
.3438
.3433
.3428
.3423
.3419
.3414
.3409
.3404
.3399
.3394
.3389
.3385
.338
.3375
.337
.3365
.336
.3356
.3351
.3346
.3341
.3336
.3332
.3327
.3322
.3317
.3312
.3308
.3303
.3298
.3293
.3289
.3284
.3279
.3274
.327
.3265
.326
.3255
.3251
.3246
.3241
.3237
.3232
.3227
.3222
.3218
.3213
.3208
.3204
.3199
.3194
.319
.3185
.3181
.3176
.3171
.3167
.3162
.3157
.3153
.3148
.3144
.3139
.3134
.313
.3125
.3121
.3116
.3112
.3107
.3103
.3098
.3093
.3089
.3084
.308
.3075
.3071
.3066
.3062
.3057
.3053
.3048
.3044
.304
.3035
.3031
.3026
.3022
.3017
.3013
.3009
.3004
.3
.2995
.2991
.2987
.2982
.2978
.2973
.2969
.2965
.296
.2956
.2952
.2947
.2943
.2939
.2934
.293
.2926
.2921
.2917
.2913
.2909
.2904
.29
.2896
.2892
.2887
.2883
.2879
.2875
.2871
.2866
.2862
.2858
.2854
.285
.2845
.2841
.2837
.2833
.2829
.2825
.2821
.2816
.2812
.2808
.2804
.28
.2796
.2792
.2788
.2784
.278
.2776
.2771
.2767
.2763
.2759
.2755
.2751
.2747
.2743
.2739
.2735
.2731
.2727
.2723
.2719
.2715
.2712
.2708
.2704
.27
.2696
.2692
.2688
.2684
.268
.2676
.2672
.2669
.2665
.2661
.2657
.2653
.2649
.2645
.2642
.2638
.2634
.263
.2626
.2623
.2619
.2615
.2611
.2607
.2604
.26
.2596
.2592
.2589
.2585
.2581
.2578
.2574
.257
.2566
.2563
.2559
.2555
.2552
.2548
.2544
.2541
.2537
.2534
.253
.2526
.2523
.2519
.2515
.2512
.2508
.2505
.2501
.2498
.2494
.249
.2487
.2483
.248
.2476
.2473
.2469
.2466
.2462
.2459
.2455
.2452
.2448
.2445
.2441
.2438
.2434
.2431
.2428
.2424
.2421
.2417
.2414
.2411
.2407
.2404
.24
.2397
.2394
.239
.2387
.2384
.238
.2377
.2374
.237
.2367
.2364
.236
.2357
.2354
.235
.2347
.2344
.2341
.2337
.2334
.2331
.2328
.2324
.2321
.2318
.2315
.2311
.2308
.2305
.2302
.2299
.2295
.2292
.2289
.2286
.2283
.228
.2277
.2273
.227
.2267
.2264
.2261
.2258
.2255
.2252
.2249
.2245
.2242
.2239
.2236
.2233
.223
.2227
.2224
.2221
.2218
.2215
.2212
.2209
.2206
.2203
.22
.2197
.2194
.2191
.2188
.2185
.2182
.2179
.2176
.2173
.217
.2167
.2164
.2162
.2159
.2156
.2153
.215
.2147
.2144
.2141
.2138
.2135
.2133
.213
.2127
.2124
.2121
.2118
.2116
.2113
.211
.2107
.2104
.2101
.2099
.2096
.2093
.209
.2088
.2085
.2082
.2079
.2077
.2074
.2071
.2068
.2066
.2063
.206
.2057
.2055
.2052
.2049
.2047
.2044
.2041
.2039
.2036
.2033
.2031
.2028
.2025
.2023
.202
.2017
.2015
.2012
.2009
.2007
.2004
.2002
.1999
.1996
.1994
.1991
.1989
.1986
.1983
.1981
.1978
.1976
.1973
.1971
.1968
.1966
.1963
.1961
.1958
.1956
.1953
.1951
.1948
.1946
.1943
.1941
.1938
.1936
.1933
.1931
.1928
.1926
.1923
.1921
.1918
.1916
.1913
.1911
.1909
.1906
.1904
.1901
.1899
.1897
.1894
.1892
.1889
.1887
.1885
.1882
.188
.1878
.1875
.1873
.187
.1868
.1866
.1863
.1861
.1859
.1856
.1854
.1852
.1849
.1847
.1845
.1843
.184
.1838
.1836
.1833
.1831
.1829
.1827
.1824
.1822
.182
.1818
.1815
.1813
.1811
.1809
.1806
.1804
.1802
.18
.1798
.1795
.1793
.1791
.1789
.1787
.1784
.1782
.178
.1778
.1776
.1773
.1771
.1769
.1767
.1765
.1763
.1761
.1758
.1756
.1754
.1752
.175
.1748
.1746
.1744
.1741
.1739
.1737
.1735
.1733
.1731
.1729
.1727
.1725
.1723
.1721
.1719
.1717
.1714
.1712
.171
.1708
.1706
.1704
.1702
.17
.1698
.1696
.1694
.1692
.169
.1688
.1686
.1684
.1682
.168
.1678
.1676
.1674
.1672
.167
.1668
.1666
.1664
.1662
.166
.1659
.1657
.1655
.1653
.1651
.1649
.1647
.1645
.1643
.1641
.1639
.1637
.1635
.1633
.1632
.163
.1628
.1626
.1624
.1622
.162
.1618
.1617
.1615
.1613
.1611
.1609
.1607
.1605
.1604
.1602
.16
.1598
.1596
.1594
.1593
.1591
.1589
.1587
.1585
.1583
.1582
.158
.1578
.1576
.1574
.1573
.1571
.1569
.1567
.1566
.1564
.1562
.156
.1558
.1557
.1555
.1553
.1551
.155
.1548
.1546
.1544
.1543
.1541
.1539
.1538
.1536
.1534
.1532
.1531
.1529
.1527
.1526
.1524
.1522
.152
.1519
.1517
.1515
.1514
.1512
.151
.1509
.1507
.1505
.1504
.1502
.15
.1499
.1497
.1495
.1494
.1492
.149
.1489
.1487
.1486
.1484
.1482
.1481
.1479
.1477
.1476
.1474
.1473
.1471
.1469
.1468
.1466
.1465
.1463
.1461
.146
.1458
.1457
.1455
.1453
.1452
.145
.1449
.1447
.1446
.1444
.1443
.1441
.1439
.1438
.1436
.1435
.1433
.1432
.143
.1429
.1427
.1426
.1424
.1423
.1421
.1419
.1418
.1416
.1415
.1413
.1412
.141
.1409
.1407
.1406
.1404
.1403
.1402
.14
.1399
.1397
.1396
.1394
.1393
.1391
.139
.1388
.1387
.1385
.1384
.1382
.1381
.138
.1378
.1377
.1375
.1374
.1372
.1371
.1369
.1368
.1367
.1365
.1364
.1362
.1361
.136
.1358
.1357
.1355
.1354
.1353
.1351
.135
.1348
.1347
.1346
.1344
.1343
.1341
.134
.1339
.1337
.1336
.1335
.1333
.1332
.133
.1329
.1328
.1326
.1325
.1324
.1322
.1321
.132
.1318
.1317
.1316
.1314
.1313
.1312
.131
.1309
.1308
.1306
.1305
.1304
.1302
.1301
.13
.1298
.1297
.1296
.1295
.1293
.1292
.1291
.1289
.1288
.1287
.1285
.1284
.1283
.1282
.128
.1279
.1278
.1277
.1275
.1274
.1273
.1271
.127
.1269
.1268
.1266
.1265
.1264
.1263
.1261
.126
.1259
.1258
.1256
.1255
.1254
.1253
.1252
.125
.1249
.1248
.1247
.1245
.1244
.1243
.1242
.1241
.1239
.1238
.1237
.1236
.1235
.1233
.1232
.1231
.123
.1229
.1227
.1226
.1225
.1224
.1223
.1221
.122
.1219
.1218
.1217
.1216
.1214
.1213
.1212
.1211
.121
.1209
.1207
.1206
.1205
.1204
.1203
.1202
.1201
.1199
.1198
.1197
.1196
.1195
.1194
.1193
.1191
.119
.1189
.1188
.1187
.1186
.1185
.1184
.1182
.1181
.118
.1179
.1178
.1177
.1176
.1175
.1174
.1172
.1171
.117
.1169
.1168
.1167
.1166
.1165
.1164
.1163
.1162
.116
.1159
.1158
.1157
.1156
.1155
.1154
.1153
.1152
.1151
.115
.1149
.1148
.1147
.1145
.1144
.1143
.1142
.1141
.114
.1139
.1138
.1137
.1136
.1135
.1134
.1133
.1132
.1131
.113
.1129
.1128
.1127
.1126
.1125
.1124
.1123
.1122
.1121
.112
.1119
.1117
.1116
.1115
.1114
.1113
.1112
.1111
.111
.1109
.1108
.1107
.1106
.1105
.1104
.1103
.1102
.1101
.11
.1099
.1099
.1098
.1097
.1096
.1095
.1094
.1093
.1092
.1091
.109
.1089
.1088
.1087
.1086
.1085
.1084
.1083
.1082
.1081
.108
.1079
.1078
.1077
.1076
.1075
.1074
.1073
.1072
.1071
.1071
.107
.1069
.1068
.1067
.1066
.1065
.1064
.1063
.1062
.1061
.106
.1059
.1058
.1057
.1057
.1056
.1055
.1054
.1053
.1052
.1051
.105
.1049
.1048
.1047
.1047
.1046
.1045
.1044
.1043
.1042
.1041
.104
.1039
.1038
.1038
.1037
.1036
.1035
.1034
.1033
.1032
.1031
.103
.103
.1029
.1028
.1027
.1026
.1025
.1024
.1023
.1023
.1022
.1021
.102
.1019
.1018
.1017
.1016
.1016
.1015
.1014
.1013
.1012
.1011
.101
.101
.1009
.1008
.1007
.1006
.1005
.1004
.1004
.1003
.1002
.1001
.1
.0999
.0999
.0998
.0997
.0996
.0995
.0994
.0994
.0993
.0992
.0991
.099
.0989
.0989
.0988
.0987
.0986
.0985
.0985
.0984
.0983
.0982
.0981
.0981
.098
.0979
.0978
.0977
.0976
.0976
.0975
.0974
.0973
.0972
.0972
.0971
.097
.0969
.0968
.0968
.0967
.0966
.0965
.0965
.0964
.0963
.0962
.0961
.0961
.096
.0959
.0958
.0957
.0957
.0956
.0955
.0954
.0954
.0953
.0952
.0951
.0951
.095
.0949
.0948
.0947
.0947
.0946
.0945
.0944
.0944
.0943
.0942
.0941
.0941
.094
.0939
.0938
.0938
.0937
.0936
.0935
.0935
.0934
.0933
.0932
.0932
.0931
.093
.0929
.0929
.0928
.0927
.0926
.0926
.0925
.0924
.0924
.0923
.0922
.0921
.0921
.092
.0919
.0918
.0918
.0917
.0916
.0916
.0915
.0914
.0913
.0913
.0912
.0911
.0911
.091
.0909
.0908
.0908
.0907
.0906
.0906
.0905
.0904
.0904
.0903
.0902
.0901
.0901
.09
.0899
.0899
.0898
.0897
.0897
.0896
.0895
.0894
.0894
.0893
.0892
.0892
.0891
.089
.089
.0889
.0888
.0888
.0887
.0886
.0886
.0885
.0884
.0884
.0883
.0882
.0881
.0881
.088
.0879
.0879
.0878
.0877
.0877
.0876
.0875
.0875
.0874
.0873
.0873
.0872
.0871
.0871
.087
.087
.0869
.0868
.0868
.0867
.0866
.0866
.0865
.0864
.0864
.0863
.0862
.0862
.0861
.086
.086
.0859
.0858
.0858
.0857
.0857
.0856
.0855
.0855
.0854
.0853
.0853
.0852
.0851
.0851
.085
.085
.0849
.0848
.0848
.0847
.0846
.0846
.0845
.0845
.0844
.0843
.0843
.0842
.0841
.0841
.084
.084
.0839
.0838
.0838
.0837
.0836
.0836
.0835
.0835
.0834
.0833
.0833
.0832
.0832
.0831
.083
.083
.0829
.0829
.0828
.0827
.0827
.0826
.0826
.0825
.0824
.0824
.0823
.0823
.0822
.0821
.0821
.082
.082
.0819
.0818
.0818
.0817
.0817
.0816
.0815
.0815
.0814
.0814
.0813
.0813
.0812
.0811
.0811
.081
.081
.0809
.0808
.0808
.0807
.0807
.0806
.0806
.0805
.0804
.0804
.0803
.0803
.0802
.0802
.0801
.08
.08
.0799
.0799
.0798
.0798
.0797
.0796
.0796
.0795
.0795
.0794
.0794
.0793
.0793
.0792
.0791
.0791
.079
.079
.0789
.0789
.0788
.0788
.0787
.0786
.0786
.0785
.0785
.0784
.0784
.0783
.0783
.0782
.0782
.0781
.078
.078
.0779
.0779
.0778
.0778
.0777
.0777
.0776
.0776
.0775
.0775
.0774
.0773
.0773
.0772
.0772
.0771
.0771
.077
.077
.0769
.0769
.0768
.0768
.0767
.0767
.0766
.0766
.0765
.0764
.0764
.0763
.0763
.0762
.0762
.0761
.0761
.076
.076
.0759
.0759
.0758
.0758
.0757
.0757
.0756
.0756
.0755
.0755
.0754
.0754
.0753
.0753
.0752
.0752
.0751
.0751
.075
.075
.0749
.0749
.0748
.0748
.0747
.0747
.0746
.0746
.0745
.0745
.0744
.0744
.0743
.0743
.0742
.0742
.0741
.0741
.074
.074
.0739
.0739
.0738
.0738
.0737
.0737
.0736
.0736
.0735
.0735
.0734
.0734
.0733
.0733
.0732
.0732
.0731
.0731
.073
.073
.0729
.0729
.0728
.0728
.0727
.0727
.0726
.0726
.0725
.0725
.0725
.0724
.0724
.0723
.0723
.0722
.0722
.0721
.0721
.072
.072
.0719
.0719
.0718
.0718
.0717
.0717
.0716
.0716
.0716
.0715
.0715
.0714
.0714
.0713
.0713
.0712
.0712
.0711
.0711
.071
.071
.071
.0709
.0709
.0708
.0708
.0707
.0707
.0706
.0706
.0705
.0705
.0705
.0704
.0704
.0703
.0703
.0702
.0702
.0701
.0701
.07
.07
.07
.0699
.0699
.0698
.0698
.0697
.0697
.0696
.0696
.0696
.0695
.0695
.0694
.0694
.0693
.0693
.0693
.0692
.0692
.0691
.0691
.069
.069
.0689
.0689
.0689
.0688
.0688
.0687
.0687
.0686
.0686
.0686
.0685
.0685
.0684
.0684
.0683
.0683
.0683
.0682
.0682
.0681
.0681
.068
.068
.068
.0679
.0679
.0678
.0678
.0677
.0677
.0677
.0676
.0676
.0675
.0675
.0674
.0674
.0674
.0673
.0673
.0672
.0672
.0672
.0671
.0671
.067
.067
.0669
.0669
.0669
.0668
.0668
.0667
.0667
.0667
.0666
.0666
.0665
.0665
.0665
.0664
.0664
.0663
.0663
.0663
.0662
.0662
.0661
.0661
.0661
.066
.066
.0659
.0659
.0659
.0658
.0658
.0657
.0657
.0657
.0656
.0656
.0655
.0655
.0655
.0654
.0654
.0653
.0653
.0653
.0652
.0652
.0651
.0651
.0651
.065
.065
.0649
.0649
.0649
.0648
.0648
.0647
.0647
.0647
.0646
.0646
.0645
.0645
.0645
.0644
.0644
.0644
.0643
.0643
.0642
.0642
.0642
.0641
.0641
.064
.064
.064
.0639
.0639
.0639
.0638
.0638
.0637
.0637
.0637
.0636
.0636
.0636
.0635
.0635
.0634
.0634
.0634
.0633
.0633
.0633
.0632
.0632
.0631
.0631
.0631
.063
.063
.063
.0629
.0629
.0628
.0628
.0628
.0627
.0627
.0627
.0626
.0626
.0626
.0625
.0625
.0624
.0624
.0624
.0623
.0623
.0623
.0622
.0622
.0622
.0621
.0621
.062
.062
.062
.0619
.0619
.0619
.0618
.0618
.0618
.0617
.0617
.0617
.0616
.0616
.0615
.0615
.0615
.0614
.0614
.0614
.0613
.0613
.0613
.0612
.0612
.0612
.0611
.0611
.0611
.061
.061
.0609
.0609
.0609
.0608
.0608
.0608
.0607
.0607
.0607
.0606
.0606
.0606
.0605
.0605
.0605
.0604
.0604
.0604
.0603
.0603
.0603
.0602
.0602
.0602
.0601
.0601
.0601
.06
.06
.0599
.0599
.0599
.0598
.0598
.0598
.0597
.0597
.0597
.0596
.0596
.0596
.0595
.0595
.0595
.0594
.0594
.0594
.0593
.0593
.0593
.0592
.0592
.0592
.0591
.0591
.0591
.059
.059
.059
.0589
.0589
.0589
.0588
.0588
.0588
.0588
.0587
.0587
.0587
.0586
.0586
.0586
.0585
.0585
.0585
.0584
.0584
.0584
.0583
.0583
.0583
.0582
.0582
.0582
.0581
.0581
.0581
.058
.058
.058
.0579
.0579
.0579
.0578
.0578
.0578
.0578
.0577
.0577
.0577
.0576
.0576
.0576
.0575
.0575
.0575
.0574
.0574
.0574
.0573
.0573
.0573
.0573
.0572
.0572
.0572
.0571
.0571
.0571
.057
.057
.057
.0569
.0569
.0569
.0568
.0568
.0568
.0568
.0567
.0567
.0567
.0566
.0566
.0566
.0565
.0565
.0565
.0564
.0564
.0564
.0564
.0563
.0563
.0563
.0562
.0562
.0562
.0561
.0561
.0561
.0561
.056
.056
.056
.0559
.0559
.0559
.0558
.0558
.0558
.0558
.0557
.0557
.0557
.0556
.0556
.0556
.0556
.0555
.0555
.0555
.0554
.0554
.0554
.0553
.0553
.0553
.0553
.0552
.0552
.0552
.0551
.0551
.0551
.0551
.055
.055
.055
.0549
.0549
.0549
.0549
.0548
.0548
.0548
.0547
.0547
.0547
.0546
.0546
.0546
.0546
.0545
.0545
.0545
.0544
.0544
.0544
.0544
.0543
.0543
.0543
.0543
.0542
.0542
.0542
.0541
.0541
.0541
.0541
.054
.054
.054
.0539
.0539
.0539
.0539
.0538
.0538
.0538
.0537
.0537
.0537
.0537
.0536
.0536
.0536
.0536
.0535
.0535
.0535
.0534
.0534
.0534
.0534
.0533
.0533
.0533
.0532
.0532
.0532
.0532
.0531
.0531
.0531
.0531
.053
.053
.053
.053
.0529
.0529
.0529
.0528
.0528
.0528
.0528
.0527
.0527
.0527
.0527
.0526
.0526
.0526
.0525
.0525
.0525
.0525
.0524
.0524
.0524
.0524
.0523
.0523
.0523
.0523
.0522
.0522
.0522
.0522
.0521
.0521
.0521
.052
.052
.052
.052
.0519
.0519
.0519
.0519
.0518
.0518
.0518
.0518
.0517
.0517
.0517
.0517
.0516
.0516
.0516
.0516
.0515
.0515
.0515
.0514
.0514
.0514
.0514
.0513
.0513
.0513
.0513
.0512
.0512
.0512
.0512
.0511
.0511
.0511
.0511
.051
.051
.051
.051
.0509
.0509
.0509
.0509
.0508
.0508
.0508
.0508
.0507
.0507
.0507
.0507
.0506
.0506
.0506
.0506
.0505
.0505
.0505
.0505
.0504
.0504
.0504
.0504
.0503
.0503
.0503
.0503
.0502
.0502
.0502
.0502
.0501
.0501
.0501
.0501
.05
.05
.05
