.5621
.5606
.5591
.5577
.5563
.5549
.5536
.5522
.551
.5497
.5485
.5473
.5462
.5451
.544
.543
.542
.541
.54
.5391
.5383
.5374
.5366
.5358
.535
.5343
.5336
.5329
.5323
.5317
.5311
.5305
.5299
.5294
.5289
.5284
.5279
.5275
.5271
.5267
.5263
.5259
.5255
.5252
.5248
.5245
.5242
.5239
.5236
.5233
.523
.5228
.5225
.5223
.522
.5218
.5216
.5214
.5212
.5209
.5207
.5205
.5203
.5201
.52
.5198
.5196
.5194
.5192
.519
.5189
.5187
.5185
.5184
.5182
.518
.5178
.5177
.5175
.5173
.5172
.517
.5168
.5167
.5165
.5164
.5162
.516
.5159
.5157
.5155
.5154
.5152
.515
.5149
.5147
.5145
.5144
.5142
.514
.5138
.5137
.5135
.5133
.5132
.513
.5128
.5126
.5124
.5123
.5121
.5119
.5117
.5116
.5114
.5112
.511
.5108
.5106
.5105
.5103
.5101
.5099
.5097
.5095
.5093
.5091
.5089
.5087
.5086
.5084
.5082
.508
.5078
.5076
.5074
.5072
.507
.5068
.5066
.5064
.5062
.506
.5057
.5055
.5053
.5051
.5049
.5047
.5045
.5043
.5041
.5039
.5036
.5034
.5032
.503
.5028
.5026
.5023
.5021
.5019
.5017
.5015
.5012
.501
.5008
.5006
.5003
.5001
.4999
.4996
.4994
.4992
.4989
.4987
.4985
.4982
.498
.4978
.4975
.4973
.4971
.4968
.4966
.4963
.4961
.4959
.4956
.4954
.4951
.4949
.4946
.4944
.4941
.4939
.4936
.4934
.4931
.4929
.4926
.4924
.4921
.4918
.4916
.4913
.4911
.4908
.4905
.4903
.49
.4898
.4895
.4892
.489
.4887
.4884
.4882
.4879
.4876
.4874
.4871
.4868
.4865
.4863
.486
.4857
.4854
.4852
.4849
.4846
.4843
.484
.4838
.4835
.4832
.4829
.4826
.4823
.4821
.4818
.4815
.4812
.4809
.4806
.4803
.48
.4797
.4794
.4791
.4789
.4786
.4783
.478
.4777
.4774
.4771
.4768
.4765
.4762
.4759
.4756
.4753
.475
.4746
.4743
.474
.4737
.4734
.4731
.4728
.4725
.4722
.4719
.4716
.4712
.4709
.4706
.4703
.47
.4697
.4693
.469
.4687
.4684
.4681
.4678
.4674
.4671
.4668
.4665
.4661
.4658
.4655
.4652
.4648
.4645
.4642
.4639
.4635
.4632
.4629
.4625
.4622
.4619
.4615
.4612
.4609
.4605
.4602
.4599
.4595
.4592
.4589
.4585
.4582
.4579
.4575
.4572
.4568
.4565
.4562
.4558
.4555
.4551
.4548
.4544
.4541
.4538
.4534
.4531
.4527
.4524
.452
.4517
.4513
.451
.4506
.4503
.4499
.4496
.4492
.4489
.4485
.4482
.4478
.4475
.4471
.4468
.4464
.4461
.4457
.4453
.445
.4446
.4443
.4439
.4436
.4432
.4428
.4425
.4421
.4418
.4414
.441
.4407
.4403
.44
.4396
.4392
.4389
.4385
.4382
.4378
.4374
.4371
.4367
.4363
.436
.4356
.4353
.4349
.4345
.4342
.4338
.4334
.4331
.4327
.4323
.432
.4316
.4312
.4309
.4305
.4301
.4297
.4294
.429
.4286
.4283
.4279
.4275
.4272
.4268
.4264
.4261
.4257
.4253
.4249
.4246
.4242
.4238
.4235
.4231
.4227
.4223
.422
.4216
.4212
.4208
.4205
.4201
.4197
.4194
.419
.4186
.4182
.4179
.4175
.4171
.4167
.4164
.416
.4156
.4152
.4149
.4145
.4141
.4137
.4134
.413
.4126
.4122
.4119
.4115
.4111
.4107
.4104
.41
.4096
.4092
.4089
.4085
.4081
.4077
.4074
.407
.4066
.4062
.4059
.4055
.4051
.4047
.4044
.404
.4036
.4032
.4029
.4025
.4021
.4017
.4014
.401
.4006
.4002
.3999
.3995
.3991
.3987
.3983
.398
.3976
.3972
.3968
.3965
.3961
.3957
.3953
.395
.3946
.3942
.3938
.3935
.3931
.3927
.3924
.392
.3916
.3912
.3909
.3905
.3901
.3897
.3894
.389
.3886
.3882
.3879
.3875
.3871
.3867
.3864
.386
.3856
.3853
.3849
.3845
.3841
.3838
.3834
.383
.3827
.3823
.3819
.3815
.3812
.3808
.3804
.3801
.3797
.3793
.379
.3786
.3782
.3778
.3775
.3771
.3767
.3764
.376
.3756
.3753
.3749
.3745
.3742
.3738
.3734
.3731
.3727
.3723
.372
.3716
.3712
.3709
.3705
.3701
.3698
.3694
.369
.3687
.3683
.3679
.3676
.3672
.3668
.3665
.3661
.3658
.3654
.365
.3647
.3643
.3639
.3636
.3632
.3629
.3625
.3621
.3618
.3614
.3611
.3607
.3603
.36
.3596
.3593
.3589
.3585
.3582
.3578
.3575
.3571
.3568
.3564
.356
.3557
.3553
.355
.3546
.3543
.3539
.3535
.3532
.3528
.3525
.3521
.3518
.3514
.3511
.3507
.3504
.35
.3497
.3493
.349
.3486
.3483
.3479
.3476
.3472
.3468
.3465
.3462
.3458
.3455
.3451
.3448
.3444
.3441
.3437
.3434
.343
.3427
.3423
.342
.3416
.3413
.3409
.3406
.3403
.3399
.3396
.3392
.3389
.3385
.3382
.3379
.3375
.3372
.3368
.3365
.3361
.3358
.3355
.3351
.3348
.3344
.3341
.3338
.3334
.3331
.3327
.3324
.3321
.3317
.3314
.3311
.3307
.3304
.3301
.3297
.3294
.3291
.3287
.3284
.3281
.3277
.3274
.3271
.3267
.3264
.3261
.3257
.3254
.3251
.3247
.3244
.3241
.3237
.3234
.3231
.3228
.3224
.3221
.3218
.3214
.3211
.3208
.3205
.3201
.3198
.3195
.3192
.3188
.3185
.3182
.3179
.3175
.3172
.3169
.3166
.3163
.3159
.3156
.3153
.315
.3146
.3143
.314
.3137
.3134
.313
.3127
.3124
.3121
.3118
.3115
.3111
.3108
.3105
.3102
.3099
.3096
.3092
.3089
.3086
.3083
.308
.3077
.3074
.3071
.3067
.3064
.3061
.3058
.3055
.3052
.3049
.3046
.3043
.3039
.3036
.3033
.303
.3027
.3024
.3021
.3018
.3015
.3012
.3009
.3006
.3003
.2999
.2996
.2993
.299
.2987
.2984
.2981
.2978
.2975
.2972
.2969
.2966
.2963
.296
.2957
.2954
.2951
.2948
.2945
.2942
.2939
.2936
.2933
.293
.2927
.2924
.2921
.2918
.2915
.2912
.2909
.2906
.2904
.2901
.2898
.2895
.2892
.2889
.2886
.2883
.288
.2877
.2874
.2871
.2868
.2865
.2863
.286
.2857
.2854
.2851
.2848
.2845
.2842
.2839
.2837
.2834
.2831
.2828
.2825
.2822
.2819
.2816
.2814
.2811
.2808
.2805
.2802
.2799
.2797
.2794
.2791
.2788
.2785
.2782
.278
.2777
.2774
.2771
.2768
.2766
.2763
.276
.2757
.2754
.2752
.2749
.2746
.2743
.274
.2738
.2735
.2732
.2729
.2727
.2724
.2721
.2718
.2716
.2713
.271
.2707
.2705
.2702
.2699
.2696
.2694
.2691
.2688
.2686
.2683
.268
.2677
.2675
.2672
.2669
.2667
.2664
.2661
.2659
.2656
.2653
.2651
.2648
.2645
.2643
.264
.2637
.2635
.2632
.2629
.2627
.2624
.2621
.2619
.2616
.2613
.2611
.2608
.2605
.2603
.26
.2598
.2595
.2592
.259
.2587
.2584
.2582
.2579
.2577
.2574
.2571
.2569
.2566
.2564
.2561
.2559
.2556
.2553
.2551
.2548
.2546
.2543
.254
.2538
.2535
.2533
.253
.2528
.2525
.2523
.252
.2518
.2515
.2512
.251
.2507
.2505
.2502
.25
.2497
.2495
.2492
.249
.2487
.2485
.2482
.248
.2477
.2475
.2472
.247
.2467
.2465
.2462
.246
.2457
.2455
.2452
.245
.2447
.2445
.2442
.244
.2438
.2435
.2433
.243
.2428
.2425
.2423
.242
.2418
.2415
.2413
.2411
.2408
.2406
.2403
.2401
.2398
.2396
.2394
.2391
.2389
.2386
.2384
.2382
.2379
.2377
.2374
.2372
.237
.2367
.2365
.2362
.236
.2358
.2355
.2353
.235
.2348
.2346
.2343
.2341
.2339
.2336
.2334
.2331
.2329
.2327
.2324
.2322
.232
.2317
.2315
.2313
.231
.2308
.2306
.2303
.2301
.2299
.2296
.2294
.2292
.2289
.2287
.2285
.2282
.228
.2278
.2276
.2273
.2271
.2269
.2266
.2264
.2262
.2259
.2257
.2255
.2253
.225
.2248
.2246
.2243
.2241
.2239
.2237
.2234
.2232
.223
.2228
.2225
.2223
.2221
.2218
.2216
.2214
.2212
.2209
.2207
.2205
.2203
.22
.2198
.2196
.2194
.2192
.2189
.2187
.2185
.2183
.218
.2178
.2176
.2174
.2172
.2169
.2167
.2165
.2163
.216
.2158
.2156
.2154
.2152
.2149
.2147
.2145
.2143
.2141
.2138
.2136
.2134
.2132
.213
.2128
.2125
.2123
.2121
.2119
.2117
.2115
.2112
.211
.2108
.2106
.2104
.2102
.2099
.2097
.2095
.2093
.2091
.2089
.2086
.2084
.2082
.208
.2078
.2076
.2074
.2072
.2069
.2067
.2065
.2063
.2061
.2059
.2057
.2055
.2052
.205
.2048
.2046
.2044
.2042
.204
.2038
.2035
.2033
.2031
.2029
.2027
.2025
.2023
.2021
.2019
.2017
.2015
.2012
.201
.2008
.2006
.2004
.2002
.2
.1998
.1996
.1994
.1992
.199
.1987
.1985
.1983
.1981
.1979
.1977
.1975
.1973
.1971
.1969
.1967
.1965
.1963
.1961
.1959
.1957
.1955
.1953
.195
.1948
.1946
.1944
.1942
.194
.1938
.1936
.1934
.1932
.193
.1928
.1926
.1924
.1922
.192
.1918
.1916
.1914
.1912
.191
.1908
.1906
.1904
.1902
.19
.1898
.1896
.1894
.1892
.189
.1888
.1886
.1884
.1882
.188
.1878
.1876
.1874
.1872
.187
.1868
.1866
.1864
.1862
.186
.1858
.1856
.1854
.1852
.185
.1848
.1846
.1844
.1842
.184
.1838
.1836
.1834
.1832
.183
.1828
.1826
.1824
.1822
.1821
.1819
.1817
.1815
.1813
.1811
.1809
.1807
.1805
.1803
.1801
.1799
.1797
.1795
.1793
.1791
.1789
.1787
.1785
.1784
.1782
.178
.1778
.1776
.1774
.1772
.177
.1768
.1766
.1764
.1762
.176
.1758
.1757
.1755
.1753
.1751
.1749
.1747
.1745
.1743
.1741
.1739
.1737
.1735
.1734
.1732
.173
.1728
.1726
.1724
.1722
.172
.1718
.1716
.1715
.1713
.1711
.1709
.1707
.1705
.1703
.1701
.1699
.1697
.1696
.1694
.1692
.169
.1688
.1686
.1684
.1682
.1681
.1679
.1677
.1675
.1673
.1671
.1669
.1667
.1666
.1664
.1662
.166
.1658
.1656
.1654
.1652
.1651
.1649
.1647
.1645
.1643
.1641
.1639
.1638
.1636
.1634
.1632
.163
.1628
.1626
.1625
.1623
.1621
.1619
.1617
.1615
.1613
.1612
.161
.1608
.1606
.1604
.1602
.1601
.1599
.1597
.1595
.1593
.1591
.1589
.1588
.1586
.1584
.1582
.158
.1578
.1577
.1575
.1573
.1571
.1569
.1568
.1566
.1564
.1562
.156
.1558
.1557
.1555
.1553
.1551
.1549
.1547
.1546
.1544
.1542
.154
.1538
.1537
.1535
.1533
.1531
.1529
.1528
.1526
.1524
.1522
.152
.1519
.1517
.1515
.1513
.1511
.151
.1508
.1506
.1504
.1502
.1501
.1499
.1497
.1495
.1493
.1492
.149
.1488
.1486
.1484
.1483
.1481
.1479
.1477
.1476
.1474
.1472
.147
.1468
.1467
.1465
.1463
.1461
.146
.1458
.1456
.1454
.1452
.1451
.1449
.1447
.1445
.1444
.1442
.144
.1438
.1437
.1435
.1433
.1431
.1429
.1428
.1426
.1424
.1422
.1421
.1419
.1417
.1415
.1414
.1412
.141
.1408
.1407
.1405
.1403
.1401
.14
.1398
.1396
.1394
.1393
.1391
.1389
.1388
.1386
.1384
.1382
.1381
.1379
.1377
.1375
.1374
.1372
.137
.1368
.1367
.1365
.1363
.1362
.136
.1358
.1356
.1355
.1353
.1351
.1349
.1348
.1346
.1344
.1343
.1341
.1339
.1337
.1336
.1334
.1332
.1331
.1329
.1327
.1326
.1324
.1322
.132
.1319
.1317
.1315
.1314
.1312
.131
.1309
.1307
.1305
.1303
.1302
.13
.1298
.1297
.1295
.1293
.1292
.129
.1288
.1287
.1285
.1283
.1282
.128
.1278
.1277
.1275
.1273
.1271
.127
.1268
.1266
.1265
.1263
.1261
.126
.1258
.1256
.1255
.1253
.1251
.125
.1248
.1247
.1245
.1243
.1242
.124
.1238
.1237
.1235
.1233
.1232
.123
.1228
.1227
.1225
.1223
.1222
.122
.1219
.1217
.1215
.1214
.1212
.121
.1209
.1207
.1205
.1204
.1202
.1201
.1199
.1197
.1196
.1194
.1192
.1191
.1189
.1188
.1186
.1184
.1183
.1181
.118
.1178
.1176
.1175
.1173
.1172
.117
.1168
.1167
.1165
.1164
.1162
.116
.1159
.1157
.1156
.1154
.1152
.1151
.1149
.1148
.1146
.1145
.1143
.1141
.114
.1138
.1137
.1135
.1134
.1132
.113
.1129
.1127
.1126
.1124
.1123
.1121
.1119
.1118
.1116
.1115
.1113
.1112
.111
.1109
.1107
.1105
.1104
.1102
.1101
.1099
.1098
.1096
.1095
.1093
.1092
.109
.1089
.1087
.1086
.1084
.1082
.1081
.1079
.1078
.1076
.1075
.1073
.1072
.107
.1069
.1067
.1066
.1064
.1063
.1061
.106
.1058
.1057
.1055
.1054
.1052
.1051
.1049
.1048
.1046
.1045
.1043
.1042
.104
.1039
.1037
.1036
.1034
.1033
.1032
.103
.1029
.1027
.1026
.1024
.1023
.1021
.102
.1018
.1017
.1015
.1014
.1013
.1011
.101
.1008
.1007
.1005
.1004
.1002
.1001
.1
.0998
.0997
.0995
.0994
.0992
.0991
.099
.0988
.0987
.0985
.0984
.0982
.0981
.098
.0978
.0977
.0975
.0974
.0973
.0971
.097
.0968
.0967
.0966
.0964
.0963
.0961
.096
.0959
.0957
.0956
.0954
.0953
.0952
.095
.0949
.0948
.0946
.0945
.0943
.0942
.0941
.0939
.0938
.0937
.0935
.0934
.0933
.0931
.093
.0929
.0927
.0926
.0924
.0923
.0922
.092
.0919
.0918
.0916
.0915
.0914
.0912
.0911
.091
.0908
.0907
.0906
.0905
.0903
.0902
.0901
.0899
.0898
.0897
.0895
.0894
.0893
.0891
.089
.0889
.0888
.0886
.0885
.0884
.0882
.0881
.088
.0879
.0877
.0876
.0875
.0873
.0872
.0871
.087
.0868
.0867
.0866
.0865
.0863
.0862
.0861
.086
.0858
.0857
.0856
.0855
.0853
.0852
.0851
.085
.0848
.0847
.0846
.0845
.0843
.0842
.0841
.084
.0839
.0837
.0836
.0835
.0834
.0832
.0831
.083
.0829
.0828
.0826
.0825
.0824
.0823
.0822
.082
.0819
.0818
.0817
.0816
.0814
.0813
.0812
.0811
.081
.0809
.0807
.0806
.0805
.0804
.0803
.0802
.08
.0799
.0798
.0797
.0796
.0795
.0793
.0792
.0791
.079
.0789
.0788
.0787
.0785
.0784
.0783
.0782
.0781
.078
.0779
.0777
.0776
.0775
.0774
.0773
.0772
.0771
.077
.0769
.0767
.0766
.0765
.0764
.0763
.0762
.0761
.076
.0759
.0757
.0756
.0755
.0754
.0753
.0752
.0751
.075
.0749
.0748
.0747
.0746
.0745
.0743
.0742
.0741
.074
.0739
.0738
.0737
.0736
.0735
.0734
.0733
.0732
.0731
.073
.0729
.0728
.0727
.0726
.0724
.0723
.0722
.0721
.072
.0719
.0718
.0717
.0716
.0715
.0714
.0713
.0712
.0711
.071
.0709
.0708
.0707
.0706
.0705
.0704
.0703
.0702
.0701
.07
.0699
.0698
.0697
.0696
.0695
.0694
.0693
.0692
.0691
.069
.0689
.0688
.0687
.0686
.0685
.0684
.0683
.0682
.0682
.0681
.068
.0679
.0678
.0677
.0676
.0675
.0674
.0673
.0672
.0671
.067
.0669
.0668
.0667
.0666
.0665
.0665
.0664
.0663
.0662
.0661
.066
.0659
.0658
.0657
.0656
.0655
.0654
.0653
.0653
.0652
.0651
.065
.0649
.0648
.0647
.0646
.0645
.0644
.0644
.0643
.0642
.0641
.064
.0639
.0638
.0637
.0636
.0636
.0635
.0634
.0633
.0632
.0631
.063
.0629
.0629
.0628
.0627
.0626
.0625
.0624
.0623
.0623
.0622
.0621
.062
.0619
.0618
.0618
.0617
.0616
.0615
.0614
.0613
.0612
.0612
.0611
.061
.0609
.0608
.0607
.0607
.0606
.0605
.0604
.0603
.0603
.0602
.0601
.06
.0599
.0599
.0598
.0597
.0596
.0595
.0594
.0594
.0593
.0592
.0591
.059
.059
.0589
.0588
.0587
.0587
.0586
.0585
.0584
.0583
.0583
.0582
.0581
.058
.058
.0579
.0578
.0577
.0576
.0576
.0575
.0574
.0573
.0573
.0572
.0571
.057
.057
.0569
.0568
.0567
.0567
.0566
.0565
.0564
.0564
.0563
.0562
.0561
.0561
.056
.0559
.0558
.0558
.0557
.0556
.0556
.0555
.0554
.0553
.0553
.0552
.0551
.055
.055
.0549
.0548
.0548
.0547
.0546
.0546
.0545
.0544
.0543
.0543
.0542
.0541
.0541
.054
.0539
.0538
.0538
.0537
.0536
.0536
.0535
.0534
.0534
.0533
.0532
.0532
.0531
.053
.053
.0529
.0528
.0528
.0527
.0526
.0526
.0525
.0524
.0524
.0523
.0522
.0522
.0521
.052
.052
.0519
.0518
.0518
.0517
.0516
.0516
.0515
.0514
.0514
.0513
.0512
.0512
.0511
.051
.051
.0509
.0509
.0508
.0507
.0507
.0506
.0505
.0505
.0504
.0503
.0503
.0502
.0502
.0501
.05
.05
