.6003
.5988
.5972
.5956
.594
.5925
.5909
.5894
.5879
.5863
.5848
.5833
.5818
.5803
.5789
.5774
.5759
.5745
.5731
.5717
.5703
.5689
.5676
.5662
.5649
.5636
.5623
.5611
.5598
.5586
.5574
.5562
.555
.5539
.5528
.5517
.5507
.5496
.5486
.5476
.5466
.5457
.5448
.5439
.543
.5422
.5414
.5406
.5398
.5391
.5383
.5376
.537
.5363
.5357
.5351
.5345
.5339
.5334
.5329
.5324
.5319
.5314
.531
.5306
.5301
.5297
.5294
.529
.5286
.5283
.528
.5277
.5274
.5271
.5268
.5265
.5263
.526
.5258
.5256
.5254
.5252
.525
.5248
.5246
.5244
.5242
.524
.5239
.5237
.5236
.5234
.5233
.5231
.523
.5229
.5227
.5226
.5225
.5224
.5222
.5221
.522
.5219
.5218
.5217
.5216
.5215
.5213
.5212
.5211
.521
.5209
.5208
.5207
.5206
.5205
.5204
.5203
.5202
.5202
.5201
.52
.5199
.5198
.5197
.5196
.5195
.5194
.5193
.5192
.5191
.519
.5189
.5188
.5187
.5186
.5185
.5184
.5183
.5182
.5181
.518
.5179
.5178
.5177
.5176
.5175
.5174
.5173
.5172
.5171
.517
.5169
.5168
.5167
.5166
.5165
.5164
.5163
.5162
.5161
.5159
.5158
.5157
.5156
.5155
.5154
.5153
.5152
.515
.5149
.5148
.5147
.5146
.5145
.5143
.5142
.5141
.514
.5139
.5137
.5136
.5135
.5134
.5132
.5131
.513
.5129
.5127
.5126
.5125
.5123
.5122
.5121
.5119
.5118
.5117
.5115
.5114
.5113
.5111
.511
.5109
.5107
.5106
.5104
.5103
.5102
.51
.5099
.5097
.5096
.5094
.5093
.5091
.509
.5088
.5087
.5085
.5084
.5082
.5081
.5079
.5077
.5076
.5074
.5073
.5071
.5069
.5068
.5066
.5064
.5063
.5061
.5059
.5058
.5056
.5054
.5053
.5051
.5049
.5047
.5046
.5044
.5042
.504
.5039
.5037
.5035
.5033
.5031
.5029
.5028
.5026
.5024
.5022
.502
.5018
.5016
.5014
.5012
.501
.5009
.5007
.5005
.5003
.5001
.4999
.4997
.4995
.4993
.499
.4988
.4986
.4984
.4982
.498
.4978
.4976
.4974
.4972
.4969
.4967
.4965
.4963
.4961
.4958
.4956
.4954
.4952
.4949
.4947
.4945
.4943
.494
.4938
.4936
.4933
.4931
.4929
.4926
.4924
.4922
.4919
.4917
.4914
.4912
.491
.4907
.4905
.4902
.49
.4897
.4895
.4892
.489
.4887
.4885
.4882
.4879
.4877
.4874
.4872
.4869
.4867
.4864
.4861
.4859
.4856
.4853
.4851
.4848
.4845
.4843
.484
.4837
.4834
.4832
.4829
.4826
.4823
.4821
.4818
.4815
.4812
.4809
.4807
.4804
.4801
.4798
.4795
.4792
.4789
.4786
.4784
.4781
.4778
.4775
.4772
.4769
.4766
.4763
.476
.4757
.4754
.4751
.4748
.4745
.4742
.4739
.4736
.4733
.473
.4727
.4724
.4721
.4717
.4714
.4711
.4708
.4705
.4702
.4699
.4696
.4692
.4689
.4686
.4683
.468
.4677
.4673
.467
.4667
.4664
.4661
.4657
.4654
.4651
.4648
.4644
.4641
.4638
.4635
.4631
.4628
.4625
.4621
.4618
.4615
.4611
.4608
.4605
.4602
.4598
.4595
.4591
.4588
.4585
.4581
.4578
.4575
.4571
.4568
.4564
.4561
.4558
.4554
.4551
.4547
.4544
.4541
.4537
.4534
.453
.4527
.4523
.452
.4517
.4513
.451
.4506
.4503
.4499
.4496
.4492
.4489
.4485
.4482
.4478
.4475
.4471
.4468
.4464
.4461
.4457
.4454
.445
.4447
.4443
.444
.4436
.4433
.4429
.4425
.4422
.4418
.4415
.4411
.4408
.4404
.4401
.4397
.4393
.439
.4386
.4383
.4379
.4376
.4372
.4368
.4365
.4361
.4358
.4354
.435
.4347
.4343
.434
.4336
.4332
.4329
.4325
.4322
.4318
.4314
.4311
.4307
.4304
.43
.4296
.4293
.4289
.4285
.4282
.4278
.4275
.4271
.4267
.4264
.426
.4256
.4253
.4249
.4246
.4242
.4238
.4235
.4231
.4227
.4224
.422
.4217
.4213
.4209
.4206
.4202
.4198
.4195
.4191
.4187
.4184
.418
.4176
.4173
.4169
.4165
.4162
.4158
.4155
.4151
.4147
.4144
.414
.4136
.4133
.4129
.4125
.4122
.4118
.4114
.4111
.4107
.4103
.41
.4096
.4092
.4089
.4085
.4082
.4078
.4074
.4071
.4067
.4063
.406
.4056
.4052
.4049
.4045
.4041
.4038
.4034
.403
.4027
.4023
.4019
.4016
.4012
.4008
.4005
.4001
.3997
.3994
.399
.3987
.3983
.3979
.3976
.3972
.3968
.3965
.3961
.3957
.3954
.395
.3946
.3943
.3939
.3935
.3932
.3928
.3924
.3921
.3917
.3913
.391
.3906
.3903
.3899
.3895
.3892
.3888
.3884
.3881
.3877
.3873
.387
.3866
.3862
.3859
.3855
.3851
.3848
.3844
.384
.3837
.3833
.383
.3826
.3822
.3819
.3815
.3811
.3808
.3804
.38
.3797
.3793
.3789
.3786
.3782
.3778
.3775
.3771
.3768
.3764
.376
.3757
.3753
.3749
.3746
.3742
.3738
.3735
.3731
.3727
.3724
.372
.3717
.3713
.3709
.3706
.3702
.3698
.3695
.3691
.3687
.3684
.368
.3676
.3673
.3669
.3665
.3662
.3658
.3655
.3651
.3647
.3644
.364
.3636
.3633
.3629
.3625
.3622
.3618
.3615
.3611
.3607
.3604
.36
.3596
.3593
.3589
.3585
.3582
.3578
.3574
.3571
.3567
.3564
.356
.3556
.3553
.3549
.3545
.3542
.3538
.3534
.3531
.3527
.3523
.352
.3516
.3513
.3509
.3505
.3502
.3498
.3494
.3491
.3487
.3483
.348
.3476
.3473
.3469
.3465
.3462
.3458
.3454
.3451
.3447
.3443
.344
.3436
.3433
.3429
.3425
.3422
.3418
.3414
.3411
.3407
.3404
.34
.3396
.3393
.3389
.3385
.3382
.3378
.3374
.3371
.3367
.3364
.336
.3356
.3353
.3349
.3345
.3342
.3338
.3335
.3331
.3327
.3324
.332
.3317
.3313
.3309
.3306
.3302
.3298
.3295
.3291
.3288
.3284
.328
.3277
.3273
.327
.3266
.3262
.3259
.3255
.3252
.3248
.3244
.3241
.3237
.3234
.323
.3226
.3223
.3219
.3216
.3212
.3208
.3205
.3201
.3198
.3194
.3191
.3187
.3183
.318
.3176
.3173
.3169
.3166
.3162
.3158
.3155
.3151
.3148
.3144
.3141
.3137
.3134
.313
.3126
.3123
.3119
.3116
.3112
.3109
.3105
.3102
.3098
.3095
.3091
.3088
.3084
.3081
.3077
.3074
.307
.3067
.3063
.306
.3056
.3053
.3049
.3046
.3042
.3039
.3035
.3032
.3028
.3025
.3021
.3018
.3014
.3011
.3007
.3004
.3
.2997
.2993
.299
.2987
.2983
.298
.2976
.2973
.2969
.2966
.2962
.2959
.2956
.2952
.2949
.2945
.2942
.2939
.2935
.2932
.2928
.2925
.2922
.2918
.2915
.2912
.2908
.2905
.2901
.2898
.2895
.2891
.2888
.2885
.2881
.2878
.2875
.2871
.2868
.2865
.2861
.2858
.2855
.2851
.2848
.2845
.2841
.2838
.2835
.2832
.2828
.2825
.2822
.2818
.2815
.2812
.2809
.2805
.2802
.2799
.2796
.2792
.2789
.2786
.2783
.278
.2776
.2773
.277
.2767
.2764
.276
.2757
.2754
.2751
.2748
.2744
.2741
.2738
.2735
.2732
.2729
.2725
.2722
.2719
.2716
.2713
.271
.2707
.2703
.27
.2697
.2694
.2691
.2688
.2685
.2682
.2679
.2676
.2673
.2669
.2666
.2663
.266
.2657
.2654
.2651
.2648
.2645
.2642
.2639
.2636
.2633
.263
.2627
.2624
.2621
.2618
.2615
.2612
.2609
.2606
.2603
.26
.2597
.2594
.2591
.2588
.2585
.2582
.2579
.2576
.2573
.2571
.2568
.2565
.2562
.2559
.2556
.2553
.255
.2547
.2544
.2542
.2539
.2536
.2533
.253
.2527
.2524
.2521
.2519
.2516
.2513
.251
.2507
.2504
.2502
.2499
.2496
.2493
.249
.2488
.2485
.2482
.2479
.2476
.2474
.2471
.2468
.2465
.2463
.246
.2457
.2454
.2452
.2449
.2446
.2443
.2441
.2438
.2435
.2433
.243
.2427
.2424
.2422
.2419
.2416
.2414
.2411
.2408
.2406
.2403
.24
.2398
.2395
.2392
.239
.2387
.2384
.2382
.2379
.2377
.2374
.2371
.2369
.2366
.2363
.2361
.2358
.2356
.2353
.2351
.2348
.2345
.2343
.234
.2338
.2335
.2333
.233
.2327
.2325
.2322
.232
.2317
.2315
.2312
.231
.2307
.2305
.2302
.23
.2297
.2295
.2292
.229
.2287
.2285
.2282
.228
.2277
.2275
.2272
.227
.2268
.2265
.2263
.226
.2258
.2255
.2253
.225
.2248
.2246
.2243
.2241
.2238
.2236
.2234
.2231
.2229
.2226
.2224
.2222
.2219
.2217
.2215
.2212
.221
.2207
.2205
.2203
.22
.2198
.2196
.2193
.2191
.2189
.2186
.2184
.2182
.218
.2177
.2175
.2173
.217
.2168
.2166
.2163
.2161
.2159
.2157
.2154
.2152
.215
.2148
.2145
.2143
.2141
.2138
.2136
.2134
.2132
.213
.2127
.2125
.2123
.2121
.2118
.2116
.2114
.2112
.211
.2107
.2105
.2103
.2101
.2099
.2096
.2094
.2092
.209
.2088
.2086
.2083
.2081
.2079
.2077
.2075
.2073
.2071
.2068
.2066
.2064
.2062
.206
.2058
.2056
.2054
.2051
.2049
.2047
.2045
.2043
.2041
.2039
.2037
.2035
.2033
.203
.2028
.2026
.2024
.2022
.202
.2018
.2016
.2014
.2012
.201
.2008
.2006
.2004
.2002
.2
.1998
.1996
.1994
.1992
.199
.1988
.1985
.1983
.1981
.1979
.1977
.1975
.1973
.1972
.197
.1968
.1966
.1964
.1962
.196
.1958
.1956
.1954
.1952
.195
.1948
.1946
.1944
.1942
.194
.1938
.1936
.1934
.1932
.193
.1928
.1927
.1925
.1923
.1921
.1919
.1917
.1915
.1913
.1911
.1909
.1908
.1906
.1904
.1902
.19
.1898
.1896
.1894
.1892
.1891
.1889
.1887
.1885
.1883
.1881
.1879
.1878
.1876
.1874
.1872
.187
.1868
.1867
.1865
.1863
.1861
.1859
.1858
.1856
.1854
.1852
.185
.1848
.1847
.1845
.1843
.1841
.184
.1838
.1836
.1834
.1832
.1831
.1829
.1827
.1825
.1824
.1822
.182
.1818
.1816
.1815
.1813
.1811
.181
.1808
.1806
.1804
.1803
.1801
.1799
.1797
.1796
.1794
.1792
.179
.1789
.1787
.1785
.1784
.1782
.178
.1779
.1777
.1775
.1773
.1772
.177
.1768
.1767
.1765
.1763
.1762
.176
.1758
.1757
.1755
.1753
.1752
.175
.1748
.1747
.1745
.1743
.1742
.174
.1739
.1737
.1735
.1734
.1732
.173
.1729
.1727
.1726
.1724
.1722
.1721
.1719
.1717
.1716
.1714
.1713
.1711
.1709
.1708
.1706
.1705
.1703
.1702
.17
.1698
.1697
.1695
.1694
.1692
.169
.1689
.1687
.1686
.1684
.1683
.1681
.168
.1678
.1676
.1675
.1673
.1672
.167
.1669
.1667
.1666
.1664
.1663
.1661
.166
.1658
.1657
.1655
.1654
.1652
.1651
.1649
.1648
.1646
.1645
.1643
.1642
.164
.1639
.1637
.1636
.1634
.1633
.1631
.163
.1628
.1627
.1625
.1624
.1622
.1621
.1619
.1618
.1616
.1615
.1613
.1612
.1611
.1609
.1608
.1606
.1605
.1603
.1602
.16
.1599
.1598
.1596
.1595
.1593
.1592
.159
.1589
.1588
.1586
.1585
.1583
.1582
.1581
.1579
.1578
.1576
.1575
.1574
.1572
.1571
.1569
.1568
.1567
.1565
.1564
.1562
.1561
.156
.1558
.1557
.1556
.1554
.1553
.1551
.155
.1549
.1547
.1546
.1545
.1543
.1542
.1541
.1539
.1538
.1537
.1535
.1534
.1532
.1531
.153
.1528
.1527
.1526
.1524
.1523
.1522
.1521
.1519
.1518
.1517
.1515
.1514
.1513
.1511
.151
.1509
.1507
.1506
.1505
.1503
.1502
.1501
.15
.1498
.1497
.1496
.1494
.1493
.1492
.1491
.1489
.1488
.1487
.1485
.1484
.1483
.1482
.148
.1479
.1478
.1477
.1475
.1474
.1473
.1472
.147
.1469
.1468
.1467
.1465
.1464
.1463
.1462
.146
.1459
.1458
.1457
.1455
.1454
.1453
.1452
.145
.1449
.1448
.1447
.1446
.1444
.1443
.1442
.1441
.1439
.1438
.1437
.1436
.1435
.1433
.1432
.1431
.143
.1429
.1427
.1426
.1425
.1424
.1423
.1422
.142
.1419
.1418
.1417
.1416
.1414
.1413
.1412
.1411
.141
.1409
.1407
.1406
.1405
.1404
.1403
.1402
.14
.1399
.1398
.1397
.1396
.1395
.1394
.1392
.1391
.139
.1389
.1388
.1387
.1386
.1384
.1383
.1382
.1381
.138
.1379
.1378
.1376
.1375
.1374
.1373
.1372
.1371
.137
.1369
.1368
.1366
.1365
.1364
.1363
.1362
.1361
.136
.1359
.1358
.1356
.1355
.1354
.1353
.1352
.1351
.135
.1349
.1348
.1347
.1346
.1344
.1343
.1342
.1341
.134
.1339
.1338
.1337
.1336
.1335
.1334
.1333
.1332
.1331
.1329
.1328
.1327
.1326
.1325
.1324
.1323
.1322
.1321
.132
.1319
.1318
.1317
.1316
.1315
.1314
.1313
.1312
.1311
.131
.1309
.1307
.1306
.1305
.1304
.1303
.1302
.1301
.13
.1299
.1298
.1297
.1296
.1295
.1294
.1293
.1292
.1291
.129
.1289
.1288
.1287
.1286
.1285
.1284
.1283
.1282
.1281
.128
.1279
.1278
.1277
.1276
.1275
.1274
.1273
.1272
.1271
.127
.1269
.1268
.1267
.1266
.1265
.1264
.1263
.1262
.1261
.126
.1259
.1258
.1257
.1257
.1256
.1255
.1254
.1253
.1252
.1251
.125
.1249
.1248
.1247
.1246
.1245
.1244
.1243
.1242
.1241
.124
.1239
.1238
.1237
.1236
.1236
.1235
.1234
.1233
.1232
.1231
.123
.1229
.1228
.1227
.1226
.1225
.1224
.1223
.1222
.1222
.1221
.122
.1219
.1218
.1217
.1216
.1215
.1214
.1213
.1212
.1212
.1211
.121
.1209
.1208
.1207
.1206
.1205
.1204
.1203
.1202
.1202
.1201
.12
.1199
.1198
.1197
.1196
.1195
.1194
.1194
.1193
.1192
.1191
.119
.1189
.1188
.1187
.1186
.1186
.1185
.1184
.1183
.1182
.1181
.118
.1179
.1179
.1178
.1177
.1176
.1175
.1174
.1173
.1173
.1172
.1171
.117
.1169
.1168
.1167
.1167
.1166
.1165
.1164
.1163
.1162
.1161
.1161
.116
.1159
.1158
.1157
.1156
.1156
.1155
.1154
.1153
.1152
.1151
.1151
.115
.1149
.1148
.1147
.1146
.1146
.1145
.1144
.1143
.1142
.1141
.1141
.114
.1139
.1138
.1137
.1137
.1136
.1135
.1134
.1133
.1132
.1132
.1131
.113
.1129
.1128
.1128
.1127
.1126
.1125
.1124
.1124
.1123
.1122
.1121
.112
.112
.1119
.1118
.1117
.1116
.1116
.1115
.1114
.1113
.1112
.1112
.1111
.111
.1109
.1109
.1108
.1107
.1106
.1105
.1105
.1104
.1103
.1102
.1102
.1101
.11
.1099
.1098
.1098
.1097
.1096
.1095
.1095
.1094
.1093
.1092
.1092
.1091
.109
.1089
.1089
.1088
.1087
.1086
.1085
.1085
.1084
.1083
.1082
.1082
.1081
.108
.1079
.1079
.1078
.1077
.1076
.1076
.1075
.1074
.1074
.1073
.1072
.1071
.1071
.107
.1069
.1068
.1068
.1067
.1066
.1065
.1065
.1064
.1063
.1063
.1062
.1061
.106
.106
.1059
.1058
.1057
.1057
.1056
.1055
.1055
.1054
.1053
.1052
.1052
.1051
.105
.105
.1049
.1048
.1047
.1047
.1046
.1045
.1045
.1044
.1043
.1042
.1042
.1041
.104
.104
.1039
.1038
.1038
.1037
.1036
.1035
.1035
.1034
.1033
.1033
.1032
.1031
.1031
.103
.1029
.1029
.1028
.1027
.1026
.1026
.1025
.1024
.1024
.1023
.1022
.1022
.1021
.102
.102
.1019
.1018
.1018
.1017
.1016
.1016
.1015
.1014
.1014
.1013
.1012
.1012
.1011
.101
.101
.1009
.1008
.1008
.1007
.1006
.1006
.1005
.1004
.1004
.1003
.1002
.1002
.1001
.1
.1
.0999
.0998
.0998
.0997
.0996
.0996
.0995
.0994
.0994
.0993
.0992
.0992
.0991
.0991
.099
.0989
.0989
.0988
.0987
.0987
.0986
.0985
.0985
.0984
.0983
.0983
.0982
.0982
.0981
.098
.098
.0979
.0978
.0978
.0977
.0977
.0976
.0975
.0975
.0974
.0973
.0973
.0972
.0972
.0971
.097
.097
.0969
.0968
.0968
.0967
.0967
.0966
.0965
.0965
.0964
.0963
.0963
.0962
.0962
.0961
.096
.096
.0959
.0959
.0958
.0957
.0957
.0956
.0956
.0955
.0954
.0954
.0953
.0952
.0952
.0951
.0951
.095
.0949
.0949
.0948
.0948
.0947
.0946
.0946
.0945
.0945
.0944
.0944
.0943
.0942
.0942
.0941
.0941
.094
.0939
.0939
.0938
.0938
.0937
.0936
.0936
.0935
.0935
.0934
.0934
.0933
.0932
.0932
.0931
.0931
.093
.0929
.0929
.0928
.0928
.0927
.0927
.0926
.0925
.0925
.0924
.0924
.0923
.0923
.0922
.0921
.0921
.092
.092
.0919
.0919
.0918
.0917
.0917
.0916
.0916
.0915
.0915
.0914
.0914
.0913
.0912
.0912
.0911
.0911
.091
.091
.0909
.0909
.0908
.0907
.0907
.0906
.0906
.0905
.0905
.0904
.0904
.0903
.0902
.0902
.0901
.0901
.09
.09
.0899
.0899
.0898
.0898
.0897
.0896
.0896
.0895
.0895
.0894
.0894
.0893
.0893
.0892
.0892
.0891
.0891
.089
.0889
.0889
.0888
.0888
.0887
.0887
.0886
.0886
.0885
.0885
.0884
.0884
.0883
.0883
.0882
.0881
.0881
.088
.088
.0879
.0879
.0878
.0878
.0877
.0877
.0876
.0876
.0875
.0875
.0874
.0874
.0873
.0873
.0872
.0872
.0871
.0871
.087
.0869
.0869
.0868
.0868
.0867
.0867
.0866
.0866
.0865
.0865
.0864
.0864
.0863
.0863
.0862
.0862
.0861
.0861
.086
.086
.0859
.0859
.0858
.0858
.0857
.0857
.0856
.0856
.0855
.0855
.0854
.0854
.0853
.0853
.0852
.0852
.0851
.0851
.085
.085
.0849
.0849
.0848
.0848
.0847
.0847
.0846
.0846
.0845
.0845
.0844
.0844
.0843
.0843
.0842
.0842
.0842
.0841
.0841
.084
.084
.0839
.0839
.0838
.0838
.0837
.0837
.0836
.0836
.0835
.0835
.0834
.0834
.0833
.0833
.0832
.0832
.0831
.0831
.083
.083
.083
.0829
.0829
.0828
.0828
.0827
.0827
.0826
.0826
.0825
.0825
.0824
.0824
.0823
.0823
.0822
.0822
.0822
.0821
.0821
.082
.082
.0819
.0819
.0818
.0818
.0817
.0817
.0816
.0816
.0816
.0815
.0815
.0814
.0814
.0813
.0813
.0812
.0812
.0811
.0811
.081
.081
.081
.0809
.0809
.0808
.0808
.0807
.0807
.0806
.0806
.0806
.0805
.0805
.0804
.0804
.0803
.0803
.0802
.0802
.0801
.0801
.0801
.08
.08
.0799
.0799
.0798
.0798
.0797
.0797
.0797
.0796
.0796
.0795
.0795
.0794
.0794
.0794
.0793
.0793
.0792
.0792
.0791
.0791
.079
.079
.079
.0789
.0789
.0788
.0788
.0787
.0787
.0787
.0786
.0786
.0785
.0785
.0784
.0784
.0784
.0783
.0783
.0782
.0782
.0781
.0781
.0781
.078
.078
.0779
.0779
.0778
.0778
.0778
.0777
.0777
.0776
.0776
.0776
.0775
.0775
.0774
.0774
.0773
.0773
.0773
.0772
.0772
.0771
.0771
.077
.077
.077
.0769
.0769
.0768
.0768
.0768
.0767
.0767
.0766
.0766
.0766
.0765
.0765
.0764
.0764
.0763
.0763
.0763
.0762
.0762
.0761
.0761
.0761
.076
.076
.0759
.0759
.0759
.0758
.0758
.0757
.0757
.0757
.0756
.0756
.0755
.0755
.0755
.0754
.0754
.0753
.0753
.0753
.0752
.0752
.0751
.0751
.0751
.075
.075
.0749
.0749
.0749
.0748
.0748
.0747
.0747
.0747
.0746
.0746
.0745
.0745
.0745
.0744
.0744
.0743
.0743
.0743
.0742
.0742
.0742
.0741
.0741
.074
.074
.074
.0739
.0739
.0738
.0738
.0738
.0737
.0737
.0737
.0736
.0736
.0735
.0735
.0735
.0734
.0734
.0733
.0733
.0733
.0732
.0732
.0732
.0731
.0731
.073
.073
.073
.0729
.0729
.0729
.0728
.0728
.0727
.0727
.0727
.0726
.0726
.0726
.0725
.0725
.0724
.0724
.0724
.0723
.0723
.0723
.0722
.0722
.0721
.0721
.0721
.072
.072
.072
.0719
.0719
.0719
.0718
.0718
.0717
.0717
.0717
.0716
.0716
.0716
.0715
.0715
.0714
.0714
.0714
.0713
.0713
.0713
.0712
.0712
.0712
.0711
.0711
.0711
.071
.071
.0709
.0709
.0709
.0708
.0708
.0708
.0707
.0707
.0707
.0706
.0706
.0705
.0705
.0705
.0704
.0704
.0704
.0703
.0703
.0703
.0702
.0702
.0702
.0701
.0701
.0701
.07
.07
.07
.0699
.0699
.0698
.0698
.0698
.0697
.0697
.0697
.0696
.0696
.0696
.0695
.0695
.0695
.0694
.0694
.0694
.0693
.0693
.0693
.0692
.0692
.0692
.0691
.0691
.0691
.069
.069
.0689
.0689
.0689
.0688
.0688
.0688
.0687
.0687
.0687
.0686
.0686
.0686
.0685
.0685
.0685
.0684
.0684
.0684
.0683
.0683
.0683
.0682
.0682
.0682
.0681
.0681
.0681
.068
.068
.068
.0679
.0679
.0679
.0678
.0678
.0678
.0677
.0677
.0677
.0676
.0676
.0676
.0675
.0675
.0675
.0674
.0674
.0674
.0673
.0673
.0673
.0672
.0672
.0672
.0671
.0671
.0671
.0671
.067
.067
.067
.0669
.0669
.0669
.0668
.0668
.0668
.0667
.0667
.0667
.0666
.0666
.0666
.0665
.0665
.0665
.0664
.0664
.0664
.0663
.0663
.0663
.0662
.0662
.0662
.0662
.0661
.0661
.0661
.066
.066
.066
.0659
.0659
.0659
.0658
.0658
.0658
.0657
.0657
.0657
.0656
.0656
.0656
.0656
.0655
.0655
.0655
.0654
.0654
.0654
.0653
.0653
.0653
.0652
.0652
.0652
.0652
.0651
.0651
.0651
.065
.065
.065
.0649
.0649
.0649
.0648
.0648
.0648
.0648
.0647
.0647
.0647
.0646
.0646
.0646
.0645
.0645
.0645
.0644
.0644
.0644
.0644
.0643
.0643
.0643
.0642
.0642
.0642
.0641
.0641
.0641
.0641
.064
.064
.064
.0639
.0639
.0639
.0638
.0638
.0638
.0638
.0637
.0637
.0637
.0636
.0636
.0636
.0636
.0635
.0635
.0635
.0634
.0634
.0634
.0633
.0633
.0633
.0633
.0632
.0632
.0632
.0631
.0631
.0631
.0631
.063
.063
.063
.0629
.0629
.0629
.0629
.0628
.0628
.0628
.0627
.0627
.0627
.0627
.0626
.0626
.0626
.0625
.0625
.0625
.0625
.0624
.0624
.0624
.0623
.0623
.0623
.0623
.0622
.0622
.0622
.0621
.0621
.0621
.0621
.062
.062
.062
.0619
.0619
.0619
.0619
.0618
.0618
.0618
.0617
.0617
.0617
.0617
.0616
.0616
.0616
.0615
.0615
.0615
.0615
.0614
.0614
.0614
.0614
.0613
.0613
.0613
.0612
.0612
.0612
.0612
.0611
.0611
.0611
.0611
.061
.061
.061
.0609
.0609
.0609
.0609
.0608
.0608
.0608
.0608
.0607
.0607
.0607
.0606
.0606
.0606
.0606
.0605
.0605
.0605
.0605
.0604
.0604
.0604
.0603
.0603
.0603
.0603
.0602
.0602
.0602
.0602
.0601
.0601
.0601
.0601
.06
.06
.06
.0599
.0599
.0599
.0599
.0598
.0598
.0598
.0598
.0597
.0597
.0597
.0597
.0596
.0596
.0596
.0595
.0595
.0595
.0595
.0594
.0594
.0594
.0594
.0593
.0593
.0593
.0593
.0592
.0592
.0592
.0592
.0591
.0591
.0591
.0591
.059
.059
.059
.059
.0589
.0589
.0589
.0588
.0588
.0588
.0588
.0587
.0587
.0587
.0587
.0586
.0586
.0586
.0586
.0585
.0585
.0585
.0585
.0584
.0584
.0584
.0584
.0583
.0583
.0583
.0583
.0582
.0582
.0582
.0582
.0581
.0581
.0581
.0581
.058
.058
.058
.058
.0579
.0579
.0579
.0579
.0578
.0578
.0578
.0578
.0577
.0577
.0577
.0577
.0576
.0576
.0576
.0576
.0575
.0575
.0575
.0575
.0574
.0574
.0574
.0574
.0573
.0573
.0573
.0573
.0572
.0572
.0572
.0572
.0571
.0571
.0571
.0571
.057
.057
.057
.057
.057
.0569
.0569
.0569
.0569
.0568
.0568
.0568
.0568
.0567
.0567
.0567
.0567
.0566
.0566
.0566
.0566
.0565
.0565
.0565
.0565
.0564
.0564
.0564
.0564
.0564
.0563
.0563
.0563
.0563
.0562
.0562
.0562
.0562
.0561
.0561
.0561
.0561
.056
.056
.056
.056
.056
.0559
.0559
.0559
.0559
.0558
.0558
.0558
.0558
.0557
.0557
.0557
.0557
.0556
.0556
.0556
.0556
.0556
.0555
.0555
.0555
.0555
.0554
.0554
.0554
.0554
.0553
.0553
.0553
.0553
.0553
.0552
.0552
.0552
.0552
.0551
.0551
.0551
.0551
.0551
.055
.055
.055
.055
.0549
.0549
.0549
.0549
.0548
.0548
.0548
.0548
.0548
.0547
.0547
.0547
.0547
.0546
.0546
.0546
.0546
.0546
.0545
.0545
.0545
.0545
.0544
.0544
.0544
.0544
.0544
.0543
.0543
.0543
.0543
.0542
.0542
.0542
.0542
.0542
.0541
.0541
.0541
.0541
.054
.054
.054
.054
.054
.0539
.0539
.0539
.0539
.0538
.0538
.0538
.0538
.0538
.0537
.0537
.0537
.0537
.0537
.0536
.0536
.0536
.0536
.0535
.0535
.0535
.0535
.0535
.0534
.0534
.0534
.0534
.0533
.0533
.0533
.0533
.0533
.0532
.0532
.0532
.0532
.0532
.0531
.0531
.0531
.0531
.053
.053
.053
.053
.053
.0529
.0529
.0529
.0529
.0529
.0528
.0528
.0528
.0528
.0528
.0527
.0527
.0527
.0527
.0526
.0526
.0526
.0526
.0526
.0525
.0525
.0525
.0525
.0525
.0524
.0524
.0524
.0524
.0524
.0523
.0523
.0523
.0523
.0523
.0522
.0522
.0522
.0522
.0521
.0521
.0521
.0521
.0521
.052
.052
.052
.052
.052
.0519
.0519
.0519
.0519
.0519
.0518
.0518
.0518
.0518
.0518
.0517
.0517
.0517
.0517
.0517
.0516
.0516
.0516
.0516
.0516
.0515
.0515
.0515
.0515
.0515
.0514
.0514
.0514
.0514
.0514
.0513
.0513
.0513
.0513
.0513
.0512
.0512
.0512
.0512
.0512
.0511
.0511
.0511
.0511
.0511
.051
.051
.051
.051
.051
.0509
.0509
.0509
.0509
.0509
.0508
.0508
.0508
.0508
.0508
.0507
.0507
.0507
.0507
.0507
.0506
.0506
.0506
.0506
.0506
.0505
.0505
.0505
.0505
.0505
.0504
.0504
.0504
.0504
.0504
.0504
.0503
.0503
.0503
.0503
.0503
.0502
.0502
.0502
.0502
.0502
.0501
.0501
.0501
.0501
.0501
.05
.05
.05
.05
