.7431
.74
.7368
.7336
.7304
.7271
.7237
.7202
.7167
.7131
.7095
.7058
.702
.6982
.6943
.6904
.6864
.6823
.6782
.674
.6697
.6655
.6611
.6567
.6523
.6479
.6434
.6389
.6344
.6299
.6254
.6209
.6164
.612
.6075
.6032
.5988
.5946
.5904
.5863
.5823
.5784
.5746
.5709
.5673
.5639
.5606
.5574
.5544
.5515
.5487
.5461
.5436
.5413
.5391
.537
.5351
.5333
.5316
.53
.5285
.5271
.5259
.5247
.5236
.5226
.5217
.5209
.5201
.5194
.5187
.5181
.5175
.517
.5166
.5161
.5158
.5154
.5151
.5148
.5145
.5143
.514
.5138
.5136
.5135
.5133
.5132
.513
.5129
.5128
.5127
.5126
.5125
.5124
.5123
.5123
.5122
.5121
.5121
.512
.512
.5119
.5119
.5118
.5118
.5117
.5117
.5117
.5116
.5116
.5116
.5115
.5115
.5115
.5114
.5114
.5114
.5114
.5113
.5113
.5113
.5113
.5112
.5112
.5112
.5112
.5111
.5111
.5111
.5111
.511
.511
.511
.511
.511
.5109
.5109
.5109
.5109
.5108
.5108
.5108
.5108
.5108
.5107
.5107
.5107
.5107
.5107
.5106
.5106
.5106
.5106
.5106
.5105
.5105
.5105
.5105
.5104
.5104
.5104
.5104
.5104
.5103
.5103
.5103
.5103
.5103
.5102
.5102
.5102
.5102
.5102
.5101
.5101
.5101
.5101
.5101
.51
.51
.51
.51
.51
.5099
.5099
.5099
.5099
.5099
.5099
.5098
.5098
.5098
.5098
.5098
.5097
.5097
.5097
.5097
.5097
.5096
.5096
.5096
.5096
.5096
.5096
.5095
.5095
.5095
.5095
.5095
.5094
.5094
.5094
.5094
.5094
.5093
.5093
.5093
.5093
.5093
.5093
.5092
.5092
.5092
.5092
.5092
.5092
.5091
.5091
.5091
.5091
.5091
.509
.509
.509
.509
.509
.509
.5089
.5089
.5089
.5089
.5089
.5089
.5088
.5088
.5088
.5088
.5088
.5087
.5087
.5087
.5087
.5087
.5087
.5086
.5086
.5086
.5086
.5086
.5086
.5085
.5085
.5085
.5085
.5085
.5085
.5084
.5084
.5084
.5084
.5084
.5084
.5083
.5083
.5083
.5083
.5083
.5082
.5082
.5082
.5082
.5082
.5082
.5081
.5081
.5081
.5081
.5081
.5081
.508
.508
.508
.508
.508
.508
.5079
.5079
.5079
.5079
.5079
.5079
.5078
.5078
.5078
.5078
.5078
.5078
.5077
.5077
.5077
.5077
.5077
.5076
.5076
.5076
.5076
.5076
.5076
.5075
.5075
.5075
.5075
.5075
.5075
.5074
.5074
.5074
.5074
.5074
.5073
.5073
.5073
.5073
.5073
.5073
.5072
.5072
.5072
.5072
.5072
.5072
.5071
.5071
.5071
.5071
.5071
.507
.507
.507
.507
.507
.507
.5069
.5069
.5069
.5069
.5069
.5068
.5068
.5068
.5068
.5068
.5068
.5067
.5067
.5067
.5067
.5067
.5066
.5066
.5066
.5066
.5066
.5065
.5065
.5065
.5065
.5065
.5064
.5064
.5064
.5064
.5064
.5064
.5063
.5063
.5063
.5063
.5063
.5062
.5062
.5062
.5062
.5062
.5061
.5061
.5061
.5061
.506
.506
.506
.506
.506
.5059
.5059
.5059
.5059
.5059
.5058
.5058
.5058
.5058
.5058
.5057
.5057
.5057
.5057
.5056
.5056
.5056
.5056
.5056
.5055
.5055
.5055
.5055
.5054
.5054
.5054
.5054
.5054
.5053
.5053
.5053
.5053
.5052
.5052
.5052
.5052
.5051
.5051
.5051
.5051
.505
.505
.505
.505
.5049
.5049
.5049
.5049
.5048
.5048
.5048
.5048
.5047
.5047
.5047
.5047
.5046
.5046
.5046
.5046
.5045
.5045
.5045
.5045
.5044
.5044
.5044
.5043
.5043
.5043
.5043
.5042
.5042
.5042
.5042
.5041
.5041
.5041
.504
.504
.504
.5039
.5039
.5039
.5039
.5038
.5038
.5038
.5037
.5037
.5037
.5036
.5036
.5036
.5036
.5035
.5035
.5035
.5034
.5034
.5034
.5033
.5033
.5033
.5032
.5032
.5032
.5031
.5031
.5031
.503
.503
.503
.5029
.5029
.5029
.5028
.5028
.5027
.5027
.5027
.5026
.5026
.5026
.5025
.5025
.5024
.5024
.5024
.5023
.5023
.5023
.5022
.5022
.5021
.5021
.5021
.502
.502
.5019
.5019
.5019
.5018
.5018
.5017
.5017
.5017
.5016
.5016
.5015
.5015
.5014
.5014
.5013
.5013
.5013
.5012
.5012
.5011
.5011
.501
.501
.5009
.5009
.5008
.5008
.5008
.5007
.5007
.5006
.5006
.5005
.5005
.5004
.5004
.5003
.5003
.5002
.5002
.5001
.5001
.5
.4999
.4999
.4998
.4998
.4997
.4997
.4996
.4996
.4995
.4995
.4994
.4993
.4993
.4992
.4992
.4991
.4991
.499
.4989
.4989
.4988
.4988
.4987
.4986
.4986
.4985
.4985
.4984
.4983
.4983
.4982
.4981
.4981
.498
.4979
.4979
.4978
.4977
.4977
.4976
.4975
.4975
.4974
.4973
.4973
.4972
.4971
.4971
.497
.4969
.4968
.4968
.4967
.4966
.4965
.4965
.4964
.4963
.4962
.4962
.4961
.496
.4959
.4959
.4958
.4957
.4956
.4955
.4955
.4954
.4953
.4952
.4951
.495
.495
.4949
.4948
.4947
.4946
.4945
.4944
.4943
.4943
.4942
.4941
.494
.4939
.4938
.4937
.4936
.4935
.4934
.4933
.4932
.4931
.4931
.493
.4929
.4928
.4927
.4926
.4925
.4924
.4923
.4922
.4921
.492
.4918
.4917
.4916
.4915
.4914
.4913
.4912
.4911
.491
.4909
.4908
.4907
.4906
.4904
.4903
.4902
.4901
.49
.4899
.4898
.4896
.4895
.4894
.4893
.4892
.489
.4889
.4888
.4887
.4886
.4884
.4883
.4882
.4881
.4879
.4878
.4877
.4875
.4874
.4873
.4872
.487
.4869
.4868
.4866
.4865
.4863
.4862
.4861
.4859
.4858
.4857
.4855
.4854
.4852
.4851
.4849
.4848
.4847
.4845
.4844
.4842
.4841
.4839
.4838
.4836
.4835
.4833
.4832
.483
.4829
.4827
.4825
.4824
.4822
.4821
.4819
.4817
.4816
.4814
.4813
.4811
.4809
.4808
.4806
.4804
.4803
.4801
.4799
.4798
.4796
.4794
.4792
.4791
.4789
.4787
.4785
.4784
.4782
.478
.4778
.4777
.4775
.4773
.4771
.4769
.4767
.4766
.4764
.4762
.476
.4758
.4756
.4754
.4752
.475
.4748
.4747
.4745
.4743
.4741
.4739
.4737
.4735
.4733
.4731
.4729
.4727
.4725
.4723
.4721
.4719
.4716
.4714
.4712
.471
.4708
.4706
.4704
.4702
.47
.4698
.4695
.4693
.4691
.4689
.4687
.4685
.4682
.468
.4678
.4676
.4673
.4671
.4669
.4667
.4664
.4662
.466
.4658
.4655
.4653
.4651
.4648
.4646
.4644
.4641
.4639
.4637
.4634
.4632
.463
.4627
.4625
.4622
.462
.4618
.4615
.4613
.461
.4608
.4605
.4603
.46
.4598
.4596
.4593
.4591
.4588
.4585
.4583
.458
.4578
.4575
.4573
.457
.4568
.4565
.4563
.456
.4557
.4555
.4552
.455
.4547
.4544
.4542
.4539
.4536
.4534
.4531
.4528
.4526
.4523
.452
.4518
.4515
.4512
.451
.4507
.4504
.4501
.4499
.4496
.4493
.449
.4488
.4485
.4482
.4479
.4477
.4474
.4471
.4468
.4465
.4463
.446
.4457
.4454
.4451
.4448
.4446
.4443
.444
.4437
.4434
.4431
.4428
.4425
.4423
.442
.4417
.4414
.4411
.4408
.4405
.4402
.4399
.4396
.4393
.4391
.4388
.4385
.4382
.4379
.4376
.4373
.437
.4367
.4364
.4361
.4358
.4355
.4352
.4349
.4346
.4343
.434
.4337
.4334
.4331
.4328
.4325
.4322
.4319
.4316
.4312
.4309
.4306
.4303
.43
.4297
.4294
.4291
.4288
.4285
.4282
.4279
.4276
.4273
.4269
.4266
.4263
.426
.4257
.4254
.4251
.4248
.4245
.4241
.4238
.4235
.4232
.4229
.4226
.4223
.4219
.4216
.4213
.421
.4207
.4204
.4201
.4197
.4194
.4191
.4188
.4185
.4182
.4178
.4175
.4172
.4169
.4166
.4162
.4159
.4156
.4153
.415
.4146
.4143
.414
.4137
.4134
.413
.4127
.4124
.4121
.4118
.4114
.4111
.4108
.4105
.4102
.4098
.4095
.4092
.4089
.4085
.4082
.4079
.4076
.4072
.4069
.4066
.4063
.406
.4056
.4053
.405
.4047
.4043
.404
.4037
.4034
.403
.4027
.4024
.4021
.4017
.4014
.4011
.4008
.4004
.4001
.3998
.3995
.3991
.3988
.3985
.3982
.3978
.3975
.3972
.3968
.3965
.3962
.3959
.3955
.3952
.3949
.3946
.3942
.3939
.3936
.3933
.3929
.3926
.3923
.3919
.3916
.3913
.391
.3906
.3903
.39
.3897
.3893
.389
.3887
.3883
.388
.3877
.3874
.387
.3867
.3864
.3861
.3857
.3854
.3851
.3848
.3844
.3841
.3838
.3834
.3831
.3828
.3825
.3821
.3818
.3815
.3812
.3808
.3805
.3802
.3798
.3795
.3792
.3789
.3785
.3782
.3779
.3776
.3772
.3769
.3766
.3762
.3759
.3756
.3753
.3749
.3746
.3743
.374
.3736
.3733
.373
.3727
.3723
.372
.3717
.3714
.371
.3707
.3704
.3701
.3697
.3694
.3691
.3687
.3684
.3681
.3678
.3674
.3671
.3668
.3665
.3661
.3658
.3655
.3652
.3648
.3645
.3642
.3639
.3635
.3632
.3629
.3626
.3623
.3619
.3616
.3613
.361
.3606
.3603
.36
.3597
.3593
.359
.3587
.3584
.358
.3577
.3574
.3571
.3568
.3564
.3561
.3558
.3555
.3551
.3548
.3545
.3542
.3539
.3535
.3532
.3529
.3526
.3523
.3519
.3516
.3513
.351
.3507
.3503
.35
.3497
.3494
.3491
.3487
.3484
.3481
.3478
.3475
.3471
.3468
.3465
.3462
.3459
.3455
.3452
.3449
.3446
.3443
.344
.3436
.3433
.343
.3427
.3424
.3421
.3417
.3414
.3411
.3408
.3405
.3402
.3398
.3395
.3392
.3389
.3386
.3383
.338
.3376
.3373
.337
.3367
.3364
.3361
.3358
.3354
.3351
.3348
.3345
.3342
.3339
.3336
.3333
.333
.3326
.3323
.332
.3317
.3314
.3311
.3308
.3305
.3302
.3298
.3295
.3292
.3289
.3286
.3283
.328
.3277
.3274
.3271
.3268
.3265
.3261
.3258
.3255
.3252
.3249
.3246
.3243
.324
.3237
.3234
.3231
.3228
.3225
.3222
.3219
.3216
.3213
.321
.3207
.3204
.32
.3197
.3194
.3191
.3188
.3185
.3182
.3179
.3176
.3173
.317
.3167
.3164
.3161
.3158
.3155
.3152
.3149
.3146
.3143
.314
.3137
.3135
.3132
.3129
.3126
.3123
.312
.3117
.3114
.3111
.3108
.3105
.3102
.3099
.3096
.3093
.309
.3087
.3084
.3081
.3079
.3076
.3073
.307
.3067
.3064
.3061
.3058
.3055
.3052
.3049
.3047
.3044
.3041
.3038
.3035
.3032
.3029
.3026
.3023
.3021
.3018
.3015
.3012
.3009
.3006
.3003
.3001
.2998
.2995
.2992
.2989
.2986
.2984
.2981
.2978
.2975
.2972
.2969
.2967
.2964
.2961
.2958
.2955
.2953
.295
.2947
.2944
.2941
.2939
.2936
.2933
.293
.2928
.2925
.2922
.2919
.2917
.2914
.2911
.2908
.2905
.2903
.29
.2897
.2895
.2892
.2889
.2886
.2884
.2881
.2878
.2875
.2873
.287
.2867
.2865
.2862
.2859
.2857
.2854
.2851
.2848
.2846
.2843
.284
.2838
.2835
.2832
.283
.2827
.2824
.2822
.2819
.2816
.2814
.2811
.2809
.2806
.2803
.2801
.2798
.2795
.2793
.279
.2788
.2785
.2782
.278
.2777
.2774
.2772
.2769
.2767
.2764
.2761
.2759
.2756
.2754
.2751
.2749
.2746
.2743
.2741
.2738
.2736
.2733
.2731
.2728
.2726
.2723
.2721
.2718
.2715
.2713
.271
.2708
.2705
.2703
.27
.2698
.2695
.2693
.269
.2688
.2685
.2683
.268
.2678
.2675
.2673
.267
.2668
.2665
.2663
.266
.2658
.2656
.2653
.2651
.2648
.2646
.2643
.2641
.2638
.2636
.2633
.2631
.2629
.2626
.2624
.2621
.2619
.2616
.2614
.2612
.2609
.2607
.2604
.2602
.26
.2597
.2595
.2592
.259
.2588
.2585
.2583
.2581
.2578
.2576
.2573
.2571
.2569
.2566
.2564
.2562
.2559
.2557
.2555
.2552
.255
.2548
.2545
.2543
.2541
.2538
.2536
.2534
.2531
.2529
.2527
.2524
.2522
.252
.2517
.2515
.2513
.2511
.2508
.2506
.2504
.2501
.2499
.2497
.2495
.2492
.249
.2488
.2485
.2483
.2481
.2479
.2476
.2474
.2472
.247
.2467
.2465
.2463
.2461
.2459
.2456
.2454
.2452
.245
.2447
.2445
.2443
.2441
.2439
.2436
.2434
.2432
.243
.2428
.2425
.2423
.2421
.2419
.2417
.2414
.2412
.241
.2408
.2406
.2404
.2401
.2399
.2397
.2395
.2393
.2391
.2388
.2386
.2384
.2382
.238
.2378
.2376
.2373
.2371
.2369
.2367
.2365
.2363
.2361
.2359
.2356
.2354
.2352
.235
.2348
.2346
.2344
.2342
.234
.2337
.2335
.2333
.2331
.2329
.2327
.2325
.2323
.2321
.2319
.2317
.2315
.2312
.231
.2308
.2306
.2304
.2302
.23
.2298
.2296
.2294
.2292
.229
.2288
.2286
.2284
.2282
.228
.2278
.2276
.2274
.2272
.227
.2268
.2266
.2264
.2262
.226
.2258
.2256
.2254
.2252
.225
.2248
.2246
.2244
.2242
.224
.2238
.2236
.2234
.2232
.223
.2228
.2226
.2224
.2222
.222
.2218
.2216
.2214
.2212
.221
.2208
.2206
.2204
.2202
.22
.2198
.2196
.2195
.2193
.2191
.2189
.2187
.2185
.2183
.2181
.2179
.2177
.2175
.2173
.2171
.217
.2168
.2166
.2164
.2162
.216
.2158
.2156
.2154
.2152
.2151
.2149
.2147
.2145
.2143
.2141
.2139
.2137
.2136
.2134
.2132
.213
.2128
.2126
.2124
.2123
.2121
.2119
.2117
.2115
.2113
.2111
.211
.2108
.2106
.2104
.2102
.21
.2099
.2097
.2095
.2093
.2091
.2089
.2088
.2086
.2084
.2082
.208
.2079
.2077
.2075
.2073
.2071
.207
.2068
.2066
.2064
.2062
.2061
.2059
.2057
.2055
.2053
.2052
.205
.2048
.2046
.2045
.2043
.2041
.2039
.2037
.2036
.2034
.2032
.203
.2029
.2027
.2025
.2023
.2022
.202
.2018
.2016
.2015
.2013
.2011
.2009
.2008
.2006
.2004
.2002
.2001
.1999
.1997
.1996
.1994
.1992
.199
.1989
.1987
.1985
.1984
.1982
.198
.1978
.1977
.1975
.1973
.1972
.197
.1968
.1966
.1965
.1963
.1961
.196
.1958
.1956
.1955
.1953
.1951
.195
.1948
.1946
.1945
.1943
.1941
.194
.1938
.1936
.1935
.1933
.1931
.193
.1928
.1926
.1925
.1923
.1921
.192
.1918
.1916
.1915
.1913
.1911
.191
.1908
.1907
.1905
.1903
.1902
.19
.1898
.1897
.1895
.1894
.1892
.189
.1889
.1887
.1885
.1884
.1882
.1881
.1879
.1877
.1876
.1874
.1873
.1871
.1869
.1868
.1866
.1865
.1863
.1861
.186
.1858
.1857
.1855
.1853
.1852
.185
.1849
.1847
.1846
.1844
.1842
.1841
.1839
.1838
.1836
.1835
.1833
.1831
.183
.1828
.1827
.1825
.1824
.1822
.1821
.1819
.1817
.1816
.1814
.1813
.1811
.181
.1808
.1807
.1805
.1804
.1802
.18
.1799
.1797
.1796
.1794
.1793
.1791
.179
.1788
.1787
.1785
.1784
.1782
.1781
.1779
.1778
.1776
.1775
.1773
.1772
.177
.1768
.1767
.1765
.1764
.1762
.1761
.1759
.1758
.1756
.1755
.1753
.1752
.175
.1749
.1748
.1746
.1745
.1743
.1742
.174
.1739
.1737
.1736
.1734
.1733
.1731
.173
.1728
.1727
.1725
.1724
.1722
.1721
.1719
.1718
.1717
.1715
.1714
.1712
.1711
.1709
.1708
.1706
.1705
.1703
.1702
.17
.1699
.1698
.1696
.1695
.1693
.1692
.169
.1689
.1687
.1686
.1685
.1683
.1682
.168
.1679
.1677
.1676
.1675
.1673
.1672
.167
.1669
.1667
.1666
.1665
.1663
.1662
.166
.1659
.1658
.1656
.1655
.1653
.1652
.165
.1649
.1648
.1646
.1645
.1643
.1642
.1641
.1639
.1638
.1636
.1635
.1634
.1632
.1631
.1629
.1628
.1627
.1625
.1624
.1622
.1621
.162
.1618
.1617
.1616
.1614
.1613
.1611
.161
.1609
.1607
.1606
.1605
.1603
.1602
.16
.1599
.1598
.1596
.1595
.1594
.1592
.1591
.1589
.1588
.1587
.1585
.1584
.1583
.1581
.158
.1579
.1577
.1576
.1574
.1573
.1572
.157
.1569
.1568
.1566
.1565
.1564
.1562
.1561
.156
.1558
.1557
.1556
.1554
.1553
.1552
.155
.1549
.1548
.1546
.1545
.1544
.1542
.1541
.154
.1538
.1537
.1536
.1534
.1533
.1532
.153
.1529
.1528
.1526
.1525
.1524
.1522
.1521
.152
.1518
.1517
.1516
.1515
.1513
.1512
.1511
.1509
.1508
.1507
.1505
.1504
.1503
.1501
.15
.1499
.1497
.1496
.1495
.1494
.1492
.1491
.149
.1488
.1487
.1486
.1485
.1483
.1482
.1481
.1479
.1478
.1477
.1475
.1474
.1473
.1472
.147
.1469
.1468
.1466
.1465
.1464
.1463
.1461
.146
.1459
.1457
.1456
.1455
.1454
.1452
.1451
.145
.1449
.1447
.1446
.1445
.1443
.1442
.1441
.144
.1438
.1437
.1436
.1435
.1433
.1432
.1431
.143
.1428
.1427
.1426
.1425
.1423
.1422
.1421
.1419
.1418
.1417
.1416
.1414
.1413
.1412
.1411
.1409
.1408
.1407
.1406
.1404
.1403
.1402
.1401
.1399
.1398
.1397
.1396
.1394
.1393
.1392
.1391
.139
.1388
.1387
.1386
.1385
.1383
.1382
.1381
.138
.1378
.1377
.1376
.1375
.1373
.1372
.1371
.137
.1369
.1367
.1366
.1365
.1364
.1362
.1361
.136
.1359
.1358
.1356
.1355
.1354
.1353
.1351
.135
.1349
.1348
.1347
.1345
.1344
.1343
.1342
.134
.1339
.1338
.1337
.1336
.1334
.1333
.1332
.1331
.133
.1328
.1327
.1326
.1325
.1324
.1322
.1321
.132
.1319
.1317
.1316
.1315
.1314
.1313
.1311
.131
.1309
.1308
.1307
.1305
.1304
.1303
.1302
.1301
.13
.1298
.1297
.1296
.1295
.1294
.1292
.1291
.129
.1289
.1288
.1286
.1285
.1284
.1283
.1282
.128
.1279
.1278
.1277
.1276
.1275
.1273
.1272
.1271
.127
.1269
.1267
.1266
.1265
.1264
.1263
.1262
.126
.1259
.1258
.1257
.1256
.1255
.1253
.1252
.1251
.125
.1249
.1248
.1246
.1245
.1244
.1243
.1242
.1241
.1239
.1238
.1237
.1236
.1235
.1234
.1232
.1231
.123
.1229
.1228
.1227
.1225
.1224
.1223
.1222
.1221
.122
.1218
.1217
.1216
.1215
.1214
.1213
.1212
.121
.1209
.1208
.1207
.1206
.1205
.1203
.1202
.1201
.12
.1199
.1198
.1197
.1195
.1194
.1193
.1192
.1191
.119
.1189
.1187
.1186
.1185
.1184
.1183
.1182
.1181
.118
.1178
.1177
.1176
.1175
.1174
.1173
.1172
.117
.1169
.1168
.1167
.1166
.1165
.1164
.1163
.1161
.116
.1159
.1158
.1157
.1156
.1155
.1154
.1152
.1151
.115
.1149
.1148
.1147
.1146
.1145
.1143
.1142
.1141
.114
.1139
.1138
.1137
.1136
.1135
.1133
.1132
.1131
.113
.1129
.1128
.1127
.1126
.1125
.1123
.1122
.1121
.112
.1119
.1118
.1117
.1116
.1115
.1114
.1112
.1111
.111
.1109
.1108
.1107
.1106
.1105
.1104
.1103
.1101
.11
.1099
.1098
.1097
.1096
.1095
.1094
.1093
.1092
.1091
.1089
.1088
.1087
.1086
.1085
.1084
.1083
.1082
.1081
.108
.1079
.1077
.1076
.1075
.1074
.1073
.1072
.1071
.107
.1069
.1068
.1067
.1066
.1065
.1064
.1062
.1061
.106
.1059
.1058
.1057
.1056
.1055
.1054
.1053
.1052
.1051
.105
.1049
.1048
.1046
.1045
.1044
.1043
.1042
.1041
.104
.1039
.1038
.1037
.1036
.1035
.1034
.1033
.1032
.1031
.103
.1029
.1027
.1026
.1025
.1024
.1023
.1022
.1021
.102
.1019
.1018
.1017
.1016
.1015
.1014
.1013
.1012
.1011
.101
.1009
.1008
.1007
.1006
.1005
.1004
.1002
.1001
.1
.0999
.0998
.0997
.0996
.0995
.0994
.0993
.0992
.0991
.099
.0989
.0988
.0987
.0986
.0985
.0984
.0983
.0982
.0981
.098
.0979
.0978
.0977
.0976
.0975
.0974
.0973
.0972
.0971
.097
.0969
.0968
.0967
.0966
.0965
.0964
.0963
.0962
.0961
.096
.0959
.0958
.0957
.0956
.0955
.0954
.0953
.0952
.0951
.095
.0949
.0948
.0947
.0946
.0945
.0944
.0943
.0942
.0941
.094
.0939
.0938
.0937
.0936
.0935
.0934
.0933
.0932
.0931
.093
.0929
.0928
.0927
.0926
.0925
.0924
.0924
.0923
.0922
.0921
.092
.0919
.0918
.0917
.0916
.0915
.0914
.0913
.0912
.0911
.091
.0909
.0908
.0907
.0906
.0905
.0904
.0903
.0902
.0901
.0901
.09
.0899
.0898
.0897
.0896
.0895
.0894
.0893
.0892
.0891
.089
.0889
.0888
.0887
.0886
.0886
.0885
.0884
.0883
.0882
.0881
.088
.0879
.0878
.0877
.0876
.0875
.0874
.0874
.0873
.0872
.0871
.087
.0869
.0868
.0867
.0866
.0865
.0864
.0863
.0863
.0862
.0861
.086
.0859
.0858
.0857
.0856
.0855
.0854
.0854
.0853
.0852
.0851
.085
.0849
.0848
.0847
.0846
.0845
.0845
.0844
.0843
.0842
.0841
.084
.0839
.0838
.0838
.0837
.0836
.0835
.0834
.0833
.0832
.0831
.083
.083
.0829
.0828
.0827
.0826
.0825
.0824
.0824
.0823
.0822
.0821
.082
.0819
.0818
.0817
.0817
.0816
.0815
.0814
.0813
.0812
.0812
.0811
.081
.0809
.0808
.0807
.0806
.0806
.0805
.0804
.0803
.0802
.0801
.0801
.08
.0799
.0798
.0797
.0796
.0796
.0795
.0794
.0793
.0792
.0791
.0791
.079
.0789
.0788
.0787
.0786
.0786
.0785
.0784
.0783
.0782
.0782
.0781
.078
.0779
.0778
.0777
.0777
.0776
.0775
.0774
.0773
.0773
.0772
.0771
.077
.0769
.0769
.0768
.0767
.0766
.0765
.0765
.0764
.0763
.0762
.0761
.0761
.076
.0759
.0758
.0758
.0757
.0756
.0755
.0754
.0754
.0753
.0752
.0751
.075
.075
.0749
.0748
.0747
.0747
.0746
.0745
.0744
.0744
.0743
.0742
.0741
.074
.074
.0739
.0738
.0737
.0737
.0736
.0735
.0734
.0734
.0733
.0732
.0731
.0731
.073
.0729
.0728
.0728
.0727
.0726
.0725
.0725
.0724
.0723
.0722
.0722
.0721
.072
.072
.0719
.0718
.0717
.0717
.0716
.0715
.0714
.0714
.0713
.0712
.0712
.0711
.071
.0709
.0709
.0708
.0707
.0706
.0706
.0705
.0704
.0704
.0703
.0702
.0701
.0701
.07
.0699
.0699
.0698
.0697
.0697
.0696
.0695
.0694
.0694
.0693
.0692
.0692
.0691
.069
.069
.0689
.0688
.0687
.0687
.0686
.0685
.0685
.0684
.0683
.0683
.0682
.0681
.0681
.068
.0679
.0679
.0678
.0677
.0677
.0676
.0675
.0675
.0674
.0673
.0673
.0672
.0671
.0671
.067
.0669
.0669
.0668
.0667
.0667
.0666
.0665
.0665
.0664
.0663
.0663
.0662
.0661
.0661
.066
.0659
.0659
.0658
.0657
.0657
.0656
.0656
.0655
.0654
.0654
.0653
.0652
.0652
.0651
.065
.065
.0649
.0648
.0648
.0647
.0647
.0646
.0645
.0645
.0644
.0643
.0643
.0642
.0642
.0641
.064
.064
.0639
.0638
.0638
.0637
.0637
.0636
.0635
.0635
.0634
.0634
.0633
.0632
.0632
.0631
.0631
.063
.0629
.0629
.0628
.0627
.0627
.0626
.0626
.0625
.0624
.0624
.0623
.0623
.0622
.0622
.0621
.062
.062
.0619
.0619
.0618
.0617
.0617
.0616
.0616
.0615
.0614
.0614
.0613
.0613
.0612
.0612
.0611
.061
.061
.0609
.0609
.0608
.0608
.0607
.0606
.0606
.0605
.0605
.0604
.0604
.0603
.0602
.0602
.0601
.0601
.06
.06
.0599
.0599
.0598
.0597
.0597
.0596
.0596
.0595
.0595
.0594
.0594
.0593
.0592
.0592
.0591
.0591
.059
.059
.0589
.0589
.0588
.0588
.0587
.0586
.0586
.0585
.0585
.0584
.0584
.0583
.0583
.0582
.0582
.0581
.0581
.058
.0579
.0579
.0578
.0578
.0577
.0577
.0576
.0576
.0575
.0575
.0574
.0574
.0573
.0573
.0572
.0572
.0571
.0571
.057
.057
.0569
.0569
.0568
.0568
.0567
.0567
.0566
.0565
.0565
.0564
.0564
.0563
.0563
.0562
.0562
.0561
.0561
.056
.056
.0559
.0559
.0558
.0558
.0557
.0557
.0556
.0556
.0555
.0555
.0555
.0554
.0554
.0553
.0553
.0552
.0552
.0551
.0551
.055
.055
.0549
.0549
.0548
.0548
.0547
.0547
.0546
.0546
.0545
.0545
.0544
.0544
.0543
.0543
.0542
.0542
.0542
.0541
.0541
.054
.054
.0539
.0539
.0538
.0538
.0537
.0537
.0536
.0536
.0535
.0535
.0535
.0534
.0534
.0533
.0533
.0532
.0532
.0531
.0531
.053
.053
.053
.0529
.0529
.0528
.0528
.0527
.0527
.0526
.0526
.0525
.0525
.0525
.0524
.0524
.0523
.0523
.0522
.0522
.0521
.0521
.0521
.052
.052
.0519
.0519
.0518
.0518
.0518
.0517
.0517
.0516
.0516
.0515
.0515
.0515
.0514
.0514
.0513
.0513
.0512
.0512
.0512
.0511
.0511
.051
.051
.0509
.0509
.0509
.0508
.0508
.0507
.0507
.0506
.0506
.0506
.0505
.0505
.0504
.0504
.0504
.0503
.0503
.0502
.0502
.0501
.0501
.0501
.05
.05
