.6218
.618
.6142
.6104
.6066
.6029
.5992
.5955
.5919
.5883
.5848
.5814
.5781
.5748
.5716
.5685
.5655
.5626
.5597
.557
.5544
.5519
.5495
.5473
.5451
.543
.5411
.5392
.5375
.5359
.5343
.5329
.5315
.5303
.5291
.528
.527
.526
.5251
.5243
.5236
.5229
.5223
.5217
.5211
.5206
.5202
.5197
.5194
.519
.5187
.5184
.5181
.5179
.5176
.5174
.5172
.517
.5169
.5167
.5166
.5164
.5163
.5162
.5161
.516
.5159
.5158
.5158
.5157
.5156
.5155
.5155
.5154
.5154
.5153
.5153
.5152
.5152
.5151
.5151
.515
.515
.5149
.5149
.5148
.5148
.5148
.5147
.5147
.5146
.5146
.5146
.5145
.5145
.5145
.5144
.5144
.5143
.5143
.5143
.5142
.5142
.5142
.5141
.5141
.514
.514
.514
.5139
.5139
.5139
.5138
.5138
.5137
.5137
.5137
.5136
.5136
.5135
.5135
.5135
.5134
.5134
.5134
.5133
.5133
.5132
.5132
.5132
.5131
.5131
.513
.513
.513
.5129
.5129
.5128
.5128
.5128
.5127
.5127
.5126
.5126
.5125
.5125
.5125
.5124
.5124
.5123
.5123
.5123
.5122
.5122
.5121
.5121
.512
.512
.512
.5119
.5119
.5118
.5118
.5117
.5117
.5116
.5116
.5116
.5115
.5115
.5114
.5114
.5113
.5113
.5112
.5112
.5112
.5111
.5111
.511
.511
.5109
.5109
.5108
.5108
.5107
.5107
.5107
.5106
.5106
.5105
.5105
.5104
.5104
.5103
.5103
.5102
.5102
.5101
.5101
.51
.51
.5099
.5099
.5098
.5098
.5097
.5097
.5096
.5096
.5095
.5095
.5094
.5094
.5093
.5093
.5092
.5092
.5091
.5091
.509
.509
.5089
.5089
.5088
.5088
.5087
.5087
.5086
.5086
.5085
.5084
.5084
.5083
.5083
.5082
.5082
.5081
.5081
.508
.508
.5079
.5078
.5078
.5077
.5077
.5076
.5076
.5075
.5075
.5074
.5073
.5073
.5072
.5072
.5071
.507
.507
.5069
.5069
.5068
.5068
.5067
.5066
.5066
.5065
.5065
.5064
.5063
.5063
.5062
.5061
.5061
.506
.506
.5059
.5058
.5058
.5057
.5056
.5056
.5055
.5055
.5054
.5053
.5053
.5052
.5051
.5051
.505
.5049
.5049
.5048
.5047
.5047
.5046
.5045
.5045
.5044
.5043
.5043
.5042
.5041
.504
.504
.5039
.5038
.5038
.5037
.5036
.5035
.5035
.5034
.5033
.5033
.5032
.5031
.503
.503
.5029
.5028
.5027
.5027
.5026
.5025
.5024
.5024
.5023
.5022
.5021
.502
.502
.5019
.5018
.5017
.5017
.5016
.5015
.5014
.5013
.5012
.5012
.5011
.501
.5009
.5008
.5007
.5007
.5006
.5005
.5004
.5003
.5002
.5002
.5001
.5
.4999
.4998
.4997
.4996
.4995
.4995
.4994
.4993
.4992
.4991
.499
.4989
.4988
.4987
.4986
.4985
.4984
.4983
.4983
.4982
.4981
.498
.4979
.4978
.4977
.4976
.4975
.4974
.4973
.4972
.4971
.497
.4969
.4968
.4967
.4966
.4965
.4964
.4963
.4962
.4961
.496
.4958
.4957
.4956
.4955
.4954
.4953
.4952
.4951
.495
.4949
.4948
.4947
.4945
.4944
.4943
.4942
.4941
.494
.4939
.4938
.4936
.4935
.4934
.4933
.4932
.493
.4929
.4928
.4927
.4926
.4924
.4923
.4922
.4921
.492
.4918
.4917
.4916
.4915
.4913
.4912
.4911
.491
.4908
.4907
.4906
.4904
.4903
.4902
.49
.4899
.4898
.4896
.4895
.4894
.4892
.4891
.489
.4888
.4887
.4885
.4884
.4883
.4881
.488
.4878
.4877
.4876
.4874
.4873
.4871
.487
.4868
.4867
.4865
.4864
.4862
.4861
.4859
.4858
.4856
.4855
.4853
.4852
.485
.4849
.4847
.4846
.4844
.4842
.4841
.4839
.4838
.4836
.4834
.4833
.4831
.4829
.4828
.4826
.4824
.4823
.4821
.4819
.4818
.4816
.4814
.4813
.4811
.4809
.4807
.4806
.4804
.4802
.48
.4799
.4797
.4795
.4793
.4792
.479
.4788
.4786
.4784
.4782
.4781
.4779
.4777
.4775
.4773
.4771
.4769
.4767
.4766
.4764
.4762
.476
.4758
.4756
.4754
.4752
.475
.4748
.4746
.4744
.4742
.474
.4738
.4736
.4734
.4732
.473
.4728
.4726
.4724
.4722
.4719
.4717
.4715
.4713
.4711
.4709
.4707
.4705
.4702
.47
.4698
.4696
.4694
.4692
.4689
.4687
.4685
.4683
.468
.4678
.4676
.4674
.4671
.4669
.4667
.4665
.4662
.466
.4658
.4655
.4653
.4651
.4648
.4646
.4643
.4641
.4639
.4636
.4634
.4632
.4629
.4627
.4624
.4622
.4619
.4617
.4614
.4612
.4609
.4607
.4604
.4602
.4599
.4597
.4594
.4592
.4589
.4587
.4584
.4582
.4579
.4576
.4574
.4571
.4569
.4566
.4563
.4561
.4558
.4555
.4553
.455
.4547
.4545
.4542
.4539
.4536
.4534
.4531
.4528
.4526
.4523
.452
.4517
.4515
.4512
.4509
.4506
.4503
.4501
.4498
.4495
.4492
.4489
.4486
.4483
.4481
.4478
.4475
.4472
.4469
.4466
.4463
.446
.4457
.4454
.4451
.4449
.4446
.4443
.444
.4437
.4434
.4431
.4428
.4425
.4422
.4419
.4416
.4413
.4409
.4406
.4403
.44
.4397
.4394
.4391
.4388
.4385
.4382
.4379
.4376
.4372
.4369
.4366
.4363
.436
.4357
.4354
.435
.4347
.4344
.4341
.4338
.4334
.4331
.4328
.4325
.4322
.4318
.4315
.4312
.4309
.4305
.4302
.4299
.4295
.4292
.4289
.4286
.4282
.4279
.4276
.4272
.4269
.4266
.4262
.4259
.4256
.4252
.4249
.4246
.4242
.4239
.4236
.4232
.4229
.4225
.4222
.4219
.4215
.4212
.4208
.4205
.4202
.4198
.4195
.4191
.4188
.4184
.4181
.4177
.4174
.4171
.4167
.4164
.416
.4157
.4153
.415
.4146
.4143
.4139
.4136
.4132
.4129
.4125
.4122
.4118
.4115
.4111
.4108
.4104
.41
.4097
.4093
.409
.4086
.4083
.4079
.4076
.4072
.4068
.4065
.4061
.4058
.4054
.4051
.4047
.4043
.404
.4036
.4033
.4029
.4025
.4022
.4018
.4015
.4011
.4007
.4004
.4
.3996
.3993
.3989
.3986
.3982
.3978
.3975
.3971
.3967
.3964
.396
.3957
.3953
.3949
.3946
.3942
.3938
.3935
.3931
.3927
.3924
.392
.3916
.3913
.3909
.3905
.3902
.3898
.3894
.3891
.3887
.3883
.388
.3876
.3872
.3869
.3865
.3861
.3858
.3854
.385
.3847
.3843
.3839
.3836
.3832
.3828
.3825
.3821
.3817
.3814
.381
.3806
.3802
.3799
.3795
.3791
.3788
.3784
.378
.3777
.3773
.3769
.3766
.3762
.3758
.3755
.3751
.3747
.3744
.374
.3736
.3732
.3729
.3725
.3721
.3718
.3714
.371
.3707
.3703
.3699
.3696
.3692
.3688
.3685
.3681
.3677
.3674
.367
.3666
.3663
.3659
.3655
.3652
.3648
.3644
.3641
.3637
.3633
.363
.3626
.3622
.3619
.3615
.3611
.3608
.3604
.36
.3597
.3593
.3589
.3586
.3582
.3579
.3575
.3571
.3568
.3564
.356
.3557
.3553
.3549
.3546
.3542
.3539
.3535
.3531
.3528
.3524
.3521
.3517
.3513
.351
.3506
.3503
.3499
.3495
.3492
.3488
.3485
.3481
.3477
.3474
.347
.3467
.3463
.3459
.3456
.3452
.3449
.3445
.3442
.3438
.3434
.3431
.3427
.3424
.342
.3417
.3413
.341
.3406
.3402
.3399
.3395
.3392
.3388
.3385
.3381
.3378
.3374
.3371
.3367
.3364
.336
.3357
.3353
.335
.3346
.3343
.3339
.3336
.3332
.3329
.3325
.3322
.3318
.3315
.3311
.3308
.3304
.3301
.3298
.3294
.3291
.3287
.3284
.328
.3277
.3273
.327
.3267
.3263
.326
.3256
.3253
.3249
.3246
.3243
.3239
.3236
.3232
.3229
.3226
.3222
.3219
.3216
.3212
.3209
.3205
.3202
.3199
.3195
.3192
.3189
.3185
.3182
.3179
.3175
.3172
.3169
.3165
.3162
.3159
.3155
.3152
.3149
.3145
.3142
.3139
.3135
.3132
.3129
.3125
.3122
.3119
.3116
.3112
.3109
.3106
.3103
.3099
.3096
.3093
.309
.3086
.3083
.308
.3077
.3073
.307
.3067
.3064
.306
.3057
.3054
.3051
.3048
.3044
.3041
.3038
.3035
.3032
.3028
.3025
.3022
.3019
.3016
.3013
.3009
.3006
.3003
.3
.2997
.2994
.2991
.2987
.2984
.2981
.2978
.2975
.2972
.2969
.2966
.2963
.2959
.2956
.2953
.295
.2947
.2944
.2941
.2938
.2935
.2932
.2929
.2926
.2923
.292
.2916
.2913
.291
.2907
.2904
.2901
.2898
.2895
.2892
.2889
.2886
.2883
.288
.2877
.2874
.2871
.2868
.2865
.2862
.2859
.2856
.2853
.285
.2847
.2844
.2842
.2839
.2836
.2833
.283
.2827
.2824
.2821
.2818
.2815
.2812
.2809
.2806
.2803
.2801
.2798
.2795
.2792
.2789
.2786
.2783
.278
.2778
.2775
.2772
.2769
.2766
.2763
.276
.2758
.2755
.2752
.2749
.2746
.2743
.2741
.2738
.2735
.2732
.2729
.2726
.2724
.2721
.2718
.2715
.2713
.271
.2707
.2704
.2701
.2699
.2696
.2693
.269
.2688
.2685
.2682
.2679
.2677
.2674
.2671
.2668
.2666
.2663
.266
.2658
.2655
.2652
.2649
.2647
.2644
.2641
.2639
.2636
.2633
.2631
.2628
.2625
.2623
.262
.2617
.2615
.2612
.2609
.2607
.2604
.2601
.2599
.2596
.2594
.2591
.2588
.2586
.2583
.2581
.2578
.2575
.2573
.257
.2568
.2565
.2562
.256
.2557
.2555
.2552
.2549
.2547
.2544
.2542
.2539
.2537
.2534
.2532
.2529
.2527
.2524
.2521
.2519
.2516
.2514
.2511
.2509
.2506
.2504
.2501
.2499
.2496
.2494
.2491
.2489
.2486
.2484
.2482
.2479
.2477
.2474
.2472
.2469
.2467
.2464
.2462
.2459
.2457
.2455
.2452
.245
.2447
.2445
.2442
.244
.2438
.2435
.2433
.243
.2428
.2426
.2423
.2421
.2418
.2416
.2414
.2411
.2409
.2406
.2404
.2402
.2399
.2397
.2395
.2392
.239
.2388
.2385
.2383
.2381
.2378
.2376
.2374
.2371
.2369
.2367
.2364
.2362
.236
.2357
.2355
.2353
.2351
.2348
.2346
.2344
.2341
.2339
.2337
.2335
.2332
.233
.2328
.2326
.2323
.2321
.2319
.2317
.2314
.2312
.231
.2308
.2305
.2303
.2301
.2299
.2296
.2294
.2292
.229
.2288
.2285
.2283
.2281
.2279
.2277
.2274
.2272
.227
.2268
.2266
.2264
.2261
.2259
.2257
.2255
.2253
.2251
.2248
.2246
.2244
.2242
.224
.2238
.2236
.2233
.2231
.2229
.2227
.2225
.2223
.2221
.2219
.2216
.2214
.2212
.221
.2208
.2206
.2204
.2202
.22
.2198
.2196
.2193
.2191
.2189
.2187
.2185
.2183
.2181
.2179
.2177
.2175
.2173
.2171
.2169
.2167
.2165
.2163
.2161
.2159
.2157
.2155
.2153
.2151
.2149
.2147
.2145
.2143
.2141
.2139
.2137
.2135
.2133
.2131
.2129
.2127
.2125
.2123
.2121
.2119
.2117
.2115
.2113
.2111
.2109
.2107
.2105
.2103
.2101
.2099
.2097
.2095
.2093
.2091
.2089
.2087
.2086
.2084
.2082
.208
.2078
.2076
.2074
.2072
.207
.2068
.2066
.2065
.2063
.2061
.2059
.2057
.2055
.2053
.2051
.2049
.2048
.2046
.2044
.2042
.204
.2038
.2036
.2035
.2033
.2031
.2029
.2027
.2025
.2023
.2022
.202
.2018
.2016
.2014
.2012
.2011
.2009
.2007
.2005
.2003
.2002
.2
.1998
.1996
.1994
.1993
.1991
.1989
.1987
.1985
.1984
.1982
.198
.1978
.1976
.1975
.1973
.1971
.1969
.1968
.1966
.1964
.1962
.1961
.1959
.1957
.1955
.1954
.1952
.195
.1948
.1947
.1945
.1943
.1941
.194
.1938
.1936
.1935
.1933
.1931
.1929
.1928
.1926
.1924
.1923
.1921
.1919
.1917
.1916
.1914
.1912
.1911
.1909
.1907
.1906
.1904
.1902
.1901
.1899
.1897
.1896
.1894
.1892
.1891
.1889
.1887
.1886
.1884
.1882
.1881
.1879
.1877
.1876
.1874
.1873
.1871
.1869
.1868
.1866
.1864
.1863
.1861
.186
.1858
.1856
.1855
.1853
.1851
.185
.1848
.1847
.1845
.1843
.1842
.184
.1839
.1837
.1836
.1834
.1832
.1831
.1829
.1828
.1826
.1824
.1823
.1821
.182
.1818
.1817
.1815
.1814
.1812
.181
.1809
.1807
.1806
.1804
.1803
.1801
.18
.1798
.1797
.1795
.1794
.1792
.179
.1789
.1787
.1786
.1784
.1783
.1781
.178
.1778
.1777
.1775
.1774
.1772
.1771
.1769
.1768
.1766
.1765
.1763
.1762
.176
.1759
.1757
.1756
.1755
.1753
.1752
.175
.1749
.1747
.1746
.1744
.1743
.1741
.174
.1738
.1737
.1735
.1734
.1733
.1731
.173
.1728
.1727
.1725
.1724
.1723
.1721
.172
.1718
.1717
.1715
.1714
.1713
.1711
.171
.1708
.1707
.1705
.1704
.1703
.1701
.17
.1698
.1697
.1696
.1694
.1693
.1691
.169
.1689
.1687
.1686
.1685
.1683
.1682
.168
.1679
.1678
.1676
.1675
.1674
.1672
.1671
.1669
.1668
.1667
.1665
.1664
.1663
.1661
.166
.1659
.1657
.1656
.1655
.1653
.1652
.165
.1649
.1648
.1646
.1645
.1644
.1642
.1641
.164
.1639
.1637
.1636
.1635
.1633
.1632
.1631
.1629
.1628
.1627
.1625
.1624
.1623
.1621
.162
.1619
.1618
.1616
.1615
.1614
.1612
.1611
.161
.1609
.1607
.1606
.1605
.1603
.1602
.1601
.16
.1598
.1597
.1596
.1595
.1593
.1592
.1591
.1589
.1588
.1587
.1586
.1584
.1583
.1582
.1581
.1579
.1578
.1577
.1576
.1574
.1573
.1572
.1571
.157
.1568
.1567
.1566
.1565
.1563
.1562
.1561
.156
.1558
.1557
.1556
.1555
.1554
.1552
.1551
.155
.1549
.1548
.1546
.1545
.1544
.1543
.1542
.154
.1539
.1538
.1537
.1536
.1534
.1533
.1532
.1531
.153
.1528
.1527
.1526
.1525
.1524
.1523
.1521
.152
.1519
.1518
.1517
.1516
.1514
.1513
.1512
.1511
.151
.1509
.1507
.1506
.1505
.1504
.1503
.1502
.1501
.1499
.1498
.1497
.1496
.1495
.1494
.1493
.1491
.149
.1489
.1488
.1487
.1486
.1485
.1483
.1482
.1481
.148
.1479
.1478
.1477
.1476
.1475
.1473
.1472
.1471
.147
.1469
.1468
.1467
.1466
.1465
.1463
.1462
.1461
.146
.1459
.1458
.1457
.1456
.1455
.1454
.1453
.1451
.145
.1449
.1448
.1447
.1446
.1445
.1444
.1443
.1442
.1441
.144
.1438
.1437
.1436
.1435
.1434
.1433
.1432
.1431
.143
.1429
.1428
.1427
.1426
.1425
.1424
.1423
.1422
.142
.1419
.1418
.1417
.1416
.1415
.1414
.1413
.1412
.1411
.141
.1409
.1408
.1407
.1406
.1405
.1404
.1403
.1402
.1401
.14
.1399
.1398
.1397
.1396
.1395
.1394
.1393
.1392
.1391
.139
.1389
.1388
.1387
.1386
.1385
.1384
.1383
.1382
.1381
.138
.1379
.1378
.1377
.1376
.1375
.1374
.1373
.1372
.1371
.137
.1369
.1368
.1367
.1366
.1365
.1364
.1363
.1362
.1361
.136
.1359
.1358
.1357
.1356
.1355
.1354
.1353
.1352
.1351
.135
.1349
.1348
.1347
.1346
.1345
.1344
.1343
.1342
.1342
.1341
.134
.1339
.1338
.1337
.1336
.1335
.1334
.1333
.1332
.1331
.133
.1329
.1328
.1327
.1326
.1325
.1325
.1324
.1323
.1322
.1321
.132
.1319
.1318
.1317
.1316
.1315
.1314
.1313
.1313
.1312
.1311
.131
.1309
.1308
.1307
.1306
.1305
.1304
.1303
.1302
.1302
.1301
.13
.1299
.1298
.1297
.1296
.1295
.1294
.1293
.1293
.1292
.1291
.129
.1289
.1288
.1287
.1286
.1285
.1285
.1284
.1283
.1282
.1281
.128
.1279
.1278
.1277
.1277
.1276
.1275
.1274
.1273
.1272
.1271
.127
.127
.1269
.1268
.1267
.1266
.1265
.1264
.1264
.1263
.1262
.1261
.126
.1259
.1258
.1258
.1257
.1256
.1255
.1254
.1253
.1252
.1252
.1251
.125
.1249
.1248
.1247
.1247
.1246
.1245
.1244
.1243
.1242
.1241
.1241
.124
.1239
.1238
.1237
.1236
.1236
.1235
.1234
.1233
.1232
.1231
.1231
.123
.1229
.1228
.1227
.1227
.1226
.1225
.1224
.1223
.1222
.1222
.1221
.122
.1219
.1218
.1218
.1217
.1216
.1215
.1214
.1214
.1213
.1212
.1211
.121
.121
.1209
.1208
.1207
.1206
.1206
.1205
.1204
.1203
.1202
.1202
.1201
.12
.1199
.1198
.1198
.1197
.1196
.1195
.1194
.1194
.1193
.1192
.1191
.1191
.119
.1189
.1188
.1187
.1187
.1186
.1185
.1184
.1184
.1183
.1182
.1181
.118
.118
.1179
.1178
.1177
.1177
.1176
.1175
.1174
.1174
.1173
.1172
.1171
.1171
.117
.1169
.1168
.1168
.1167
.1166
.1165
.1165
.1164
.1163
.1162
.1162
.1161
.116
.1159
.1159
.1158
.1157
.1156
.1156
.1155
.1154
.1153
.1153
.1152
.1151
.115
.115
.1149
.1148
.1147
.1147
.1146
.1145
.1145
.1144
.1143
.1142
.1142
.1141
.114
.1139
.1139
.1138
.1137
.1137
.1136
.1135
.1134
.1134
.1133
.1132
.1132
.1131
.113
.1129
.1129
.1128
.1127
.1127
.1126
.1125
.1124
.1124
.1123
.1122
.1122
.1121
.112
.1119
.1119
.1118
.1117
.1117
.1116
.1115
.1115
.1114
.1113
.1113
.1112
.1111
.111
.111
.1109
.1108
.1108
.1107
.1106
.1106
.1105
.1104
.1104
.1103
.1102
.1101
.1101
.11
.1099
.1099
.1098
.1097
.1097
.1096
.1095
.1095
.1094
.1093
.1093
.1092
.1091
.1091
.109
.1089
.1089
.1088
.1087
.1087
.1086
.1085
.1085
.1084
.1083
.1083
.1082
.1081
.1081
.108
.1079
.1079
.1078
.1077
.1077
.1076
.1075
.1075
.1074
.1073
.1073
.1072
.1071
.1071
.107
.107
.1069
.1068
.1068
.1067
.1066
.1066
.1065
.1064
.1064
.1063
.1062
.1062
.1061
.106
.106
.1059
.1059
.1058
.1057
.1057
.1056
.1055
.1055
.1054
.1053
.1053
.1052
.1052
.1051
.105
.105
.1049
.1048
.1048
.1047
.1047
.1046
.1045
.1045
.1044
.1043
.1043
.1042
.1042
.1041
.104
.104
.1039
.1038
.1038
.1037
.1037
.1036
.1035
.1035
.1034
.1034
.1033
.1032
.1032
.1031
.103
.103
.1029
.1029
.1028
.1027
.1027
.1026
.1026
.1025
.1024
.1024
.1023
.1023
.1022
.1021
.1021
.102
.102
.1019
.1018
.1018
.1017
.1017
.1016
.1015
.1015
.1014
.1014
.1013
.1012
.1012
.1011
.1011
.101
.101
.1009
.1008
.1008
.1007
.1007
.1006
.1005
.1005
.1004
.1004
.1003
.1003
.1002
.1001
.1001
.1
.1
.0999
.0998
.0998
.0997
.0997
.0996
.0996
.0995
.0994
.0994
.0993
.0993
.0992
.0992
.0991
.099
.099
.0989
.0989
.0988
.0988
.0987
.0986
.0986
.0985
.0985
.0984
.0984
.0983
.0983
.0982
.0981
.0981
.098
.098
.0979
.0979
.0978
.0977
.0977
.0976
.0976
.0975
.0975
.0974
.0974
.0973
.0972
.0972
.0971
.0971
.097
.097
.0969
.0969
.0968
.0968
.0967
.0966
.0966
.0965
.0965
.0964
.0964
.0963
.0963
.0962
.0962
.0961
.096
.096
.0959
.0959
.0958
.0958
.0957
.0957
.0956
.0956
.0955
.0955
.0954
.0954
.0953
.0952
.0952
.0951
.0951
.095
.095
.0949
.0949
.0948
.0948
.0947
.0947
.0946
.0946
.0945
.0945
.0944
.0943
.0943
.0942
.0942
.0941
.0941
.094
.094
.0939
.0939
.0938
.0938
.0937
.0937
.0936
.0936
.0935
.0935
.0934
.0934
.0933
.0933
.0932
.0932
.0931
.0931
.093
.093
.0929
.0928
.0928
.0927
.0927
.0926
.0926
.0925
.0925
.0924
.0924
.0923
.0923
.0922
.0922
.0921
.0921
.092
.092
.0919
.0919
.0918
.0918
.0917
.0917
.0916
.0916
.0915
.0915
.0914
.0914
.0913
.0913
.0912
.0912
.0911
.0911
.091
.091
.0909
.0909
.0909
.0908
.0908
.0907
.0907
.0906
.0906
.0905
.0905
.0904
.0904
.0903
.0903
.0902
.0902
.0901
.0901
.09
.09
.0899
.0899
.0898
.0898
.0897
.0897
.0896
.0896
.0895
.0895
.0894
.0894
.0894
.0893
.0893
.0892
.0892
.0891
.0891
.089
.089
.0889
.0889
.0888
.0888
.0887
.0887
.0886
.0886
.0885
.0885
.0885
.0884
.0884
.0883
.0883
.0882
.0882
.0881
.0881
.088
.088
.0879
.0879
.0879
.0878
.0878
.0877
.0877
.0876
.0876
.0875
.0875
.0874
.0874
.0873
.0873
.0873
.0872
.0872
.0871
.0871
.087
.087
.0869
.0869
.0868
.0868
.0868
.0867
.0867
.0866
.0866
.0865
.0865
.0864
.0864
.0863
.0863
.0863
.0862
.0862
.0861
.0861
.086
.086
.0859
.0859
.0859
.0858
.0858
.0857
.0857
.0856
.0856
.0855
.0855
.0855
.0854
.0854
.0853
.0853
.0852
.0852
.0851
.0851
.0851
.085
.085
.0849
.0849
.0848
.0848
.0848
.0847
.0847
.0846
.0846
.0845
.0845
.0845
.0844
.0844
.0843
.0843
.0842
.0842
.0842
.0841
.0841
.084
.084
.0839
.0839
.0839
.0838
.0838
.0837
.0837
.0836
.0836
.0836
.0835
.0835
.0834
.0834
.0833
.0833
.0833
.0832
.0832
.0831
.0831
.0831
.083
.083
.0829
.0829
.0828
.0828
.0828
.0827
.0827
.0826
.0826
.0825
.0825
.0825
.0824
.0824
.0823
.0823
.0823
.0822
.0822
.0821
.0821
.0821
.082
.082
.0819
.0819
.0818
.0818
.0818
.0817
.0817
.0816
.0816
.0816
.0815
.0815
.0814
.0814
.0814
.0813
.0813
.0812
.0812
.0812
.0811
.0811
.081
.081
.081
.0809
.0809
.0808
.0808
.0808
.0807
.0807
.0806
.0806
.0806
.0805
.0805
.0804
.0804
.0804
.0803
.0803
.0802
.0802
.0802
.0801
.0801
.08
.08
.08
.0799
.0799
.0798
.0798
.0798
.0797
.0797
.0797
.0796
.0796
.0795
.0795
.0795
.0794
.0794
.0793
.0793
.0793
.0792
.0792
.0792
.0791
.0791
.079
.079
.079
.0789
.0789
.0788
.0788
.0788
.0787
.0787
.0787
.0786
.0786
.0785
.0785
.0785
.0784
.0784
.0783
.0783
.0783
.0782
.0782
.0782
.0781
.0781
.078
.078
.078
.0779
.0779
.0779
.0778
.0778
.0777
.0777
.0777
.0776
.0776
.0776
.0775
.0775
.0774
.0774
.0774
.0773
.0773
.0773
.0772
.0772
.0772
.0771
.0771
.077
.077
.077
.0769
.0769
.0769
.0768
.0768
.0767
.0767
.0767
.0766
.0766
.0766
.0765
.0765
.0765
.0764
.0764
.0764
.0763
.0763
.0762
.0762
.0762
.0761
.0761
.0761
.076
.076
.076
.0759
.0759
.0758
.0758
.0758
.0757
.0757
.0757
.0756
.0756
.0756
.0755
.0755
.0755
.0754
.0754
.0753
.0753
.0753
.0752
.0752
.0752
.0751
.0751
.0751
.075
.075
.075
.0749
.0749
.0749
.0748
.0748
.0748
.0747
.0747
.0746
.0746
.0746
.0745
.0745
.0745
.0744
.0744
.0744
.0743
.0743
.0743
.0742
.0742
.0742
.0741
.0741
.0741
.074
.074
.074
.0739
.0739
.0739
.0738
.0738
.0738
.0737
.0737
.0737
.0736
.0736
.0735
.0735
.0735
.0734
.0734
.0734
.0733
.0733
.0733
.0732
.0732
.0732
.0731
.0731
.0731
.073
.073
.073
.0729
.0729
.0729
.0728
.0728
.0728
.0727
.0727
.0727
.0726
.0726
.0726
.0725
.0725
.0725
.0724
.0724
.0724
.0723
.0723
.0723
.0722
.0722
.0722
.0722
.0721
.0721
.0721
.072
.072
.072
.0719
.0719
.0719
.0718
.0718
.0718
.0717
.0717
.0717
.0716
.0716
.0716
.0715
.0715
.0715
.0714
.0714
.0714
.0713
.0713
.0713
.0712
.0712
.0712
.0711
.0711
.0711
.0711
.071
.071
.071
.0709
.0709
.0709
.0708
.0708
.0708
.0707
.0707
.0707
.0706
.0706
.0706
.0705
.0705
.0705
.0705
.0704
.0704
.0704
.0703
.0703
.0703
.0702
.0702
.0702
.0701
.0701
.0701
.07
.07
.07
.07
.0699
.0699
.0699
.0698
.0698
.0698
.0697
.0697
.0697
.0696
.0696
.0696
.0696
.0695
.0695
.0695
.0694
.0694
.0694
.0693
.0693
.0693
.0692
.0692
.0692
.0692
.0691
.0691
.0691
.069
.069
.069
.0689
.0689
.0689
.0689
.0688
.0688
.0688
.0687
.0687
.0687
.0686
.0686
.0686
.0686
.0685
.0685
.0685
.0684
.0684
.0684
.0683
.0683
.0683
.0683
.0682
.0682
.0682
.0681
.0681
.0681
.068
.068
.068
.068
.0679
.0679
.0679
.0678
.0678
.0678
.0678
.0677
.0677
.0677
.0676
.0676
.0676
.0675
.0675
.0675
.0675
.0674
.0674
.0674
.0673
.0673
.0673
.0673
.0672
.0672
.0672
.0671
.0671
.0671
.0671
.067
.067
.067
.0669
.0669
.0669
.0669
.0668
.0668
.0668
.0667
.0667
.0667
.0667
.0666
.0666
.0666
.0665
.0665
.0665
.0665
.0664
.0664
.0664
.0663
.0663
.0663
.0663
.0662
.0662
.0662
.0661
.0661
.0661
.0661
.066
.066
.066
.066
.0659
.0659
.0659
.0658
.0658
.0658
.0658
.0657
.0657
.0657
.0656
.0656
.0656
.0656
.0655
.0655
.0655
.0655
.0654
.0654
.0654
.0653
.0653
.0653
.0653
.0652
.0652
.0652
.0652
.0651
.0651
.0651
.065
.065
.065
.065
.0649
.0649
.0649
.0649
.0648
.0648
.0648
.0647
.0647
.0647
.0647
.0646
.0646
.0646
.0646
.0645
.0645
.0645
.0644
.0644
.0644
.0644
.0643
.0643
.0643
.0643
.0642
.0642
.0642
.0642
.0641
.0641
.0641
.064
.064
.064
.064
.0639
.0639
.0639
.0639
.0638
.0638
.0638
.0638
.0637
.0637
.0637
.0637
.0636
.0636
.0636
.0635
.0635
.0635
.0635
.0634
.0634
.0634
.0634
.0633
.0633
.0633
.0633
.0632
.0632
.0632
.0632
.0631
.0631
.0631
.0631
.063
.063
.063
.063
.0629
.0629
.0629
.0628
.0628
.0628
.0628
.0627
.0627
.0627
.0627
.0626
.0626
.0626
.0626
.0625
.0625
.0625
.0625
.0624
.0624
.0624
.0624
.0623
.0623
.0623
.0623
.0622
.0622
.0622
.0622
.0621
.0621
.0621
.0621
.062
.062
.062
.062
.0619
.0619
.0619
.0619
.0618
.0618
.0618
.0618
.0617
.0617
.0617
.0617
.0616
.0616
.0616
.0616
.0615
.0615
.0615
.0615
.0614
.0614
.0614
.0614
.0613
.0613
.0613
.0613
.0612
.0612
.0612
.0612
.0611
.0611
.0611
.0611
.0611
.061
.061
.061
.061
.0609
.0609
.0609
.0609
.0608
.0608
.0608
.0608
.0607
.0607
.0607
.0607
.0606
.0606
.0606
.0606
.0605
.0605
.0605
.0605
.0604
.0604
.0604
.0604
.0604
.0603
.0603
.0603
.0603
.0602
.0602
.0602
.0602
.0601
.0601
.0601
.0601
.06
.06
.06
.06
.06
.0599
.0599
.0599
.0599
.0598
.0598
.0598
.0598
.0597
.0597
.0597
.0597
.0596
.0596
.0596
.0596
.0596
.0595
.0595
.0595
.0595
.0594
.0594
.0594
.0594
.0593
.0593
.0593
.0593
.0593
.0592
.0592
.0592
.0592
.0591
.0591
.0591
.0591
.059
.059
.059
.059
.059
.0589
.0589
.0589
.0589
.0588
.0588
.0588
.0588
.0587
.0587
.0587
.0587
.0587
.0586
.0586
.0586
.0586
.0585
.0585
.0585
.0585
.0585
.0584
.0584
.0584
.0584
.0583
.0583
.0583
.0583
.0583
.0582
.0582
.0582
.0582
.0581
.0581
.0581
.0581
.0581
.058
.058
.058
.058
.0579
.0579
.0579
.0579
.0579
.0578
.0578
.0578
.0578
.0577
.0577
.0577
.0577
.0577
.0576
.0576
.0576
.0576
.0575
.0575
.0575
.0575
.0575
.0574
.0574
.0574
.0574
.0573
.0573
.0573
.0573
.0573
.0572
.0572
.0572
.0572
.0572
.0571
.0571
.0571
.0571
.057
.057
.057
.057
.057
.0569
.0569
.0569
.0569
.0569
.0568
.0568
.0568
.0568
.0567
.0567
.0567
.0567
.0567
.0566
.0566
.0566
.0566
.0566
.0565
.0565
.0565
.0565
.0564
.0564
.0564
.0564
.0564
.0563
.0563
.0563
.0563
.0563
.0562
.0562
.0562
.0562
.0562
.0561
.0561
.0561
.0561
.056
.056
.056
.056
.056
.0559
.0559
.0559
.0559
.0559
.0558
.0558
.0558
.0558
.0558
.0557
.0557
.0557
.0557
.0557
.0556
.0556
.0556
.0556
.0556
.0555
.0555
.0555
.0555
.0554
.0554
.0554
.0554
.0554
.0553
.0553
.0553
.0553
.0553
.0552
.0552
.0552
.0552
.0552
.0551
.0551
.0551
.0551
.0551
.055
.055
.055
.055
.055
.0549
.0549
.0549
.0549
.0549
.0548
.0548
.0548
.0548
.0548
.0547
.0547
.0547
.0547
.0547
.0546
.0546
.0546
.0546
.0546
.0545
.0545
.0545
.0545
.0545
.0544
.0544
.0544
.0544
.0544
.0543
.0543
.0543
.0543
.0543
.0542
.0542
.0542
.0542
.0542
.0541
.0541
.0541
.0541
.0541
.054
.054
.054
.054
.054
.054
.0539
.0539
.0539
.0539
.0539
.0538
.0538
.0538
.0538
.0538
.0537
.0537
.0537
.0537
.0537
.0536
.0536
.0536
.0536
.0536
.0535
.0535
.0535
.0535
.0535
.0534
.0534
.0534
.0534
.0534
.0534
.0533
.0533
.0533
.0533
.0533
.0532
.0532
.0532
.0532
.0532
.0531
.0531
.0531
.0531
.0531
.053
.053
.053
.053
.053
.053
.0529
.0529
.0529
.0529
.0529
.0528
.0528
.0528
.0528
.0528
.0527
.0527
.0527
.0527
.0527
.0527
.0526
.0526
.0526
.0526
.0526
.0525
.0525
.0525
.0525
.0525
.0524
.0524
.0524
.0524
.0524
.0524
.0523
.0523
.0523
.0523
.0523
.0522
.0522
.0522
.0522
.0522
.0522
.0521
.0521
.0521
.0521
.0521
.052
.052
.052
.052
.052
.052
.0519
.0519
.0519
.0519
.0519
.0518
.0518
.0518
.0518
.0518
.0518
.0517
.0517
.0517
.0517
.0517
.0516
.0516
.0516
.0516
.0516
.0516
.0515
.0515
.0515
.0515
.0515
.0514
.0514
.0514
.0514
.0514
.0514
.0513
.0513
.0513
.0513
.0513
.0513
.0512
.0512
.0512
.0512
.0512
.0511
.0511
.0511
.0511
.0511
.0511
.051
.051
.051
.051
.051
.051
.0509
.0509
.0509
.0509
.0509
.0508
.0508
.0508
.0508
.0508
.0508
.0507
.0507
.0507
.0507
.0507
.0507
.0506
.0506
.0506
.0506
.0506
.0506
.0505
.0505
.0505
.0505
.0505
.0504
.0504
.0504
.0504
.0504
.0504
.0503
.0503
.0503
.0503
.0503
.0503
.0502
.0502
.0502
.0502
.0502
.0502
.0501
.0501
.0501
.0501
.0501
.0501
.05
.05
.05
.05
