.7252
.7226
.7199
.7173
.7146
.7118
.709
.7062
.7033
.7004
.6975
.6945
.6914
.6884
.6853
.6821
.6789
.6757
.6724
.6691
.6658
.6624
.659
.6556
.6522
.6487
.6452
.6417
.6381
.6346
.631
.6274
.6238
.6203
.6167
.6131
.6096
.606
.6025
.599
.5956
.5922
.5888
.5855
.5823
.5791
.5759
.5728
.5698
.5669
.5641
.5613
.5586
.556
.5535
.5511
.5488
.5466
.5444
.5424
.5404
.5386
.5368
.5351
.5335
.532
.5306
.5292
.5279
.5267
.5256
.5245
.5235
.5226
.5217
.5209
.5201
.5194
.5187
.5181
.5175
.517
.5164
.516
.5155
.5151
.5148
.5144
.5141
.5138
.5135
.5132
.513
.5128
.5126
.5124
.5122
.512
.5119
.5117
.5116
.5115
.5114
.5112
.5112
.5111
.511
.5109
.5108
.5108
.5107
.5106
.5106
.5105
.5105
.5104
.5104
.5103
.5103
.5103
.5102
.5102
.5102
.5101
.5101
.5101
.5101
.51
.51
.51
.51
.5099
.5099
.5099
.5099
.5099
.5098
.5098
.5098
.5098
.5098
.5098
.5097
.5097
.5097
.5097
.5097
.5097
.5096
.5096
.5096
.5096
.5096
.5096
.5096
.5095
.5095
.5095
.5095
.5095
.5095
.5094
.5094
.5094
.5094
.5094
.5094
.5094
.5093
.5093
.5093
.5093
.5093
.5093
.5092
.5092
.5092
.5092
.5092
.5092
.5092
.5091
.5091
.5091
.5091
.5091
.5091
.509
.509
.509
.509
.509
.509
.509
.5089
.5089
.5089
.5089
.5089
.5089
.5088
.5088
.5088
.5088
.5088
.5088
.5087
.5087
.5087
.5087
.5087
.5087
.5086
.5086
.5086
.5086
.5086
.5086
.5085
.5085
.5085
.5085
.5085
.5084
.5084
.5084
.5084
.5084
.5084
.5083
.5083
.5083
.5083
.5083
.5082
.5082
.5082
.5082
.5082
.5082
.5081
.5081
.5081
.5081
.5081
.508
.508
.508
.508
.508
.5079
.5079
.5079
.5079
.5079
.5078
.5078
.5078
.5078
.5078
.5077
.5077
.5077
.5077
.5077
.5076
.5076
.5076
.5076
.5076
.5075
.5075
.5075
.5075
.5074
.5074
.5074
.5074
.5074
.5073
.5073
.5073
.5073
.5072
.5072
.5072
.5072
.5072
.5071
.5071
.5071
.5071
.507
.507
.507
.507
.5069
.5069
.5069
.5069
.5069
.5068
.5068
.5068
.5068
.5067
.5067
.5067
.5067
.5066
.5066
.5066
.5065
.5065
.5065
.5065
.5064
.5064
.5064
.5064
.5063
.5063
.5063
.5063
.5062
.5062
.5062
.5061
.5061
.5061
.5061
.506
.506
.506
.5059
.5059
.5059
.5059
.5058
.5058
.5058
.5057
.5057
.5057
.5056
.5056
.5056
.5056
.5055
.5055
.5055
.5054
.5054
.5054
.5053
.5053
.5053
.5052
.5052
.5052
.5051
.5051
.5051
.505
.505
.505
.5049
.5049
.5049
.5048
.5048
.5048
.5047
.5047
.5046
.5046
.5046
.5045
.5045
.5045
.5044
.5044
.5044
.5043
.5043
.5042
.5042
.5042
.5041
.5041
.504
.504
.504
.5039
.5039
.5038
.5038
.5038
.5037
.5037
.5036
.5036
.5035
.5035
.5035
.5034
.5034
.5033
.5033
.5032
.5032
.5031
.5031
.503
.503
.503
.5029
.5029
.5028
.5028
.5027
.5027
.5026
.5026
.5025
.5025
.5024
.5024
.5023
.5023
.5022
.5022
.5021
.5021
.502
.502
.5019
.5018
.5018
.5017
.5017
.5016
.5016
.5015
.5015
.5014
.5013
.5013
.5012
.5012
.5011
.5011
.501
.5009
.5009
.5008
.5008
.5007
.5006
.5006
.5005
.5004
.5004
.5003
.5002
.5002
.5001
.5
.5
.4999
.4998
.4998
.4997
.4996
.4996
.4995
.4994
.4994
.4993
.4992
.4991
.4991
.499
.4989
.4989
.4988
.4987
.4986
.4986
.4985
.4984
.4983
.4982
.4982
.4981
.498
.4979
.4978
.4978
.4977
.4976
.4975
.4974
.4973
.4973
.4972
.4971
.497
.4969
.4968
.4967
.4966
.4966
.4965
.4964
.4963
.4962
.4961
.496
.4959
.4958
.4957
.4956
.4955
.4954
.4953
.4952
.4951
.495
.4949
.4948
.4947
.4946
.4945
.4944
.4943
.4942
.4941
.494
.4939
.4938
.4937
.4936
.4934
.4933
.4932
.4931
.493
.4929
.4928
.4926
.4925
.4924
.4923
.4922
.4921
.4919
.4918
.4917
.4916
.4914
.4913
.4912
.4911
.4909
.4908
.4907
.4905
.4904
.4903
.4902
.49
.4899
.4897
.4896
.4895
.4893
.4892
.4891
.4889
.4888
.4886
.4885
.4883
.4882
.4881
.4879
.4878
.4876
.4875
.4873
.4872
.487
.4869
.4867
.4865
.4864
.4862
.4861
.4859
.4858
.4856
.4854
.4853
.4851
.4849
.4848
.4846
.4844
.4843
.4841
.4839
.4838
.4836
.4834
.4832
.4831
.4829
.4827
.4825
.4824
.4822
.482
.4818
.4816
.4814
.4813
.4811
.4809
.4807
.4805
.4803
.4801
.4799
.4797
.4795
.4793
.4791
.4789
.4787
.4785
.4783
.4781
.4779
.4777
.4775
.4773
.4771
.4769
.4767
.4765
.4763
.4761
.4758
.4756
.4754
.4752
.475
.4747
.4745
.4743
.4741
.4739
.4736
.4734
.4732
.473
.4727
.4725
.4723
.472
.4718
.4716
.4713
.4711
.4708
.4706
.4704
.4701
.4699
.4696
.4694
.4692
.4689
.4687
.4684
.4682
.4679
.4677
.4674
.4671
.4669
.4666
.4664
.4661
.4659
.4656
.4653
.4651
.4648
.4645
.4643
.464
.4637
.4635
.4632
.4629
.4627
.4624
.4621
.4618
.4616
.4613
.461
.4607
.4605
.4602
.4599
.4596
.4593
.459
.4588
.4585
.4582
.4579
.4576
.4573
.457
.4567
.4564
.4561
.4558
.4556
.4553
.455
.4547
.4544
.4541
.4538
.4535
.4532
.4528
.4525
.4522
.4519
.4516
.4513
.451
.4507
.4504
.4501
.4498
.4494
.4491
.4488
.4485
.4482
.4479
.4475
.4472
.4469
.4466
.4463
.4459
.4456
.4453
.445
.4446
.4443
.444
.4436
.4433
.443
.4427
.4423
.442
.4417
.4413
.441
.4407
.4403
.44
.4396
.4393
.439
.4386
.4383
.4379
.4376
.4373
.4369
.4366
.4362
.4359
.4355
.4352
.4348
.4345
.4342
.4338
.4335
.4331
.4328
.4324
.4321
.4317
.4313
.431
.4306
.4303
.4299
.4296
.4292
.4289
.4285
.4282
.4278
.4274
.4271
.4267
.4264
.426
.4256
.4253
.4249
.4245
.4242
.4238
.4235
.4231
.4227
.4224
.422
.4216
.4213
.4209
.4205
.4202
.4198
.4194
.4191
.4187
.4183
.418
.4176
.4172
.4168
.4165
.4161
.4157
.4154
.415
.4146
.4142
.4139
.4135
.4131
.4127
.4124
.412
.4116
.4112
.4109
.4105
.4101
.4097
.4094
.409
.4086
.4082
.4078
.4075
.4071
.4067
.4063
.406
.4056
.4052
.4048
.4044
.4041
.4037
.4033
.4029
.4025
.4022
.4018
.4014
.401
.4006
.4003
.3999
.3995
.3991
.3987
.3983
.398
.3976
.3972
.3968
.3964
.396
.3957
.3953
.3949
.3945
.3941
.3938
.3934
.393
.3926
.3922
.3918
.3915
.3911
.3907
.3903
.3899
.3895
.3892
.3888
.3884
.388
.3876
.3872
.3868
.3865
.3861
.3857
.3853
.3849
.3845
.3842
.3838
.3834
.383
.3826
.3822
.3819
.3815
.3811
.3807
.3803
.38
.3796
.3792
.3788
.3784
.378
.3777
.3773
.3769
.3765
.3761
.3757
.3754
.375
.3746
.3742
.3738
.3735
.3731
.3727
.3723
.3719
.3716
.3712
.3708
.3704
.37
.3697
.3693
.3689
.3685
.3681
.3678
.3674
.367
.3666
.3662
.3659
.3655
.3651
.3647
.3644
.364
.3636
.3632
.3628
.3625
.3621
.3617
.3613
.361
.3606
.3602
.3598
.3595
.3591
.3587
.3583
.358
.3576
.3572
.3568
.3565
.3561
.3557
.3554
.355
.3546
.3542
.3539
.3535
.3531
.3528
.3524
.352
.3516
.3513
.3509
.3505
.3502
.3498
.3494
.3491
.3487
.3483
.348
.3476
.3472
.3469
.3465
.3461
.3458
.3454
.345
.3447
.3443
.3439
.3436
.3432
.3428
.3425
.3421
.3417
.3414
.341
.3407
.3403
.3399
.3396
.3392
.3389
.3385
.3381
.3378
.3374
.3371
.3367
.3363
.336
.3356
.3353
.3349
.3345
.3342
.3338
.3335
.3331
.3328
.3324
.3321
.3317
.3314
.331
.3306
.3303
.3299
.3296
.3292
.3289
.3285
.3282
.3278
.3275
.3271
.3268
.3264
.3261
.3257
.3254
.325
.3247
.3243
.324
.3236
.3233
.3229
.3226
.3223
.3219
.3216
.3212
.3209
.3205
.3202
.3198
.3195
.3192
.3188
.3185
.3181
.3178
.3174
.3171
.3168
.3164
.3161
.3157
.3154
.3151
.3147
.3144
.3141
.3137
.3134
.313
.3127
.3124
.312
.3117
.3114
.311
.3107
.3104
.31
.3097
.3094
.309
.3087
.3084
.308
.3077
.3074
.307
.3067
.3064
.3061
.3057
.3054
.3051
.3047
.3044
.3041
.3038
.3034
.3031
.3028
.3025
.3021
.3018
.3015
.3012
.3008
.3005
.3002
.2999
.2995
.2992
.2989
.2986
.2982
.2979
.2976
.2973
.297
.2966
.2963
.296
.2957
.2954
.2951
.2947
.2944
.2941
.2938
.2935
.2932
.2928
.2925
.2922
.2919
.2916
.2913
.291
.2906
.2903
.29
.2897
.2894
.2891
.2888
.2885
.2882
.2878
.2875
.2872
.2869
.2866
.2863
.286
.2857
.2854
.2851
.2848
.2845
.2842
.2839
.2835
.2832
.2829
.2826
.2823
.282
.2817
.2814
.2811
.2808
.2805
.2802
.2799
.2796
.2793
.279
.2787
.2784
.2781
.2778
.2775
.2772
.2769
.2766
.2763
.276
.2757
.2755
.2752
.2749
.2746
.2743
.274
.2737
.2734
.2731
.2728
.2725
.2722
.2719
.2716
.2714
.2711
.2708
.2705
.2702
.2699
.2696
.2693
.269
.2688
.2685
.2682
.2679
.2676
.2673
.267
.2668
.2665
.2662
.2659
.2656
.2653
.2651
.2648
.2645
.2642
.2639
.2636
.2634
.2631
.2628
.2625
.2622
.262
.2617
.2614
.2611
.2609
.2606
.2603
.26
.2598
.2595
.2592
.2589
.2587
.2584
.2581
.2578
.2576
.2573
.257
.2567
.2565
.2562
.2559
.2557
.2554
.2551
.2548
.2546
.2543
.254
.2538
.2535
.2532
.253
.2527
.2524
.2522
.2519
.2516
.2514
.2511
.2508
.2506
.2503
.25
.2498
.2495
.2493
.249
.2487
.2485
.2482
.248
.2477
.2474
.2472
.2469
.2467
.2464
.2461
.2459
.2456
.2454
.2451
.2449
.2446
.2443
.2441
.2438
.2436
.2433
.2431
.2428
.2426
.2423
.2421
.2418
.2416
.2413
.2411
.2408
.2406
.2403
.2401
.2398
.2396
.2393
.2391
.2388
.2386
.2383
.2381
.2378
.2376
.2373
.2371
.2368
.2366
.2363
.2361
.2359
.2356
.2354
.2351
.2349
.2346
.2344
.2342
.2339
.2337
.2334
.2332
.233
.2327
.2325
.2322
.232
.2318
.2315
.2313
.2311
.2308
.2306
.2304
.2301
.2299
.2296
.2294
.2292
.2289
.2287
.2285
.2282
.228
.2278
.2276
.2273
.2271
.2269
.2266
.2264
.2262
.2259
.2257
.2255
.2253
.225
.2248
.2246
.2243
.2241
.2239
.2237
.2234
.2232
.223
.2228
.2225
.2223
.2221
.2219
.2216
.2214
.2212
.221
.2208
.2205
.2203
.2201
.2199
.2197
.2194
.2192
.219
.2188
.2186
.2183
.2181
.2179
.2177
.2175
.2173
.2171
.2168
.2166
.2164
.2162
.216
.2158
.2155
.2153
.2151
.2149
.2147
.2145
.2143
.2141
.2139
.2136
.2134
.2132
.213
.2128
.2126
.2124
.2122
.212
.2118
.2116
.2114
.2111
.2109
.2107
.2105
.2103
.2101
.2099
.2097
.2095
.2093
.2091
.2089
.2087
.2085
.2083
.2081
.2079
.2077
.2075
.2073
.2071
.2069
.2067
.2065
.2063
.2061
.2059
.2057
.2055
.2053
.2051
.2049
.2047
.2045
.2043
.2041
.2039
.2037
.2035
.2033
.2031
.203
.2028
.2026
.2024
.2022
.202
.2018
.2016
.2014
.2012
.201
.2008
.2007
.2005
.2003
.2001
.1999
.1997
.1995
.1993
.1991
.199
.1988
.1986
.1984
.1982
.198
.1978
.1977
.1975
.1973
.1971
.1969
.1967
.1966
.1964
.1962
.196
.1958
.1956
.1955
.1953
.1951
.1949
.1947
.1946
.1944
.1942
.194
.1938
.1937
.1935
.1933
.1931
.1929
.1928
.1926
.1924
.1922
.1921
.1919
.1917
.1915
.1914
.1912
.191
.1908
.1907
.1905
.1903
.1901
.19
.1898
.1896
.1894
.1893
.1891
.1889
.1888
.1886
.1884
.1883
.1881
.1879
.1877
.1876
.1874
.1872
.1871
.1869
.1867
.1866
.1864
.1862
.1861
.1859
.1857
.1856
.1854
.1852
.1851
.1849
.1847
.1846
.1844
.1842
.1841
.1839
.1838
.1836
.1834
.1833
.1831
.1829
.1828
.1826
.1825
.1823
.1821
.182
.1818
.1816
.1815
.1813
.1812
.181
.1809
.1807
.1805
.1804
.1802
.1801
.1799
.1797
.1796
.1794
.1793
.1791
.179
.1788
.1787
.1785
.1783
.1782
.178
.1779
.1777
.1776
.1774
.1773
.1771
.177
.1768
.1767
.1765
.1763
.1762
.176
.1759
.1757
.1756
.1754
.1753
.1751
.175
.1748
.1747
.1745
.1744
.1742
.1741
.1739
.1738
.1737
.1735
.1734
.1732
.1731
.1729
.1728
.1726
.1725
.1723
.1722
.172
.1719
.1717
.1716
.1715
.1713
.1712
.171
.1709
.1707
.1706
.1705
.1703
.1702
.17
.1699
.1697
.1696
.1695
.1693
.1692
.169
.1689
.1687
.1686
.1685
.1683
.1682
.168
.1679
.1678
.1676
.1675
.1674
.1672
.1671
.1669
.1668
.1667
.1665
.1664
.1663
.1661
.166
.1658
.1657
.1656
.1654
.1653
.1652
.165
.1649
.1648
.1646
.1645
.1644
.1642
.1641
.164
.1638
.1637
.1636
.1634
.1633
.1632
.163
.1629
.1628
.1626
.1625
.1624
.1622
.1621
.162
.1618
.1617
.1616
.1614
.1613
.1612
.1611
.1609
.1608
.1607
.1605
.1604
.1603
.1602
.16
.1599
.1598
.1596
.1595
.1594
.1593
.1591
.159
.1589
.1588
.1586
.1585
.1584
.1582
.1581
.158
.1579
.1577
.1576
.1575
.1574
.1572
.1571
.157
.1569
.1568
.1566
.1565
.1564
.1563
.1561
.156
.1559
.1558
.1556
.1555
.1554
.1553
.1552
.155
.1549
.1548
.1547
.1546
.1544
.1543
.1542
.1541
.154
.1538
.1537
.1536
.1535
.1534
.1532
.1531
.153
.1529
.1528
.1526
.1525
.1524
.1523
.1522
.1521
.1519
.1518
.1517
.1516
.1515
.1514
.1512
.1511
.151
.1509
.1508
.1507
.1505
.1504
.1503
.1502
.1501
.15
.1499
.1497
.1496
.1495
.1494
.1493
.1492
.1491
.1489
.1488
.1487
.1486
.1485
.1484
.1483
.1482
.148
.1479
.1478
.1477
.1476
.1475
.1474
.1473
.1472
.147
.1469
.1468
.1467
.1466
.1465
.1464
.1463
.1462
.1461
.1459
.1458
.1457
.1456
.1455
.1454
.1453
.1452
.1451
.145
.1449
.1448
.1446
.1445
.1444
.1443
.1442
.1441
.144
.1439
.1438
.1437
.1436
.1435
.1434
.1433
.1432
.1431
.1429
.1428
.1427
.1426
.1425
.1424
.1423
.1422
.1421
.142
.1419
.1418
.1417
.1416
.1415
.1414
.1413
.1412
.1411
.141
.1409
.1408
.1407
.1406
.1405
.1404
.1403
.1401
.14
.1399
.1398
.1397
.1396
.1395
.1394
.1393
.1392
.1391
.139
.1389
.1388
.1387
.1386
.1385
.1384
.1383
.1382
.1381
.138
.1379
.1378
.1377
.1376
.1375
.1374
.1373
.1373
.1372
.1371
.137
.1369
.1368
.1367
.1366
.1365
.1364
.1363
.1362
.1361
.136
.1359
.1358
.1357
.1356
.1355
.1354
.1353
.1352
.1351
.135
.1349
.1348
.1347
.1346
.1345
.1345
.1344
.1343
.1342
.1341
.134
.1339
.1338
.1337
.1336
.1335
.1334
.1333
.1332
.1331
.133
.133
.1329
.1328
.1327
.1326
.1325
.1324
.1323
.1322
.1321
.132
.1319
.1318
.1318
.1317
.1316
.1315
.1314
.1313
.1312
.1311
.131
.1309
.1308
.1308
.1307
.1306
.1305
.1304
.1303
.1302
.1301
.13
.1299
.1299
.1298
.1297
.1296
.1295
.1294
.1293
.1292
.1291
.1291
.129
.1289
.1288
.1287
.1286
.1285
.1284
.1284
.1283
.1282
.1281
.128
.1279
.1278
.1277
.1277
.1276
.1275
.1274
.1273
.1272
.1271
.1271
.127
.1269
.1268
.1267
.1266
.1265
.1265
.1264
.1263
.1262
.1261
.126
.1259
.1259
.1258
.1257
.1256
.1255
.1254
.1254
.1253
.1252
.1251
.125
.1249
.1249
.1248
.1247
.1246
.1245
.1244
.1244
.1243
.1242
.1241
.124
.1239
.1239
.1238
.1237
.1236
.1235
.1235
.1234
.1233
.1232
.1231
.123
.123
.1229
.1228
.1227
.1226
.1226
.1225
.1224
.1223
.1222
.1222
.1221
.122
.1219
.1218
.1218
.1217
.1216
.1215
.1214
.1214
.1213
.1212
.1211
.121
.121
.1209
.1208
.1207
.1206
.1206
.1205
.1204
.1203
.1203
.1202
.1201
.12
.1199
.1199
.1198
.1197
.1196
.1196
.1195
.1194
.1193
.1192
.1192
.1191
.119
.1189
.1189
.1188
.1187
.1186
.1186
.1185
.1184
.1183
.1182
.1182
.1181
.118
.1179
.1179
.1178
.1177
.1176
.1176
.1175
.1174
.1173
.1173
.1172
.1171
.117
.117
.1169
.1168
.1167
.1167
.1166
.1165
.1165
.1164
.1163
.1162
.1162
.1161
.116
.1159
.1159
.1158
.1157
.1156
.1156
.1155
.1154
.1154
.1153
.1152
.1151
.1151
.115
.1149
.1148
.1148
.1147
.1146
.1146
.1145
.1144
.1143
.1143
.1142
.1141
.1141
.114
.1139
.1138
.1138
.1137
.1136
.1136
.1135
.1134
.1133
.1133
.1132
.1131
.1131
.113
.1129
.1129
.1128
.1127
.1126
.1126
.1125
.1124
.1124
.1123
.1122
.1122
.1121
.112
.1119
.1119
.1118
.1117
.1117
.1116
.1115
.1115
.1114
.1113
.1113
.1112
.1111
.1111
.111
.1109
.1109
.1108
.1107
.1107
.1106
.1105
.1104
.1104
.1103
.1102
.1102
.1101
.11
.11
.1099
.1098
.1098
.1097
.1096
.1096
.1095
.1094
.1094
.1093
.1092
.1092
.1091
.109
.109
.1089
.1088
.1088
.1087
.1087
.1086
.1085
.1085
.1084
.1083
.1083
.1082
.1081
.1081
.108
.1079
.1079
.1078
.1077
.1077
.1076
.1075
.1075
.1074
.1074
.1073
.1072
.1072
.1071
.107
.107
.1069
.1068
.1068
.1067
.1067
.1066
.1065
.1065
.1064
.1063
.1063
.1062
.1061
.1061
.106
.106
.1059
.1058
.1058
.1057
.1056
.1056
.1055
.1055
.1054
.1053
.1053
.1052
.1051
.1051
.105
.105
.1049
.1048
.1048
.1047
.1047
.1046
.1045
.1045
.1044
.1043
.1043
.1042
.1042
.1041
.104
.104
.1039
.1039
.1038
.1037
.1037
.1036
.1036
.1035
.1034
.1034
.1033
.1033
.1032
.1031
.1031
.103
.103
.1029
.1028
.1028
.1027
.1027
.1026
.1025
.1025
.1024
.1024
.1023
.1022
.1022
.1021
.1021
.102
.1019
.1019
.1018
.1018
.1017
.1017
.1016
.1015
.1015
.1014
.1014
.1013
.1012
.1012
.1011
.1011
.101
.101
.1009
.1008
.1008
.1007
.1007
.1006
.1006
.1005
.1004
.1004
.1003
.1003
.1002
.1002
.1001
.1
.1
.0999
.0999
.0998
.0998
.0997
.0996
.0996
.0995
.0995
.0994
.0994
.0993
.0993
.0992
.0991
.0991
.099
.099
.0989
.0989
.0988
.0987
.0987
.0986
.0986
.0985
.0985
.0984
.0984
.0983
.0983
.0982
.0981
.0981
.098
.098
.0979
.0979
.0978
.0978
.0977
.0976
.0976
.0975
.0975
.0974
.0974
.0973
.0973
.0972
.0972
.0971
.0971
.097
.0969
.0969
.0968
.0968
.0967
.0967
.0966
.0966
.0965
.0965
.0964
.0964
.0963
.0963
.0962
.0961
.0961
.096
.096
.0959
.0959
.0958
.0958
.0957
.0957
.0956
.0956
.0955
.0955
.0954
.0954
.0953
.0952
.0952
.0951
.0951
.095
.095
.0949
.0949
.0948
.0948
.0947
.0947
.0946
.0946
.0945
.0945
.0944
.0944
.0943
.0943
.0942
.0942
.0941
.0941
.094
.094
.0939
.0939
.0938
.0938
.0937
.0937
.0936
.0936
.0935
.0935
.0934
.0934
.0933
.0933
.0932
.0932
.0931
.0931
.093
.093
.0929
.0929
.0928
.0928
.0927
.0927
.0926
.0926
.0925
.0925
.0924
.0924
.0923
.0923
.0922
.0922
.0921
.0921
.092
.092
.0919
.0919
.0918
.0918
.0917
.0917
.0916
.0916
.0915
.0915
.0914
.0914
.0913
.0913
.0912
.0912
.0911
.0911
.091
.091
.0909
.0909
.0908
.0908
.0907
.0907
.0907
.0906
.0906
.0905
.0905
.0904
.0904
.0903
.0903
.0902
.0902
.0901
.0901
.09
.09
.0899
.0899
.0898
.0898
.0898
.0897
.0897
.0896
.0896
.0895
.0895
.0894
.0894
.0893
.0893
.0892
.0892
.0891
.0891
.0891
.089
.089
.0889
.0889
.0888
.0888
.0887
.0887
.0886
.0886
.0885
.0885
.0885
.0884
.0884
.0883
.0883
.0882
.0882
.0881
.0881
.088
.088
.0879
.0879
.0879
.0878
.0878
.0877
.0877
.0876
.0876
.0875
.0875
.0875
.0874
.0874
.0873
.0873
.0872
.0872
.0871
.0871
.087
.087
.087
.0869
.0869
.0868
.0868
.0867
.0867
.0866
.0866
.0866
.0865
.0865
.0864
.0864
.0863
.0863
.0863
.0862
.0862
.0861
.0861
.086
.086
.0859
.0859
.0859
.0858
.0858
.0857
.0857
.0856
.0856
.0856
.0855
.0855
.0854
.0854
.0853
.0853
.0853
.0852
.0852
.0851
.0851
.085
.085
.085
.0849
.0849
.0848
.0848
.0847
.0847
.0847
.0846
.0846
.0845
.0845
.0844
.0844
.0844
.0843
.0843
.0842
.0842
.0841
.0841
.0841
.084
.084
.0839
.0839
.0839
.0838
.0838
.0837
.0837
.0836
.0836
.0836
.0835
.0835
.0834
.0834
.0834
.0833
.0833
.0832
.0832
.0832
.0831
.0831
.083
.083
.0829
.0829
.0829
.0828
.0828
.0827
.0827
.0827
.0826
.0826
.0825
.0825
.0825
.0824
.0824
.0823
.0823
.0823
.0822
.0822
.0821
.0821
.0821
.082
.082
.0819
.0819
.0819
.0818
.0818
.0817
.0817
.0817
.0816
.0816
.0815
.0815
.0815
.0814
.0814
.0813
.0813
.0813
.0812
.0812
.0811
.0811
.0811
.081
.081
.0809
.0809
.0809
.0808
.0808
.0807
.0807
.0807
.0806
.0806
.0806
.0805
.0805
.0804
.0804
.0804
.0803
.0803
.0802
.0802
.0802
.0801
.0801
.08
.08
.08
.0799
.0799
.0799
.0798
.0798
.0797
.0797
.0797
.0796
.0796
.0796
.0795
.0795
.0794
.0794
.0794
.0793
.0793
.0792
.0792
.0792
.0791
.0791
.0791
.079
.079
.0789
.0789
.0789
.0788
.0788
.0788
.0787
.0787
.0786
.0786
.0786
.0785
.0785
.0785
.0784
.0784
.0784
.0783
.0783
.0782
.0782
.0782
.0781
.0781
.0781
.078
.078
.0779
.0779
.0779
.0778
.0778
.0778
.0777
.0777
.0777
.0776
.0776
.0775
.0775
.0775
.0774
.0774
.0774
.0773
.0773
.0773
.0772
.0772
.0771
.0771
.0771
.077
.077
.077
.0769
.0769
.0769
.0768
.0768
.0767
.0767
.0767
.0766
.0766
.0766
.0765
.0765
.0765
.0764
.0764
.0764
.0763
.0763
.0763
.0762
.0762
.0761
.0761
.0761
.076
.076
.076
.0759
.0759
.0759
.0758
.0758
.0758
.0757
.0757
.0757
.0756
.0756
.0756
.0755
.0755
.0754
.0754
.0754
.0753
.0753
.0753
.0752
.0752
.0752
.0751
.0751
.0751
.075
.075
.075
.0749
.0749
.0749
.0748
.0748
.0748
.0747
.0747
.0747
.0746
.0746
.0746
.0745
.0745
.0745
.0744
.0744
.0744
.0743
.0743
.0743
.0742
.0742
.0742
.0741
.0741
.0741
.074
.074
.0739
.0739
.0739
.0738
.0738
.0738
.0737
.0737
.0737
.0736
.0736
.0736
.0736
.0735
.0735
.0735
.0734
.0734
.0734
.0733
.0733
.0733
.0732
.0732
.0732
.0731
.0731
.0731
.073
.073
.073
.0729
.0729
.0729
.0728
.0728
.0728
.0727
.0727
.0727
.0726
.0726
.0726
.0725
.0725
.0725
.0724
.0724
.0724
.0723
.0723
.0723
.0722
.0722
.0722
.0721
.0721
.0721
.0721
.072
.072
.072
.0719
.0719
.0719
.0718
.0718
.0718
.0717
.0717
.0717
.0716
.0716
.0716
.0715
.0715
.0715
.0715
.0714
.0714
.0714
.0713
.0713
.0713
.0712
.0712
.0712
.0711
.0711
.0711
.071
.071
.071
.071
.0709
.0709
.0709
.0708
.0708
.0708
.0707
.0707
.0707
.0706
.0706
.0706
.0705
.0705
.0705
.0705
.0704
.0704
.0704
.0703
.0703
.0703
.0702
.0702
.0702
.0702
.0701
.0701
.0701
.07
.07
.07
.0699
.0699
.0699
.0698
.0698
.0698
.0698
.0697
.0697
.0697
.0696
.0696
.0696
.0695
.0695
.0695
.0695
.0694
.0694
.0694
.0693
.0693
.0693
.0692
.0692
.0692
.0692
.0691
.0691
.0691
.069
.069
.069
.069
.0689
.0689
.0689
.0688
.0688
.0688
.0687
.0687
.0687
.0687
.0686
.0686
.0686
.0685
.0685
.0685
.0685
.0684
.0684
.0684
.0683
.0683
.0683
.0682
.0682
.0682
.0682
.0681
.0681
.0681
.068
.068
.068
.068
.0679
.0679
.0679
.0678
.0678
.0678
.0678
.0677
.0677
.0677
.0676
.0676
.0676
.0676
.0675
.0675
.0675
.0674
.0674
.0674
.0674
.0673
.0673
.0673
.0672
.0672
.0672
.0672
.0671
.0671
.0671
.067
.067
.067
.067
.0669
.0669
.0669
.0669
.0668
.0668
.0668
.0667
.0667
.0667
.0667
.0666
.0666
.0666
.0665
.0665
.0665
.0665
.0664
.0664
.0664
.0664
.0663
.0663
.0663
.0662
.0662
.0662
.0662
.0661
.0661
.0661
.0661
.066
.066
.066
.0659
.0659
.0659
.0659
.0658
.0658
.0658
.0658
.0657
.0657
.0657
.0656
.0656
.0656
.0656
.0655
.0655
.0655
.0655
.0654
.0654
.0654
.0653
.0653
.0653
.0653
.0652
.0652
.0652
.0652
.0651
.0651
.0651
.0651
.065
.065
.065
.0649
.0649
.0649
.0649
.0648
.0648
.0648
.0648
.0647
.0647
.0647
.0647
.0646
.0646
.0646
.0645
.0645
.0645
.0645
.0644
.0644
.0644
.0644
.0643
.0643
.0643
.0643
.0642
.0642
.0642
.0642
.0641
.0641
.0641
.0641
.064
.064
.064
.0639
.0639
.0639
.0639
.0638
.0638
.0638
.0638
.0637
.0637
.0637
.0637
.0636
.0636
.0636
.0636
.0635
.0635
.0635
.0635
.0634
.0634
.0634
.0634
.0633
.0633
.0633
.0633
.0632
.0632
.0632
.0632
.0631
.0631
.0631
.0631
.063
.063
.063
.063
.0629
.0629
.0629
.0629
.0628
.0628
.0628
.0628
.0627
.0627
.0627
.0627
.0626
.0626
.0626
.0626
.0625
.0625
.0625
.0625
.0624
.0624
.0624
.0624
.0623
.0623
.0623
.0623
.0622
.0622
.0622
.0622
.0621
.0621
.0621
.0621
.062
.062
.062
.062
.0619
.0619
.0619
.0619
.0618
.0618
.0618
.0618
.0617
.0617
.0617
.0617
.0616
.0616
.0616
.0616
.0616
.0615
.0615
.0615
.0615
.0614
.0614
.0614
.0614
.0613
.0613
.0613
.0613
.0612
.0612
.0612
.0612
.0611
.0611
.0611
.0611
.061
.061
.061
.061
.061
.0609
.0609
.0609
.0609
.0608
.0608
.0608
.0608
.0607
.0607
.0607
.0607
.0606
.0606
.0606
.0606
.0606
.0605
.0605
.0605
.0605
.0604
.0604
.0604
.0604
.0603
.0603
.0603
.0603
.0603
.0602
.0602
.0602
.0602
.0601
.0601
.0601
.0601
.06
.06
.06
.06
.06
.0599
.0599
.0599
.0599
.0598
.0598
.0598
.0598
.0597
.0597
.0597
.0597
.0597
.0596
.0596
.0596
.0596
.0595
.0595
.0595
.0595
.0594
.0594
.0594
.0594
.0594
.0593
.0593
.0593
.0593
.0592
.0592
.0592
.0592
.0592
.0591
.0591
.0591
.0591
.059
.059
.059
.059
.059
.0589
.0589
.0589
.0589
.0588
.0588
.0588
.0588
.0588
.0587
.0587
.0587
.0587
.0586
.0586
.0586
.0586
.0586
.0585
.0585
.0585
.0585
.0584
.0584
.0584
.0584
.0584
.0583
.0583
.0583
.0583
.0582
.0582
.0582
.0582
.0582
.0581
.0581
.0581
.0581
.058
.058
.058
.058
.058
.0579
.0579
.0579
.0579
.0579
.0578
.0578
.0578
.0578
.0577
.0577
.0577
.0577
.0577
.0576
.0576
.0576
.0576
.0576
.0575
.0575
.0575
.0575
.0574
.0574
.0574
.0574
.0574
.0573
.0573
.0573
.0573
.0573
.0572
.0572
.0572
.0572
.0572
.0571
.0571
.0571
.0571
.057
.057
.057
.057
.057
.0569
.0569
.0569
.0569
.0569
.0568
.0568
.0568
.0568
.0568
.0567
.0567
.0567
.0567
.0566
.0566
.0566
.0566
.0566
.0565
.0565
.0565
.0565
.0565
.0564
.0564
.0564
.0564
.0564
.0563
.0563
.0563
.0563
.0563
.0562
.0562
.0562
.0562
.0562
.0561
.0561
.0561
.0561
.0561
.056
.056
.056
.056
.0559
.0559
.0559
.0559
.0559
.0558
.0558
.0558
.0558
.0558
.0557
.0557
.0557
.0557
.0557
.0556
.0556
.0556
.0556
.0556
.0555
.0555
.0555
.0555
.0555
.0554
.0554
.0554
.0554
.0554
.0553
.0553
.0553
.0553
.0553
.0552
.0552
.0552
.0552
.0552
.0551
.0551
.0551
.0551
.0551
.055
.055
.055
.055
.055
.0549
.0549
.0549
.0549
.0549
.0548
.0548
.0548
.0548
.0548
.0548
.0547
.0547
.0547
.0547
.0547
.0546
.0546
.0546
.0546
.0546
.0545
.0545
.0545
.0545
.0545
.0544
.0544
.0544
.0544
.0544
.0543
.0543
.0543
.0543
.0543
.0542
.0542
.0542
.0542
.0542
.0542
.0541
.0541
.0541
.0541
.0541
.054
.054
.054
.054
.054
.0539
.0539
.0539
.0539
.0539
.0538
.0538
.0538
.0538
.0538
.0538
.0537
.0537
.0537
.0537
.0537
.0536
.0536
.0536
.0536
.0536
.0535
.0535
.0535
.0535
.0535
.0535
.0534
.0534
.0534
.0534
.0534
.0533
.0533
.0533
.0533
.0533
.0532
.0532
.0532
.0532
.0532
.0532
.0531
.0531
.0531
.0531
.0531
.053
.053
.053
.053
.053
.0529
.0529
.0529
.0529
.0529
.0529
.0528
.0528
.0528
.0528
.0528
.0527
.0527
.0527
.0527
.0527
.0527
.0526
.0526
.0526
.0526
.0526
.0525
.0525
.0525
.0525
.0525
.0525
.0524
.0524
.0524
.0524
.0524
.0523
.0523
.0523
.0523
.0523
.0523
.0522
.0522
.0522
.0522
.0522
.0522
.0521
.0521
.0521
.0521
.0521
.052
.052
.052
.052
.052
.052
.0519
.0519
.0519
.0519
.0519
.0518
.0518
.0518
.0518
.0518
.0518
.0517
.0517
.0517
.0517
.0517
.0517
.0516
.0516
.0516
.0516
.0516
.0515
.0515
.0515
.0515
.0515
.0515
.0514
.0514
.0514
.0514
.0514
.0514
.0513
.0513
.0513
.0513
.0513
.0513
.0512
.0512
.0512
.0512
.0512
.0511
.0511
.0511
.0511
.0511
.0511
.051
.051
.051
.051
.051
.051
.0509
.0509
.0509
.0509
.0509
.0509
.0508
.0508
.0508
.0508
.0508
.0508
.0507
.0507
.0507
.0507
.0507
.0507
.0506
.0506
.0506
.0506
.0506
.0505
.0505
.0505
.0505
.0505
.0505
.0504
.0504
.0504
.0504
.0504
.0504
.0503
.0503
.0503
.0503
.0503
.0503
.0502
.0502
.0502
.0502
.0502
.0502
.0501
.0501
.0501
.0501
.0501
.0501
.05
.05
.05
.05
