.5897
.588
.5863
.5847
.583
.5814
.5798
.5781
.5765
.5749
.5734
.5718
.5702
.5687
.5672
.5657
.5642
.5627
.5613
.5599
.5585
.5571
.5558
.5545
.5532
.5519
.5507
.5495
.5483
.5472
.546
.545
.5439
.5429
.5419
.5409
.54
.539
.5382
.5373
.5365
.5357
.5349
.5342
.5335
.5328
.5321
.5315
.5309
.5303
.5298
.5292
.5287
.5282
.5277
.5273
.5268
.5264
.526
.5257
.5253
.5249
.5246
.5243
.524
.5237
.5234
.5231
.5229
.5226
.5224
.5222
.522
.5217
.5215
.5214
.5212
.521
.5208
.5207
.5205
.5203
.5202
.5201
.5199
.5198
.5197
.5195
.5194
.5193
.5192
.5191
.519
.5189
.5187
.5186
.5185
.5184
.5184
.5183
.5182
.5181
.518
.5179
.5178
.5177
.5176
.5176
.5175
.5174
.5173
.5172
.5172
.5171
.517
.5169
.5169
.5168
.5167
.5166
.5165
.5165
.5164
.5163
.5162
.5162
.5161
.516
.5159
.5159
.5158
.5157
.5156
.5156
.5155
.5154
.5154
.5153
.5152
.5151
.5151
.515
.5149
.5148
.5147
.5147
.5146
.5145
.5144
.5144
.5143
.5142
.5141
.5141
.514
.5139
.5138
.5137
.5137
.5136
.5135
.5134
.5133
.5133
.5132
.5131
.513
.5129
.5129
.5128
.5127
.5126
.5125
.5124
.5124
.5123
.5122
.5121
.512
.5119
.5119
.5118
.5117
.5116
.5115
.5114
.5113
.5112
.5112
.5111
.511
.5109
.5108
.5107
.5106
.5105
.5104
.5103
.5103
.5102
.5101
.51
.5099
.5098
.5097
.5096
.5095
.5094
.5093
.5092
.5091
.509
.5089
.5088
.5087
.5086
.5085
.5084
.5083
.5082
.5081
.508
.5079
.5078
.5077
.5076
.5075
.5074
.5073
.5072
.5071
.507
.5069
.5068
.5067
.5066
.5064
.5063
.5062
.5061
.506
.5059
.5058
.5057
.5056
.5054
.5053
.5052
.5051
.505
.5049
.5047
.5046
.5045
.5044
.5043
.5042
.504
.5039
.5038
.5037
.5035
.5034
.5033
.5032
.503
.5029
.5028
.5027
.5025
.5024
.5023
.5022
.502
.5019
.5018
.5016
.5015
.5014
.5012
.5011
.501
.5008
.5007
.5005
.5004
.5003
.5001
.5
.4998
.4997
.4996
.4994
.4993
.4991
.499
.4988
.4987
.4985
.4984
.4982
.4981
.4979
.4978
.4976
.4975
.4973
.4972
.497
.4969
.4967
.4966
.4964
.4962
.4961
.4959
.4958
.4956
.4954
.4953
.4951
.4949
.4948
.4946
.4944
.4943
.4941
.4939
.4938
.4936
.4934
.4932
.4931
.4929
.4927
.4925
.4924
.4922
.492
.4918
.4916
.4915
.4913
.4911
.4909
.4907
.4905
.4903
.4902
.49
.4898
.4896
.4894
.4892
.489
.4888
.4886
.4884
.4882
.488
.4878
.4876
.4874
.4872
.487
.4868
.4866
.4864
.4862
.486
.4858
.4856
.4854
.4852
.485
.4847
.4845
.4843
.4841
.4839
.4837
.4835
.4832
.483
.4828
.4826
.4824
.4821
.4819
.4817
.4815
.4812
.481
.4808
.4806
.4803
.4801
.4799
.4796
.4794
.4792
.4789
.4787
.4785
.4782
.478
.4777
.4775
.4773
.477
.4768
.4765
.4763
.476
.4758
.4755
.4753
.4751
.4748
.4746
.4743
.4741
.4738
.4735
.4733
.473
.4728
.4725
.4723
.472
.4718
.4715
.4712
.471
.4707
.4704
.4702
.4699
.4697
.4694
.4691
.4689
.4686
.4683
.468
.4678
.4675
.4672
.467
.4667
.4664
.4661
.4659
.4656
.4653
.465
.4648
.4645
.4642
.4639
.4636
.4634
.4631
.4628
.4625
.4622
.4619
.4617
.4614
.4611
.4608
.4605
.4602
.4599
.4596
.4594
.4591
.4588
.4585
.4582
.4579
.4576
.4573
.457
.4567
.4564
.4561
.4558
.4555
.4552
.4549
.4546
.4543
.454
.4537
.4534
.4531
.4528
.4525
.4522
.4519
.4516
.4513
.451
.4507
.4504
.4501
.4498
.4495
.4492
.4489
.4486
.4483
.4479
.4476
.4473
.447
.4467
.4464
.4461
.4458
.4455
.4452
.4448
.4445
.4442
.4439
.4436
.4433
.443
.4426
.4423
.442
.4417
.4414
.4411
.4407
.4404
.4401
.4398
.4395
.4392
.4388
.4385
.4382
.4379
.4376
.4372
.4369
.4366
.4363
.436
.4356
.4353
.435
.4347
.4343
.434
.4337
.4334
.433
.4327
.4324
.4321
.4318
.4314
.4311
.4308
.4305
.4301
.4298
.4295
.4292
.4288
.4285
.4282
.4278
.4275
.4272
.4269
.4265
.4262
.4259
.4256
.4252
.4249
.4246
.4242
.4239
.4236
.4233
.4229
.4226
.4223
.422
.4216
.4213
.421
.4206
.4203
.42
.4196
.4193
.419
.4187
.4183
.418
.4177
.4173
.417
.4167
.4164
.416
.4157
.4154
.415
.4147
.4144
.414
.4137
.4134
.4131
.4127
.4124
.4121
.4117
.4114
.4111
.4107
.4104
.4101
.4097
.4094
.4091
.4088
.4084
.4081
.4078
.4074
.4071
.4068
.4064
.4061
.4058
.4055
.4051
.4048
.4045
.4041
.4038
.4035
.4031
.4028
.4025
.4022
.4018
.4015
.4012
.4008
.4005
.4002
.3998
.3995
.3992
.3989
.3985
.3982
.3979
.3975
.3972
.3969
.3966
.3962
.3959
.3956
.3952
.3949
.3946
.3943
.3939
.3936
.3933
.3929
.3926
.3923
.392
.3916
.3913
.391
.3907
.3903
.39
.3897
.3893
.389
.3887
.3884
.388
.3877
.3874
.3871
.3867
.3864
.3861
.3858
.3854
.3851
.3848
.3845
.3841
.3838
.3835
.3832
.3828
.3825
.3822
.3819
.3815
.3812
.3809
.3806
.3803
.3799
.3796
.3793
.379
.3786
.3783
.378
.3777
.3774
.377
.3767
.3764
.3761
.3758
.3754
.3751
.3748
.3745
.3742
.3738
.3735
.3732
.3729
.3726
.3722
.3719
.3716
.3713
.371
.3707
.3703
.37
.3697
.3694
.3691
.3688
.3684
.3681
.3678
.3675
.3672
.3669
.3666
.3662
.3659
.3656
.3653
.365
.3647
.3644
.3641
.3637
.3634
.3631
.3628
.3625
.3622
.3619
.3616
.3612
.3609
.3606
.3603
.36
.3597
.3594
.3591
.3588
.3585
.3582
.3579
.3575
.3572
.3569
.3566
.3563
.356
.3557
.3554
.3551
.3548
.3545
.3542
.3539
.3536
.3533
.353
.3527
.3524
.352
.3517
.3514
.3511
.3508
.3505
.3502
.3499
.3496
.3493
.349
.3487
.3484
.3481
.3478
.3475
.3472
.3469
.3466
.3463
.346
.3457
.3454
.3452
.3449
.3446
.3443
.344
.3437
.3434
.3431
.3428
.3425
.3422
.3419
.3416
.3413
.341
.3407
.3404
.3401
.3399
.3396
.3393
.339
.3387
.3384
.3381
.3378
.3375
.3372
.3369
.3367
.3364
.3361
.3358
.3355
.3352
.3349
.3346
.3344
.3341
.3338
.3335
.3332
.3329
.3326
.3324
.3321
.3318
.3315
.3312
.3309
.3307
.3304
.3301
.3298
.3295
.3292
.329
.3287
.3284
.3281
.3278
.3276
.3273
.327
.3267
.3264
.3262
.3259
.3256
.3253
.3251
.3248
.3245
.3242
.3239
.3237
.3234
.3231
.3228
.3226
.3223
.322
.3217
.3215
.3212
.3209
.3206
.3204
.3201
.3198
.3196
.3193
.319
.3187
.3185
.3182
.3179
.3177
.3174
.3171
.3168
.3166
.3163
.316
.3158
.3155
.3152
.315
.3147
.3144
.3142
.3139
.3136
.3134
.3131
.3128
.3126
.3123
.312
.3118
.3115
.3112
.311
.3107
.3105
.3102
.3099
.3097
.3094
.3091
.3089
.3086
.3084
.3081
.3078
.3076
.3073
.3071
.3068
.3065
.3063
.306
.3058
.3055
.3052
.305
.3047
.3045
.3042
.304
.3037
.3034
.3032
.3029
.3027
.3024
.3022
.3019
.3016
.3014
.3011
.3009
.3006
.3004
.3001
.2999
.2996
.2994
.2991
.2989
.2986
.2984
.2981
.2978
.2976
.2973
.2971
.2968
.2966
.2963
.2961
.2958
.2956
.2953
.2951
.2948
.2946
.2943
.2941
.2939
.2936
.2934
.2931
.2929
.2926
.2924
.2921
.2919
.2916
.2914
.2911
.2909
.2906
.2904
.2902
.2899
.2897
.2894
.2892
.2889
.2887
.2885
.2882
.288
.2877
.2875
.2872
.287
.2868
.2865
.2863
.286
.2858
.2855
.2853
.2851
.2848
.2846
.2843
.2841
.2839
.2836
.2834
.2832
.2829
.2827
.2824
.2822
.282
.2817
.2815
.2812
.281
.2808
.2805
.2803
.2801
.2798
.2796
.2794
.2791
.2789
.2787
.2784
.2782
.278
.2777
.2775
.2772
.277
.2768
.2765
.2763
.2761
.2758
.2756
.2754
.2752
.2749
.2747
.2745
.2742
.274
.2738
.2735
.2733
.2731
.2728
.2726
.2724
.2722
.2719
.2717
.2715
.2712
.271
.2708
.2705
.2703
.2701
.2699
.2696
.2694
.2692
.269
.2687
.2685
.2683
.268
.2678
.2676
.2674
.2671
.2669
.2667
.2665
.2662
.266
.2658
.2656
.2653
.2651
.2649
.2647
.2644
.2642
.264
.2638
.2636
.2633
.2631
.2629
.2627
.2624
.2622
.262
.2618
.2616
.2613
.2611
.2609
.2607
.2605
.2602
.26
.2598
.2596
.2594
.2591
.2589
.2587
.2585
.2583
.258
.2578
.2576
.2574
.2572
.2569
.2567
.2565
.2563
.2561
.2559
.2556
.2554
.2552
.255
.2548
.2546
.2543
.2541
.2539
.2537
.2535
.2533
.253
.2528
.2526
.2524
.2522
.252
.2518
.2515
.2513
.2511
.2509
.2507
.2505
.2503
.2501
.2498
.2496
.2494
.2492
.249
.2488
.2486
.2484
.2481
.2479
.2477
.2475
.2473
.2471
.2469
.2467
.2465
.2463
.246
.2458
.2456
.2454
.2452
.245
.2448
.2446
.2444
.2442
.2439
.2437
.2435
.2433
.2431
.2429
.2427
.2425
.2423
.2421
.2419
.2417
.2415
.2413
.241
.2408
.2406
.2404
.2402
.24
.2398
.2396
.2394
.2392
.239
.2388
.2386
.2384
.2382
.238
.2378
.2376
.2374
.2372
.237
.2367
.2365
.2363
.2361
.2359
.2357
.2355
.2353
.2351
.2349
.2347
.2345
.2343
.2341
.2339
.2337
.2335
.2333
.2331
.2329
.2327
.2325
.2323
.2321
.2319
.2317
.2315
.2313
.2311
.2309
.2307
.2305
.2303
.2301
.2299
.2297
.2295
.2293
.2291
.2289
.2287
.2285
.2283
.2281
.228
.2278
.2276
.2274
.2272
.227
.2268
.2266
.2264
.2262
.226
.2258
.2256
.2254
.2252
.225
.2248
.2246
.2244
.2242
.224
.2239
.2237
.2235
.2233
.2231
.2229
.2227
.2225
.2223
.2221
.2219
.2217
.2215
.2213
.2212
.221
.2208
.2206
.2204
.2202
.22
.2198
.2196
.2194
.2192
.2191
.2189
.2187
.2185
.2183
.2181
.2179
.2177
.2175
.2173
.2172
.217
.2168
.2166
.2164
.2162
.216
.2158
.2156
.2155
.2153
.2151
.2149
.2147
.2145
.2143
.2142
.214
.2138
.2136
.2134
.2132
.213
.2129
.2127
.2125
.2123
.2121
.2119
.2117
.2116
.2114
.2112
.211
.2108
.2106
.2105
.2103
.2101
.2099
.2097
.2095
.2094
.2092
.209
.2088
.2086
.2084
.2083
.2081
.2079
.2077
.2075
.2073
.2072
.207
.2068
.2066
.2064
.2063
.2061
.2059
.2057
.2055
.2054
.2052
.205
.2048
.2046
.2045
.2043
.2041
.2039
.2038
.2036
.2034
.2032
.203
.2029
.2027
.2025
.2023
.2022
.202
.2018
.2016
.2014
.2013
.2011
.2009
.2007
.2006
.2004
.2002
.2
.1999
.1997
.1995
.1993
.1992
.199
.1988
.1986
.1985
.1983
.1981
.198
.1978
.1976
.1974
.1973
.1971
.1969
.1967
.1966
.1964
.1962
.1961
.1959
.1957
.1955
.1954
.1952
.195
.1949
.1947
.1945
.1943
.1942
.194
.1938
.1937
.1935
.1933
.1932
.193
.1928
.1927
.1925
.1923
.1922
.192
.1918
.1916
.1915
.1913
.1911
.191
.1908
.1906
.1905
.1903
.1901
.19
.1898
.1896
.1895
.1893
.1892
.189
.1888
.1887
.1885
.1883
.1882
.188
.1878
.1877
.1875
.1873
.1872
.187
.1869
.1867
.1865
.1864
.1862
.186
.1859
.1857
.1856
.1854
.1852
.1851
.1849
.1848
.1846
.1844
.1843
.1841
.184
.1838
.1836
.1835
.1833
.1832
.183
.1828
.1827
.1825
.1824
.1822
.1821
.1819
.1817
.1816
.1814
.1813
.1811
.181
.1808
.1806
.1805
.1803
.1802
.18
.1799
.1797
.1796
.1794
.1792
.1791
.1789
.1788
.1786
.1785
.1783
.1782
.178
.1779
.1777
.1776
.1774
.1773
.1771
.1769
.1768
.1766
.1765
.1763
.1762
.176
.1759
.1757
.1756
.1754
.1753
.1751
.175
.1748
.1747
.1745
.1744
.1742
.1741
.1739
.1738
.1737
.1735
.1734
.1732
.1731
.1729
.1728
.1726
.1725
.1723
.1722
.172
.1719
.1717
.1716
.1715
.1713
.1712
.171
.1709
.1707
.1706
.1704
.1703
.1702
.17
.1699
.1697
.1696
.1694
.1693
.1692
.169
.1689
.1687
.1686
.1685
.1683
.1682
.168
.1679
.1678
.1676
.1675
.1673
.1672
.1671
.1669
.1668
.1666
.1665
.1664
.1662
.1661
.1659
.1658
.1657
.1655
.1654
.1653
.1651
.165
.1649
.1647
.1646
.1644
.1643
.1642
.164
.1639
.1638
.1636
.1635
.1634
.1632
.1631
.163
.1628
.1627
.1626
.1624
.1623
.1622
.162
.1619
.1618
.1616
.1615
.1614
.1613
.1611
.161
.1609
.1607
.1606
.1605
.1603
.1602
.1601
.16
.1598
.1597
.1596
.1594
.1593
.1592
.1591
.1589
.1588
.1587
.1586
.1584
.1583
.1582
.158
.1579
.1578
.1577
.1575
.1574
.1573
.1572
.157
.1569
.1568
.1567
.1566
.1564
.1563
.1562
.1561
.1559
.1558
.1557
.1556
.1554
.1553
.1552
.1551
.155
.1548
.1547
.1546
.1545
.1544
.1542
.1541
.154
.1539
.1538
.1536
.1535
.1534
.1533
.1532
.1531
.1529
.1528
.1527
.1526
.1525
.1524
.1522
.1521
.152
.1519
.1518
.1517
.1515
.1514
.1513
.1512
.1511
.151
.1508
.1507
.1506
.1505
.1504
.1503
.1502
.1501
.1499
.1498
.1497
.1496
.1495
.1494
.1493
.1492
.149
.1489
.1488
.1487
.1486
.1485
.1484
.1483
.1482
.1481
.1479
.1478
.1477
.1476
.1475
.1474
.1473
.1472
.1471
.147
.1469
.1468
.1466
.1465
.1464
.1463
.1462
.1461
.146
.1459
.1458
.1457
.1456
.1455
.1454
.1453
.1452
.1451
.1449
.1448
.1447
.1446
.1445
.1444
.1443
.1442
.1441
.144
.1439
.1438
.1437
.1436
.1435
.1434
.1433
.1432
.1431
.143
.1429
.1428
.1427
.1426
.1425
.1424
.1423
.1422
.1421
.142
.1419
.1418
.1417
.1416
.1415
.1414
.1413
.1412
.1411
.141
.1409
.1408
.1407
.1406
.1405
.1404
.1403
.1402
.1401
.14
.1399
.1398
.1397
.1397
.1396
.1395
.1394
.1393
.1392
.1391
.139
.1389
.1388
.1387
.1386
.1385
.1384
.1383
.1382
.1381
.1381
.138
.1379
.1378
.1377
.1376
.1375
.1374
.1373
.1372
.1371
.137
.1369
.1369
.1368
.1367
.1366
.1365
.1364
.1363
.1362
.1361
.136
.136
.1359
.1358
.1357
.1356
.1355
.1354
.1353
.1352
.1352
.1351
.135
.1349
.1348
.1347
.1346
.1345
.1345
.1344
.1343
.1342
.1341
.134
.1339
.1338
.1338
.1337
.1336
.1335
.1334
.1333
.1332
.1332
.1331
.133
.1329
.1328
.1327
.1327
.1326
.1325
.1324
.1323
.1322
.1321
.1321
.132
.1319
.1318
.1317
.1316
.1316
.1315
.1314
.1313
.1312
.1312
.1311
.131
.1309
.1308
.1307
.1307
.1306
.1305
.1304
.1303
.1303
.1302
.1301
.13
.1299
.1299
.1298
.1297
.1296
.1295
.1295
.1294
.1293
.1292
.1291
.1291
.129
.1289
.1288
.1287
.1287
.1286
.1285
.1284
.1284
.1283
.1282
.1281
.128
.128
.1279
.1278
.1277
.1277
.1276
.1275
.1274
.1274
.1273
.1272
.1271
.1271
.127
.1269
.1268
.1267
.1267
.1266
.1265
.1264
.1264
.1263
.1262
.1261
.1261
.126
.1259
.1259
.1258
.1257
.1256
.1256
.1255
.1254
.1253
.1253
.1252
.1251
.125
.125
.1249
.1248
.1247
.1247
.1246
.1245
.1245
.1244
.1243
.1242
.1242
.1241
.124
.124
.1239
.1238
.1237
.1237
.1236
.1235
.1235
.1234
.1233
.1232
.1232
.1231
.123
.123
.1229
.1228
.1228
.1227
.1226
.1225
.1225
.1224
.1223
.1223
.1222
.1221
.1221
.122
.1219
.1218
.1218
.1217
.1216
.1216
.1215
.1214
.1214
.1213
.1212
.1212
.1211
.121
.121
.1209
.1208
.1208
.1207
.1206
.1206
.1205
.1204
.1204
.1203
.1202
.1202
.1201
.12
.12
.1199
.1198
.1198
.1197
.1196
.1196
.1195
.1194
.1194
.1193
.1192
.1192
.1191
.119
.119
.1189
.1188
.1188
.1187
.1186
.1186
.1185
.1185
.1184
.1183
.1183
.1182
.1181
.1181
.118
.1179
.1179
.1178
.1177
.1177
.1176
.1176
.1175
.1174
.1174
.1173
.1172
.1172
.1171
.1171
.117
.1169
.1169
.1168
.1167
.1167
.1166
.1166
.1165
.1164
.1164
.1163
.1162
.1162
.1161
.1161
.116
.1159
.1159
.1158
.1158
.1157
.1156
.1156
.1155
.1154
.1154
.1153
.1153
.1152
.1151
.1151
.115
.115
.1149
.1148
.1148
.1147
.1147
.1146
.1145
.1145
.1144
.1144
.1143
.1142
.1142
.1141
.1141
.114
.1139
.1139
.1138
.1138
.1137
.1136
.1136
.1135
.1135
.1134
.1134
.1133
.1132
.1132
.1131
.1131
.113
.1129
.1129
.1128
.1128
.1127
.1127
.1126
.1125
.1125
.1124
.1124
.1123
.1123
.1122
.1121
.1121
.112
.112
.1119
.1119
.1118
.1117
.1117
.1116
.1116
.1115
.1115
.1114
.1113
.1113
.1112
.1112
.1111
.1111
.111
.111
.1109
.1108
.1108
.1107
.1107
.1106
.1106
.1105
.1104
.1104
.1103
.1103
.1102
.1102
.1101
.1101
.11
.11
.1099
.1098
.1098
.1097
.1097
.1096
.1096
.1095
.1095
.1094
.1094
.1093
.1092
.1092
.1091
.1091
.109
.109
.1089
.1089
.1088
.1088
.1087
.1087
.1086
.1085
.1085
.1084
.1084
.1083
.1083
.1082
.1082
.1081
.1081
.108
.108
.1079
.1079
.1078
.1077
.1077
.1076
.1076
.1075
.1075
.1074
.1074
.1073
.1073
.1072
.1072
.1071
.1071
.107
.107
.1069
.1069
.1068
.1068
.1067
.1067
.1066
.1065
.1065
.1064
.1064
.1063
.1063
.1062
.1062
.1061
.1061
.106
.106
.1059
.1059
.1058
.1058
.1057
.1057
.1056
.1056
.1055
.1055
.1054
.1054
.1053
.1053
.1052
.1052
.1051
.1051
.105
.105
.1049
.1049
.1048
.1048
.1047
.1047
.1046
.1046
.1045
.1045
.1044
.1044
.1043
.1043
.1042
.1042
.1041
.1041
.104
.104
.1039
.1039
.1038
.1038
.1037
.1037
.1036
.1036
.1035
.1035
.1034
.1034
.1034
.1033
.1033
.1032
.1032
.1031
.1031
.103
.103
.1029
.1029
.1028
.1028
.1027
.1027
.1026
.1026
.1025
.1025
.1024
.1024
.1023
.1023
.1022
.1022
.1022
.1021
.1021
.102
.102
.1019
.1019
.1018
.1018
.1017
.1017
.1016
.1016
.1015
.1015
.1014
.1014
.1014
.1013
.1013
.1012
.1012
.1011
.1011
.101
.101
.1009
.1009
.1008
.1008
.1007
.1007
.1007
.1006
.1006
.1005
.1005
.1004
.1004
.1003
.1003
.1002
.1002
.1002
.1001
.1001
.1
.1
.0999
.0999
.0998
.0998
.0997
.0997
.0997
.0996
.0996
.0995
.0995
.0994
.0994
.0993
.0993
.0992
.0992
.0992
.0991
.0991
.099
.099
.0989
.0989
.0988
.0988
.0988
.0987
.0987
.0986
.0986
.0985
.0985
.0984
.0984
.0984
.0983
.0983
.0982
.0982
.0981
.0981
.0981
.098
.098
.0979
.0979
.0978
.0978
.0977
.0977
.0977
.0976
.0976
.0975
.0975
.0974
.0974
.0974
.0973
.0973
.0972
.0972
.0971
.0971
.0971
.097
.097
.0969
.0969
.0968
.0968
.0968
.0967
.0967
.0966
.0966
.0965
.0965
.0965
.0964
.0964
.0963
.0963
.0962
.0962
.0962
.0961
.0961
.096
.096
.0959
.0959
.0959
.0958
.0958
.0957
.0957
.0957
.0956
.0956
.0955
.0955
.0954
.0954
.0954
.0953
.0953
.0952
.0952
.0952
.0951
.0951
.095
.095
.0949
.0949
.0949
.0948
.0948
.0947
.0947
.0947
.0946
.0946
.0945
.0945
.0945
.0944
.0944
.0943
.0943
.0943
.0942
.0942
.0941
.0941
.094
.094
.094
.0939
.0939
.0938
.0938
.0938
.0937
.0937
.0936
.0936
.0936
.0935
.0935
.0934
.0934
.0934
.0933
.0933
.0932
.0932
.0932
.0931
.0931
.093
.093
.093
.0929
.0929
.0928
.0928
.0928
.0927
.0927
.0926
.0926
.0926
.0925
.0925
.0925
.0924
.0924
.0923
.0923
.0923
.0922
.0922
.0921
.0921
.0921
.092
.092
.0919
.0919
.0919
.0918
.0918
.0918
.0917
.0917
.0916
.0916
.0916
.0915
.0915
.0914
.0914
.0914
.0913
.0913
.0912
.0912
.0912
.0911
.0911
.0911
.091
.091
.0909
.0909
.0909
.0908
.0908
.0908
.0907
.0907
.0906
.0906
.0906
.0905
.0905
.0905
.0904
.0904
.0903
.0903
.0903
.0902
.0902
.0902
.0901
.0901
.09
.09
.09
.0899
.0899
.0899
.0898
.0898
.0897
.0897
.0897
.0896
.0896
.0896
.0895
.0895
.0894
.0894
.0894
.0893
.0893
.0893
.0892
.0892
.0891
.0891
.0891
.089
.089
.089
.0889
.0889
.0889
.0888
.0888
.0887
.0887
.0887
.0886
.0886
.0886
.0885
.0885
.0885
.0884
.0884
.0883
.0883
.0883
.0882
.0882
.0882
.0881
.0881
.0881
.088
.088
.088
.0879
.0879
.0878
.0878
.0878
.0877
.0877
.0877
.0876
.0876
.0876
.0875
.0875
.0875
.0874
.0874
.0873
.0873
.0873
.0872
.0872
.0872
.0871
.0871
.0871
.087
.087
.087
.0869
.0869
.0869
.0868
.0868
.0868
.0867
.0867
.0866
.0866
.0866
.0865
.0865
.0865
.0864
.0864
.0864
.0863
.0863
.0863
.0862
.0862
.0862
.0861
.0861
.0861
.086
.086
.086
.0859
.0859
.0859
.0858
.0858
.0857
.0857
.0857
.0856
.0856
.0856
.0855
.0855
.0855
.0854
.0854
.0854
.0853
.0853
.0853
.0852
.0852
.0852
.0851
.0851
.0851
.085
.085
.085
.0849
.0849
.0849
.0848
.0848
.0848
.0847
.0847
.0847
.0846
.0846
.0846
.0845
.0845
.0845
.0844
.0844
.0844
.0843
.0843
.0843
.0842
.0842
.0842
.0841
.0841
.0841
.084
.084
.084
.0839
.0839
.0839
.0838
.0838
.0838
.0837
.0837
.0837
.0836
.0836
.0836
.0835
.0835
.0835
.0834
.0834
.0834
.0833
.0833
.0833
.0833
.0832
.0832
.0832
.0831
.0831
.0831
.083
.083
.083
.0829
.0829
.0829
.0828
.0828
.0828
.0827
.0827
.0827
.0826
.0826
.0826
.0825
.0825
.0825
.0824
.0824
.0824
.0824
.0823
.0823
.0823
.0822
.0822
.0822
.0821
.0821
.0821
.082
.082
.082
.0819
.0819
.0819
.0818
.0818
.0818
.0818
.0817
.0817
.0817
.0816
.0816
.0816
.0815
.0815
.0815
.0814
.0814
.0814
.0813
.0813
.0813
.0813
.0812
.0812
.0812
.0811
.0811
.0811
.081
.081
.081
.0809
.0809
.0809
.0809
.0808
.0808
.0808
.0807
.0807
.0807
.0806
.0806
.0806
.0805
.0805
.0805
.0805
.0804
.0804
.0804
.0803
.0803
.0803
.0802
.0802
.0802
.0802
.0801
.0801
.0801
.08
.08
.08
.0799
.0799
.0799
.0798
.0798
.0798
.0798
.0797
.0797
.0797
.0796
.0796
.0796
.0796
.0795
.0795
.0795
.0794
.0794
.0794
.0793
.0793
.0793
.0793
.0792
.0792
.0792
.0791
.0791
.0791
.079
.079
.079
.079
.0789
.0789
.0789
.0788
.0788
.0788
.0788
.0787
.0787
.0787
.0786
.0786
.0786
.0785
.0785
.0785
.0785
.0784
.0784
.0784
.0783
.0783
.0783
.0783
.0782
.0782
.0782
.0781
.0781
.0781
.0781
.078
.078
.078
.0779
.0779
.0779
.0779
.0778
.0778
.0778
.0777
.0777
.0777
.0777
.0776
.0776
.0776
.0775
.0775
.0775
.0775
.0774
.0774
.0774
.0773
.0773
.0773
.0773
.0772
.0772
.0772
.0771
.0771
.0771
.0771
.077
.077
.077
.0769
.0769
.0769
.0769
.0768
.0768
.0768
.0767
.0767
.0767
.0767
.0766
.0766
.0766
.0766
.0765
.0765
.0765
.0764
.0764
.0764
.0764
.0763
.0763
.0763
.0762
.0762
.0762
.0762
.0761
.0761
.0761
.0761
.076
.076
.076
.0759
.0759
.0759
.0759
.0758
.0758
.0758
.0758
.0757
.0757
.0757
.0756
.0756
.0756
.0756
.0755
.0755
.0755
.0755
.0754
.0754
.0754
.0753
.0753
.0753
.0753
.0752
.0752
.0752
.0752
.0751
.0751
.0751
.075
.075
.075
.075
.0749
.0749
.0749
.0749
.0748
.0748
.0748
.0748
.0747
.0747
.0747
.0746
.0746
.0746
.0746
.0745
.0745
.0745
.0745
.0744
.0744
.0744
.0744
.0743
.0743
.0743
.0742
.0742
.0742
.0742
.0741
.0741
.0741
.0741
.074
.074
.074
.074
.0739
.0739
.0739
.0739
.0738
.0738
.0738
.0738
.0737
.0737
.0737
.0736
.0736
.0736
.0736
.0735
.0735
.0735
.0735
.0734
.0734
.0734
.0734
.0733
.0733
.0733
.0733
.0732
.0732
.0732
.0732
.0731
.0731
.0731
.0731
.073
.073
.073
.073
.0729
.0729
.0729
.0728
.0728
.0728
.0728
.0727
.0727
.0727
.0727
.0726
.0726
.0726
.0726
.0725
.0725
.0725
.0725
.0724
.0724
.0724
.0724
.0723
.0723
.0723
.0723
.0722
.0722
.0722
.0722
.0721
.0721
.0721
.0721
.072
.072
.072
.072
.0719
.0719
.0719
.0719
.0718
.0718
.0718
.0718
.0717
.0717
.0717
.0717
.0716
.0716
.0716
.0716
.0715
.0715
.0715
.0715
.0714
.0714
.0714
.0714
.0713
.0713
.0713
.0713
.0713
.0712
.0712
.0712
.0712
.0711
.0711
.0711
.0711
.071
.071
.071
.071
.0709
.0709
.0709
.0709
.0708
.0708
.0708
.0708
.0707
.0707
.0707
.0707
.0706
.0706
.0706
.0706
.0705
.0705
.0705
.0705
.0705
.0704
.0704
.0704
.0704
.0703
.0703
.0703
.0703
.0702
.0702
.0702
.0702
.0701
.0701
.0701
.0701
.07
.07
.07
.07
.0699
.0699
.0699
.0699
.0699
.0698
.0698
.0698
.0698
.0697
.0697
.0697
.0697
.0696
.0696
.0696
.0696
.0695
.0695
.0695
.0695
.0695
.0694
.0694
.0694
.0694
.0693
.0693
.0693
.0693
.0692
.0692
.0692
.0692
.0692
.0691
.0691
.0691
.0691
.069
.069
.069
.069
.0689
.0689
.0689
.0689
.0689
.0688
.0688
.0688
.0688
.0687
.0687
.0687
.0687
.0686
.0686
.0686
.0686
.0686
.0685
.0685
.0685
.0685
.0684
.0684
.0684
.0684
.0683
.0683
.0683
.0683
.0683
.0682
.0682
.0682
.0682
.0681
.0681
.0681
.0681
.0681
.068
.068
.068
.068
.0679
.0679
.0679
.0679
.0679
.0678
.0678
.0678
.0678
.0677
.0677
.0677
.0677
.0677
.0676
.0676
.0676
.0676
.0675
.0675
.0675
.0675
.0675
.0674
.0674
.0674
.0674
.0673
.0673
.0673
.0673
.0673
.0672
.0672
.0672
.0672
.0671
.0671
.0671
.0671
.0671
.067
.067
.067
.067
.0669
.0669
.0669
.0669
.0669
.0668
.0668
.0668
.0668
.0667
.0667
.0667
.0667
.0667
.0666
.0666
.0666
.0666
.0666
.0665
.0665
.0665
.0665
.0664
.0664
.0664
.0664
.0664
.0663
.0663
.0663
.0663
.0662
.0662
.0662
.0662
.0662
.0661
.0661
.0661
.0661
.0661
.066
.066
.066
.066
.0659
.0659
.0659
.0659
.0659
.0658
.0658
.0658
.0658
.0658
.0657
.0657
.0657
.0657
.0657
.0656
.0656
.0656
.0656
.0655
.0655
.0655
.0655
.0655
.0654
.0654
.0654
.0654
.0654
.0653
.0653
.0653
.0653
.0653
.0652
.0652
.0652
.0652
.0651
.0651
.0651
.0651
.0651
.065
.065
.065
.065
.065
.0649
.0649
.0649
.0649
.0649
.0648
.0648
.0648
.0648
.0648
.0647
.0647
.0647
.0647
.0647
.0646
.0646
.0646
.0646
.0645
.0645
.0645
.0645
.0645
.0644
.0644
.0644
.0644
.0644
.0643
.0643
.0643
.0643
.0643
.0642
.0642
.0642
.0642
.0642
.0641
.0641
.0641
.0641
.0641
.064
.064
.064
.064
.064
.0639
.0639
.0639
.0639
.0639
.0638
.0638
.0638
.0638
.0638
.0637
.0637
.0637
.0637
.0637
.0636
.0636
.0636
.0636
.0636
.0635
.0635
.0635
.0635
.0635
.0634
.0634
.0634
.0634
.0634
.0633
.0633
.0633
.0633
.0633
.0632
.0632
.0632
.0632
.0632
.0631
.0631
.0631
.0631
.0631
.063
.063
.063
.063
.063
.0629
.0629
.0629
.0629
.0629
.0628
.0628
.0628
.0628
.0628
.0627
.0627
.0627
.0627
.0627
.0627
.0626
.0626
.0626
.0626
.0626
.0625
.0625
.0625
.0625
.0625
.0624
.0624
.0624
.0624
.0624
.0623
.0623
.0623
.0623
.0623
.0622
.0622
.0622
.0622
.0622
.0621
.0621
.0621
.0621
.0621
.0621
.062
.062
.062
.062
.062
.0619
.0619
.0619
.0619
.0619
.0618
.0618
.0618
.0618
.0618
.0617
.0617
.0617
.0617
.0617
.0617
.0616
.0616
.0616
.0616
.0616
.0615
.0615
.0615
.0615
.0615
.0614
.0614
.0614
.0614
.0614
.0614
.0613
.0613
.0613
.0613
.0613
.0612
.0612
.0612
.0612
.0612
.0611
.0611
.0611
.0611
.0611
.0611
.061
.061
.061
.061
.061
.0609
.0609
.0609
.0609
.0609
.0609
.0608
.0608
.0608
.0608
.0608
.0607
.0607
.0607
.0607
.0607
.0606
.0606
.0606
.0606
.0606
.0606
.0605
.0605
.0605
.0605
.0605
.0604
.0604
.0604
.0604
.0604
.0604
.0603
.0603
.0603
.0603
.0603
.0602
.0602
.0602
.0602
.0602
.0602
.0601
.0601
.0601
.0601
.0601
.06
.06
.06
.06
.06
.06
.0599
.0599
.0599
.0599
.0599
.0599
.0598
.0598
.0598
.0598
.0598
.0597
.0597
.0597
.0597
.0597
.0597
.0596
.0596
.0596
.0596
.0596
.0595
.0595
.0595
.0595
.0595
.0595
.0594
.0594
.0594
.0594
.0594
.0594
.0593
.0593
.0593
.0593
.0593
.0592
.0592
.0592
.0592
.0592
.0592
.0591
.0591
.0591
.0591
.0591
.0591
.059
.059
.059
.059
.059
.0589
.0589
.0589
.0589
.0589
.0589
.0588
.0588
.0588
.0588
.0588
.0588
.0587
.0587
.0587
.0587
.0587
.0587
.0586
.0586
.0586
.0586
.0586
.0585
.0585
.0585
.0585
.0585
.0585
.0584
.0584
.0584
.0584
.0584
.0584
.0583
.0583
.0583
.0583
.0583
.0583
.0582
.0582
.0582
.0582
.0582
.0582
.0581
.0581
.0581
.0581
.0581
.0581
.058
.058
.058
.058
.058
.058
.0579
.0579
.0579
.0579
.0579
.0579
.0578
.0578
.0578
.0578
.0578
.0578
.0577
.0577
.0577
.0577
.0577
.0576
.0576
.0576
.0576
.0576
.0576
.0575
.0575
.0575
.0575
.0575
.0575
.0574
.0574
.0574
.0574
.0574
.0574
.0573
.0573
.0573
.0573
.0573
.0573
.0572
.0572
.0572
.0572
.0572
.0572
.0572
.0571
.0571
.0571
.0571
.0571
.0571
.057
.057
.057
.057
.057
.057
.0569
.0569
.0569
.0569
.0569
.0569
.0568
.0568
.0568
.0568
.0568
.0568
.0567
.0567
.0567
.0567
.0567
.0567
.0566
.0566
.0566
.0566
.0566
.0566
.0565
.0565
.0565
.0565
.0565
.0565
.0564
.0564
.0564
.0564
.0564
.0564
.0564
.0563
.0563
.0563
.0563
.0563
.0563
.0562
.0562
.0562
.0562
.0562
.0562
.0561
.0561
.0561
.0561
.0561
.0561
.056
.056
.056
.056
.056
.056
.056
.0559
.0559
.0559
.0559
.0559
.0559
.0558
.0558
.0558
.0558
.0558
.0558
.0557
.0557
.0557
.0557
.0557
.0557
.0557
.0556
.0556
.0556
.0556
.0556
.0556
.0555
.0555
.0555
.0555
.0555
.0555
.0554
.0554
.0554
.0554
.0554
.0554
.0554
.0553
.0553
.0553
.0553
.0553
.0553
.0552
.0552
.0552
.0552
.0552
.0552
.0552
.0551
.0551
.0551
.0551
.0551
.0551
.055
.055
.055
.055
.055
.055
.055
.0549
.0549
.0549
.0549
.0549
.0549
.0548
.0548
.0548
.0548
.0548
.0548
.0548
.0547
.0547
.0547
.0547
.0547
.0547
.0546
.0546
.0546
.0546
.0546
.0546
.0546
.0545
.0545
.0545
.0545
.0545
.0545
.0544
.0544
.0544
.0544
.0544
.0544
.0544
.0543
.0543
.0543
.0543
.0543
.0543
.0543
.0542
.0542
.0542
.0542
.0542
.0542
.0541
.0541
.0541
.0541
.0541
.0541
.0541
.054
.054
.054
.054
.054
.054
.054
.0539
.0539
.0539
.0539
.0539
.0539
.0538
.0538
.0538
.0538
.0538
.0538
.0538
.0537
.0537
.0537
.0537
.0537
.0537
.0537
.0536
.0536
.0536
.0536
.0536
.0536
.0536
.0535
.0535
.0535
.0535
.0535
.0535
.0535
.0534
.0534
.0534
.0534
.0534
.0534
.0533
.0533
.0533
.0533
.0533
.0533
.0533
.0532
.0532
.0532
.0532
.0532
.0532
.0532
.0531
.0531
.0531
.0531
.0531
.0531
.0531
.053
.053
.053
.053
.053
.053
.053
.0529
.0529
.0529
.0529
.0529
.0529
.0529
.0528
.0528
.0528
.0528
.0528
.0528
.0528
.0527
.0527
.0527
.0527
.0527
.0527
.0527
.0526
.0526
.0526
.0526
.0526
.0526
.0526
.0525
.0525
.0525
.0525
.0525
.0525
.0525
.0524
.0524
.0524
.0524
.0524
.0524
.0524
.0523
.0523
.0523
.0523
.0523
.0523
.0523
.0522
.0522
.0522
.0522
.0522
.0522
.0522
.0521
.0521
.0521
.0521
.0521
.0521
.0521
.0521
.052
.052
.052
.052
.052
.052
.052
.0519
.0519
.0519
.0519
.0519
.0519
.0519
.0518
.0518
.0518
.0518
.0518
.0518
.0518
.0517
.0517
.0517
.0517
.0517
.0517
.0517
.0516
.0516
.0516
.0516
.0516
.0516
.0516
.0516
.0515
.0515
.0515
.0515
.0515
.0515
.0515
.0514
.0514
.0514
.0514
.0514
.0514
.0514
.0513
.0513
.0513
.0513
.0513
.0513
.0513
.0513
.0512
.0512
.0512
.0512
.0512
.0512
.0512
.0511
.0511
.0511
.0511
.0511
.0511
.0511
.0511
.051
.051
.051
.051
.051
.051
.051
.0509
.0509
.0509
.0509
.0509
.0509
.0509
.0508
.0508
.0508
.0508
.0508
.0508
.0508
.0508
.0507
.0507
.0507
.0507
.0507
.0507
.0507
.0506
.0506
.0506
.0506
.0506
.0506
.0506
.0506
.0505
.0505
.0505
.0505
.0505
.0505
.0505
.0505
.0504
.0504
.0504
.0504
.0504
.0504
.0504
.0503
.0503
.0503
.0503
.0503
.0503
.0503
.0503
.0502
.0502
.0502
.0502
.0502
.0502
.0502
.0501
.0501
.0501
.0501
.0501
.0501
.0501
.0501
.05
.05
.05
.05
.05
