.5632
.5628
.5625
.5622
.5619
.5616
.5613
.561
.5607
.5604
.5601
.5598
.5595
.5593
.559
.5587
.5584
.5582
.5579
.5576
.5574
.5571
.5569
.5566
.5564
.5561
.5559
.5557
.5554
.5552
.555
.5548
.5545
.5543
.5541
.5539
.5537
.5535
.5533
.5531
.5529
.5527
.5526
.5524
.5522
.552
.5518
.5517
.5515
.5513
.5512
.551
.5509
.5507
.5506
.5504
.5503
.5501
.55
.5499
.5497
.5496
.5495
.5494
.5492
.5491
.549
.5489
.5488
.5486
.5485
.5484
.5483
.5482
.5481
.548
.5479
.5478
.5477
.5476
.5475
.5474
.5473
.5472
.5471
.5471
.547
.5469
.5468
.5467
.5466
.5466
.5465
.5464
.5463
.5462
.5462
.5461
.546
.5459
.5459
.5458
.5457
.5456
.5456
.5455
.5454
.5453
.5453
.5452
.5451
.5451
.545
.5449
.5449
.5448
.5447
.5446
.5446
.5445
.5444
.5444
.5443
.5442
.5442
.5441
.544
.544
.5439
.5438
.5438
.5437
.5436
.5435
.5435
.5434
.5433
.5433
.5432
.5431
.5431
.543
.5429
.5428
.5428
.5427
.5426
.5426
.5425
.5424
.5423
.5423
.5422
.5421
.542
.542
.5419
.5418
.5417
.5417
.5416
.5415
.5414
.5414
.5413
.5412
.5411
.541
.541
.5409
.5408
.5407
.5406
.5406
.5405
.5404
.5403
.5402
.5401
.5401
.54
.5399
.5398
.5397
.5396
.5395
.5394
.5394
.5393
.5392
.5391
.539
.5389
.5388
.5387
.5386
.5385
.5384
.5383
.5382
.5381
.538
.5379
.5378
.5377
.5376
.5375
.5374
.5373
.5372
.5371
.537
.5369
.5368
.5367
.5366
.5365
.5364
.5362
.5361
.536
.5359
.5358
.5357
.5356
.5354
.5353
.5352
.5351
.535
.5348
.5347
.5346
.5345
.5344
.5342
.5341
.534
.5338
.5337
.5336
.5335
.5333
.5332
.5331
.5329
.5328
.5327
.5325
.5324
.5322
.5321
.532
.5318
.5317
.5315
.5314
.5312
.5311
.5309
.5308
.5306
.5305
.5303
.5302
.53
.5299
.5297
.5296
.5294
.5292
.5291
.5289
.5287
.5286
.5284
.5282
.5281
.5279
.5277
.5276
.5274
.5272
.527
.5269
.5267
.5265
.5263
.5261
.526
.5258
.5256
.5254
.5252
.525
.5248
.5246
.5244
.5242
.524
.5239
.5237
.5235
.5232
.523
.5228
.5226
.5224
.5222
.522
.5218
.5216
.5214
.5212
.5209
.5207
.5205
.5203
.5201
.5198
.5196
.5194
.5192
.5189
.5187
.5185
.5182
.518
.5178
.5175
.5173
.517
.5168
.5166
.5163
.5161
.5158
.5156
.5153
.5151
.5148
.5146
.5143
.514
.5138
.5135
.5133
.513
.5127
.5125
.5122
.5119
.5117
.5114
.5111
.5108
.5106
.5103
.51
.5097
.5094
.5092
.5089
.5086
.5083
.508
.5077
.5074
.5071
.5068
.5065
.5063
.506
.5057
.5054
.505
.5047
.5044
.5041
.5038
.5035
.5032
.5029
.5026
.5023
.502
.5016
.5013
.501
.5007
.5004
.5
.4997
.4994
.4991
.4987
.4984
.4981
.4978
.4974
.4971
.4968
.4964
.4961
.4958
.4954
.4951
.4947
.4944
.4941
.4937
.4934
.493
.4927
.4923
.492
.4916
.4913
.4909
.4906
.4902
.4899
.4895
.4892
.4888
.4885
.4881
.4878
.4874
.4871
.4867
.4863
.486
.4856
.4853
.4849
.4845
.4842
.4838
.4835
.4831
.4827
.4824
.482
.4816
.4813
.4809
.4805
.4802
.4798
.4794
.4791
.4787
.4783
.478
.4776
.4772
.4769
.4765
.4761
.4758
.4754
.475
.4746
.4743
.4739
.4735
.4732
.4728
.4724
.4721
.4717
.4713
.4709
.4706
.4702
.4698
.4695
.4691
.4687
.4684
.468
.4676
.4672
.4669
.4665
.4661
.4658
.4654
.465
.4647
.4643
.4639
.4636
.4632
.4628
.4625
.4621
.4617
.4614
.461
.4606
.4603
.4599
.4596
.4592
.4588
.4585
.4581
.4577
.4574
.457
.4567
.4563
.4559
.4556
.4552
.4549
.4545
.4542
.4538
.4534
.4531
.4527
.4524
.452
.4517
.4513
.451
.4506
.4503
.4499
.4496
.4492
.4489
.4485
.4482
.4478
.4475
.4471
.4468
.4464
.4461
.4457
.4454
.445
.4447
.4444
.444
.4437
.4433
.443
.4427
.4423
.442
.4416
.4413
.441
.4406
.4403
.44
.4396
.4393
.439
.4386
.4383
.438
.4376
.4373
.437
.4366
.4363
.436
.4357
.4353
.435
.4347
.4343
.434
.4337
.4334
.433
.4327
.4324
.4321
.4317
.4314
.4311
.4308
.4305
.4301
.4298
.4295
.4292
.4289
.4285
.4282
.4279
.4276
.4273
.4269
.4266
.4263
.426
.4257
.4254
.425
.4247
.4244
.4241
.4238
.4235
.4231
.4228
.4225
.4222
.4219
.4216
.4213
.4209
.4206
.4203
.42
.4197
.4194
.4191
.4188
.4184
.4181
.4178
.4175
.4172
.4169
.4166
.4162
.4159
.4156
.4153
.415
.4147
.4144
.4141
.4137
.4134
.4131
.4128
.4125
.4122
.4119
.4115
.4112
.4109
.4106
.4103
.41
.4097
.4093
.409
.4087
.4084
.4081
.4078
.4074
.4071
.4068
.4065
.4062
.4058
.4055
.4052
.4049
.4046
.4042
.4039
.4036
.4033
.403
.4026
.4023
.402
.4017
.4013
.401
.4007
.4004
.4
.3997
.3994
.399
.3987
.3984
.3981
.3977
.3974
.3971
.3967
.3964
.3961
.3957
.3954
.3951
.3947
.3944
.394
.3937
.3934
.393
.3927
.3923
.392
.3917
.3913
.391
.3906
.3903
.3899
.3896
.3893
.3889
.3886
.3882
.3879
.3875
.3872
.3868
.3865
.3861
.3858
.3854
.385
.3847
.3843
.384
.3836
.3833
.3829
.3825
.3822
.3818
.3815
.3811
.3807
.3804
.38
.3797
.3793
.3789
.3786
.3782
.3778
.3775
.3771
.3767
.3764
.376
.3756
.3753
.3749
.3745
.3741
.3738
.3734
.373
.3726
.3723
.3719
.3715
.3712
.3708
.3704
.37
.3696
.3693
.3689
.3685
.3681
.3678
.3674
.367
.3666
.3662
.3659
.3655
.3651
.3647
.3643
.364
.3636
.3632
.3628
.3624
.3621
.3617
.3613
.3609
.3605
.3601
.3598
.3594
.359
.3586
.3582
.3578
.3575
.3571
.3567
.3563
.3559
.3555
.3552
.3548
.3544
.354
.3536
.3532
.3529
.3525
.3521
.3517
.3513
.351
.3506
.3502
.3498
.3494
.349
.3487
.3483
.3479
.3475
.3471
.3468
.3464
.346
.3456
.3452
.3449
.3445
.3441
.3437
.3434
.343
.3426
.3422
.3418
.3415
.3411
.3407
.3403
.34
.3396
.3392
.3388
.3385
.3381
.3377
.3374
.337
.3366
.3362
.3359
.3355
.3351
.3348
.3344
.334
.3336
.3333
.3329
.3325
.3322
.3318
.3314
.3311
.3307
.3303
.33
.3296
.3293
.3289
.3285
.3282
.3278
.3274
.3271
.3267
.3264
.326
.3256
.3253
.3249
.3246
.3242
.3239
.3235
.3231
.3228
.3224
.3221
.3217
.3214
.321
.3207
.3203
.32
.3196
.3193
.3189
.3186
.3182
.3179
.3175
.3172
.3168
.3165
.3161
.3158
.3154
.3151
.3147
.3144
.314
.3137
.3134
.313
.3127
.3123
.312
.3117
.3113
.311
.3106
.3103
.31
.3096
.3093
.3089
.3086
.3083
.3079
.3076
.3073
.3069
.3066
.3063
.3059
.3056
.3053
.3049
.3046
.3043
.3039
.3036
.3033
.303
.3026
.3023
.302
.3016
.3013
.301
.3007
.3003
.3
.2997
.2994
.299
.2987
.2984
.2981
.2977
.2974
.2971
.2968
.2965
.2961
.2958
.2955
.2952
.2949
.2946
.2942
.2939
.2936
.2933
.293
.2927
.2923
.292
.2917
.2914
.2911
.2908
.2905
.2901
.2898
.2895
.2892
.2889
.2886
.2883
.288
.2877
.2874
.287
.2867
.2864
.2861
.2858
.2855
.2852
.2849
.2846
.2843
.284
.2837
.2834
.2831
.2828
.2825
.2822
.2819
.2816
.2813
.281
.2807
.2804
.2801
.2798
.2795
.2792
.2789
.2786
.2783
.278
.2777
.2774
.2771
.2768
.2765
.2762
.2759
.2756
.2754
.2751
.2748
.2745
.2742
.2739
.2736
.2733
.273
.2727
.2724
.2722
.2719
.2716
.2713
.271
.2707
.2704
.2701
.2699
.2696
.2693
.269
.2687
.2684
.2682
.2679
.2676
.2673
.267
.2667
.2665
.2662
.2659
.2656
.2653
.2651
.2648
.2645
.2642
.2639
.2637
.2634
.2631
.2628
.2626
.2623
.262
.2617
.2615
.2612
.2609
.2606
.2604
.2601
.2598
.2595
.2593
.259
.2587
.2585
.2582
.2579
.2576
.2574
.2571
.2568
.2566
.2563
.256
.2558
.2555
.2552
.255
.2547
.2544
.2542
.2539
.2536
.2534
.2531
.2528
.2526
.2523
.2521
.2518
.2515
.2513
.251
.2507
.2505
.2502
.25
.2497
.2494
.2492
.2489
.2487
.2484
.2481
.2479
.2476
.2474
.2471
.2469
.2466
.2463
.2461
.2458
.2456
.2453
.2451
.2448
.2446
.2443
.2441
.2438
.2436
.2433
.243
.2428
.2425
.2423
.242
.2418
.2415
.2413
.241
.2408
.2405
.2403
.24
.2398
.2396
.2393
.2391
.2388
.2386
.2383
.2381
.2378
.2376
.2373
.2371
.2368
.2366
.2364
.2361
.2359
.2356
.2354
.2351
.2349
.2347
.2344
.2342
.2339
.2337
.2335
.2332
.233
.2327
.2325
.2323
.232
.2318
.2315
.2313
.2311
.2308
.2306
.2304
.2301
.2299
.2296
.2294
.2292
.2289
.2287
.2285
.2282
.228
.2278
.2275
.2273
.2271
.2268
.2266
.2264
.2261
.2259
.2257
.2255
.2252
.225
.2248
.2245
.2243
.2241
.2238
.2236
.2234
.2232
.2229
.2227
.2225
.2222
.222
.2218
.2216
.2213
.2211
.2209
.2207
.2204
.2202
.22
.2198
.2195
.2193
.2191
.2189
.2186
.2184
.2182
.218
.2178
.2175
.2173
.2171
.2169
.2166
.2164
.2162
.216
.2158
.2155
.2153
.2151
.2149
.2147
.2144
.2142
.214
.2138
.2136
.2134
.2131
.2129
.2127
.2125
.2123
.2121
.2118
.2116
.2114
.2112
.211
.2108
.2106
.2103
.2101
.2099
.2097
.2095
.2093
.2091
.2088
.2086
.2084
.2082
.208
.2078
.2076
.2074
.2071
.2069
.2067
.2065
.2063
.2061
.2059
.2057
.2055
.2053
.2051
.2048
.2046
.2044
.2042
.204
.2038
.2036
.2034
.2032
.203
.2028
.2026
.2024
.2021
.2019
.2017
.2015
.2013
.2011
.2009
.2007
.2005
.2003
.2001
.1999
.1997
.1995
.1993
.1991
.1989
.1987
.1985
.1983
.1981
.1979
.1977
.1975
.1973
.1971
.1969
.1967
.1965
.1963
.1961
.1959
.1957
.1955
.1953
.1951
.1949
.1947
.1945
.1943
.1941
.1939
.1937
.1935
.1933
.1931
.1929
.1927
.1925
.1923
.1921
.1919
.1917
.1915
.1913
.1911
.1909
.1907
.1905
.1903
.1901
.1899
.1897
.1895
.1893
.1891
.1889
.1888
.1886
.1884
.1882
.188
.1878
.1876
.1874
.1872
.187
.1868
.1866
.1864
.1862
.186
.1859
.1857
.1855
.1853
.1851
.1849
.1847
.1845
.1843
.1841
.1839
.1837
.1836
.1834
.1832
.183
.1828
.1826
.1824
.1822
.182
.1818
.1817
.1815
.1813
.1811
.1809
.1807
.1805
.1803
.1801
.18
.1798
.1796
.1794
.1792
.179
.1788
.1786
.1785
.1783
.1781
.1779
.1777
.1775
.1773
.1772
.177
.1768
.1766
.1764
.1762
.176
.1759
.1757
.1755
.1753
.1751
.1749
.1747
.1746
.1744
.1742
.174
.1738
.1736
.1735
.1733
.1731
.1729
.1727
.1725
.1723
.1722
.172
.1718
.1716
.1714
.1713
.1711
.1709
.1707
.1705
.1703
.1702
.17
.1698
.1696
.1694
.1692
.1691
.1689
.1687
.1685
.1683
.1682
.168
.1678
.1676
.1674
.1673
.1671
.1669
.1667
.1665
.1664
.1662
.166
.1658
.1656
.1655
.1653
.1651
.1649
.1647
.1646
.1644
.1642
.164
.1638
.1637
.1635
.1633
.1631
.163
.1628
.1626
.1624
.1622
.1621
.1619
.1617
.1615
.1614
.1612
.161
.1608
.1606
.1605
.1603
.1601
.1599
.1598
.1596
.1594
.1592
.1591
.1589
.1587
.1585
.1584
.1582
.158
.1578
.1576
.1575
.1573
.1571
.1569
.1568
.1566
.1564
.1562
.1561
.1559
.1557
.1556
.1554
.1552
.155
.1549
.1547
.1545
.1543
.1542
.154
.1538
.1536
.1535
.1533
.1531
.153
.1528
.1526
.1524
.1523
.1521
.1519
.1518
.1516
.1514
.1512
.1511
.1509
.1507
.1506
.1504
.1502
.15
.1499
.1497
.1495
.1494
.1492
.149
.1489
.1487
.1485
.1483
.1482
.148
.1478
.1477
.1475
.1473
.1472
.147
.1468
.1467
.1465
.1463
.1462
.146
.1458
.1457
.1455
.1453
.1452
.145
.1448
.1447
.1445
.1443
.1442
.144
.1438
.1437
.1435
.1433
.1432
.143
.1428
.1427
.1425
.1424
.1422
.142
.1419
.1417
.1415
.1414
.1412
.141
.1409
.1407
.1406
.1404
.1402
.1401
.1399
.1398
.1396
.1394
.1393
.1391
.1389
.1388
.1386
.1385
.1383
.1381
.138
.1378
.1377
.1375
.1374
.1372
.137
.1369
.1367
.1366
.1364
.1362
.1361
.1359
.1358
.1356
.1355
.1353
.1352
.135
.1348
.1347
.1345
.1344
.1342
.1341
.1339
.1338
.1336
.1335
.1333
.1331
.133
.1328
.1327
.1325
.1324
.1322
.1321
.1319
.1318
.1316
.1315
.1313
.1312
.131
.1309
.1307
.1306
.1304
.1303
.1301
.13
.1298
.1297
.1295
.1294
.1292
.1291
.1289
.1288
.1287
.1285
.1284
.1282
.1281
.1279
.1278
.1276
.1275
.1273
.1272
.1271
.1269
.1268
.1266
.1265
.1263
.1262
.1261
.1259
.1258
.1256
.1255
.1253
.1252
.1251
.1249
.1248
.1246
.1245
.1244
.1242
.1241
.1239
.1238
.1237
.1235
.1234
.1233
.1231
.123
.1228
.1227
.1226
.1224
.1223
.1222
.122
.1219
.1218
.1216
.1215
.1213
.1212
.1211
.1209
.1208
.1207
.1205
.1204
.1203
.1201
.12
.1199
.1198
.1196
.1195
.1194
.1192
.1191
.119
.1188
.1187
.1186
.1185
.1183
.1182
.1181
.1179
.1178
.1177
.1176
.1174
.1173
.1172
.117
.1169
.1168
.1167
.1165
.1164
.1163
.1162
.116
.1159
.1158
.1157
.1155
.1154
.1153
.1152
.1151
.1149
.1148
.1147
.1146
.1144
.1143
.1142
.1141
.114
.1138
.1137
.1136
.1135
.1134
.1132
.1131
.113
.1129
.1128
.1127
.1125
.1124
.1123
.1122
.1121
.1119
.1118
.1117
.1116
.1115
.1114
.1113
.1111
.111
.1109
.1108
.1107
.1106
.1105
.1103
.1102
.1101
.11
.1099
.1098
.1097
.1096
.1094
.1093
.1092
.1091
.109
.1089
.1088
.1087
.1086
.1084
.1083
.1082
.1081
.108
.1079
.1078
.1077
.1076
.1075
.1074
.1073
.1071
.107
.1069
.1068
.1067
.1066
.1065
.1064
.1063
.1062
.1061
.106
.1059
.1058
.1057
.1056
.1055
.1054
.1053
.1051
.105
.1049
.1048
.1047
.1046
.1045
.1044
.1043
.1042
.1041
.104
.1039
.1038
.1037
.1036
.1035
.1034
.1033
.1032
.1031
.103
.1029
.1028
.1027
.1026
.1025
.1024
.1023
.1022
.1021
.102
.1019
.1018
.1018
.1017
.1016
.1015
.1014
.1013
.1012
.1011
.101
.1009
.1008
.1007
.1006
.1005
.1004
.1003
.1002
.1001
.1
.0999
.0999
.0998
.0997
.0996
.0995
.0994
.0993
.0992
.0991
.099
.0989
.0988
.0988
.0987
.0986
.0985
.0984
.0983
.0982
.0981
.098
.0979
.0978
.0978
.0977
.0976
.0975
.0974
.0973
.0972
.0971
.0971
.097
.0969
.0968
.0967
.0966
.0965
.0964
.0964
.0963
.0962
.0961
.096
.0959
.0958
.0958
.0957
.0956
.0955
.0954
.0953
.0952
.0952
.0951
.095
.0949
.0948
.0947
.0947
.0946
.0945
.0944
.0943
.0942
.0942
.0941
.094
.0939
.0938
.0937
.0937
.0936
.0935
.0934
.0933
.0933
.0932
.0931
.093
.0929
.0929
.0928
.0927
.0926
.0925
.0925
.0924
.0923
.0922
.0921
.0921
.092
.0919
.0918
.0917
.0917
.0916
.0915
.0914
.0913
.0913
.0912
.0911
.091
.091
.0909
.0908
.0907
.0907
.0906
.0905
.0904
.0904
.0903
.0902
.0901
.09
.09
.0899
.0898
.0897
.0897
.0896
.0895
.0894
.0894
.0893
.0892
.0891
.0891
.089
.0889
.0889
.0888
.0887
.0886
.0886
.0885
.0884
.0883
.0883
.0882
.0881
.0881
.088
.0879
.0878
.0878
.0877
.0876
.0875
.0875
.0874
.0873
.0873
.0872
.0871
.0871
.087
.0869
.0868
.0868
.0867
.0866
.0866
.0865
.0864
.0864
.0863
.0862
.0861
.0861
.086
.0859
.0859
.0858
.0857
.0857
.0856
.0855
.0855
.0854
.0853
.0853
.0852
.0851
.0851
.085
.0849
.0848
.0848
.0847
.0846
.0846
.0845
.0844
.0844
.0843
.0843
.0842
.0841
.0841
.084
.0839
.0839
.0838
.0837
.0837
.0836
.0835
.0835
.0834
.0833
.0833
.0832
.0831
.0831
.083
.0829
.0829
.0828
.0828
.0827
.0826
.0826
.0825
.0824
.0824
.0823
.0822
.0822
.0821
.0821
.082
.0819
.0819
.0818
.0817
.0817
.0816
.0816
.0815
.0814
.0814
.0813
.0812
.0812
.0811
.0811
.081
.0809
.0809
.0808
.0808
.0807
.0806
.0806
.0805
.0805
.0804
.0803
.0803
.0802
.0802
.0801
.08
.08
.0799
.0799
.0798
.0797
.0797
.0796
.0796
.0795
.0794
.0794
.0793
.0793
.0792
.0791
.0791
.079
.079
.0789
.0789
.0788
.0787
.0787
.0786
.0786
.0785
.0785
.0784
.0783
.0783
.0782
.0782
.0781
.078
.078
.0779
.0779
.0778
.0778
.0777
.0777
.0776
.0775
.0775
.0774
.0774
.0773
.0773
.0772
.0771
.0771
.077
.077
.0769
.0769
.0768
.0768
.0767
.0767
.0766
.0765
.0765
.0764
.0764
.0763
.0763
.0762
.0762
.0761
.076
.076
.0759
.0759
.0758
.0758
.0757
.0757
.0756
.0756
.0755
.0755
.0754
.0754
.0753
.0752
.0752
.0751
.0751
.075
.075
.0749
.0749
.0748
.0748
.0747
.0747
.0746
.0746
.0745
.0745
.0744
.0744
.0743
.0743
.0742
.0741
.0741
.074
.074
.0739
.0739
.0738
.0738
.0737
.0737
.0736
.0736
.0735
.0735
.0734
.0734
.0733
.0733
.0732
.0732
.0731
.0731
.073
.073
.0729
.0729
.0728
.0728
.0727
.0727
.0726
.0726
.0725
.0725
.0724
.0724
.0723
.0723
.0722
.0722
.0721
.0721
.072
.072
.0719
.0719
.0718
.0718
.0717
.0717
.0717
.0716
.0716
.0715
.0715
.0714
.0714
.0713
.0713
.0712
.0712
.0711
.0711
.071
.071
.0709
.0709
.0708
.0708
.0707
.0707
.0707
.0706
.0706
.0705
.0705
.0704
.0704
.0703
.0703
.0702
.0702
.0701
.0701
.07
.07
.07
.0699
.0699
.0698
.0698
.0697
.0697
.0696
.0696
.0695
.0695
.0694
.0694
.0694
.0693
.0693
.0692
.0692
.0691
.0691
.069
.069
.069
.0689
.0689
.0688
.0688
.0687
.0687
.0686
.0686
.0686
.0685
.0685
.0684
.0684
.0683
.0683
.0682
.0682
.0682
.0681
.0681
.068
.068
.0679
.0679
.0678
.0678
.0678
.0677
.0677
.0676
.0676
.0675
.0675
.0675
.0674
.0674
.0673
.0673
.0672
.0672
.0672
.0671
.0671
.067
.067
.0669
.0669
.0669
.0668
.0668
.0667
.0667
.0667
.0666
.0666
.0665
.0665
.0664
.0664
.0664
.0663
.0663
.0662
.0662
.0662
.0661
.0661
.066
.066
.0659
.0659
.0659
.0658
.0658
.0657
.0657
.0657
.0656
.0656
.0655
.0655
.0655
.0654
.0654
.0653
.0653
.0653
.0652
.0652
.0651
.0651
.0651
.065
.065
.0649
.0649
.0649
.0648
.0648
.0647
.0647
.0647
.0646
.0646
.0645
.0645
.0645
.0644
.0644
.0643
.0643
.0643
.0642
.0642
.0641
.0641
.0641
.064
.064
.0639
.0639
.0639
.0638
.0638
.0638
.0637
.0637
.0636
.0636
.0636
.0635
.0635
.0634
.0634
.0634
.0633
.0633
.0633
.0632
.0632
.0631
.0631
.0631
.063
.063
.063
.0629
.0629
.0628
.0628
.0628
.0627
.0627
.0627
.0626
.0626
.0625
.0625
.0625
.0624
.0624
.0624
.0623
.0623
.0622
.0622
.0622
.0621
.0621
.0621
.062
.062
.062
.0619
.0619
.0618
.0618
.0618
.0617
.0617
.0617
.0616
.0616
.0616
.0615
.0615
.0614
.0614
.0614
.0613
.0613
.0613
.0612
.0612
.0612
.0611
.0611
.0611
.061
.061
.0609
.0609
.0609
.0608
.0608
.0608
.0607
.0607
.0607
.0606
.0606
.0606
.0605
.0605
.0605
.0604
.0604
.0604
.0603
.0603
.0602
.0602
.0602
.0601
.0601
.0601
.06
.06
.06
.0599
.0599
.0599
.0598
.0598
.0598
.0597
.0597
.0597
.0596
.0596
.0596
.0595
.0595
.0595
.0594
.0594
.0594
.0593
.0593
.0593
.0592
.0592
.0592
.0591
.0591
.0591
.059
.059
.059
.0589
.0589
.0589
.0588
.0588
.0588
.0587
.0587
.0587
.0586
.0586
.0586
.0585
.0585
.0585
.0584
.0584
.0584
.0583
.0583
.0583
.0582
.0582
.0582
.0581
.0581
.0581
.058
.058
.058
.0579
.0579
.0579
.0579
.0578
.0578
.0578
.0577
.0577
.0577
.0576
.0576
.0576
.0575
.0575
.0575
.0574
.0574
.0574
.0573
.0573
.0573
.0572
.0572
.0572
.0572
.0571
.0571
.0571
.057
.057
.057
.0569
.0569
.0569
.0568
.0568
.0568
.0568
.0567
.0567
.0567
.0566
.0566
.0566
.0565
.0565
.0565
.0564
.0564
.0564
.0564
.0563
.0563
.0563
.0562
.0562
.0562
.0561
.0561
.0561
.056
.056
.056
.056
.0559
.0559
.0559
.0558
.0558
.0558
.0558
.0557
.0557
.0557
.0556
.0556
.0556
.0555
.0555
.0555
.0555
.0554
.0554
.0554
.0553
.0553
.0553
.0552
.0552
.0552
.0552
.0551
.0551
.0551
.055
.055
.055
.055
.0549
.0549
.0549
.0548
.0548
.0548
.0548
.0547
.0547
.0547
.0546
.0546
.0546
.0546
.0545
.0545
.0545
.0544
.0544
.0544
.0544
.0543
.0543
.0543
.0542
.0542
.0542
.0542
.0541
.0541
.0541
.054
.054
.054
.054
.0539
.0539
.0539
.0538
.0538
.0538
.0538
.0537
.0537
.0537
.0537
.0536
.0536
.0536
.0535
.0535
.0535
.0535
.0534
.0534
.0534
.0534
.0533
.0533
.0533
.0532
.0532
.0532
.0532
.0531
.0531
.0531
.0531
.053
.053
.053
.0529
.0529
.0529
.0529
.0528
.0528
.0528
.0528
.0527
.0527
.0527
.0526
.0526
.0526
.0526
.0525
.0525
.0525
.0525
.0524
.0524
.0524
.0524
.0523
.0523
.0523
.0523
.0522
.0522
.0522
.0521
.0521
.0521
.0521
.052
.052
.052
.052
.0519
.0519
.0519
.0519
.0518
.0518
.0518
.0518
.0517
.0517
.0517
.0517
.0516
.0516
.0516
.0515
.0515
.0515
.0515
.0514
.0514
.0514
.0514
.0513
.0513
.0513
.0513
.0512
.0512
.0512
.0512
.0511
.0511
.0511
.0511
.051
.051
.051
.051
.0509
.0509
.0509
.0509
.0508
.0508
.0508
.0508
.0507
.0507
.0507
.0507
.0506
.0506
.0506
.0506
.0505
.0505
.0505
.0505
.0504
.0504
.0504
.0504
.0503
.0503
.0503
.0503
.0503
.0502
.0502
.0502
.0502
.0501
.0501
.0501
.0501
.05
.05
.05
