.6925
.6892
.6859
.6825
.679
.6755
.672
.6684
.6648
.6611
.6574
.6537
.6499
.6461
.6423
.6384
.6346
.6307
.6268
.6229
.619
.6151
.6113
.6074
.6036
.5998
.596
.5923
.5886
.585
.5815
.578
.5746
.5713
.5681
.565
.562
.559
.5562
.5535
.5509
.5484
.546
.5438
.5416
.5396
.5376
.5358
.5341
.5325
.531
.5296
.5282
.527
.5258
.5248
.5238
.5228
.522
.5212
.5205
.5198
.5191
.5186
.518
.5176
.5171
.5167
.5163
.516
.5157
.5154
.5151
.5149
.5146
.5144
.5142
.5141
.5139
.5138
.5137
.5135
.5134
.5133
.5132
.5132
.5131
.513
.5129
.5129
.5128
.5128
.5127
.5127
.5127
.5126
.5126
.5126
.5125
.5125
.5125
.5125
.5125
.5124
.5124
.5124
.5124
.5124
.5124
.5123
.5123
.5123
.5123
.5123
.5123
.5123
.5123
.5123
.5122
.5122
.5122
.5122
.5122
.5122
.5122
.5122
.5122
.5122
.5122
.5122
.5122
.5121
.5121
.5121
.5121
.5121
.5121
.5121
.5121
.5121
.5121
.5121
.5121
.5121
.5121
.5121
.512
.512
.512
.512
.512
.512
.512
.512
.512
.512
.512
.512
.512
.512
.512
.5119
.5119
.5119
.5119
.5119
.5119
.5119
.5119
.5119
.5119
.5119
.5119
.5119
.5119
.5119
.5119
.5118
.5118
.5118
.5118
.5118
.5118
.5118
.5118
.5118
.5118
.5118
.5118
.5118
.5118
.5118
.5118
.5118
.5117
.5117
.5117
.5117
.5117
.5117
.5117
.5117
.5117
.5117
.5117
.5117
.5117
.5117
.5117
.5117
.5117
.5116
.5116
.5116
.5116
.5116
.5116
.5116
.5116
.5116
.5116
.5116
.5116
.5116
.5116
.5116
.5116
.5116
.5116
.5115
.5115
.5115
.5115
.5115
.5115
.5115
.5115
.5115
.5115
.5115
.5115
.5115
.5115
.5115
.5115
.5115
.5115
.5114
.5114
.5114
.5114
.5114
.5114
.5114
.5114
.5114
.5114
.5114
.5114
.5114
.5114
.5114
.5114
.5114
.5114
.5114
.5113
.5113
.5113
.5113
.5113
.5113
.5113
.5113
.5113
.5113
.5113
.5113
.5113
.5113
.5113
.5113
.5113
.5113
.5112
.5112
.5112
.5112
.5112
.5112
.5112
.5112
.5112
.5112
.5112
.5112
.5112
.5112
.5112
.5112
.5112
.5112
.5112
.5112
.5111
.5111
.5111
.5111
.5111
.5111
.5111
.5111
.5111
.5111
.5111
.5111
.5111
.5111
.5111
.5111
.5111
.5111
.5111
.511
.511
.511
.511
.511
.511
.511
.511
.511
.511
.511
.511
.511
.511
.511
.511
.511
.511
.511
.5109
.5109
.5109
.5109
.5109
.5109
.5109
.5109
.5109
.5109
.5109
.5109
.5109
.5109
.5109
.5109
.5109
.5109
.5108
.5108
.5108
.5108
.5108
.5108
.5108
.5108
.5108
.5108
.5108
.5108
.5108
.5108
.5108
.5108
.5108
.5108
.5107
.5107
.5107
.5107
.5107
.5107
.5107
.5107
.5107
.5107
.5107
.5107
.5107
.5107
.5107
.5107
.5107
.5107
.5106
.5106
.5106
.5106
.5106
.5106
.5106
.5106
.5106
.5106
.5106
.5106
.5106
.5106
.5106
.5106
.5105
.5105
.5105
.5105
.5105
.5105
.5105
.5105
.5105
.5105
.5105
.5105
.5105
.5105
.5105
.5105
.5104
.5104
.5104
.5104
.5104
.5104
.5104
.5104
.5104
.5104
.5104
.5104
.5104
.5104
.5104
.5103
.5103
.5103
.5103
.5103
.5103
.5103
.5103
.5103
.5103
.5103
.5103
.5103
.5103
.5103
.5102
.5102
.5102
.5102
.5102
.5102
.5102
.5102
.5102
.5102
.5102
.5102
.5102
.5101
.5101
.5101
.5101
.5101
.5101
.5101
.5101
.5101
.5101
.5101
.5101
.5101
.51
.51
.51
.51
.51
.51
.51
.51
.51
.51
.51
.51
.5099
.5099
.5099
.5099
.5099
.5099
.5099
.5099
.5099
.5099
.5099
.5099
.5098
.5098
.5098
.5098
.5098
.5098
.5098
.5098
.5098
.5098
.5097
.5097
.5097
.5097
.5097
.5097
.5097
.5097
.5097
.5097
.5097
.5096
.5096
.5096
.5096
.5096
.5096
.5096
.5096
.5096
.5095
.5095
.5095
.5095
.5095
.5095
.5095
.5095
.5095
.5095
.5094
.5094
.5094
.5094
.5094
.5094
.5094
.5094
.5093
.5093
.5093
.5093
.5093
.5093
.5093
.5093
.5093
.5092
.5092
.5092
.5092
.5092
.5092
.5092
.5092
.5091
.5091
.5091
.5091
.5091
.5091
.5091
.509
.509
.509
.509
.509
.509
.509
.5089
.5089
.5089
.5089
.5089
.5089
.5089
.5088
.5088
.5088
.5088
.5088
.5088
.5088
.5087
.5087
.5087
.5087
.5087
.5087
.5086
.5086
.5086
.5086
.5086
.5086
.5085
.5085
.5085
.5085
.5085
.5085
.5084
.5084
.5084
.5084
.5084
.5083
.5083
.5083
.5083
.5083
.5083
.5082
.5082
.5082
.5082
.5082
.5081
.5081
.5081
.5081
.5081
.508
.508
.508
.508
.508
.5079
.5079
.5079
.5079
.5079
.5078
.5078
.5078
.5078
.5077
.5077
.5077
.5077
.5076
.5076
.5076
.5076
.5076
.5075
.5075
.5075
.5075
.5074
.5074
.5074
.5074
.5073
.5073
.5073
.5073
.5072
.5072
.5072
.5071
.5071
.5071
.5071
.507
.507
.507
.507
.5069
.5069
.5069
.5068
.5068
.5068
.5068
.5067
.5067
.5067
.5066
.5066
.5066
.5065
.5065
.5065
.5064
.5064
.5064
.5063
.5063
.5063
.5062
.5062
.5062
.5061
.5061
.5061
.506
.506
.506
.5059
.5059
.5059
.5058
.5058
.5057
.5057
.5057
.5056
.5056
.5055
.5055
.5055
.5054
.5054
.5053
.5053
.5053
.5052
.5052
.5051
.5051
.5051
.505
.505
.5049
.5049
.5048
.5048
.5047
.5047
.5046
.5046
.5046
.5045
.5045
.5044
.5044
.5043
.5043
.5042
.5042
.5041
.5041
.504
.504
.5039
.5039
.5038
.5037
.5037
.5036
.5036
.5035
.5035
.5034
.5034
.5033
.5032
.5032
.5031
.5031
.503
.5029
.5029
.5028
.5028
.5027
.5026
.5026
.5025
.5025
.5024
.5023
.5023
.5022
.5021
.5021
.502
.5019
.5019
.5018
.5017
.5016
.5016
.5015
.5014
.5014
.5013
.5012
.5011
.5011
.501
.5009
.5008
.5007
.5007
.5006
.5005
.5004
.5003
.5003
.5002
.5001
.5
.4999
.4998
.4998
.4997
.4996
.4995
.4994
.4993
.4992
.4991
.4991
.499
.4989
.4988
.4987
.4986
.4985
.4984
.4983
.4982
.4981
.498
.4979
.4978
.4977
.4976
.4975
.4974
.4973
.4972
.4971
.497
.4968
.4967
.4966
.4965
.4964
.4963
.4962
.4961
.4959
.4958
.4957
.4956
.4955
.4953
.4952
.4951
.495
.4949
.4947
.4946
.4945
.4943
.4942
.4941
.494
.4938
.4937
.4936
.4934
.4933
.4931
.493
.4929
.4927
.4926
.4924
.4923
.4922
.492
.4919
.4917
.4916
.4914
.4913
.4911
.491
.4908
.4906
.4905
.4903
.4902
.49
.4899
.4897
.4895
.4894
.4892
.489
.4889
.4887
.4885
.4883
.4882
.488
.4878
.4876
.4875
.4873
.4871
.4869
.4867
.4866
.4864
.4862
.486
.4858
.4856
.4854
.4852
.485
.4848
.4846
.4844
.4842
.484
.4838
.4836
.4834
.4832
.483
.4828
.4826
.4824
.4822
.4819
.4817
.4815
.4813
.4811
.4808
.4806
.4804
.4802
.4799
.4797
.4795
.4792
.479
.4788
.4785
.4783
.4781
.4778
.4776
.4773
.4771
.4769
.4766
.4764
.4761
.4759
.4756
.4753
.4751
.4748
.4746
.4743
.474
.4738
.4735
.4733
.473
.4727
.4724
.4722
.4719
.4716
.4713
.4711
.4708
.4705
.4702
.4699
.4697
.4694
.4691
.4688
.4685
.4682
.4679
.4676
.4673
.467
.4667
.4664
.4661
.4658
.4655
.4652
.4649
.4646
.4643
.464
.4636
.4633
.463
.4627
.4624
.4621
.4617
.4614
.4611
.4608
.4604
.4601
.4598
.4594
.4591
.4588
.4584
.4581
.4577
.4574
.4571
.4567
.4564
.456
.4557
.4553
.455
.4546
.4543
.4539
.4536
.4532
.4529
.4525
.4521
.4518
.4514
.451
.4507
.4503
.4499
.4496
.4492
.4488
.4485
.4481
.4477
.4473
.4469
.4466
.4462
.4458
.4454
.445
.4447
.4443
.4439
.4435
.4431
.4427
.4423
.4419
.4415
.4411
.4407
.4403
.4399
.4395
.4391
.4387
.4383
.4379
.4375
.4371
.4367
.4363
.4359
.4355
.4351
.4347
.4342
.4338
.4334
.433
.4326
.4322
.4317
.4313
.4309
.4305
.4301
.4296
.4292
.4288
.4284
.4279
.4275
.4271
.4266
.4262
.4258
.4254
.4249
.4245
.4241
.4236
.4232
.4227
.4223
.4219
.4214
.421
.4206
.4201
.4197
.4192
.4188
.4183
.4179
.4174
.417
.4166
.4161
.4157
.4152
.4148
.4143
.4139
.4134
.413
.4125
.4121
.4116
.4112
.4107
.4102
.4098
.4093
.4089
.4084
.408
.4075
.407
.4066
.4061
.4057
.4052
.4047
.4043
.4038
.4034
.4029
.4024
.402
.4015
.4011
.4006
.4001
.3997
.3992
.3987
.3983
.3978
.3973
.3969
.3964
.3959
.3955
.395
.3945
.3941
.3936
.3931
.3927
.3922
.3917
.3912
.3908
.3903
.3898
.3894
.3889
.3884
.388
.3875
.387
.3865
.3861
.3856
.3851
.3847
.3842
.3837
.3832
.3828
.3823
.3818
.3813
.3809
.3804
.3799
.3795
.379
.3785
.378
.3776
.3771
.3766
.3761
.3757
.3752
.3747
.3743
.3738
.3733
.3728
.3724
.3719
.3714
.3709
.3705
.37
.3695
.3691
.3686
.3681
.3676
.3672
.3667
.3662
.3658
.3653
.3648
.3643
.3639
.3634
.3629
.3625
.362
.3615
.361
.3606
.3601
.3596
.3592
.3587
.3582
.3578
.3573
.3568
.3564
.3559
.3554
.355
.3545
.354
.3536
.3531
.3526
.3522
.3517
.3512
.3508
.3503
.3498
.3494
.3489
.3484
.348
.3475
.347
.3466
.3461
.3457
.3452
.3447
.3443
.3438
.3434
.3429
.3424
.342
.3415
.3411
.3406
.3401
.3397
.3392
.3388
.3383
.3379
.3374
.3369
.3365
.336
.3356
.3351
.3347
.3342
.3338
.3333
.3329
.3324
.332
.3315
.3311
.3306
.3302
.3297
.3293
.3288
.3284
.3279
.3275
.327
.3266
.3261
.3257
.3252
.3248
.3244
.3239
.3235
.323
.3226
.3221
.3217
.3213
.3208
.3204
.3199
.3195
.3191
.3186
.3182
.3178
.3173
.3169
.3164
.316
.3156
.3151
.3147
.3143
.3138
.3134
.313
.3125
.3121
.3117
.3113
.3108
.3104
.31
.3095
.3091
.3087
.3083
.3078
.3074
.307
.3066
.3061
.3057
.3053
.3049
.3045
.304
.3036
.3032
.3028
.3024
.3019
.3015
.3011
.3007
.3003
.2999
.2995
.299
.2986
.2982
.2978
.2974
.297
.2966
.2962
.2958
.2953
.2949
.2945
.2941
.2937
.2933
.2929
.2925
.2921
.2917
.2913
.2909
.2905
.2901
.2897
.2893
.2889
.2885
.2881
.2877
.2873
.2869
.2865
.2861
.2857
.2853
.2849
.2845
.2841
.2837
.2833
.283
.2826
.2822
.2818
.2814
.281
.2806
.2802
.2799
.2795
.2791
.2787
.2783
.2779
.2775
.2772
.2768
.2764
.276
.2756
.2753
.2749
.2745
.2741
.2738
.2734
.273
.2726
.2723
.2719
.2715
.2711
.2708
.2704
.27
.2697
.2693
.2689
.2685
.2682
.2678
.2674
.2671
.2667
.2663
.266
.2656
.2653
.2649
.2645
.2642
.2638
.2635
.2631
.2627
.2624
.262
.2617
.2613
.261
.2606
.2602
.2599
.2595
.2592
.2588
.2585
.2581
.2578
.2574
.2571
.2567
.2564
.256
.2557
.2553
.255
.2546
.2543
.254
.2536
.2533
.2529
.2526
.2522
.2519
.2516
.2512
.2509
.2506
.2502
.2499
.2495
.2492
.2489
.2485
.2482
.2479
.2475
.2472
.2469
.2465
.2462
.2459
.2455
.2452
.2449
.2446
.2442
.2439
.2436
.2433
.2429
.2426
.2423
.242
.2416
.2413
.241
.2407
.2404
.24
.2397
.2394
.2391
.2388
.2384
.2381
.2378
.2375
.2372
.2369
.2366
.2362
.2359
.2356
.2353
.235
.2347
.2344
.2341
.2338
.2335
.2331
.2328
.2325
.2322
.2319
.2316
.2313
.231
.2307
.2304
.2301
.2298
.2295
.2292
.2289
.2286
.2283
.228
.2277
.2274
.2271
.2268
.2265
.2262
.2259
.2256
.2253
.225
.2248
.2245
.2242
.2239
.2236
.2233
.223
.2227
.2224
.2221
.2219
.2216
.2213
.221
.2207
.2204
.2201
.2199
.2196
.2193
.219
.2187
.2185
.2182
.2179
.2176
.2173
.2171
.2168
.2165
.2162
.2159
.2157
.2154
.2151
.2148
.2146
.2143
.214
.2138
.2135
.2132
.2129
.2127
.2124
.2121
.2119
.2116
.2113
.2111
.2108
.2105
.2103
.21
.2097
.2095
.2092
.2089
.2087
.2084
.2081
.2079
.2076
.2074
.2071
.2068
.2066
.2063
.2061
.2058
.2055
.2053
.205
.2048
.2045
.2043
.204
.2038
.2035
.2032
.203
.2027
.2025
.2022
.202
.2017
.2015
.2012
.201
.2007
.2005
.2002
.2
.1997
.1995
.1993
.199
.1988
.1985
.1983
.198
.1978
.1975
.1973
.1971
.1968
.1966
.1963
.1961
.1959
.1956
.1954
.1951
.1949
.1947
.1944
.1942
.1939
.1937
.1935
.1932
.193
.1928
.1925
.1923
.1921
.1918
.1916
.1914
.1911
.1909
.1907
.1904
.1902
.19
.1898
.1895
.1893
.1891
.1888
.1886
.1884
.1882
.1879
.1877
.1875
.1873
.187
.1868
.1866
.1864
.1861
.1859
.1857
.1855
.1853
.185
.1848
.1846
.1844
.1842
.1839
.1837
.1835
.1833
.1831
.1829
.1826
.1824
.1822
.182
.1818
.1816
.1813
.1811
.1809
.1807
.1805
.1803
.1801
.1799
.1796
.1794
.1792
.179
.1788
.1786
.1784
.1782
.178
.1778
.1776
.1773
.1771
.1769
.1767
.1765
.1763
.1761
.1759
.1757
.1755
.1753
.1751
.1749
.1747
.1745
.1743
.1741
.1739
.1737
.1735
.1733
.1731
.1729
.1727
.1725
.1723
.1721
.1719
.1717
.1715
.1713
.1711
.1709
.1707
.1705
.1703
.1701
.1699
.1697
.1695
.1694
.1692
.169
.1688
.1686
.1684
.1682
.168
.1678
.1676
.1674
.1673
.1671
.1669
.1667
.1665
.1663
.1661
.1659
.1657
.1656
.1654
.1652
.165
.1648
.1646
.1644
.1643
.1641
.1639
.1637
.1635
.1633
.1632
.163
.1628
.1626
.1624
.1623
.1621
.1619
.1617
.1615
.1614
.1612
.161
.1608
.1606
.1605
.1603
.1601
.1599
.1598
.1596
.1594
.1592
.1591
.1589
.1587
.1585
.1584
.1582
.158
.1578
.1577
.1575
.1573
.1572
.157
.1568
.1566
.1565
.1563
.1561
.156
.1558
.1556
.1554
.1553
.1551
.1549
.1548
.1546
.1544
.1543
.1541
.1539
.1538
.1536
.1534
.1533
.1531
.1529
.1528
.1526
.1525
.1523
.1521
.152
.1518
.1516
.1515
.1513
.1511
.151
.1508
.1507
.1505
.1503
.1502
.15
.1499
.1497
.1495
.1494
.1492
.1491
.1489
.1488
.1486
.1484
.1483
.1481
.148
.1478
.1477
.1475
.1473
.1472
.147
.1469
.1467
.1466
.1464
.1463
.1461
.146
.1458
.1457
.1455
.1453
.1452
.145
.1449
.1447
.1446
.1444
.1443
.1441
.144
.1438
.1437
.1435
.1434
.1432
.1431
.1429
.1428
.1426
.1425
.1424
.1422
.1421
.1419
.1418
.1416
.1415
.1413
.1412
.141
.1409
.1408
.1406
.1405
.1403
.1402
.14
.1399
.1397
.1396
.1395
.1393
.1392
.139
.1389
.1388
.1386
.1385
.1383
.1382
.138
.1379
.1378
.1376
.1375
.1374
.1372
.1371
.1369
.1368
.1367
.1365
.1364
.1362
.1361
.136
.1358
.1357
.1356
.1354
.1353
.1352
.135
.1349
.1348
.1346
.1345
.1343
.1342
.1341
.1339
.1338
.1337
.1335
.1334
.1333
.1331
.133
.1329
.1328
.1326
.1325
.1324
.1322
.1321
.132
.1318
.1317
.1316
.1314
.1313
.1312
.1311
.1309
.1308
.1307
.1305
.1304
.1303
.1302
.13
.1299
.1298
.1297
.1295
.1294
.1293
.1291
.129
.1289
.1288
.1286
.1285
.1284
.1283
.1281
.128
.1279
.1278
.1277
.1275
.1274
.1273
.1272
.127
.1269
.1268
.1267
.1265
.1264
.1263
.1262
.1261
.1259
.1258
.1257
.1256
.1255
.1253
.1252
.1251
.125
.1249
.1247
.1246
.1245
.1244
.1243
.1242
.124
.1239
.1238
.1237
.1236
.1234
.1233
.1232
.1231
.123
.1229
.1227
.1226
.1225
.1224
.1223
.1222
.1221
.1219
.1218
.1217
.1216
.1215
.1214
.1213
.1211
.121
.1209
.1208
.1207
.1206
.1205
.1204
.1202
.1201
.12
.1199
.1198
.1197
.1196
.1195
.1193
.1192
.1191
.119
.1189
.1188
.1187
.1186
.1185
.1184
.1182
.1181
.118
.1179
.1178
.1177
.1176
.1175
.1174
.1173
.1172
.1171
.117
.1168
.1167
.1166
.1165
.1164
.1163
.1162
.1161
.116
.1159
.1158
.1157
.1156
.1155
.1154
.1153
.1152
.1151
.1149
.1148
.1147
.1146
.1145
.1144
.1143
.1142
.1141
.114
.1139
.1138
.1137
.1136
.1135
.1134
.1133
.1132
.1131
.113
.1129
.1128
.1127
.1126
.1125
.1124
.1123
.1122
.1121
.112
.1119
.1118
.1117
.1116
.1115
.1114
.1113
.1112
.1111
.111
.1109
.1108
.1107
.1106
.1105
.1104
.1103
.1102
.1101
.11
.1099
.1098
.1097
.1096
.1095
.1094
.1094
.1093
.1092
.1091
.109
.1089
.1088
.1087
.1086
.1085
.1084
.1083
.1082
.1081
.108
.1079
.1078
.1077
.1076
.1076
.1075
.1074
.1073
.1072
.1071
.107
.1069
.1068
.1067
.1066
.1065
.1064
.1064
.1063
.1062
.1061
.106
.1059
.1058
.1057
.1056
.1055
.1054
.1054
.1053
.1052
.1051
.105
.1049
.1048
.1047
.1046
.1045
.1045
.1044
.1043
.1042
.1041
.104
.1039
.1038
.1038
.1037
.1036
.1035
.1034
.1033
.1032
.1031
.1031
.103
.1029
.1028
.1027
.1026
.1025
.1024
.1024
.1023
.1022
.1021
.102
.1019
.1018
.1018
.1017
.1016
.1015
.1014
.1013
.1013
.1012
.1011
.101
.1009
.1008
.1008
.1007
.1006
.1005
.1004
.1003
.1003
.1002
.1001
.1
.0999
.0998
.0998
.0997
.0996
.0995
.0994
.0993
.0993
.0992
.0991
.099
.0989
.0989
.0988
.0987
.0986
.0985
.0985
.0984
.0983
.0982
.0981
.0981
.098
.0979
.0978
.0977
.0977
.0976
.0975
.0974
.0973
.0973
.0972
.0971
.097
.0969
.0969
.0968
.0967
.0966
.0966
.0965
.0964
.0963
.0962
.0962
.0961
.096
.0959
.0959
.0958
.0957
.0956
.0955
.0955
.0954
.0953
.0952
.0952
.0951
.095
.0949
.0949
.0948
.0947
.0946
.0946
.0945
.0944
.0943
.0943
.0942
.0941
.094
.094
.0939
.0938
.0937
.0937
.0936
.0935
.0934
.0934
.0933
.0932
.0931
.0931
.093
.0929
.0929
.0928
.0927
.0926
.0926
.0925
.0924
.0923
.0923
.0922
.0921
.0921
.092
.0919
.0918
.0918
.0917
.0916
.0916
.0915
.0914
.0913
.0913
.0912
.0911
.0911
.091
.0909
.0909
.0908
.0907
.0906
.0906
.0905
.0904
.0904
.0903
.0902
.0902
.0901
.09
.0899
.0899
.0898
.0897
.0897
.0896
.0895
.0895
.0894
.0893
.0893
.0892
.0891
.0891
.089
.0889
.0889
.0888
.0887
.0886
.0886
.0885
.0884
.0884
.0883
.0882
.0882
.0881
.088
.088
.0879
.0878
.0878
.0877
.0876
.0876
.0875
.0874
.0874
.0873
.0872
.0872
.0871
.0871
.087
.0869
.0869
.0868
.0867
.0867
.0866
.0865
.0865
.0864
.0863
.0863
.0862
.0861
.0861
.086
.086
.0859
.0858
.0858
.0857
.0856
.0856
.0855
.0854
.0854
.0853
.0853
.0852
.0851
.0851
.085
.0849
.0849
.0848
.0848
.0847
.0846
.0846
.0845
.0844
.0844
.0843
.0843
.0842
.0841
.0841
.084
.0839
.0839
.0838
.0838
.0837
.0836
.0836
.0835
.0835
.0834
.0833
.0833
.0832
.0832
.0831
.083
.083
.0829
.0829
.0828
.0827
.0827
.0826
.0826
.0825
.0824
.0824
.0823
.0823
.0822
.0821
.0821
.082
.082
.0819
.0818
.0818
.0817
.0817
.0816
.0815
.0815
.0814
.0814
.0813
.0813
.0812
.0811
.0811
.081
.081
.0809
.0808
.0808
.0807
.0807
.0806
.0806
.0805
.0804
.0804
.0803
.0803
.0802
.0802
.0801
.08
.08
.0799
.0799
.0798
.0798
.0797
.0797
.0796
.0795
.0795
.0794
.0794
.0793
.0793
.0792
.0791
.0791
.079
.079
.0789
.0789
.0788
.0788
.0787
.0787
.0786
.0785
.0785
.0784
.0784
.0783
.0783
.0782
.0782
.0781
.078
.078
.0779
.0779
.0778
.0778
.0777
.0777
.0776
.0776
.0775
.0775
.0774
.0773
.0773
.0772
.0772
.0771
.0771
.077
.077
.0769
.0769
.0768
.0768
.0767
.0767
.0766
.0766
.0765
.0764
.0764
.0763
.0763
.0762
.0762
.0761
.0761
.076
.076
.0759
.0759
.0758
.0758
.0757
.0757
.0756
.0756
.0755
.0755
.0754
.0754
.0753
.0753
.0752
.0752
.0751
.0751
.075
.075
.0749
.0749
.0748
.0748
.0747
.0747
.0746
.0746
.0745
.0745
.0744
.0744
.0743
.0743
.0742
.0742
.0741
.0741
.074
.074
.0739
.0739
.0738
.0738
.0737
.0737
.0736
.0736
.0735
.0735
.0734
.0734
.0733
.0733
.0732
.0732
.0731
.0731
.073
.073
.0729
.0729
.0728
.0728
.0727
.0727
.0726
.0726
.0725
.0725
.0724
.0724
.0723
.0723
.0723
.0722
.0722
.0721
.0721
.072
.072
.0719
.0719
.0718
.0718
.0717
.0717
.0716
.0716
.0715
.0715
.0715
.0714
.0714
.0713
.0713
.0712
.0712
.0711
.0711
.071
.071
.0709
.0709
.0709
.0708
.0708
.0707
.0707
.0706
.0706
.0705
.0705
.0704
.0704
.0703
.0703
.0703
.0702
.0702
.0701
.0701
.07
.07
.0699
.0699
.0699
.0698
.0698
.0697
.0697
.0696
.0696
.0695
.0695
.0694
.0694
.0694
.0693
.0693
.0692
.0692
.0691
.0691
.0691
.069
.069
.0689
.0689
.0688
.0688
.0687
.0687
.0687
.0686
.0686
.0685
.0685
.0684
.0684
.0684
.0683
.0683
.0682
.0682
.0681
.0681
.0681
.068
.068
.0679
.0679
.0678
.0678
.0678
.0677
.0677
.0676
.0676
.0675
.0675
.0675
.0674
.0674
.0673
.0673
.0672
.0672
.0672
.0671
.0671
.067
.067
.067
.0669
.0669
.0668
.0668
.0667
.0667
.0667
.0666
.0666
.0665
.0665
.0665
.0664
.0664
.0663
.0663
.0662
.0662
.0662
.0661
.0661
.066
.066
.066
.0659
.0659
.0658
.0658
.0658
.0657
.0657
.0656
.0656
.0656
.0655
.0655
.0654
.0654
.0654
.0653
.0653
.0652
.0652
.0652
.0651
.0651
.065
.065
.065
.0649
.0649
.0648
.0648
.0648
.0647
.0647
.0646
.0646
.0646
.0645
.0645
.0644
.0644
.0644
.0643
.0643
.0643
.0642
.0642
.0641
.0641
.0641
.064
.064
.0639
.0639
.0639
.0638
.0638
.0638
.0637
.0637
.0636
.0636
.0636
.0635
.0635
.0634
.0634
.0634
.0633
.0633
.0633
.0632
.0632
.0631
.0631
.0631
.063
.063
.063
.0629
.0629
.0628
.0628
.0628
.0627
.0627
.0627
.0626
.0626
.0625
.0625
.0625
.0624
.0624
.0624
.0623
.0623
.0622
.0622
.0622
.0621
.0621
.0621
.062
.062
.062
.0619
.0619
.0618
.0618
.0618
.0617
.0617
.0617
.0616
.0616
.0616
.0615
.0615
.0614
.0614
.0614
.0613
.0613
.0613
.0612
.0612
.0612
.0611
.0611
.0611
.061
.061
.0609
.0609
.0609
.0608
.0608
.0608
.0607
.0607
.0607
.0606
.0606
.0606
.0605
.0605
.0605
.0604
.0604
.0604
.0603
.0603
.0602
.0602
.0602
.0601
.0601
.0601
.06
.06
.06
.0599
.0599
.0599
.0598
.0598
.0598
.0597
.0597
.0597
.0596
.0596
.0596
.0595
.0595
.0595
.0594
.0594
.0594
.0593
.0593
.0593
.0592
.0592
.0592
.0591
.0591
.0591
.059
.059
.059
.0589
.0589
.0589
.0588
.0588
.0588
.0587
.0587
.0587
.0586
.0586
.0586
.0585
.0585
.0585
.0584
.0584
.0584
.0583
.0583
.0583
.0582
.0582
.0582
.0581
.0581
.0581
.058
.058
.058
.0579
.0579
.0579
.0578
.0578
.0578
.0577
.0577
.0577
.0576
.0576
.0576
.0575
.0575
.0575
.0574
.0574
.0574
.0573
.0573
.0573
.0573
.0572
.0572
.0572
.0571
.0571
.0571
.057
.057
.057
.0569
.0569
.0569
.0568
.0568
.0568
.0567
.0567
.0567
.0567
.0566
.0566
.0566
.0565
.0565
.0565
.0564
.0564
.0564
.0563
.0563
.0563
.0563
.0562
.0562
.0562
.0561
.0561
.0561
.056
.056
.056
.0559
.0559
.0559
.0559
.0558
.0558
.0558
.0557
.0557
.0557
.0556
.0556
.0556
.0555
.0555
.0555
.0555
.0554
.0554
.0554
.0553
.0553
.0553
.0552
.0552
.0552
.0552
.0551
.0551
.0551
.055
.055
.055
.0549
.0549
.0549
.0549
.0548
.0548
.0548
.0547
.0547
.0547
.0547
.0546
.0546
.0546
.0545
.0545
.0545
.0544
.0544
.0544
.0544
.0543
.0543
.0543
.0542
.0542
.0542
.0542
.0541
.0541
.0541
.054
.054
.054
.054
.0539
.0539
.0539
.0538
.0538
.0538
.0538
.0537
.0537
.0537
.0536
.0536
.0536
.0536
.0535
.0535
.0535
.0534
.0534
.0534
.0534
.0533
.0533
.0533
.0532
.0532
.0532
.0532
.0531
.0531
.0531
.0531
.053
.053
.053
.0529
.0529
.0529
.0529
.0528
.0528
.0528
.0527
.0527
.0527
.0527
.0526
.0526
.0526
.0526
.0525
.0525
.0525
.0524
.0524
.0524
.0524
.0523
.0523
.0523
.0523
.0522
.0522
.0522
.0521
.0521
.0521
.0521
.052
.052
.052
.052
.0519
.0519
.0519
.0518
.0518
.0518
.0518
.0517
.0517
.0517
.0517
.0516
.0516
.0516
.0516
.0515
.0515
.0515
.0515
.0514
.0514
.0514
.0513
.0513
.0513
.0513
.0512
.0512
.0512
.0512
.0511
.0511
.0511
.0511
.051
.051
.051
.051
.0509
.0509
.0509
.0508
.0508
.0508
.0508
.0507
.0507
.0507
.0507
.0506
.0506
.0506
.0506
.0505
.0505
.0505
.0505
.0504
.0504
.0504
.0504
.0503
.0503
.0503
.0503
.0502
.0502
.0502
.0502
.0501
.0501
.0501
.0501
.05
.05
.05
