.6198
.6166
.6134
.6102
.6071
.6039
.6008
.5977
.5946
.5916
.5886
.5856
.5826
.5797
.5769
.5741
.5713
.5686
.566
.5634
.5609
.5584
.5561
.5538
.5515
.5494
.5473
.5453
.5433
.5415
.5397
.538
.5363
.5348
.5333
.5318
.5305
.5292
.528
.5269
.5258
.5248
.5238
.5229
.522
.5212
.5205
.5198
.5191
.5185
.5179
.5173
.5168
.5164
.5159
.5155
.5151
.5147
.5144
.5141
.5138
.5135
.5132
.513
.5128
.5126
.5124
.5122
.512
.5118
.5117
.5115
.5114
.5113
.5111
.511
.5109
.5108
.5107
.5106
.5105
.5104
.5103
.5103
.5102
.5101
.51
.51
.5099
.5098
.5098
.5097
.5096
.5096
.5095
.5094
.5094
.5093
.5092
.5092
.5091
.5091
.509
.5089
.5089
.5088
.5088
.5087
.5087
.5086
.5085
.5085
.5084
.5083
.5083
.5082
.5082
.5081
.508
.508
.5079
.5079
.5078
.5077
.5077
.5076
.5075
.5075
.5074
.5073
.5073
.5072
.5071
.5071
.507
.5069
.5069
.5068
.5067
.5066
.5066
.5065
.5064
.5064
.5063
.5062
.5061
.5061
.506
.5059
.5058
.5057
.5057
.5056
.5055
.5054
.5054
.5053
.5052
.5051
.505
.5049
.5049
.5048
.5047
.5046
.5045
.5044
.5043
.5042
.5042
.5041
.504
.5039
.5038
.5037
.5036
.5035
.5034
.5033
.5032
.5031
.503
.5029
.5028
.5027
.5026
.5025
.5024
.5023
.5022
.5021
.502
.5019
.5018
.5017
.5016
.5015
.5014
.5012
.5011
.501
.5009
.5008
.5007
.5006
.5004
.5003
.5002
.5001
.5
.4998
.4997
.4996
.4995
.4993
.4992
.4991
.499
.4988
.4987
.4986
.4984
.4983
.4982
.498
.4979
.4978
.4976
.4975
.4973
.4972
.4971
.4969
.4968
.4966
.4965
.4963
.4962
.496
.4959
.4957
.4956
.4954
.4953
.4951
.495
.4948
.4946
.4945
.4943
.4942
.494
.4938
.4937
.4935
.4933
.4931
.493
.4928
.4926
.4925
.4923
.4921
.4919
.4917
.4916
.4914
.4912
.491
.4908
.4906
.4904
.4903
.4901
.4899
.4897
.4895
.4893
.4891
.4889
.4887
.4885
.4883
.4881
.4879
.4877
.4874
.4872
.487
.4868
.4866
.4864
.4862
.4859
.4857
.4855
.4853
.4851
.4848
.4846
.4844
.4841
.4839
.4837
.4834
.4832
.483
.4827
.4825
.4822
.482
.4818
.4815
.4813
.481
.4808
.4805
.4803
.48
.4797
.4795
.4792
.479
.4787
.4784
.4782
.4779
.4776
.4774
.4771
.4768
.4765
.4763
.476
.4757
.4754
.4751
.4749
.4746
.4743
.474
.4737
.4734
.4731
.4728
.4725
.4722
.4719
.4716
.4713
.471
.4707
.4704
.4701
.4698
.4695
.4692
.4689
.4685
.4682
.4679
.4676
.4673
.4669
.4666
.4663
.4659
.4656
.4653
.465
.4646
.4643
.4639
.4636
.4633
.4629
.4626
.4622
.4619
.4615
.4612
.4608
.4605
.4601
.4598
.4594
.4591
.4587
.4583
.458
.4576
.4573
.4569
.4565
.4562
.4558
.4554
.455
.4547
.4543
.4539
.4535
.4531
.4528
.4524
.452
.4516
.4512
.4508
.4504
.4501
.4497
.4493
.4489
.4485
.4481
.4477
.4473
.4469
.4465
.4461
.4457
.4453
.4449
.4445
.444
.4436
.4432
.4428
.4424
.442
.4416
.4411
.4407
.4403
.4399
.4395
.439
.4386
.4382
.4378
.4373
.4369
.4365
.4361
.4356
.4352
.4348
.4343
.4339
.4335
.433
.4326
.4321
.4317
.4313
.4308
.4304
.4299
.4295
.429
.4286
.4281
.4277
.4272
.4268
.4263
.4259
.4254
.425
.4245
.4241
.4236
.4232
.4227
.4223
.4218
.4213
.4209
.4204
.42
.4195
.419
.4186
.4181
.4176
.4172
.4167
.4162
.4158
.4153
.4148
.4144
.4139
.4134
.413
.4125
.412
.4116
.4111
.4106
.4101
.4097
.4092
.4087
.4082
.4078
.4073
.4068
.4063
.4058
.4054
.4049
.4044
.4039
.4035
.403
.4025
.402
.4015
.4011
.4006
.4001
.3996
.3991
.3986
.3982
.3977
.3972
.3967
.3962
.3957
.3953
.3948
.3943
.3938
.3933
.3928
.3923
.3919
.3914
.3909
.3904
.3899
.3894
.3889
.3884
.388
.3875
.387
.3865
.386
.3855
.385
.3845
.3841
.3836
.3831
.3826
.3821
.3816
.3811
.3806
.3801
.3797
.3792
.3787
.3782
.3777
.3772
.3767
.3762
.3757
.3753
.3748
.3743
.3738
.3733
.3728
.3723
.3718
.3714
.3709
.3704
.3699
.3694
.3689
.3684
.3679
.3675
.367
.3665
.366
.3655
.365
.3645
.3641
.3636
.3631
.3626
.3621
.3616
.3612
.3607
.3602
.3597
.3592
.3587
.3583
.3578
.3573
.3568
.3563
.3558
.3554
.3549
.3544
.3539
.3534
.353
.3525
.352
.3515
.351
.3506
.3501
.3496
.3491
.3487
.3482
.3477
.3472
.3467
.3463
.3458
.3453
.3448
.3444
.3439
.3434
.343
.3425
.342
.3415
.3411
.3406
.3401
.3396
.3392
.3387
.3382
.3378
.3373
.3368
.3364
.3359
.3354
.335
.3345
.334
.3336
.3331
.3326
.3322
.3317
.3313
.3308
.3303
.3299
.3294
.3289
.3285
.328
.3276
.3271
.3266
.3262
.3257
.3253
.3248
.3244
.3239
.3234
.323
.3225
.3221
.3216
.3212
.3207
.3203
.3198
.3194
.3189
.3185
.318
.3176
.3171
.3167
.3162
.3158
.3153
.3149
.3144
.314
.3136
.3131
.3127
.3122
.3118
.3113
.3109
.3105
.31
.3096
.3091
.3087
.3083
.3078
.3074
.307
.3065
.3061
.3057
.3052
.3048
.3044
.3039
.3035
.3031
.3026
.3022
.3018
.3013
.3009
.3005
.3001
.2996
.2992
.2988
.2984
.2979
.2975
.2971
.2967
.2962
.2958
.2954
.295
.2946
.2941
.2937
.2933
.2929
.2925
.292
.2916
.2912
.2908
.2904
.29
.2896
.2892
.2887
.2883
.2879
.2875
.2871
.2867
.2863
.2859
.2855
.2851
.2847
.2842
.2838
.2834
.283
.2826
.2822
.2818
.2814
.281
.2806
.2802
.2798
.2794
.279
.2786
.2782
.2778
.2775
.2771
.2767
.2763
.2759
.2755
.2751
.2747
.2743
.2739
.2735
.2732
.2728
.2724
.272
.2716
.2712
.2708
.2705
.2701
.2697
.2693
.2689
.2685
.2682
.2678
.2674
.267
.2666
.2663
.2659
.2655
.2651
.2648
.2644
.264
.2636
.2633
.2629
.2625
.2622
.2618
.2614
.2611
.2607
.2603
.2599
.2596
.2592
.2589
.2585
.2581
.2578
.2574
.257
.2567
.2563
.256
.2556
.2552
.2549
.2545
.2542
.2538
.2535
.2531
.2527
.2524
.252
.2517
.2513
.251
.2506
.2503
.2499
.2496
.2492
.2489
.2485
.2482
.2478
.2475
.2472
.2468
.2465
.2461
.2458
.2454
.2451
.2448
.2444
.2441
.2437
.2434
.2431
.2427
.2424
.2421
.2417
.2414
.2411
.2407
.2404
.2401
.2397
.2394
.2391
.2387
.2384
.2381
.2377
.2374
.2371
.2368
.2364
.2361
.2358
.2355
.2351
.2348
.2345
.2342
.2339
.2335
.2332
.2329
.2326
.2323
.2319
.2316
.2313
.231
.2307
.2304
.23
.2297
.2294
.2291
.2288
.2285
.2282
.2279
.2275
.2272
.2269
.2266
.2263
.226
.2257
.2254
.2251
.2248
.2245
.2242
.2239
.2236
.2233
.223
.2227
.2224
.2221
.2218
.2215
.2212
.2209
.2206
.2203
.22
.2197
.2194
.2191
.2188
.2185
.2182
.2179
.2176
.2174
.2171
.2168
.2165
.2162
.2159
.2156
.2153
.215
.2148
.2145
.2142
.2139
.2136
.2133
.2131
.2128
.2125
.2122
.2119
.2116
.2114
.2111
.2108
.2105
.2103
.21
.2097
.2094
.2091
.2089
.2086
.2083
.208
.2078
.2075
.2072
.207
.2067
.2064
.2061
.2059
.2056
.2053
.2051
.2048
.2045
.2043
.204
.2037
.2035
.2032
.2029
.2027
.2024
.2022
.2019
.2016
.2014
.2011
.2008
.2006
.2003
.2001
.1998
.1996
.1993
.199
.1988
.1985
.1983
.198
.1978
.1975
.1973
.197
.1968
.1965
.1962
.196
.1957
.1955
.1952
.195
.1947
.1945
.1942
.194
.1938
.1935
.1933
.193
.1928
.1925
.1923
.192
.1918
.1916
.1913
.1911
.1908
.1906
.1903
.1901
.1899
.1896
.1894
.1891
.1889
.1887
.1884
.1882
.188
.1877
.1875
.1873
.187
.1868
.1866
.1863
.1861
.1859
.1856
.1854
.1852
.1849
.1847
.1845
.1842
.184
.1838
.1835
.1833
.1831
.1829
.1826
.1824
.1822
.182
.1817
.1815
.1813
.1811
.1808
.1806
.1804
.1802
.18
.1797
.1795
.1793
.1791
.1789
.1786
.1784
.1782
.178
.1778
.1775
.1773
.1771
.1769
.1767
.1765
.1762
.176
.1758
.1756
.1754
.1752
.175
.1748
.1745
.1743
.1741
.1739
.1737
.1735
.1733
.1731
.1729
.1727
.1724
.1722
.172
.1718
.1716
.1714
.1712
.171
.1708
.1706
.1704
.1702
.17
.1698
.1696
.1694
.1692
.169
.1688
.1686
.1684
.1682
.168
.1678
.1676
.1674
.1672
.167
.1668
.1666
.1664
.1662
.166
.1658
.1656
.1654
.1652
.165
.1648
.1646
.1644
.1642
.164
.1639
.1637
.1635
.1633
.1631
.1629
.1627
.1625
.1623
.1621
.1619
.1618
.1616
.1614
.1612
.161
.1608
.1606
.1604
.1603
.1601
.1599
.1597
.1595
.1593
.1591
.159
.1588
.1586
.1584
.1582
.1581
.1579
.1577
.1575
.1573
.1571
.157
.1568
.1566
.1564
.1562
.1561
.1559
.1557
.1555
.1554
.1552
.155
.1548
.1547
.1545
.1543
.1541
.154
.1538
.1536
.1534
.1533
.1531
.1529
.1527
.1526
.1524
.1522
.152
.1519
.1517
.1515
.1514
.1512
.151
.1509
.1507
.1505
.1503
.1502
.15
.1498
.1497
.1495
.1493
.1492
.149
.1488
.1487
.1485
.1483
.1482
.148
.1479
.1477
.1475
.1474
.1472
.147
.1469
.1467
.1466
.1464
.1462
.1461
.1459
.1457
.1456
.1454
.1453
.1451
.1449
.1448
.1446
.1445
.1443
.1442
.144
.1438
.1437
.1435
.1434
.1432
.1431
.1429
.1427
.1426
.1424
.1423
.1421
.142
.1418
.1417
.1415
.1414
.1412
.1411
.1409
.1408
.1406
.1404
.1403
.1401
.14
.1398
.1397
.1395
.1394
.1392
.1391
.1389
.1388
.1387
.1385
.1384
.1382
.1381
.1379
.1378
.1376
.1375
.1373
.1372
.137
.1369
.1367
.1366
.1365
.1363
.1362
.136
.1359
.1357
.1356
.1354
.1353
.1352
.135
.1349
.1347
.1346
.1345
.1343
.1342
.134
.1339
.1338
.1336
.1335
.1333
.1332
.1331
.1329
.1328
.1326
.1325
.1324
.1322
.1321
.1319
.1318
.1317
.1315
.1314
.1313
.1311
.131
.1309
.1307
.1306
.1305
.1303
.1302
.1301
.1299
.1298
.1297
.1295
.1294
.1293
.1291
.129
.1289
.1287
.1286
.1285
.1283
.1282
.1281
.1279
.1278
.1277
.1275
.1274
.1273
.1272
.127
.1269
.1268
.1266
.1265
.1264
.1263
.1261
.126
.1259
.1257
.1256
.1255
.1254
.1252
.1251
.125
.1249
.1247
.1246
.1245
.1244
.1242
.1241
.124
.1239
.1237
.1236
.1235
.1234
.1233
.1231
.123
.1229
.1228
.1226
.1225
.1224
.1223
.1222
.122
.1219
.1218
.1217
.1215
.1214
.1213
.1212
.1211
.121
.1208
.1207
.1206
.1205
.1204
.1202
.1201
.12
.1199
.1198
.1197
.1195
.1194
.1193
.1192
.1191
.119
.1188
.1187
.1186
.1185
.1184
.1183
.1181
.118
.1179
.1178
.1177
.1176
.1175
.1173
.1172
.1171
.117
.1169
.1168
.1167
.1166
.1164
.1163
.1162
.1161
.116
.1159
.1158
.1157
.1156
.1154
.1153
.1152
.1151
.115
.1149
.1148
.1147
.1146
.1145
.1143
.1142
.1141
.114
.1139
.1138
.1137
.1136
.1135
.1134
.1133
.1132
.1131
.1129
.1128
.1127
.1126
.1125
.1124
.1123
.1122
.1121
.112
.1119
.1118
.1117
.1116
.1115
.1114
.1113
.1112
.1111
.1109
.1108
.1107
.1106
.1105
.1104
.1103
.1102
.1101
.11
.1099
.1098
.1097
.1096
.1095
.1094
.1093
.1092
.1091
.109
.1089
.1088
.1087
.1086
.1085
.1084
.1083
.1082
.1081
.108
.1079
.1078
.1077
.1076
.1075
.1074
.1073
.1072
.1071
.107
.1069
.1068
.1067
.1066
.1065
.1064
.1063
.1062
.1062
.1061
.106
.1059
.1058
.1057
.1056
.1055
.1054
.1053
.1052
.1051
.105
.1049
.1048
.1047
.1046
.1045
.1044
.1043
.1043
.1042
.1041
.104
.1039
.1038
.1037
.1036
.1035
.1034
.1033
.1032
.1031
.103
.103
.1029
.1028
.1027
.1026
.1025
.1024
.1023
.1022
.1021
.102
.102
.1019
.1018
.1017
.1016
.1015
.1014
.1013
.1012
.1012
.1011
.101
.1009
.1008
.1007
.1006
.1005
.1004
.1004
.1003
.1002
.1001
.1
.0999
.0998
.0997
.0997
.0996
.0995
.0994
.0993
.0992
.0991
.0991
.099
.0989
.0988
.0987
.0986
.0985
.0985
.0984
.0983
.0982
.0981
.098
.0979
.0979
.0978
.0977
.0976
.0975
.0974
.0974
.0973
.0972
.0971
.097
.0969
.0969
.0968
.0967
.0966
.0965
.0964
.0964
.0963
.0962
.0961
.096
.096
.0959
.0958
.0957
.0956
.0955
.0955
.0954
.0953
.0952
.0951
.0951
.095
.0949
.0948
.0947
.0947
.0946
.0945
.0944
.0943
.0943
.0942
.0941
.094
.094
.0939
.0938
.0937
.0936
.0936
.0935
.0934
.0933
.0932
.0932
.0931
.093
.0929
.0929
.0928
.0927
.0926
.0926
.0925
.0924
.0923
.0922
.0922
.0921
.092
.0919
.0919
.0918
.0917
.0916
.0916
.0915
.0914
.0913
.0913
.0912
.0911
.091
.091
.0909
.0908
.0907
.0907
.0906
.0905
.0904
.0904
.0903
.0902
.0901
.0901
.09
.0899
.0899
.0898
.0897
.0896
.0896
.0895
.0894
.0893
.0893
.0892
.0891
.0891
.089
.0889
.0888
.0888
.0887
.0886
.0886
.0885
.0884
.0883
.0883
.0882
.0881
.0881
.088
.0879
.0878
.0878
.0877
.0876
.0876
.0875
.0874
.0874
.0873
.0872
.0871
.0871
.087
.0869
.0869
.0868
.0867
.0867
.0866
.0865
.0865
.0864
.0863
.0863
.0862
.0861
.086
.086
.0859
.0858
.0858
.0857
.0856
.0856
.0855
.0854
.0854
.0853
.0852
.0852
.0851
.085
.085
.0849
.0848
.0848
.0847
.0846
.0846
.0845
.0844
.0844
.0843
.0842
.0842
.0841
.084
.084
.0839
.0839
.0838
.0837
.0837
.0836
.0835
.0835
.0834
.0833
.0833
.0832
.0831
.0831
.083
.083
.0829
.0828
.0828
.0827
.0826
.0826
.0825
.0824
.0824
.0823
.0823
.0822
.0821
.0821
.082
.0819
.0819
.0818
.0818
.0817
.0816
.0816
.0815
.0814
.0814
.0813
.0813
.0812
.0811
.0811
.081
.0809
.0809
.0808
.0808
.0807
.0806
.0806
.0805
.0805
.0804
.0803
.0803
.0802
.0802
.0801
.08
.08
.0799
.0799
.0798
.0797
.0797
.0796
.0796
.0795
.0794
.0794
.0793
.0793
.0792
.0791
.0791
.079
.079
.0789
.0788
.0788
.0787
.0787
.0786
.0786
.0785
.0784
.0784
.0783
.0783
.0782
.0781
.0781
.078
.078
.0779
.0779
.0778
.0777
.0777
.0776
.0776
.0775
.0775
.0774
.0773
.0773
.0772
.0772
.0771
.0771
.077
.0769
.0769
.0768
.0768
.0767
.0767
.0766
.0766
.0765
.0764
.0764
.0763
.0763
.0762
.0762
.0761
.0761
.076
.0759
.0759
.0758
.0758
.0757
.0757
.0756
.0756
.0755
.0755
.0754
.0753
.0753
.0752
.0752
.0751
.0751
.075
.075
.0749
.0749
.0748
.0747
.0747
.0746
.0746
.0745
.0745
.0744
.0744
.0743
.0743
.0742
.0742
.0741
.0741
.074
.074
.0739
.0738
.0738
.0737
.0737
.0736
.0736
.0735
.0735
.0734
.0734
.0733
.0733
.0732
.0732
.0731
.0731
.073
.073
.0729
.0729
.0728
.0728
.0727
.0727
.0726
.0726
.0725
.0724
.0724
.0723
.0723
.0722
.0722
.0721
.0721
.072
.072
.0719
.0719
.0718
.0718
.0717
.0717
.0716
.0716
.0715
.0715
.0714
.0714
.0713
.0713
.0712
.0712
.0711
.0711
.071
.071
.0709
.0709
.0709
.0708
.0708
.0707
.0707
.0706
.0706
.0705
.0705
.0704
.0704
.0703
.0703
.0702
.0702
.0701
.0701
.07
.07
.0699
.0699
.0698
.0698
.0697
.0697
.0696
.0696
.0695
.0695
.0695
.0694
.0694
.0693
.0693
.0692
.0692
.0691
.0691
.069
.069
.0689
.0689
.0688
.0688
.0687
.0687
.0687
.0686
.0686
.0685
.0685
.0684
.0684
.0683
.0683
.0682
.0682
.0681
.0681
.0681
.068
.068
.0679
.0679
.0678
.0678
.0677
.0677
.0676
.0676
.0676
.0675
.0675
.0674
.0674
.0673
.0673
.0672
.0672
.0671
.0671
.0671
.067
.067
.0669
.0669
.0668
.0668
.0667
.0667
.0667
.0666
.0666
.0665
.0665
.0664
.0664
.0664
.0663
.0663
.0662
.0662
.0661
.0661
.066
.066
.066
.0659
.0659
.0658
.0658
.0657
.0657
.0657
.0656
.0656
.0655
.0655
.0654
.0654
.0654
.0653
.0653
.0652
.0652
.0651
.0651
.0651
.065
.065
.0649
.0649
.0648
.0648
.0648
.0647
.0647
.0646
.0646
.0646
.0645
.0645
.0644
.0644
.0643
.0643
.0643
.0642
.0642
.0641
.0641
.0641
.064
.064
.0639
.0639
.0638
.0638
.0638
.0637
.0637
.0636
.0636
.0636
.0635
.0635
.0634
.0634
.0634
.0633
.0633
.0632
.0632
.0632
.0631
.0631
.063
.063
.063
.0629
.0629
.0628
.0628
.0628
.0627
.0627
.0626
.0626
.0626
.0625
.0625
.0624
.0624
.0624
.0623
.0623
.0622
.0622
.0622
.0621
.0621
.062
.062
.062
.0619
.0619
.0618
.0618
.0618
.0617
.0617
.0616
.0616
.0616
.0615
.0615
.0615
.0614
.0614
.0613
.0613
.0613
.0612
.0612
.0611
.0611
.0611
.061
.061
.061
.0609
.0609
.0608
.0608
.0608
.0607
.0607
.0607
.0606
.0606
.0605
.0605
.0605
.0604
.0604
.0604
.0603
.0603
.0602
.0602
.0602
.0601
.0601
.0601
.06
.06
.0599
.0599
.0599
.0598
.0598
.0598
.0597
.0597
.0596
.0596
.0596
.0595
.0595
.0595
.0594
.0594
.0594
.0593
.0593
.0592
.0592
.0592
.0591
.0591
.0591
.059
.059
.059
.0589
.0589
.0589
.0588
.0588
.0587
.0587
.0587
.0586
.0586
.0586
.0585
.0585
.0585
.0584
.0584
.0584
.0583
.0583
.0582
.0582
.0582
.0581
.0581
.0581
.058
.058
.058
.0579
.0579
.0579
.0578
.0578
.0578
.0577
.0577
.0577
.0576
.0576
.0576
.0575
.0575
.0574
.0574
.0574
.0573
.0573
.0573
.0572
.0572
.0572
.0571
.0571
.0571
.057
.057
.057
.0569
.0569
.0569
.0568
.0568
.0568
.0567
.0567
.0567
.0566
.0566
.0566
.0565
.0565
.0565
.0564
.0564
.0564
.0563
.0563
.0563
.0562
.0562
.0562
.0561
.0561
.0561
.056
.056
.056
.0559
.0559
.0559
.0558
.0558
.0558
.0557
.0557
.0557
.0556
.0556
.0556
.0555
.0555
.0555
.0554
.0554
.0554
.0553
.0553
.0553
.0552
.0552
.0552
.0552
.0551
.0551
.0551
.055
.055
.055
.0549
.0549
.0549
.0548
.0548
.0548
.0547
.0547
.0547
.0546
.0546
.0546
.0545
.0545
.0545
.0545
.0544
.0544
.0544
.0543
.0543
.0543
.0542
.0542
.0542
.0541
.0541
.0541
.054
.054
.054
.054
.0539
.0539
.0539
.0538
.0538
.0538
.0537
.0537
.0537
.0536
.0536
.0536
.0536
.0535
.0535
.0535
.0534
.0534
.0534
.0533
.0533
.0533
.0532
.0532
.0532
.0532
.0531
.0531
.0531
.053
.053
.053
.0529
.0529
.0529
.0529
.0528
.0528
.0528
.0527
.0527
.0527
.0526
.0526
.0526
.0526
.0525
.0525
.0525
.0524
.0524
.0524
.0523
.0523
.0523
.0523
.0522
.0522
.0522
.0521
.0521
.0521
.0521
.052
.052
.052
.0519
.0519
.0519
.0519
.0518
.0518
.0518
.0517
.0517
.0517
.0516
.0516
.0516
.0516
.0515
.0515
.0515
.0514
.0514
.0514
.0514
.0513
.0513
.0513
.0512
.0512
.0512
.0512
.0511
.0511
.0511
.051
.051
.051
.051
.0509
.0509
.0509
.0509
.0508
.0508
.0508
.0507
.0507
.0507
.0507
.0506
.0506
.0506
.0505
.0505
.0505
.0505
.0504
.0504
.0504
.0504
.0503
.0503
.0503
.0502
.0502
.0502
.0502
.0501
.0501
.0501
.05
.05
.05
