.5546
.5537
.5527
.5518
.5509
.55
.5491
.5483
.5475
.5467
.5459
.5451
.5444
.5437
.543
.5423
.5417
.5411
.5405
.5399
.5394
.5388
.5383
.5378
.5373
.5369
.5364
.536
.5356
.5352
.5348
.5344
.5341
.5338
.5335
.5332
.5329
.5326
.5323
.5321
.5318
.5316
.5314
.5312
.531
.5308
.5306
.5304
.5302
.5301
.5299
.5298
.5296
.5295
.5294
.5293
.5291
.529
.5289
.5288
.5287
.5286
.5285
.5285
.5284
.5283
.5282
.5281
.5281
.528
.5279
.5279
.5278
.5277
.5277
.5276
.5275
.5275
.5274
.5274
.5273
.5273
.5272
.5272
.5271
.5271
.527
.527
.5269
.5269
.5268
.5268
.5267
.5267
.5267
.5266
.5266
.5265
.5265
.5264
.5264
.5263
.5263
.5263
.5262
.5262
.5261
.5261
.526
.526
.5259
.5259
.5259
.5258
.5258
.5257
.5257
.5256
.5256
.5255
.5255
.5254
.5254
.5253
.5253
.5252
.5252
.5252
.5251
.5251
.525
.525
.5249
.5249
.5248
.5248
.5247
.5246
.5246
.5245
.5245
.5244
.5244
.5243
.5243
.5242
.5242
.5241
.5241
.524
.5239
.5239
.5238
.5238
.5237
.5237
.5236
.5235
.5235
.5234
.5234
.5233
.5232
.5232
.5231
.5231
.523
.5229
.5229
.5228
.5227
.5227
.5226
.5225
.5225
.5224
.5223
.5223
.5222
.5221
.5221
.522
.5219
.5219
.5218
.5217
.5216
.5216
.5215
.5214
.5213
.5213
.5212
.5211
.521
.521
.5209
.5208
.5207
.5207
.5206
.5205
.5204
.5203
.5202
.5202
.5201
.52
.5199
.5198
.5197
.5197
.5196
.5195
.5194
.5193
.5192
.5191
.519
.5189
.5189
.5188
.5187
.5186
.5185
.5184
.5183
.5182
.5181
.518
.5179
.5178
.5177
.5176
.5175
.5174
.5173
.5172
.5171
.517
.5169
.5168
.5167
.5166
.5164
.5163
.5162
.5161
.516
.5159
.5158
.5157
.5155
.5154
.5153
.5152
.5151
.515
.5148
.5147
.5146
.5145
.5143
.5142
.5141
.514
.5138
.5137
.5136
.5135
.5133
.5132
.5131
.5129
.5128
.5127
.5125
.5124
.5123
.5121
.512
.5118
.5117
.5115
.5114
.5113
.5111
.511
.5108
.5107
.5105
.5104
.5102
.5101
.5099
.5098
.5096
.5094
.5093
.5091
.509
.5088
.5086
.5085
.5083
.5082
.508
.5078
.5077
.5075
.5073
.5071
.507
.5068
.5066
.5064
.5063
.5061
.5059
.5057
.5055
.5054
.5052
.505
.5048
.5046
.5044
.5042
.504
.5039
.5037
.5035
.5033
.5031
.5029
.5027
.5025
.5023
.5021
.5019
.5017
.5014
.5012
.501
.5008
.5006
.5004
.5002
.5
.4997
.4995
.4993
.4991
.4989
.4986
.4984
.4982
.498
.4977
.4975
.4973
.497
.4968
.4966
.4963
.4961
.4959
.4956
.4954
.4951
.4949
.4947
.4944
.4942
.4939
.4937
.4934
.4932
.4929
.4926
.4924
.4921
.4919
.4916
.4914
.4911
.4908
.4906
.4903
.49
.4898
.4895
.4892
.4889
.4887
.4884
.4881
.4878
.4876
.4873
.487
.4867
.4864
.4861
.4858
.4856
.4853
.485
.4847
.4844
.4841
.4838
.4835
.4832
.4829
.4826
.4823
.482
.4817
.4814
.4811
.4808
.4804
.4801
.4798
.4795
.4792
.4789
.4786
.4782
.4779
.4776
.4773
.4769
.4766
.4763
.476
.4756
.4753
.475
.4746
.4743
.474
.4736
.4733
.473
.4726
.4723
.4719
.4716
.4712
.4709
.4706
.4702
.4699
.4695
.4692
.4688
.4684
.4681
.4677
.4674
.467
.4667
.4663
.4659
.4656
.4652
.4648
.4645
.4641
.4637
.4634
.463
.4626
.4623
.4619
.4615
.4611
.4608
.4604
.46
.4596
.4592
.4588
.4585
.4581
.4577
.4573
.4569
.4565
.4561
.4558
.4554
.455
.4546
.4542
.4538
.4534
.453
.4526
.4522
.4518
.4514
.451
.4506
.4502
.4498
.4494
.449
.4486
.4481
.4477
.4473
.4469
.4465
.4461
.4457
.4453
.4448
.4444
.444
.4436
.4432
.4427
.4423
.4419
.4415
.4411
.4406
.4402
.4398
.4394
.4389
.4385
.4381
.4376
.4372
.4368
.4363
.4359
.4355
.435
.4346
.4342
.4337
.4333
.4329
.4324
.432
.4315
.4311
.4306
.4302
.4298
.4293
.4289
.4284
.428
.4275
.4271
.4266
.4262
.4257
.4253
.4248
.4244
.4239
.4235
.423
.4226
.4221
.4217
.4212
.4207
.4203
.4198
.4194
.4189
.4184
.418
.4175
.4171
.4166
.4161
.4157
.4152
.4147
.4143
.4138
.4133
.4129
.4124
.4119
.4115
.411
.4105
.4101
.4096
.4091
.4086
.4082
.4077
.4072
.4067
.4063
.4058
.4053
.4048
.4044
.4039
.4034
.4029
.4024
.402
.4015
.401
.4005
.4
.3996
.3991
.3986
.3981
.3976
.3972
.3967
.3962
.3957
.3952
.3947
.3942
.3938
.3933
.3928
.3923
.3918
.3913
.3908
.3903
.3899
.3894
.3889
.3884
.3879
.3874
.3869
.3864
.3859
.3854
.3849
.3845
.384
.3835
.383
.3825
.382
.3815
.381
.3805
.38
.3795
.379
.3785
.378
.3775
.377
.3765
.376
.3755
.375
.3745
.3741
.3736
.3731
.3726
.3721
.3716
.3711
.3706
.3701
.3696
.3691
.3686
.3681
.3676
.3671
.3666
.3661
.3656
.3651
.3646
.3641
.3636
.3631
.3626
.3621
.3616
.3611
.3606
.3601
.3596
.3591
.3586
.3581
.3576
.3571
.3566
.3561
.3556
.3551
.3546
.3541
.3536
.3531
.3526
.3521
.3516
.3511
.3506
.3501
.3496
.3491
.3486
.3481
.3476
.3471
.3466
.3461
.3456
.3451
.3446
.3441
.3436
.3431
.3426
.3421
.3416
.3411
.3406
.3401
.3396
.3391
.3386
.3381
.3376
.3371
.3366
.3361
.3356
.3351
.3346
.3342
.3337
.3332
.3327
.3322
.3317
.3312
.3307
.3302
.3297
.3292
.3287
.3282
.3278
.3273
.3268
.3263
.3258
.3253
.3248
.3243
.3238
.3234
.3229
.3224
.3219
.3214
.3209
.3204
.32
.3195
.319
.3185
.318
.3175
.3171
.3166
.3161
.3156
.3151
.3147
.3142
.3137
.3132
.3127
.3123
.3118
.3113
.3108
.3104
.3099
.3094
.3089
.3085
.308
.3075
.307
.3066
.3061
.3056
.3052
.3047
.3042
.3038
.3033
.3028
.3024
.3019
.3014
.301
.3005
.3
.2996
.2991
.2986
.2982
.2977
.2973
.2968
.2963
.2959
.2954
.295
.2945
.294
.2936
.2931
.2927
.2922
.2918
.2913
.2909
.2904
.29
.2895
.2891
.2886
.2882
.2877
.2873
.2868
.2864
.2859
.2855
.2851
.2846
.2842
.2837
.2833
.2828
.2824
.282
.2815
.2811
.2807
.2802
.2798
.2793
.2789
.2785
.278
.2776
.2772
.2768
.2763
.2759
.2755
.275
.2746
.2742
.2738
.2733
.2729
.2725
.2721
.2716
.2712
.2708
.2704
.27
.2695
.2691
.2687
.2683
.2679
.2674
.267
.2666
.2662
.2658
.2654
.265
.2646
.2642
.2637
.2633
.2629
.2625
.2621
.2617
.2613
.2609
.2605
.2601
.2597
.2593
.2589
.2585
.2581
.2577
.2573
.2569
.2565
.2561
.2557
.2553
.2549
.2545
.2541
.2537
.2534
.253
.2526
.2522
.2518
.2514
.251
.2506
.2503
.2499
.2495
.2491
.2487
.2483
.248
.2476
.2472
.2468
.2465
.2461
.2457
.2453
.2449
.2446
.2442
.2438
.2435
.2431
.2427
.2423
.242
.2416
.2412
.2409
.2405
.2401
.2398
.2394
.239
.2387
.2383
.238
.2376
.2372
.2369
.2365
.2362
.2358
.2355
.2351
.2347
.2344
.234
.2337
.2333
.233
.2326
.2323
.2319
.2316
.2312
.2309
.2305
.2302
.2298
.2295
.2292
.2288
.2285
.2281
.2278
.2274
.2271
.2268
.2264
.2261
.2257
.2254
.2251
.2247
.2244
.2241
.2237
.2234
.2231
.2227
.2224
.2221
.2218
.2214
.2211
.2208
.2204
.2201
.2198
.2195
.2191
.2188
.2185
.2182
.2179
.2175
.2172
.2169
.2166
.2163
.2159
.2156
.2153
.215
.2147
.2144
.214
.2137
.2134
.2131
.2128
.2125
.2122
.2119
.2116
.2112
.2109
.2106
.2103
.21
.2097
.2094
.2091
.2088
.2085
.2082
.2079
.2076
.2073
.207
.2067
.2064
.2061
.2058
.2055
.2052
.2049
.2046
.2043
.204
.2037
.2034
.2032
.2029
.2026
.2023
.202
.2017
.2014
.2011
.2008
.2006
.2003
.2
.1997
.1994
.1991
.1988
.1986
.1983
.198
.1977
.1974
.1972
.1969
.1966
.1963
.196
.1958
.1955
.1952
.1949
.1947
.1944
.1941
.1938
.1936
.1933
.193
.1928
.1925
.1922
.1919
.1917
.1914
.1911
.1909
.1906
.1903
.1901
.1898
.1895
.1893
.189
.1888
.1885
.1882
.188
.1877
.1875
.1872
.1869
.1867
.1864
.1862
.1859
.1856
.1854
.1851
.1849
.1846
.1844
.1841
.1839
.1836
.1834
.1831
.1829
.1826
.1824
.1821
.1819
.1816
.1814
.1811
.1809
.1806
.1804
.1801
.1799
.1796
.1794
.1792
.1789
.1787
.1784
.1782
.178
.1777
.1775
.1772
.177
.1768
.1765
.1763
.176
.1758
.1756
.1753
.1751
.1749
.1746
.1744
.1742
.1739
.1737
.1735
.1732
.173
.1728
.1725
.1723
.1721
.1719
.1716
.1714
.1712
.1709
.1707
.1705
.1703
.17
.1698
.1696
.1694
.1691
.1689
.1687
.1685
.1683
.168
.1678
.1676
.1674
.1672
.1669
.1667
.1665
.1663
.1661
.1659
.1656
.1654
.1652
.165
.1648
.1646
.1644
.1641
.1639
.1637
.1635
.1633
.1631
.1629
.1627
.1624
.1622
.162
.1618
.1616
.1614
.1612
.161
.1608
.1606
.1604
.1602
.16
.1598
.1596
.1594
.1591
.1589
.1587
.1585
.1583
.1581
.1579
.1577
.1575
.1573
.1571
.1569
.1567
.1565
.1563
.1561
.1559
.1558
.1556
.1554
.1552
.155
.1548
.1546
.1544
.1542
.154
.1538
.1536
.1534
.1532
.153
.1528
.1527
.1525
.1523
.1521
.1519
.1517
.1515
.1513
.1511
.151
.1508
.1506
.1504
.1502
.15
.1498
.1497
.1495
.1493
.1491
.1489
.1487
.1486
.1484
.1482
.148
.1478
.1477
.1475
.1473
.1471
.1469
.1468
.1466
.1464
.1462
.146
.1459
.1457
.1455
.1453
.1452
.145
.1448
.1446
.1445
.1443
.1441
.1439
.1438
.1436
.1434
.1432
.1431
.1429
.1427
.1426
.1424
.1422
.142
.1419
.1417
.1415
.1414
.1412
.141
.1409
.1407
.1405
.1404
.1402
.14
.1399
.1397
.1395
.1394
.1392
.139
.1389
.1387
.1385
.1384
.1382
.1381
.1379
.1377
.1376
.1374
.1372
.1371
.1369
.1368
.1366
.1364
.1363
.1361
.136
.1358
.1357
.1355
.1353
.1352
.135
.1349
.1347
.1346
.1344
.1342
.1341
.1339
.1338
.1336
.1335
.1333
.1332
.133
.1329
.1327
.1326
.1324
.1323
.1321
.1319
.1318
.1316
.1315
.1313
.1312
.131
.1309
.1308
.1306
.1305
.1303
.1302
.13
.1299
.1297
.1296
.1294
.1293
.1291
.129
.1288
.1287
.1285
.1284
.1283
.1281
.128
.1278
.1277
.1275
.1274
.1273
.1271
.127
.1268
.1267
.1265
.1264
.1263
.1261
.126
.1258
.1257
.1256
.1254
.1253
.1252
.125
.1249
.1247
.1246
.1245
.1243
.1242
.1241
.1239
.1238
.1236
.1235
.1234
.1232
.1231
.123
.1228
.1227
.1226
.1224
.1223
.1222
.122
.1219
.1218
.1216
.1215
.1214
.1212
.1211
.121
.1208
.1207
.1206
.1205
.1203
.1202
.1201
.1199
.1198
.1197
.1195
.1194
.1193
.1192
.119
.1189
.1188
.1187
.1185
.1184
.1183
.1181
.118
.1179
.1178
.1176
.1175
.1174
.1173
.1171
.117
.1169
.1168
.1166
.1165
.1164
.1163
.1162
.116
.1159
.1158
.1157
.1155
.1154
.1153
.1152
.1151
.1149
.1148
.1147
.1146
.1145
.1143
.1142
.1141
.114
.1139
.1137
.1136
.1135
.1134
.1133
.1132
.113
.1129
.1128
.1127
.1126
.1125
.1123
.1122
.1121
.112
.1119
.1118
.1116
.1115
.1114
.1113
.1112
.1111
.111
.1108
.1107
.1106
.1105
.1104
.1103
.1102
.1101
.1099
.1098
.1097
.1096
.1095
.1094
.1093
.1092
.1091
.1089
.1088
.1087
.1086
.1085
.1084
.1083
.1082
.1081
.108
.1079
.1077
.1076
.1075
.1074
.1073
.1072
.1071
.107
.1069
.1068
.1067
.1066
.1065
.1064
.1062
.1061
.106
.1059
.1058
.1057
.1056
.1055
.1054
.1053
.1052
.1051
.105
.1049
.1048
.1047
.1046
.1045
.1044
.1043
.1042
.1041
.104
.1039
.1038
.1037
.1036
.1035
.1034
.1033
.1032
.1031
.103
.1029
.1028
.1027
.1026
.1025
.1024
.1023
.1022
.1021
.102
.1019
.1018
.1017
.1016
.1015
.1014
.1013
.1012
.1011
.101
.1009
.1008
.1007
.1006
.1005
.1004
.1003
.1002
.1001
.1
.0999
.0998
.0997
.0996
.0995
.0995
.0994
.0993
.0992
.0991
.099
.0989
.0988
.0987
.0986
.0985
.0984
.0983
.0982
.0981
.098
.098
.0979
.0978
.0977
.0976
.0975
.0974
.0973
.0972
.0971
.097
.097
.0969
.0968
.0967
.0966
.0965
.0964
.0963
.0962
.0961
.0961
.096
.0959
.0958
.0957
.0956
.0955
.0954
.0953
.0953
.0952
.0951
.095
.0949
.0948
.0947
.0946
.0946
.0945
.0944
.0943
.0942
.0941
.094
.094
.0939
.0938
.0937
.0936
.0935
.0934
.0934
.0933
.0932
.0931
.093
.0929
.0928
.0928
.0927
.0926
.0925
.0924
.0923
.0923
.0922
.0921
.092
.0919
.0918
.0918
.0917
.0916
.0915
.0914
.0914
.0913
.0912
.0911
.091
.0909
.0909
.0908
.0907
.0906
.0905
.0905
.0904
.0903
.0902
.0901
.0901
.09
.0899
.0898
.0897
.0897
.0896
.0895
.0894
.0893
.0893
.0892
.0891
.089
.089
.0889
.0888
.0887
.0886
.0886
.0885
.0884
.0883
.0883
.0882
.0881
.088
.088
.0879
.0878
.0877
.0876
.0876
.0875
.0874
.0873
.0873
.0872
.0871
.087
.087
.0869
.0868
.0867
.0867
.0866
.0865
.0864
.0864
.0863
.0862
.0861
.0861
.086
.0859
.0858
.0858
.0857
.0856
.0856
.0855
.0854
.0853
.0853
.0852
.0851
.085
.085
.0849
.0848
.0848
.0847
.0846
.0845
.0845
.0844
.0843
.0843
.0842
.0841
.084
.084
.0839
.0838
.0838
.0837
.0836
.0835
.0835
.0834
.0833
.0833
.0832
.0831
.0831
.083
.0829
.0829
.0828
.0827
.0826
.0826
.0825
.0824
.0824
.0823
.0822
.0822
.0821
.082
.082
.0819
.0818
.0818
.0817
.0816
.0816
.0815
.0814
.0814
.0813
.0812
.0812
.0811
.081
.081
.0809
.0808
.0808
.0807
.0806
.0806
.0805
.0804
.0804
.0803
.0802
.0802
.0801
.08
.08
.0799
.0798
.0798
.0797
.0796
.0796
.0795
.0795
.0794
.0793
.0793
.0792
.0791
.0791
.079
.0789
.0789
.0788
.0787
.0787
.0786
.0786
.0785
.0784
.0784
.0783
.0782
.0782
.0781
.0781
.078
.0779
.0779
.0778
.0777
.0777
.0776
.0776
.0775
.0774
.0774
.0773
.0773
.0772
.0771
.0771
.077
.0769
.0769
.0768
.0768
.0767
.0766
.0766
.0765
.0765
.0764
.0763
.0763
.0762
.0762
.0761
.076
.076
.0759
.0759
.0758
.0757
.0757
.0756
.0756
.0755
.0755
.0754
.0753
.0753
.0752
.0752
.0751
.075
.075
.0749
.0749
.0748
.0748
.0747
.0746
.0746
.0745
.0745
.0744
.0744
.0743
.0742
.0742
.0741
.0741
.074
.074
.0739
.0738
.0738
.0737
.0737
.0736
.0736
.0735
.0734
.0734
.0733
.0733
.0732
.0732
.0731
.0731
.073
.0729
.0729
.0728
.0728
.0727
.0727
.0726
.0726
.0725
.0724
.0724
.0723
.0723
.0722
.0722
.0721
.0721
.072
.072
.0719
.0718
.0718
.0717
.0717
.0716
.0716
.0715
.0715
.0714
.0714
.0713
.0713
.0712
.0712
.0711
.071
.071
.0709
.0709
.0708
.0708
.0707
.0707
.0706
.0706
.0705
.0705
.0704
.0704
.0703
.0703
.0702
.0702
.0701
.0701
.07
.07
.0699
.0699
.0698
.0697
.0697
.0696
.0696
.0695
.0695
.0694
.0694
.0693
.0693
.0692
.0692
.0691
.0691
.069
.069
.0689
.0689
.0688
.0688
.0687
.0687
.0686
.0686
.0685
.0685
.0684
.0684
.0683
.0683
.0682
.0682
.0681
.0681
.068
.068
.0679
.0679
.0678
.0678
.0678
.0677
.0677
.0676
.0676
.0675
.0675
.0674
.0674
.0673
.0673
.0672
.0672
.0671
.0671
.067
.067
.0669
.0669
.0668
.0668
.0667
.0667
.0666
.0666
.0666
.0665
.0665
.0664
.0664
.0663
.0663
.0662
.0662
.0661
.0661
.066
.066
.0659
.0659
.0659
.0658
.0658
.0657
.0657
.0656
.0656
.0655
.0655
.0654
.0654
.0653
.0653
.0653
.0652
.0652
.0651
.0651
.065
.065
.0649
.0649
.0649
.0648
.0648
.0647
.0647
.0646
.0646
.0645
.0645
.0644
.0644
.0644
.0643
.0643
.0642
.0642
.0641
.0641
.064
.064
.064
.0639
.0639
.0638
.0638
.0637
.0637
.0637
.0636
.0636
.0635
.0635
.0634
.0634
.0634
.0633
.0633
.0632
.0632
.0631
.0631
.0631
.063
.063
.0629
.0629
.0628
.0628
.0628
.0627
.0627
.0626
.0626
.0625
.0625
.0625
.0624
.0624
.0623
.0623
.0622
.0622
.0622
.0621
.0621
.062
.062
.062
.0619
.0619
.0618
.0618
.0617
.0617
.0617
.0616
.0616
.0615
.0615
.0615
.0614
.0614
.0613
.0613
.0613
.0612
.0612
.0611
.0611
.0611
.061
.061
.0609
.0609
.0609
.0608
.0608
.0607
.0607
.0607
.0606
.0606
.0605
.0605
.0605
.0604
.0604
.0603
.0603
.0603
.0602
.0602
.0601
.0601
.0601
.06
.06
.0599
.0599
.0599
.0598
.0598
.0597
.0597
.0597
.0596
.0596
.0596
.0595
.0595
.0594
.0594
.0594
.0593
.0593
.0592
.0592
.0592
.0591
.0591
.0591
.059
.059
.0589
.0589
.0589
.0588
.0588
.0587
.0587
.0587
.0586
.0586
.0586
.0585
.0585
.0584
.0584
.0584
.0583
.0583
.0583
.0582
.0582
.0582
.0581
.0581
.058
.058
.058
.0579
.0579
.0579
.0578
.0578
.0577
.0577
.0577
.0576
.0576
.0576
.0575
.0575
.0575
.0574
.0574
.0573
.0573
.0573
.0572
.0572
.0572
.0571
.0571
.0571
.057
.057
.057
.0569
.0569
.0568
.0568
.0568
.0567
.0567
.0567
.0566
.0566
.0566
.0565
.0565
.0565
.0564
.0564
.0563
.0563
.0563
.0562
.0562
.0562
.0561
.0561
.0561
.056
.056
.056
.0559
.0559
.0559
.0558
.0558
.0558
.0557
.0557
.0557
.0556
.0556
.0556
.0555
.0555
.0555
.0554
.0554
.0553
.0553
.0553
.0552
.0552
.0552
.0551
.0551
.0551
.055
.055
.055
.0549
.0549
.0549
.0548
.0548
.0548
.0547
.0547
.0547
.0546
.0546
.0546
.0545
.0545
.0545
.0544
.0544
.0544
.0543
.0543
.0543
.0543
.0542
.0542
.0542
.0541
.0541
.0541
.054
.054
.054
.0539
.0539
.0539
.0538
.0538
.0538
.0537
.0537
.0537
.0536
.0536
.0536
.0535
.0535
.0535
.0534
.0534
.0534
.0533
.0533
.0533
.0533
.0532
.0532
.0532
.0531
.0531
.0531
.053
.053
.053
.0529
.0529
.0529
.0528
.0528
.0528
.0528
.0527
.0527
.0527
.0526
.0526
.0526
.0525
.0525
.0525
.0524
.0524
.0524
.0524
.0523
.0523
.0523
.0522
.0522
.0522
.0521
.0521
.0521
.052
.052
.052
.052
.0519
.0519
.0519
.0518
.0518
.0518
.0517
.0517
.0517
.0517
.0516
.0516
.0516
.0515
.0515
.0515
.0514
.0514
.0514
.0514
.0513
.0513
.0513
.0512
.0512
.0512
.0511
.0511
.0511
.0511
.051
.051
.051
.0509
.0509
.0509
.0509
.0508
.0508
.0508
.0507
.0507
.0507
.0507
.0506
.0506
.0506
.0505
.0505
.0505
.0505
.0504
.0504
.0504
.0503
.0503
.0503
.0503
.0502
.0502
.0502
.0501
.0501
.0501
.0501
.05
.05
