.6487
.6452
.6417
.6381
.6345
.631
.6273
.6237
.6201
.6165
.6128
.6092
.6056
.6021
.5985
.595
.5915
.588
.5846
.5813
.578
.5748
.5716
.5685
.5655
.5626
.5598
.557
.5544
.5518
.5494
.547
.5448
.5426
.5406
.5386
.5368
.535
.5334
.5318
.5304
.529
.5277
.5265
.5253
.5243
.5233
.5224
.5216
.5208
.52
.5194
.5187
.5182
.5176
.5171
.5167
.5163
.5159
.5155
.5152
.5149
.5147
.5144
.5142
.514
.5138
.5136
.5134
.5133
.5132
.513
.5129
.5128
.5127
.5126
.5126
.5125
.5124
.5123
.5123
.5122
.5122
.5121
.5121
.512
.512
.512
.5119
.5119
.5119
.5118
.5118
.5118
.5118
.5117
.5117
.5117
.5117
.5117
.5116
.5116
.5116
.5116
.5116
.5115
.5115
.5115
.5115
.5115
.5115
.5114
.5114
.5114
.5114
.5114
.5114
.5113
.5113
.5113
.5113
.5113
.5113
.5113
.5112
.5112
.5112
.5112
.5112
.5112
.5111
.5111
.5111
.5111
.5111
.5111
.511
.511
.511
.511
.511
.511
.5109
.5109
.5109
.5109
.5109
.5109
.5108
.5108
.5108
.5108
.5108
.5108
.5107
.5107
.5107
.5107
.5107
.5106
.5106
.5106
.5106
.5106
.5106
.5105
.5105
.5105
.5105
.5105
.5104
.5104
.5104
.5104
.5104
.5104
.5103
.5103
.5103
.5103
.5103
.5102
.5102
.5102
.5102
.5102
.5101
.5101
.5101
.5101
.5101
.51
.51
.51
.51
.51
.5099
.5099
.5099
.5099
.5099
.5098
.5098
.5098
.5098
.5098
.5097
.5097
.5097
.5097
.5097
.5096
.5096
.5096
.5096
.5096
.5095
.5095
.5095
.5095
.5094
.5094
.5094
.5094
.5094
.5093
.5093
.5093
.5093
.5092
.5092
.5092
.5092
.5092
.5091
.5091
.5091
.5091
.509
.509
.509
.509
.5089
.5089
.5089
.5089
.5088
.5088
.5088
.5088
.5087
.5087
.5087
.5087
.5086
.5086
.5086
.5086
.5085
.5085
.5085
.5085
.5084
.5084
.5084
.5084
.5083
.5083
.5083
.5083
.5082
.5082
.5082
.5082
.5081
.5081
.5081
.508
.508
.508
.508
.5079
.5079
.5079
.5078
.5078
.5078
.5078
.5077
.5077
.5077
.5076
.5076
.5076
.5075
.5075
.5075
.5075
.5074
.5074
.5074
.5073
.5073
.5073
.5072
.5072
.5072
.5071
.5071
.5071
.5071
.507
.507
.507
.5069
.5069
.5069
.5068
.5068
.5068
.5067
.5067
.5066
.5066
.5066
.5065
.5065
.5065
.5064
.5064
.5064
.5063
.5063
.5063
.5062
.5062
.5061
.5061
.5061
.506
.506
.506
.5059
.5059
.5058
.5058
.5058
.5057
.5057
.5057
.5056
.5056
.5055
.5055
.5055
.5054
.5054
.5053
.5053
.5052
.5052
.5052
.5051
.5051
.505
.505
.5049
.5049
.5049
.5048
.5048
.5047
.5047
.5046
.5046
.5045
.5045
.5045
.5044
.5044
.5043
.5043
.5042
.5042
.5041
.5041
.504
.504
.5039
.5039
.5038
.5038
.5037
.5037
.5036
.5036
.5035
.5035
.5034
.5034
.5033
.5033
.5032
.5032
.5031
.5031
.503
.5029
.5029
.5028
.5028
.5027
.5027
.5026
.5026
.5025
.5024
.5024
.5023
.5023
.5022
.5022
.5021
.502
.502
.5019
.5019
.5018
.5017
.5017
.5016
.5015
.5015
.5014
.5014
.5013
.5012
.5012
.5011
.501
.501
.5009
.5008
.5008
.5007
.5006
.5006
.5005
.5004
.5003
.5003
.5002
.5001
.5001
.5
.4999
.4998
.4998
.4997
.4996
.4996
.4995
.4994
.4993
.4993
.4992
.4991
.499
.4989
.4989
.4988
.4987
.4986
.4985
.4985
.4984
.4983
.4982
.4981
.498
.498
.4979
.4978
.4977
.4976
.4975
.4975
.4974
.4973
.4972
.4971
.497
.4969
.4968
.4967
.4966
.4965
.4965
.4964
.4963
.4962
.4961
.496
.4959
.4958
.4957
.4956
.4955
.4954
.4953
.4952
.4951
.495
.4949
.4948
.4947
.4946
.4945
.4944
.4943
.4941
.494
.4939
.4938
.4937
.4936
.4935
.4934
.4933
.4932
.493
.4929
.4928
.4927
.4926
.4925
.4923
.4922
.4921
.492
.4919
.4917
.4916
.4915
.4914
.4912
.4911
.491
.4909
.4907
.4906
.4905
.4903
.4902
.4901
.49
.4898
.4897
.4896
.4894
.4893
.4891
.489
.4889
.4887
.4886
.4884
.4883
.4882
.488
.4879
.4877
.4876
.4874
.4873
.4871
.487
.4868
.4867
.4865
.4864
.4862
.4861
.4859
.4858
.4856
.4854
.4853
.4851
.485
.4848
.4846
.4845
.4843
.4841
.484
.4838
.4836
.4835
.4833
.4831
.4829
.4828
.4826
.4824
.4822
.4821
.4819
.4817
.4815
.4814
.4812
.481
.4808
.4806
.4804
.4802
.4801
.4799
.4797
.4795
.4793
.4791
.4789
.4787
.4785
.4783
.4781
.4779
.4777
.4775
.4773
.4771
.4769
.4767
.4765
.4763
.4761
.4759
.4756
.4754
.4752
.475
.4748
.4746
.4743
.4741
.4739
.4737
.4735
.4732
.473
.4728
.4726
.4723
.4721
.4719
.4716
.4714
.4712
.4709
.4707
.4705
.4702
.47
.4697
.4695
.4693
.469
.4688
.4685
.4683
.468
.4678
.4675
.4673
.467
.4668
.4665
.4663
.466
.4657
.4655
.4652
.465
.4647
.4644
.4642
.4639
.4636
.4634
.4631
.4628
.4626
.4623
.462
.4617
.4614
.4612
.4609
.4606
.4603
.46
.4598
.4595
.4592
.4589
.4586
.4583
.458
.4577
.4574
.4572
.4569
.4566
.4563
.456
.4557
.4554
.4551
.4548
.4545
.4541
.4538
.4535
.4532
.4529
.4526
.4523
.452
.4517
.4513
.451
.4507
.4504
.4501
.4498
.4494
.4491
.4488
.4485
.4481
.4478
.4475
.4471
.4468
.4465
.4462
.4458
.4455
.4451
.4448
.4445
.4441
.4438
.4435
.4431
.4428
.4424
.4421
.4417
.4414
.441
.4407
.4403
.44
.4396
.4393
.4389
.4386
.4382
.4379
.4375
.4371
.4368
.4364
.4361
.4357
.4353
.435
.4346
.4342
.4339
.4335
.4331
.4328
.4324
.432
.4317
.4313
.4309
.4305
.4302
.4298
.4294
.429
.4286
.4283
.4279
.4275
.4271
.4267
.4263
.426
.4256
.4252
.4248
.4244
.424
.4236
.4232
.4229
.4225
.4221
.4217
.4213
.4209
.4205
.4201
.4197
.4193
.4189
.4185
.4181
.4177
.4173
.4169
.4165
.4161
.4157
.4153
.4149
.4145
.4141
.4137
.4133
.4129
.4124
.412
.4116
.4112
.4108
.4104
.41
.4096
.4092
.4087
.4083
.4079
.4075
.4071
.4067
.4062
.4058
.4054
.405
.4046
.4042
.4037
.4033
.4029
.4025
.4021
.4016
.4012
.4008
.4004
.3999
.3995
.3991
.3987
.3982
.3978
.3974
.397
.3965
.3961
.3957
.3953
.3948
.3944
.394
.3935
.3931
.3927
.3922
.3918
.3914
.391
.3905
.3901
.3897
.3892
.3888
.3884
.3879
.3875
.3871
.3866
.3862
.3858
.3853
.3849
.3845
.384
.3836
.3832
.3827
.3823
.3818
.3814
.381
.3805
.3801
.3797
.3792
.3788
.3783
.3779
.3775
.377
.3766
.3762
.3757
.3753
.3748
.3744
.374
.3735
.3731
.3727
.3722
.3718
.3713
.3709
.3705
.37
.3696
.3691
.3687
.3683
.3678
.3674
.3669
.3665
.3661
.3656
.3652
.3648
.3643
.3639
.3634
.363
.3626
.3621
.3617
.3612
.3608
.3604
.3599
.3595
.359
.3586
.3582
.3577
.3573
.3569
.3564
.356
.3555
.3551
.3547
.3542
.3538
.3534
.3529
.3525
.352
.3516
.3512
.3507
.3503
.3499
.3494
.349
.3486
.3481
.3477
.3472
.3468
.3464
.3459
.3455
.3451
.3446
.3442
.3438
.3433
.3429
.3425
.342
.3416
.3412
.3407
.3403
.3399
.3394
.339
.3386
.3382
.3377
.3373
.3369
.3364
.336
.3356
.3351
.3347
.3343
.3339
.3334
.333
.3326
.3321
.3317
.3313
.3309
.3304
.33
.3296
.3292
.3287
.3283
.3279
.3275
.327
.3266
.3262
.3258
.3253
.3249
.3245
.3241
.3237
.3232
.3228
.3224
.322
.3216
.3211
.3207
.3203
.3199
.3195
.319
.3186
.3182
.3178
.3174
.317
.3166
.3161
.3157
.3153
.3149
.3145
.3141
.3137
.3132
.3128
.3124
.312
.3116
.3112
.3108
.3104
.31
.3095
.3091
.3087
.3083
.3079
.3075
.3071
.3067
.3063
.3059
.3055
.3051
.3047
.3043
.3039
.3035
.3031
.3027
.3023
.3019
.3015
.3011
.3007
.3003
.2999
.2995
.2991
.2987
.2983
.2979
.2975
.2971
.2967
.2963
.2959
.2955
.2951
.2947
.2943
.2939
.2935
.2931
.2927
.2924
.292
.2916
.2912
.2908
.2904
.29
.2896
.2892
.2889
.2885
.2881
.2877
.2873
.2869
.2865
.2862
.2858
.2854
.285
.2846
.2843
.2839
.2835
.2831
.2827
.2824
.282
.2816
.2812
.2808
.2805
.2801
.2797
.2793
.279
.2786
.2782
.2778
.2775
.2771
.2767
.2764
.276
.2756
.2752
.2749
.2745
.2741
.2738
.2734
.273
.2727
.2723
.2719
.2716
.2712
.2709
.2705
.2701
.2698
.2694
.269
.2687
.2683
.268
.2676
.2672
.2669
.2665
.2662
.2658
.2655
.2651
.2647
.2644
.264
.2637
.2633
.263
.2626
.2623
.2619
.2616
.2612
.2609
.2605
.2602
.2598
.2595
.2591
.2588
.2584
.2581
.2577
.2574
.257
.2567
.2564
.256
.2557
.2553
.255
.2546
.2543
.254
.2536
.2533
.2529
.2526
.2523
.2519
.2516
.2513
.2509
.2506
.2503
.2499
.2496
.2493
.2489
.2486
.2483
.2479
.2476
.2473
.2469
.2466
.2463
.2459
.2456
.2453
.245
.2446
.2443
.244
.2437
.2433
.243
.2427
.2424
.242
.2417
.2414
.2411
.2408
.2404
.2401
.2398
.2395
.2392
.2389
.2385
.2382
.2379
.2376
.2373
.237
.2366
.2363
.236
.2357
.2354
.2351
.2348
.2345
.2341
.2338
.2335
.2332
.2329
.2326
.2323
.232
.2317
.2314
.2311
.2308
.2305
.2302
.2299
.2296
.2292
.2289
.2286
.2283
.228
.2277
.2274
.2271
.2268
.2265
.2263
.226
.2257
.2254
.2251
.2248
.2245
.2242
.2239
.2236
.2233
.223
.2227
.2224
.2221
.2218
.2216
.2213
.221
.2207
.2204
.2201
.2198
.2195
.2192
.219
.2187
.2184
.2181
.2178
.2175
.2173
.217
.2167
.2164
.2161
.2158
.2156
.2153
.215
.2147
.2144
.2142
.2139
.2136
.2133
.2131
.2128
.2125
.2122
.212
.2117
.2114
.2111
.2109
.2106
.2103
.21
.2098
.2095
.2092
.209
.2087
.2084
.2082
.2079
.2076
.2074
.2071
.2068
.2066
.2063
.206
.2058
.2055
.2052
.205
.2047
.2045
.2042
.2039
.2037
.2034
.2031
.2029
.2026
.2024
.2021
.2019
.2016
.2013
.2011
.2008
.2006
.2003
.2001
.1998
.1995
.1993
.199
.1988
.1985
.1983
.198
.1978
.1975
.1973
.197
.1968
.1965
.1963
.196
.1958
.1955
.1953
.195
.1948
.1946
.1943
.1941
.1938
.1936
.1933
.1931
.1928
.1926
.1924
.1921
.1919
.1916
.1914
.1912
.1909
.1907
.1904
.1902
.19
.1897
.1895
.1893
.189
.1888
.1885
.1883
.1881
.1878
.1876
.1874
.1871
.1869
.1867
.1864
.1862
.186
.1857
.1855
.1853
.1851
.1848
.1846
.1844
.1841
.1839
.1837
.1835
.1832
.183
.1828
.1826
.1823
.1821
.1819
.1817
.1814
.1812
.181
.1808
.1805
.1803
.1801
.1799
.1797
.1794
.1792
.179
.1788
.1786
.1783
.1781
.1779
.1777
.1775
.1773
.177
.1768
.1766
.1764
.1762
.176
.1757
.1755
.1753
.1751
.1749
.1747
.1745
.1743
.174
.1738
.1736
.1734
.1732
.173
.1728
.1726
.1724
.1722
.172
.1717
.1715
.1713
.1711
.1709
.1707
.1705
.1703
.1701
.1699
.1697
.1695
.1693
.1691
.1689
.1687
.1685
.1683
.1681
.1679
.1677
.1675
.1673
.1671
.1669
.1667
.1665
.1663
.1661
.1659
.1657
.1655
.1653
.1651
.1649
.1647
.1645
.1643
.1641
.1639
.1637
.1635
.1633
.1631
.163
.1628
.1626
.1624
.1622
.162
.1618
.1616
.1614
.1612
.161
.1609
.1607
.1605
.1603
.1601
.1599
.1597
.1595
.1594
.1592
.159
.1588
.1586
.1584
.1582
.1581
.1579
.1577
.1575
.1573
.1571
.157
.1568
.1566
.1564
.1562
.156
.1559
.1557
.1555
.1553
.1551
.155
.1548
.1546
.1544
.1543
.1541
.1539
.1537
.1535
.1534
.1532
.153
.1528
.1527
.1525
.1523
.1521
.152
.1518
.1516
.1514
.1513
.1511
.1509
.1507
.1506
.1504
.1502
.1501
.1499
.1497
.1495
.1494
.1492
.149
.1489
.1487
.1485
.1484
.1482
.148
.1479
.1477
.1475
.1474
.1472
.147
.1469
.1467
.1465
.1464
.1462
.146
.1459
.1457
.1455
.1454
.1452
.1451
.1449
.1447
.1446
.1444
.1442
.1441
.1439
.1438
.1436
.1434
.1433
.1431
.143
.1428
.1426
.1425
.1423
.1422
.142
.1418
.1417
.1415
.1414
.1412
.1411
.1409
.1407
.1406
.1404
.1403
.1401
.14
.1398
.1397
.1395
.1394
.1392
.139
.1389
.1387
.1386
.1384
.1383
.1381
.138
.1378
.1377
.1375
.1374
.1372
.1371
.1369
.1368
.1366
.1365
.1363
.1362
.136
.1359
.1357
.1356
.1354
.1353
.1351
.135
.1348
.1347
.1346
.1344
.1343
.1341
.134
.1338
.1337
.1335
.1334
.1333
.1331
.133
.1328
.1327
.1325
.1324
.1322
.1321
.132
.1318
.1317
.1315
.1314
.1313
.1311
.131
.1308
.1307
.1306
.1304
.1303
.1301
.13
.1299
.1297
.1296
.1294
.1293
.1292
.129
.1289
.1288
.1286
.1285
.1283
.1282
.1281
.1279
.1278
.1277
.1275
.1274
.1273
.1271
.127
.1269
.1267
.1266
.1265
.1263
.1262
.1261
.1259
.1258
.1257
.1255
.1254
.1253
.1251
.125
.1249
.1247
.1246
.1245
.1244
.1242
.1241
.124
.1238
.1237
.1236
.1234
.1233
.1232
.1231
.1229
.1228
.1227
.1225
.1224
.1223
.1222
.122
.1219
.1218
.1217
.1215
.1214
.1213
.1212
.121
.1209
.1208
.1207
.1205
.1204
.1203
.1202
.12
.1199
.1198
.1197
.1195
.1194
.1193
.1192
.1191
.1189
.1188
.1187
.1186
.1185
.1183
.1182
.1181
.118
.1178
.1177
.1176
.1175
.1174
.1172
.1171
.117
.1169
.1168
.1167
.1165
.1164
.1163
.1162
.1161
.1159
.1158
.1157
.1156
.1155
.1154
.1152
.1151
.115
.1149
.1148
.1147
.1146
.1144
.1143
.1142
.1141
.114
.1139
.1138
.1136
.1135
.1134
.1133
.1132
.1131
.113
.1128
.1127
.1126
.1125
.1124
.1123
.1122
.1121
.1119
.1118
.1117
.1116
.1115
.1114
.1113
.1112
.1111
.111
.1108
.1107
.1106
.1105
.1104
.1103
.1102
.1101
.11
.1099
.1098
.1096
.1095
.1094
.1093
.1092
.1091
.109
.1089
.1088
.1087
.1086
.1085
.1084
.1083
.1081
.108
.1079
.1078
.1077
.1076
.1075
.1074
.1073
.1072
.1071
.107
.1069
.1068
.1067
.1066
.1065
.1064
.1063
.1062
.1061
.106
.1059
.1058
.1056
.1055
.1054
.1053
.1052
.1051
.105
.1049
.1048
.1047
.1046
.1045
.1044
.1043
.1042
.1041
.104
.1039
.1038
.1037
.1036
.1035
.1034
.1033
.1032
.1031
.103
.1029
.1028
.1027
.1026
.1025
.1025
.1024
.1023
.1022
.1021
.102
.1019
.1018
.1017
.1016
.1015
.1014
.1013
.1012
.1011
.101
.1009
.1008
.1007
.1006
.1005
.1004
.1003
.1002
.1001
.1
.1
.0999
.0998
.0997
.0996
.0995
.0994
.0993
.0992
.0991
.099
.0989
.0988
.0987
.0986
.0986
.0985
.0984
.0983
.0982
.0981
.098
.0979
.0978
.0977
.0976
.0975
.0975
.0974
.0973
.0972
.0971
.097
.0969
.0968
.0967
.0966
.0966
.0965
.0964
.0963
.0962
.0961
.096
.0959
.0958
.0958
.0957
.0956
.0955
.0954
.0953
.0952
.0951
.0951
.095
.0949
.0948
.0947
.0946
.0945
.0944
.0944
.0943
.0942
.0941
.094
.0939
.0938
.0938
.0937
.0936
.0935
.0934
.0933
.0932
.0932
.0931
.093
.0929
.0928
.0927
.0926
.0926
.0925
.0924
.0923
.0922
.0921
.0921
.092
.0919
.0918
.0917
.0916
.0916
.0915
.0914
.0913
.0912
.0911
.0911
.091
.0909
.0908
.0907
.0907
.0906
.0905
.0904
.0903
.0902
.0902
.0901
.09
.0899
.0898
.0898
.0897
.0896
.0895
.0894
.0894
.0893
.0892
.0891
.089
.089
.0889
.0888
.0887
.0886
.0886
.0885
.0884
.0883
.0883
.0882
.0881
.088
.0879
.0879
.0878
.0877
.0876
.0876
.0875
.0874
.0873
.0872
.0872
.0871
.087
.0869
.0869
.0868
.0867
.0866
.0866
.0865
.0864
.0863
.0862
.0862
.0861
.086
.0859
.0859
.0858
.0857
.0856
.0856
.0855
.0854
.0853
.0853
.0852
.0851
.085
.085
.0849
.0848
.0847
.0847
.0846
.0845
.0845
.0844
.0843
.0842
.0842
.0841
.084
.0839
.0839
.0838
.0837
.0836
.0836
.0835
.0834
.0834
.0833
.0832
.0831
.0831
.083
.0829
.0829
.0828
.0827
.0826
.0826
.0825
.0824
.0824
.0823
.0822
.0821
.0821
.082
.0819
.0819
.0818
.0817
.0816
.0816
.0815
.0814
.0814
.0813
.0812
.0812
.0811
.081
.081
.0809
.0808
.0807
.0807
.0806
.0805
.0805
.0804
.0803
.0803
.0802
.0801
.0801
.08
.0799
.0799
.0798
.0797
.0797
.0796
.0795
.0794
.0794
.0793
.0792
.0792
.0791
.079
.079
.0789
.0788
.0788
.0787
.0786
.0786
.0785
.0784
.0784
.0783
.0782
.0782
.0781
.0781
.078
.0779
.0779
.0778
.0777
.0777
.0776
.0775
.0775
.0774
.0773
.0773
.0772
.0771
.0771
.077
.0769
.0769
.0768
.0768
.0767
.0766
.0766
.0765
.0764
.0764
.0763
.0762
.0762
.0761
.0761
.076
.0759
.0759
.0758
.0757
.0757
.0756
.0755
.0755
.0754
.0754
.0753
.0752
.0752
.0751
.075
.075
.0749
.0749
.0748
.0747
.0747
.0746
.0746
.0745
.0744
.0744
.0743
.0742
.0742
.0741
.0741
.074
.0739
.0739
.0738
.0738
.0737
.0736
.0736
.0735
.0735
.0734
.0733
.0733
.0732
.0732
.0731
.073
.073
.0729
.0729
.0728
.0727
.0727
.0726
.0726
.0725
.0724
.0724
.0723
.0723
.0722
.0721
.0721
.072
.072
.0719
.0719
.0718
.0717
.0717
.0716
.0716
.0715
.0715
.0714
.0713
.0713
.0712
.0712
.0711
.071
.071
.0709
.0709
.0708
.0708
.0707
.0706
.0706
.0705
.0705
.0704
.0704
.0703
.0702
.0702
.0701
.0701
.07
.07
.0699
.0699
.0698
.0697
.0697
.0696
.0696
.0695
.0695
.0694
.0694
.0693
.0692
.0692
.0691
.0691
.069
.069
.0689
.0689
.0688
.0687
.0687
.0686
.0686
.0685
.0685
.0684
.0684
.0683
.0683
.0682
.0681
.0681
.068
.068
.0679
.0679
.0678
.0678
.0677
.0677
.0676
.0676
.0675
.0674
.0674
.0673
.0673
.0672
.0672
.0671
.0671
.067
.067
.0669
.0669
.0668
.0668
.0667
.0667
.0666
.0666
.0665
.0664
.0664
.0663
.0663
.0662
.0662
.0661
.0661
.066
.066
.0659
.0659
.0658
.0658
.0657
.0657
.0656
.0656
.0655
.0655
.0654
.0654
.0653
.0653
.0652
.0652
.0651
.0651
.065
.065
.0649
.0649
.0648
.0648
.0647
.0647
.0646
.0646
.0645
.0645
.0644
.0644
.0643
.0643
.0642
.0642
.0641
.0641
.064
.064
.0639
.0639
.0638
.0638
.0637
.0637
.0636
.0636
.0635
.0635
.0634
.0634
.0633
.0633
.0632
.0632
.0631
.0631
.063
.063
.0629
.0629
.0628
.0628
.0627
.0627
.0626
.0626
.0625
.0625
.0625
.0624
.0624
.0623
.0623
.0622
.0622
.0621
.0621
.062
.062
.0619
.0619
.0618
.0618
.0617
.0617
.0616
.0616
.0616
.0615
.0615
.0614
.0614
.0613
.0613
.0612
.0612
.0611
.0611
.061
.061
.0609
.0609
.0609
.0608
.0608
.0607
.0607
.0606
.0606
.0605
.0605
.0604
.0604
.0604
.0603
.0603
.0602
.0602
.0601
.0601
.06
.06
.0599
.0599
.0599
.0598
.0598
.0597
.0597
.0596
.0596
.0595
.0595
.0595
.0594
.0594
.0593
.0593
.0592
.0592
.0591
.0591
.0591
.059
.059
.0589
.0589
.0588
.0588
.0587
.0587
.0587
.0586
.0586
.0585
.0585
.0584
.0584
.0584
.0583
.0583
.0582
.0582
.0581
.0581
.0581
.058
.058
.0579
.0579
.0578
.0578
.0578
.0577
.0577
.0576
.0576
.0575
.0575
.0575
.0574
.0574
.0573
.0573
.0572
.0572
.0572
.0571
.0571
.057
.057
.0569
.0569
.0569
.0568
.0568
.0567
.0567
.0567
.0566
.0566
.0565
.0565
.0564
.0564
.0564
.0563
.0563
.0562
.0562
.0562
.0561
.0561
.056
.056
.056
.0559
.0559
.0558
.0558
.0558
.0557
.0557
.0556
.0556
.0555
.0555
.0555
.0554
.0554
.0553
.0553
.0553
.0552
.0552
.0551
.0551
.0551
.055
.055
.0549
.0549
.0549
.0548
.0548
.0548
.0547
.0547
.0546
.0546
.0546
.0545
.0545
.0544
.0544
.0544
.0543
.0543
.0542
.0542
.0542
.0541
.0541
.054
.054
.054
.0539
.0539
.0539
.0538
.0538
.0537
.0537
.0537
.0536
.0536
.0535
.0535
.0535
.0534
.0534
.0534
.0533
.0533
.0532
.0532
.0532
.0531
.0531
.053
.053
.053
.0529
.0529
.0529
.0528
.0528
.0527
.0527
.0527
.0526
.0526
.0526
.0525
.0525
.0524
.0524
.0524
.0523
.0523
.0523
.0522
.0522
.0522
.0521
.0521
.052
.052
.052
.0519
.0519
.0519
.0518
.0518
.0517
.0517
.0517
.0516
.0516
.0516
.0515
.0515
.0515
.0514
.0514
.0514
.0513
.0513
.0512
.0512
.0512
.0511
.0511
.0511
.051
.051
.051
.0509
.0509
.0509
.0508
.0508
.0507
.0507
.0507
.0506
.0506
.0506
.0505
.0505
.0505
.0504
.0504
.0504
.0503
.0503
.0503
.0502
.0502
.0501
.0501
.0501
.05
.05
.05
