.6406
.6377
.6347
.6318
.6288
.6259
.623
.62
.6171
.6142
.6113
.6084
.6055
.6026
.5997
.5969
.5941
.5913
.5886
.5858
.5831
.5805
.5779
.5753
.5728
.5703
.5679
.5655
.5632
.5609
.5587
.5566
.5545
.5525
.5505
.5486
.5468
.545
.5433
.5417
.5401
.5386
.5372
.5358
.5345
.5332
.5321
.5309
.5299
.5288
.5279
.527
.5261
.5253
.5245
.5238
.5231
.5225
.5219
.5213
.5208
.5203
.5198
.5194
.5189
.5186
.5182
.5179
.5176
.5173
.517
.5167
.5165
.5162
.516
.5158
.5156
.5155
.5153
.5151
.515
.5148
.5147
.5146
.5144
.5143
.5142
.5141
.514
.5139
.5138
.5137
.5136
.5135
.5135
.5134
.5133
.5132
.5131
.5131
.513
.5129
.5129
.5128
.5127
.5126
.5126
.5125
.5124
.5124
.5123
.5122
.5122
.5121
.512
.5119
.5119
.5118
.5117
.5117
.5116
.5115
.5115
.5114
.5113
.5112
.5112
.5111
.511
.5109
.5109
.5108
.5107
.5106
.5106
.5105
.5104
.5103
.5103
.5102
.5101
.51
.5099
.5098
.5098
.5097
.5096
.5095
.5094
.5093
.5093
.5092
.5091
.509
.5089
.5088
.5087
.5086
.5085
.5084
.5084
.5083
.5082
.5081
.508
.5079
.5078
.5077
.5076
.5075
.5074
.5073
.5072
.5071
.507
.5069
.5068
.5067
.5065
.5064
.5063
.5062
.5061
.506
.5059
.5058
.5057
.5055
.5054
.5053
.5052
.5051
.505
.5048
.5047
.5046
.5045
.5044
.5042
.5041
.504
.5039
.5037
.5036
.5035
.5033
.5032
.5031
.5029
.5028
.5027
.5025
.5024
.5023
.5021
.502
.5018
.5017
.5016
.5014
.5013
.5011
.501
.5008
.5007
.5005
.5004
.5002
.5001
.4999
.4998
.4996
.4995
.4993
.4991
.499
.4988
.4987
.4985
.4983
.4982
.498
.4978
.4977
.4975
.4973
.4972
.497
.4968
.4966
.4965
.4963
.4961
.4959
.4957
.4956
.4954
.4952
.495
.4948
.4946
.4944
.4942
.4941
.4939
.4937
.4935
.4933
.4931
.4929
.4927
.4925
.4923
.4921
.4919
.4917
.4915
.4912
.491
.4908
.4906
.4904
.4902
.49
.4897
.4895
.4893
.4891
.4889
.4886
.4884
.4882
.488
.4877
.4875
.4873
.487
.4868
.4866
.4863
.4861
.4859
.4856
.4854
.4851
.4849
.4846
.4844
.4842
.4839
.4837
.4834
.4831
.4829
.4826
.4824
.4821
.4819
.4816
.4813
.4811
.4808
.4805
.4803
.48
.4797
.4795
.4792
.4789
.4787
.4784
.4781
.4778
.4775
.4773
.477
.4767
.4764
.4761
.4758
.4755
.4753
.475
.4747
.4744
.4741
.4738
.4735
.4732
.4729
.4726
.4723
.472
.4717
.4714
.4711
.4707
.4704
.4701
.4698
.4695
.4692
.4689
.4685
.4682
.4679
.4676
.4673
.4669
.4666
.4663
.466
.4656
.4653
.465
.4646
.4643
.464
.4636
.4633
.463
.4626
.4623
.4619
.4616
.4613
.4609
.4606
.4602
.4599
.4595
.4592
.4588
.4585
.4581
.4578
.4574
.4571
.4567
.4563
.456
.4556
.4553
.4549
.4545
.4542
.4538
.4534
.4531
.4527
.4523
.452
.4516
.4512
.4508
.4505
.4501
.4497
.4493
.449
.4486
.4482
.4478
.4474
.4471
.4467
.4463
.4459
.4455
.4451
.4447
.4444
.444
.4436
.4432
.4428
.4424
.442
.4416
.4412
.4408
.4404
.44
.4396
.4392
.4388
.4384
.438
.4376
.4372
.4368
.4364
.436
.4356
.4352
.4348
.4344
.434
.4336
.4331
.4327
.4323
.4319
.4315
.4311
.4307
.4303
.4298
.4294
.429
.4286
.4282
.4278
.4273
.4269
.4265
.4261
.4257
.4252
.4248
.4244
.424
.4235
.4231
.4227
.4223
.4218
.4214
.421
.4206
.4201
.4197
.4193
.4189
.4184
.418
.4176
.4171
.4167
.4163
.4158
.4154
.415
.4145
.4141
.4137
.4132
.4128
.4124
.4119
.4115
.4111
.4106
.4102
.4098
.4093
.4089
.4085
.408
.4076
.4071
.4067
.4063
.4058
.4054
.405
.4045
.4041
.4036
.4032
.4028
.4023
.4019
.4014
.401
.4006
.4001
.3997
.3992
.3988
.3984
.3979
.3975
.397
.3966
.3961
.3957
.3953
.3948
.3944
.3939
.3935
.393
.3926
.3922
.3917
.3913
.3908
.3904
.3899
.3895
.3891
.3886
.3882
.3877
.3873
.3868
.3864
.386
.3855
.3851
.3846
.3842
.3837
.3833
.3829
.3824
.382
.3815
.3811
.3807
.3802
.3798
.3793
.3789
.3784
.378
.3776
.3771
.3767
.3762
.3758
.3754
.3749
.3745
.374
.3736
.3731
.3727
.3723
.3718
.3714
.371
.3705
.3701
.3696
.3692
.3688
.3683
.3679
.3674
.367
.3666
.3661
.3657
.3653
.3648
.3644
.3639
.3635
.3631
.3626
.3622
.3618
.3613
.3609
.3605
.36
.3596
.3592
.3587
.3583
.3579
.3574
.357
.3566
.3561
.3557
.3553
.3548
.3544
.354
.3536
.3531
.3527
.3523
.3518
.3514
.351
.3506
.3501
.3497
.3493
.3488
.3484
.348
.3476
.3471
.3467
.3463
.3459
.3454
.345
.3446
.3442
.3438
.3433
.3429
.3425
.3421
.3417
.3412
.3408
.3404
.34
.3396
.3391
.3387
.3383
.3379
.3375
.3371
.3366
.3362
.3358
.3354
.335
.3346
.3342
.3337
.3333
.3329
.3325
.3321
.3317
.3313
.3309
.3305
.33
.3296
.3292
.3288
.3284
.328
.3276
.3272
.3268
.3264
.326
.3256
.3252
.3248
.3244
.324
.3236
.3232
.3228
.3224
.322
.3216
.3212
.3208
.3204
.32
.3196
.3192
.3188
.3184
.318
.3176
.3172
.3168
.3164
.316
.3156
.3152
.3148
.3144
.314
.3137
.3133
.3129
.3125
.3121
.3117
.3113
.3109
.3105
.3102
.3098
.3094
.309
.3086
.3082
.3079
.3075
.3071
.3067
.3063
.3059
.3056
.3052
.3048
.3044
.304
.3037
.3033
.3029
.3025
.3022
.3018
.3014
.301
.3007
.3003
.2999
.2995
.2992
.2988
.2984
.2981
.2977
.2973
.2969
.2966
.2962
.2958
.2955
.2951
.2947
.2944
.294
.2936
.2933
.2929
.2926
.2922
.2918
.2915
.2911
.2907
.2904
.29
.2897
.2893
.289
.2886
.2882
.2879
.2875
.2872
.2868
.2865
.2861
.2858
.2854
.285
.2847
.2843
.284
.2836
.2833
.2829
.2826
.2822
.2819
.2815
.2812
.2809
.2805
.2802
.2798
.2795
.2791
.2788
.2784
.2781
.2778
.2774
.2771
.2767
.2764
.2761
.2757
.2754
.275
.2747
.2744
.274
.2737
.2734
.273
.2727
.2724
.272
.2717
.2714
.271
.2707
.2704
.27
.2697
.2694
.269
.2687
.2684
.2681
.2677
.2674
.2671
.2668
.2664
.2661
.2658
.2655
.2651
.2648
.2645
.2642
.2638
.2635
.2632
.2629
.2626
.2622
.2619
.2616
.2613
.261
.2607
.2603
.26
.2597
.2594
.2591
.2588
.2585
.2582
.2578
.2575
.2572
.2569
.2566
.2563
.256
.2557
.2554
.2551
.2547
.2544
.2541
.2538
.2535
.2532
.2529
.2526
.2523
.252
.2517
.2514
.2511
.2508
.2505
.2502
.2499
.2496
.2493
.249
.2487
.2484
.2481
.2478
.2475
.2472
.2469
.2466
.2463
.2461
.2458
.2455
.2452
.2449
.2446
.2443
.244
.2437
.2434
.2431
.2429
.2426
.2423
.242
.2417
.2414
.2411
.2409
.2406
.2403
.24
.2397
.2394
.2392
.2389
.2386
.2383
.238
.2378
.2375
.2372
.2369
.2366
.2364
.2361
.2358
.2355
.2353
.235
.2347
.2344
.2342
.2339
.2336
.2333
.2331
.2328
.2325
.2322
.232
.2317
.2314
.2312
.2309
.2306
.2304
.2301
.2298
.2296
.2293
.229
.2288
.2285
.2282
.228
.2277
.2274
.2272
.2269
.2267
.2264
.2261
.2259
.2256
.2254
.2251
.2248
.2246
.2243
.2241
.2238
.2235
.2233
.223
.2228
.2225
.2223
.222
.2218
.2215
.2213
.221
.2208
.2205
.2202
.22
.2197
.2195
.2192
.219
.2187
.2185
.2182
.218
.2178
.2175
.2173
.217
.2168
.2165
.2163
.216
.2158
.2155
.2153
.2151
.2148
.2146
.2143
.2141
.2138
.2136
.2134
.2131
.2129
.2126
.2124
.2122
.2119
.2117
.2115
.2112
.211
.2107
.2105
.2103
.21
.2098
.2096
.2093
.2091
.2089
.2086
.2084
.2082
.2079
.2077
.2075
.2073
.207
.2068
.2066
.2063
.2061
.2059
.2057
.2054
.2052
.205
.2047
.2045
.2043
.2041
.2038
.2036
.2034
.2032
.2029
.2027
.2025
.2023
.2021
.2018
.2016
.2014
.2012
.201
.2007
.2005
.2003
.2001
.1999
.1996
.1994
.1992
.199
.1988
.1986
.1983
.1981
.1979
.1977
.1975
.1973
.1971
.1968
.1966
.1964
.1962
.196
.1958
.1956
.1954
.1951
.1949
.1947
.1945
.1943
.1941
.1939
.1937
.1935
.1933
.1931
.1928
.1926
.1924
.1922
.192
.1918
.1916
.1914
.1912
.191
.1908
.1906
.1904
.1902
.19
.1898
.1896
.1894
.1892
.189
.1888
.1886
.1884
.1882
.188
.1878
.1876
.1874
.1872
.187
.1868
.1866
.1864
.1862
.186
.1858
.1856
.1854
.1852
.185
.1848
.1846
.1845
.1843
.1841
.1839
.1837
.1835
.1833
.1831
.1829
.1827
.1825
.1823
.1822
.182
.1818
.1816
.1814
.1812
.181
.1808
.1806
.1805
.1803
.1801
.1799
.1797
.1795
.1793
.1792
.179
.1788
.1786
.1784
.1782
.1781
.1779
.1777
.1775
.1773
.1771
.177
.1768
.1766
.1764
.1762
.1761
.1759
.1757
.1755
.1753
.1752
.175
.1748
.1746
.1744
.1743
.1741
.1739
.1737
.1736
.1734
.1732
.173
.1729
.1727
.1725
.1723
.1722
.172
.1718
.1716
.1715
.1713
.1711
.171
.1708
.1706
.1704
.1703
.1701
.1699
.1698
.1696
.1694
.1692
.1691
.1689
.1687
.1686
.1684
.1682
.1681
.1679
.1677
.1676
.1674
.1672
.1671
.1669
.1667
.1666
.1664
.1662
.1661
.1659
.1658
.1656
.1654
.1653
.1651
.1649
.1648
.1646
.1644
.1643
.1641
.164
.1638
.1636
.1635
.1633
.1632
.163
.1628
.1627
.1625
.1624
.1622
.162
.1619
.1617
.1616
.1614
.1613
.1611
.1609
.1608
.1606
.1605
.1603
.1602
.16
.1599
.1597
.1596
.1594
.1592
.1591
.1589
.1588
.1586
.1585
.1583
.1582
.158
.1579
.1577
.1576
.1574
.1573
.1571
.157
.1568
.1567
.1565
.1564
.1562
.1561
.1559
.1558
.1556
.1555
.1553
.1552
.155
.1549
.1547
.1546
.1544
.1543
.1541
.154
.1539
.1537
.1536
.1534
.1533
.1531
.153
.1528
.1527
.1526
.1524
.1523
.1521
.152
.1518
.1517
.1516
.1514
.1513
.1511
.151
.1508
.1507
.1506
.1504
.1503
.1501
.15
.1499
.1497
.1496
.1494
.1493
.1492
.149
.1489
.1488
.1486
.1485
.1483
.1482
.1481
.1479
.1478
.1477
.1475
.1474
.1473
.1471
.147
.1468
.1467
.1466
.1464
.1463
.1462
.146
.1459
.1458
.1456
.1455
.1454
.1452
.1451
.145
.1448
.1447
.1446
.1444
.1443
.1442
.1441
.1439
.1438
.1437
.1435
.1434
.1433
.1431
.143
.1429
.1428
.1426
.1425
.1424
.1422
.1421
.142
.1419
.1417
.1416
.1415
.1413
.1412
.1411
.141
.1408
.1407
.1406
.1405
.1403
.1402
.1401
.14
.1398
.1397
.1396
.1395
.1393
.1392
.1391
.139
.1388
.1387
.1386
.1385
.1383
.1382
.1381
.138
.1379
.1377
.1376
.1375
.1374
.1373
.1371
.137
.1369
.1368
.1367
.1365
.1364
.1363
.1362
.1361
.1359
.1358
.1357
.1356
.1355
.1353
.1352
.1351
.135
.1349
.1347
.1346
.1345
.1344
.1343
.1342
.134
.1339
.1338
.1337
.1336
.1335
.1334
.1332
.1331
.133
.1329
.1328
.1327
.1325
.1324
.1323
.1322
.1321
.132
.1319
.1318
.1316
.1315
.1314
.1313
.1312
.1311
.131
.1309
.1307
.1306
.1305
.1304
.1303
.1302
.1301
.13
.1299
.1297
.1296
.1295
.1294
.1293
.1292
.1291
.129
.1289
.1288
.1286
.1285
.1284
.1283
.1282
.1281
.128
.1279
.1278
.1277
.1276
.1275
.1273
.1272
.1271
.127
.1269
.1268
.1267
.1266
.1265
.1264
.1263
.1262
.1261
.126
.1259
.1258
.1257
.1256
.1254
.1253
.1252
.1251
.125
.1249
.1248
.1247
.1246
.1245
.1244
.1243
.1242
.1241
.124
.1239
.1238
.1237
.1236
.1235
.1234
.1233
.1232
.1231
.123
.1229
.1228
.1227
.1226
.1225
.1224
.1223
.1222
.1221
.122
.1219
.1218
.1217
.1216
.1215
.1214
.1213
.1212
.1211
.121
.1209
.1208
.1207
.1206
.1205
.1204
.1203
.1202
.1201
.12
.1199
.1198
.1197
.1196
.1195
.1194
.1193
.1192
.1191
.119
.119
.1189
.1188
.1187
.1186
.1185
.1184
.1183
.1182
.1181
.118
.1179
.1178
.1177
.1176
.1175
.1174
.1173
.1173
.1172
.1171
.117
.1169
.1168
.1167
.1166
.1165
.1164
.1163
.1162
.1161
.1161
.116
.1159
.1158
.1157
.1156
.1155
.1154
.1153
.1152
.1151
.115
.115
.1149
.1148
.1147
.1146
.1145
.1144
.1143
.1142
.1142
.1141
.114
.1139
.1138
.1137
.1136
.1135
.1134
.1134
.1133
.1132
.1131
.113
.1129
.1128
.1127
.1127
.1126
.1125
.1124
.1123
.1122
.1121
.112
.112
.1119
.1118
.1117
.1116
.1115
.1114
.1114
.1113
.1112
.1111
.111
.1109
.1108
.1108
.1107
.1106
.1105
.1104
.1103
.1103
.1102
.1101
.11
.1099
.1098
.1097
.1097
.1096
.1095
.1094
.1093
.1093
.1092
.1091
.109
.1089
.1088
.1088
.1087
.1086
.1085
.1084
.1083
.1083
.1082
.1081
.108
.1079
.1079
.1078
.1077
.1076
.1075
.1075
.1074
.1073
.1072
.1071
.1071
.107
.1069
.1068
.1067
.1067
.1066
.1065
.1064
.1063
.1063
.1062
.1061
.106
.1059
.1059
.1058
.1057
.1056
.1055
.1055
.1054
.1053
.1052
.1052
.1051
.105
.1049
.1048
.1048
.1047
.1046
.1045
.1045
.1044
.1043
.1042
.1042
.1041
.104
.1039
.1039
.1038
.1037
.1036
.1035
.1035
.1034
.1033
.1032
.1032
.1031
.103
.1029
.1029
.1028
.1027
.1026
.1026
.1025
.1024
.1023
.1023
.1022
.1021
.1021
.102
.1019
.1018
.1018
.1017
.1016
.1015
.1015
.1014
.1013
.1012
.1012
.1011
.101
.101
.1009
.1008
.1007
.1007
.1006
.1005
.1005
.1004
.1003
.1002
.1002
.1001
.1
.0999
.0999
.0998
.0997
.0997
.0996
.0995
.0995
.0994
.0993
.0992
.0992
.0991
.099
.099
.0989
.0988
.0987
.0987
.0986
.0985
.0985
.0984
.0983
.0983
.0982
.0981
.0981
.098
.0979
.0978
.0978
.0977
.0976
.0976
.0975
.0974
.0974
.0973
.0972
.0972
.0971
.097
.097
.0969
.0968
.0968
.0967
.0966
.0966
.0965
.0964
.0964
.0963
.0962
.0962
.0961
.096
.096
.0959
.0958
.0958
.0957
.0956
.0956
.0955
.0954
.0954
.0953
.0952
.0952
.0951
.095
.095
.0949
.0948
.0948
.0947
.0946
.0946
.0945
.0944
.0944
.0943
.0943
.0942
.0941
.0941
.094
.0939
.0939
.0938
.0937
.0937
.0936
.0935
.0935
.0934
.0934
.0933
.0932
.0932
.0931
.093
.093
.0929
.0929
.0928
.0927
.0927
.0926
.0925
.0925
.0924
.0924
.0923
.0922
.0922
.0921
.092
.092
.0919
.0919
.0918
.0917
.0917
.0916
.0915
.0915
.0914
.0914
.0913
.0912
.0912
.0911
.0911
.091
.0909
.0909
.0908
.0908
.0907
.0906
.0906
.0905
.0905
.0904
.0903
.0903
.0902
.0902
.0901
.09
.09
.0899
.0899
.0898
.0897
.0897
.0896
.0896
.0895
.0894
.0894
.0893
.0893
.0892
.0891
.0891
.089
.089
.0889
.0889
.0888
.0887
.0887
.0886
.0886
.0885
.0884
.0884
.0883
.0883
.0882
.0882
.0881
.088
.088
.0879
.0879
.0878
.0878
.0877
.0876
.0876
.0875
.0875
.0874
.0874
.0873
.0872
.0872
.0871
.0871
.087
.087
.0869
.0869
.0868
.0867
.0867
.0866
.0866
.0865
.0865
.0864
.0864
.0863
.0862
.0862
.0861
.0861
.086
.086
.0859
.0859
.0858
.0857
.0857
.0856
.0856
.0855
.0855
.0854
.0854
.0853
.0853
.0852
.0851
.0851
.085
.085
.0849
.0849
.0848
.0848
.0847
.0847
.0846
.0846
.0845
.0844
.0844
.0843
.0843
.0842
.0842
.0841
.0841
.084
.084
.0839
.0839
.0838
.0838
.0837
.0836
.0836
.0835
.0835
.0834
.0834
.0833
.0833
.0832
.0832
.0831
.0831
.083
.083
.0829
.0829
.0828
.0828
.0827
.0827
.0826
.0826
.0825
.0825
.0824
.0824
.0823
.0822
.0822
.0821
.0821
.082
.082
.0819
.0819
.0818
.0818
.0817
.0817
.0816
.0816
.0815
.0815
.0814
.0814
.0813
.0813
.0812
.0812
.0811
.0811
.081
.081
.0809
.0809
.0808
.0808
.0807
.0807
.0806
.0806
.0805
.0805
.0804
.0804
.0803
.0803
.0802
.0802
.0802
.0801
.0801
.08
.08
.0799
.0799
.0798
.0798
.0797
.0797
.0796
.0796
.0795
.0795
.0794
.0794
.0793
.0793
.0792
.0792
.0791
.0791
.079
.079
.0789
.0789
.0789
.0788
.0788
.0787
.0787
.0786
.0786
.0785
.0785
.0784
.0784
.0783
.0783
.0782
.0782
.0781
.0781
.0781
.078
.078
.0779
.0779
.0778
.0778
.0777
.0777
.0776
.0776
.0775
.0775
.0774
.0774
.0774
.0773
.0773
.0772
.0772
.0771
.0771
.077
.077
.0769
.0769
.0769
.0768
.0768
.0767
.0767
.0766
.0766
.0765
.0765
.0764
.0764
.0764
.0763
.0763
.0762
.0762
.0761
.0761
.076
.076
.076
.0759
.0759
.0758
.0758
.0757
.0757
.0756
.0756
.0756
.0755
.0755
.0754
.0754
.0753
.0753
.0752
.0752
.0752
.0751
.0751
.075
.075
.0749
.0749
.0749
.0748
.0748
.0747
.0747
.0746
.0746
.0746
.0745
.0745
.0744
.0744
.0743
.0743
.0742
.0742
.0742
.0741
.0741
.074
.074
.074
.0739
.0739
.0738
.0738
.0737
.0737
.0737
.0736
.0736
.0735
.0735
.0734
.0734
.0734
.0733
.0733
.0732
.0732
.0732
.0731
.0731
.073
.073
.0729
.0729
.0729
.0728
.0728
.0727
.0727
.0727
.0726
.0726
.0725
.0725
.0724
.0724
.0724
.0723
.0723
.0722
.0722
.0722
.0721
.0721
.072
.072
.072
.0719
.0719
.0718
.0718
.0718
.0717
.0717
.0716
.0716
.0716
.0715
.0715
.0714
.0714
.0714
.0713
.0713
.0712
.0712
.0712
.0711
.0711
.071
.071
.071
.0709
.0709
.0708
.0708
.0708
.0707
.0707
.0706
.0706
.0706
.0705
.0705
.0704
.0704
.0704
.0703
.0703
.0702
.0702
.0702
.0701
.0701
.0701
.07
.07
.0699
.0699
.0699
.0698
.0698
.0697
.0697
.0697
.0696
.0696
.0696
.0695
.0695
.0694
.0694
.0694
.0693
.0693
.0692
.0692
.0692
.0691
.0691
.0691
.069
.069
.0689
.0689
.0689
.0688
.0688
.0688
.0687
.0687
.0686
.0686
.0686
.0685
.0685
.0685
.0684
.0684
.0683
.0683
.0683
.0682
.0682
.0682
.0681
.0681
.0681
.068
.068
.0679
.0679
.0679
.0678
.0678
.0678
.0677
.0677
.0676
.0676
.0676
.0675
.0675
.0675
.0674
.0674
.0674
.0673
.0673
.0672
.0672
.0672
.0671
.0671
.0671
.067
.067
.067
.0669
.0669
.0669
.0668
.0668
.0667
.0667
.0667
.0666
.0666
.0666
.0665
.0665
.0665
.0664
.0664
.0664
.0663
.0663
.0662
.0662
.0662
.0661
.0661
.0661
.066
.066
.066
.0659
.0659
.0659
.0658
.0658
.0658
.0657
.0657
.0657
.0656
.0656
.0656
.0655
.0655
.0654
.0654
.0654
.0653
.0653
.0653
.0652
.0652
.0652
.0651
.0651
.0651
.065
.065
.065
.0649
.0649
.0649
.0648
.0648
.0648
.0647
.0647
.0647
.0646
.0646
.0646
.0645
.0645
.0645
.0644
.0644
.0644
.0643
.0643
.0643
.0642
.0642
.0642
.0641
.0641
.0641
.064
.064
.064
.0639
.0639
.0639
.0638
.0638
.0638
.0637
.0637
.0637
.0636
.0636
.0636
.0635
.0635
.0635
.0634
.0634
.0634
.0633
.0633
.0633
.0632
.0632
.0632
.0631
.0631
.0631
.063
.063
.063
.0629
.0629
.0629
.0629
.0628
.0628
.0628
.0627
.0627
.0627
.0626
.0626
.0626
.0625
.0625
.0625
.0624
.0624
.0624
.0623
.0623
.0623
.0622
.0622
.0622
.0622
.0621
.0621
.0621
.062
.062
.062
.0619
.0619
.0619
.0618
.0618
.0618
.0617
.0617
.0617
.0616
.0616
.0616
.0616
.0615
.0615
.0615
.0614
.0614
.0614
.0613
.0613
.0613
.0612
.0612
.0612
.0612
.0611
.0611
.0611
.061
.061
.061
.0609
.0609
.0609
.0609
.0608
.0608
.0608
.0607
.0607
.0607
.0606
.0606
.0606
.0605
.0605
.0605
.0605
.0604
.0604
.0604
.0603
.0603
.0603
.0602
.0602
.0602
.0602
.0601
.0601
.0601
.06
.06
.06
.0599
.0599
.0599
.0599
.0598
.0598
.0598
.0597
.0597
.0597
.0597
.0596
.0596
.0596
.0595
.0595
.0595
.0594
.0594
.0594
.0594
.0593
.0593
.0593
.0592
.0592
.0592
.0592
.0591
.0591
.0591
.059
.059
.059
.059
.0589
.0589
.0589
.0588
.0588
.0588
.0588
.0587
.0587
.0587
.0586
.0586
.0586
.0586
.0585
.0585
.0585
.0584
.0584
.0584
.0584
.0583
.0583
.0583
.0582
.0582
.0582
.0582
.0581
.0581
.0581
.058
.058
.058
.058
.0579
.0579
.0579
.0579
.0578
.0578
.0578
.0577
.0577
.0577
.0577
.0576
.0576
.0576
.0575
.0575
.0575
.0575
.0574
.0574
.0574
.0574
.0573
.0573
.0573
.0572
.0572
.0572
.0572
.0571
.0571
.0571
.0571
.057
.057
.057
.0569
.0569
.0569
.0569
.0568
.0568
.0568
.0568
.0567
.0567
.0567
.0566
.0566
.0566
.0566
.0565
.0565
.0565
.0565
.0564
.0564
.0564
.0563
.0563
.0563
.0563
.0562
.0562
.0562
.0562
.0561
.0561
.0561
.0561
.056
.056
.056
.056
.0559
.0559
.0559
.0558
.0558
.0558
.0558
.0557
.0557
.0557
.0557
.0556
.0556
.0556
.0556
.0555
.0555
.0555
.0555
.0554
.0554
.0554
.0554
.0553
.0553
.0553
.0552
.0552
.0552
.0552
.0551
.0551
.0551
.0551
.055
.055
.055
.055
.0549
.0549
.0549
.0549
.0548
.0548
.0548
.0548
.0547
.0547
.0547
.0547
.0546
.0546
.0546
.0546
.0545
.0545
.0545
.0545
.0544
.0544
.0544
.0544
.0543
.0543
.0543
.0543
.0542
.0542
.0542
.0542
.0541
.0541
.0541
.0541
.054
.054
.054
.054
.0539
.0539
.0539
.0539
.0538
.0538
.0538
.0538
.0537
.0537
.0537
.0537
.0536
.0536
.0536
.0536
.0535
.0535
.0535
.0535
.0534
.0534
.0534
.0534
.0533
.0533
.0533
.0533
.0532
.0532
.0532
.0532
.0532
.0531
.0531
.0531
.0531
.053
.053
.053
.053
.0529
.0529
.0529
.0529
.0528
.0528
.0528
.0528
.0527
.0527
.0527
.0527
.0526
.0526
.0526
.0526
.0526
.0525
.0525
.0525
.0525
.0524
.0524
.0524
.0524
.0523
.0523
.0523
.0523
.0522
.0522
.0522
.0522
.0522
.0521
.0521
.0521
.0521
.052
.052
.052
.052
.0519
.0519
.0519
.0519
.0519
.0518
.0518
.0518
.0518
.0517
.0517
.0517
.0517
.0516
.0516
.0516
.0516
.0516
.0515
.0515
.0515
.0515
.0514
.0514
.0514
.0514
.0513
.0513
.0513
.0513
.0513
.0512
.0512
.0512
.0512
.0511
.0511
.0511
.0511
.0511
.051
.051
.051
.051
.0509
.0509
.0509
.0509
.0508
.0508
.0508
.0508
.0508
.0507
.0507
.0507
.0507
.0506
.0506
.0506
.0506
.0506
.0505
.0505
.0505
.0505
.0504
.0504
.0504
.0504
.0504
.0503
.0503
.0503
.0503
.0503
.0502
.0502
.0502
.0502
.0501
.0501
.0501
.0501
.0501
.05
.05
.05
