.5288
.5283
.5279
.5275
.5271
.5267
.5264
.526
.5257
.5254
.5252
.5249
.5247
.5245
.5242
.524
.5238
.5237
.5235
.5233
.5232
.5231
.5229
.5228
.5227
.5226
.5225
.5223
.5223
.5222
.5221
.522
.5219
.5218
.5218
.5217
.5216
.5216
.5215
.5214
.5214
.5213
.5213
.5212
.5212
.5211
.5211
.521
.521
.5209
.5209
.5208
.5208
.5207
.5207
.5206
.5206
.5205
.5205
.5205
.5204
.5204
.5203
.5203
.5202
.5202
.5202
.5201
.5201
.52
.52
.5199
.5199
.5199
.5198
.5198
.5197
.5197
.5196
.5196
.5195
.5195
.5195
.5194
.5194
.5193
.5193
.5192
.5192
.5191
.5191
.519
.519
.5189
.5189
.5188
.5188
.5187
.5187
.5186
.5186
.5185
.5185
.5184
.5184
.5183
.5183
.5182
.5182
.5181
.5181
.518
.518
.5179
.5179
.5178
.5178
.5177
.5177
.5176
.5175
.5175
.5174
.5174
.5173
.5173
.5172
.5171
.5171
.517
.517
.5169
.5168
.5168
.5167
.5167
.5166
.5165
.5165
.5164
.5164
.5163
.5162
.5162
.5161
.516
.516
.5159
.5158
.5158
.5157
.5156
.5156
.5155
.5154
.5154
.5153
.5152
.5152
.5151
.515
.515
.5149
.5148
.5148
.5147
.5146
.5145
.5145
.5144
.5143
.5142
.5142
.5141
.514
.5139
.5139
.5138
.5137
.5136
.5136
.5135
.5134
.5133
.5132
.5132
.5131
.513
.5129
.5128
.5128
.5127
.5126
.5125
.5124
.5123
.5123
.5122
.5121
.512
.5119
.5118
.5118
.5117
.5116
.5115
.5114
.5113
.5112
.5111
.511
.511
.5109
.5108
.5107
.5106
.5105
.5104
.5103
.5102
.5101
.51
.5099
.5098
.5097
.5096
.5095
.5094
.5093
.5092
.5091
.509
.5089
.5088
.5087
.5086
.5085
.5084
.5083
.5082
.5081
.508
.5079
.5078
.5077
.5076
.5075
.5074
.5073
.5072
.5071
.5069
.5068
.5067
.5066
.5065
.5064
.5063
.5062
.5061
.5059
.5058
.5057
.5056
.5055
.5054
.5052
.5051
.505
.5049
.5048
.5047
.5045
.5044
.5043
.5042
.504
.5039
.5038
.5037
.5036
.5034
.5033
.5032
.5031
.5029
.5028
.5027
.5025
.5024
.5023
.5022
.502
.5019
.5018
.5016
.5015
.5014
.5012
.5011
.501
.5008
.5007
.5006
.5004
.5003
.5002
.5
.4999
.4997
.4996
.4995
.4993
.4992
.499
.4989
.4988
.4986
.4985
.4983
.4982
.498
.4979
.4978
.4976
.4975
.4973
.4972
.497
.4969
.4967
.4966
.4964
.4963
.4961
.496
.4958
.4957
.4955
.4954
.4952
.495
.4949
.4947
.4946
.4944
.4943
.4941
.494
.4938
.4936
.4935
.4933
.4932
.493
.4928
.4927
.4925
.4923
.4922
.492
.4919
.4917
.4915
.4914
.4912
.491
.4909
.4907
.4905
.4904
.4902
.49
.4898
.4897
.4895
.4893
.4892
.489
.4888
.4886
.4885
.4883
.4881
.488
.4878
.4876
.4874
.4873
.4871
.4869
.4867
.4865
.4864
.4862
.486
.4858
.4856
.4855
.4853
.4851
.4849
.4847
.4846
.4844
.4842
.484
.4838
.4836
.4834
.4833
.4831
.4829
.4827
.4825
.4823
.4821
.482
.4818
.4816
.4814
.4812
.481
.4808
.4806
.4804
.4802
.48
.4799
.4797
.4795
.4793
.4791
.4789
.4787
.4785
.4783
.4781
.4779
.4777
.4775
.4773
.4771
.4769
.4767
.4765
.4763
.4761
.4759
.4757
.4755
.4753
.4751
.4749
.4747
.4745
.4743
.4741
.4739
.4737
.4735
.4733
.4731
.4729
.4727
.4724
.4722
.472
.4718
.4716
.4714
.4712
.471
.4708
.4706
.4704
.4701
.4699
.4697
.4695
.4693
.4691
.4689
.4687
.4684
.4682
.468
.4678
.4676
.4674
.4672
.4669
.4667
.4665
.4663
.4661
.4659
.4656
.4654
.4652
.465
.4648
.4645
.4643
.4641
.4639
.4636
.4634
.4632
.463
.4628
.4625
.4623
.4621
.4619
.4616
.4614
.4612
.461
.4607
.4605
.4603
.46
.4598
.4596
.4594
.4591
.4589
.4587
.4584
.4582
.458
.4577
.4575
.4573
.457
.4568
.4566
.4563
.4561
.4559
.4556
.4554
.4552
.4549
.4547
.4545
.4542
.454
.4537
.4535
.4533
.453
.4528
.4525
.4523
.4521
.4518
.4516
.4513
.4511
.4508
.4506
.4503
.4501
.4499
.4496
.4494
.4491
.4489
.4486
.4484
.4481
.4479
.4476
.4474
.4471
.4469
.4466
.4464
.4461
.4458
.4456
.4453
.4451
.4448
.4446
.4443
.444
.4438
.4435
.4433
.443
.4428
.4425
.4422
.442
.4417
.4414
.4412
.4409
.4406
.4404
.4401
.4398
.4396
.4393
.439
.4388
.4385
.4382
.438
.4377
.4374
.4371
.4369
.4366
.4363
.436
.4358
.4355
.4352
.4349
.4347
.4344
.4341
.4338
.4335
.4332
.433
.4327
.4324
.4321
.4318
.4315
.4313
.431
.4307
.4304
.4301
.4298
.4295
.4292
.4289
.4286
.4283
.428
.4278
.4275
.4272
.4269
.4266
.4263
.426
.4257
.4254
.4251
.4248
.4245
.4241
.4238
.4235
.4232
.4229
.4226
.4223
.422
.4217
.4214
.4211
.4208
.4204
.4201
.4198
.4195
.4192
.4189
.4185
.4182
.4179
.4176
.4173
.4169
.4166
.4163
.416
.4157
.4153
.415
.4147
.4143
.414
.4137
.4134
.413
.4127
.4124
.412
.4117
.4114
.411
.4107
.4104
.41
.4097
.4093
.409
.4087
.4083
.408
.4076
.4073
.407
.4066
.4063
.4059
.4056
.4052
.4049
.4045
.4042
.4038
.4035
.4031
.4028
.4024
.4021
.4017
.4014
.401
.4006
.4003
.3999
.3996
.3992
.3989
.3985
.3981
.3978
.3974
.3971
.3967
.3963
.396
.3956
.3952
.3949
.3945
.3941
.3938
.3934
.393
.3927
.3923
.3919
.3915
.3912
.3908
.3904
.3901
.3897
.3893
.3889
.3886
.3882
.3878
.3874
.387
.3867
.3863
.3859
.3855
.3852
.3848
.3844
.384
.3836
.3833
.3829
.3825
.3821
.3817
.3813
.381
.3806
.3802
.3798
.3794
.379
.3786
.3783
.3779
.3775
.3771
.3767
.3763
.3759
.3755
.3752
.3748
.3744
.374
.3736
.3732
.3728
.3724
.372
.3716
.3712
.3709
.3705
.3701
.3697
.3693
.3689
.3685
.3681
.3677
.3673
.3669
.3665
.3661
.3657
.3653
.365
.3646
.3642
.3638
.3634
.363
.3626
.3622
.3618
.3614
.361
.3606
.3602
.3598
.3594
.359
.3586
.3582
.3578
.3574
.357
.3566
.3563
.3559
.3555
.3551
.3547
.3543
.3539
.3535
.3531
.3527
.3523
.3519
.3515
.3511
.3507
.3503
.3499
.3495
.3491
.3487
.3483
.3479
.3475
.3471
.3468
.3464
.346
.3456
.3452
.3448
.3444
.344
.3436
.3432
.3428
.3424
.342
.3416
.3412
.3408
.3404
.34
.3397
.3393
.3389
.3385
.3381
.3377
.3373
.3369
.3365
.3361
.3357
.3353
.3349
.3346
.3342
.3338
.3334
.333
.3326
.3322
.3318
.3314
.331
.3307
.3303
.3299
.3295
.3291
.3287
.3283
.3279
.3276
.3272
.3268
.3264
.326
.3256
.3252
.3249
.3245
.3241
.3237
.3233
.3229
.3225
.3222
.3218
.3214
.321
.3206
.3202
.3199
.3195
.3191
.3187
.3183
.318
.3176
.3172
.3168
.3164
.3161
.3157
.3153
.3149
.3146
.3142
.3138
.3134
.313
.3127
.3123
.3119
.3115
.3112
.3108
.3104
.31
.3097
.3093
.3089
.3086
.3082
.3078
.3074
.3071
.3067
.3063
.306
.3056
.3052
.3048
.3045
.3041
.3037
.3034
.303
.3026
.3023
.3019
.3015
.3012
.3008
.3004
.3001
.2997
.2993
.299
.2986
.2983
.2979
.2975
.2972
.2968
.2965
.2961
.2957
.2954
.295
.2947
.2943
.2939
.2936
.2932
.2929
.2925
.2921
.2918
.2914
.2911
.2907
.2904
.29
.2897
.2893
.289
.2886
.2883
.2879
.2876
.2872
.2868
.2865
.2862
.2858
.2855
.2851
.2848
.2844
.2841
.2837
.2834
.283
.2827
.2823
.282
.2816
.2813
.281
.2806
.2803
.2799
.2796
.2792
.2789
.2786
.2782
.2779
.2775
.2772
.2769
.2765
.2762
.2758
.2755
.2752
.2748
.2745
.2742
.2738
.2735
.2732
.2728
.2725
.2722
.2718
.2715
.2712
.2708
.2705
.2702
.2698
.2695
.2692
.2689
.2685
.2682
.2679
.2675
.2672
.2669
.2666
.2662
.2659
.2656
.2653
.2649
.2646
.2643
.264
.2636
.2633
.263
.2627
.2624
.262
.2617
.2614
.2611
.2608
.2604
.2601
.2598
.2595
.2592
.2589
.2586
.2582
.2579
.2576
.2573
.257
.2567
.2564
.256
.2557
.2554
.2551
.2548
.2545
.2542
.2539
.2536
.2533
.2529
.2526
.2523
.252
.2517
.2514
.2511
.2508
.2505
.2502
.2499
.2496
.2493
.249
.2487
.2484
.2481
.2478
.2475
.2472
.2469
.2466
.2463
.246
.2457
.2454
.2451
.2448
.2445
.2442
.2439
.2436
.2433
.243
.2427
.2424
.2421
.2418
.2416
.2413
.241
.2407
.2404
.2401
.2398
.2395
.2392
.2389
.2387
.2384
.2381
.2378
.2375
.2372
.2369
.2366
.2364
.2361
.2358
.2355
.2352
.2349
.2347
.2344
.2341
.2338
.2335
.2333
.233
.2327
.2324
.2321
.2319
.2316
.2313
.231
.2308
.2305
.2302
.2299
.2297
.2294
.2291
.2288
.2286
.2283
.228
.2277
.2275
.2272
.2269
.2267
.2264
.2261
.2258
.2256
.2253
.225
.2248
.2245
.2242
.224
.2237
.2234
.2232
.2229
.2226
.2224
.2221
.2218
.2216
.2213
.2211
.2208
.2205
.2203
.22
.2198
.2195
.2192
.219
.2187
.2185
.2182
.2179
.2177
.2174
.2172
.2169
.2167
.2164
.2161
.2159
.2156
.2154
.2151
.2149
.2146
.2144
.2141
.2139
.2136
.2134
.2131
.2129
.2126
.2124
.2121
.2119
.2116
.2114
.2111
.2109
.2106
.2104
.2101
.2099
.2096
.2094
.2092
.2089
.2087
.2084
.2082
.2079
.2077
.2075
.2072
.207
.2067
.2065
.2062
.206
.2058
.2055
.2053
.2051
.2048
.2046
.2043
.2041
.2039
.2036
.2034
.2032
.2029
.2027
.2025
.2022
.202
.2018
.2015
.2013
.2011
.2008
.2006
.2004
.2001
.1999
.1997
.1994
.1992
.199
.1987
.1985
.1983
.1981
.1978
.1976
.1974
.1972
.1969
.1967
.1965
.1963
.196
.1958
.1956
.1954
.1951
.1949
.1947
.1945
.1942
.194
.1938
.1936
.1934
.1931
.1929
.1927
.1925
.1923
.192
.1918
.1916
.1914
.1912
.191
.1907
.1905
.1903
.1901
.1899
.1897
.1894
.1892
.189
.1888
.1886
.1884
.1882
.188
.1877
.1875
.1873
.1871
.1869
.1867
.1865
.1863
.1861
.1858
.1856
.1854
.1852
.185
.1848
.1846
.1844
.1842
.184
.1838
.1836
.1834
.1832
.183
.1828
.1825
.1823
.1821
.1819
.1817
.1815
.1813
.1811
.1809
.1807
.1805
.1803
.1801
.1799
.1797
.1795
.1793
.1791
.1789
.1787
.1785
.1783
.1781
.1779
.1777
.1775
.1774
.1772
.177
.1768
.1766
.1764
.1762
.176
.1758
.1756
.1754
.1752
.175
.1748
.1746
.1744
.1743
.1741
.1739
.1737
.1735
.1733
.1731
.1729
.1727
.1725
.1724
.1722
.172
.1718
.1716
.1714
.1712
.1711
.1709
.1707
.1705
.1703
.1701
.1699
.1698
.1696
.1694
.1692
.169
.1688
.1687
.1685
.1683
.1681
.1679
.1677
.1676
.1674
.1672
.167
.1668
.1667
.1665
.1663
.1661
.1659
.1658
.1656
.1654
.1652
.1651
.1649
.1647
.1645
.1644
.1642
.164
.1638
.1637
.1635
.1633
.1631
.163
.1628
.1626
.1624
.1623
.1621
.1619
.1617
.1616
.1614
.1612
.1611
.1609
.1607
.1605
.1604
.1602
.16
.1599
.1597
.1595
.1594
.1592
.159
.1589
.1587
.1585
.1584
.1582
.158
.1579
.1577
.1575
.1574
.1572
.157
.1569
.1567
.1565
.1564
.1562
.156
.1559
.1557
.1556
.1554
.1552
.1551
.1549
.1547
.1546
.1544
.1543
.1541
.1539
.1538
.1536
.1535
.1533
.1531
.153
.1528
.1527
.1525
.1523
.1522
.152
.1519
.1517
.1516
.1514
.1513
.1511
.1509
.1508
.1506
.1505
.1503
.1502
.15
.1499
.1497
.1495
.1494
.1492
.1491
.1489
.1488
.1486
.1485
.1483
.1482
.148
.1479
.1477
.1476
.1474
.1473
.1471
.147
.1468
.1467
.1465
.1464
.1462
.1461
.1459
.1458
.1456
.1455
.1453
.1452
.145
.1449
.1447
.1446
.1444
.1443
.1442
.144
.1439
.1437
.1436
.1434
.1433
.1431
.143
.1429
.1427
.1426
.1424
.1423
.1421
.142
.1418
.1417
.1416
.1414
.1413
.1411
.141
.1409
.1407
.1406
.1404
.1403
.1402
.14
.1399
.1397
.1396
.1395
.1393
.1392
.139
.1389
.1388
.1386
.1385
.1384
.1382
.1381
.1379
.1378
.1377
.1375
.1374
.1373
.1371
.137
.1369
.1367
.1366
.1364
.1363
.1362
.136
.1359
.1358
.1356
.1355
.1354
.1352
.1351
.135
.1348
.1347
.1346
.1344
.1343
.1342
.1341
.1339
.1338
.1337
.1335
.1334
.1333
.1331
.133
.1329
.1328
.1326
.1325
.1324
.1322
.1321
.132
.1318
.1317
.1316
.1315
.1313
.1312
.1311
.131
.1308
.1307
.1306
.1304
.1303
.1302
.1301
.1299
.1298
.1297
.1296
.1294
.1293
.1292
.1291
.1289
.1288
.1287
.1286
.1285
.1283
.1282
.1281
.128
.1278
.1277
.1276
.1275
.1273
.1272
.1271
.127
.1269
.1267
.1266
.1265
.1264
.1263
.1261
.126
.1259
.1258
.1257
.1255
.1254
.1253
.1252
.1251
.1249
.1248
.1247
.1246
.1245
.1244
.1242
.1241
.124
.1239
.1238
.1236
.1235
.1234
.1233
.1232
.1231
.1229
.1228
.1227
.1226
.1225
.1224
.1223
.1221
.122
.1219
.1218
.1217
.1216
.1215
.1213
.1212
.1211
.121
.1209
.1208
.1207
.1205
.1204
.1203
.1202
.1201
.12
.1199
.1198
.1197
.1195
.1194
.1193
.1192
.1191
.119
.1189
.1188
.1187
.1185
.1184
.1183
.1182
.1181
.118
.1179
.1178
.1177
.1176
.1174
.1173
.1172
.1171
.117
.1169
.1168
.1167
.1166
.1165
.1164
.1163
.1162
.116
.1159
.1158
.1157
.1156
.1155
.1154
.1153
.1152
.1151
.115
.1149
.1148
.1147
.1146
.1145
.1144
.1143
.1141
.114
.1139
.1138
.1137
.1136
.1135
.1134
.1133
.1132
.1131
.113
.1129
.1128
.1127
.1126
.1125
.1124
.1123
.1122
.1121
.112
.1119
.1118
.1117
.1116
.1115
.1114
.1113
.1112
.1111
.111
.1109
.1108
.1107
.1106
.1105
.1104
.1103
.1102
.1101
.11
.1099
.1098
.1097
.1096
.1095
.1094
.1093
.1092
.1091
.109
.1089
.1088
.1087
.1086
.1085
.1084
.1083
.1082
.1081
.108
.1079
.1078
.1077
.1076
.1075
.1074
.1073
.1073
.1072
.1071
.107
.1069
.1068
.1067
.1066
.1065
.1064
.1063
.1062
.1061
.106
.1059
.1058
.1057
.1056
.1055
.1055
.1054
.1053
.1052
.1051
.105
.1049
.1048
.1047
.1046
.1045
.1044
.1043
.1042
.1042
.1041
.104
.1039
.1038
.1037
.1036
.1035
.1034
.1033
.1032
.1032
.1031
.103
.1029
.1028
.1027
.1026
.1025
.1024
.1023
.1023
.1022
.1021
.102
.1019
.1018
.1017
.1016
.1015
.1014
.1014
.1013
.1012
.1011
.101
.1009
.1008
.1007
.1007
.1006
.1005
.1004
.1003
.1002
.1001
.1
.1
.0999
.0998
.0997
.0996
.0995
.0994
.0993
.0993
.0992
.0991
.099
.0989
.0988
.0987
.0987
.0986
.0985
.0984
.0983
.0982
.0982
.0981
.098
.0979
.0978
.0977
.0976
.0976
.0975
.0974
.0973
.0972
.0971
.0971
.097
.0969
.0968
.0967
.0966
.0966
.0965
.0964
.0963
.0962
.0961
.0961
.096
.0959
.0958
.0957
.0956
.0956
.0955
.0954
.0953
.0952
.0952
.0951
.095
.0949
.0948
.0948
.0947
.0946
.0945
.0944
.0943
.0943
.0942
.0941
.094
.0939
.0939
.0938
.0937
.0936
.0935
.0935
.0934
.0933
.0932
.0931
.0931
.093
.0929
.0928
.0928
.0927
.0926
.0925
.0924
.0924
.0923
.0922
.0921
.092
.092
.0919
.0918
.0917
.0917
.0916
.0915
.0914
.0913
.0913
.0912
.0911
.091
.091
.0909
.0908
.0907
.0907
.0906
.0905
.0904
.0904
.0903
.0902
.0901
.09
.09
.0899
.0898
.0897
.0897
.0896
.0895
.0894
.0894
.0893
.0892
.0891
.0891
.089
.0889
.0888
.0888
.0887
.0886
.0885
.0885
.0884
.0883
.0882
.0882
.0881
.088
.088
.0879
.0878
.0877
.0877
.0876
.0875
.0874
.0874
.0873
.0872
.0871
.0871
.087
.0869
.0869
.0868
.0867
.0866
.0866
.0865
.0864
.0863
.0863
.0862
.0861
.0861
.086
.0859
.0858
.0858
.0857
.0856
.0856
.0855
.0854
.0853
.0853
.0852
.0851
.0851
.085
.0849
.0849
.0848
.0847
.0846
.0846
.0845
.0844
.0844
.0843
.0842
.0842
.0841
.084
.0839
.0839
.0838
.0837
.0837
.0836
.0835
.0835
.0834
.0833
.0833
.0832
.0831
.083
.083
.0829
.0828
.0828
.0827
.0826
.0826
.0825
.0824
.0824
.0823
.0822
.0822
.0821
.082
.082
.0819
.0818
.0818
.0817
.0816
.0816
.0815
.0814
.0813
.0813
.0812
.0811
.0811
.081
.0809
.0809
.0808
.0807
.0807
.0806
.0806
.0805
.0804
.0804
.0803
.0802
.0802
.0801
.08
.08
.0799
.0798
.0798
.0797
.0796
.0796
.0795
.0794
.0794
.0793
.0792
.0792
.0791
.079
.079
.0789
.0789
.0788
.0787
.0787
.0786
.0785
.0785
.0784
.0783
.0783
.0782
.0781
.0781
.078
.078
.0779
.0778
.0778
.0777
.0776
.0776
.0775
.0774
.0774
.0773
.0773
.0772
.0771
.0771
.077
.0769
.0769
.0768
.0768
.0767
.0766
.0766
.0765
.0764
.0764
.0763
.0763
.0762
.0761
.0761
.076
.0759
.0759
.0758
.0758
.0757
.0756
.0756
.0755
.0755
.0754
.0753
.0753
.0752
.0751
.0751
.075
.075
.0749
.0748
.0748
.0747
.0747
.0746
.0745
.0745
.0744
.0744
.0743
.0742
.0742
.0741
.0741
.074
.0739
.0739
.0738
.0738
.0737
.0736
.0736
.0735
.0735
.0734
.0733
.0733
.0732
.0732
.0731
.073
.073
.0729
.0729
.0728
.0728
.0727
.0726
.0726
.0725
.0725
.0724
.0723
.0723
.0722
.0722
.0721
.0721
.072
.0719
.0719
.0718
.0718
.0717
.0716
.0716
.0715
.0715
.0714
.0714
.0713
.0712
.0712
.0711
.0711
.071
.071
.0709
.0708
.0708
.0707
.0707
.0706
.0706
.0705
.0704
.0704
.0703
.0703
.0702
.0702
.0701
.0701
.07
.0699
.0699
.0698
.0698
.0697
.0697
.0696
.0695
.0695
.0694
.0694
.0693
.0693
.0692
.0692
.0691
.069
.069
.0689
.0689
.0688
.0688
.0687
.0687
.0686
.0685
.0685
.0684
.0684
.0683
.0683
.0682
.0682
.0681
.0681
.068
.0679
.0679
.0678
.0678
.0677
.0677
.0676
.0676
.0675
.0675
.0674
.0674
.0673
.0672
.0672
.0671
.0671
.067
.067
.0669
.0669
.0668
.0668
.0667
.0667
.0666
.0665
.0665
.0664
.0664
.0663
.0663
.0662
.0662
.0661
.0661
.066
.066
.0659
.0659
.0658
.0658
.0657
.0657
.0656
.0655
.0655
.0654
.0654
.0653
.0653
.0652
.0652
.0651
.0651
.065
.065
.0649
.0649
.0648
.0648
.0647
.0647
.0646
.0646
.0645
.0645
.0644
.0644
.0643
.0643
.0642
.0642
.0641
.0641
.064
.064
.0639
.0638
.0638
.0637
.0637
.0636
.0636
.0635
.0635
.0634
.0634
.0633
.0633
.0632
.0632
.0631
.0631
.063
.063
.0629
.0629
.0628
.0628
.0627
.0627
.0626
.0626
.0625
.0625
.0624
.0624
.0623
.0623
.0623
.0622
.0622
.0621
.0621
.062
.062
.0619
.0619
.0618
.0618
.0617
.0617
.0616
.0616
.0615
.0615
.0614
.0614
.0613
.0613
.0612
.0612
.0611
.0611
.061
.061
.0609
.0609
.0608
.0608
.0607
.0607
.0606
.0606
.0606
.0605
.0605
.0604
.0604
.0603
.0603
.0602
.0602
.0601
.0601
.06
.06
.0599
.0599
.0598
.0598
.0597
.0597
.0597
.0596
.0596
.0595
.0595
.0594
.0594
.0593
.0593
.0592
.0592
.0591
.0591
.059
.059
.059
.0589
.0589
.0588
.0588
.0587
.0587
.0586
.0586
.0585
.0585
.0584
.0584
.0584
.0583
.0583
.0582
.0582
.0581
.0581
.058
.058
.0579
.0579
.0579
.0578
.0578
.0577
.0577
.0576
.0576
.0575
.0575
.0574
.0574
.0574
.0573
.0573
.0572
.0572
.0571
.0571
.057
.057
.057
.0569
.0569
.0568
.0568
.0567
.0567
.0566
.0566
.0566
.0565
.0565
.0564
.0564
.0563
.0563
.0562
.0562
.0562
.0561
.0561
.056
.056
.0559
.0559
.0559
.0558
.0558
.0557
.0557
.0556
.0556
.0556
.0555
.0555
.0554
.0554
.0553
.0553
.0553
.0552
.0552
.0551
.0551
.055
.055
.055
.0549
.0549
.0548
.0548
.0547
.0547
.0547
.0546
.0546
.0545
.0545
.0544
.0544
.0544
.0543
.0543
.0542
.0542
.0541
.0541
.0541
.054
.054
.0539
.0539
.0539
.0538
.0538
.0537
.0537
.0536
.0536
.0536
.0535
.0535
.0534
.0534
.0534
.0533
.0533
.0532
.0532
.0532
.0531
.0531
.053
.053
.053
.0529
.0529
.0528
.0528
.0527
.0527
.0527
.0526
.0526
.0525
.0525
.0525
.0524
.0524
.0523
.0523
.0523
.0522
.0522
.0521
.0521
.0521
.052
.052
.0519
.0519
.0519
.0518
.0518
.0517
.0517
.0517
.0516
.0516
.0515
.0515
.0515
.0514
.0514
.0514
.0513
.0513
.0512
.0512
.0512
.0511
.0511
.051
.051
.051
.0509
.0509
.0508
.0508
.0508
.0507
.0507
.0507
.0506
.0506
.0505
.0505
.0505
.0504
.0504
.0503
.0503
.0503
.0502
.0502
.0502
.0501
.0501
.05
.05
.05
