.5582
.5574
.5566
.5558
.5551
.5544
.5536
.5529
.5523
.5516
.551
.5504
.5498
.5492
.5486
.5481
.5475
.547
.5465
.5461
.5456
.5452
.5447
.5443
.5439
.5435
.5432
.5428
.5425
.5421
.5418
.5415
.5412
.5409
.5407
.5404
.5401
.5399
.5397
.5394
.5392
.539
.5388
.5386
.5385
.5383
.5381
.538
.5378
.5376
.5375
.5374
.5372
.5371
.537
.5369
.5368
.5366
.5365
.5364
.5363
.5362
.5362
.5361
.536
.5359
.5358
.5357
.5357
.5356
.5355
.5355
.5354
.5353
.5353
.5352
.5351
.5351
.535
.535
.5349
.5349
.5348
.5348
.5347
.5347
.5346
.5346
.5345
.5345
.5344
.5344
.5343
.5343
.5342
.5342
.5342
.5341
.5341
.534
.534
.534
.5339
.5339
.5338
.5338
.5338
.5337
.5337
.5336
.5336
.5336
.5335
.5335
.5334
.5334
.5334
.5333
.5333
.5333
.5332
.5332
.5331
.5331
.5331
.533
.533
.533
.5329
.5329
.5328
.5328
.5328
.5327
.5327
.5327
.5326
.5326
.5325
.5325
.5325
.5324
.5324
.5324
.5323
.5323
.5322
.5322
.5322
.5321
.5321
.5321
.532
.532
.5319
.5319
.5319
.5318
.5318
.5317
.5317
.5317
.5316
.5316
.5315
.5315
.5315
.5314
.5314
.5313
.5313
.5313
.5312
.5312
.5311
.5311
.5311
.531
.531
.5309
.5309
.5309
.5308
.5308
.5307
.5307
.5306
.5306
.5306
.5305
.5305
.5304
.5304
.5303
.5303
.5303
.5302
.5302
.5301
.5301
.53
.53
.53
.5299
.5299
.5298
.5298
.5297
.5297
.5296
.5296
.5296
.5295
.5295
.5294
.5294
.5293
.5293
.5292
.5292
.5291
.5291
.529
.529
.5289
.5289
.5289
.5288
.5288
.5287
.5287
.5286
.5286
.5285
.5285
.5284
.5284
.5283
.5283
.5282
.5282
.5281
.5281
.528
.528
.5279
.5279
.5278
.5278
.5277
.5277
.5276
.5276
.5275
.5274
.5274
.5273
.5273
.5272
.5272
.5271
.5271
.527
.527
.5269
.5269
.5268
.5267
.5267
.5266
.5266
.5265
.5265
.5264
.5263
.5263
.5262
.5262
.5261
.5261
.526
.5259
.5259
.5258
.5258
.5257
.5256
.5256
.5255
.5255
.5254
.5253
.5253
.5252
.5252
.5251
.525
.525
.5249
.5248
.5248
.5247
.5246
.5246
.5245
.5244
.5244
.5243
.5242
.5242
.5241
.524
.524
.5239
.5238
.5238
.5237
.5236
.5236
.5235
.5234
.5234
.5233
.5232
.5231
.5231
.523
.5229
.5228
.5228
.5227
.5226
.5226
.5225
.5224
.5223
.5222
.5222
.5221
.522
.5219
.5219
.5218
.5217
.5216
.5215
.5215
.5214
.5213
.5212
.5211
.5211
.521
.5209
.5208
.5207
.5206
.5205
.5205
.5204
.5203
.5202
.5201
.52
.5199
.5199
.5198
.5197
.5196
.5195
.5194
.5193
.5192
.5191
.519
.5189
.5188
.5187
.5186
.5186
.5185
.5184
.5183
.5182
.5181
.518
.5179
.5178
.5177
.5176
.5175
.5174
.5172
.5171
.517
.5169
.5168
.5167
.5166
.5165
.5164
.5163
.5162
.5161
.516
.5158
.5157
.5156
.5155
.5154
.5153
.5152
.515
.5149
.5148
.5147
.5146
.5145
.5143
.5142
.5141
.514
.5138
.5137
.5136
.5135
.5133
.5132
.5131
.513
.5128
.5127
.5126
.5124
.5123
.5122
.5121
.5119
.5118
.5116
.5115
.5114
.5112
.5111
.511
.5108
.5107
.5105
.5104
.5102
.5101
.51
.5098
.5097
.5095
.5094
.5092
.5091
.5089
.5088
.5086
.5085
.5083
.5082
.508
.5078
.5077
.5075
.5074
.5072
.5071
.5069
.5067
.5066
.5064
.5062
.5061
.5059
.5057
.5056
.5054
.5052
.5051
.5049
.5047
.5045
.5044
.5042
.504
.5038
.5037
.5035
.5033
.5031
.5029
.5028
.5026
.5024
.5022
.502
.5018
.5017
.5015
.5013
.5011
.5009
.5007
.5005
.5003
.5001
.4999
.4997
.4995
.4994
.4992
.499
.4988
.4986
.4984
.4982
.498
.4977
.4975
.4973
.4971
.4969
.4967
.4965
.4963
.4961
.4959
.4957
.4955
.4952
.495
.4948
.4946
.4944
.4942
.4939
.4937
.4935
.4933
.4931
.4928
.4926
.4924
.4922
.4919
.4917
.4915
.4913
.491
.4908
.4906
.4904
.4901
.4899
.4897
.4894
.4892
.489
.4887
.4885
.4882
.488
.4878
.4875
.4873
.4871
.4868
.4866
.4863
.4861
.4859
.4856
.4854
.4851
.4849
.4846
.4844
.4841
.4839
.4836
.4834
.4831
.4829
.4826
.4824
.4821
.4819
.4816
.4814
.4811
.4809
.4806
.4804
.4801
.4798
.4796
.4793
.4791
.4788
.4786
.4783
.478
.4778
.4775
.4773
.477
.4767
.4765
.4762
.4759
.4757
.4754
.4752
.4749
.4746
.4744
.4741
.4738
.4736
.4733
.473
.4728
.4725
.4722
.472
.4717
.4714
.4711
.4709
.4706
.4703
.4701
.4698
.4695
.4692
.469
.4687
.4684
.4682
.4679
.4676
.4673
.4671
.4668
.4665
.4662
.466
.4657
.4654
.4651
.4649
.4646
.4643
.464
.4638
.4635
.4632
.4629
.4626
.4624
.4621
.4618
.4615
.4613
.461
.4607
.4604
.4601
.4599
.4596
.4593
.459
.4587
.4585
.4582
.4579
.4576
.4573
.4571
.4568
.4565
.4562
.4559
.4557
.4554
.4551
.4548
.4545
.4543
.454
.4537
.4534
.4531
.4528
.4526
.4523
.452
.4517
.4514
.4512
.4509
.4506
.4503
.45
.4497
.4495
.4492
.4489
.4486
.4483
.4481
.4478
.4475
.4472
.4469
.4466
.4464
.4461
.4458
.4455
.4452
.445
.4447
.4444
.4441
.4438
.4435
.4433
.443
.4427
.4424
.4421
.4418
.4416
.4413
.441
.4407
.4404
.4402
.4399
.4396
.4393
.439
.4387
.4385
.4382
.4379
.4376
.4373
.4371
.4368
.4365
.4362
.4359
.4356
.4354
.4351
.4348
.4345
.4342
.434
.4337
.4334
.4331
.4328
.4326
.4323
.432
.4317
.4314
.4311
.4309
.4306
.4303
.43
.4297
.4295
.4292
.4289
.4286
.4283
.4281
.4278
.4275
.4272
.4269
.4267
.4264
.4261
.4258
.4255
.4253
.425
.4247
.4244
.4242
.4239
.4236
.4233
.423
.4228
.4225
.4222
.4219
.4216
.4214
.4211
.4208
.4205
.4203
.42
.4197
.4194
.4191
.4189
.4186
.4183
.418
.4178
.4175
.4172
.4169
.4166
.4164
.4161
.4158
.4155
.4153
.415
.4147
.4144
.4142
.4139
.4136
.4133
.413
.4128
.4125
.4122
.4119
.4117
.4114
.4111
.4108
.4106
.4103
.41
.4097
.4095
.4092
.4089
.4086
.4084
.4081
.4078
.4075
.4073
.407
.4067
.4064
.4062
.4059
.4056
.4053
.4051
.4048
.4045
.4043
.404
.4037
.4034
.4032
.4029
.4026
.4023
.4021
.4018
.4015
.4013
.401
.4007
.4004
.4002
.3999
.3996
.3993
.3991
.3988
.3985
.3983
.398
.3977
.3975
.3972
.3969
.3966
.3964
.3961
.3958
.3956
.3953
.395
.3947
.3945
.3942
.3939
.3937
.3934
.3931
.3929
.3926
.3923
.3921
.3918
.3915
.3913
.391
.3907
.3904
.3902
.3899
.3896
.3894
.3891
.3888
.3886
.3883
.388
.3878
.3875
.3872
.387
.3867
.3864
.3862
.3859
.3856
.3854
.3851
.3849
.3846
.3843
.3841
.3838
.3835
.3833
.383
.3827
.3825
.3822
.3819
.3817
.3814
.3812
.3809
.3806
.3804
.3801
.3798
.3796
.3793
.3791
.3788
.3785
.3783
.378
.3777
.3775
.3772
.377
.3767
.3764
.3762
.3759
.3757
.3754
.3751
.3749
.3746
.3744
.3741
.3738
.3736
.3733
.3731
.3728
.3726
.3723
.372
.3718
.3715
.3713
.371
.3707
.3705
.3702
.37
.3697
.3695
.3692
.369
.3687
.3684
.3682
.3679
.3677
.3674
.3672
.3669
.3667
.3664
.3661
.3659
.3656
.3654
.3651
.3649
.3646
.3644
.3641
.3639
.3636
.3634
.3631
.3629
.3626
.3624
.3621
.3619
.3616
.3613
.3611
.3608
.3606
.3603
.3601
.3598
.3596
.3593
.3591
.3588
.3586
.3583
.3581
.3579
.3576
.3574
.3571
.3569
.3566
.3564
.3561
.3559
.3556
.3554
.3551
.3549
.3546
.3544
.3541
.3539
.3536
.3534
.3532
.3529
.3527
.3524
.3522
.3519
.3517
.3514
.3512
.351
.3507
.3505
.3502
.35
.3497
.3495
.3493
.349
.3488
.3485
.3483
.348
.3478
.3476
.3473
.3471
.3468
.3466
.3464
.3461
.3459
.3456
.3454
.3452
.3449
.3447
.3444
.3442
.344
.3437
.3435
.3432
.343
.3428
.3425
.3423
.3421
.3418
.3416
.3413
.3411
.3409
.3406
.3404
.3402
.3399
.3397
.3395
.3392
.339
.3388
.3385
.3383
.338
.3378
.3376
.3373
.3371
.3369
.3366
.3364
.3362
.3359
.3357
.3355
.3352
.335
.3348
.3346
.3343
.3341
.3339
.3336
.3334
.3332
.3329
.3327
.3325
.3322
.332
.3318
.3316
.3313
.3311
.3309
.3306
.3304
.3302
.3299
.3297
.3295
.3293
.329
.3288
.3286
.3284
.3281
.3279
.3277
.3274
.3272
.327
.3268
.3265
.3263
.3261
.3259
.3256
.3254
.3252
.325
.3247
.3245
.3243
.3241
.3238
.3236
.3234
.3232
.3229
.3227
.3225
.3223
.3221
.3218
.3216
.3214
.3212
.3209
.3207
.3205
.3203
.3201
.3198
.3196
.3194
.3192
.319
.3187
.3185
.3183
.3181
.3179
.3176
.3174
.3172
.317
.3168
.3165
.3163
.3161
.3159
.3157
.3154
.3152
.315
.3148
.3146
.3144
.3141
.3139
.3137
.3135
.3133
.3131
.3128
.3126
.3124
.3122
.312
.3118
.3116
.3113
.3111
.3109
.3107
.3105
.3103
.3101
.3098
.3096
.3094
.3092
.309
.3088
.3086
.3083
.3081
.3079
.3077
.3075
.3073
.3071
.3069
.3066
.3064
.3062
.306
.3058
.3056
.3054
.3052
.305
.3047
.3045
.3043
.3041
.3039
.3037
.3035
.3033
.3031
.3029
.3027
.3024
.3022
.302
.3018
.3016
.3014
.3012
.301
.3008
.3006
.3004
.3002
.2999
.2997
.2995
.2993
.2991
.2989
.2987
.2985
.2983
.2981
.2979
.2977
.2975
.2973
.2971
.2969
.2967
.2964
.2962
.296
.2958
.2956
.2954
.2952
.295
.2948
.2946
.2944
.2942
.294
.2938
.2936
.2934
.2932
.293
.2928
.2926
.2924
.2922
.292
.2918
.2916
.2914
.2912
.291
.2908
.2906
.2904
.2902
.29
.2898
.2896
.2894
.2892
.289
.2888
.2886
.2884
.2882
.288
.2878
.2876
.2874
.2872
.287
.2868
.2866
.2864
.2862
.286
.2858
.2856
.2854
.2852
.285
.2848
.2846
.2844
.2842
.284
.2838
.2836
.2834
.2832
.283
.2828
.2826
.2824
.2823
.2821
.2819
.2817
.2815
.2813
.2811
.2809
.2807
.2805
.2803
.2801
.2799
.2797
.2795
.2793
.2791
.2789
.2788
.2786
.2784
.2782
.278
.2778
.2776
.2774
.2772
.277
.2768
.2766
.2764
.2762
.2761
.2759
.2757
.2755
.2753
.2751
.2749
.2747
.2745
.2743
.2741
.274
.2738
.2736
.2734
.2732
.273
.2728
.2726
.2724
.2722
.2721
.2719
.2717
.2715
.2713
.2711
.2709
.2707
.2705
.2704
.2702
.27
.2698
.2696
.2694
.2692
.269
.2688
.2687
.2685
.2683
.2681
.2679
.2677
.2675
.2673
.2672
.267
.2668
.2666
.2664
.2662
.266
.2659
.2657
.2655
.2653
.2651
.2649
.2647
.2646
.2644
.2642
.264
.2638
.2636
.2634
.2633
.2631
.2629
.2627
.2625
.2623
.2621
.262
.2618
.2616
.2614
.2612
.261
.2609
.2607
.2605
.2603
.2601
.2599
.2598
.2596
.2594
.2592
.259
.2588
.2587
.2585
.2583
.2581
.2579
.2577
.2576
.2574
.2572
.257
.2568
.2566
.2565
.2563
.2561
.2559
.2557
.2556
.2554
.2552
.255
.2548
.2546
.2545
.2543
.2541
.2539
.2537
.2536
.2534
.2532
.253
.2528
.2527
.2525
.2523
.2521
.2519
.2518
.2516
.2514
.2512
.251
.2509
.2507
.2505
.2503
.2501
.25
.2498
.2496
.2494
.2492
.2491
.2489
.2487
.2485
.2483
.2482
.248
.2478
.2476
.2474
.2473
.2471
.2469
.2467
.2465
.2464
.2462
.246
.2458
.2456
.2455
.2453
.2451
.2449
.2448
.2446
.2444
.2442
.244
.2439
.2437
.2435
.2433
.2432
.243
.2428
.2426
.2424
.2423
.2421
.2419
.2417
.2415
.2414
.2412
.241
.2408
.2407
.2405
.2403
.2401
.2399
.2398
.2396
.2394
.2392
.2391
.2389
.2387
.2385
.2383
.2382
.238
.2378
.2376
.2375
.2373
.2371
.2369
.2367
.2366
.2364
.2362
.236
.2359
.2357
.2355
.2353
.2352
.235
.2348
.2346
.2344
.2343
.2341
.2339
.2337
.2336
.2334
.2332
.233
.2328
.2327
.2325
.2323
.2321
.232
.2318
.2316
.2314
.2312
.2311
.2309
.2307
.2305
.2304
.2302
.23
.2298
.2296
.2295
.2293
.2291
.2289
.2288
.2286
.2284
.2282
.228
.2279
.2277
.2275
.2273
.2272
.227
.2268
.2266
.2264
.2263
.2261
.2259
.2257
.2255
.2254
.2252
.225
.2248
.2247
.2245
.2243
.2241
.2239
.2238
.2236
.2234
.2232
.223
.2229
.2227
.2225
.2223
.2221
.222
.2218
.2216
.2214
.2212
.2211
.2209
.2207
.2205
.2204
.2202
.22
.2198
.2196
.2195
.2193
.2191
.2189
.2187
.2186
.2184
.2182
.218
.2178
.2176
.2175
.2173
.2171
.2169
.2167
.2166
.2164
.2162
.216
.2158
.2157
.2155
.2153
.2151
.2149
.2147
.2146
.2144
.2142
.214
.2138
.2137
.2135
.2133
.2131
.2129
.2127
.2126
.2124
.2122
.212
.2118
.2116
.2115
.2113
.2111
.2109
.2107
.2105
.2104
.2102
.21
.2098
.2096
.2094
.2093
.2091
.2089
.2087
.2085
.2083
.2082
.208
.2078
.2076
.2074
.2072
.207
.2069
.2067
.2065
.2063
.2061
.2059
.2058
.2056
.2054
.2052
.205
.2048
.2046
.2045
.2043
.2041
.2039
.2037
.2035
.2033
.2032
.203
.2028
.2026
.2024
.2022
.202
.2018
.2017
.2015
.2013
.2011
.2009
.2007
.2005
.2004
.2002
.2
.1998
.1996
.1994
.1992
.199
.1989
.1987
.1985
.1983
.1981
.1979
.1977
.1975
.1974
.1972
.197
.1968
.1966
.1964
.1962
.196
.1958
.1957
.1955
.1953
.1951
.1949
.1947
.1945
.1943
.1942
.194
.1938
.1936
.1934
.1932
.193
.1928
.1926
.1925
.1923
.1921
.1919
.1917
.1915
.1913
.1911
.191
.1908
.1906
.1904
.1902
.19
.1898
.1896
.1894
.1893
.1891
.1889
.1887
.1885
.1883
.1881
.1879
.1878
.1876
.1874
.1872
.187
.1868
.1866
.1864
.1863
.1861
.1859
.1857
.1855
.1853
.1851
.1849
.1848
.1846
.1844
.1842
.184
.1838
.1836
.1834
.1833
.1831
.1829
.1827
.1825
.1823
.1821
.182
.1818
.1816
.1814
.1812
.181
.1808
.1807
.1805
.1803
.1801
.1799
.1797
.1796
.1794
.1792
.179
.1788
.1786
.1785
.1783
.1781
.1779
.1777
.1775
.1774
.1772
.177
.1768
.1766
.1765
.1763
.1761
.1759
.1757
.1755
.1754
.1752
.175
.1748
.1746
.1745
.1743
.1741
.1739
.1737
.1736
.1734
.1732
.173
.1729
.1727
.1725
.1723
.1721
.172
.1718
.1716
.1714
.1713
.1711
.1709
.1707
.1706
.1704
.1702
.17
.1699
.1697
.1695
.1693
.1692
.169
.1688
.1686
.1685
.1683
.1681
.168
.1678
.1676
.1674
.1673
.1671
.1669
.1668
.1666
.1664
.1662
.1661
.1659
.1657
.1656
.1654
.1652
.1651
.1649
.1647
.1646
.1644
.1642
.1641
.1639
.1637
.1636
.1634
.1632
.1631
.1629
.1627
.1626
.1624
.1622
.1621
.1619
.1618
.1616
.1614
.1613
.1611
.1609
.1608
.1606
.1605
.1603
.1601
.16
.1598
.1597
.1595
.1593
.1592
.159
.1589
.1587
.1586
.1584
.1582
.1581
.1579
.1578
.1576
.1575
.1573
.1571
.157
.1568
.1567
.1565
.1564
.1562
.1561
.1559
.1558
.1556
.1555
.1553
.1551
.155
.1548
.1547
.1545
.1544
.1542
.1541
.1539
.1538
.1536
.1535
.1533
.1532
.153
.1529
.1528
.1526
.1525
.1523
.1522
.152
.1519
.1517
.1516
.1514
.1513
.1511
.151
.1509
.1507
.1506
.1504
.1503
.1501
.15
.1498
.1497
.1496
.1494
.1493
.1491
.149
.1489
.1487
.1486
.1484
.1483
.1482
.148
.1479
.1477
.1476
.1475
.1473
.1472
.147
.1469
.1468
.1466
.1465
.1464
.1462
.1461
.146
.1458
.1457
.1455
.1454
.1453
.1451
.145
.1449
.1447
.1446
.1445
.1443
.1442
.1441
.1439
.1438
.1437
.1435
.1434
.1433
.1432
.143
.1429
.1428
.1426
.1425
.1424
.1422
.1421
.142
.1419
.1417
.1416
.1415
.1413
.1412
.1411
.141
.1408
.1407
.1406
.1404
.1403
.1402
.1401
.1399
.1398
.1397
.1396
.1394
.1393
.1392
.1391
.1389
.1388
.1387
.1386
.1385
.1383
.1382
.1381
.138
.1378
.1377
.1376
.1375
.1374
.1372
.1371
.137
.1369
.1367
.1366
.1365
.1364
.1363
.1361
.136
.1359
.1358
.1357
.1356
.1354
.1353
.1352
.1351
.135
.1348
.1347
.1346
.1345
.1344
.1343
.1341
.134
.1339
.1338
.1337
.1336
.1335
.1333
.1332
.1331
.133
.1329
.1328
.1327
.1325
.1324
.1323
.1322
.1321
.132
.1319
.1317
.1316
.1315
.1314
.1313
.1312
.1311
.131
.1309
.1307
.1306
.1305
.1304
.1303
.1302
.1301
.13
.1299
.1298
.1296
.1295
.1294
.1293
.1292
.1291
.129
.1289
.1288
.1287
.1286
.1284
.1283
.1282
.1281
.128
.1279
.1278
.1277
.1276
.1275
.1274
.1273
.1272
.1271
.127
.1269
.1268
.1266
.1265
.1264
.1263
.1262
.1261
.126
.1259
.1258
.1257
.1256
.1255
.1254
.1253
.1252
.1251
.125
.1249
.1248
.1247
.1246
.1245
.1244
.1243
.1242
.1241
.124
.1239
.1238
.1237
.1236
.1235
.1234
.1233
.1232
.1231
.123
.1229
.1228
.1227
.1226
.1225
.1224
.1223
.1222
.1221
.122
.1219
.1218
.1217
.1216
.1215
.1214
.1213
.1212
.1211
.121
.1209
.1208
.1207
.1206
.1205
.1204
.1203
.1202
.1201
.12
.12
.1199
.1198
.1197
.1196
.1195
.1194
.1193
.1192
.1191
.119
.1189
.1188
.1187
.1186
.1185
.1184
.1184
.1183
.1182
.1181
.118
.1179
.1178
.1177
.1176
.1175
.1174
.1173
.1172
.1172
.1171
.117
.1169
.1168
.1167
.1166
.1165
.1164
.1163
.1162
.1162
.1161
.116
.1159
.1158
.1157
.1156
.1155
.1154
.1153
.1153
.1152
.1151
.115
.1149
.1148
.1147
.1146
.1145
.1145
.1144
.1143
.1142
.1141
.114
.1139
.1138
.1138
.1137
.1136
.1135
.1134
.1133
.1132
.1132
.1131
.113
.1129
.1128
.1127
.1126
.1126
.1125
.1124
.1123
.1122
.1121
.112
.112
.1119
.1118
.1117
.1116
.1115
.1115
.1114
.1113
.1112
.1111
.111
.1109
.1109
.1108
.1107
.1106
.1105
.1105
.1104
.1103
.1102
.1101
.11
.11
.1099
.1098
.1097
.1096
.1095
.1095
.1094
.1093
.1092
.1091
.1091
.109
.1089
.1088
.1087
.1087
.1086
.1085
.1084
.1083
.1083
.1082
.1081
.108
.1079
.1079
.1078
.1077
.1076
.1075
.1075
.1074
.1073
.1072
.1071
.1071
.107
.1069
.1068
.1068
.1067
.1066
.1065
.1064
.1064
.1063
.1062
.1061
.1061
.106
.1059
.1058
.1057
.1057
.1056
.1055
.1054
.1054
.1053
.1052
.1051
.1051
.105
.1049
.1048
.1048
.1047
.1046
.1045
.1045
.1044
.1043
.1042
.1042
.1041
.104
.1039
.1039
.1038
.1037
.1036
.1036
.1035
.1034
.1033
.1033
.1032
.1031
.103
.103
.1029
.1028
.1028
.1027
.1026
.1025
.1025
.1024
.1023
.1022
.1022
.1021
.102
.102
.1019
.1018
.1017
.1017
.1016
.1015
.1015
.1014
.1013
.1012
.1012
.1011
.101
.101
.1009
.1008
.1007
.1007
.1006
.1005
.1005
.1004
.1003
.1002
.1002
.1001
.1
.1
.0999
.0998
.0998
.0997
.0996
.0996
.0995
.0994
.0993
.0993
.0992
.0991
.0991
.099
.0989
.0989
.0988
.0987
.0987
.0986
.0985
.0985
.0984
.0983
.0983
.0982
.0981
.0981
.098
.0979
.0978
.0978
.0977
.0976
.0976
.0975
.0974
.0974
.0973
.0972
.0972
.0971
.097
.097
.0969
.0969
.0968
.0967
.0967
.0966
.0965
.0965
.0964
.0963
.0963
.0962
.0961
.0961
.096
.0959
.0959
.0958
.0957
.0957
.0956
.0955
.0955
.0954
.0954
.0953
.0952
.0952
.0951
.095
.095
.0949
.0948
.0948
.0947
.0947
.0946
.0945
.0945
.0944
.0943
.0943
.0942
.0942
.0941
.094
.094
.0939
.0938
.0938
.0937
.0937
.0936
.0935
.0935
.0934
.0933
.0933
.0932
.0932
.0931
.093
.093
.0929
.0928
.0928
.0927
.0927
.0926
.0925
.0925
.0924
.0924
.0923
.0922
.0922
.0921
.0921
.092
.0919
.0919
.0918
.0918
.0917
.0916
.0916
.0915
.0915
.0914
.0913
.0913
.0912
.0912
.0911
.091
.091
.0909
.0909
.0908
.0908
.0907
.0906
.0906
.0905
.0905
.0904
.0903
.0903
.0902
.0902
.0901
.0901
.09
.0899
.0899
.0898
.0898
.0897
.0896
.0896
.0895
.0895
.0894
.0894
.0893
.0892
.0892
.0891
.0891
.089
.089
.0889
.0888
.0888
.0887
.0887
.0886
.0886
.0885
.0885
.0884
.0883
.0883
.0882
.0882
.0881
.0881
.088
.088
.0879
.0878
.0878
.0877
.0877
.0876
.0876
.0875
.0875
.0874
.0873
.0873
.0872
.0872
.0871
.0871
.087
.087
.0869
.0869
.0868
.0867
.0867
.0866
.0866
.0865
.0865
.0864
.0864
.0863
.0863
.0862
.0862
.0861
.086
.086
.0859
.0859
.0858
.0858
.0857
.0857
.0856
.0856
.0855
.0855
.0854
.0854
.0853
.0853
.0852
.0851
.0851
.085
.085
.0849
.0849
.0848
.0848
.0847
.0847
.0846
.0846
.0845
.0845
.0844
.0844
.0843
.0843
.0842
.0842
.0841
.0841
.084
.084
.0839
.0839
.0838
.0838
.0837
.0837
.0836
.0836
.0835
.0834
.0834
.0833
.0833
.0832
.0832
.0831
.0831
.083
.083
.0829
.0829
.0828
.0828
.0827
.0827
.0826
.0826
.0825
.0825
.0825
.0824
.0824
.0823
.0823
.0822
.0822
.0821
.0821
.082
.082
.0819
.0819
.0818
.0818
.0817
.0817
.0816
.0816
.0815
.0815
.0814
.0814
.0813
.0813
.0812
.0812
.0811
.0811
.081
.081
.0809
.0809
.0808
.0808
.0808
.0807
.0807
.0806
.0806
.0805
.0805
.0804
.0804
.0803
.0803
.0802
.0802
.0801
.0801
.08
.08
.08
.0799
.0799
.0798
.0798
.0797
.0797
.0796
.0796
.0795
.0795
.0794
.0794
.0794
.0793
.0793
.0792
.0792
.0791
.0791
.079
.079
.0789
.0789
.0788
.0788
.0788
.0787
.0787
.0786
.0786
.0785
.0785
.0784
.0784
.0783
.0783
.0783
.0782
.0782
.0781
.0781
.078
.078
.0779
.0779
.0779
.0778
.0778
.0777
.0777
.0776
.0776
.0775
.0775
.0775
.0774
.0774
.0773
.0773
.0772
.0772
.0772
.0771
.0771
.077
.077
.0769
.0769
.0768
.0768
.0768
.0767
.0767
.0766
.0766
.0765
.0765
.0765
.0764
.0764
.0763
.0763
.0762
.0762
.0762
.0761
.0761
.076
.076
.0759
.0759
.0759
.0758
.0758
.0757
.0757
.0757
.0756
.0756
.0755
.0755
.0754
.0754
.0754
.0753
.0753
.0752
.0752
.0751
.0751
.0751
.075
.075
.0749
.0749
.0749
.0748
.0748
.0747
.0747
.0747
.0746
.0746
.0745
.0745
.0744
.0744
.0744
.0743
.0743
.0742
.0742
.0742
.0741
.0741
.074
.074
.074
.0739
.0739
.0738
.0738
.0738
.0737
.0737
.0736
.0736
.0736
.0735
.0735
.0734
.0734
.0734
.0733
.0733
.0732
.0732
.0732
.0731
.0731
.073
.073
.073
.0729
.0729
.0728
.0728
.0728
.0727
.0727
.0726
.0726
.0726
.0725
.0725
.0725
.0724
.0724
.0723
.0723
.0723
.0722
.0722
.0721
.0721
.0721
.072
.072
.0719
.0719
.0719
.0718
.0718
.0718
.0717
.0717
.0716
.0716
.0716
.0715
.0715
.0715
.0714
.0714
.0713
.0713
.0713
.0712
.0712
.0712
.0711
.0711
.071
.071
.071
.0709
.0709
.0709
.0708
.0708
.0707
.0707
.0707
.0706
.0706
.0706
.0705
.0705
.0704
.0704
.0704
.0703
.0703
.0703
.0702
.0702
.0702
.0701
.0701
.07
.07
.07
.0699
.0699
.0699
.0698
.0698
.0697
.0697
.0697
.0696
.0696
.0696
.0695
.0695
.0695
.0694
.0694
.0694
.0693
.0693
.0692
.0692
.0692
.0691
.0691
.0691
.069
.069
.069
.0689
.0689
.0689
.0688
.0688
.0687
.0687
.0687
.0686
.0686
.0686
.0685
.0685
.0685
.0684
.0684
.0684
.0683
.0683
.0683
.0682
.0682
.0682
.0681
.0681
.0681
.068
.068
.0679
.0679
.0679
.0678
.0678
.0678
.0677
.0677
.0677
.0676
.0676
.0676
.0675
.0675
.0675
.0674
.0674
.0674
.0673
.0673
.0673
.0672
.0672
.0672
.0671
.0671
.0671
.067
.067
.067
.0669
.0669
.0669
.0668
.0668
.0668
.0667
.0667
.0667
.0666
.0666
.0666
.0665
.0665
.0665
.0664
.0664
.0664
.0663
.0663
.0663
.0662
.0662
.0662
.0661
.0661
.0661
.066
.066
.066
.0659
.0659
.0659
.0658
.0658
.0658
.0657
.0657
.0657
.0656
.0656
.0656
.0655
.0655
.0655
.0655
.0654
.0654
.0654
.0653
.0653
.0653
.0652
.0652
.0652
.0651
.0651
.0651
.065
.065
.065
.0649
.0649
.0649
.0648
.0648
.0648
.0648
.0647
.0647
.0647
.0646
.0646
.0646
.0645
.0645
.0645
.0644
.0644
.0644
.0643
.0643
.0643
.0643
.0642
.0642
.0642
.0641
.0641
.0641
.064
.064
.064
.0639
.0639
.0639
.0639
.0638
.0638
.0638
.0637
.0637
.0637
.0636
.0636
.0636
.0635
.0635
.0635
.0635
.0634
.0634
.0634
.0633
.0633
.0633
.0632
.0632
.0632
.0632
.0631
.0631
.0631
.063
.063
.063
.0629
.0629
.0629
.0629
.0628
.0628
.0628
.0627
.0627
.0627
.0626
.0626
.0626
.0626
.0625
.0625
.0625
.0624
.0624
.0624
.0624
.0623
.0623
.0623
.0622
.0622
.0622
.0621
.0621
.0621
.0621
.062
.062
.062
.0619
.0619
.0619
.0619
.0618
.0618
.0618
.0617
.0617
.0617
.0617
.0616
.0616
.0616
.0615
.0615
.0615
.0615
.0614
.0614
.0614
.0613
.0613
.0613
.0613
.0612
.0612
.0612
.0611
.0611
.0611
.0611
.061
.061
.061
.0609
.0609
.0609
.0609
.0608
.0608
.0608
.0608
.0607
.0607
.0607
.0606
.0606
.0606
.0606
.0605
.0605
.0605
.0604
.0604
.0604
.0604
.0603
.0603
.0603
.0603
.0602
.0602
.0602
.0601
.0601
.0601
.0601
.06
.06
.06
.06
.0599
.0599
.0599
.0598
.0598
.0598
.0598
.0597
.0597
.0597
.0597
.0596
.0596
.0596
.0595
.0595
.0595
.0595
.0594
.0594
.0594
.0594
.0593
.0593
.0593
.0593
.0592
.0592
.0592
.0591
.0591
.0591
.0591
.059
.059
.059
.059
.0589
.0589
.0589
.0589
.0588
.0588
.0588
.0588
.0587
.0587
.0587
.0586
.0586
.0586
.0586
.0585
.0585
.0585
.0585
.0584
.0584
.0584
.0584
.0583
.0583
.0583
.0583
.0582
.0582
.0582
.0582
.0581
.0581
.0581
.0581
.058
.058
.058
.058
.0579
.0579
.0579
.0578
.0578
.0578
.0578
.0577
.0577
.0577
.0577
.0576
.0576
.0576
.0576
.0575
.0575
.0575
.0575
.0574
.0574
.0574
.0574
.0573
.0573
.0573
.0573
.0572
.0572
.0572
.0572
.0571
.0571
.0571
.0571
.057
.057
.057
.057
.0569
.0569
.0569
.0569
.0569
.0568
.0568
.0568
.0568
.0567
.0567
.0567
.0567
.0566
.0566
.0566
.0566
.0565
.0565
.0565
.0565
.0564
.0564
.0564
.0564
.0563
.0563
.0563
.0563
.0562
.0562
.0562
.0562
.0561
.0561
.0561
.0561
.056
.056
.056
.056
.056
.0559
.0559
.0559
.0559
.0558
.0558
.0558
.0558
.0557
.0557
.0557
.0557
.0556
.0556
.0556
.0556
.0556
.0555
.0555
.0555
.0555
.0554
.0554
.0554
.0554
.0553
.0553
.0553
.0553
.0552
.0552
.0552
.0552
.0552
.0551
.0551
.0551
.0551
.055
.055
.055
.055
.0549
.0549
.0549
.0549
.0549
.0548
.0548
.0548
.0548
.0547
.0547
.0547
.0547
.0546
.0546
.0546
.0546
.0546
.0545
.0545
.0545
.0545
.0544
.0544
.0544
.0544
.0544
.0543
.0543
.0543
.0543
.0542
.0542
.0542
.0542
.0542
.0541
.0541
.0541
.0541
.054
.054
.054
.054
.054
.0539
.0539
.0539
.0539
.0538
.0538
.0538
.0538
.0538
.0537
.0537
.0537
.0537
.0536
.0536
.0536
.0536
.0536
.0535
.0535
.0535
.0535
.0534
.0534
.0534
.0534
.0534
.0533
.0533
.0533
.0533
.0532
.0532
.0532
.0532
.0532
.0531
.0531
.0531
.0531
.0531
.053
.053
.053
.053
.0529
.0529
.0529
.0529
.0529
.0528
.0528
.0528
.0528
.0528
.0527
.0527
.0527
.0527
.0526
.0526
.0526
.0526
.0526
.0525
.0525
.0525
.0525
.0525
.0524
.0524
.0524
.0524
.0524
.0523
.0523
.0523
.0523
.0522
.0522
.0522
.0522
.0522
.0521
.0521
.0521
.0521
.0521
.052
.052
.052
.052
.052
.0519
.0519
.0519
.0519
.0519
.0518
.0518
.0518
.0518
.0517
.0517
.0517
.0517
.0517
.0516
.0516
.0516
.0516
.0516
.0515
.0515
.0515
.0515
.0515
.0514
.0514
.0514
.0514
.0514
.0513
.0513
.0513
.0513
.0513
.0512
.0512
.0512
.0512
.0512
.0511
.0511
.0511
.0511
.0511
.051
.051
.051
.051
.051
.0509
.0509
.0509
.0509
.0509
.0508
.0508
.0508
.0508
.0508
.0507
.0507
.0507
.0507
.0507
.0506
.0506
.0506
.0506
.0506
.0505
.0505
.0505
.0505
.0505
.0504
.0504
.0504
.0504
.0504
.0503
.0503
.0503
.0503
.0503
.0503
.0502
.0502
.0502
.0502
.0502
.0501
.0501
.0501
.0501
.0501
.05
.05
.05
