.6157
.6131
.6104
.6078
.6051
.6025
.5998
.5972
.5946
.592
.5894
.5869
.5843
.5818
.5794
.5769
.5745
.5722
.5698
.5675
.5653
.5631
.561
.5589
.5569
.5549
.553
.5511
.5493
.5476
.5459
.5443
.5428
.5413
.5399
.5385
.5372
.536
.5348
.5337
.5326
.5316
.5307
.5297
.5289
.5281
.5273
.5266
.5259
.5253
.5247
.5241
.5236
.5231
.5227
.5222
.5218
.5215
.5211
.5208
.5205
.5202
.52
.5197
.5195
.5193
.5191
.5189
.5187
.5186
.5184
.5183
.5181
.518
.5179
.5178
.5177
.5176
.5175
.5175
.5174
.5173
.5173
.5172
.5171
.5171
.517
.517
.5169
.5169
.5169
.5168
.5168
.5167
.5167
.5167
.5167
.5166
.5166
.5166
.5165
.5165
.5165
.5165
.5164
.5164
.5164
.5164
.5164
.5163
.5163
.5163
.5163
.5163
.5162
.5162
.5162
.5162
.5162
.5161
.5161
.5161
.5161
.5161
.516
.516
.516
.516
.516
.516
.5159
.5159
.5159
.5159
.5159
.5158
.5158
.5158
.5158
.5158
.5157
.5157
.5157
.5157
.5157
.5157
.5156
.5156
.5156
.5156
.5156
.5155
.5155
.5155
.5155
.5155
.5154
.5154
.5154
.5154
.5154
.5153
.5153
.5153
.5153
.5153
.5152
.5152
.5152
.5152
.5152
.5151
.5151
.5151
.5151
.5151
.515
.515
.515
.515
.5149
.5149
.5149
.5149
.5149
.5148
.5148
.5148
.5148
.5148
.5147
.5147
.5147
.5147
.5146
.5146
.5146
.5146
.5146
.5145
.5145
.5145
.5145
.5144
.5144
.5144
.5144
.5143
.5143
.5143
.5143
.5143
.5142
.5142
.5142
.5142
.5141
.5141
.5141
.5141
.514
.514
.514
.514
.5139
.5139
.5139
.5139
.5138
.5138
.5138
.5138
.5137
.5137
.5137
.5137
.5136
.5136
.5136
.5136
.5135
.5135
.5135
.5134
.5134
.5134
.5134
.5133
.5133
.5133
.5133
.5132
.5132
.5132
.5131
.5131
.5131
.5131
.513
.513
.513
.5129
.5129
.5129
.5129
.5128
.5128
.5128
.5127
.5127
.5127
.5127
.5126
.5126
.5126
.5125
.5125
.5125
.5124
.5124
.5124
.5123
.5123
.5123
.5122
.5122
.5122
.5122
.5121
.5121
.5121
.512
.512
.512
.5119
.5119
.5118
.5118
.5118
.5117
.5117
.5117
.5116
.5116
.5116
.5115
.5115
.5115
.5114
.5114
.5114
.5113
.5113
.5112
.5112
.5112
.5111
.5111
.5111
.511
.511
.5109
.5109
.5109
.5108
.5108
.5107
.5107
.5107
.5106
.5106
.5105
.5105
.5105
.5104
.5104
.5103
.5103
.5102
.5102
.5102
.5101
.5101
.51
.51
.5099
.5099
.5098
.5098
.5098
.5097
.5097
.5096
.5096
.5095
.5095
.5094
.5094
.5093
.5093
.5092
.5092
.5091
.5091
.509
.509
.5089
.5089
.5088
.5088
.5087
.5087
.5086
.5086
.5085
.5085
.5084
.5084
.5083
.5082
.5082
.5081
.5081
.508
.508
.5079
.5079
.5078
.5077
.5077
.5076
.5076
.5075
.5074
.5074
.5073
.5073
.5072
.5071
.5071
.507
.5069
.5069
.5068
.5067
.5067
.5066
.5066
.5065
.5064
.5063
.5063
.5062
.5061
.5061
.506
.5059
.5059
.5058
.5057
.5056
.5056
.5055
.5054
.5054
.5053
.5052
.5051
.505
.505
.5049
.5048
.5047
.5047
.5046
.5045
.5044
.5043
.5043
.5042
.5041
.504
.5039
.5038
.5037
.5037
.5036
.5035
.5034
.5033
.5032
.5031
.503
.5029
.5029
.5028
.5027
.5026
.5025
.5024
.5023
.5022
.5021
.502
.5019
.5018
.5017
.5016
.5015
.5014
.5013
.5012
.5011
.501
.5009
.5008
.5007
.5005
.5004
.5003
.5002
.5001
.5
.4999
.4998
.4997
.4995
.4994
.4993
.4992
.4991
.4989
.4988
.4987
.4986
.4985
.4983
.4982
.4981
.498
.4978
.4977
.4976
.4974
.4973
.4972
.497
.4969
.4968
.4966
.4965
.4964
.4962
.4961
.4959
.4958
.4957
.4955
.4954
.4952
.4951
.4949
.4948
.4946
.4945
.4943
.4942
.494
.4939
.4937
.4936
.4934
.4932
.4931
.4929
.4928
.4926
.4924
.4923
.4921
.4919
.4918
.4916
.4914
.4912
.4911
.4909
.4907
.4905
.4904
.4902
.49
.4898
.4896
.4895
.4893
.4891
.4889
.4887
.4885
.4883
.4881
.488
.4878
.4876
.4874
.4872
.487
.4868
.4866
.4864
.4862
.486
.4857
.4855
.4853
.4851
.4849
.4847
.4845
.4843
.484
.4838
.4836
.4834
.4832
.4829
.4827
.4825
.4823
.482
.4818
.4816
.4814
.4811
.4809
.4807
.4804
.4802
.4799
.4797
.4795
.4792
.479
.4787
.4785
.4782
.478
.4777
.4775
.4772
.477
.4767
.4765
.4762
.4759
.4757
.4754
.4751
.4749
.4746
.4743
.4741
.4738
.4735
.4733
.473
.4727
.4724
.4722
.4719
.4716
.4713
.471
.4708
.4705
.4702
.4699
.4696
.4693
.469
.4687
.4684
.4681
.4678
.4675
.4672
.4669
.4666
.4663
.466
.4657
.4654
.4651
.4648
.4645
.4642
.4639
.4636
.4632
.4629
.4626
.4623
.462
.4617
.4613
.461
.4607
.4604
.46
.4597
.4594
.459
.4587
.4584
.458
.4577
.4574
.457
.4567
.4564
.456
.4557
.4553
.455
.4547
.4543
.454
.4536
.4533
.4529
.4526
.4522
.4519
.4515
.4512
.4508
.4504
.4501
.4497
.4494
.449
.4487
.4483
.4479
.4476
.4472
.4468
.4465
.4461
.4457
.4454
.445
.4446
.4443
.4439
.4435
.4431
.4428
.4424
.442
.4416
.4412
.4409
.4405
.4401
.4397
.4393
.439
.4386
.4382
.4378
.4374
.437
.4366
.4363
.4359
.4355
.4351
.4347
.4343
.4339
.4335
.4331
.4327
.4323
.4319
.4316
.4312
.4308
.4304
.43
.4296
.4292
.4288
.4284
.428
.4276
.4272
.4268
.4264
.4259
.4255
.4251
.4247
.4243
.4239
.4235
.4231
.4227
.4223
.4219
.4215
.4211
.4207
.4202
.4198
.4194
.419
.4186
.4182
.4178
.4174
.417
.4165
.4161
.4157
.4153
.4149
.4145
.4141
.4136
.4132
.4128
.4124
.412
.4116
.4111
.4107
.4103
.4099
.4095
.4091
.4086
.4082
.4078
.4074
.407
.4065
.4061
.4057
.4053
.4049
.4044
.404
.4036
.4032
.4028
.4023
.4019
.4015
.4011
.4006
.4002
.3998
.3994
.399
.3985
.3981
.3977
.3973
.3968
.3964
.396
.3956
.3952
.3947
.3943
.3939
.3935
.393
.3926
.3922
.3918
.3914
.3909
.3905
.3901
.3897
.3892
.3888
.3884
.388
.3876
.3871
.3867
.3863
.3859
.3855
.385
.3846
.3842
.3838
.3833
.3829
.3825
.3821
.3817
.3812
.3808
.3804
.38
.3796
.3791
.3787
.3783
.3779
.3775
.377
.3766
.3762
.3758
.3754
.3749
.3745
.3741
.3737
.3733
.3729
.3724
.372
.3716
.3712
.3708
.3703
.3699
.3695
.3691
.3687
.3683
.3679
.3674
.367
.3666
.3662
.3658
.3654
.3649
.3645
.3641
.3637
.3633
.3629
.3625
.3621
.3616
.3612
.3608
.3604
.36
.3596
.3592
.3588
.3584
.3579
.3575
.3571
.3567
.3563
.3559
.3555
.3551
.3547
.3543
.3539
.3534
.353
.3526
.3522
.3518
.3514
.351
.3506
.3502
.3498
.3494
.349
.3486
.3482
.3478
.3474
.347
.3466
.3462
.3458
.3453
.3449
.3445
.3441
.3437
.3433
.3429
.3425
.3421
.3417
.3413
.3409
.3405
.3401
.3397
.3393
.3389
.3386
.3382
.3378
.3374
.337
.3366
.3362
.3358
.3354
.335
.3346
.3342
.3338
.3334
.333
.3326
.3322
.3318
.3314
.331
.3307
.3303
.3299
.3295
.3291
.3287
.3283
.3279
.3275
.3271
.3268
.3264
.326
.3256
.3252
.3248
.3244
.324
.3236
.3233
.3229
.3225
.3221
.3217
.3213
.3209
.3206
.3202
.3198
.3194
.319
.3186
.3183
.3179
.3175
.3171
.3167
.3163
.316
.3156
.3152
.3148
.3144
.3141
.3137
.3133
.3129
.3125
.3122
.3118
.3114
.311
.3106
.3103
.3099
.3095
.3091
.3088
.3084
.308
.3076
.3073
.3069
.3065
.3061
.3058
.3054
.305
.3046
.3043
.3039
.3035
.3031
.3028
.3024
.302
.3017
.3013
.3009
.3005
.3002
.2998
.2994
.2991
.2987
.2983
.298
.2976
.2972
.2969
.2965
.2961
.2957
.2954
.295
.2946
.2943
.2939
.2936
.2932
.2928
.2925
.2921
.2917
.2914
.291
.2906
.2903
.2899
.2895
.2892
.2888
.2885
.2881
.2877
.2874
.287
.2867
.2863
.2859
.2856
.2852
.2849
.2845
.2841
.2838
.2834
.2831
.2827
.2824
.282
.2816
.2813
.2809
.2806
.2802
.2799
.2795
.2792
.2788
.2784
.2781
.2777
.2774
.277
.2767
.2763
.276
.2756
.2753
.2749
.2746
.2742
.2739
.2735
.2732
.2728
.2725
.2721
.2718
.2714
.2711
.2707
.2704
.27
.2697
.2693
.269
.2686
.2683
.268
.2676
.2673
.2669
.2666
.2662
.2659
.2655
.2652
.2649
.2645
.2642
.2638
.2635
.2631
.2628
.2625
.2621
.2618
.2614
.2611
.2608
.2604
.2601
.2598
.2594
.2591
.2587
.2584
.2581
.2577
.2574
.2571
.2567
.2564
.256
.2557
.2554
.255
.2547
.2544
.254
.2537
.2534
.253
.2527
.2524
.252
.2517
.2514
.2511
.2507
.2504
.2501
.2497
.2494
.2491
.2487
.2484
.2481
.2478
.2474
.2471
.2468
.2465
.2461
.2458
.2455
.2451
.2448
.2445
.2442
.2438
.2435
.2432
.2429
.2426
.2422
.2419
.2416
.2413
.2409
.2406
.2403
.24
.2397
.2393
.239
.2387
.2384
.2381
.2377
.2374
.2371
.2368
.2365
.2362
.2358
.2355
.2352
.2349
.2346
.2343
.234
.2336
.2333
.233
.2327
.2324
.2321
.2318
.2315
.2311
.2308
.2305
.2302
.2299
.2296
.2293
.229
.2287
.2284
.228
.2277
.2274
.2271
.2268
.2265
.2262
.2259
.2256
.2253
.225
.2247
.2244
.2241
.2238
.2235
.2232
.2229
.2226
.2223
.222
.2217
.2214
.2211
.2208
.2205
.2202
.2199
.2196
.2193
.219
.2187
.2184
.2181
.2178
.2175
.2172
.2169
.2166
.2163
.216
.2157
.2154
.2151
.2148
.2145
.2142
.214
.2137
.2134
.2131
.2128
.2125
.2122
.2119
.2116
.2113
.2111
.2108
.2105
.2102
.2099
.2096
.2093
.2091
.2088
.2085
.2082
.2079
.2076
.2073
.2071
.2068
.2065
.2062
.2059
.2057
.2054
.2051
.2048
.2045
.2043
.204
.2037
.2034
.2032
.2029
.2026
.2023
.202
.2018
.2015
.2012
.2009
.2007
.2004
.2001
.1999
.1996
.1993
.199
.1988
.1985
.1982
.198
.1977
.1974
.1972
.1969
.1966
.1964
.1961
.1958
.1956
.1953
.195
.1948
.1945
.1942
.194
.1937
.1934
.1932
.1929
.1927
.1924
.1921
.1919
.1916
.1914
.1911
.1908
.1906
.1903
.1901
.1898
.1896
.1893
.189
.1888
.1885
.1883
.188
.1878
.1875
.1873
.187
.1868
.1865
.1863
.186
.1858
.1855
.1853
.185
.1848
.1845
.1843
.184
.1838
.1835
.1833
.183
.1828
.1826
.1823
.1821
.1818
.1816
.1813
.1811
.1809
.1806
.1804
.1801
.1799
.1797
.1794
.1792
.1789
.1787
.1785
.1782
.178
.1778
.1775
.1773
.1771
.1768
.1766
.1764
.1761
.1759
.1757
.1754
.1752
.175
.1747
.1745
.1743
.174
.1738
.1736
.1734
.1731
.1729
.1727
.1725
.1722
.172
.1718
.1716
.1713
.1711
.1709
.1707
.1704
.1702
.17
.1698
.1696
.1693
.1691
.1689
.1687
.1685
.1682
.168
.1678
.1676
.1674
.1672
.1669
.1667
.1665
.1663
.1661
.1659
.1657
.1655
.1652
.165
.1648
.1646
.1644
.1642
.164
.1638
.1636
.1633
.1631
.1629
.1627
.1625
.1623
.1621
.1619
.1617
.1615
.1613
.1611
.1609
.1607
.1605
.1603
.1601
.1599
.1597
.1595
.1593
.1591
.1589
.1587
.1585
.1583
.1581
.1579
.1577
.1575
.1573
.1571
.1569
.1567
.1565
.1563
.1561
.1559
.1557
.1555
.1553
.1551
.1549
.1548
.1546
.1544
.1542
.154
.1538
.1536
.1534
.1532
.153
.1529
.1527
.1525
.1523
.1521
.1519
.1517
.1515
.1514
.1512
.151
.1508
.1506
.1504
.1503
.1501
.1499
.1497
.1495
.1494
.1492
.149
.1488
.1486
.1485
.1483
.1481
.1479
.1477
.1476
.1474
.1472
.147
.1468
.1467
.1465
.1463
.1461
.146
.1458
.1456
.1455
.1453
.1451
.1449
.1448
.1446
.1444
.1442
.1441
.1439
.1437
.1436
.1434
.1432
.1431
.1429
.1427
.1425
.1424
.1422
.142
.1419
.1417
.1415
.1414
.1412
.141
.1409
.1407
.1406
.1404
.1402
.1401
.1399
.1397
.1396
.1394
.1393
.1391
.1389
.1388
.1386
.1384
.1383
.1381
.138
.1378
.1376
.1375
.1373
.1372
.137
.1369
.1367
.1365
.1364
.1362
.1361
.1359
.1358
.1356
.1355
.1353
.1351
.135
.1348
.1347
.1345
.1344
.1342
.1341
.1339
.1338
.1336
.1335
.1333
.1332
.133
.1329
.1327
.1326
.1324
.1323
.1321
.132
.1318
.1317
.1315
.1314
.1312
.1311
.1309
.1308
.1307
.1305
.1304
.1302
.1301
.1299
.1298
.1296
.1295
.1293
.1292
.1291
.1289
.1288
.1286
.1285
.1284
.1282
.1281
.1279
.1278
.1276
.1275
.1274
.1272
.1271
.1269
.1268
.1267
.1265
.1264
.1263
.1261
.126
.1258
.1257
.1256
.1254
.1253
.1252
.125
.1249
.1248
.1246
.1245
.1244
.1242
.1241
.1239
.1238
.1237
.1235
.1234
.1233
.1232
.123
.1229
.1228
.1226
.1225
.1224
.1222
.1221
.122
.1218
.1217
.1216
.1215
.1213
.1212
.1211
.1209
.1208
.1207
.1206
.1204
.1203
.1202
.12
.1199
.1198
.1197
.1195
.1194
.1193
.1192
.119
.1189
.1188
.1187
.1185
.1184
.1183
.1182
.118
.1179
.1178
.1177
.1175
.1174
.1173
.1172
.1171
.1169
.1168
.1167
.1166
.1165
.1163
.1162
.1161
.116
.1159
.1157
.1156
.1155
.1154
.1153
.1151
.115
.1149
.1148
.1147
.1145
.1144
.1143
.1142
.1141
.114
.1138
.1137
.1136
.1135
.1134
.1133
.1132
.113
.1129
.1128
.1127
.1126
.1125
.1123
.1122
.1121
.112
.1119
.1118
.1117
.1116
.1114
.1113
.1112
.1111
.111
.1109
.1108
.1107
.1106
.1104
.1103
.1102
.1101
.11
.1099
.1098
.1097
.1096
.1095
.1093
.1092
.1091
.109
.1089
.1088
.1087
.1086
.1085
.1084
.1083
.1082
.108
.1079
.1078
.1077
.1076
.1075
.1074
.1073
.1072
.1071
.107
.1069
.1068
.1067
.1066
.1065
.1064
.1063
.1062
.1061
.1059
.1058
.1057
.1056
.1055
.1054
.1053
.1052
.1051
.105
.1049
.1048
.1047
.1046
.1045
.1044
.1043
.1042
.1041
.104
.1039
.1038
.1037
.1036
.1035
.1034
.1033
.1032
.1031
.103
.1029
.1028
.1027
.1026
.1025
.1024
.1023
.1022
.1021
.102
.1019
.1018
.1017
.1017
.1016
.1015
.1014
.1013
.1012
.1011
.101
.1009
.1008
.1007
.1006
.1005
.1004
.1003
.1002
.1001
.1
.0999
.0998
.0997
.0997
.0996
.0995
.0994
.0993
.0992
.0991
.099
.0989
.0988
.0987
.0986
.0985
.0985
.0984
.0983
.0982
.0981
.098
.0979
.0978
.0977
.0976
.0975
.0975
.0974
.0973
.0972
.0971
.097
.0969
.0968
.0967
.0966
.0966
.0965
.0964
.0963
.0962
.0961
.096
.0959
.0959
.0958
.0957
.0956
.0955
.0954
.0953
.0952
.0952
.0951
.095
.0949
.0948
.0947
.0946
.0946
.0945
.0944
.0943
.0942
.0941
.094
.094
.0939
.0938
.0937
.0936
.0935
.0934
.0934
.0933
.0932
.0931
.093
.0929
.0929
.0928
.0927
.0926
.0925
.0924
.0924
.0923
.0922
.0921
.092
.092
.0919
.0918
.0917
.0916
.0915
.0915
.0914
.0913
.0912
.0911
.0911
.091
.0909
.0908
.0907
.0907
.0906
.0905
.0904
.0903
.0903
.0902
.0901
.09
.0899
.0899
.0898
.0897
.0896
.0895
.0895
.0894
.0893
.0892
.0892
.0891
.089
.0889
.0888
.0888
.0887
.0886
.0885
.0885
.0884
.0883
.0882
.0882
.0881
.088
.0879
.0879
.0878
.0877
.0876
.0875
.0875
.0874
.0873
.0872
.0872
.0871
.087
.0869
.0869
.0868
.0867
.0866
.0866
.0865
.0864
.0864
.0863
.0862
.0861
.0861
.086
.0859
.0858
.0858
.0857
.0856
.0855
.0855
.0854
.0853
.0853
.0852
.0851
.085
.085
.0849
.0848
.0848
.0847
.0846
.0845
.0845
.0844
.0843
.0843
.0842
.0841
.084
.084
.0839
.0838
.0838
.0837
.0836
.0836
.0835
.0834
.0833
.0833
.0832
.0831
.0831
.083
.0829
.0829
.0828
.0827
.0827
.0826
.0825
.0824
.0824
.0823
.0822
.0822
.0821
.082
.082
.0819
.0818
.0818
.0817
.0816
.0816
.0815
.0814
.0814
.0813
.0812
.0812
.0811
.081
.081
.0809
.0808
.0808
.0807
.0806
.0806
.0805
.0804
.0804
.0803
.0802
.0802
.0801
.08
.08
.0799
.0798
.0798
.0797
.0797
.0796
.0795
.0795
.0794
.0793
.0793
.0792
.0791
.0791
.079
.0789
.0789
.0788
.0788
.0787
.0786
.0786
.0785
.0784
.0784
.0783
.0783
.0782
.0781
.0781
.078
.0779
.0779
.0778
.0778
.0777
.0776
.0776
.0775
.0774
.0774
.0773
.0773
.0772
.0771
.0771
.077
.077
.0769
.0768
.0768
.0767
.0766
.0766
.0765
.0765
.0764
.0763
.0763
.0762
.0762
.0761
.076
.076
.0759
.0759
.0758
.0757
.0757
.0756
.0756
.0755
.0754
.0754
.0753
.0753
.0752
.0752
.0751
.075
.075
.0749
.0749
.0748
.0747
.0747
.0746
.0746
.0745
.0745
.0744
.0743
.0743
.0742
.0742
.0741
.0741
.074
.0739
.0739
.0738
.0738
.0737
.0737
.0736
.0735
.0735
.0734
.0734
.0733
.0733
.0732
.0731
.0731
.073
.073
.0729
.0729
.0728
.0728
.0727
.0726
.0726
.0725
.0725
.0724
.0724
.0723
.0723
.0722
.0721
.0721
.072
.072
.0719
.0719
.0718
.0718
.0717
.0717
.0716
.0715
.0715
.0714
.0714
.0713
.0713
.0712
.0712
.0711
.0711
.071
.071
.0709
.0708
.0708
.0707
.0707
.0706
.0706
.0705
.0705
.0704
.0704
.0703
.0703
.0702
.0702
.0701
.0701
.07
.07
.0699
.0698
.0698
.0697
.0697
.0696
.0696
.0695
.0695
.0694
.0694
.0693
.0693
.0692
.0692
.0691
.0691
.069
.069
.0689
.0689
.0688
.0688
.0687
.0687
.0686
.0686
.0685
.0685
.0684
.0684
.0683
.0683
.0682
.0682
.0681
.0681
.068
.068
.0679
.0679
.0678
.0678
.0677
.0677
.0676
.0676
.0675
.0675
.0674
.0674
.0673
.0673
.0672
.0672
.0671
.0671
.067
.067
.0669
.0669
.0668
.0668
.0667
.0667
.0666
.0666
.0665
.0665
.0665
.0664
.0664
.0663
.0663
.0662
.0662
.0661
.0661
.066
.066
.0659
.0659
.0658
.0658
.0657
.0657
.0656
.0656
.0656
.0655
.0655
.0654
.0654
.0653
.0653
.0652
.0652
.0651
.0651
.065
.065
.0649
.0649
.0649
.0648
.0648
.0647
.0647
.0646
.0646
.0645
.0645
.0644
.0644
.0644
.0643
.0643
.0642
.0642
.0641
.0641
.064
.064
.0639
.0639
.0639
.0638
.0638
.0637
.0637
.0636
.0636
.0635
.0635
.0635
.0634
.0634
.0633
.0633
.0632
.0632
.0631
.0631
.0631
.063
.063
.0629
.0629
.0628
.0628
.0628
.0627
.0627
.0626
.0626
.0625
.0625
.0624
.0624
.0624
.0623
.0623
.0622
.0622
.0621
.0621
.0621
.062
.062
.0619
.0619
.0618
.0618
.0618
.0617
.0617
.0616
.0616
.0615
.0615
.0615
.0614
.0614
.0613
.0613
.0613
.0612
.0612
.0611
.0611
.061
.061
.061
.0609
.0609
.0608
.0608
.0608
.0607
.0607
.0606
.0606
.0605
.0605
.0605
.0604
.0604
.0603
.0603
.0603
.0602
.0602
.0601
.0601
.0601
.06
.06
.0599
.0599
.0599
.0598
.0598
.0597
.0597
.0597
.0596
.0596
.0595
.0595
.0595
.0594
.0594
.0593
.0593
.0593
.0592
.0592
.0591
.0591
.0591
.059
.059
.0589
.0589
.0589
.0588
.0588
.0587
.0587
.0587
.0586
.0586
.0585
.0585
.0585
.0584
.0584
.0584
.0583
.0583
.0582
.0582
.0582
.0581
.0581
.058
.058
.058
.0579
.0579
.0579
.0578
.0578
.0577
.0577
.0577
.0576
.0576
.0575
.0575
.0575
.0574
.0574
.0574
.0573
.0573
.0572
.0572
.0572
.0571
.0571
.0571
.057
.057
.0569
.0569
.0569
.0568
.0568
.0568
.0567
.0567
.0567
.0566
.0566
.0565
.0565
.0565
.0564
.0564
.0564
.0563
.0563
.0562
.0562
.0562
.0561
.0561
.0561
.056
.056
.056
.0559
.0559
.0558
.0558
.0558
.0557
.0557
.0557
.0556
.0556
.0556
.0555
.0555
.0555
.0554
.0554
.0553
.0553
.0553
.0552
.0552
.0552
.0551
.0551
.0551
.055
.055
.055
.0549
.0549
.0549
.0548
.0548
.0547
.0547
.0547
.0546
.0546
.0546
.0545
.0545
.0545
.0544
.0544
.0544
.0543
.0543
.0543
.0542
.0542
.0542
.0541
.0541
.0541
.054
.054
.054
.0539
.0539
.0539
.0538
.0538
.0537
.0537
.0537
.0536
.0536
.0536
.0535
.0535
.0535
.0534
.0534
.0534
.0533
.0533
.0533
.0532
.0532
.0532
.0531
.0531
.0531
.053
.053
.053
.0529
.0529
.0529
.0528
.0528
.0528
.0527
.0527
.0527
.0526
.0526
.0526
.0526
.0525
.0525
.0525
.0524
.0524
.0524
.0523
.0523
.0523
.0522
.0522
.0522
.0521
.0521
.0521
.052
.052
.052
.0519
.0519
.0519
.0518
.0518
.0518
.0517
.0517
.0517
.0516
.0516
.0516
.0516
.0515
.0515
.0515
.0514
.0514
.0514
.0513
.0513
.0513
.0512
.0512
.0512
.0511
.0511
.0511
.0511
.051
.051
.051
.0509
.0509
.0509
.0508
.0508
.0508
.0507
.0507
.0507
.0506
.0506
.0506
.0506
.0505
.0505
.0505
.0504
.0504
.0504
.0503
.0503
.0503
.0502
.0502
.0502
.0502
.0501
.0501
.0501
.05
.05
.05
