.5662
.5643
.5625
.5607
.5589
.5572
.5555
.5538
.5522
.5506
.5491
.5476
.5461
.5447
.5433
.542
.5407
.5395
.5383
.5371
.536
.5349
.5338
.5328
.5319
.5309
.5301
.5292
.5284
.5276
.5268
.5261
.5254
.5248
.5241
.5235
.523
.5224
.5219
.5214
.5209
.5205
.52
.5196
.5192
.5188
.5185
.5181
.5178
.5175
.5171
.5168
.5166
.5163
.516
.5158
.5155
.5153
.5151
.5148
.5146
.5144
.5142
.514
.5138
.5137
.5135
.5133
.5131
.513
.5128
.5126
.5125
.5123
.5121
.512
.5118
.5117
.5115
.5114
.5112
.5111
.511
.5108
.5107
.5105
.5104
.5102
.5101
.51
.5098
.5097
.5096
.5094
.5093
.5091
.509
.5089
.5087
.5086
.5084
.5083
.5082
.508
.5079
.5077
.5076
.5075
.5073
.5072
.507
.5069
.5067
.5066
.5064
.5063
.5062
.506
.5059
.5057
.5056
.5054
.5053
.5051
.505
.5048
.5047
.5045
.5044
.5042
.504
.5039
.5037
.5036
.5034
.5033
.5031
.5029
.5028
.5026
.5025
.5023
.5021
.502
.5018
.5016
.5015
.5013
.5011
.501
.5008
.5006
.5005
.5003
.5001
.4999
.4998
.4996
.4994
.4992
.4991
.4989
.4987
.4985
.4984
.4982
.498
.4978
.4976
.4974
.4973
.4971
.4969
.4967
.4965
.4963
.4961
.4959
.4958
.4956
.4954
.4952
.495
.4948
.4946
.4944
.4942
.494
.4938
.4936
.4934
.4932
.493
.4928
.4926
.4924
.4922
.492
.4918
.4916
.4913
.4911
.4909
.4907
.4905
.4903
.4901
.4899
.4896
.4894
.4892
.489
.4888
.4885
.4883
.4881
.4879
.4877
.4874
.4872
.487
.4867
.4865
.4863
.4861
.4858
.4856
.4854
.4851
.4849
.4847
.4844
.4842
.4839
.4837
.4835
.4832
.483
.4827
.4825
.4823
.482
.4818
.4815
.4813
.481
.4808
.4805
.4803
.48
.4798
.4795
.4792
.479
.4787
.4785
.4782
.478
.4777
.4774
.4772
.4769
.4766
.4764
.4761
.4759
.4756
.4753
.475
.4748
.4745
.4742
.474
.4737
.4734
.4731
.4729
.4726
.4723
.472
.4717
.4715
.4712
.4709
.4706
.4703
.47
.4698
.4695
.4692
.4689
.4686
.4683
.468
.4677
.4674
.4672
.4669
.4666
.4663
.466
.4657
.4654
.4651
.4648
.4645
.4642
.4639
.4636
.4633
.4629
.4626
.4623
.462
.4617
.4614
.4611
.4608
.4605
.4602
.4598
.4595
.4592
.4589
.4586
.4583
.4579
.4576
.4573
.457
.4567
.4563
.456
.4557
.4554
.455
.4547
.4544
.4541
.4537
.4534
.4531
.4527
.4524
.4521
.4517
.4514
.4511
.4507
.4504
.45
.4497
.4494
.449
.4487
.4483
.448
.4477
.4473
.447
.4466
.4463
.4459
.4456
.4452
.4449
.4445
.4442
.4438
.4435
.4431
.4428
.4424
.442
.4417
.4413
.441
.4406
.4403
.4399
.4395
.4392
.4388
.4384
.4381
.4377
.4374
.437
.4366
.4363
.4359
.4355
.4351
.4348
.4344
.434
.4337
.4333
.4329
.4325
.4322
.4318
.4314
.431
.4307
.4303
.4299
.4295
.4291
.4288
.4284
.428
.4276
.4272
.4269
.4265
.4261
.4257
.4253
.4249
.4245
.4241
.4238
.4234
.423
.4226
.4222
.4218
.4214
.421
.4206
.4202
.4198
.4194
.4191
.4187
.4183
.4179
.4175
.4171
.4167
.4163
.4159
.4155
.4151
.4147
.4143
.4139
.4135
.4131
.4127
.4122
.4118
.4114
.411
.4106
.4102
.4098
.4094
.409
.4086
.4082
.4078
.4074
.407
.4065
.4061
.4057
.4053
.4049
.4045
.4041
.4037
.4032
.4028
.4024
.402
.4016
.4012
.4008
.4003
.3999
.3995
.3991
.3987
.3983
.3978
.3974
.397
.3966
.3962
.3958
.3953
.3949
.3945
.3941
.3937
.3932
.3928
.3924
.392
.3915
.3911
.3907
.3903
.3899
.3894
.389
.3886
.3882
.3877
.3873
.3869
.3865
.386
.3856
.3852
.3848
.3843
.3839
.3835
.3831
.3826
.3822
.3818
.3814
.3809
.3805
.3801
.3797
.3792
.3788
.3784
.378
.3775
.3771
.3767
.3763
.3758
.3754
.375
.3745
.3741
.3737
.3733
.3728
.3724
.372
.3716
.3711
.3707
.3703
.3699
.3694
.369
.3686
.3681
.3677
.3673
.3669
.3664
.366
.3656
.3652
.3647
.3643
.3639
.3635
.363
.3626
.3622
.3617
.3613
.3609
.3605
.36
.3596
.3592
.3588
.3583
.3579
.3575
.3571
.3567
.3562
.3558
.3554
.355
.3545
.3541
.3537
.3533
.3528
.3524
.352
.3516
.3512
.3507
.3503
.3499
.3495
.349
.3486
.3482
.3478
.3474
.3469
.3465
.3461
.3457
.3453
.3449
.3444
.344
.3436
.3432
.3428
.3424
.3419
.3415
.3411
.3407
.3403
.3399
.3394
.339
.3386
.3382
.3378
.3374
.337
.3366
.3361
.3357
.3353
.3349
.3345
.3341
.3337
.3333
.3329
.3325
.3321
.3316
.3312
.3308
.3304
.33
.3296
.3292
.3288
.3284
.328
.3276
.3272
.3268
.3264
.326
.3256
.3252
.3248
.3244
.324
.3236
.3232
.3228
.3224
.322
.3216
.3212
.3208
.3204
.32
.3196
.3192
.3188
.3184
.318
.3176
.3173
.3169
.3165
.3161
.3157
.3153
.3149
.3145
.3141
.3138
.3134
.313
.3126
.3122
.3118
.3114
.3111
.3107
.3103
.3099
.3095
.3091
.3088
.3084
.308
.3076
.3072
.3069
.3065
.3061
.3057
.3054
.305
.3046
.3042
.3039
.3035
.3031
.3027
.3024
.302
.3016
.3013
.3009
.3005
.3002
.2998
.2994
.2991
.2987
.2983
.298
.2976
.2972
.2969
.2965
.2961
.2958
.2954
.2951
.2947
.2943
.294
.2936
.2933
.2929
.2926
.2922
.2918
.2915
.2911
.2908
.2904
.2901
.2897
.2894
.289
.2887
.2883
.288
.2876
.2873
.2869
.2866
.2863
.2859
.2856
.2852
.2849
.2845
.2842
.2839
.2835
.2832
.2828
.2825
.2822
.2818
.2815
.2812
.2808
.2805
.2801
.2798
.2795
.2791
.2788
.2785
.2782
.2778
.2775
.2772
.2768
.2765
.2762
.2759
.2755
.2752
.2749
.2746
.2742
.2739
.2736
.2733
.273
.2726
.2723
.272
.2717
.2714
.271
.2707
.2704
.2701
.2698
.2695
.2692
.2688
.2685
.2682
.2679
.2676
.2673
.267
.2667
.2664
.2661
.2657
.2654
.2651
.2648
.2645
.2642
.2639
.2636
.2633
.263
.2627
.2624
.2621
.2618
.2615
.2612
.2609
.2606
.2603
.26
.2597
.2595
.2592
.2589
.2586
.2583
.258
.2577
.2574
.2571
.2568
.2565
.2563
.256
.2557
.2554
.2551
.2548
.2546
.2543
.254
.2537
.2534
.2531
.2529
.2526
.2523
.252
.2517
.2515
.2512
.2509
.2506
.2504
.2501
.2498
.2495
.2493
.249
.2487
.2485
.2482
.2479
.2476
.2474
.2471
.2468
.2466
.2463
.246
.2458
.2455
.2453
.245
.2447
.2445
.2442
.2439
.2437
.2434
.2432
.2429
.2426
.2424
.2421
.2419
.2416
.2414
.2411
.2408
.2406
.2403
.2401
.2398
.2396
.2393
.2391
.2388
.2386
.2383
.2381
.2378
.2376
.2373
.2371
.2368
.2366
.2363
.2361
.2359
.2356
.2354
.2351
.2349
.2346
.2344
.2342
.2339
.2337
.2334
.2332
.233
.2327
.2325
.2322
.232
.2318
.2315
.2313
.2311
.2308
.2306
.2304
.2301
.2299
.2297
.2294
.2292
.229
.2287
.2285
.2283
.2281
.2278
.2276
.2274
.2271
.2269
.2267
.2265
.2262
.226
.2258
.2256
.2254
.2251
.2249
.2247
.2245
.2242
.224
.2238
.2236
.2234
.2231
.2229
.2227
.2225
.2223
.2221
.2218
.2216
.2214
.2212
.221
.2208
.2206
.2203
.2201
.2199
.2197
.2195
.2193
.2191
.2189
.2187
.2185
.2182
.218
.2178
.2176
.2174
.2172
.217
.2168
.2166
.2164
.2162
.216
.2158
.2156
.2154
.2152
.215
.2148
.2146
.2144
.2142
.214
.2138
.2136
.2134
.2132
.213
.2128
.2126
.2124
.2122
.212
.2118
.2116
.2114
.2112
.211
.2108
.2106
.2104
.2102
.21
.2098
.2097
.2095
.2093
.2091
.2089
.2087
.2085
.2083
.2081
.2079
.2078
.2076
.2074
.2072
.207
.2068
.2066
.2065
.2063
.2061
.2059
.2057
.2055
.2053
.2052
.205
.2048
.2046
.2044
.2043
.2041
.2039
.2037
.2035
.2034
.2032
.203
.2028
.2026
.2025
.2023
.2021
.2019
.2018
.2016
.2014
.2012
.201
.2009
.2007
.2005
.2003
.2002
.2
.1998
.1997
.1995
.1993
.1991
.199
.1988
.1986
.1985
.1983
.1981
.1979
.1978
.1976
.1974
.1973
.1971
.1969
.1968
.1966
.1964
.1963
.1961
.1959
.1958
.1956
.1954
.1953
.1951
.1949
.1948
.1946
.1944
.1943
.1941
.194
.1938
.1936
.1935
.1933
.1931
.193
.1928
.1927
.1925
.1923
.1922
.192
.1919
.1917
.1916
.1914
.1912
.1911
.1909
.1908
.1906
.1904
.1903
.1901
.19
.1898
.1897
.1895
.1894
.1892
.1891
.1889
.1887
.1886
.1884
.1883
.1881
.188
.1878
.1877
.1875
.1874
.1872
.1871
.1869
.1868
.1866
.1865
.1863
.1862
.186
.1859
.1857
.1856
.1854
.1853
.1851
.185
.1848
.1847
.1845
.1844
.1843
.1841
.184
.1838
.1837
.1835
.1834
.1832
.1831
.1829
.1828
.1827
.1825
.1824
.1822
.1821
.1819
.1818
.1817
.1815
.1814
.1812
.1811
.181
.1808
.1807
.1805
.1804
.1803
.1801
.18
.1798
.1797
.1796
.1794
.1793
.1791
.179
.1789
.1787
.1786
.1785
.1783
.1782
.1781
.1779
.1778
.1776
.1775
.1774
.1772
.1771
.177
.1768
.1767
.1766
.1764
.1763
.1762
.176
.1759
.1758
.1756
.1755
.1754
.1752
.1751
.175
.1748
.1747
.1746
.1745
.1743
.1742
.1741
.1739
.1738
.1737
.1735
.1734
.1733
.1732
.173
.1729
.1728
.1727
.1725
.1724
.1723
.1721
.172
.1719
.1718
.1716
.1715
.1714
.1713
.1711
.171
.1709
.1708
.1706
.1705
.1704
.1703
.1701
.17
.1699
.1698
.1696
.1695
.1694
.1693
.1691
.169
.1689
.1688
.1687
.1685
.1684
.1683
.1682
.1681
.1679
.1678
.1677
.1676
.1675
.1673
.1672
.1671
.167
.1669
.1667
.1666
.1665
.1664
.1663
.1661
.166
.1659
.1658
.1657
.1656
.1654
.1653
.1652
.1651
.165
.1649
.1647
.1646
.1645
.1644
.1643
.1642
.164
.1639
.1638
.1637
.1636
.1635
.1634
.1632
.1631
.163
.1629
.1628
.1627
.1626
.1625
.1623
.1622
.1621
.162
.1619
.1618
.1617
.1616
.1614
.1613
.1612
.1611
.161
.1609
.1608
.1607
.1606
.1604
.1603
.1602
.1601
.16
.1599
.1598
.1597
.1596
.1595
.1594
.1592
.1591
.159
.1589
.1588
.1587
.1586
.1585
.1584
.1583
.1582
.1581
.158
.1578
.1577
.1576
.1575
.1574
.1573
.1572
.1571
.157
.1569
.1568
.1567
.1566
.1565
.1564
.1563
.1562
.1561
.156
.1558
.1557
.1556
.1555
.1554
.1553
.1552
.1551
.155
.1549
.1548
.1547
.1546
.1545
.1544
.1543
.1542
.1541
.154
.1539
.1538
.1537
.1536
.1535
.1534
.1533
.1532
.1531
.153
.1529
.1528
.1527
.1526
.1525
.1524
.1523
.1522
.1521
.152
.1519
.1518
.1517
.1516
.1515
.1514
.1513
.1512
.1511
.151
.1509
.1508
.1507
.1506
.1505
.1504
.1503
.1502
.1501
.15
.15
.1499
.1498
.1497
.1496
.1495
.1494
.1493
.1492
.1491
.149
.1489
.1488
.1487
.1486
.1485
.1484
.1483
.1482
.1481
.148
.148
.1479
.1478
.1477
.1476
.1475
.1474
.1473
.1472
.1471
.147
.1469
.1468
.1467
.1467
.1466
.1465
.1464
.1463
.1462
.1461
.146
.1459
.1458
.1457
.1456
.1456
.1455
.1454
.1453
.1452
.1451
.145
.1449
.1448
.1447
.1447
.1446
.1445
.1444
.1443
.1442
.1441
.144
.1439
.1439
.1438
.1437
.1436
.1435
.1434
.1433
.1432
.1431
.1431
.143
.1429
.1428
.1427
.1426
.1425
.1424
.1424
.1423
.1422
.1421
.142
.1419
.1418
.1418
.1417
.1416
.1415
.1414
.1413
.1412
.1412
.1411
.141
.1409
.1408
.1407
.1406
.1406
.1405
.1404
.1403
.1402
.1401
.14
.14
.1399
.1398
.1397
.1396
.1395
.1395
.1394
.1393
.1392
.1391
.139
.139
.1389
.1388
.1387
.1386
.1385
.1385
.1384
.1383
.1382
.1381
.1381
.138
.1379
.1378
.1377
.1376
.1376
.1375
.1374
.1373
.1372
.1372
.1371
.137
.1369
.1368
.1368
.1367
.1366
.1365
.1364
.1364
.1363
.1362
.1361
.136
.136
.1359
.1358
.1357
.1356
.1356
.1355
.1354
.1353
.1352
.1352
.1351
.135
.1349
.1348
.1348
.1347
.1346
.1345
.1345
.1344
.1343
.1342
.1341
.1341
.134
.1339
.1338
.1338
.1337
.1336
.1335
.1335
.1334
.1333
.1332
.1331
.1331
.133
.1329
.1328
.1328
.1327
.1326
.1325
.1325
.1324
.1323
.1322
.1322
.1321
.132
.1319
.1319
.1318
.1317
.1316
.1316
.1315
.1314
.1313
.1313
.1312
.1311
.131
.131
.1309
.1308
.1307
.1307
.1306
.1305
.1304
.1304
.1303
.1302
.1302
.1301
.13
.1299
.1299
.1298
.1297
.1296
.1296
.1295
.1294
.1294
.1293
.1292
.1291
.1291
.129
.1289
.1288
.1288
.1287
.1286
.1286
.1285
.1284
.1283
.1283
.1282
.1281
.1281
.128
.1279
.1278
.1278
.1277
.1276
.1276
.1275
.1274
.1274
.1273
.1272
.1271
.1271
.127
.1269
.1269
.1268
.1267
.1267
.1266
.1265
.1264
.1264
.1263
.1262
.1262
.1261
.126
.126
.1259
.1258
.1258
.1257
.1256
.1256
.1255
.1254
.1253
.1253
.1252
.1251
.1251
.125
.1249
.1249
.1248
.1247
.1247
.1246
.1245
.1245
.1244
.1243
.1243
.1242
.1241
.1241
.124
.1239
.1239
.1238
.1237
.1237
.1236
.1235
.1235
.1234
.1233
.1233
.1232
.1231
.1231
.123
.1229
.1229
.1228
.1227
.1227
.1226
.1225
.1225
.1224
.1223
.1223
.1222
.1222
.1221
.122
.122
.1219
.1218
.1218
.1217
.1216
.1216
.1215
.1214
.1214
.1213
.1212
.1212
.1211
.1211
.121
.1209
.1209
.1208
.1207
.1207
.1206
.1205
.1205
.1204
.1204
.1203
.1202
.1202
.1201
.12
.12
.1199
.1199
.1198
.1197
.1197
.1196
.1195
.1195
.1194
.1194
.1193
.1192
.1192
.1191
.119
.119
.1189
.1189
.1188
.1187
.1187
.1186
.1185
.1185
.1184
.1184
.1183
.1182
.1182
.1181
.1181
.118
.1179
.1179
.1178
.1178
.1177
.1176
.1176
.1175
.1175
.1174
.1173
.1173
.1172
.1171
.1171
.117
.117
.1169
.1168
.1168
.1167
.1167
.1166
.1166
.1165
.1164
.1164
.1163
.1163
.1162
.1161
.1161
.116
.116
.1159
.1158
.1158
.1157
.1157
.1156
.1155
.1155
.1154
.1154
.1153
.1153
.1152
.1151
.1151
.115
.115
.1149
.1148
.1148
.1147
.1147
.1146
.1146
.1145
.1144
.1144
.1143
.1143
.1142
.1142
.1141
.114
.114
.1139
.1139
.1138
.1138
.1137
.1136
.1136
.1135
.1135
.1134
.1134
.1133
.1132
.1132
.1131
.1131
.113
.113
.1129
.1129
.1128
.1127
.1127
.1126
.1126
.1125
.1125
.1124
.1123
.1123
.1122
.1122
.1121
.1121
.112
.112
.1119
.1118
.1118
.1117
.1117
.1116
.1116
.1115
.1115
.1114
.1114
.1113
.1112
.1112
.1111
.1111
.111
.111
.1109
.1109
.1108
.1108
.1107
.1106
.1106
.1105
.1105
.1104
.1104
.1103
.1103
.1102
.1102
.1101
.1101
.11
.1099
.1099
.1098
.1098
.1097
.1097
.1096
.1096
.1095
.1095
.1094
.1094
.1093
.1093
.1092
.1092
.1091
.109
.109
.1089
.1089
.1088
.1088
.1087
.1087
.1086
.1086
.1085
.1085
.1084
.1084
.1083
.1083
.1082
.1082
.1081
.1081
.108
.1079
.1079
.1078
.1078
.1077
.1077
.1076
.1076
.1075
.1075
.1074
.1074
.1073
.1073
.1072
.1072
.1071
.1071
.107
.107
.1069
.1069
.1068
.1068
.1067
.1067
.1066
.1066
.1065
.1065
.1064
.1064
.1063
.1063
.1062
.1062
.1061
.1061
.106
.106
.1059
.1059
.1058
.1058
.1057
.1057
.1056
.1056
.1055
.1055
.1054
.1054
.1053
.1053
.1052
.1052
.1051
.1051
.105
.105
.1049
.1049
.1048
.1048
.1047
.1047
.1046
.1046
.1045
.1045
.1044
.1044
.1043
.1043
.1042
.1042
.1041
.1041
.104
.104
.104
.1039
.1039
.1038
.1038
.1037
.1037
.1036
.1036
.1035
.1035
.1034
.1034
.1033
.1033
.1032
.1032
.1031
.1031
.103
.103
.1029
.1029
.1029
.1028
.1028
.1027
.1027
.1026
.1026
.1025
.1025
.1024
.1024
.1023
.1023
.1022
.1022
.1021
.1021
.1021
.102
.102
.1019
.1019
.1018
.1018
.1017
.1017
.1016
.1016
.1015
.1015
.1015
.1014
.1014
.1013
.1013
.1012
.1012
.1011
.1011
.101
.101
.1009
.1009
.1009
.1008
.1008
.1007
.1007
.1006
.1006
.1005
.1005
.1004
.1004
.1004
.1003
.1003
.1002
.1002
.1001
.1001
.1
.1
.0999
.0999
.0999
.0998
.0998
.0997
.0997
.0996
.0996
.0995
.0995
.0995
.0994
.0994
.0993
.0993
.0992
.0992
.0991
.0991
.0991
.099
.099
.0989
.0989
.0988
.0988
.0987
.0987
.0987
.0986
.0986
.0985
.0985
.0984
.0984
.0984
.0983
.0983
.0982
.0982
.0981
.0981
.098
.098
.098
.0979
.0979
.0978
.0978
.0977
.0977
.0977
.0976
.0976
.0975
.0975
.0974
.0974
.0974
.0973
.0973
.0972
.0972
.0971
.0971
.0971
.097
.097
.0969
.0969
.0968
.0968
.0968
.0967
.0967
.0966
.0966
.0966
.0965
.0965
.0964
.0964
.0963
.0963
.0963
.0962
.0962
.0961
.0961
.096
.096
.096
.0959
.0959
.0958
.0958
.0958
.0957
.0957
.0956
.0956
.0955
.0955
.0955
.0954
.0954
.0953
.0953
.0953
.0952
.0952
.0951
.0951
.0951
.095
.095
.0949
.0949
.0948
.0948
.0948
.0947
.0947
.0946
.0946
.0946
.0945
.0945
.0944
.0944
.0944
.0943
.0943
.0942
.0942
.0942
.0941
.0941
.094
.094
.094
.0939
.0939
.0938
.0938
.0938
.0937
.0937
.0936
.0936
.0936
.0935
.0935
.0934
.0934
.0934
.0933
.0933
.0932
.0932
.0932
.0931
.0931
.093
.093
.093
.0929
.0929
.0928
.0928
.0928
.0927
.0927
.0926
.0926
.0926
.0925
.0925
.0925
.0924
.0924
.0923
.0923
.0923
.0922
.0922
.0921
.0921
.0921
.092
.092
.0919
.0919
.0919
.0918
.0918
.0918
.0917
.0917
.0916
.0916
.0916
.0915
.0915
.0915
.0914
.0914
.0913
.0913
.0913
.0912
.0912
.0911
.0911
.0911
.091
.091
.091
.0909
.0909
.0908
.0908
.0908
.0907
.0907
.0907
.0906
.0906
.0905
.0905
.0905
.0904
.0904
.0904
.0903
.0903
.0902
.0902
.0902
.0901
.0901
.0901
.09
.09
.0899
.0899
.0899
.0898
.0898
.0898
.0897
.0897
.0896
.0896
.0896
.0895
.0895
.0895
.0894
.0894
.0894
.0893
.0893
.0892
.0892
.0892
.0891
.0891
.0891
.089
.089
.089
.0889
.0889
.0888
.0888
.0888
.0887
.0887
.0887
.0886
.0886
.0886
.0885
.0885
.0884
.0884
.0884
.0883
.0883
.0883
.0882
.0882
.0882
.0881
.0881
.088
.088
.088
.0879
.0879
.0879
.0878
.0878
.0878
.0877
.0877
.0877
.0876
.0876
.0876
.0875
.0875
.0874
.0874
.0874
.0873
.0873
.0873
.0872
.0872
.0872
.0871
.0871
.0871
.087
.087
.087
.0869
.0869
.0868
.0868
.0868
.0867
.0867
.0867
.0866
.0866
.0866
.0865
.0865
.0865
.0864
.0864
.0864
.0863
.0863
.0863
.0862
.0862
.0862
.0861
.0861
.0861
.086
.086
.086
.0859
.0859
.0858
.0858
.0858
.0857
.0857
.0857
.0856
.0856
.0856
.0855
.0855
.0855
.0854
.0854
.0854
.0853
.0853
.0853
.0852
.0852
.0852
.0851
.0851
.0851
.085
.085
.085
.0849
.0849
.0849
.0848
.0848
.0848
.0847
.0847
.0847
.0846
.0846
.0846
.0845
.0845
.0845
.0844
.0844
.0844
.0843
.0843
.0843
.0842
.0842
.0842
.0841
.0841
.0841
.084
.084
.084
.0839
.0839
.0839
.0838
.0838
.0838
.0837
.0837
.0837
.0836
.0836
.0836
.0836
.0835
.0835
.0835
.0834
.0834
.0834
.0833
.0833
.0833
.0832
.0832
.0832
.0831
.0831
.0831
.083
.083
.083
.0829
.0829
.0829
.0828
.0828
.0828
.0827
.0827
.0827
.0827
.0826
.0826
.0826
.0825
.0825
.0825
.0824
.0824
.0824
.0823
.0823
.0823
.0822
.0822
.0822
.0821
.0821
.0821
.082
.082
.082
.082
.0819
.0819
.0819
.0818
.0818
.0818
.0817
.0817
.0817
.0816
.0816
.0816
.0815
.0815
.0815
.0815
.0814
.0814
.0814
.0813
.0813
.0813
.0812
.0812
.0812
.0811
.0811
.0811
.0811
.081
.081
.081
.0809
.0809
.0809
.0808
.0808
.0808
.0807
.0807
.0807
.0807
.0806
.0806
.0806
.0805
.0805
.0805
.0804
.0804
.0804
.0804
.0803
.0803
.0803
.0802
.0802
.0802
.0801
.0801
.0801
.08
.08
.08
.08
.0799
.0799
.0799
.0798
.0798
.0798
.0797
.0797
.0797
.0797
.0796
.0796
.0796
.0795
.0795
.0795
.0795
.0794
.0794
.0794
.0793
.0793
.0793
.0792
.0792
.0792
.0792
.0791
.0791
.0791
.079
.079
.079
.0789
.0789
.0789
.0789
.0788
.0788
.0788
.0787
.0787
.0787
.0787
.0786
.0786
.0786
.0785
.0785
.0785
.0785
.0784
.0784
.0784
.0783
.0783
.0783
.0783
.0782
.0782
.0782
.0781
.0781
.0781
.078
.078
.078
.078
.0779
.0779
.0779
.0778
.0778
.0778
.0778
.0777
.0777
.0777
.0776
.0776
.0776
.0776
.0775
.0775
.0775
.0774
.0774
.0774
.0774
.0773
.0773
.0773
.0773
.0772
.0772
.0772
.0771
.0771
.0771
.0771
.077
.077
.077
.0769
.0769
.0769
.0769
.0768
.0768
.0768
.0767
.0767
.0767
.0767
.0766
.0766
.0766
.0766
.0765
.0765
.0765
.0764
.0764
.0764
.0764
.0763
.0763
.0763
.0762
.0762
.0762
.0762
.0761
.0761
.0761
.0761
.076
.076
.076
.0759
.0759
.0759
.0759
.0758
.0758
.0758
.0758
.0757
.0757
.0757
.0756
.0756
.0756
.0756
.0755
.0755
.0755
.0755
.0754
.0754
.0754
.0753
.0753
.0753
.0753
.0752
.0752
.0752
.0752
.0751
.0751
.0751
.0751
.075
.075
.075
.0749
.0749
.0749
.0749
.0748
.0748
.0748
.0748
.0747
.0747
.0747
.0747
.0746
.0746
.0746
.0745
.0745
.0745
.0745
.0744
.0744
.0744
.0744
.0743
.0743
.0743
.0743
.0742
.0742
.0742
.0741
.0741
.0741
.0741
.074
.074
.074
.074
.0739
.0739
.0739
.0739
.0738
.0738
.0738
.0738
.0737
.0737
.0737
.0737
.0736
.0736
.0736
.0736
.0735
.0735
.0735
.0734
.0734
.0734
.0734
.0733
.0733
.0733
.0733
.0732
.0732
.0732
.0732
.0731
.0731
.0731
.0731
.073
.073
.073
.073
.0729
.0729
.0729
.0729
.0728
.0728
.0728
.0728
.0727
.0727
.0727
.0727
.0726
.0726
.0726
.0726
.0725
.0725
.0725
.0725
.0724
.0724
.0724
.0724
.0723
.0723
.0723
.0723
.0722
.0722
.0722
.0722
.0721
.0721
.0721
.0721
.072
.072
.072
.072
.0719
.0719
.0719
.0719
.0718
.0718
.0718
.0718
.0717
.0717
.0717
.0717
.0716
.0716
.0716
.0716
.0715
.0715
.0715
.0715
.0714
.0714
.0714
.0714
.0713
.0713
.0713
.0713
.0712
.0712
.0712
.0712
.0711
.0711
.0711
.0711
.071
.071
.071
.071
.0709
.0709
.0709
.0709
.0709
.0708
.0708
.0708
.0708
.0707
.0707
.0707
.0707
.0706
.0706
.0706
.0706
.0705
.0705
.0705
.0705
.0704
.0704
.0704
.0704
.0703
.0703
.0703
.0703
.0703
.0702
.0702
.0702
.0702
.0701
.0701
.0701
.0701
.07
.07
.07
.07
.0699
.0699
.0699
.0699
.0699
.0698
.0698
.0698
.0698
.0697
.0697
.0697
.0697
.0696
.0696
.0696
.0696
.0695
.0695
.0695
.0695
.0695
.0694
.0694
.0694
.0694
.0693
.0693
.0693
.0693
.0692
.0692
.0692
.0692
.0692
.0691
.0691
.0691
.0691
.069
.069
.069
.069
.0689
.0689
.0689
.0689
.0689
.0688
.0688
.0688
.0688
.0687
.0687
.0687
.0687
.0686
.0686
.0686
.0686
.0686
.0685
.0685
.0685
.0685
.0684
.0684
.0684
.0684
.0683
.0683
.0683
.0683
.0683
.0682
.0682
.0682
.0682
.0681
.0681
.0681
.0681
.0681
.068
.068
.068
.068
.0679
.0679
.0679
.0679
.0679
.0678
.0678
.0678
.0678
.0677
.0677
.0677
.0677
.0677
.0676
.0676
.0676
.0676
.0675
.0675
.0675
.0675
.0675
.0674
.0674
.0674
.0674
.0673
.0673
.0673
.0673
.0673
.0672
.0672
.0672
.0672
.0671
.0671
.0671
.0671
.0671
.067
.067
.067
.067
.0669
.0669
.0669
.0669
.0669
.0668
.0668
.0668
.0668
.0668
.0667
.0667
.0667
.0667
.0666
.0666
.0666
.0666
.0666
.0665
.0665
.0665
.0665
.0664
.0664
.0664
.0664
.0664
.0663
.0663
.0663
.0663
.0663
.0662
.0662
.0662
.0662
.0661
.0661
.0661
.0661
.0661
.066
.066
.066
.066
.066
.0659
.0659
.0659
.0659
.0659
.0658
.0658
.0658
.0658
.0657
.0657
.0657
.0657
.0657
.0656
.0656
.0656
.0656
.0656
.0655
.0655
.0655
.0655
.0655
.0654
.0654
.0654
.0654
.0653
.0653
.0653
.0653
.0653
.0652
.0652
.0652
.0652
.0652
.0651
.0651
.0651
.0651
.0651
.065
.065
.065
.065
.065
.0649
.0649
.0649
.0649
.0648
.0648
.0648
.0648
.0648
.0647
.0647
.0647
.0647
.0647
.0646
.0646
.0646
.0646
.0646
.0645
.0645
.0645
.0645
.0645
.0644
.0644
.0644
.0644
.0644
.0643
.0643
.0643
.0643
.0643
.0642
.0642
.0642
.0642
.0642
.0641
.0641
.0641
.0641
.0641
.064
.064
.064
.064
.064
.0639
.0639
.0639
.0639
.0639
.0638
.0638
.0638
.0638
.0638
.0637
.0637
.0637
.0637
.0637
.0636
.0636
.0636
.0636
.0636
.0635
.0635
.0635
.0635
.0635
.0634
.0634
.0634
.0634
.0634
.0633
.0633
.0633
.0633
.0633
.0632
.0632
.0632
.0632
.0632
.0631
.0631
.0631
.0631
.0631
.063
.063
.063
.063
.063
.0629
.0629
.0629
.0629
.0629
.0628
.0628
.0628
.0628
.0628
.0627
.0627
.0627
.0627
.0627
.0627
.0626
.0626
.0626
.0626
.0626
.0625
.0625
.0625
.0625
.0625
.0624
.0624
.0624
.0624
.0624
.0623
.0623
.0623
.0623
.0623
.0622
.0622
.0622
.0622
.0622
.0622
.0621
.0621
.0621
.0621
.0621
.062
.062
.062
.062
.062
.0619
.0619
.0619
.0619
.0619
.0618
.0618
.0618
.0618
.0618
.0618
.0617
.0617
.0617
.0617
.0617
.0616
.0616
.0616
.0616
.0616
.0615
.0615
.0615
.0615
.0615
.0615
.0614
.0614
.0614
.0614
.0614
.0613
.0613
.0613
.0613
.0613
.0612
.0612
.0612
.0612
.0612
.0612
.0611
.0611
.0611
.0611
.0611
.061
.061
.061
.061
.061
.061
.0609
.0609
.0609
.0609
.0609
.0608
.0608
.0608
.0608
.0608
.0607
.0607
.0607
.0607
.0607
.0607
.0606
.0606
.0606
.0606
.0606
.0605
.0605
.0605
.0605
.0605
.0605
.0604
.0604
.0604
.0604
.0604
.0603
.0603
.0603
.0603
.0603
.0603
.0602
.0602
.0602
.0602
.0602
.0602
.0601
.0601
.0601
.0601
.0601
.06
.06
.06
.06
.06
.06
.0599
.0599
.0599
.0599
.0599
.0598
.0598
.0598
.0598
.0598
.0598
.0597
.0597
.0597
.0597
.0597
.0597
.0596
.0596
.0596
.0596
.0596
.0595
.0595
.0595
.0595
.0595
.0595
.0594
.0594
.0594
.0594
.0594
.0594
.0593
.0593
.0593
.0593
.0593
.0592
.0592
.0592
.0592
.0592
.0592
.0591
.0591
.0591
.0591
.0591
.0591
.059
.059
.059
.059
.059
.0589
.0589
.0589
.0589
.0589
.0589
.0588
.0588
.0588
.0588
.0588
.0588
.0587
.0587
.0587
.0587
.0587
.0587
.0586
.0586
.0586
.0586
.0586
.0586
.0585
.0585
.0585
.0585
.0585
.0584
.0584
.0584
.0584
.0584
.0584
.0583
.0583
.0583
.0583
.0583
.0583
.0582
.0582
.0582
.0582
.0582
.0582
.0581
.0581
.0581
.0581
.0581
.0581
.058
.058
.058
.058
.058
.058
.0579
.0579
.0579
.0579
.0579
.0579
.0578
.0578
.0578
.0578
.0578
.0578
.0577
.0577
.0577
.0577
.0577
.0577
.0576
.0576
.0576
.0576
.0576
.0576
.0575
.0575
.0575
.0575
.0575
.0575
.0574
.0574
.0574
.0574
.0574
.0574
.0573
.0573
.0573
.0573
.0573
.0573
.0572
.0572
.0572
.0572
.0572
.0572
.0571
.0571
.0571
.0571
.0571
.0571
.057
.057
.057
.057
.057
.057
.0569
.0569
.0569
.0569
.0569
.0569
.0568
.0568
.0568
.0568
.0568
.0568
.0568
.0567
.0567
.0567
.0567
.0567
.0567
.0566
.0566
.0566
.0566
.0566
.0566
.0565
.0565
.0565
.0565
.0565
.0565
.0564
.0564
.0564
.0564
.0564
.0564
.0564
.0563
.0563
.0563
.0563
.0563
.0563
.0562
.0562
.0562
.0562
.0562
.0562
.0561
.0561
.0561
.0561
.0561
.0561
.056
.056
.056
.056
.056
.056
.056
.0559
.0559
.0559
.0559
.0559
.0559
.0558
.0558
.0558
.0558
.0558
.0558
.0557
.0557
.0557
.0557
.0557
.0557
.0557
.0556
.0556
.0556
.0556
.0556
.0556
.0555
.0555
.0555
.0555
.0555
.0555
.0555
.0554
.0554
.0554
.0554
.0554
.0554
.0553
.0553
.0553
.0553
.0553
.0553
.0553
.0552
.0552
.0552
.0552
.0552
.0552
.0551
.0551
.0551
.0551
.0551
.0551
.0551
.055
.055
.055
.055
.055
.055
.0549
.0549
.0549
.0549
.0549
.0549
.0549
.0548
.0548
.0548
.0548
.0548
.0548
.0547
.0547
.0547
.0547
.0547
.0547
.0547
.0546
.0546
.0546
.0546
.0546
.0546
.0545
.0545
.0545
.0545
.0545
.0545
.0545
.0544
.0544
.0544
.0544
.0544
.0544
.0544
.0543
.0543
.0543
.0543
.0543
.0543
.0542
.0542
.0542
.0542
.0542
.0542
.0542
.0541
.0541
.0541
.0541
.0541
.0541
.0541
.054
.054
.054
.054
.054
.054
.054
.0539
.0539
.0539
.0539
.0539
.0539
.0538
.0538
.0538
.0538
.0538
.0538
.0538
.0537
.0537
.0537
.0537
.0537
.0537
.0537
.0536
.0536
.0536
.0536
.0536
.0536
.0536
.0535
.0535
.0535
.0535
.0535
.0535
.0535
.0534
.0534
.0534
.0534
.0534
.0534
.0534
.0533
.0533
.0533
.0533
.0533
.0533
.0533
.0532
.0532
.0532
.0532
.0532
.0532
.0531
.0531
.0531
.0531
.0531
.0531
.0531
.053
.053
.053
.053
.053
.053
.053
.0529
.0529
.0529
.0529
.0529
.0529
.0529
.0528
.0528
.0528
.0528
.0528
.0528
.0528
.0527
.0527
.0527
.0527
.0527
.0527
.0527
.0527
.0526
.0526
.0526
.0526
.0526
.0526
.0526
.0525
.0525
.0525
.0525
.0525
.0525
.0525
.0524
.0524
.0524
.0524
.0524
.0524
.0524
.0523
.0523
.0523
.0523
.0523
.0523
.0523
.0522
.0522
.0522
.0522
.0522
.0522
.0522
.0521
.0521
.0521
.0521
.0521
.0521
.0521
.052
.052
.052
.052
.052
.052
.052
.052
.0519
.0519
.0519
.0519
.0519
.0519
.0519
.0518
.0518
.0518
.0518
.0518
.0518
.0518
.0517
.0517
.0517
.0517
.0517
.0517
.0517
.0516
.0516
.0516
.0516
.0516
.0516
.0516
.0516
.0515
.0515
.0515
.0515
.0515
.0515
.0515
.0514
.0514
.0514
.0514
.0514
.0514
.0514
.0514
.0513
.0513
.0513
.0513
.0513
.0513
.0513
.0512
.0512
.0512
.0512
.0512
.0512
.0512
.0511
.0511
.0511
.0511
.0511
.0511
.0511
.0511
.051
.051
.051
.051
.051
.051
.051
.0509
.0509
.0509
.0509
.0509
.0509
.0509
.0509
.0508
.0508
.0508
.0508
.0508
.0508
.0508
.0507
.0507
.0507
.0507
.0507
.0507
.0507
.0507
.0506
.0506
.0506
.0506
.0506
.0506
.0506
.0506
.0505
.0505
.0505
.0505
.0505
.0505
.0505
.0504
.0504
.0504
.0504
.0504
.0504
.0504
.0504
.0503
.0503
.0503
.0503
.0503
.0503
.0503
.0503
.0502
.0502
.0502
.0502
.0502
.0502
.0502
.0501
.0501
.0501
.0501
.0501
.0501
.0501
.0501
.05
.05
.05
.05
.05
