.6418
.6397
.6376
.6355
.6333
.6312
.629
.6269
.6247
.6225
.6203
.6181
.6159
.6137
.6114
.6092
.6069
.6047
.6024
.6002
.5979
.5957
.5934
.5912
.589
.5868
.5846
.5824
.5802
.578
.5759
.5738
.5717
.5696
.5676
.5656
.5636
.5617
.5598
.5579
.5561
.5543
.5526
.5509
.5492
.5476
.5461
.5446
.5431
.5417
.5404
.5391
.5378
.5366
.5355
.5344
.5333
.5323
.5313
.5304
.5295
.5287
.5279
.5272
.5264
.5258
.5251
.5245
.524
.5234
.5229
.5225
.522
.5216
.5212
.5208
.5205
.5201
.5198
.5195
.5193
.519
.5188
.5186
.5184
.5182
.518
.5178
.5177
.5175
.5174
.5172
.5171
.517
.5169
.5168
.5167
.5166
.5165
.5164
.5164
.5163
.5162
.5162
.5161
.5161
.516
.516
.5159
.5159
.5158
.5158
.5157
.5157
.5157
.5156
.5156
.5156
.5155
.5155
.5155
.5155
.5154
.5154
.5154
.5154
.5153
.5153
.5153
.5153
.5152
.5152
.5152
.5152
.5151
.5151
.5151
.5151
.5151
.515
.515
.515
.515
.515
.5149
.5149
.5149
.5149
.5149
.5148
.5148
.5148
.5148
.5148
.5147
.5147
.5147
.5147
.5147
.5146
.5146
.5146
.5146
.5146
.5145
.5145
.5145
.5145
.5145
.5144
.5144
.5144
.5144
.5144
.5143
.5143
.5143
.5143
.5143
.5142
.5142
.5142
.5142
.5141
.5141
.5141
.5141
.5141
.514
.514
.514
.514
.5139
.5139
.5139
.5139
.5139
.5138
.5138
.5138
.5138
.5137
.5137
.5137
.5137
.5136
.5136
.5136
.5136
.5135
.5135
.5135
.5135
.5135
.5134
.5134
.5134
.5134
.5133
.5133
.5133
.5133
.5132
.5132
.5132
.5131
.5131
.5131
.5131
.513
.513
.513
.513
.5129
.5129
.5129
.5129
.5128
.5128
.5128
.5127
.5127
.5127
.5127
.5126
.5126
.5126
.5126
.5125
.5125
.5125
.5124
.5124
.5124
.5123
.5123
.5123
.5123
.5122
.5122
.5122
.5121
.5121
.5121
.512
.512
.512
.5119
.5119
.5119
.5119
.5118
.5118
.5118
.5117
.5117
.5117
.5116
.5116
.5116
.5115
.5115
.5115
.5114
.5114
.5114
.5113
.5113
.5112
.5112
.5112
.5111
.5111
.5111
.511
.511
.511
.5109
.5109
.5108
.5108
.5108
.5107
.5107
.5107
.5106
.5106
.5105
.5105
.5105
.5104
.5104
.5103
.5103
.5103
.5102
.5102
.5101
.5101
.51
.51
.51
.5099
.5099
.5098
.5098
.5097
.5097
.5097
.5096
.5096
.5095
.5095
.5094
.5094
.5093
.5093
.5092
.5092
.5091
.5091
.509
.509
.5089
.5089
.5089
.5088
.5088
.5087
.5086
.5086
.5085
.5085
.5084
.5084
.5083
.5083
.5082
.5082
.5081
.5081
.508
.508
.5079
.5078
.5078
.5077
.5077
.5076
.5076
.5075
.5074
.5074
.5073
.5073
.5072
.5071
.5071
.507
.507
.5069
.5068
.5068
.5067
.5066
.5066
.5065
.5064
.5064
.5063
.5062
.5062
.5061
.506
.506
.5059
.5058
.5058
.5057
.5056
.5055
.5055
.5054
.5053
.5052
.5052
.5051
.505
.5049
.5049
.5048
.5047
.5046
.5045
.5045
.5044
.5043
.5042
.5041
.5041
.504
.5039
.5038
.5037
.5036
.5036
.5035
.5034
.5033
.5032
.5031
.503
.5029
.5028
.5027
.5027
.5026
.5025
.5024
.5023
.5022
.5021
.502
.5019
.5018
.5017
.5016
.5015
.5014
.5013
.5012
.5011
.501
.5009
.5007
.5006
.5005
.5004
.5003
.5002
.5001
.5
.4999
.4998
.4996
.4995
.4994
.4993
.4992
.499
.4989
.4988
.4987
.4986
.4984
.4983
.4982
.4981
.4979
.4978
.4977
.4975
.4974
.4973
.4971
.497
.4969
.4967
.4966
.4965
.4963
.4962
.496
.4959
.4958
.4956
.4955
.4953
.4952
.495
.4949
.4947
.4946
.4944
.4943
.4941
.494
.4938
.4936
.4935
.4933
.4932
.493
.4928
.4927
.4925
.4923
.4922
.492
.4918
.4917
.4915
.4913
.4911
.491
.4908
.4906
.4904
.4902
.49
.4899
.4897
.4895
.4893
.4891
.4889
.4887
.4885
.4883
.4881
.4879
.4877
.4875
.4873
.4871
.4869
.4867
.4865
.4863
.4861
.4859
.4857
.4855
.4853
.485
.4848
.4846
.4844
.4842
.4839
.4837
.4835
.4833
.483
.4828
.4826
.4823
.4821
.4819
.4816
.4814
.4812
.4809
.4807
.4804
.4802
.4799
.4797
.4794
.4792
.4789
.4787
.4784
.4782
.4779
.4776
.4774
.4771
.4768
.4766
.4763
.476
.4758
.4755
.4752
.4749
.4747
.4744
.4741
.4738
.4735
.4732
.473
.4727
.4724
.4721
.4718
.4715
.4712
.4709
.4706
.4703
.47
.4697
.4694
.4691
.4688
.4685
.4682
.4679
.4675
.4672
.4669
.4666
.4663
.466
.4656
.4653
.465
.4647
.4643
.464
.4637
.4633
.463
.4627
.4623
.462
.4616
.4613
.461
.4606
.4603
.4599
.4596
.4592
.4589
.4585
.4582
.4578
.4574
.4571
.4567
.4564
.456
.4556
.4553
.4549
.4545
.4542
.4538
.4534
.453
.4527
.4523
.4519
.4515
.4511
.4508
.4504
.45
.4496
.4492
.4488
.4484
.448
.4477
.4473
.4469
.4465
.4461
.4457
.4453
.4449
.4445
.4441
.4437
.4433
.4428
.4424
.442
.4416
.4412
.4408
.4404
.44
.4395
.4391
.4387
.4383
.4379
.4374
.437
.4366
.4362
.4357
.4353
.4349
.4345
.434
.4336
.4332
.4327
.4323
.4319
.4314
.431
.4305
.4301
.4297
.4292
.4288
.4283
.4279
.4274
.427
.4265
.4261
.4256
.4252
.4247
.4243
.4238
.4234
.4229
.4225
.422
.4216
.4211
.4207
.4202
.4197
.4193
.4188
.4184
.4179
.4174
.417
.4165
.416
.4156
.4151
.4146
.4142
.4137
.4132
.4128
.4123
.4118
.4113
.4109
.4104
.4099
.4094
.409
.4085
.408
.4075
.4071
.4066
.4061
.4056
.4052
.4047
.4042
.4037
.4032
.4028
.4023
.4018
.4013
.4008
.4003
.3999
.3994
.3989
.3984
.3979
.3974
.3969
.3965
.396
.3955
.395
.3945
.394
.3935
.393
.3926
.3921
.3916
.3911
.3906
.3901
.3896
.3891
.3886
.3881
.3876
.3872
.3867
.3862
.3857
.3852
.3847
.3842
.3837
.3832
.3827
.3822
.3817
.3812
.3807
.3802
.3798
.3793
.3788
.3783
.3778
.3773
.3768
.3763
.3758
.3753
.3748
.3743
.3738
.3733
.3728
.3723
.3718
.3713
.3708
.3703
.3699
.3694
.3689
.3684
.3679
.3674
.3669
.3664
.3659
.3654
.3649
.3644
.3639
.3634
.3629
.3624
.3619
.3614
.3609
.3605
.36
.3595
.359
.3585
.358
.3575
.357
.3565
.356
.3555
.355
.3545
.354
.3536
.3531
.3526
.3521
.3516
.3511
.3506
.3501
.3496
.3491
.3486
.3482
.3477
.3472
.3467
.3462
.3457
.3452
.3447
.3442
.3438
.3433
.3428
.3423
.3418
.3413
.3408
.3404
.3399
.3394
.3389
.3384
.3379
.3375
.337
.3365
.336
.3355
.3351
.3346
.3341
.3336
.3331
.3326
.3322
.3317
.3312
.3307
.3303
.3298
.3293
.3288
.3284
.3279
.3274
.3269
.3265
.326
.3255
.325
.3246
.3241
.3236
.3231
.3227
.3222
.3217
.3213
.3208
.3203
.3199
.3194
.3189
.3185
.318
.3175
.3171
.3166
.3161
.3157
.3152
.3147
.3143
.3138
.3134
.3129
.3124
.312
.3115
.3111
.3106
.3101
.3097
.3092
.3088
.3083
.3079
.3074
.307
.3065
.3061
.3056
.3051
.3047
.3042
.3038
.3033
.3029
.3025
.302
.3016
.3011
.3007
.3002
.2998
.2993
.2989
.2984
.298
.2976
.2971
.2967
.2962
.2958
.2954
.2949
.2945
.294
.2936
.2932
.2927
.2923
.2919
.2914
.291
.2906
.2901
.2897
.2893
.2888
.2884
.288
.2876
.2871
.2867
.2863
.2859
.2854
.285
.2846
.2842
.2837
.2833
.2829
.2825
.2821
.2816
.2812
.2808
.2804
.28
.2796
.2791
.2787
.2783
.2779
.2775
.2771
.2767
.2763
.2759
.2754
.275
.2746
.2742
.2738
.2734
.273
.2726
.2722
.2718
.2714
.271
.2706
.2702
.2698
.2694
.269
.2686
.2682
.2678
.2674
.267
.2666
.2662
.2658
.2654
.2651
.2647
.2643
.2639
.2635
.2631
.2627
.2623
.262
.2616
.2612
.2608
.2604
.26
.2597
.2593
.2589
.2585
.2581
.2578
.2574
.257
.2566
.2563
.2559
.2555
.2551
.2548
.2544
.254
.2537
.2533
.2529
.2526
.2522
.2518
.2515
.2511
.2507
.2504
.25
.2496
.2493
.2489
.2486
.2482
.2478
.2475
.2471
.2468
.2464
.2461
.2457
.2453
.245
.2446
.2443
.2439
.2436
.2432
.2429
.2425
.2422
.2419
.2415
.2412
.2408
.2405
.2401
.2398
.2394
.2391
.2388
.2384
.2381
.2377
.2374
.2371
.2367
.2364
.2361
.2357
.2354
.2351
.2347
.2344
.2341
.2337
.2334
.2331
.2328
.2324
.2321
.2318
.2315
.2311
.2308
.2305
.2302
.2298
.2295
.2292
.2289
.2286
.2282
.2279
.2276
.2273
.227
.2267
.2263
.226
.2257
.2254
.2251
.2248
.2245
.2242
.2239
.2235
.2232
.2229
.2226
.2223
.222
.2217
.2214
.2211
.2208
.2205
.2202
.2199
.2196
.2193
.219
.2187
.2184
.2181
.2178
.2175
.2172
.2169
.2166
.2163
.216
.2157
.2155
.2152
.2149
.2146
.2143
.214
.2137
.2134
.2132
.2129
.2126
.2123
.212
.2117
.2114
.2112
.2109
.2106
.2103
.21
.2098
.2095
.2092
.2089
.2087
.2084
.2081
.2078
.2076
.2073
.207
.2067
.2065
.2062
.2059
.2056
.2054
.2051
.2048
.2046
.2043
.204
.2038
.2035
.2032
.203
.2027
.2024
.2022
.2019
.2017
.2014
.2011
.2009
.2006
.2004
.2001
.1998
.1996
.1993
.1991
.1988
.1986
.1983
.1981
.1978
.1975
.1973
.197
.1968
.1965
.1963
.196
.1958
.1955
.1953
.195
.1948
.1946
.1943
.1941
.1938
.1936
.1933
.1931
.1928
.1926
.1924
.1921
.1919
.1916
.1914
.1912
.1909
.1907
.1904
.1902
.19
.1897
.1895
.1893
.189
.1888
.1886
.1883
.1881
.1879
.1876
.1874
.1872
.1869
.1867
.1865
.1862
.186
.1858
.1856
.1853
.1851
.1849
.1847
.1844
.1842
.184
.1838
.1835
.1833
.1831
.1829
.1826
.1824
.1822
.182
.1818
.1815
.1813
.1811
.1809
.1807
.1804
.1802
.18
.1798
.1796
.1794
.1792
.1789
.1787
.1785
.1783
.1781
.1779
.1777
.1775
.1772
.177
.1768
.1766
.1764
.1762
.176
.1758
.1756
.1754
.1752
.175
.1748
.1745
.1743
.1741
.1739
.1737
.1735
.1733
.1731
.1729
.1727
.1725
.1723
.1721
.1719
.1717
.1715
.1713
.1711
.1709
.1707
.1705
.1703
.1701
.1699
.1697
.1695
.1694
.1692
.169
.1688
.1686
.1684
.1682
.168
.1678
.1676
.1674
.1672
.167
.1669
.1667
.1665
.1663
.1661
.1659
.1657
.1655
.1654
.1652
.165
.1648
.1646
.1644
.1642
.1641
.1639
.1637
.1635
.1633
.1631
.163
.1628
.1626
.1624
.1622
.1621
.1619
.1617
.1615
.1613
.1612
.161
.1608
.1606
.1604
.1603
.1601
.1599
.1597
.1596
.1594
.1592
.159
.1589
.1587
.1585
.1583
.1582
.158
.1578
.1577
.1575
.1573
.1571
.157
.1568
.1566
.1565
.1563
.1561
.156
.1558
.1556
.1555
.1553
.1551
.155
.1548
.1546
.1545
.1543
.1541
.154
.1538
.1536
.1535
.1533
.1531
.153
.1528
.1526
.1525
.1523
.1522
.152
.1518
.1517
.1515
.1514
.1512
.151
.1509
.1507
.1506
.1504
.1502
.1501
.1499
.1498
.1496
.1495
.1493
.1492
.149
.1488
.1487
.1485
.1484
.1482
.1481
.1479
.1478
.1476
.1475
.1473
.1472
.147
.1468
.1467
.1465
.1464
.1462
.1461
.1459
.1458
.1456
.1455
.1453
.1452
.145
.1449
.1448
.1446
.1445
.1443
.1442
.144
.1439
.1437
.1436
.1434
.1433
.1431
.143
.1429
.1427
.1426
.1424
.1423
.1421
.142
.1418
.1417
.1416
.1414
.1413
.1411
.141
.1409
.1407
.1406
.1404
.1403
.1402
.14
.1399
.1397
.1396
.1395
.1393
.1392
.139
.1389
.1388
.1386
.1385
.1384
.1382
.1381
.138
.1378
.1377
.1375
.1374
.1373
.1371
.137
.1369
.1367
.1366
.1365
.1363
.1362
.1361
.1359
.1358
.1357
.1355
.1354
.1353
.1352
.135
.1349
.1348
.1346
.1345
.1344
.1342
.1341
.134
.1339
.1337
.1336
.1335
.1333
.1332
.1331
.133
.1328
.1327
.1326
.1325
.1323
.1322
.1321
.132
.1318
.1317
.1316
.1315
.1313
.1312
.1311
.131
.1308
.1307
.1306
.1305
.1303
.1302
.1301
.13
.1299
.1297
.1296
.1295
.1294
.1292
.1291
.129
.1289
.1288
.1286
.1285
.1284
.1283
.1282
.128
.1279
.1278
.1277
.1276
.1275
.1273
.1272
.1271
.127
.1269
.1267
.1266
.1265
.1264
.1263
.1262
.1261
.1259
.1258
.1257
.1256
.1255
.1254
.1252
.1251
.125
.1249
.1248
.1247
.1246
.1245
.1243
.1242
.1241
.124
.1239
.1238
.1237
.1236
.1234
.1233
.1232
.1231
.123
.1229
.1228
.1227
.1226
.1224
.1223
.1222
.1221
.122
.1219
.1218
.1217
.1216
.1215
.1214
.1213
.1211
.121
.1209
.1208
.1207
.1206
.1205
.1204
.1203
.1202
.1201
.12
.1199
.1198
.1197
.1195
.1194
.1193
.1192
.1191
.119
.1189
.1188
.1187
.1186
.1185
.1184
.1183
.1182
.1181
.118
.1179
.1178
.1177
.1176
.1175
.1174
.1173
.1172
.1171
.117
.1169
.1168
.1167
.1166
.1165
.1164
.1163
.1162
.1161
.116
.1159
.1158
.1157
.1156
.1155
.1154
.1153
.1152
.1151
.115
.1149
.1148
.1147
.1146
.1145
.1144
.1143
.1142
.1141
.114
.1139
.1138
.1137
.1136
.1135
.1134
.1133
.1132
.1131
.113
.1129
.1129
.1128
.1127
.1126
.1125
.1124
.1123
.1122
.1121
.112
.1119
.1118
.1117
.1116
.1115
.1114
.1114
.1113
.1112
.1111
.111
.1109
.1108
.1107
.1106
.1105
.1104
.1103
.1103
.1102
.1101
.11
.1099
.1098
.1097
.1096
.1095
.1094
.1094
.1093
.1092
.1091
.109
.1089
.1088
.1087
.1086
.1085
.1085
.1084
.1083
.1082
.1081
.108
.1079
.1078
.1078
.1077
.1076
.1075
.1074
.1073
.1072
.1072
.1071
.107
.1069
.1068
.1067
.1066
.1065
.1065
.1064
.1063
.1062
.1061
.106
.106
.1059
.1058
.1057
.1056
.1055
.1054
.1054
.1053
.1052
.1051
.105
.1049
.1049
.1048
.1047
.1046
.1045
.1044
.1044
.1043
.1042
.1041
.104
.104
.1039
.1038
.1037
.1036
.1035
.1035
.1034
.1033
.1032
.1031
.1031
.103
.1029
.1028
.1027
.1027
.1026
.1025
.1024
.1023
.1023
.1022
.1021
.102
.1019
.1019
.1018
.1017
.1016
.1016
.1015
.1014
.1013
.1012
.1012
.1011
.101
.1009
.1009
.1008
.1007
.1006
.1005
.1005
.1004
.1003
.1002
.1002
.1001
.1
.0999
.0999
.0998
.0997
.0996
.0995
.0995
.0994
.0993
.0992
.0992
.0991
.099
.0989
.0989
.0988
.0987
.0986
.0986
.0985
.0984
.0984
.0983
.0982
.0981
.0981
.098
.0979
.0978
.0978
.0977
.0976
.0975
.0975
.0974
.0973
.0973
.0972
.0971
.097
.097
.0969
.0968
.0967
.0967
.0966
.0965
.0965
.0964
.0963
.0962
.0962
.0961
.096
.096
.0959
.0958
.0957
.0957
.0956
.0955
.0955
.0954
.0953
.0953
.0952
.0951
.095
.095
.0949
.0948
.0948
.0947
.0946
.0946
.0945
.0944
.0944
.0943
.0942
.0942
.0941
.094
.0939
.0939
.0938
.0937
.0937
.0936
.0935
.0935
.0934
.0933
.0933
.0932
.0931
.0931
.093
.0929
.0929
.0928
.0927
.0927
.0926
.0925
.0925
.0924
.0923
.0923
.0922
.0921
.0921
.092
.0919
.0919
.0918
.0917
.0917
.0916
.0915
.0915
.0914
.0914
.0913
.0912
.0912
.0911
.091
.091
.0909
.0908
.0908
.0907
.0906
.0906
.0905
.0905
.0904
.0903
.0903
.0902
.0901
.0901
.09
.0899
.0899
.0898
.0898
.0897
.0896
.0896
.0895
.0894
.0894
.0893
.0893
.0892
.0891
.0891
.089
.0889
.0889
.0888
.0888
.0887
.0886
.0886
.0885
.0885
.0884
.0883
.0883
.0882
.0882
.0881
.088
.088
.0879
.0879
.0878
.0877
.0877
.0876
.0875
.0875
.0874
.0874
.0873
.0873
.0872
.0871
.0871
.087
.087
.0869
.0868
.0868
.0867
.0867
.0866
.0865
.0865
.0864
.0864
.0863
.0862
.0862
.0861
.0861
.086
.086
.0859
.0858
.0858
.0857
.0857
.0856
.0856
.0855
.0854
.0854
.0853
.0853
.0852
.0852
.0851
.085
.085
.0849
.0849
.0848
.0848
.0847
.0846
.0846
.0845
.0845
.0844
.0844
.0843
.0842
.0842
.0841
.0841
.084
.084
.0839
.0839
.0838
.0837
.0837
.0836
.0836
.0835
.0835
.0834
.0834
.0833
.0832
.0832
.0831
.0831
.083
.083
.0829
.0829
.0828
.0828
.0827
.0827
.0826
.0825
.0825
.0824
.0824
.0823
.0823
.0822
.0822
.0821
.0821
.082
.082
.0819
.0818
.0818
.0817
.0817
.0816
.0816
.0815
.0815
.0814
.0814
.0813
.0813
.0812
.0812
.0811
.0811
.081
.081
.0809
.0808
.0808
.0807
.0807
.0806
.0806
.0805
.0805
.0804
.0804
.0803
.0803
.0802
.0802
.0801
.0801
.08
.08
.0799
.0799
.0798
.0798
.0797
.0797
.0796
.0796
.0795
.0795
.0794
.0794
.0793
.0793
.0792
.0792
.0791
.0791
.079
.079
.0789
.0789
.0788
.0788
.0787
.0787
.0786
.0786
.0785
.0785
.0784
.0784
.0783
.0783
.0782
.0782
.0781
.0781
.078
.078
.0779
.0779
.0778
.0778
.0777
.0777
.0776
.0776
.0775
.0775
.0775
.0774
.0774
.0773
.0773
.0772
.0772
.0771
.0771
.077
.077
.0769
.0769
.0768
.0768
.0767
.0767
.0766
.0766
.0766
.0765
.0765
.0764
.0764
.0763
.0763
.0762
.0762
.0761
.0761
.076
.076
.0759
.0759
.0759
.0758
.0758
.0757
.0757
.0756
.0756
.0755
.0755
.0754
.0754
.0753
.0753
.0753
.0752
.0752
.0751
.0751
.075
.075
.0749
.0749
.0748
.0748
.0748
.0747
.0747
.0746
.0746
.0745
.0745
.0744
.0744
.0744
.0743
.0743
.0742
.0742
.0741
.0741
.074
.074
.074
.0739
.0739
.0738
.0738
.0737
.0737
.0736
.0736
.0736
.0735
.0735
.0734
.0734
.0733
.0733
.0733
.0732
.0732
.0731
.0731
.073
.073
.0729
.0729
.0729
.0728
.0728
.0727
.0727
.0726
.0726
.0726
.0725
.0725
.0724
.0724
.0724
.0723
.0723
.0722
.0722
.0721
.0721
.0721
.072
.072
.0719
.0719
.0718
.0718
.0718
.0717
.0717
.0716
.0716
.0716
.0715
.0715
.0714
.0714
.0713
.0713
.0713
.0712
.0712
.0711
.0711
.0711
.071
.071
.0709
.0709
.0709
.0708
.0708
.0707
.0707
.0706
.0706
.0706
.0705
.0705
.0704
.0704
.0704
.0703
.0703
.0702
.0702
.0702
.0701
.0701
.07
.07
.07
.0699
.0699
.0698
.0698
.0698
.0697
.0697
.0696
.0696
.0696
.0695
.0695
.0694
.0694
.0694
.0693
.0693
.0693
.0692
.0692
.0691
.0691
.0691
.069
.069
.0689
.0689
.0689
.0688
.0688
.0687
.0687
.0687
.0686
.0686
.0686
.0685
.0685
.0684
.0684
.0684
.0683
.0683
.0682
.0682
.0682
.0681
.0681
.0681
.068
.068
.0679
.0679
.0679
.0678
.0678
.0678
.0677
.0677
.0676
.0676
.0676
.0675
.0675
.0675
.0674
.0674
.0673
.0673
.0673
.0672
.0672
.0672
.0671
.0671
.067
.067
.067
.0669
.0669
.0669
.0668
.0668
.0668
.0667
.0667
.0666
.0666
.0666
.0665
.0665
.0665
.0664
.0664
.0664
.0663
.0663
.0662
.0662
.0662
.0661
.0661
.0661
.066
.066
.066
.0659
.0659
.0658
.0658
.0658
.0657
.0657
.0657
.0656
.0656
.0656
.0655
.0655
.0655
.0654
.0654
.0654
.0653
.0653
.0652
.0652
.0652
.0651
.0651
.0651
.065
.065
.065
.0649
.0649
.0649
.0648
.0648
.0648
.0647
.0647
.0647
.0646
.0646
.0645
.0645
.0645
.0644
.0644
.0644
.0643
.0643
.0643
.0642
.0642
.0642
.0641
.0641
.0641
.064
.064
.064
.0639
.0639
.0639
.0638
.0638
.0638
.0637
.0637
.0637
.0636
.0636
.0636
.0635
.0635
.0635
.0634
.0634
.0634
.0633
.0633
.0633
.0632
.0632
.0632
.0631
.0631
.0631
.063
.063
.063
.0629
.0629
.0629
.0628
.0628
.0628
.0627
.0627
.0627
.0626
.0626
.0626
.0625
.0625
.0625
.0624
.0624
.0624
.0623
.0623
.0623
.0622
.0622
.0622
.0622
.0621
.0621
.0621
.062
.062
.062
.0619
.0619
.0619
.0618
.0618
.0618
.0617
.0617
.0617
.0616
.0616
.0616
.0615
.0615
.0615
.0615
.0614
.0614
.0614
.0613
.0613
.0613
.0612
.0612
.0612
.0611
.0611
.0611
.061
.061
.061
.061
.0609
.0609
.0609
.0608
.0608
.0608
.0607
.0607
.0607
.0606
.0606
.0606
.0606
.0605
.0605
.0605
.0604
.0604
.0604
.0603
.0603
.0603
.0602
.0602
.0602
.0602
.0601
.0601
.0601
.06
.06
.06
.0599
.0599
.0599
.0599
.0598
.0598
.0598
.0597
.0597
.0597
.0596
.0596
.0596
.0596
.0595
.0595
.0595
.0594
.0594
.0594
.0593
.0593
.0593
.0593
.0592
.0592
.0592
.0591
.0591
.0591
.0591
.059
.059
.059
.0589
.0589
.0589
.0589
.0588
.0588
.0588
.0587
.0587
.0587
.0586
.0586
.0586
.0586
.0585
.0585
.0585
.0584
.0584
.0584
.0584
.0583
.0583
.0583
.0582
.0582
.0582
.0582
.0581
.0581
.0581
.058
.058
.058
.058
.0579
.0579
.0579
.0578
.0578
.0578
.0578
.0577
.0577
.0577
.0577
.0576
.0576
.0576
.0575
.0575
.0575
.0575
.0574
.0574
.0574
.0573
.0573
.0573
.0573
.0572
.0572
.0572
.0572
.0571
.0571
.0571
.057
.057
.057
.057
.0569
.0569
.0569
.0568
.0568
.0568
.0568
.0567
.0567
.0567
.0567
.0566
.0566
.0566
.0566
.0565
.0565
.0565
.0564
.0564
.0564
.0564
.0563
.0563
.0563
.0563
.0562
.0562
.0562
.0561
.0561
.0561
.0561
.056
.056
.056
.056
.0559
.0559
.0559
.0559
.0558
.0558
.0558
.0558
.0557
.0557
.0557
.0556
.0556
.0556
.0556
.0555
.0555
.0555
.0555
.0554
.0554
.0554
.0554
.0553
.0553
.0553
.0553
.0552
.0552
.0552
.0552
.0551
.0551
.0551
.055
.055
.055
.055
.0549
.0549
.0549
.0549
.0548
.0548
.0548
.0548
.0547
.0547
.0547
.0547
.0546
.0546
.0546
.0546
.0545
.0545
.0545
.0545
.0544
.0544
.0544
.0544
.0543
.0543
.0543
.0543
.0542
.0542
.0542
.0542
.0541
.0541
.0541
.0541
.054
.054
.054
.054
.0539
.0539
.0539
.0539
.0538
.0538
.0538
.0538
.0537
.0537
.0537
.0537
.0536
.0536
.0536
.0536
.0535
.0535
.0535
.0535
.0534
.0534
.0534
.0534
.0533
.0533
.0533
.0533
.0533
.0532
.0532
.0532
.0532
.0531
.0531
.0531
.0531
.053
.053
.053
.053
.0529
.0529
.0529
.0529
.0528
.0528
.0528
.0528
.0527
.0527
.0527
.0527
.0527
.0526
.0526
.0526
.0526
.0525
.0525
.0525
.0525
.0524
.0524
.0524
.0524
.0523
.0523
.0523
.0523
.0523
.0522
.0522
.0522
.0522
.0521
.0521
.0521
.0521
.052
.052
.052
.052
.052
.0519
.0519
.0519
.0519
.0518
.0518
.0518
.0518
.0517
.0517
.0517
.0517
.0517
.0516
.0516
.0516
.0516
.0515
.0515
.0515
.0515
.0514
.0514
.0514
.0514
.0514
.0513
.0513
.0513
.0513
.0512
.0512
.0512
.0512
.0512
.0511
.0511
.0511
.0511
.051
.051
.051
.051
.051
.0509
.0509
.0509
.0509
.0508
.0508
.0508
.0508
.0508
.0507
.0507
.0507
.0507
.0506
.0506
.0506
.0506
.0506
.0505
.0505
.0505
.0505
.0504
.0504
.0504
.0504
.0504
.0503
.0503
.0503
.0503
.0502
.0502
.0502
.0502
.0502
.0501
.0501
.0501
.0501
.0501
.05
.05
.05
