.5724
.5702
.5681
.5659
.5639
.5618
.5598
.5579
.5559
.5541
.5523
.5505
.5488
.5471
.5455
.544
.5425
.541
.5396
.5383
.537
.5357
.5345
.5334
.5323
.5313
.5303
.5293
.5284
.5276
.5267
.526
.5252
.5245
.5239
.5233
.5227
.5221
.5216
.5211
.5207
.5202
.5198
.5194
.5191
.5187
.5184
.5181
.5178
.5176
.5173
.5171
.5169
.5167
.5165
.5163
.5161
.516
.5158
.5157
.5156
.5154
.5153
.5152
.5151
.515
.5149
.5149
.5148
.5147
.5146
.5146
.5145
.5144
.5144
.5143
.5143
.5142
.5142
.5141
.5141
.5141
.514
.514
.5139
.5139
.5139
.5138
.5138
.5138
.5137
.5137
.5137
.5137
.5136
.5136
.5136
.5135
.5135
.5135
.5135
.5134
.5134
.5134
.5134
.5133
.5133
.5133
.5133
.5132
.5132
.5132
.5132
.5131
.5131
.5131
.5131
.513
.513
.513
.513
.5129
.5129
.5129
.5129
.5128
.5128
.5128
.5128
.5127
.5127
.5127
.5127
.5126
.5126
.5126
.5126
.5125
.5125
.5125
.5125
.5124
.5124
.5124
.5124
.5123
.5123
.5123
.5122
.5122
.5122
.5122
.5121
.5121
.5121
.512
.512
.512
.512
.5119
.5119
.5119
.5118
.5118
.5118
.5117
.5117
.5117
.5117
.5116
.5116
.5116
.5115
.5115
.5115
.5114
.5114
.5114
.5113
.5113
.5113
.5112
.5112
.5112
.5111
.5111
.5111
.511
.511
.511
.5109
.5109
.5109
.5108
.5108
.5108
.5107
.5107
.5107
.5106
.5106
.5105
.5105
.5105
.5104
.5104
.5104
.5103
.5103
.5103
.5102
.5102
.5101
.5101
.5101
.51
.51
.5099
.5099
.5099
.5098
.5098
.5097
.5097
.5097
.5096
.5096
.5095
.5095
.5095
.5094
.5094
.5093
.5093
.5092
.5092
.5092
.5091
.5091
.509
.509
.5089
.5089
.5088
.5088
.5087
.5087
.5087
.5086
.5086
.5085
.5085
.5084
.5084
.5083
.5083
.5082
.5082
.5081
.5081
.508
.508
.5079
.5079
.5078
.5078
.5077
.5077
.5076
.5076
.5075
.5075
.5074
.5074
.5073
.5073
.5072
.5072
.5071
.507
.507
.5069
.5069
.5068
.5068
.5067
.5067
.5066
.5065
.5065
.5064
.5064
.5063
.5063
.5062
.5061
.5061
.506
.506
.5059
.5058
.5058
.5057
.5056
.5056
.5055
.5055
.5054
.5053
.5053
.5052
.5051
.5051
.505
.5049
.5049
.5048
.5047
.5047
.5046
.5045
.5045
.5044
.5043
.5043
.5042
.5041
.5041
.504
.5039
.5038
.5038
.5037
.5036
.5036
.5035
.5034
.5033
.5033
.5032
.5031
.503
.503
.5029
.5028
.5027
.5027
.5026
.5025
.5024
.5023
.5023
.5022
.5021
.502
.5019
.5019
.5018
.5017
.5016
.5015
.5014
.5014
.5013
.5012
.5011
.501
.5009
.5008
.5008
.5007
.5006
.5005
.5004
.5003
.5002
.5001
.5
.4999
.4999
.4998
.4997
.4996
.4995
.4994
.4993
.4992
.4991
.499
.4989
.4988
.4987
.4986
.4985
.4984
.4983
.4982
.4981
.498
.4979
.4978
.4977
.4976
.4975
.4974
.4973
.4972
.4971
.497
.4969
.4968
.4966
.4965
.4964
.4963
.4962
.4961
.496
.4959
.4958
.4957
.4955
.4954
.4953
.4952
.4951
.495
.4948
.4947
.4946
.4945
.4944
.4943
.4941
.494
.4939
.4938
.4936
.4935
.4934
.4933
.4932
.493
.4929
.4928
.4926
.4925
.4924
.4923
.4921
.492
.4919
.4917
.4916
.4915
.4913
.4912
.4911
.4909
.4908
.4907
.4905
.4904
.4902
.4901
.49
.4898
.4897
.4895
.4894
.4893
.4891
.489
.4888
.4887
.4885
.4884
.4882
.4881
.4879
.4878
.4876
.4875
.4873
.4872
.487
.4869
.4867
.4866
.4864
.4863
.4861
.4859
.4858
.4856
.4855
.4853
.4851
.485
.4848
.4846
.4845
.4843
.4842
.484
.4838
.4837
.4835
.4833
.4831
.483
.4828
.4826
.4825
.4823
.4821
.4819
.4818
.4816
.4814
.4812
.481
.4809
.4807
.4805
.4803
.4801
.4799
.4798
.4796
.4794
.4792
.479
.4788
.4786
.4784
.4783
.4781
.4779
.4777
.4775
.4773
.4771
.4769
.4767
.4765
.4763
.4761
.4759
.4757
.4755
.4753
.4751
.4749
.4747
.4745
.4743
.474
.4738
.4736
.4734
.4732
.473
.4728
.4726
.4723
.4721
.4719
.4717
.4715
.4713
.471
.4708
.4706
.4704
.4701
.4699
.4697
.4695
.4692
.469
.4688
.4686
.4683
.4681
.4679
.4676
.4674
.4672
.4669
.4667
.4664
.4662
.466
.4657
.4655
.4652
.465
.4647
.4645
.4643
.464
.4638
.4635
.4633
.463
.4628
.4625
.4622
.462
.4617
.4615
.4612
.461
.4607
.4604
.4602
.4599
.4596
.4594
.4591
.4589
.4586
.4583
.458
.4578
.4575
.4572
.457
.4567
.4564
.4561
.4559
.4556
.4553
.455
.4547
.4545
.4542
.4539
.4536
.4533
.453
.4527
.4525
.4522
.4519
.4516
.4513
.451
.4507
.4504
.4501
.4498
.4495
.4492
.4489
.4486
.4483
.448
.4477
.4474
.4471
.4468
.4465
.4462
.4459
.4455
.4452
.4449
.4446
.4443
.444
.4437
.4433
.443
.4427
.4424
.4421
.4417
.4414
.4411
.4408
.4404
.4401
.4398
.4395
.4391
.4388
.4385
.4381
.4378
.4375
.4371
.4368
.4365
.4361
.4358
.4354
.4351
.4348
.4344
.4341
.4337
.4334
.433
.4327
.4324
.432
.4317
.4313
.431
.4306
.4303
.4299
.4296
.4292
.4288
.4285
.4281
.4278
.4274
.4271
.4267
.4263
.426
.4256
.4253
.4249
.4245
.4242
.4238
.4234
.4231
.4227
.4223
.422
.4216
.4212
.4209
.4205
.4201
.4197
.4194
.419
.4186
.4182
.4179
.4175
.4171
.4167
.4164
.416
.4156
.4152
.4149
.4145
.4141
.4137
.4133
.4129
.4126
.4122
.4118
.4114
.411
.4106
.4103
.4099
.4095
.4091
.4087
.4083
.4079
.4076
.4072
.4068
.4064
.406
.4056
.4052
.4048
.4044
.404
.4036
.4033
.4029
.4025
.4021
.4017
.4013
.4009
.4005
.4001
.3997
.3993
.3989
.3985
.3981
.3977
.3973
.3969
.3965
.3961
.3957
.3953
.3949
.3945
.3941
.3937
.3933
.3929
.3925
.3921
.3917
.3913
.3909
.3905
.3901
.3897
.3893
.3889
.3885
.3881
.3877
.3873
.3869
.3865
.3861
.3857
.3853
.3849
.3845
.3841
.3837
.3833
.3829
.3825
.3821
.3817
.3813
.3809
.3804
.38
.3796
.3792
.3788
.3784
.378
.3776
.3772
.3768
.3764
.376
.3756
.3752
.3748
.3744
.374
.3736
.3731
.3727
.3723
.3719
.3715
.3711
.3707
.3703
.3699
.3695
.3691
.3687
.3683
.3679
.3675
.3671
.3666
.3662
.3658
.3654
.365
.3646
.3642
.3638
.3634
.363
.3626
.3622
.3618
.3614
.361
.3605
.3601
.3597
.3593
.3589
.3585
.3581
.3577
.3573
.3569
.3565
.3561
.3557
.3553
.3549
.3545
.354
.3536
.3532
.3528
.3524
.352
.3516
.3512
.3508
.3504
.35
.3496
.3492
.3488
.3484
.348
.3476
.3472
.3467
.3463
.3459
.3455
.3451
.3447
.3443
.3439
.3435
.3431
.3427
.3423
.3419
.3415
.3411
.3407
.3403
.3399
.3395
.3391
.3387
.3383
.3379
.3375
.3371
.3367
.3362
.3358
.3354
.335
.3346
.3342
.3338
.3334
.333
.3326
.3322
.3318
.3314
.331
.3306
.3302
.3298
.3294
.329
.3286
.3282
.3278
.3274
.327
.3266
.3262
.3258
.3254
.325
.3246
.3242
.3238
.3234
.323
.3226
.3223
.3219
.3215
.3211
.3207
.3203
.3199
.3195
.3191
.3187
.3183
.3179
.3175
.3171
.3167
.3163
.3159
.3155
.3151
.3147
.3143
.314
.3136
.3132
.3128
.3124
.312
.3116
.3112
.3108
.3104
.31
.3097
.3093
.3089
.3085
.3081
.3077
.3073
.3069
.3065
.3062
.3058
.3054
.305
.3046
.3042
.3038
.3034
.3031
.3027
.3023
.3019
.3015
.3011
.3008
.3004
.3
.2996
.2992
.2988
.2985
.2981
.2977
.2973
.2969
.2966
.2962
.2958
.2954
.295
.2947
.2943
.2939
.2935
.2931
.2928
.2924
.292
.2916
.2913
.2909
.2905
.2901
.2898
.2894
.289
.2887
.2883
.2879
.2875
.2872
.2868
.2864
.2861
.2857
.2853
.2849
.2846
.2842
.2838
.2835
.2831
.2827
.2824
.282
.2816
.2813
.2809
.2806
.2802
.2798
.2795
.2791
.2787
.2784
.278
.2777
.2773
.2769
.2766
.2762
.2759
.2755
.2751
.2748
.2744
.2741
.2737
.2734
.273
.2726
.2723
.2719
.2716
.2712
.2709
.2705
.2702
.2698
.2695
.2691
.2688
.2684
.2681
.2677
.2674
.267
.2667
.2663
.266
.2657
.2653
.265
.2646
.2643
.2639
.2636
.2632
.2629
.2626
.2622
.2619
.2615
.2612
.2609
.2605
.2602
.2598
.2595
.2592
.2588
.2585
.2582
.2578
.2575
.2572
.2568
.2565
.2562
.2558
.2555
.2552
.2548
.2545
.2542
.2539
.2535
.2532
.2529
.2525
.2522
.2519
.2516
.2512
.2509
.2506
.2503
.2499
.2496
.2493
.249
.2487
.2483
.248
.2477
.2474
.2471
.2467
.2464
.2461
.2458
.2455
.2451
.2448
.2445
.2442
.2439
.2436
.2433
.2429
.2426
.2423
.242
.2417
.2414
.2411
.2408
.2405
.2402
.2398
.2395
.2392
.2389
.2386
.2383
.238
.2377
.2374
.2371
.2368
.2365
.2362
.2359
.2356
.2353
.235
.2347
.2344
.2341
.2338
.2335
.2332
.2329
.2326
.2323
.232
.2317
.2314
.2311
.2308
.2305
.2302
.23
.2297
.2294
.2291
.2288
.2285
.2282
.2279
.2276
.2273
.2271
.2268
.2265
.2262
.2259
.2256
.2253
.2251
.2248
.2245
.2242
.2239
.2236
.2234
.2231
.2228
.2225
.2222
.222
.2217
.2214
.2211
.2208
.2206
.2203
.22
.2197
.2195
.2192
.2189
.2186
.2184
.2181
.2178
.2175
.2173
.217
.2167
.2165
.2162
.2159
.2157
.2154
.2151
.2148
.2146
.2143
.214
.2138
.2135
.2132
.213
.2127
.2125
.2122
.2119
.2117
.2114
.2111
.2109
.2106
.2104
.2101
.2098
.2096
.2093
.2091
.2088
.2085
.2083
.208
.2078
.2075
.2073
.207
.2068
.2065
.2062
.206
.2057
.2055
.2052
.205
.2047
.2045
.2042
.204
.2037
.2035
.2032
.203
.2027
.2025
.2022
.202
.2017
.2015
.2013
.201
.2008
.2005
.2003
.2
.1998
.1995
.1993
.1991
.1988
.1986
.1983
.1981
.1979
.1976
.1974
.1971
.1969
.1967
.1964
.1962
.1959
.1957
.1955
.1952
.195
.1948
.1945
.1943
.1941
.1938
.1936
.1934
.1931
.1929
.1927
.1924
.1922
.192
.1917
.1915
.1913
.1911
.1908
.1906
.1904
.1901
.1899
.1897
.1895
.1892
.189
.1888
.1886
.1883
.1881
.1879
.1877
.1874
.1872
.187
.1868
.1865
.1863
.1861
.1859
.1857
.1854
.1852
.185
.1848
.1846
.1844
.1841
.1839
.1837
.1835
.1833
.183
.1828
.1826
.1824
.1822
.182
.1818
.1815
.1813
.1811
.1809
.1807
.1805
.1803
.1801
.1799
.1796
.1794
.1792
.179
.1788
.1786
.1784
.1782
.178
.1778
.1776
.1773
.1771
.1769
.1767
.1765
.1763
.1761
.1759
.1757
.1755
.1753
.1751
.1749
.1747
.1745
.1743
.1741
.1739
.1737
.1735
.1733
.1731
.1729
.1727
.1725
.1723
.1721
.1719
.1717
.1715
.1713
.1711
.1709
.1707
.1705
.1703
.1701
.1699
.1697
.1695
.1693
.1691
.169
.1688
.1686
.1684
.1682
.168
.1678
.1676
.1674
.1672
.167
.1668
.1667
.1665
.1663
.1661
.1659
.1657
.1655
.1653
.1652
.165
.1648
.1646
.1644
.1642
.164
.1639
.1637
.1635
.1633
.1631
.1629
.1627
.1626
.1624
.1622
.162
.1618
.1617
.1615
.1613
.1611
.1609
.1608
.1606
.1604
.1602
.16
.1599
.1597
.1595
.1593
.1591
.159
.1588
.1586
.1584
.1583
.1581
.1579
.1577
.1576
.1574
.1572
.157
.1569
.1567
.1565
.1563
.1562
.156
.1558
.1557
.1555
.1553
.1551
.155
.1548
.1546
.1545
.1543
.1541
.1539
.1538
.1536
.1534
.1533
.1531
.1529
.1528
.1526
.1524
.1523
.1521
.1519
.1518
.1516
.1514
.1513
.1511
.1509
.1508
.1506
.1505
.1503
.1501
.15
.1498
.1496
.1495
.1493
.1492
.149
.1488
.1487
.1485
.1484
.1482
.148
.1479
.1477
.1476
.1474
.1472
.1471
.1469
.1468
.1466
.1465
.1463
.1461
.146
.1458
.1457
.1455
.1454
.1452
.145
.1449
.1447
.1446
.1444
.1443
.1441
.144
.1438
.1437
.1435
.1434
.1432
.1431
.1429
.1427
.1426
.1424
.1423
.1421
.142
.1418
.1417
.1415
.1414
.1412
.1411
.141
.1408
.1407
.1405
.1404
.1402
.1401
.1399
.1398
.1396
.1395
.1393
.1392
.139
.1389
.1387
.1386
.1385
.1383
.1382
.138
.1379
.1377
.1376
.1375
.1373
.1372
.137
.1369
.1367
.1366
.1365
.1363
.1362
.136
.1359
.1358
.1356
.1355
.1353
.1352
.1351
.1349
.1348
.1346
.1345
.1344
.1342
.1341
.1339
.1338
.1337
.1335
.1334
.1333
.1331
.133
.1329
.1327
.1326
.1324
.1323
.1322
.132
.1319
.1318
.1316
.1315
.1314
.1312
.1311
.131
.1308
.1307
.1306
.1304
.1303
.1302
.13
.1299
.1298
.1297
.1295
.1294
.1293
.1291
.129
.1289
.1287
.1286
.1285
.1284
.1282
.1281
.128
.1278
.1277
.1276
.1275
.1273
.1272
.1271
.1269
.1268
.1267
.1266
.1264
.1263
.1262
.1261
.1259
.1258
.1257
.1256
.1254
.1253
.1252
.1251
.1249
.1248
.1247
.1246
.1245
.1243
.1242
.1241
.124
.1238
.1237
.1236
.1235
.1234
.1232
.1231
.123
.1229
.1227
.1226
.1225
.1224
.1223
.1221
.122
.1219
.1218
.1217
.1216
.1214
.1213
.1212
.1211
.121
.1208
.1207
.1206
.1205
.1204
.1203
.1201
.12
.1199
.1198
.1197
.1196
.1194
.1193
.1192
.1191
.119
.1189
.1188
.1186
.1185
.1184
.1183
.1182
.1181
.118
.1178
.1177
.1176
.1175
.1174
.1173
.1172
.1171
.117
.1168
.1167
.1166
.1165
.1164
.1163
.1162
.1161
.116
.1158
.1157
.1156
.1155
.1154
.1153
.1152
.1151
.115
.1149
.1148
.1146
.1145
.1144
.1143
.1142
.1141
.114
.1139
.1138
.1137
.1136
.1135
.1134
.1133
.1131
.113
.1129
.1128
.1127
.1126
.1125
.1124
.1123
.1122
.1121
.112
.1119
.1118
.1117
.1116
.1115
.1114
.1113
.1112
.1111
.111
.1109
.1107
.1106
.1105
.1104
.1103
.1102
.1101
.11
.1099
.1098
.1097
.1096
.1095
.1094
.1093
.1092
.1091
.109
.1089
.1088
.1087
.1086
.1085
.1084
.1083
.1082
.1081
.108
.1079
.1078
.1077
.1076
.1075
.1074
.1074
.1073
.1072
.1071
.107
.1069
.1068
.1067
.1066
.1065
.1064
.1063
.1062
.1061
.106
.1059
.1058
.1057
.1056
.1055
.1054
.1053
.1052
.1051
.1051
.105
.1049
.1048
.1047
.1046
.1045
.1044
.1043
.1042
.1041
.104
.1039
.1038
.1037
.1037
.1036
.1035
.1034
.1033
.1032
.1031
.103
.1029
.1028
.1027
.1027
.1026
.1025
.1024
.1023
.1022
.1021
.102
.1019
.1018
.1018
.1017
.1016
.1015
.1014
.1013
.1012
.1011
.101
.101
.1009
.1008
.1007
.1006
.1005
.1004
.1003
.1002
.1002
.1001
.1
.0999
.0998
.0997
.0996
.0996
.0995
.0994
.0993
.0992
.0991
.099
.099
.0989
.0988
.0987
.0986
.0985
.0984
.0984
.0983
.0982
.0981
.098
.0979
.0979
.0978
.0977
.0976
.0975
.0974
.0974
.0973
.0972
.0971
.097
.0969
.0969
.0968
.0967
.0966
.0965
.0964
.0964
.0963
.0962
.0961
.096
.096
.0959
.0958
.0957
.0956
.0956
.0955
.0954
.0953
.0952
.0951
.0951
.095
.0949
.0948
.0947
.0947
.0946
.0945
.0944
.0944
.0943
.0942
.0941
.094
.094
.0939
.0938
.0937
.0936
.0936
.0935
.0934
.0933
.0933
.0932
.0931
.093
.0929
.0929
.0928
.0927
.0926
.0926
.0925
.0924
.0923
.0923
.0922
.0921
.092
.092
.0919
.0918
.0917
.0917
.0916
.0915
.0914
.0914
.0913
.0912
.0911
.0911
.091
.0909
.0908
.0908
.0907
.0906
.0905
.0905
.0904
.0903
.0902
.0902
.0901
.09
.0899
.0899
.0898
.0897
.0897
.0896
.0895
.0894
.0894
.0893
.0892
.0891
.0891
.089
.0889
.0889
.0888
.0887
.0886
.0886
.0885
.0884
.0884
.0883
.0882
.0882
.0881
.088
.0879
.0879
.0878
.0877
.0877
.0876
.0875
.0874
.0874
.0873
.0872
.0872
.0871
.087
.087
.0869
.0868
.0868
.0867
.0866
.0866
.0865
.0864
.0863
.0863
.0862
.0861
.0861
.086
.0859
.0859
.0858
.0857
.0857
.0856
.0855
.0855
.0854
.0853
.0853
.0852
.0851
.0851
.085
.0849
.0849
.0848
.0847
.0847
.0846
.0845
.0845
.0844
.0843
.0843
.0842
.0841
.0841
.084
.0839
.0839
.0838
.0838
.0837
.0836
.0836
.0835
.0834
.0834
.0833
.0832
.0832
.0831
.083
.083
.0829
.0829
.0828
.0827
.0827
.0826
.0825
.0825
.0824
.0823
.0823
.0822
.0822
.0821
.082
.082
.0819
.0818
.0818
.0817
.0817
.0816
.0815
.0815
.0814
.0814
.0813
.0812
.0812
.0811
.081
.081
.0809
.0809
.0808
.0807
.0807
.0806
.0806
.0805
.0804
.0804
.0803
.0803
.0802
.0801
.0801
.08
.08
.0799
.0798
.0798
.0797
.0797
.0796
.0795
.0795
.0794
.0794
.0793
.0792
.0792
.0791
.0791
.079
.0789
.0789
.0788
.0788
.0787
.0787
.0786
.0785
.0785
.0784
.0784
.0783
.0782
.0782
.0781
.0781
.078
.078
.0779
.0778
.0778
.0777
.0777
.0776
.0776
.0775
.0774
.0774
.0773
.0773
.0772
.0772
.0771
.077
.077
.0769
.0769
.0768
.0768
.0767
.0767
.0766
.0765
.0765
.0764
.0764
.0763
.0763
.0762
.0762
.0761
.076
.076
.0759
.0759
.0758
.0758
.0757
.0757
.0756
.0756
.0755
.0754
.0754
.0753
.0753
.0752
.0752
.0751
.0751
.075
.075
.0749
.0749
.0748
.0747
.0747
.0746
.0746
.0745
.0745
.0744
.0744
.0743
.0743
.0742
.0742
.0741
.0741
.074
.074
.0739
.0738
.0738
.0737
.0737
.0736
.0736
.0735
.0735
.0734
.0734
.0733
.0733
.0732
.0732
.0731
.0731
.073
.073
.0729
.0729
.0728
.0728
.0727
.0727
.0726
.0726
.0725
.0725
.0724
.0724
.0723
.0723
.0722
.0722
.0721
.0721
.072
.072
.0719
.0719
.0718
.0718
.0717
.0717
.0716
.0716
.0715
.0715
.0714
.0714
.0713
.0713
.0712
.0712
.0711
.0711
.071
.071
.0709
.0709
.0708
.0708
.0707
.0707
.0706
.0706
.0705
.0705
.0704
.0704
.0703
.0703
.0702
.0702
.0701
.0701
.07
.07
.07
.0699
.0699
.0698
.0698
.0697
.0697
.0696
.0696
.0695
.0695
.0694
.0694
.0693
.0693
.0692
.0692
.0692
.0691
.0691
.069
.069
.0689
.0689
.0688
.0688
.0687
.0687
.0686
.0686
.0685
.0685
.0685
.0684
.0684
.0683
.0683
.0682
.0682
.0681
.0681
.068
.068
.068
.0679
.0679
.0678
.0678
.0677
.0677
.0676
.0676
.0675
.0675
.0675
.0674
.0674
.0673
.0673
.0672
.0672
.0671
.0671
.0671
.067
.067
.0669
.0669
.0668
.0668
.0668
.0667
.0667
.0666
.0666
.0665
.0665
.0664
.0664
.0664
.0663
.0663
.0662
.0662
.0661
.0661
.0661
.066
.066
.0659
.0659
.0658
.0658
.0658
.0657
.0657
.0656
.0656
.0655
.0655
.0655
.0654
.0654
.0653
.0653
.0652
.0652
.0652
.0651
.0651
.065
.065
.0649
.0649
.0649
.0648
.0648
.0647
.0647
.0647
.0646
.0646
.0645
.0645
.0645
.0644
.0644
.0643
.0643
.0642
.0642
.0642
.0641
.0641
.064
.064
.064
.0639
.0639
.0638
.0638
.0638
.0637
.0637
.0636
.0636
.0636
.0635
.0635
.0634
.0634
.0634
.0633
.0633
.0632
.0632
.0632
.0631
.0631
.063
.063
.063
.0629
.0629
.0628
.0628
.0628
.0627
.0627
.0626
.0626
.0626
.0625
.0625
.0624
.0624
.0624
.0623
.0623
.0622
.0622
.0622
.0621
.0621
.0621
.062
.062
.0619
.0619
.0619
.0618
.0618
.0617
.0617
.0617
.0616
.0616
.0616
.0615
.0615
.0614
.0614
.0614
.0613
.0613
.0613
.0612
.0612
.0611
.0611
.0611
.061
.061
.0609
.0609
.0609
.0608
.0608
.0608
.0607
.0607
.0607
.0606
.0606
.0605
.0605
.0605
.0604
.0604
.0604
.0603
.0603
.0602
.0602
.0602
.0601
.0601
.0601
.06
.06
.06
.0599
.0599
.0598
.0598
.0598
.0597
.0597
.0597
.0596
.0596
.0596
.0595
.0595
.0594
.0594
.0594
.0593
.0593
.0593
.0592
.0592
.0592
.0591
.0591
.0591
.059
.059
.0589
.0589
.0589
.0588
.0588
.0588
.0587
.0587
.0587
.0586
.0586
.0586
.0585
.0585
.0585
.0584
.0584
.0584
.0583
.0583
.0583
.0582
.0582
.0581
.0581
.0581
.058
.058
.058
.0579
.0579
.0579
.0578
.0578
.0578
.0577
.0577
.0577
.0576
.0576
.0576
.0575
.0575
.0575
.0574
.0574
.0574
.0573
.0573
.0573
.0572
.0572
.0572
.0571
.0571
.0571
.057
.057
.057
.0569
.0569
.0569
.0568
.0568
.0568
.0567
.0567
.0567
.0566
.0566
.0566
.0565
.0565
.0565
.0564
.0564
.0564
.0563
.0563
.0563
.0562
.0562
.0562
.0561
.0561
.0561
.056
.056
.056
.0559
.0559
.0559
.0559
.0558
.0558
.0558
.0557
.0557
.0557
.0556
.0556
.0556
.0555
.0555
.0555
.0554
.0554
.0554
.0553
.0553
.0553
.0552
.0552
.0552
.0552
.0551
.0551
.0551
.055
.055
.055
.0549
.0549
.0549
.0548
.0548
.0548
.0547
.0547
.0547
.0547
.0546
.0546
.0546
.0545
.0545
.0545
.0544
.0544
.0544
.0543
.0543
.0543
.0543
.0542
.0542
.0542
.0541
.0541
.0541
.054
.054
.054
.054
.0539
.0539
.0539
.0538
.0538
.0538
.0537
.0537
.0537
.0537
.0536
.0536
.0536
.0535
.0535
.0535
.0534
.0534
.0534
.0534
.0533
.0533
.0533
.0532
.0532
.0532
.0532
.0531
.0531
.0531
.053
.053
.053
.0529
.0529
.0529
.0529
.0528
.0528
.0528
.0527
.0527
.0527
.0527
.0526
.0526
.0526
.0525
.0525
.0525
.0525
.0524
.0524
.0524
.0523
.0523
.0523
.0523
.0522
.0522
.0522
.0521
.0521
.0521
.0521
.052
.052
.052
.0519
.0519
.0519
.0519
.0518
.0518
.0518
.0517
.0517
.0517
.0517
.0516
.0516
.0516
.0516
.0515
.0515
.0515
.0514
.0514
.0514
.0514
.0513
.0513
.0513
.0512
.0512
.0512
.0512
.0511
.0511
.0511
.0511
.051
.051
.051
.0509
.0509
.0509
.0509
.0508
.0508
.0508
.0508
.0507
.0507
.0507
.0506
.0506
.0506
.0506
.0505
.0505
.0505
.0505
.0504
.0504
.0504
.0504
.0503
.0503
.0503
.0502
.0502
.0502
.0502
.0501
.0501
.0501
.0501
.05
.05
.05
