.6711
.6677
.6642
.6608
.6573
.6538
.6503
.6467
.6432
.6397
.6361
.6326
.629
.6255
.6219
.6184
.6149
.6115
.608
.6046
.6012
.5978
.5945
.5913
.5881
.5849
.5818
.5788
.5758
.573
.5701
.5674
.5647
.5621
.5597
.5572
.5549
.5527
.5505
.5485
.5465
.5446
.5428
.5411
.5394
.5379
.5364
.535
.5337
.5325
.5313
.5302
.5292
.5282
.5273
.5265
.5257
.5249
.5242
.5236
.523
.5224
.5219
.5214
.5209
.5205
.5201
.5198
.5194
.5191
.5188
.5185
.5183
.5181
.5178
.5176
.5175
.5173
.5171
.517
.5168
.5167
.5166
.5164
.5163
.5162
.5161
.516
.5159
.5159
.5158
.5157
.5156
.5156
.5155
.5154
.5154
.5153
.5153
.5152
.5152
.5151
.515
.515
.515
.5149
.5149
.5148
.5148
.5147
.5147
.5146
.5146
.5145
.5145
.5145
.5144
.5144
.5143
.5143
.5142
.5142
.5142
.5141
.5141
.514
.514
.5139
.5139
.5139
.5138
.5138
.5137
.5137
.5136
.5136
.5135
.5135
.5135
.5134
.5134
.5133
.5133
.5132
.5132
.5131
.5131
.513
.513
.513
.5129
.5129
.5128
.5128
.5127
.5127
.5126
.5126
.5125
.5125
.5124
.5124
.5123
.5123
.5122
.5122
.5121
.5121
.512
.512
.5119
.5119
.5118
.5117
.5117
.5116
.5116
.5115
.5115
.5114
.5114
.5113
.5113
.5112
.5111
.5111
.511
.511
.5109
.5109
.5108
.5107
.5107
.5106
.5106
.5105
.5104
.5104
.5103
.5103
.5102
.5101
.5101
.51
.5099
.5099
.5098
.5098
.5097
.5096
.5096
.5095
.5094
.5094
.5093
.5092
.5092
.5091
.509
.509
.5089
.5088
.5087
.5087
.5086
.5085
.5085
.5084
.5083
.5082
.5082
.5081
.508
.5079
.5079
.5078
.5077
.5076
.5076
.5075
.5074
.5073
.5073
.5072
.5071
.507
.5069
.5069
.5068
.5067
.5066
.5065
.5064
.5064
.5063
.5062
.5061
.506
.5059
.5058
.5058
.5057
.5056
.5055
.5054
.5053
.5052
.5051
.505
.5049
.5048
.5047
.5047
.5046
.5045
.5044
.5043
.5042
.5041
.504
.5039
.5038
.5037
.5036
.5035
.5034
.5033
.5032
.5031
.5029
.5028
.5027
.5026
.5025
.5024
.5023
.5022
.5021
.502
.5019
.5017
.5016
.5015
.5014
.5013
.5012
.5011
.5009
.5008
.5007
.5006
.5005
.5003
.5002
.5001
.5
.4998
.4997
.4996
.4995
.4993
.4992
.4991
.499
.4988
.4987
.4986
.4984
.4983
.4982
.498
.4979
.4977
.4976
.4975
.4973
.4972
.4971
.4969
.4968
.4966
.4965
.4963
.4962
.496
.4959
.4957
.4956
.4954
.4953
.4951
.495
.4948
.4947
.4945
.4944
.4942
.494
.4939
.4937
.4936
.4934
.4932
.4931
.4929
.4927
.4926
.4924
.4922
.4921
.4919
.4917
.4916
.4914
.4912
.491
.4909
.4907
.4905
.4903
.4901
.49
.4898
.4896
.4894
.4892
.489
.4889
.4887
.4885
.4883
.4881
.4879
.4877
.4875
.4873
.4871
.4869
.4867
.4865
.4863
.4861
.4859
.4857
.4855
.4853
.4851
.4849
.4847
.4845
.4843
.4841
.4838
.4836
.4834
.4832
.483
.4828
.4826
.4823
.4821
.4819
.4817
.4814
.4812
.481
.4808
.4805
.4803
.4801
.4799
.4796
.4794
.4792
.4789
.4787
.4784
.4782
.478
.4777
.4775
.4772
.477
.4768
.4765
.4763
.476
.4758
.4755
.4753
.475
.4748
.4745
.4743
.474
.4738
.4735
.4732
.473
.4727
.4725
.4722
.4719
.4717
.4714
.4711
.4709
.4706
.4703
.4701
.4698
.4695
.4692
.469
.4687
.4684
.4681
.4679
.4676
.4673
.467
.4667
.4665
.4662
.4659
.4656
.4653
.465
.4647
.4645
.4642
.4639
.4636
.4633
.463
.4627
.4624
.4621
.4618
.4615
.4612
.4609
.4606
.4603
.46
.4597
.4594
.4591
.4588
.4585
.4582
.4578
.4575
.4572
.4569
.4566
.4563
.456
.4557
.4553
.455
.4547
.4544
.4541
.4537
.4534
.4531
.4528
.4524
.4521
.4518
.4515
.4511
.4508
.4505
.4501
.4498
.4495
.4492
.4488
.4485
.4481
.4478
.4475
.4471
.4468
.4465
.4461
.4458
.4454
.4451
.4448
.4444
.4441
.4437
.4434
.443
.4427
.4423
.442
.4416
.4413
.4409
.4406
.4402
.4399
.4395
.4392
.4388
.4385
.4381
.4377
.4374
.437
.4367
.4363
.4359
.4356
.4352
.4349
.4345
.4341
.4338
.4334
.433
.4327
.4323
.4319
.4316
.4312
.4308
.4305
.4301
.4297
.4293
.429
.4286
.4282
.4279
.4275
.4271
.4267
.4264
.426
.4256
.4252
.4248
.4245
.4241
.4237
.4233
.4229
.4226
.4222
.4218
.4214
.421
.4206
.4203
.4199
.4195
.4191
.4187
.4183
.4179
.4175
.4172
.4168
.4164
.416
.4156
.4152
.4148
.4144
.414
.4136
.4132
.4129
.4125
.4121
.4117
.4113
.4109
.4105
.4101
.4097
.4093
.4089
.4085
.4081
.4077
.4073
.4069
.4065
.4061
.4057
.4053
.4049
.4045
.4041
.4037
.4033
.4029
.4025
.4021
.4017
.4013
.4009
.4005
.4001
.3997
.3993
.3989
.3985
.3981
.3976
.3972
.3968
.3964
.396
.3956
.3952
.3948
.3944
.394
.3936
.3932
.3928
.3924
.3919
.3915
.3911
.3907
.3903
.3899
.3895
.3891
.3887
.3883
.3879
.3874
.387
.3866
.3862
.3858
.3854
.385
.3846
.3842
.3838
.3833
.3829
.3825
.3821
.3817
.3813
.3809
.3805
.3801
.3796
.3792
.3788
.3784
.378
.3776
.3772
.3768
.3764
.3759
.3755
.3751
.3747
.3743
.3739
.3735
.3731
.3727
.3722
.3718
.3714
.371
.3706
.3702
.3698
.3694
.369
.3685
.3681
.3677
.3673
.3669
.3665
.3661
.3657
.3653
.3649
.3644
.364
.3636
.3632
.3628
.3624
.362
.3616
.3612
.3608
.3604
.3599
.3595
.3591
.3587
.3583
.3579
.3575
.3571
.3567
.3563
.3559
.3555
.3551
.3547
.3543
.3538
.3534
.353
.3526
.3522
.3518
.3514
.351
.3506
.3502
.3498
.3494
.349
.3486
.3482
.3478
.3474
.347
.3466
.3462
.3458
.3454
.345
.3446
.3442
.3438
.3434
.343
.3426
.3422
.3418
.3414
.341
.3406
.3402
.3398
.3394
.339
.3386
.3382
.3378
.3374
.337
.3366
.3363
.3359
.3355
.3351
.3347
.3343
.3339
.3335
.3331
.3327
.3323
.3319
.3315
.3312
.3308
.3304
.33
.3296
.3292
.3288
.3284
.3281
.3277
.3273
.3269
.3265
.3261
.3257
.3254
.325
.3246
.3242
.3238
.3234
.3231
.3227
.3223
.3219
.3215
.3211
.3208
.3204
.32
.3196
.3192
.3189
.3185
.3181
.3177
.3174
.317
.3166
.3162
.3159
.3155
.3151
.3147
.3144
.314
.3136
.3132
.3129
.3125
.3121
.3117
.3114
.311
.3106
.3103
.3099
.3095
.3092
.3088
.3084
.3081
.3077
.3073
.307
.3066
.3062
.3059
.3055
.3051
.3048
.3044
.304
.3037
.3033
.303
.3026
.3022
.3019
.3015
.3012
.3008
.3004
.3001
.2997
.2994
.299
.2987
.2983
.2979
.2976
.2972
.2969
.2965
.2962
.2958
.2955
.2951
.2948
.2944
.2941
.2937
.2934
.293
.2927
.2923
.292
.2916
.2913
.2909
.2906
.2902
.2899
.2895
.2892
.2889
.2885
.2882
.2878
.2875
.2871
.2868
.2865
.2861
.2858
.2854
.2851
.2848
.2844
.2841
.2838
.2834
.2831
.2827
.2824
.2821
.2817
.2814
.2811
.2807
.2804
.2801
.2797
.2794
.2791
.2787
.2784
.2781
.2778
.2774
.2771
.2768
.2764
.2761
.2758
.2755
.2751
.2748
.2745
.2742
.2738
.2735
.2732
.2729
.2726
.2722
.2719
.2716
.2713
.2709
.2706
.2703
.27
.2697
.2694
.269
.2687
.2684
.2681
.2678
.2675
.2671
.2668
.2665
.2662
.2659
.2656
.2653
.265
.2647
.2643
.264
.2637
.2634
.2631
.2628
.2625
.2622
.2619
.2616
.2613
.261
.2607
.2604
.26
.2597
.2594
.2591
.2588
.2585
.2582
.2579
.2576
.2573
.257
.2567
.2564
.2561
.2558
.2555
.2553
.255
.2547
.2544
.2541
.2538
.2535
.2532
.2529
.2526
.2523
.252
.2517
.2514
.2512
.2509
.2506
.2503
.25
.2497
.2494
.2491
.2488
.2486
.2483
.248
.2477
.2474
.2471
.2469
.2466
.2463
.246
.2457
.2454
.2452
.2449
.2446
.2443
.244
.2438
.2435
.2432
.2429
.2427
.2424
.2421
.2418
.2416
.2413
.241
.2407
.2405
.2402
.2399
.2396
.2394
.2391
.2388
.2386
.2383
.238
.2377
.2375
.2372
.2369
.2367
.2364
.2361
.2359
.2356
.2353
.2351
.2348
.2345
.2343
.234
.2338
.2335
.2332
.233
.2327
.2324
.2322
.2319
.2317
.2314
.2312
.2309
.2306
.2304
.2301
.2299
.2296
.2294
.2291
.2288
.2286
.2283
.2281
.2278
.2276
.2273
.2271
.2268
.2266
.2263
.2261
.2258
.2256
.2253
.2251
.2248
.2246
.2243
.2241
.2238
.2236
.2233
.2231
.2228
.2226
.2224
.2221
.2219
.2216
.2214
.2211
.2209
.2207
.2204
.2202
.2199
.2197
.2194
.2192
.219
.2187
.2185
.2183
.218
.2178
.2175
.2173
.2171
.2168
.2166
.2164
.2161
.2159
.2157
.2154
.2152
.215
.2147
.2145
.2143
.214
.2138
.2136
.2133
.2131
.2129
.2126
.2124
.2122
.212
.2117
.2115
.2113
.2111
.2108
.2106
.2104
.2102
.2099
.2097
.2095
.2093
.209
.2088
.2086
.2084
.2081
.2079
.2077
.2075
.2073
.207
.2068
.2066
.2064
.2062
.2059
.2057
.2055
.2053
.2051
.2048
.2046
.2044
.2042
.204
.2038
.2036
.2033
.2031
.2029
.2027
.2025
.2023
.2021
.2018
.2016
.2014
.2012
.201
.2008
.2006
.2004
.2002
.2
.1997
.1995
.1993
.1991
.1989
.1987
.1985
.1983
.1981
.1979
.1977
.1975
.1973
.1971
.1969
.1966
.1964
.1962
.196
.1958
.1956
.1954
.1952
.195
.1948
.1946
.1944
.1942
.194
.1938
.1936
.1934
.1932
.193
.1928
.1926
.1924
.1922
.192
.1918
.1916
.1915
.1913
.1911
.1909
.1907
.1905
.1903
.1901
.1899
.1897
.1895
.1893
.1891
.1889
.1887
.1885
.1884
.1882
.188
.1878
.1876
.1874
.1872
.187
.1868
.1867
.1865
.1863
.1861
.1859
.1857
.1855
.1853
.1852
.185
.1848
.1846
.1844
.1842
.184
.1839
.1837
.1835
.1833
.1831
.1829
.1828
.1826
.1824
.1822
.182
.1818
.1817
.1815
.1813
.1811
.1809
.1808
.1806
.1804
.1802
.1801
.1799
.1797
.1795
.1793
.1792
.179
.1788
.1786
.1785
.1783
.1781
.1779
.1778
.1776
.1774
.1772
.1771
.1769
.1767
.1765
.1764
.1762
.176
.1759
.1757
.1755
.1753
.1752
.175
.1748
.1747
.1745
.1743
.1741
.174
.1738
.1736
.1735
.1733
.1731
.173
.1728
.1726
.1725
.1723
.1721
.172
.1718
.1716
.1715
.1713
.1711
.171
.1708
.1706
.1705
.1703
.1702
.17
.1698
.1697
.1695
.1693
.1692
.169
.1689
.1687
.1685
.1684
.1682
.168
.1679
.1677
.1676
.1674
.1673
.1671
.1669
.1668
.1666
.1665
.1663
.1661
.166
.1658
.1657
.1655
.1654
.1652
.165
.1649
.1647
.1646
.1644
.1643
.1641
.164
.1638
.1637
.1635
.1633
.1632
.163
.1629
.1627
.1626
.1624
.1623
.1621
.162
.1618
.1617
.1615
.1614
.1612
.1611
.1609
.1608
.1606
.1605
.1603
.1602
.16
.1599
.1597
.1596
.1594
.1593
.1591
.159
.1589
.1587
.1586
.1584
.1583
.1581
.158
.1578
.1577
.1575
.1574
.1573
.1571
.157
.1568
.1567
.1565
.1564
.1562
.1561
.156
.1558
.1557
.1555
.1554
.1553
.1551
.155
.1548
.1547
.1545
.1544
.1543
.1541
.154
.1538
.1537
.1536
.1534
.1533
.1532
.153
.1529
.1527
.1526
.1525
.1523
.1522
.1521
.1519
.1518
.1516
.1515
.1514
.1512
.1511
.151
.1508
.1507
.1506
.1504
.1503
.1502
.15
.1499
.1498
.1496
.1495
.1494
.1492
.1491
.149
.1488
.1487
.1486
.1484
.1483
.1482
.148
.1479
.1478
.1476
.1475
.1474
.1473
.1471
.147
.1469
.1467
.1466
.1465
.1464
.1462
.1461
.146
.1458
.1457
.1456
.1455
.1453
.1452
.1451
.1449
.1448
.1447
.1446
.1444
.1443
.1442
.1441
.1439
.1438
.1437
.1436
.1434
.1433
.1432
.1431
.1429
.1428
.1427
.1426
.1424
.1423
.1422
.1421
.142
.1418
.1417
.1416
.1415
.1413
.1412
.1411
.141
.1409
.1407
.1406
.1405
.1404
.1403
.1401
.14
.1399
.1398
.1397
.1395
.1394
.1393
.1392
.1391
.1389
.1388
.1387
.1386
.1385
.1384
.1382
.1381
.138
.1379
.1378
.1377
.1375
.1374
.1373
.1372
.1371
.137
.1368
.1367
.1366
.1365
.1364
.1363
.1362
.136
.1359
.1358
.1357
.1356
.1355
.1354
.1352
.1351
.135
.1349
.1348
.1347
.1346
.1345
.1343
.1342
.1341
.134
.1339
.1338
.1337
.1336
.1334
.1333
.1332
.1331
.133
.1329
.1328
.1327
.1326
.1325
.1323
.1322
.1321
.132
.1319
.1318
.1317
.1316
.1315
.1314
.1313
.1312
.131
.1309
.1308
.1307
.1306
.1305
.1304
.1303
.1302
.1301
.13
.1299
.1298
.1297
.1296
.1294
.1293
.1292
.1291
.129
.1289
.1288
.1287
.1286
.1285
.1284
.1283
.1282
.1281
.128
.1279
.1278
.1277
.1276
.1275
.1274
.1273
.1272
.1271
.127
.1269
.1268
.1267
.1266
.1264
.1263
.1262
.1261
.126
.1259
.1258
.1257
.1256
.1255
.1254
.1253
.1252
.1251
.125
.1249
.1248
.1247
.1246
.1245
.1244
.1243
.1242
.1242
.1241
.124
.1239
.1238
.1237
.1236
.1235
.1234
.1233
.1232
.1231
.123
.1229
.1228
.1227
.1226
.1225
.1224
.1223
.1222
.1221
.122
.1219
.1218
.1217
.1216
.1215
.1214
.1213
.1213
.1212
.1211
.121
.1209
.1208
.1207
.1206
.1205
.1204
.1203
.1202
.1201
.12
.1199
.1198
.1198
.1197
.1196
.1195
.1194
.1193
.1192
.1191
.119
.1189
.1188
.1187
.1186
.1186
.1185
.1184
.1183
.1182
.1181
.118
.1179
.1178
.1177
.1176
.1176
.1175
.1174
.1173
.1172
.1171
.117
.1169
.1168
.1168
.1167
.1166
.1165
.1164
.1163
.1162
.1161
.116
.116
.1159
.1158
.1157
.1156
.1155
.1154
.1153
.1153
.1152
.1151
.115
.1149
.1148
.1147
.1146
.1146
.1145
.1144
.1143
.1142
.1141
.114
.114
.1139
.1138
.1137
.1136
.1135
.1135
.1134
.1133
.1132
.1131
.113
.1129
.1129
.1128
.1127
.1126
.1125
.1124
.1124
.1123
.1122
.1121
.112
.1119
.1119
.1118
.1117
.1116
.1115
.1114
.1114
.1113
.1112
.1111
.111
.111
.1109
.1108
.1107
.1106
.1105
.1105
.1104
.1103
.1102
.1101
.1101
.11
.1099
.1098
.1097
.1097
.1096
.1095
.1094
.1093
.1093
.1092
.1091
.109
.1089
.1089
.1088
.1087
.1086
.1085
.1085
.1084
.1083
.1082
.1081
.1081
.108
.1079
.1078
.1078
.1077
.1076
.1075
.1074
.1074
.1073
.1072
.1071
.1071
.107
.1069
.1068
.1068
.1067
.1066
.1065
.1064
.1064
.1063
.1062
.1061
.1061
.106
.1059
.1058
.1058
.1057
.1056
.1055
.1055
.1054
.1053
.1052
.1052
.1051
.105
.1049
.1049
.1048
.1047
.1046
.1046
.1045
.1044
.1043
.1043
.1042
.1041
.104
.104
.1039
.1038
.1038
.1037
.1036
.1035
.1035
.1034
.1033
.1032
.1032
.1031
.103
.103
.1029
.1028
.1027
.1027
.1026
.1025
.1025
.1024
.1023
.1022
.1022
.1021
.102
.102
.1019
.1018
.1017
.1017
.1016
.1015
.1015
.1014
.1013
.1012
.1012
.1011
.101
.101
.1009
.1008
.1008
.1007
.1006
.1005
.1005
.1004
.1003
.1003
.1002
.1001
.1001
.1
.0999
.0999
.0998
.0997
.0997
.0996
.0995
.0994
.0994
.0993
.0992
.0992
.0991
.099
.099
.0989
.0988
.0988
.0987
.0986
.0986
.0985
.0984
.0984
.0983
.0982
.0982
.0981
.098
.098
.0979
.0978
.0978
.0977
.0976
.0976
.0975
.0974
.0974
.0973
.0972
.0972
.0971
.097
.097
.0969
.0968
.0968
.0967
.0966
.0966
.0965
.0965
.0964
.0963
.0963
.0962
.0961
.0961
.096
.0959
.0959
.0958
.0957
.0957
.0956
.0956
.0955
.0954
.0954
.0953
.0952
.0952
.0951
.095
.095
.0949
.0949
.0948
.0947
.0947
.0946
.0945
.0945
.0944
.0944
.0943
.0942
.0942
.0941
.094
.094
.0939
.0939
.0938
.0937
.0937
.0936
.0935
.0935
.0934
.0934
.0933
.0932
.0932
.0931
.0931
.093
.0929
.0929
.0928
.0928
.0927
.0926
.0926
.0925
.0925
.0924
.0923
.0923
.0922
.0922
.0921
.092
.092
.0919
.0919
.0918
.0917
.0917
.0916
.0916
.0915
.0914
.0914
.0913
.0913
.0912
.0911
.0911
.091
.091
.0909
.0908
.0908
.0907
.0907
.0906
.0906
.0905
.0904
.0904
.0903
.0903
.0902
.0901
.0901
.09
.09
.0899
.0899
.0898
.0897
.0897
.0896
.0896
.0895
.0895
.0894
.0893
.0893
.0892
.0892
.0891
.0891
.089
.0889
.0889
.0888
.0888
.0887
.0887
.0886
.0885
.0885
.0884
.0884
.0883
.0883
.0882
.0882
.0881
.088
.088
.0879
.0879
.0878
.0878
.0877
.0877
.0876
.0875
.0875
.0874
.0874
.0873
.0873
.0872
.0872
.0871
.0871
.087
.0869
.0869
.0868
.0868
.0867
.0867
.0866
.0866
.0865
.0865
.0864
.0863
.0863
.0862
.0862
.0861
.0861
.086
.086
.0859
.0859
.0858
.0858
.0857
.0857
.0856
.0855
.0855
.0854
.0854
.0853
.0853
.0852
.0852
.0851
.0851
.085
.085
.0849
.0849
.0848
.0848
.0847
.0847
.0846
.0846
.0845
.0844
.0844
.0843
.0843
.0842
.0842
.0841
.0841
.084
.084
.0839
.0839
.0838
.0838
.0837
.0837
.0836
.0836
.0835
.0835
.0834
.0834
.0833
.0833
.0832
.0832
.0831
.0831
.083
.083
.0829
.0829
.0828
.0828
.0827
.0827
.0826
.0826
.0825
.0825
.0824
.0824
.0823
.0823
.0822
.0822
.0821
.0821
.082
.082
.0819
.0819
.0818
.0818
.0817
.0817
.0816
.0816
.0815
.0815
.0814
.0814
.0813
.0813
.0812
.0812
.0811
.0811
.081
.081
.0809
.0809
.0808
.0808
.0807
.0807
.0807
.0806
.0806
.0805
.0805
.0804
.0804
.0803
.0803
.0802
.0802
.0801
.0801
.08
.08
.0799
.0799
.0798
.0798
.0797
.0797
.0797
.0796
.0796
.0795
.0795
.0794
.0794
.0793
.0793
.0792
.0792
.0791
.0791
.079
.079
.079
.0789
.0789
.0788
.0788
.0787
.0787
.0786
.0786
.0785
.0785
.0784
.0784
.0784
.0783
.0783
.0782
.0782
.0781
.0781
.078
.078
.0779
.0779
.0778
.0778
.0778
.0777
.0777
.0776
.0776
.0775
.0775
.0774
.0774
.0774
.0773
.0773
.0772
.0772
.0771
.0771
.077
.077
.077
.0769
.0769
.0768
.0768
.0767
.0767
.0766
.0766
.0766
.0765
.0765
.0764
.0764
.0763
.0763
.0762
.0762
.0762
.0761
.0761
.076
.076
.0759
.0759
.0759
.0758
.0758
.0757
.0757
.0756
.0756
.0756
.0755
.0755
.0754
.0754
.0753
.0753
.0752
.0752
.0752
.0751
.0751
.075
.075
.075
.0749
.0749
.0748
.0748
.0747
.0747
.0747
.0746
.0746
.0745
.0745
.0744
.0744
.0744
.0743
.0743
.0742
.0742
.0741
.0741
.0741
.074
.074
.0739
.0739
.0739
.0738
.0738
.0737
.0737
.0737
.0736
.0736
.0735
.0735
.0734
.0734
.0734
.0733
.0733
.0732
.0732
.0732
.0731
.0731
.073
.073
.073
.0729
.0729
.0728
.0728
.0728
.0727
.0727
.0726
.0726
.0725
.0725
.0725
.0724
.0724
.0723
.0723
.0723
.0722
.0722
.0721
.0721
.0721
.072
.072
.0719
.0719
.0719
.0718
.0718
.0717
.0717
.0717
.0716
.0716
.0716
.0715
.0715
.0714
.0714
.0714
.0713
.0713
.0712
.0712
.0712
.0711
.0711
.071
.071
.071
.0709
.0709
.0708
.0708
.0708
.0707
.0707
.0707
.0706
.0706
.0705
.0705
.0705
.0704
.0704
.0703
.0703
.0703
.0702
.0702
.0702
.0701
.0701
.07
.07
.07
.0699
.0699
.0699
.0698
.0698
.0697
.0697
.0697
.0696
.0696
.0695
.0695
.0695
.0694
.0694
.0694
.0693
.0693
.0692
.0692
.0692
.0691
.0691
.0691
.069
.069
.069
.0689
.0689
.0688
.0688
.0688
.0687
.0687
.0687
.0686
.0686
.0685
.0685
.0685
.0684
.0684
.0684
.0683
.0683
.0683
.0682
.0682
.0681
.0681
.0681
.068
.068
.068
.0679
.0679
.0679
.0678
.0678
.0677
.0677
.0677
.0676
.0676
.0676
.0675
.0675
.0675
.0674
.0674
.0674
.0673
.0673
.0672
.0672
.0672
.0671
.0671
.0671
.067
.067
.067
.0669
.0669
.0669
.0668
.0668
.0667
.0667
.0667
.0666
.0666
.0666
.0665
.0665
.0665
.0664
.0664
.0664
.0663
.0663
.0663
.0662
.0662
.0662
.0661
.0661
.0661
.066
.066
.0659
.0659
.0659
.0658
.0658
.0658
.0657
.0657
.0657
.0656
.0656
.0656
.0655
.0655
.0655
.0654
.0654
.0654
.0653
.0653
.0653
.0652
.0652
.0652
.0651
.0651
.0651
.065
.065
.065
.0649
.0649
.0649
.0648
.0648
.0648
.0647
.0647
.0647
.0646
.0646
.0646
.0645
.0645
.0645
.0644
.0644
.0644
.0643
.0643
.0643
.0642
.0642
.0642
.0641
.0641
.0641
.064
.064
.064
.0639
.0639
.0639
.0638
.0638
.0638
.0637
.0637
.0637
.0636
.0636
.0636
.0635
.0635
.0635
.0634
.0634
.0634
.0633
.0633
.0633
.0632
.0632
.0632
.0632
.0631
.0631
.0631
.063
.063
.063
.0629
.0629
.0629
.0628
.0628
.0628
.0627
.0627
.0627
.0626
.0626
.0626
.0625
.0625
.0625
.0625
.0624
.0624
.0624
.0623
.0623
.0623
.0622
.0622
.0622
.0621
.0621
.0621
.062
.062
.062
.0619
.0619
.0619
.0619
.0618
.0618
.0618
.0617
.0617
.0617
.0616
.0616
.0616
.0615
.0615
.0615
.0615
.0614
.0614
.0614
.0613
.0613
.0613
.0612
.0612
.0612
.0611
.0611
.0611
.0611
.061
.061
.061
.0609
.0609
.0609
.0608
.0608
.0608
.0608
.0607
.0607
.0607
.0606
.0606
.0606
.0605
.0605
.0605
.0605
.0604
.0604
.0604
.0603
.0603
.0603
.0602
.0602
.0602
.0602
.0601
.0601
.0601
.06
.06
.06
.0599
.0599
.0599
.0599
.0598
.0598
.0598
.0597
.0597
.0597
.0597
.0596
.0596
.0596
.0595
.0595
.0595
.0594
.0594
.0594
.0594
.0593
.0593
.0593
.0592
.0592
.0592
.0592
.0591
.0591
.0591
.059
.059
.059
.059
.0589
.0589
.0589
.0588
.0588
.0588
.0588
.0587
.0587
.0587
.0586
.0586
.0586
.0586
.0585
.0585
.0585
.0584
.0584
.0584
.0584
.0583
.0583
.0583
.0582
.0582
.0582
.0582
.0581
.0581
.0581
.058
.058
.058
.058
.0579
.0579
.0579
.0578
.0578
.0578
.0578
.0577
.0577
.0577
.0577
.0576
.0576
.0576
.0575
.0575
.0575
.0575
.0574
.0574
.0574
.0573
.0573
.0573
.0573
.0572
.0572
.0572
.0572
.0571
.0571
.0571
.057
.057
.057
.057
.0569
.0569
.0569
.0569
.0568
.0568
.0568
.0567
.0567
.0567
.0567
.0566
.0566
.0566
.0566
.0565
.0565
.0565
.0565
.0564
.0564
.0564
.0563
.0563
.0563
.0563
.0562
.0562
.0562
.0562
.0561
.0561
.0561
.056
.056
.056
.056
.0559
.0559
.0559
.0559
.0558
.0558
.0558
.0558
.0557
.0557
.0557
.0557
.0556
.0556
.0556
.0555
.0555
.0555
.0555
.0554
.0554
.0554
.0554
.0553
.0553
.0553
.0553
.0552
.0552
.0552
.0552
.0551
.0551
.0551
.0551
.055
.055
.055
.055
.0549
.0549
.0549
.0548
.0548
.0548
.0548
.0547
.0547
.0547
.0547
.0546
.0546
.0546
.0546
.0545
.0545
.0545
.0545
.0544
.0544
.0544
.0544
.0543
.0543
.0543
.0543
.0542
.0542
.0542
.0542
.0541
.0541
.0541
.0541
.054
.054
.054
.054
.0539
.0539
.0539
.0539
.0538
.0538
.0538
.0538
.0537
.0537
.0537
.0537
.0536
.0536
.0536
.0536
.0535
.0535
.0535
.0535
.0534
.0534
.0534
.0534
.0533
.0533
.0533
.0533
.0532
.0532
.0532
.0532
.0531
.0531
.0531
.0531
.053
.053
.053
.053
.0529
.0529
.0529
.0529
.0529
.0528
.0528
.0528
.0528
.0527
.0527
.0527
.0527
.0526
.0526
.0526
.0526
.0525
.0525
.0525
.0525
.0524
.0524
.0524
.0524
.0523
.0523
.0523
.0523
.0522
.0522
.0522
.0522
.0522
.0521
.0521
.0521
.0521
.052
.052
.052
.052
.0519
.0519
.0519
.0519
.0518
.0518
.0518
.0518
.0518
.0517
.0517
.0517
.0517
.0516
.0516
.0516
.0516
.0515
.0515
.0515
.0515
.0514
.0514
.0514
.0514
.0514
.0513
.0513
.0513
.0513
.0512
.0512
.0512
.0512
.0511
.0511
.0511
.0511
.0511
.051
.051
.051
.051
.0509
.0509
.0509
.0509
.0508
.0508
.0508
.0508
.0508
.0507
.0507
.0507
.0507
.0506
.0506
.0506
.0506
.0506
.0505
.0505
.0505
.0505
.0504
.0504
.0504
.0504
.0503
.0503
.0503
.0503
.0503
.0502
.0502
.0502
.0502
.0501
.0501
.0501
.0501
.0501
.05
.05
.05
