.5616
.5608
.56
.5592
.5584
.5576
.5568
.556
.5553
.5545
.5538
.553
.5523
.5516
.5509
.5503
.5496
.5489
.5483
.5477
.547
.5464
.5458
.5453
.5447
.5441
.5436
.5431
.5425
.542
.5415
.541
.5406
.5401
.5396
.5392
.5388
.5383
.5379
.5375
.5372
.5368
.5364
.536
.5357
.5354
.535
.5347
.5344
.5341
.5338
.5335
.5332
.5329
.5327
.5324
.5321
.5319
.5317
.5314
.5312
.531
.5307
.5305
.5303
.5301
.5299
.5297
.5295
.5293
.5291
.529
.5288
.5286
.5284
.5283
.5281
.5279
.5277
.5276
.5274
.5273
.5271
.5269
.5268
.5266
.5265
.5263
.5262
.526
.5259
.5257
.5256
.5254
.5253
.5251
.525
.5248
.5247
.5245
.5244
.5242
.5241
.5239
.5238
.5236
.5235
.5233
.5232
.523
.5229
.5227
.5226
.5224
.5223
.5221
.5219
.5218
.5216
.5215
.5213
.5211
.521
.5208
.5206
.5205
.5203
.5201
.52
.5198
.5196
.5194
.5193
.5191
.5189
.5187
.5186
.5184
.5182
.518
.5178
.5176
.5175
.5173
.5171
.5169
.5167
.5165
.5163
.5161
.5159
.5157
.5155
.5153
.5151
.5149
.5147
.5145
.5143
.514
.5138
.5136
.5134
.5132
.513
.5127
.5125
.5123
.5121
.5118
.5116
.5114
.5112
.5109
.5107
.5104
.5102
.51
.5097
.5095
.5092
.509
.5087
.5085
.5082
.508
.5077
.5075
.5072
.507
.5067
.5064
.5062
.5059
.5056
.5054
.5051
.5048
.5045
.5043
.504
.5037
.5034
.5031
.5028
.5026
.5023
.502
.5017
.5014
.5011
.5008
.5005
.5002
.4999
.4996
.4993
.499
.4986
.4983
.498
.4977
.4974
.4971
.4967
.4964
.4961
.4958
.4954
.4951
.4948
.4944
.4941
.4938
.4934
.4931
.4927
.4924
.492
.4917
.4913
.491
.4906
.4903
.4899
.4896
.4892
.4888
.4885
.4881
.4877
.4874
.487
.4866
.4862
.4859
.4855
.4851
.4847
.4843
.4839
.4836
.4832
.4828
.4824
.482
.4816
.4812
.4808
.4804
.48
.4796
.4792
.4788
.4783
.4779
.4775
.4771
.4767
.4763
.4758
.4754
.475
.4746
.4741
.4737
.4733
.4729
.4724
.472
.4716
.4711
.4707
.4702
.4698
.4693
.4689
.4684
.468
.4675
.4671
.4666
.4662
.4657
.4653
.4648
.4643
.4639
.4634
.463
.4625
.462
.4615
.4611
.4606
.4601
.4597
.4592
.4587
.4582
.4577
.4572
.4568
.4563
.4558
.4553
.4548
.4543
.4538
.4533
.4528
.4524
.4519
.4514
.4509
.4504
.4499
.4494
.4488
.4483
.4478
.4473
.4468
.4463
.4458
.4453
.4448
.4443
.4437
.4432
.4427
.4422
.4417
.4412
.4406
.4401
.4396
.4391
.4385
.438
.4375
.437
.4364
.4359
.4354
.4348
.4343
.4338
.4332
.4327
.4322
.4316
.4311
.4305
.43
.4295
.4289
.4284
.4278
.4273
.4268
.4262
.4257
.4251
.4246
.424
.4235
.4229
.4224
.4218
.4213
.4207
.4202
.4196
.4191
.4185
.418
.4174
.4169
.4163
.4157
.4152
.4146
.4141
.4135
.413
.4124
.4118
.4113
.4107
.4102
.4096
.409
.4085
.4079
.4073
.4068
.4062
.4057
.4051
.4045
.404
.4034
.4028
.4023
.4017
.4011
.4006
.4
.3994
.3989
.3983
.3977
.3972
.3966
.396
.3955
.3949
.3943
.3938
.3932
.3926
.3921
.3915
.3909
.3904
.3898
.3892
.3887
.3881
.3875
.3869
.3864
.3858
.3852
.3847
.3841
.3835
.383
.3824
.3818
.3813
.3807
.3801
.3796
.379
.3784
.3779
.3773
.3767
.3762
.3756
.375
.3745
.3739
.3733
.3728
.3722
.3716
.3711
.3705
.3699
.3694
.3688
.3683
.3677
.3671
.3666
.366
.3654
.3649
.3643
.3638
.3632
.3626
.3621
.3615
.361
.3604
.3598
.3593
.3587
.3582
.3576
.3571
.3565
.3559
.3554
.3548
.3543
.3537
.3532
.3526
.3521
.3515
.351
.3504
.3499
.3493
.3488
.3482
.3477
.3471
.3466
.346
.3455
.3449
.3444
.3438
.3433
.3428
.3422
.3417
.3411
.3406
.34
.3395
.339
.3384
.3379
.3374
.3368
.3363
.3357
.3352
.3347
.3341
.3336
.3331
.3325
.332
.3315
.331
.3304
.3299
.3294
.3288
.3283
.3278
.3273
.3267
.3262
.3257
.3252
.3247
.3241
.3236
.3231
.3226
.3221
.3215
.321
.3205
.32
.3195
.319
.3185
.3179
.3174
.3169
.3164
.3159
.3154
.3149
.3144
.3139
.3134
.3129
.3124
.3119
.3114
.3109
.3104
.3099
.3094
.3089
.3084
.3079
.3074
.3069
.3064
.3059
.3054
.3049
.3044
.3039
.3034
.303
.3025
.302
.3015
.301
.3005
.3
.2996
.2991
.2986
.2981
.2976
.2972
.2967
.2962
.2957
.2953
.2948
.2943
.2938
.2934
.2929
.2924
.2919
.2915
.291
.2905
.2901
.2896
.2892
.2887
.2882
.2878
.2873
.2868
.2864
.2859
.2855
.285
.2846
.2841
.2836
.2832
.2827
.2823
.2818
.2814
.2809
.2805
.28
.2796
.2792
.2787
.2783
.2778
.2774
.2769
.2765
.2761
.2756
.2752
.2747
.2743
.2739
.2734
.273
.2726
.2721
.2717
.2713
.2708
.2704
.27
.2696
.2691
.2687
.2683
.2679
.2674
.267
.2666
.2662
.2658
.2653
.2649
.2645
.2641
.2637
.2633
.2628
.2624
.262
.2616
.2612
.2608
.2604
.26
.2596
.2592
.2588
.2584
.258
.2576
.2571
.2567
.2563
.2559
.2556
.2552
.2548
.2544
.254
.2536
.2532
.2528
.2524
.252
.2516
.2512
.2508
.2504
.2501
.2497
.2493
.2489
.2485
.2481
.2478
.2474
.247
.2466
.2462
.2459
.2455
.2451
.2447
.2444
.244
.2436
.2432
.2429
.2425
.2421
.2417
.2414
.241
.2406
.2403
.2399
.2395
.2392
.2388
.2385
.2381
.2377
.2374
.237
.2367
.2363
.2359
.2356
.2352
.2349
.2345
.2342
.2338
.2335
.2331
.2328
.2324
.2321
.2317
.2314
.231
.2307
.2303
.23
.2297
.2293
.229
.2286
.2283
.2279
.2276
.2273
.2269
.2266
.2263
.2259
.2256
.2253
.2249
.2246
.2243
.2239
.2236
.2233
.2229
.2226
.2223
.222
.2216
.2213
.221
.2207
.2203
.22
.2197
.2194
.2191
.2187
.2184
.2181
.2178
.2175
.2172
.2168
.2165
.2162
.2159
.2156
.2153
.215
.2147
.2143
.214
.2137
.2134
.2131
.2128
.2125
.2122
.2119
.2116
.2113
.211
.2107
.2104
.2101
.2098
.2095
.2092
.2089
.2086
.2083
.208
.2077
.2074
.2071
.2068
.2065
.2062
.2059
.2057
.2054
.2051
.2048
.2045
.2042
.2039
.2036
.2034
.2031
.2028
.2025
.2022
.2019
.2017
.2014
.2011
.2008
.2005
.2003
.2
.1997
.1994
.1991
.1989
.1986
.1983
.198
.1978
.1975
.1972
.197
.1967
.1964
.1961
.1959
.1956
.1953
.1951
.1948
.1945
.1943
.194
.1937
.1935
.1932
.193
.1927
.1924
.1922
.1919
.1917
.1914
.1911
.1909
.1906
.1904
.1901
.1899
.1896
.1893
.1891
.1888
.1886
.1883
.1881
.1878
.1876
.1873
.1871
.1868
.1866
.1863
.1861
.1858
.1856
.1853
.1851
.1849
.1846
.1844
.1841
.1839
.1836
.1834
.1832
.1829
.1827
.1824
.1822
.182
.1817
.1815
.1812
.181
.1808
.1805
.1803
.1801
.1798
.1796
.1794
.1791
.1789
.1787
.1784
.1782
.178
.1777
.1775
.1773
.1771
.1768
.1766
.1764
.1762
.1759
.1757
.1755
.1753
.175
.1748
.1746
.1744
.1741
.1739
.1737
.1735
.1733
.173
.1728
.1726
.1724
.1722
.1719
.1717
.1715
.1713
.1711
.1709
.1707
.1704
.1702
.17
.1698
.1696
.1694
.1692
.169
.1687
.1685
.1683
.1681
.1679
.1677
.1675
.1673
.1671
.1669
.1667
.1665
.1662
.166
.1658
.1656
.1654
.1652
.165
.1648
.1646
.1644
.1642
.164
.1638
.1636
.1634
.1632
.163
.1628
.1626
.1624
.1622
.162
.1618
.1616
.1614
.1613
.1611
.1609
.1607
.1605
.1603
.1601
.1599
.1597
.1595
.1593
.1591
.1589
.1588
.1586
.1584
.1582
.158
.1578
.1576
.1574
.1573
.1571
.1569
.1567
.1565
.1563
.1561
.156
.1558
.1556
.1554
.1552
.155
.1549
.1547
.1545
.1543
.1541
.154
.1538
.1536
.1534
.1532
.1531
.1529
.1527
.1525
.1524
.1522
.152
.1518
.1517
.1515
.1513
.1511
.151
.1508
.1506
.1504
.1503
.1501
.1499
.1497
.1496
.1494
.1492
.1491
.1489
.1487
.1486
.1484
.1482
.148
.1479
.1477
.1475
.1474
.1472
.147
.1469
.1467
.1466
.1464
.1462
.1461
.1459
.1457
.1456
.1454
.1452
.1451
.1449
.1448
.1446
.1444
.1443
.1441
.144
.1438
.1436
.1435
.1433
.1432
.143
.1428
.1427
.1425
.1424
.1422
.1421
.1419
.1417
.1416
.1414
.1413
.1411
.141
.1408
.1407
.1405
.1404
.1402
.1401
.1399
.1397
.1396
.1394
.1393
.1391
.139
.1388
.1387
.1385
.1384
.1382
.1381
.1379
.1378
.1377
.1375
.1374
.1372
.1371
.1369
.1368
.1366
.1365
.1363
.1362
.136
.1359
.1358
.1356
.1355
.1353
.1352
.135
.1349
.1348
.1346
.1345
.1343
.1342
.134
.1339
.1338
.1336
.1335
.1333
.1332
.1331
.1329
.1328
.1327
.1325
.1324
.1322
.1321
.132
.1318
.1317
.1316
.1314
.1313
.1311
.131
.1309
.1307
.1306
.1305
.1303
.1302
.1301
.1299
.1298
.1297
.1295
.1294
.1293
.1291
.129
.1289
.1287
.1286
.1285
.1284
.1282
.1281
.128
.1278
.1277
.1276
.1274
.1273
.1272
.1271
.1269
.1268
.1267
.1266
.1264
.1263
.1262
.126
.1259
.1258
.1257
.1255
.1254
.1253
.1252
.125
.1249
.1248
.1247
.1245
.1244
.1243
.1242
.1241
.1239
.1238
.1237
.1236
.1234
.1233
.1232
.1231
.123
.1228
.1227
.1226
.1225
.1224
.1222
.1221
.122
.1219
.1218
.1216
.1215
.1214
.1213
.1212
.1211
.1209
.1208
.1207
.1206
.1205
.1204
.1202
.1201
.12
.1199
.1198
.1197
.1196
.1194
.1193
.1192
.1191
.119
.1189
.1188
.1186
.1185
.1184
.1183
.1182
.1181
.118
.1179
.1177
.1176
.1175
.1174
.1173
.1172
.1171
.117
.1169
.1167
.1166
.1165
.1164
.1163
.1162
.1161
.116
.1159
.1158
.1157
.1156
.1154
.1153
.1152
.1151
.115
.1149
.1148
.1147
.1146
.1145
.1144
.1143
.1142
.1141
.114
.1139
.1137
.1136
.1135
.1134
.1133
.1132
.1131
.113
.1129
.1128
.1127
.1126
.1125
.1124
.1123
.1122
.1121
.112
.1119
.1118
.1117
.1116
.1115
.1114
.1113
.1112
.1111
.111
.1109
.1108
.1107
.1106
.1105
.1104
.1103
.1102
.1101
.11
.1099
.1098
.1097
.1096
.1095
.1094
.1093
.1092
.1091
.109
.1089
.1088
.1087
.1086
.1085
.1084
.1083
.1082
.1082
.1081
.108
.1079
.1078
.1077
.1076
.1075
.1074
.1073
.1072
.1071
.107
.1069
.1068
.1067
.1066
.1066
.1065
.1064
.1063
.1062
.1061
.106
.1059
.1058
.1057
.1056
.1055
.1055
.1054
.1053
.1052
.1051
.105
.1049
.1048
.1047
.1046
.1045
.1045
.1044
.1043
.1042
.1041
.104
.1039
.1038
.1037
.1037
.1036
.1035
.1034
.1033
.1032
.1031
.103
.103
.1029
.1028
.1027
.1026
.1025
.1024
.1024
.1023
.1022
.1021
.102
.1019
.1018
.1018
.1017
.1016
.1015
.1014
.1013
.1012
.1012
.1011
.101
.1009
.1008
.1007
.1007
.1006
.1005
.1004
.1003
.1002
.1002
.1001
.1
.0999
.0998
.0997
.0997
.0996
.0995
.0994
.0993
.0993
.0992
.0991
.099
.0989
.0989
.0988
.0987
.0986
.0985
.0984
.0984
.0983
.0982
.0981
.0981
.098
.0979
.0978
.0977
.0977
.0976
.0975
.0974
.0973
.0973
.0972
.0971
.097
.0969
.0969
.0968
.0967
.0966
.0966
.0965
.0964
.0963
.0963
.0962
.0961
.096
.0959
.0959
.0958
.0957
.0956
.0956
.0955
.0954
.0953
.0953
.0952
.0951
.095
.095
.0949
.0948
.0947
.0947
.0946
.0945
.0944
.0944
.0943
.0942
.0941
.0941
.094
.0939
.0939
.0938
.0937
.0936
.0936
.0935
.0934
.0933
.0933
.0932
.0931
.0931
.093
.0929
.0928
.0928
.0927
.0926
.0926
.0925
.0924
.0923
.0923
.0922
.0921
.0921
.092
.0919
.0918
.0918
.0917
.0916
.0916
.0915
.0914
.0914
.0913
.0912
.0911
.0911
.091
.0909
.0909
.0908
.0907
.0907
.0906
.0905
.0905
.0904
.0903
.0902
.0902
.0901
.09
.09
.0899
.0898
.0898
.0897
.0896
.0896
.0895
.0894
.0894
.0893
.0892
.0892
.0891
.089
.089
.0889
.0888
.0888
.0887
.0886
.0886
.0885
.0884
.0884
.0883
.0882
.0882
.0881
.0881
.088
.0879
.0879
.0878
.0877
.0877
.0876
.0875
.0875
.0874
.0873
.0873
.0872
.0872
.0871
.087
.087
.0869
.0868
.0868
.0867
.0866
.0866
.0865
.0865
.0864
.0863
.0863
.0862
.0861
.0861
.086
.086
.0859
.0858
.0858
.0857
.0856
.0856
.0855
.0855
.0854
.0853
.0853
.0852
.0852
.0851
.085
.085
.0849
.0849
.0848
.0847
.0847
.0846
.0845
.0845
.0844
.0844
.0843
.0842
.0842
.0841
.0841
.084
.084
.0839
.0838
.0838
.0837
.0837
.0836
.0835
.0835
.0834
.0834
.0833
.0832
.0832
.0831
.0831
.083
.083
.0829
.0828
.0828
.0827
.0827
.0826
.0825
.0825
.0824
.0824
.0823
.0823
.0822
.0821
.0821
.082
.082
.0819
.0819
.0818
.0817
.0817
.0816
.0816
.0815
.0815
.0814
.0814
.0813
.0812
.0812
.0811
.0811
.081
.081
.0809
.0809
.0808
.0807
.0807
.0806
.0806
.0805
.0805
.0804
.0804
.0803
.0802
.0802
.0801
.0801
.08
.08
.0799
.0799
.0798
.0798
.0797
.0797
.0796
.0795
.0795
.0794
.0794
.0793
.0793
.0792
.0792
.0791
.0791
.079
.079
.0789
.0789
.0788
.0787
.0787
.0786
.0786
.0785
.0785
.0784
.0784
.0783
.0783
.0782
.0782
.0781
.0781
.078
.078
.0779
.0779
.0778
.0778
.0777
.0777
.0776
.0776
.0775
.0774
.0774
.0773
.0773
.0772
.0772
.0771
.0771
.077
.077
.0769
.0769
.0768
.0768
.0767
.0767
.0766
.0766
.0765
.0765
.0764
.0764
.0763
.0763
.0762
.0762
.0761
.0761
.076
.076
.0759
.0759
.0758
.0758
.0757
.0757
.0757
.0756
.0756
.0755
.0755
.0754
.0754
.0753
.0753
.0752
.0752
.0751
.0751
.075
.075
.0749
.0749
.0748
.0748
.0747
.0747
.0746
.0746
.0745
.0745
.0744
.0744
.0744
.0743
.0743
.0742
.0742
.0741
.0741
.074
.074
.0739
.0739
.0738
.0738
.0737
.0737
.0737
.0736
.0736
.0735
.0735
.0734
.0734
.0733
.0733
.0732
.0732
.0731
.0731
.0731
.073
.073
.0729
.0729
.0728
.0728
.0727
.0727
.0726
.0726
.0726
.0725
.0725
.0724
.0724
.0723
.0723
.0722
.0722
.0721
.0721
.0721
.072
.072
.0719
.0719
.0718
.0718
.0717
.0717
.0717
.0716
.0716
.0715
.0715
.0714
.0714
.0714
.0713
.0713
.0712
.0712
.0711
.0711
.071
.071
.071
.0709
.0709
.0708
.0708
.0707
.0707
.0707
.0706
.0706
.0705
.0705
.0704
.0704
.0704
.0703
.0703
.0702
.0702
.0701
.0701
.0701
.07
.07
.0699
.0699
.0699
.0698
.0698
.0697
.0697
.0696
.0696
.0696
.0695
.0695
.0694
.0694
.0694
.0693
.0693
.0692
.0692
.0691
.0691
.0691
.069
.069
.0689
.0689
.0689
.0688
.0688
.0687
.0687
.0687
.0686
.0686
.0685
.0685
.0685
.0684
.0684
.0683
.0683
.0683
.0682
.0682
.0681
.0681
.0681
.068
.068
.0679
.0679
.0679
.0678
.0678
.0677
.0677
.0677
.0676
.0676
.0675
.0675
.0675
.0674
.0674
.0673
.0673
.0673
.0672
.0672
.0671
.0671
.0671
.067
.067
.067
.0669
.0669
.0668
.0668
.0668
.0667
.0667
.0666
.0666
.0666
.0665
.0665
.0665
.0664
.0664
.0663
.0663
.0663
.0662
.0662
.0661
.0661
.0661
.066
.066
.066
.0659
.0659
.0658
.0658
.0658
.0657
.0657
.0657
.0656
.0656
.0655
.0655
.0655
.0654
.0654
.0654
.0653
.0653
.0652
.0652
.0652
.0651
.0651
.0651
.065
.065
.065
.0649
.0649
.0648
.0648
.0648
.0647
.0647
.0647
.0646
.0646
.0646
.0645
.0645
.0644
.0644
.0644
.0643
.0643
.0643
.0642
.0642
.0642
.0641
.0641
.0641
.064
.064
.0639
.0639
.0639
.0638
.0638
.0638
.0637
.0637
.0637
.0636
.0636
.0636
.0635
.0635
.0635
.0634
.0634
.0633
.0633
.0633
.0632
.0632
.0632
.0631
.0631
.0631
.063
.063
.063
.0629
.0629
.0629
.0628
.0628
.0628
.0627
.0627
.0627
.0626
.0626
.0626
.0625
.0625
.0625
.0624
.0624
.0624
.0623
.0623
.0622
.0622
.0622
.0621
.0621
.0621
.062
.062
.062
.0619
.0619
.0619
.0618
.0618
.0618
.0617
.0617
.0617
.0616
.0616
.0616
.0615
.0615
.0615
.0614
.0614
.0614
.0614
.0613
.0613
.0613
.0612
.0612
.0612
.0611
.0611
.0611
.061
.061
.061
.0609
.0609
.0609
.0608
.0608
.0608
.0607
.0607
.0607
.0606
.0606
.0606
.0605
.0605
.0605
.0604
.0604
.0604
.0603
.0603
.0603
.0603
.0602
.0602
.0602
.0601
.0601
.0601
.06
.06
.06
.0599
.0599
.0599
.0598
.0598
.0598
.0598
.0597
.0597
.0597
.0596
.0596
.0596
.0595
.0595
.0595
.0594
.0594
.0594
.0593
.0593
.0593
.0593
.0592
.0592
.0592
.0591
.0591
.0591
.059
.059
.059
.0589
.0589
.0589
.0589
.0588
.0588
.0588
.0587
.0587
.0587
.0586
.0586
.0586
.0586
.0585
.0585
.0585
.0584
.0584
.0584
.0583
.0583
.0583
.0583
.0582
.0582
.0582
.0581
.0581
.0581
.0581
.058
.058
.058
.0579
.0579
.0579
.0578
.0578
.0578
.0578
.0577
.0577
.0577
.0576
.0576
.0576
.0576
.0575
.0575
.0575
.0574
.0574
.0574
.0573
.0573
.0573
.0573
.0572
.0572
.0572
.0571
.0571
.0571
.0571
.057
.057
.057
.0569
.0569
.0569
.0569
.0568
.0568
.0568
.0567
.0567
.0567
.0567
.0566
.0566
.0566
.0566
.0565
.0565
.0565
.0564
.0564
.0564
.0564
.0563
.0563
.0563
.0562
.0562
.0562
.0562
.0561
.0561
.0561
.056
.056
.056
.056
.0559
.0559
.0559
.0559
.0558
.0558
.0558
.0557
.0557
.0557
.0557
.0556
.0556
.0556
.0556
.0555
.0555
.0555
.0554
.0554
.0554
.0554
.0553
.0553
.0553
.0553
.0552
.0552
.0552
.0552
.0551
.0551
.0551
.055
.055
.055
.055
.0549
.0549
.0549
.0549
.0548
.0548
.0548
.0548
.0547
.0547
.0547
.0546
.0546
.0546
.0546
.0545
.0545
.0545
.0545
.0544
.0544
.0544
.0544
.0543
.0543
.0543
.0543
.0542
.0542
.0542
.0542
.0541
.0541
.0541
.054
.054
.054
.054
.0539
.0539
.0539
.0539
.0538
.0538
.0538
.0538
.0537
.0537
.0537
.0537
.0536
.0536
.0536
.0536
.0535
.0535
.0535
.0535
.0534
.0534
.0534
.0534
.0533
.0533
.0533
.0533
.0532
.0532
.0532
.0532
.0531
.0531
.0531
.0531
.053
.053
.053
.053
.0529
.0529
.0529
.0529
.0528
.0528
.0528
.0528
.0527
.0527
.0527
.0527
.0526
.0526
.0526
.0526
.0525
.0525
.0525
.0525
.0524
.0524
.0524
.0524
.0523
.0523
.0523
.0523
.0522
.0522
.0522
.0522
.0522
.0521
.0521
.0521
.0521
.052
.052
.052
.052
.0519
.0519
.0519
.0519
.0518
.0518
.0518
.0518
.0517
.0517
.0517
.0517
.0517
.0516
.0516
.0516
.0516
.0515
.0515
.0515
.0515
.0514
.0514
.0514
.0514
.0513
.0513
.0513
.0513
.0513
.0512
.0512
.0512
.0512
.0511
.0511
.0511
.0511
.051
.051
.051
.051
.051
.0509
.0509
.0509
.0509
.0508
.0508
.0508
.0508
.0507
.0507
.0507
.0507
.0507
.0506
.0506
.0506
.0506
.0505
.0505
.0505
.0505
.0504
.0504
.0504
.0504
.0504
.0503
.0503
.0503
.0503
.0502
.0502
.0502
.0502
.0502
.0501
.0501
.0501
.0501
.05
.05
.05
