.6295
.6268
.6241
.6213
.6186
.6158
.6131
.6103
.6076
.6048
.602
.5993
.5966
.5938
.5911
.5884
.5858
.5831
.5805
.578
.5754
.5729
.5704
.568
.5656
.5633
.5611
.5588
.5567
.5546
.5525
.5506
.5486
.5468
.545
.5433
.5416
.54
.5385
.537
.5356
.5343
.533
.5318
.5306
.5295
.5284
.5274
.5265
.5256
.5248
.524
.5232
.5225
.5218
.5212
.5206
.5201
.5196
.5191
.5186
.5182
.5178
.5174
.5171
.5167
.5164
.5161
.5159
.5156
.5154
.5152
.515
.5148
.5146
.5145
.5143
.5142
.514
.5139
.5138
.5137
.5136
.5135
.5134
.5133
.5133
.5132
.5131
.5131
.513
.513
.5129
.5129
.5128
.5128
.5128
.5127
.5127
.5127
.5126
.5126
.5126
.5125
.5125
.5125
.5125
.5125
.5125
.5124
.5124
.5124
.5124
.5124
.5124
.5123
.5123
.5123
.5123
.5123
.5123
.5123
.5123
.5123
.5123
.5122
.5122
.5122
.5122
.5122
.5122
.5122
.5122
.5122
.5122
.5122
.5122
.5121
.5121
.5121
.5121
.5121
.5121
.5121
.5121
.5121
.5121
.5121
.5121
.5121
.5121
.512
.512
.512
.512
.512
.512
.512
.512
.512
.512
.512
.512
.512
.512
.512
.5119
.5119
.5119
.5119
.5119
.5119
.5119
.5119
.5119
.5119
.5119
.5119
.5119
.5119
.5118
.5118
.5118
.5118
.5118
.5118
.5118
.5118
.5118
.5118
.5118
.5118
.5118
.5118
.5117
.5117
.5117
.5117
.5117
.5117
.5117
.5117
.5117
.5117
.5117
.5117
.5117
.5116
.5116
.5116
.5116
.5116
.5116
.5116
.5116
.5116
.5116
.5116
.5116
.5116
.5116
.5115
.5115
.5115
.5115
.5115
.5115
.5115
.5115
.5115
.5115
.5115
.5115
.5115
.5114
.5114
.5114
.5114
.5114
.5114
.5114
.5114
.5114
.5114
.5114
.5114
.5113
.5113
.5113
.5113
.5113
.5113
.5113
.5113
.5113
.5113
.5113
.5113
.5112
.5112
.5112
.5112
.5112
.5112
.5112
.5112
.5112
.5112
.5112
.5112
.5111
.5111
.5111
.5111
.5111
.5111
.5111
.5111
.5111
.5111
.5111
.5111
.511
.511
.511
.511
.511
.511
.511
.511
.511
.511
.511
.5109
.5109
.5109
.5109
.5109
.5109
.5109
.5109
.5109
.5109
.5109
.5108
.5108
.5108
.5108
.5108
.5108
.5108
.5108
.5108
.5108
.5108
.5107
.5107
.5107
.5107
.5107
.5107
.5107
.5107
.5107
.5107
.5106
.5106
.5106
.5106
.5106
.5106
.5106
.5106
.5106
.5106
.5105
.5105
.5105
.5105
.5105
.5105
.5105
.5105
.5105
.5105
.5104
.5104
.5104
.5104
.5104
.5104
.5104
.5104
.5104
.5104
.5103
.5103
.5103
.5103
.5103
.5103
.5103
.5103
.5103
.5102
.5102
.5102
.5102
.5102
.5102
.5102
.5102
.5102
.5101
.5101
.5101
.5101
.5101
.5101
.5101
.5101
.51
.51
.51
.51
.51
.51
.51
.51
.51
.5099
.5099
.5099
.5099
.5099
.5099
.5099
.5099
.5098
.5098
.5098
.5098
.5098
.5098
.5098
.5098
.5097
.5097
.5097
.5097
.5097
.5097
.5097
.5096
.5096
.5096
.5096
.5096
.5096
.5096
.5096
.5095
.5095
.5095
.5095
.5095
.5095
.5095
.5094
.5094
.5094
.5094
.5094
.5094
.5094
.5093
.5093
.5093
.5093
.5093
.5093
.5092
.5092
.5092
.5092
.5092
.5092
.5092
.5091
.5091
.5091
.5091
.5091
.5091
.509
.509
.509
.509
.509
.509
.5089
.5089
.5089
.5089
.5089
.5089
.5088
.5088
.5088
.5088
.5088
.5088
.5087
.5087
.5087
.5087
.5087
.5087
.5086
.5086
.5086
.5086
.5086
.5085
.5085
.5085
.5085
.5085
.5085
.5084
.5084
.5084
.5084
.5084
.5083
.5083
.5083
.5083
.5083
.5082
.5082
.5082
.5082
.5082
.5081
.5081
.5081
.5081
.508
.508
.508
.508
.508
.5079
.5079
.5079
.5079
.5078
.5078
.5078
.5078
.5078
.5077
.5077
.5077
.5077
.5076
.5076
.5076
.5076
.5075
.5075
.5075
.5075
.5074
.5074
.5074
.5074
.5073
.5073
.5073
.5073
.5072
.5072
.5072
.5072
.5071
.5071
.5071
.507
.507
.507
.507
.5069
.5069
.5069
.5069
.5068
.5068
.5068
.5067
.5067
.5067
.5066
.5066
.5066
.5066
.5065
.5065
.5065
.5064
.5064
.5064
.5063
.5063
.5063
.5062
.5062
.5062
.5061
.5061
.5061
.506
.506
.506
.5059
.5059
.5059
.5058
.5058
.5058
.5057
.5057
.5056
.5056
.5056
.5055
.5055
.5055
.5054
.5054
.5053
.5053
.5053
.5052
.5052
.5051
.5051
.5051
.505
.505
.5049
.5049
.5048
.5048
.5048
.5047
.5047
.5046
.5046
.5045
.5045
.5045
.5044
.5044
.5043
.5043
.5042
.5042
.5041
.5041
.504
.504
.5039
.5039
.5038
.5038
.5037
.5037
.5036
.5036
.5035
.5035
.5034
.5034
.5033
.5033
.5032
.5031
.5031
.503
.503
.5029
.5029
.5028
.5027
.5027
.5026
.5026
.5025
.5024
.5024
.5023
.5023
.5022
.5021
.5021
.502
.5019
.5019
.5018
.5018
.5017
.5016
.5016
.5015
.5014
.5013
.5013
.5012
.5011
.5011
.501
.5009
.5008
.5008
.5007
.5006
.5006
.5005
.5004
.5003
.5002
.5002
.5001
.5
.4999
.4998
.4998
.4997
.4996
.4995
.4994
.4994
.4993
.4992
.4991
.499
.4989
.4988
.4987
.4987
.4986
.4985
.4984
.4983
.4982
.4981
.498
.4979
.4978
.4977
.4976
.4975
.4974
.4973
.4972
.4971
.497
.4969
.4968
.4967
.4966
.4965
.4964
.4963
.4962
.4961
.4959
.4958
.4957
.4956
.4955
.4954
.4953
.4951
.495
.4949
.4948
.4947
.4945
.4944
.4943
.4942
.494
.4939
.4938
.4937
.4935
.4934
.4933
.4931
.493
.4929
.4927
.4926
.4925
.4923
.4922
.4921
.4919
.4918
.4916
.4915
.4913
.4912
.491
.4909
.4907
.4906
.4904
.4903
.4901
.49
.4898
.4897
.4895
.4893
.4892
.489
.4889
.4887
.4885
.4884
.4882
.488
.4879
.4877
.4875
.4873
.4872
.487
.4868
.4866
.4865
.4863
.4861
.4859
.4857
.4855
.4853
.4852
.485
.4848
.4846
.4844
.4842
.484
.4838
.4836
.4834
.4832
.483
.4828
.4826
.4824
.4822
.482
.4818
.4815
.4813
.4811
.4809
.4807
.4805
.4802
.48
.4798
.4796
.4793
.4791
.4789
.4787
.4784
.4782
.478
.4777
.4775
.4773
.477
.4768
.4765
.4763
.476
.4758
.4755
.4753
.475
.4748
.4745
.4743
.474
.4738
.4735
.4732
.473
.4727
.4725
.4722
.4719
.4716
.4714
.4711
.4708
.4706
.4703
.47
.4697
.4694
.4692
.4689
.4686
.4683
.468
.4677
.4674
.4671
.4668
.4665
.4662
.466
.4657
.4653
.465
.4647
.4644
.4641
.4638
.4635
.4632
.4629
.4626
.4623
.4619
.4616
.4613
.461
.4607
.4603
.46
.4597
.4593
.459
.4587
.4584
.458
.4577
.4573
.457
.4567
.4563
.456
.4556
.4553
.455
.4546
.4543
.4539
.4536
.4532
.4528
.4525
.4521
.4518
.4514
.4511
.4507
.4503
.45
.4496
.4492
.4489
.4485
.4481
.4477
.4474
.447
.4466
.4462
.4459
.4455
.4451
.4447
.4443
.4439
.4436
.4432
.4428
.4424
.442
.4416
.4412
.4408
.4404
.44
.4396
.4392
.4388
.4384
.438
.4376
.4372
.4368
.4364
.436
.4356
.4352
.4347
.4343
.4339
.4335
.4331
.4327
.4322
.4318
.4314
.431
.4306
.4301
.4297
.4293
.4289
.4284
.428
.4276
.4271
.4267
.4263
.4258
.4254
.425
.4245
.4241
.4236
.4232
.4228
.4223
.4219
.4214
.421
.4206
.4201
.4197
.4192
.4188
.4183
.4179
.4174
.417
.4165
.4161
.4156
.4151
.4147
.4142
.4138
.4133
.4129
.4124
.4119
.4115
.411
.4106
.4101
.4096
.4092
.4087
.4082
.4078
.4073
.4068
.4064
.4059
.4054
.405
.4045
.404
.4035
.4031
.4026
.4021
.4017
.4012
.4007
.4002
.3998
.3993
.3988
.3983
.3978
.3974
.3969
.3964
.3959
.3954
.395
.3945
.394
.3935
.393
.3926
.3921
.3916
.3911
.3906
.3901
.3897
.3892
.3887
.3882
.3877
.3872
.3867
.3863
.3858
.3853
.3848
.3843
.3838
.3833
.3829
.3824
.3819
.3814
.3809
.3804
.3799
.3794
.3789
.3785
.378
.3775
.377
.3765
.376
.3755
.375
.3745
.374
.3736
.3731
.3726
.3721
.3716
.3711
.3706
.3701
.3696
.3691
.3687
.3682
.3677
.3672
.3667
.3662
.3657
.3652
.3647
.3642
.3638
.3633
.3628
.3623
.3618
.3613
.3608
.3603
.3598
.3594
.3589
.3584
.3579
.3574
.3569
.3564
.3559
.3555
.355
.3545
.354
.3535
.353
.3525
.3521
.3516
.3511
.3506
.3501
.3496
.3492
.3487
.3482
.3477
.3472
.3467
.3463
.3458
.3453
.3448
.3443
.3439
.3434
.3429
.3424
.342
.3415
.341
.3405
.34
.3396
.3391
.3386
.3381
.3377
.3372
.3367
.3362
.3358
.3353
.3348
.3344
.3339
.3334
.333
.3325
.332
.3315
.3311
.3306
.3301
.3297
.3292
.3287
.3283
.3278
.3274
.3269
.3264
.326
.3255
.325
.3246
.3241
.3237
.3232
.3227
.3223
.3218
.3214
.3209
.3205
.32
.3195
.3191
.3186
.3182
.3177
.3173
.3168
.3164
.3159
.3155
.315
.3146
.3141
.3137
.3132
.3128
.3123
.3119
.3114
.311
.3106
.3101
.3097
.3092
.3088
.3083
.3079
.3075
.307
.3066
.3062
.3057
.3053
.3048
.3044
.304
.3035
.3031
.3027
.3022
.3018
.3014
.301
.3005
.3001
.2997
.2992
.2988
.2984
.298
.2975
.2971
.2967
.2963
.2958
.2954
.295
.2946
.2942
.2937
.2933
.2929
.2925
.2921
.2917
.2912
.2908
.2904
.29
.2896
.2892
.2888
.2883
.2879
.2875
.2871
.2867
.2863
.2859
.2855
.2851
.2847
.2843
.2839
.2835
.2831
.2827
.2823
.2819
.2815
.2811
.2807
.2803
.2799
.2795
.2791
.2787
.2783
.2779
.2775
.2771
.2767
.2763
.2759
.2755
.2752
.2748
.2744
.274
.2736
.2732
.2728
.2724
.2721
.2717
.2713
.2709
.2705
.2702
.2698
.2694
.269
.2686
.2683
.2679
.2675
.2671
.2668
.2664
.266
.2656
.2653
.2649
.2645
.2642
.2638
.2634
.263
.2627
.2623
.2619
.2616
.2612
.2608
.2605
.2601
.2598
.2594
.259
.2587
.2583
.258
.2576
.2572
.2569
.2565
.2562
.2558
.2555
.2551
.2547
.2544
.254
.2537
.2533
.253
.2526
.2523
.2519
.2516
.2512
.2509
.2505
.2502
.2499
.2495
.2492
.2488
.2485
.2481
.2478
.2475
.2471
.2468
.2464
.2461
.2458
.2454
.2451
.2448
.2444
.2441
.2438
.2434
.2431
.2428
.2424
.2421
.2418
.2414
.2411
.2408
.2404
.2401
.2398
.2395
.2391
.2388
.2385
.2382
.2378
.2375
.2372
.2369
.2366
.2362
.2359
.2356
.2353
.235
.2346
.2343
.234
.2337
.2334
.2331
.2328
.2324
.2321
.2318
.2315
.2312
.2309
.2306
.2303
.23
.2296
.2293
.229
.2287
.2284
.2281
.2278
.2275
.2272
.2269
.2266
.2263
.226
.2257
.2254
.2251
.2248
.2245
.2242
.2239
.2236
.2233
.223
.2227
.2224
.2221
.2218
.2215
.2212
.221
.2207
.2204
.2201
.2198
.2195
.2192
.2189
.2186
.2183
.2181
.2178
.2175
.2172
.2169
.2166
.2164
.2161
.2158
.2155
.2152
.2149
.2147
.2144
.2141
.2138
.2135
.2133
.213
.2127
.2124
.2122
.2119
.2116
.2113
.2111
.2108
.2105
.2102
.21
.2097
.2094
.2092
.2089
.2086
.2084
.2081
.2078
.2076
.2073
.207
.2068
.2065
.2062
.206
.2057
.2054
.2052
.2049
.2046
.2044
.2041
.2039
.2036
.2033
.2031
.2028
.2026
.2023
.2021
.2018
.2015
.2013
.201
.2008
.2005
.2003
.2
.1998
.1995
.1993
.199
.1988
.1985
.1983
.198
.1978
.1975
.1973
.197
.1968
.1965
.1963
.196
.1958
.1955
.1953
.195
.1948
.1946
.1943
.1941
.1938
.1936
.1934
.1931
.1929
.1926
.1924
.1922
.1919
.1917
.1914
.1912
.191
.1907
.1905
.1903
.19
.1898
.1896
.1893
.1891
.1889
.1886
.1884
.1882
.1879
.1877
.1875
.1872
.187
.1868
.1866
.1863
.1861
.1859
.1856
.1854
.1852
.185
.1847
.1845
.1843
.1841
.1838
.1836
.1834
.1832
.183
.1827
.1825
.1823
.1821
.1819
.1816
.1814
.1812
.181
.1808
.1805
.1803
.1801
.1799
.1797
.1795
.1792
.179
.1788
.1786
.1784
.1782
.178
.1777
.1775
.1773
.1771
.1769
.1767
.1765
.1763
.1761
.1759
.1756
.1754
.1752
.175
.1748
.1746
.1744
.1742
.174
.1738
.1736
.1734
.1732
.173
.1728
.1726
.1724
.1722
.172
.1718
.1716
.1714
.1711
.1709
.1707
.1706
.1704
.1702
.17
.1698
.1696
.1694
.1692
.169
.1688
.1686
.1684
.1682
.168
.1678
.1676
.1674
.1672
.167
.1668
.1666
.1664
.1663
.1661
.1659
.1657
.1655
.1653
.1651
.1649
.1647
.1645
.1644
.1642
.164
.1638
.1636
.1634
.1632
.163
.1629
.1627
.1625
.1623
.1621
.1619
.1617
.1616
.1614
.1612
.161
.1608
.1607
.1605
.1603
.1601
.1599
.1597
.1596
.1594
.1592
.159
.1589
.1587
.1585
.1583
.1581
.158
.1578
.1576
.1574
.1573
.1571
.1569
.1567
.1566
.1564
.1562
.156
.1559
.1557
.1555
.1553
.1552
.155
.1548
.1547
.1545
.1543
.1541
.154
.1538
.1536
.1535
.1533
.1531
.153
.1528
.1526
.1525
.1523
.1521
.152
.1518
.1516
.1515
.1513
.1511
.151
.1508
.1506
.1505
.1503
.1501
.15
.1498
.1496
.1495
.1493
.1492
.149
.1488
.1487
.1485
.1484
.1482
.148
.1479
.1477
.1476
.1474
.1472
.1471
.1469
.1468
.1466
.1464
.1463
.1461
.146
.1458
.1457
.1455
.1454
.1452
.145
.1449
.1447
.1446
.1444
.1443
.1441
.144
.1438
.1437
.1435
.1434
.1432
.1431
.1429
.1428
.1426
.1425
.1423
.1422
.142
.1419
.1417
.1416
.1414
.1413
.1411
.141
.1408
.1407
.1405
.1404
.1402
.1401
.1399
.1398
.1396
.1395
.1393
.1392
.1391
.1389
.1388
.1386
.1385
.1383
.1382
.1381
.1379
.1378
.1376
.1375
.1373
.1372
.1371
.1369
.1368
.1366
.1365
.1364
.1362
.1361
.1359
.1358
.1357
.1355
.1354
.1352
.1351
.135
.1348
.1347
.1345
.1344
.1343
.1341
.134
.1339
.1337
.1336
.1335
.1333
.1332
.1331
.1329
.1328
.1326
.1325
.1324
.1322
.1321
.132
.1318
.1317
.1316
.1314
.1313
.1312
.1311
.1309
.1308
.1307
.1305
.1304
.1303
.1301
.13
.1299
.1297
.1296
.1295
.1294
.1292
.1291
.129
.1288
.1287
.1286
.1285
.1283
.1282
.1281
.128
.1278
.1277
.1276
.1275
.1273
.1272
.1271
.127
.1268
.1267
.1266
.1265
.1263
.1262
.1261
.126
.1258
.1257
.1256
.1255
.1253
.1252
.1251
.125
.1249
.1247
.1246
.1245
.1244
.1243
.1241
.124
.1239
.1238
.1236
.1235
.1234
.1233
.1232
.1231
.1229
.1228
.1227
.1226
.1225
.1223
.1222
.1221
.122
.1219
.1218
.1216
.1215
.1214
.1213
.1212
.1211
.1209
.1208
.1207
.1206
.1205
.1204
.1203
.1201
.12
.1199
.1198
.1197
.1196
.1195
.1193
.1192
.1191
.119
.1189
.1188
.1187
.1186
.1184
.1183
.1182
.1181
.118
.1179
.1178
.1177
.1176
.1175
.1173
.1172
.1171
.117
.1169
.1168
.1167
.1166
.1165
.1164
.1163
.1161
.116
.1159
.1158
.1157
.1156
.1155
.1154
.1153
.1152
.1151
.115
.1149
.1148
.1146
.1145
.1144
.1143
.1142
.1141
.114
.1139
.1138
.1137
.1136
.1135
.1134
.1133
.1132
.1131
.113
.1129
.1128
.1127
.1126
.1125
.1124
.1123
.1122
.1121
.112
.1119
.1117
.1116
.1115
.1114
.1113
.1112
.1111
.111
.1109
.1108
.1107
.1106
.1105
.1104
.1103
.1102
.1101
.11
.11
.1099
.1098
.1097
.1096
.1095
.1094
.1093
.1092
.1091
.109
.1089
.1088
.1087
.1086
.1085
.1084
.1083
.1082
.1081
.108
.1079
.1078
.1077
.1076
.1075
.1074
.1073
.1072
.1071
.1071
.107
.1069
.1068
.1067
.1066
.1065
.1064
.1063
.1062
.1061
.106
.1059
.1058
.1057
.1057
.1056
.1055
.1054
.1053
.1052
.1051
.105
.1049
.1048
.1047
.1046
.1046
.1045
.1044
.1043
.1042
.1041
.104
.1039
.1038
.1037
.1037
.1036
.1035
.1034
.1033
.1032
.1031
.103
.1029
.1029
.1028
.1027
.1026
.1025
.1024
.1023
.1022
.1022
.1021
.102
.1019
.1018
.1017
.1016
.1015
.1015
.1014
.1013
.1012
.1011
.101
.1009
.1009
.1008
.1007
.1006
.1005
.1004
.1003
.1003
.1002
.1001
.1
.0999
.0998
.0998
.0997
.0996
.0995
.0994
.0993
.0993
.0992
.0991
.099
.0989
.0988
.0988
.0987
.0986
.0985
.0984
.0984
.0983
.0982
.0981
.098
.0979
.0979
.0978
.0977
.0976
.0975
.0975
.0974
.0973
.0972
.0971
.0971
.097
.0969
.0968
.0967
.0967
.0966
.0965
.0964
.0963
.0963
.0962
.0961
.096
.0959
.0959
.0958
.0957
.0956
.0956
.0955
.0954
.0953
.0952
.0952
.0951
.095
.0949
.0949
.0948
.0947
.0946
.0946
.0945
.0944
.0943
.0942
.0942
.0941
.094
.0939
.0939
.0938
.0937
.0936
.0936
.0935
.0934
.0933
.0933
.0932
.0931
.093
.093
.0929
.0928
.0927
.0927
.0926
.0925
.0924
.0924
.0923
.0922
.0922
.0921
.092
.0919
.0919
.0918
.0917
.0916
.0916
.0915
.0914
.0914
.0913
.0912
.0911
.0911
.091
.0909
.0908
.0908
.0907
.0906
.0906
.0905
.0904
.0903
.0903
.0902
.0901
.0901
.09
.0899
.0899
.0898
.0897
.0896
.0896
.0895
.0894
.0894
.0893
.0892
.0892
.0891
.089
.0889
.0889
.0888
.0887
.0887
.0886
.0885
.0885
.0884
.0883
.0883
.0882
.0881
.0881
.088
.0879
.0879
.0878
.0877
.0877
.0876
.0875
.0875
.0874
.0873
.0873
.0872
.0871
.087
.087
.0869
.0869
.0868
.0867
.0867
.0866
.0865
.0865
.0864
.0863
.0863
.0862
.0861
.0861
.086
.0859
.0859
.0858
.0857
.0857
.0856
.0855
.0855
.0854
.0853
.0853
.0852
.0852
.0851
.085
.085
.0849
.0848
.0848
.0847
.0846
.0846
.0845
.0845
.0844
.0843
.0843
.0842
.0841
.0841
.084
.084
.0839
.0838
.0838
.0837
.0836
.0836
.0835
.0835
.0834
.0833
.0833
.0832
.0831
.0831
.083
.083
.0829
.0828
.0828
.0827
.0827
.0826
.0825
.0825
.0824
.0824
.0823
.0822
.0822
.0821
.082
.082
.0819
.0819
.0818
.0817
.0817
.0816
.0816
.0815
.0815
.0814
.0813
.0813
.0812
.0812
.0811
.081
.081
.0809
.0809
.0808
.0807
.0807
.0806
.0806
.0805
.0805
.0804
.0803
.0803
.0802
.0802
.0801
.08
.08
.0799
.0799
.0798
.0798
.0797
.0796
.0796
.0795
.0795
.0794
.0794
.0793
.0792
.0792
.0791
.0791
.079
.079
.0789
.0789
.0788
.0787
.0787
.0786
.0786
.0785
.0785
.0784
.0783
.0783
.0782
.0782
.0781
.0781
.078
.078
.0779
.0779
.0778
.0777
.0777
.0776
.0776
.0775
.0775
.0774
.0774
.0773
.0772
.0772
.0771
.0771
.077
.077
.0769
.0769
.0768
.0768
.0767
.0767
.0766
.0765
.0765
.0764
.0764
.0763
.0763
.0762
.0762
.0761
.0761
.076
.076
.0759
.0759
.0758
.0758
.0757
.0757
.0756
.0755
.0755
.0754
.0754
.0753
.0753
.0752
.0752
.0751
.0751
.075
.075
.0749
.0749
.0748
.0748
.0747
.0747
.0746
.0746
.0745
.0745
.0744
.0744
.0743
.0743
.0742
.0742
.0741
.0741
.074
.074
.0739
.0739
.0738
.0738
.0737
.0737
.0736
.0736
.0735
.0735
.0734
.0734
.0733
.0733
.0732
.0732
.0731
.0731
.073
.073
.0729
.0729
.0728
.0728
.0727
.0727
.0726
.0726
.0725
.0725
.0724
.0724
.0723
.0723
.0722
.0722
.0721
.0721
.072
.072
.0719
.0719
.0718
.0718
.0718
.0717
.0717
.0716
.0716
.0715
.0715
.0714
.0714
.0713
.0713
.0712
.0712
.0711
.0711
.071
.071
.0709
.0709
.0709
.0708
.0708
.0707
.0707
.0706
.0706
.0705
.0705
.0704
.0704
.0703
.0703
.0703
.0702
.0702
.0701
.0701
.07
.07
.0699
.0699
.0698
.0698
.0697
.0697
.0697
.0696
.0696
.0695
.0695
.0694
.0694
.0693
.0693
.0693
.0692
.0692
.0691
.0691
.069
.069
.0689
.0689
.0688
.0688
.0688
.0687
.0687
.0686
.0686
.0685
.0685
.0685
.0684
.0684
.0683
.0683
.0682
.0682
.0681
.0681
.0681
.068
.068
.0679
.0679
.0678
.0678
.0678
.0677
.0677
.0676
.0676
.0675
.0675
.0675
.0674
.0674
.0673
.0673
.0672
.0672
.0672
.0671
.0671
.067
.067
.0669
.0669
.0669
.0668
.0668
.0667
.0667
.0666
.0666
.0666
.0665
.0665
.0664
.0664
.0664
.0663
.0663
.0662
.0662
.0661
.0661
.0661
.066
.066
.0659
.0659
.0659
.0658
.0658
.0657
.0657
.0656
.0656
.0656
.0655
.0655
.0654
.0654
.0654
.0653
.0653
.0652
.0652
.0652
.0651
.0651
.065
.065
.065
.0649
.0649
.0648
.0648
.0648
.0647
.0647
.0646
.0646
.0646
.0645
.0645
.0644
.0644
.0644
.0643
.0643
.0642
.0642
.0642
.0641
.0641
.064
.064
.064
.0639
.0639
.0639
.0638
.0638
.0637
.0637
.0637
.0636
.0636
.0635
.0635
.0635
.0634
.0634
.0633
.0633
.0633
.0632
.0632
.0632
.0631
.0631
.063
.063
.063
.0629
.0629
.0629
.0628
.0628
.0627
.0627
.0627
.0626
.0626
.0625
.0625
.0625
.0624
.0624
.0624
.0623
.0623
.0622
.0622
.0622
.0621
.0621
.0621
.062
.062
.062
.0619
.0619
.0618
.0618
.0618
.0617
.0617
.0617
.0616
.0616
.0615
.0615
.0615
.0614
.0614
.0614
.0613
.0613
.0613
.0612
.0612
.0611
.0611
.0611
.061
.061
.061
.0609
.0609
.0609
.0608
.0608
.0608
.0607
.0607
.0606
.0606
.0606
.0605
.0605
.0605
.0604
.0604
.0604
.0603
.0603
.0603
.0602
.0602
.0601
.0601
.0601
.06
.06
.06
.0599
.0599
.0599
.0598
.0598
.0598
.0597
.0597
.0597
.0596
.0596
.0596
.0595
.0595
.0595
.0594
.0594
.0594
.0593
.0593
.0592
.0592
.0592
.0591
.0591
.0591
.059
.059
.059
.0589
.0589
.0589
.0588
.0588
.0588
.0587
.0587
.0587
.0586
.0586
.0586
.0585
.0585
.0585
.0584
.0584
.0584
.0583
.0583
.0583
.0582
.0582
.0582
.0581
.0581
.0581
.058
.058
.058
.0579
.0579
.0579
.0578
.0578
.0578
.0577
.0577
.0577
.0576
.0576
.0576
.0575
.0575
.0575
.0574
.0574
.0574
.0574
.0573
.0573
.0573
.0572
.0572
.0572
.0571
.0571
.0571
.057
.057
.057
.0569
.0569
.0569
.0568
.0568
.0568
.0567
.0567
.0567
.0566
.0566
.0566
.0566
.0565
.0565
.0565
.0564
.0564
.0564
.0563
.0563
.0563
.0562
.0562
.0562
.0561
.0561
.0561
.0561
.056
.056
.056
.0559
.0559
.0559
.0558
.0558
.0558
.0557
.0557
.0557
.0557
.0556
.0556
.0556
.0555
.0555
.0555
.0554
.0554
.0554
.0553
.0553
.0553
.0553
.0552
.0552
.0552
.0551
.0551
.0551
.055
.055
.055
.055
.0549
.0549
.0549
.0548
.0548
.0548
.0547
.0547
.0547
.0547
.0546
.0546
.0546
.0545
.0545
.0545
.0544
.0544
.0544
.0544
.0543
.0543
.0543
.0542
.0542
.0542
.0542
.0541
.0541
.0541
.054
.054
.054
.0539
.0539
.0539
.0539
.0538
.0538
.0538
.0537
.0537
.0537
.0537
.0536
.0536
.0536
.0535
.0535
.0535
.0535
.0534
.0534
.0534
.0533
.0533
.0533
.0533
.0532
.0532
.0532
.0531
.0531
.0531
.0531
.053
.053
.053
.0529
.0529
.0529
.0529
.0528
.0528
.0528
.0528
.0527
.0527
.0527
.0526
.0526
.0526
.0526
.0525
.0525
.0525
.0524
.0524
.0524
.0524
.0523
.0523
.0523
.0523
.0522
.0522
.0522
.0521
.0521
.0521
.0521
.052
.052
.052
.052
.0519
.0519
.0519
.0518
.0518
.0518
.0518
.0517
.0517
.0517
.0517
.0516
.0516
.0516
.0515
.0515
.0515
.0515
.0514
.0514
.0514
.0514
.0513
.0513
.0513
.0513
.0512
.0512
.0512
.0511
.0511
.0511
.0511
.051
.051
.051
.051
.0509
.0509
.0509
.0509
.0508
.0508
.0508
.0508
.0507
.0507
.0507
.0506
.0506
.0506
.0506
.0505
.0505
.0505
.0505
.0504
.0504
.0504
.0504
.0503
.0503
.0503
.0503
.0502
.0502
.0502
.0502
.0501
.0501
.0501
.0501
.05
.05
.05
