.6256
.6213
.617
.6128
.6085
.6043
.6002
.596
.5919
.5879
.5839
.58
.5762
.5725
.5688
.5653
.5619
.5585
.5553
.5522
.5493
.5464
.5437
.5411
.5387
.5363
.5341
.5321
.5301
.5283
.5266
.525
.5236
.5222
.5209
.5198
.5187
.5177
.5168
.5159
.5151
.5144
.5138
.5132
.5127
.5122
.5117
.5113
.5109
.5106
.5103
.51
.5097
.5095
.5093
.5091
.5089
.5087
.5086
.5084
.5083
.5082
.5081
.508
.5079
.5078
.5077
.5076
.5075
.5074
.5074
.5073
.5072
.5072
.5071
.507
.507
.5069
.5068
.5068
.5067
.5067
.5066
.5065
.5065
.5064
.5063
.5063
.5062
.5062
.5061
.506
.506
.5059
.5059
.5058
.5057
.5057
.5056
.5055
.5055
.5054
.5054
.5053
.5052
.5052
.5051
.505
.5049
.5049
.5048
.5047
.5047
.5046
.5045
.5045
.5044
.5043
.5042
.5042
.5041
.504
.504
.5039
.5038
.5037
.5037
.5036
.5035
.5034
.5033
.5033
.5032
.5031
.503
.5029
.5029
.5028
.5027
.5026
.5025
.5025
.5024
.5023
.5022
.5021
.502
.5019
.5019
.5018
.5017
.5016
.5015
.5014
.5013
.5012
.5011
.5011
.501
.5009
.5008
.5007
.5006
.5005
.5004
.5003
.5002
.5001
.5
.4999
.4998
.4997
.4996
.4995
.4994
.4993
.4992
.4991
.499
.4989
.4988
.4987
.4986
.4985
.4984
.4983
.4982
.4981
.498
.4979
.4978
.4976
.4975
.4974
.4973
.4972
.4971
.497
.4969
.4968
.4966
.4965
.4964
.4963
.4962
.4961
.4959
.4958
.4957
.4956
.4955
.4953
.4952
.4951
.495
.4948
.4947
.4946
.4945
.4943
.4942
.4941
.494
.4938
.4937
.4936
.4934
.4933
.4932
.493
.4929
.4928
.4926
.4925
.4924
.4922
.4921
.4919
.4918
.4917
.4915
.4914
.4912
.4911
.491
.4908
.4907
.4905
.4904
.4902
.4901
.4899
.4898
.4896
.4895
.4893
.4892
.489
.4889
.4887
.4886
.4884
.4883
.4881
.4879
.4878
.4876
.4875
.4873
.4871
.487
.4868
.4867
.4865
.4863
.4862
.486
.4858
.4857
.4855
.4853
.4851
.485
.4848
.4846
.4845
.4843
.4841
.4839
.4838
.4836
.4834
.4832
.483
.4829
.4827
.4825
.4823
.4821
.4819
.4818
.4816
.4814
.4812
.481
.4808
.4806
.4804
.4803
.4801
.4799
.4797
.4795
.4793
.4791
.4789
.4787
.4785
.4783
.4781
.4779
.4777
.4775
.4773
.4771
.4769
.4767
.4765
.4763
.4761
.4759
.4756
.4754
.4752
.475
.4748
.4746
.4744
.4742
.4739
.4737
.4735
.4733
.4731
.4729
.4726
.4724
.4722
.472
.4717
.4715
.4713
.4711
.4708
.4706
.4704
.4702
.4699
.4697
.4695
.4692
.469
.4688
.4685
.4683
.4681
.4678
.4676
.4674
.4671
.4669
.4666
.4664
.4662
.4659
.4657
.4654
.4652
.465
.4647
.4645
.4642
.464
.4637
.4635
.4632
.463
.4627
.4625
.4622
.462
.4617
.4614
.4612
.4609
.4607
.4604
.4602
.4599
.4596
.4594
.4591
.4589
.4586
.4583
.4581
.4578
.4575
.4573
.457
.4567
.4565
.4562
.4559
.4557
.4554
.4551
.4549
.4546
.4543
.454
.4538
.4535
.4532
.4529
.4527
.4524
.4521
.4518
.4515
.4513
.451
.4507
.4504
.4501
.4499
.4496
.4493
.449
.4487
.4484
.4481
.4479
.4476
.4473
.447
.4467
.4464
.4461
.4458
.4455
.4452
.445
.4447
.4444
.4441
.4438
.4435
.4432
.4429
.4426
.4423
.442
.4417
.4414
.4411
.4408
.4405
.4402
.4399
.4396
.4393
.439
.4387
.4384
.4381
.4378
.4375
.4372
.4369
.4366
.4363
.4359
.4356
.4353
.435
.4347
.4344
.4341
.4338
.4335
.4332
.4329
.4325
.4322
.4319
.4316
.4313
.431
.4307
.4304
.43
.4297
.4294
.4291
.4288
.4285
.4281
.4278
.4275
.4272
.4269
.4266
.4262
.4259
.4256
.4253
.425
.4246
.4243
.424
.4237
.4234
.423
.4227
.4224
.4221
.4217
.4214
.4211
.4208
.4205
.4201
.4198
.4195
.4192
.4188
.4185
.4182
.4179
.4175
.4172
.4169
.4165
.4162
.4159
.4156
.4152
.4149
.4146
.4143
.4139
.4136
.4133
.4129
.4126
.4123
.412
.4116
.4113
.411
.4106
.4103
.41
.4096
.4093
.409
.4087
.4083
.408
.4077
.4073
.407
.4067
.4063
.406
.4057
.4053
.405
.4047
.4043
.404
.4037
.4033
.403
.4027
.4023
.402
.4017
.4013
.401
.4007
.4003
.4
.3997
.3993
.399
.3987
.3983
.398
.3977
.3973
.397
.3967
.3963
.396
.3957
.3953
.395
.3947
.3943
.394
.3936
.3933
.393
.3926
.3923
.392
.3916
.3913
.391
.3906
.3903
.39
.3896
.3893
.389
.3886
.3883
.3879
.3876
.3873
.3869
.3866
.3863
.3859
.3856
.3853
.3849
.3846
.3843
.3839
.3836
.3833
.3829
.3826
.3822
.3819
.3816
.3812
.3809
.3806
.3802
.3799
.3796
.3792
.3789
.3786
.3782
.3779
.3776
.3772
.3769
.3766
.3762
.3759
.3756
.3752
.3749
.3746
.3742
.3739
.3735
.3732
.3729
.3725
.3722
.3719
.3715
.3712
.3709
.3705
.3702
.3699
.3695
.3692
.3689
.3685
.3682
.3679
.3675
.3672
.3669
.3665
.3662
.3659
.3656
.3652
.3649
.3646
.3642
.3639
.3636
.3632
.3629
.3626
.3622
.3619
.3616
.3612
.3609
.3606
.3602
.3599
.3596
.3593
.3589
.3586
.3583
.3579
.3576
.3573
.3569
.3566
.3563
.356
.3556
.3553
.355
.3546
.3543
.354
.3536
.3533
.353
.3527
.3523
.352
.3517
.3514
.351
.3507
.3504
.35
.3497
.3494
.3491
.3487
.3484
.3481
.3478
.3474
.3471
.3468
.3464
.3461
.3458
.3455
.3451
.3448
.3445
.3442
.3438
.3435
.3432
.3429
.3425
.3422
.3419
.3416
.3412
.3409
.3406
.3403
.34
.3396
.3393
.339
.3387
.3383
.338
.3377
.3374
.337
.3367
.3364
.3361
.3358
.3354
.3351
.3348
.3345
.3342
.3338
.3335
.3332
.3329
.3326
.3322
.3319
.3316
.3313
.331
.3306
.3303
.33
.3297
.3294
.329
.3287
.3284
.3281
.3278
.3275
.3271
.3268
.3265
.3262
.3259
.3256
.3252
.3249
.3246
.3243
.324
.3237
.3234
.323
.3227
.3224
.3221
.3218
.3215
.3212
.3208
.3205
.3202
.3199
.3196
.3193
.319
.3186
.3183
.318
.3177
.3174
.3171
.3168
.3165
.3162
.3158
.3155
.3152
.3149
.3146
.3143
.314
.3137
.3134
.3131
.3128
.3124
.3121
.3118
.3115
.3112
.3109
.3106
.3103
.31
.3097
.3094
.3091
.3088
.3085
.3082
.3079
.3075
.3072
.3069
.3066
.3063
.306
.3057
.3054
.3051
.3048
.3045
.3042
.3039
.3036
.3033
.303
.3027
.3024
.3021
.3018
.3015
.3012
.3009
.3006
.3003
.3
.2997
.2994
.2991
.2988
.2985
.2982
.2979
.2976
.2973
.297
.2967
.2964
.2961
.2958
.2955
.2953
.295
.2947
.2944
.2941
.2938
.2935
.2932
.2929
.2926
.2923
.292
.2917
.2914
.2911
.2909
.2906
.2903
.29
.2897
.2894
.2891
.2888
.2885
.2882
.288
.2877
.2874
.2871
.2868
.2865
.2862
.2859
.2857
.2854
.2851
.2848
.2845
.2842
.2839
.2837
.2834
.2831
.2828
.2825
.2822
.282
.2817
.2814
.2811
.2808
.2805
.2803
.28
.2797
.2794
.2791
.2789
.2786
.2783
.278
.2777
.2775
.2772
.2769
.2766
.2763
.2761
.2758
.2755
.2752
.275
.2747
.2744
.2741
.2739
.2736
.2733
.273
.2728
.2725
.2722
.2719
.2717
.2714
.2711
.2708
.2706
.2703
.27
.2698
.2695
.2692
.2689
.2687
.2684
.2681
.2679
.2676
.2673
.2671
.2668
.2665
.2663
.266
.2657
.2655
.2652
.2649
.2647
.2644
.2641
.2639
.2636
.2633
.2631
.2628
.2625
.2623
.262
.2618
.2615
.2612
.261
.2607
.2604
.2602
.2599
.2597
.2594
.2591
.2589
.2586
.2584
.2581
.2578
.2576
.2573
.2571
.2568
.2566
.2563
.256
.2558
.2555
.2553
.255
.2548
.2545
.2543
.254
.2537
.2535
.2532
.253
.2527
.2525
.2522
.252
.2517
.2515
.2512
.251
.2507
.2505
.2502
.25
.2497
.2495
.2492
.249
.2487
.2485
.2482
.248
.2477
.2475
.2472
.247
.2467
.2465
.2463
.246
.2458
.2455
.2453
.245
.2448
.2445
.2443
.2441
.2438
.2436
.2433
.2431
.2428
.2426
.2424
.2421
.2419
.2416
.2414
.2412
.2409
.2407
.2404
.2402
.24
.2397
.2395
.2393
.239
.2388
.2385
.2383
.2381
.2378
.2376
.2374
.2371
.2369
.2367
.2364
.2362
.236
.2357
.2355
.2353
.235
.2348
.2346
.2343
.2341
.2339
.2336
.2334
.2332
.2329
.2327
.2325
.2322
.232
.2318
.2316
.2313
.2311
.2309
.2306
.2304
.2302
.23
.2297
.2295
.2293
.2291
.2288
.2286
.2284
.2282
.2279
.2277
.2275
.2273
.227
.2268
.2266
.2264
.2262
.2259
.2257
.2255
.2253
.225
.2248
.2246
.2244
.2242
.2239
.2237
.2235
.2233
.2231
.2228
.2226
.2224
.2222
.222
.2218
.2215
.2213
.2211
.2209
.2207
.2205
.2202
.22
.2198
.2196
.2194
.2192
.219
.2187
.2185
.2183
.2181
.2179
.2177
.2175
.2173
.217
.2168
.2166
.2164
.2162
.216
.2158
.2156
.2154
.2152
.2149
.2147
.2145
.2143
.2141
.2139
.2137
.2135
.2133
.2131
.2129
.2127
.2125
.2123
.2121
.2118
.2116
.2114
.2112
.211
.2108
.2106
.2104
.2102
.21
.2098
.2096
.2094
.2092
.209
.2088
.2086
.2084
.2082
.208
.2078
.2076
.2074
.2072
.207
.2068
.2066
.2064
.2062
.206
.2058
.2056
.2054
.2052
.205
.2048
.2046
.2044
.2042
.204
.2038
.2036
.2035
.2033
.2031
.2029
.2027
.2025
.2023
.2021
.2019
.2017
.2015
.2013
.2011
.2009
.2007
.2006
.2004
.2002
.2
.1998
.1996
.1994
.1992
.199
.1988
.1987
.1985
.1983
.1981
.1979
.1977
.1975
.1973
.1972
.197
.1968
.1966
.1964
.1962
.196
.1958
.1957
.1955
.1953
.1951
.1949
.1947
.1946
.1944
.1942
.194
.1938
.1936
.1935
.1933
.1931
.1929
.1927
.1925
.1924
.1922
.192
.1918
.1916
.1915
.1913
.1911
.1909
.1907
.1906
.1904
.1902
.19
.1899
.1897
.1895
.1893
.1891
.189
.1888
.1886
.1884
.1883
.1881
.1879
.1877
.1876
.1874
.1872
.187
.1869
.1867
.1865
.1863
.1862
.186
.1858
.1856
.1855
.1853
.1851
.185
.1848
.1846
.1844
.1843
.1841
.1839
.1838
.1836
.1834
.1832
.1831
.1829
.1827
.1826
.1824
.1822
.1821
.1819
.1817
.1816
.1814
.1812
.1811
.1809
.1807
.1806
.1804
.1802
.1801
.1799
.1797
.1796
.1794
.1792
.1791
.1789
.1787
.1786
.1784
.1782
.1781
.1779
.1778
.1776
.1774
.1773
.1771
.1769
.1768
.1766
.1765
.1763
.1761
.176
.1758
.1756
.1755
.1753
.1752
.175
.1748
.1747
.1745
.1744
.1742
.1741
.1739
.1737
.1736
.1734
.1733
.1731
.1729
.1728
.1726
.1725
.1723
.1722
.172
.1719
.1717
.1715
.1714
.1712
.1711
.1709
.1708
.1706
.1705
.1703
.1702
.17
.1698
.1697
.1695
.1694
.1692
.1691
.1689
.1688
.1686
.1685
.1683
.1682
.168
.1679
.1677
.1676
.1674
.1673
.1671
.167
.1668
.1667
.1665
.1664
.1662
.1661
.1659
.1658
.1656
.1655
.1653
.1652
.165
.1649
.1647
.1646
.1644
.1643
.1642
.164
.1639
.1637
.1636
.1634
.1633
.1631
.163
.1628
.1627
.1626
.1624
.1623
.1621
.162
.1618
.1617
.1615
.1614
.1613
.1611
.161
.1608
.1607
.1605
.1604
.1603
.1601
.16
.1598
.1597
.1596
.1594
.1593
.1591
.159
.1589
.1587
.1586
.1584
.1583
.1582
.158
.1579
.1577
.1576
.1575
.1573
.1572
.157
.1569
.1568
.1566
.1565
.1564
.1562
.1561
.156
.1558
.1557
.1555
.1554
.1553
.1551
.155
.1549
.1547
.1546
.1545
.1543
.1542
.1541
.1539
.1538
.1537
.1535
.1534
.1533
.1531
.153
.1529
.1527
.1526
.1525
.1523
.1522
.1521
.1519
.1518
.1517
.1515
.1514
.1513
.1511
.151
.1509
.1508
.1506
.1505
.1504
.1502
.1501
.15
.1498
.1497
.1496
.1495
.1493
.1492
.1491
.1489
.1488
.1487
.1486
.1484
.1483
.1482
.148
.1479
.1478
.1477
.1475
.1474
.1473
.1472
.147
.1469
.1468
.1467
.1465
.1464
.1463
.1462
.146
.1459
.1458
.1457
.1455
.1454
.1453
.1452
.145
.1449
.1448
.1447
.1445
.1444
.1443
.1442
.1441
.1439
.1438
.1437
.1436
.1434
.1433
.1432
.1431
.143
.1428
.1427
.1426
.1425
.1424
.1422
.1421
.142
.1419
.1418
.1416
.1415
.1414
.1413
.1412
.141
.1409
.1408
.1407
.1406
.1404
.1403
.1402
.1401
.14
.1399
.1397
.1396
.1395
.1394
.1393
.1391
.139
.1389
.1388
.1387
.1386
.1384
.1383
.1382
.1381
.138
.1379
.1378
.1376
.1375
.1374
.1373
.1372
.1371
.1369
.1368
.1367
.1366
.1365
.1364
.1363
.1362
.136
.1359
.1358
.1357
.1356
.1355
.1354
.1352
.1351
.135
.1349
.1348
.1347
.1346
.1345
.1344
.1342
.1341
.134
.1339
.1338
.1337
.1336
.1335
.1334
.1332
.1331
.133
.1329
.1328
.1327
.1326
.1325
.1324
.1323
.1321
.132
.1319
.1318
.1317
.1316
.1315
.1314
.1313
.1312
.1311
.131
.1308
.1307
.1306
.1305
.1304
.1303
.1302
.1301
.13
.1299
.1298
.1297
.1296
.1295
.1293
.1292
.1291
.129
.1289
.1288
.1287
.1286
.1285
.1284
.1283
.1282
.1281
.128
.1279
.1278
.1277
.1276
.1275
.1273
.1272
.1271
.127
.1269
.1268
.1267
.1266
.1265
.1264
.1263
.1262
.1261
.126
.1259
.1258
.1257
.1256
.1255
.1254
.1253
.1252
.1251
.125
.1249
.1248
.1247
.1246
.1245
.1244
.1243
.1242
.1241
.124
.1239
.1238
.1237
.1236
.1235
.1234
.1233
.1232
.1231
.123
.1229
.1228
.1227
.1226
.1225
.1224
.1223
.1222
.1221
.122
.1219
.1218
.1217
.1216
.1215
.1214
.1213
.1212
.1211
.121
.1209
.1208
.1207
.1206
.1205
.1204
.1203
.1202
.1201
.12
.1199
.1198
.1197
.1196
.1196
.1195
.1194
.1193
.1192
.1191
.119
.1189
.1188
.1187
.1186
.1185
.1184
.1183
.1182
.1181
.118
.1179
.1178
.1177
.1177
.1176
.1175
.1174
.1173
.1172
.1171
.117
.1169
.1168
.1167
.1166
.1165
.1164
.1163
.1162
.1162
.1161
.116
.1159
.1158
.1157
.1156
.1155
.1154
.1153
.1152
.1151
.115
.115
.1149
.1148
.1147
.1146
.1145
.1144
.1143
.1142
.1141
.114
.114
.1139
.1138
.1137
.1136
.1135
.1134
.1133
.1132
.1131
.1131
.113
.1129
.1128
.1127
.1126
.1125
.1124
.1123
.1122
.1122
.1121
.112
.1119
.1118
.1117
.1116
.1115
.1114
.1114
.1113
.1112
.1111
.111
.1109
.1108
.1107
.1107
.1106
.1105
.1104
.1103
.1102
.1101
.11
.11
.1099
.1098
.1097
.1096
.1095
.1094
.1094
.1093
.1092
.1091
.109
.1089
.1088
.1087
.1087
.1086
.1085
.1084
.1083
.1082
.1082
.1081
.108
.1079
.1078
.1077
.1076
.1076
.1075
.1074
.1073
.1072
.1071
.107
.107
.1069
.1068
.1067
.1066
.1065
.1065
.1064
.1063
.1062
.1061
.106
.106
.1059
.1058
.1057
.1056
.1055
.1055
.1054
.1053
.1052
.1051
.105
.105
.1049
.1048
.1047
.1046
.1045
.1045
.1044
.1043
.1042
.1041
.1041
.104
.1039
.1038
.1037
.1036
.1036
.1035
.1034
.1033
.1032
.1032
.1031
.103
.1029
.1028
.1028
.1027
.1026
.1025
.1024
.1024
.1023
.1022
.1021
.102
.102
.1019
.1018
.1017
.1016
.1016
.1015
.1014
.1013
.1012
.1012
.1011
.101
.1009
.1008
.1008
.1007
.1006
.1005
.1004
.1004
.1003
.1002
.1001
.1
.1
.0999
.0998
.0997
.0997
.0996
.0995
.0994
.0993
.0993
.0992
.0991
.099
.099
.0989
.0988
.0987
.0986
.0986
.0985
.0984
.0983
.0983
.0982
.0981
.098
.0979
.0979
.0978
.0977
.0976
.0976
.0975
.0974
.0973
.0973
.0972
.0971
.097
.097
.0969
.0968
.0967
.0966
.0966
.0965
.0964
.0963
.0963
.0962
.0961
.096
.096
.0959
.0958
.0957
.0957
.0956
.0955
.0954
.0954
.0953
.0952
.0951
.0951
.095
.0949
.0948
.0948
.0947
.0946
.0945
.0945
.0944
.0943
.0943
.0942
.0941
.094
.094
.0939
.0938
.0937
.0937
.0936
.0935
.0934
.0934
.0933
.0932
.0931
.0931
.093
.0929
.0929
.0928
.0927
.0926
.0926
.0925
.0924
.0923
.0923
.0922
.0921
.0921
.092
.0919
.0918
.0918
.0917
.0916
.0915
.0915
.0914
.0913
.0913
.0912
.0911
.091
.091
.0909
.0908
.0908
.0907
.0906
.0905
.0905
.0904
.0903
.0903
.0902
.0901
.09
.09
.0899
.0898
.0898
.0897
.0896
.0895
.0895
.0894
.0893
.0893
.0892
.0891
.0891
.089
.0889
.0888
.0888
.0887
.0886
.0886
.0885
.0884
.0884
.0883
.0882
.0881
.0881
.088
.0879
.0879
.0878
.0877
.0877
.0876
.0875
.0874
.0874
.0873
.0872
.0872
.0871
.087
.087
.0869
.0868
.0868
.0867
.0866
.0866
.0865
.0864
.0863
.0863
.0862
.0861
.0861
.086
.0859
.0859
.0858
.0857
.0857
.0856
.0855
.0855
.0854
.0853
.0853
.0852
.0851
.0851
.085
.0849
.0849
.0848
.0847
.0846
.0846
.0845
.0844
.0844
.0843
.0842
.0842
.0841
.084
.084
.0839
.0838
.0838
.0837
.0836
.0836
.0835
.0834
.0834
.0833
.0832
.0832
.0831
.083
.083
.0829
.0828
.0828
.0827
.0826
.0826
.0825
.0825
.0824
.0823
.0823
.0822
.0821
.0821
.082
.0819
.0819
.0818
.0817
.0817
.0816
.0815
.0815
.0814
.0813
.0813
.0812
.0811
.0811
.081
.0809
.0809
.0808
.0808
.0807
.0806
.0806
.0805
.0804
.0804
.0803
.0802
.0802
.0801
.08
.08
.0799
.0799
.0798
.0797
.0797
.0796
.0795
.0795
.0794
.0793
.0793
.0792
.0791
.0791
.079
.079
.0789
.0788
.0788
.0787
.0786
.0786
.0785
.0785
.0784
.0783
.0783
.0782
.0781
.0781
.078
.0779
.0779
.0778
.0778
.0777
.0776
.0776
.0775
.0774
.0774
.0773
.0773
.0772
.0771
.0771
.077
.0769
.0769
.0768
.0768
.0767
.0766
.0766
.0765
.0765
.0764
.0763
.0763
.0762
.0761
.0761
.076
.076
.0759
.0758
.0758
.0757
.0757
.0756
.0755
.0755
.0754
.0753
.0753
.0752
.0752
.0751
.075
.075
.0749
.0749
.0748
.0747
.0747
.0746
.0746
.0745
.0744
.0744
.0743
.0743
.0742
.0741
.0741
.074
.0739
.0739
.0738
.0738
.0737
.0736
.0736
.0735
.0735
.0734
.0734
.0733
.0732
.0732
.0731
.0731
.073
.0729
.0729
.0728
.0728
.0727
.0726
.0726
.0725
.0725
.0724
.0723
.0723
.0722
.0722
.0721
.072
.072
.0719
.0719
.0718
.0718
.0717
.0716
.0716
.0715
.0715
.0714
.0713
.0713
.0712
.0712
.0711
.0711
.071
.0709
.0709
.0708
.0708
.0707
.0706
.0706
.0705
.0705
.0704
.0704
.0703
.0702
.0702
.0701
.0701
.07
.07
.0699
.0698
.0698
.0697
.0697
.0696
.0696
.0695
.0694
.0694
.0693
.0693
.0692
.0692
.0691
.069
.069
.0689
.0689
.0688
.0688
.0687
.0686
.0686
.0685
.0685
.0684
.0684
.0683
.0683
.0682
.0681
.0681
.068
.068
.0679
.0679
.0678
.0677
.0677
.0676
.0676
.0675
.0675
.0674
.0674
.0673
.0672
.0672
.0671
.0671
.067
.067
.0669
.0669
.0668
.0668
.0667
.0666
.0666
.0665
.0665
.0664
.0664
.0663
.0663
.0662
.0662
.0661
.066
.066
.0659
.0659
.0658
.0658
.0657
.0657
.0656
.0656
.0655
.0654
.0654
.0653
.0653
.0652
.0652
.0651
.0651
.065
.065
.0649
.0649
.0648
.0647
.0647
.0646
.0646
.0645
.0645
.0644
.0644
.0643
.0643
.0642
.0642
.0641
.0641
.064
.064
.0639
.0638
.0638
.0637
.0637
.0636
.0636
.0635
.0635
.0634
.0634
.0633
.0633
.0632
.0632
.0631
.0631
.063
.063
.0629
.0629
.0628
.0627
.0627
.0626
.0626
.0625
.0625
.0624
.0624
.0623
.0623
.0622
.0622
.0621
.0621
.062
.062
.0619
.0619
.0618
.0618
.0617
.0617
.0616
.0616
.0615
.0615
.0614
.0614
.0613
.0613
.0612
.0612
.0611
.0611
.061
.061
.0609
.0609
.0608
.0608
.0607
.0607
.0606
.0606
.0605
.0605
.0604
.0604
.0603
.0603
.0602
.0602
.0601
.0601
.06
.06
.0599
.0599
.0598
.0598
.0597
.0597
.0596
.0596
.0595
.0595
.0594
.0594
.0593
.0593
.0592
.0592
.0591
.0591
.059
.059
.0589
.0589
.0588
.0588
.0587
.0587
.0586
.0586
.0586
.0585
.0585
.0584
.0584
.0583
.0583
.0582
.0582
.0581
.0581
.058
.058
.0579
.0579
.0578
.0578
.0577
.0577
.0576
.0576
.0576
.0575
.0575
.0574
.0574
.0573
.0573
.0572
.0572
.0571
.0571
.057
.057
.0569
.0569
.0568
.0568
.0568
.0567
.0567
.0566
.0566
.0565
.0565
.0564
.0564
.0563
.0563
.0562
.0562
.0562
.0561
.0561
.056
.056
.0559
.0559
.0558
.0558
.0557
.0557
.0557
.0556
.0556
.0555
.0555
.0554
.0554
.0553
.0553
.0552
.0552
.0552
.0551
.0551
.055
.055
.0549
.0549
.0548
.0548
.0548
.0547
.0547
.0546
.0546
.0545
.0545
.0544
.0544
.0544
.0543
.0543
.0542
.0542
.0541
.0541
.054
.054
.054
.0539
.0539
.0538
.0538
.0537
.0537
.0537
.0536
.0536
.0535
.0535
.0534
.0534
.0534
.0533
.0533
.0532
.0532
.0531
.0531
.0531
.053
.053
.0529
.0529
.0528
.0528
.0528
.0527
.0527
.0526
.0526
.0525
.0525
.0525
.0524
.0524
.0523
.0523
.0523
.0522
.0522
.0521
.0521
.052
.052
.052
.0519
.0519
.0518
.0518
.0518
.0517
.0517
.0516
.0516
.0515
.0515
.0515
.0514
.0514
.0513
.0513
.0513
.0512
.0512
.0511
.0511
.0511
.051
.051
.0509
.0509
.0509
.0508
.0508
.0507
.0507
.0507
.0506
.0506
.0505
.0505
.0504
.0504
.0504
.0503
.0503
.0503
.0502
.0502
.0501
.0501
.0501
.05
.05
